ecsv/stars7/stars7_2025-04.ecsv
# %ECSV 1.0
# ---
# datatype:
# - {name: time, datatype: string}
# - {name: Enclosure Temperature, unit: deg_C, datatype: float64}
# - {name: Sky Temperature, unit: deg_C, datatype: float64}
# - {name: Frequency, unit: Hz, datatype: float64}
# - {name: MSAS, unit: mag / arcsec2, datatype: float64}
# - {name: ZP, datatype: float64}
# - {name: Sequence Number, datatype: int64}
# - {name: Sun Alt, unit: deg, datatype: float64}
# - {name: Moon Alt, unit: deg, datatype: float64}
# - {name: Moon Illumination, datatype: float64}
# delimiter: ','
# meta: !!omap
# - ida:
#     Data supplier: {affiliation: null, observer: Fernando Jauregui}
#     Device type: TESS-W
#     Field of view: 17.0
#     Filters per channel: None
#     Instrument ID: stars7
#     License: ODbL 1.0 http://opendatacommons.org/licenses/odbl/summary/
#     Local timezone: Europe/Madrid
#     Location name: {country: Spain, place: Pamplona Centro, region: Navarre, sub_region: Navarre, town: Pamplona}
#     Measurement direction per channel: {azimuth: 0.0, zenital: 0.0}
#     Moving / Fixed look direction: FIXED
#     Moving / Stationary position: STATIONARY
#     Number of channels: 1
#     Number of fields per line: 8
#     Number of header lines: 35
#     Position: {height: 0.0, latitude: 42.81732, longitude: -1.64543}
#     TESS MAC address: 5C:CF:7F:82:8D:7B
#     TESS cover offset value: 0.0
#     TESS firmware version: '1.0'
#     TESS zero point: 20.5
#     Time Synchronization: timestamp added by MQTT subscriber
#     URL: http://www.darksky.org/NSBM/sdf1.0.pdf
# - __serialized_columns__:
#     Enclosure Temperature:
#       __class__: astropy.units.quantity.Quantity
#       unit: &id001 !astropy.units.Unit {unit: deg_C}
#       value: !astropy.table.SerializedColumn {name: Enclosure Temperature}
#     Frequency:
#       __class__: astropy.units.quantity.Quantity
#       unit: !astropy.units.Unit {unit: Hz}
#       value: !astropy.table.SerializedColumn {name: Frequency}
#     MSAS:
#       __class__: astropy.units.quantity.Quantity
#       unit: !astropy.units.Unit {unit: mag / arcsec2}
#       value: !astropy.table.SerializedColumn {name: MSAS}
#     Moon Alt:
#       __class__: astropy.units.quantity.Quantity
#       unit: &id002 !astropy.units.Unit {unit: deg}
#       value: !astropy.table.SerializedColumn {name: Moon Alt}
#     Sky Temperature:
#       __class__: astropy.units.quantity.Quantity
#       unit: *id001
#       value: !astropy.table.SerializedColumn {name: Sky Temperature}
#     Sun Alt:
#       __class__: astropy.units.quantity.Quantity
#       unit: *id002
#       value: !astropy.table.SerializedColumn {name: Sun Alt}
#     time:
#       __class__: astropy.time.core.Time
#       format: isot
#       in_subfmt: '*'
#       out_subfmt: '*'
#       precision: 3
#       scale: utc
#       value: !astropy.table.SerializedColumn {name: time}
# schema: astropy-2.0
time,Enclosure Temperature,Sky Temperature,Frequency,MSAS,ZP,Sequence Number,Sun Alt,Moon Alt,Moon Illumination
[from data line 8973]
2025-04-14T01:54:16.000,10.79,-9.53,5.3,18.69,20.5,6209,-32.28,28.0,0.989
2025-04-14T01:55:16.000,10.76,-9.67,5.23,18.7,20.5,6210,-32.18,28.0,0.989
2025-04-14T01:56:16.000,10.68,-9.85,5.34,18.68,20.5,6211,-32.08,28.0,0.989
2025-04-14T01:57:17.000,10.64,-9.74,5.34,18.68,20.5,6212,-31.98,28.0,0.989
2025-04-14T01:58:17.000,10.6,-9.79,5.37,18.68,20.5,6213,-31.88,28.0,0.989
2025-04-14T01:59:17.000,10.56,-9.79,5.37,18.68,20.5,6214,-31.78,27.0,0.989
2025-04-14T02:00:17.000,10.54,-9.69,5.31,18.69,20.5,6215,-31.68,27.0,0.989
2025-04-14T02:01:17.000,10.52,-9.72,5.34,18.68,20.5,6216,-31.58,27.0,0.989
2025-04-14T02:02:17.000,10.51,-9.69,5.33,18.68,20.5,6217,-31.48,27.0,0.989
2025-04-14T02:03:17.000,10.5,-9.7,5.32,18.69,20.5,6218,-31.38,27.0,0.989
2025-04-14T02:04:17.000,10.5,-9.57,5.31,18.69,20.5,6219,-31.27,27.0,0.989
2025-04-14T02:05:17.000,10.5,-9.71,5.29,18.69,20.5,6220,-31.17,27.0,0.989
2025-04-14T02:06:17.000,10.49,-9.69,5.28,18.69,20.5,6221,-31.06,27.0,0.989
2025-04-14T02:07:17.000,10.48,-9.69,5.26,18.7,20.5,6222,-30.96,27.0,0.989
2025-04-14T02:08:17.000,10.48,-9.67,5.24,18.7,20.5,6223,-30.85,27.0,0.989
2025-04-14T02:09:17.000,10.46,-9.72,5.22,18.71,20.5,6224,-30.74,27.0,0.989
2025-04-14T02:10:17.000,10.44,-9.75,5.2,18.71,20.5,6225,-30.64,27.0,0.989
2025-04-14T02:11:17.000,10.41,-9.86,5.22,18.71,20.5,6226,-30.53,27.0,0.989
2025-04-14T02:12:17.000,10.34,-10.02,5.18,18.71,20.5,6227,-30.42,27.0,0.989
2025-04-14T02:13:18.000,10.3,-9.96,5.18,18.71,20.5,6228,-30.31,27.0,0.989
2025-04-14T02:14:18.000,10.28,-9.87,5.21,18.71,20.5,6229,-30.2,26.0,0.989
2025-04-14T02:15:18.000,10.29,-9.9,5.21,18.71,20.5,6230,-30.09,26.0,0.989
2025-04-14T02:16:18.000,10.25,-9.93,5.21,18.71,20.5,6231,-29.97,26.0,0.989
2025-04-14T02:17:18.000,10.23,-9.95,5.22,18.71,20.5,6232,-29.86,26.0,0.989
2025-04-14T02:18:18.000,10.22,-9.9,5.2,18.71,20.5,6233,-29.75,26.0,0.989
2025-04-14T02:19:18.000,10.2,-10.04,5.21,18.71,20.5,6234,-29.64,26.0,0.989
2025-04-14T02:20:18.000,10.17,-10.08,5.25,18.7,20.5,6235,-29.52,26.0,0.989
2025-04-14T02:21:18.000,10.15,-10.06,5.28,18.69,20.5,6236,-29.41,26.0,0.989
2025-04-14T02:22:18.000,10.12,-10.05,5.29,18.69,20.5,6237,-29.29,26.0,0.989
2025-04-14T02:23:18.000,10.08,-10.16,5.3,18.69,20.5,6238,-29.17,26.0,0.989
2025-04-14T02:24:18.000,10.03,-10.2,5.34,18.68,20.5,6239,-29.06,26.0,0.989
2025-04-14T02:25:18.000,10.04,-10.14,5.31,18.69,20.5,6240,-28.94,26.0,0.989
2025-04-14T02:26:18.000,10.18,-10.1,5.29,18.69,20.5,6241,-28.82,25.0,0.989
2025-04-14T02:27:18.000,10.22,-10.08,5.27,18.7,20.5,6242,-28.7,25.0,0.989
2025-04-14T02:28:18.000,10.25,-9.98,5.29,18.69,20.5,6243,-28.58,25.0,0.989
2025-04-14T02:29:18.000,10.23,-10.02,5.34,18.68,20.5,6244,-28.47,25.0,0.989
2025-04-14T02:30:19.000,10.2,-10.14,5.31,18.69,20.5,6245,-28.34,25.0,0.989
2025-04-14T02:31:19.000,10.12,-10.27,5.3,18.69,20.5,6246,-28.22,25.0,0.989
2025-04-14T02:32:19.000,10.04,-10.25,5.37,18.68,20.5,6247,-28.1,25.0,0.989
2025-04-14T02:34:19.000,10.16,-10.13,5.36,18.68,20.5,6249,-27.86,25.0,0.989
2025-04-14T02:35:19.000,10.2,-10.22,5.37,18.68,20.5,6250,-27.73,25.0,0.989
2025-04-14T02:36:19.000,10.18,-10.23,5.49,18.65,20.5,6251,-27.61,25.0,0.989
2025-04-14T02:37:19.000,10.1,-10.41,5.51,18.65,20.5,6252,-27.48,25.0,0.989
2025-04-14T02:38:19.000,10.02,-10.38,5.49,18.65,20.5,6253,-27.36,24.0,0.989
2025-04-14T02:39:19.000,10.09,-10.42,5.48,18.65,20.5,6254,-27.23,24.0,0.989
2025-04-14T02:40:19.000,10.23,-10.32,5.51,18.65,20.5,6255,-27.11,24.0,0.989
2025-04-14T02:41:19.000,10.27,-10.23,5.48,18.65,20.5,6256,-26.98,24.0,0.989
2025-04-14T02:42:19.000,10.26,-10.23,5.41,18.67,20.5,6257,-26.85,24.0,0.989
2025-04-14T02:43:19.000,10.22,-10.12,5.45,18.66,20.5,6258,-26.73,24.0,0.988
2025-04-14T02:44:19.000,10.15,-10.24,5.48,18.65,20.5,6259,-26.6,24.0,0.988
2025-04-14T02:45:19.000,10.07,-10.22,5.47,18.66,20.5,6260,-26.47,24.0,0.988
2025-04-14T02:46:19.000,10.04,-10.21,5.48,18.65,20.5,6261,-26.34,24.0,0.988
2025-04-14T02:48:20.000,10.32,-10.19,5.49,18.65,20.5,6263,-26.08,24.0,0.988
2025-04-14T02:49:20.000,10.33,-10.22,5.46,18.66,20.5,6264,-25.95,23.0,0.988
2025-04-14T02:50:20.000,10.31,-10.07,5.42,18.67,20.5,6265,-25.81,23.0,0.988
2025-04-14T02:51:20.000,10.25,-10.07,5.43,18.66,20.5,6266,-25.68,23.0,0.988
2025-04-14T02:52:20.000,10.22,-10.07,5.33,18.68,20.5,6267,-25.55,23.0,0.988
2025-04-14T02:53:20.000,10.18,-9.94,5.32,18.69,20.5,6268,-25.42,23.0,0.988
2025-04-14T02:54:20.000,10.17,-9.92,5.36,18.68,20.5,6269,-25.28,23.0,0.988
2025-04-14T02:55:20.000,10.14,-9.98,5.32,18.69,20.5,6270,-25.15,23.0,0.988
2025-04-14T02:56:20.000,10.08,-9.92,5.29,18.69,20.5,6271,-25.02,23.0,0.988
2025-04-14T02:57:20.000,10.05,-10.01,5.31,18.69,20.5,6272,-24.88,23.0,0.988
2025-04-14T02:58:20.000,10.04,-9.9,5.31,18.69,20.5,6273,-24.75,23.0,0.988
2025-04-14T02:59:20.000,10.01,-10.22,5.27,18.7,20.5,6274,-24.61,22.0,0.988
2025-04-14T03:00:20.000,10.18,-10.44,5.27,18.7,20.5,6275,-24.47,22.0,0.988
2025-04-14T03:01:20.000,10.39,-10.3,5.24,18.7,20.5,6276,-24.34,22.0,0.988
2025-04-14T03:02:20.000,10.45,-10.24,5.24,18.7,20.5,6277,-24.2,22.0,0.988
2025-04-14T03:03:20.000,10.38,-10.3,5.26,18.7,20.5,6278,-24.06,22.0,0.988
2025-04-14T03:04:21.000,10.31,-10.13,5.3,18.69,20.5,6279,-23.92,22.0,0.988
2025-04-14T03:05:21.000,10.23,-10.06,5.32,18.69,20.5,6280,-23.78,22.0,0.988
2025-04-14T03:06:21.000,10.13,-10.17,5.28,18.69,20.5,6281,-23.64,22.0,0.988
2025-04-14T03:07:21.000,10.05,-10.04,5.33,18.68,20.5,6282,-23.5,22.0,0.988
2025-04-14T03:08:21.000,10.02,-10.29,5.38,18.67,20.5,6283,-23.36,21.0,0.988
2025-04-14T03:09:21.000,10.35,-10.42,5.34,18.68,20.5,6284,-23.22,21.0,0.988
2025-04-14T03:10:21.000,10.61,-10.15,5.3,18.69,20.5,6285,-23.08,21.0,0.988
2025-04-14T03:11:21.000,10.75,-9.84,5.25,18.7,20.5,6286,-22.94,21.0,0.988
2025-04-14T03:12:21.000,10.75,-9.96,5.22,18.71,20.5,6287,-22.8,21.0,0.988
2025-04-14T03:13:21.000,10.63,-10.21,5.24,18.7,20.5,6288,-22.65,21.0,0.988
2025-04-14T03:14:21.000,10.49,-9.99,5.26,18.7,20.5,6289,-22.51,21.0,0.988
2025-04-14T03:15:21.000,10.41,-9.89,5.25,18.7,20.5,6290,-22.37,21.0,0.988
2025-04-14T03:16:21.000,10.33,-9.95,5.23,18.71,20.5,6291,-22.22,21.0,0.988
2025-04-14T03:17:21.000,10.21,-10.07,5.21,18.71,20.5,6292,-22.08,20.0,0.988
2025-04-14T03:18:21.000,10.1,-10.11,5.18,18.71,20.5,6293,-21.93,20.0,0.988
2025-04-14T03:19:22.000,10.04,-9.82,5.16,18.72,20.5,6294,-21.79,20.0,0.988
2025-04-14T03:20:22.000,10.02,-9.88,5.13,18.72,20.5,6295,-21.64,20.0,0.988
2025-04-14T03:21:22.000,10.05,-10.06,5.12,18.73,20.5,6296,-21.5,20.0,0.988
2025-04-14T03:22:22.000,10.07,-9.94,5.1,18.73,20.5,6297,-21.35,20.0,0.988
2025-04-14T03:23:22.000,10.07,-9.97,5.06,18.74,20.5,6298,-21.2,20.0,0.988
2025-04-14T03:24:22.000,10.07,-9.81,5.04,18.74,20.5,6299,-21.06,20.0,0.988
2025-04-14T03:25:23.000,10.03,-10.03,5.05,18.74,20.5,6300,-20.91,20.0,0.988
2025-04-14T03:26:22.000,10.1,-9.86,5.05,18.74,20.5,6301,-20.76,19.0,0.988
2025-04-14T03:27:22.000,10.31,-10.02,5.03,18.75,20.5,6302,-20.61,19.0,0.988
2025-04-14T03:28:22.000,10.41,-9.79,5.01,18.75,20.5,6303,-20.46,19.0,0.988
2025-04-14T03:29:22.000,10.44,-9.82,4.99,18.75,20.5,6304,-20.31,19.0,0.988
2025-04-14T03:30:22.000,10.37,-9.8,4.98,18.76,20.5,6305,-20.16,19.0,0.988
2025-04-14T03:31:22.000,10.31,-9.92,4.98,18.76,20.5,6306,-20.01,19.0,0.988
2025-04-14T03:32:22.000,10.2,-10.0,4.99,18.75,20.5,6307,-19.86,19.0,0.988
2025-04-14T03:33:22.000,10.09,-10.13,5.0,18.75,20.5,6308,-19.71,19.0,0.988
2025-04-14T03:34:23.000,10.01,-10.22,5.0,18.75,20.5,6309,-19.56,18.0,0.988
2025-04-14T03:35:23.000,10.32,-10.12,4.99,18.76,20.5,6310,-19.41,18.0,0.988
2025-04-14T03:36:23.000,10.61,-9.89,4.99,18.76,20.5,6311,-19.26,18.0,0.988
2025-04-14T03:37:23.000,10.75,-9.78,4.99,18.75,20.5,6312,-19.1,18.0,0.988
2025-04-14T03:38:23.000,10.74,-9.95,4.99,18.76,20.5,6313,-18.95,18.0,0.988
2025-04-14T03:39:23.000,10.66,-9.86,4.99,18.75,20.5,6314,-18.8,18.0,0.988
2025-04-14T03:40:23.000,10.6,-9.82,4.99,18.75,20.5,6315,-18.65,18.0,0.988
2025-04-14T03:41:23.000,10.48,-9.92,4.98,18.76,20.5,6316,-18.49,18.0,0.988
2025-04-14T03:42:23.000,10.35,-9.99,4.97,18.76,20.5,6317,-18.34,17.0,0.988
2025-04-14T03:43:23.000,10.27,-9.82,4.97,18.76,20.5,6318,-18.18,17.0,0.988
2025-04-14T03:44:23.000,10.21,-9.74,5.02,18.75,20.5,6319,-18.03,17.0,0.988
2025-04-14T03:45:23.000,10.18,-9.6,5.16,18.72,20.5,6320,-17.87,17.0,0.988
2025-04-14T03:46:23.000,10.16,-9.65,5.35,18.68,20.5,6321,-17.72,17.0,0.988
2025-04-14T03:47:23.000,10.08,-9.8,5.4,18.67,20.5,6322,-17.56,17.0,0.988
2025-04-14T03:48:23.000,10.04,-9.69,5.1,18.73,20.5,6323,-17.41,17.0,0.988
2025-04-14T03:49:23.000,10.04,-9.54,4.94,18.77,20.5,6324,-17.25,17.0,0.988
2025-04-14T03:50:24.000,10.03,-9.84,4.88,18.78,20.5,6325,-17.09,16.0,0.988
2025-04-14T03:51:24.000,10.04,-9.92,4.87,18.78,20.5,6326,-16.93,16.0,0.988
2025-04-14T03:52:24.000,10.18,-9.94,4.9,18.78,20.5,6327,-16.78,16.0,0.988
2025-04-14T03:53:24.000,10.22,-9.97,4.94,18.77,20.5,6328,-16.62,16.0,0.988
2025-04-14T03:54:24.000,10.22,-10.07,5.0,18.75,20.5,6329,-16.46,16.0,0.987
2025-04-14T03:55:24.000,10.18,-10.13,5.03,18.75,20.5,6330,-16.3,16.0,0.987
2025-04-14T03:56:24.000,10.1,-10.16,5.05,18.74,20.5,6331,-16.14,16.0,0.987
2025-04-14T03:57:24.000,10.05,-10.04,5.09,18.73,20.5,6332,-15.99,15.0,0.987
2025-04-14T03:58:24.000,10.04,-9.89,5.15,18.72,20.5,6333,-15.83,15.0,0.987
2025-04-14T03:59:24.000,10.03,-9.95,5.17,18.72,20.5,6334,-15.67,15.0,0.987
2025-04-14T04:00:24.000,10.03,-9.98,5.18,18.71,20.5,6335,-15.51,15.0,0.987
2025-04-14T04:01:24.000,10.03,-9.93,5.22,18.71,20.5,6336,-15.35,15.0,0.987
2025-04-14T04:02:24.000,10.07,-9.79,5.3,18.69,20.5,6337,-15.19,15.0,0.987
2025-04-14T04:03:24.000,10.07,-9.82,5.45,18.66,20.5,6338,-15.03,15.0,0.987
2025-04-14T04:04:24.000,10.08,-9.71,5.48,18.65,20.5,6339,-14.86,15.0,0.987
2025-04-14T04:05:24.000,10.09,-9.61,5.52,18.65,20.5,6340,-14.7,14.0,0.987
2025-04-14T04:06:24.000,10.09,-9.69,5.65,18.62,20.5,6341,-14.54,14.0,0.987
2025-04-14T04:07:25.000,10.02,-9.78,5.94,18.57,20.5,6342,-14.38,14.0,0.987
2025-04-14T04:08:25.000,10.07,-9.66,6.01,18.55,20.5,6343,-14.21,14.0,0.987
2025-04-14T04:09:25.000,10.19,-9.58,6.11,18.54,20.5,6344,-14.05,14.0,0.987
2025-04-14T04:10:25.000,10.2,-9.67,6.33,18.5,20.5,6345,-13.89,14.0,0.987
2025-04-14T04:11:25.000,10.19,-9.38,6.39,18.49,20.5,6346,-13.73,14.0,0.987
2025-04-14T04:12:25.000,10.18,-9.37,6.38,18.49,20.5,6347,-13.56,13.0,0.987
2025-04-14T04:13:25.000,10.17,-9.27,6.34,18.49,20.5,6348,-13.4,13.0,0.987
2025-04-14T04:14:25.000,10.17,-9.19,6.48,18.47,20.5,6349,-13.23,13.0,0.987
2025-04-14T04:15:25.000,10.15,-9.22,7.01,18.39,20.5,6350,-13.07,13.0,0.987
2025-04-14T04:16:25.000,10.13,-9.03,7.47,18.32,20.5,6351,-12.91,13.0,0.987
2025-04-14T04:17:25.000,10.11,-8.92,7.17,18.36,20.5,6352,-12.74,13.0,0.987
2025-04-14T04:18:25.000,10.08,-8.79,6.82,18.42,20.5,6353,-12.58,13.0,0.987
2025-04-14T04:19:25.000,10.06,-8.97,6.68,18.44,20.5,6354,-12.41,12.0,0.987
2025-04-14T04:20:25.000,10.03,-9.18,6.66,18.44,20.5,6355,-12.24,12.0,0.987
2025-04-14T04:21:25.000,10.38,-8.89,6.58,18.45,20.5,6356,-12.08,12.0,0.987
2025-04-14T04:22:25.000,10.73,-8.6,6.64,18.44,20.5,6357,-11.91,12.0,0.987
2025-04-14T04:23:26.000,10.83,-8.79,6.76,18.43,20.5,6358,-11.74,12.0,0.987
2025-04-14T04:24:26.000,10.8,-8.73,7.02,18.39,20.5,6359,-11.58,12.0,0.987
2025-04-14T04:25:26.000,10.67,-9.05,7.53,18.31,20.5,6360,-11.41,12.0,0.987
2025-04-14T04:26:26.000,10.51,-8.73,8.24,18.21,20.5,6361,-11.24,11.0,0.987
2025-04-14T04:27:26.000,10.43,-8.54,9.22,18.09,20.5,6362,-11.08,11.0,0.987
2025-04-14T04:28:26.000,10.32,-8.42,9.61,18.04,20.5,6363,-10.91,11.0,0.987
2025-04-14T04:29:26.000,10.23,-8.39,9.31,18.08,20.5,6364,-10.74,11.0,0.987
2025-04-14T04:30:26.000,10.15,-8.45,9.09,18.1,20.5,6365,-10.57,11.0,0.987
2025-04-14T04:31:26.000,10.08,-8.33,9.54,18.05,20.5,6366,-10.4,11.0,0.987
2025-04-14T04:32:26.000,10.05,-8.49,10.39,17.96,20.5,6367,-10.24,11.0,0.987
2025-04-14T04:33:26.000,10.01,-8.65,11.08,17.89,20.5,6368,-10.07,10.0,0.987
2025-04-14T04:34:26.000,10.18,-8.87,11.44,17.85,20.5,6369,-9.9,10.0,0.987
2025-04-14T04:35:26.000,10.41,-8.82,11.43,17.86,20.5,6370,-9.73,10.0,0.987
2025-04-14T04:36:26.000,10.46,-8.65,11.95,17.81,20.5,6371,-9.56,10.0,0.987
2025-04-14T04:37:26.000,10.44,-8.34,13.2,17.7,20.5,6372,-9.39,10.0,0.987
2025-04-14T04:38:26.000,10.4,-7.96,14.99,17.56,20.5,6373,-9.22,10.0,0.987
2025-04-14T04:39:26.000,10.31,-7.64,17.71,17.38,20.5,6374,-9.05,10.0,0.987
2025-04-14T04:40:27.000,10.25,-7.24,20.54,17.22,20.5,6375,-8.88,9.0,0.987
2025-04-14T04:41:27.000,10.14,-7.13,24.07,17.05,20.5,6376,-8.71,9.0,0.987
2025-04-14T04:42:27.000,10.03,-6.86,27.13,16.92,20.5,6377,-8.54,9.0,0.987
2025-04-14T04:43:27.000,10.12,-6.68,30.27,16.8,20.5,6378,-8.36,9.0,0.987
2025-04-14T04:44:27.000,10.46,-6.32,35.14,16.64,20.5,6379,-8.19,9.0,0.987
2025-04-14T04:45:27.000,10.67,-6.02,40.15,16.49,20.5,6380,-8.02,9.0,0.987
2025-04-14T04:46:27.000,10.74,-6.29,45.38,16.36,20.5,6381,-7.85,9.0,0.987
2025-04-14T04:47:27.000,10.72,-6.4,50.38,16.25,20.5,6382,-7.68,8.0,0.987
2025-04-14T04:48:27.000,10.65,-6.49,58.66,16.08,20.5,6383,-7.51,8.0,0.987
2025-04-14T04:49:27.000,10.57,-6.67,69.0,15.9,20.5,6384,-7.33,8.0,0.987
2025-04-14T04:50:27.000,10.53,-6.53,83.41,15.7,20.5,6385,-7.16,8.0,0.987
2025-04-14T04:51:27.000,10.44,-6.74,102.0,15.48,20.5,6386,-6.99,8.0,0.987
2025-04-14T04:52:27.000,10.32,-6.38,124.02,15.27,20.5,6387,-6.82,8.0,0.987
2025-04-14T04:53:27.000,10.26,-6.18,155.93,15.02,20.5,6388,-6.64,7.0,0.987
2025-04-14T04:54:27.000,10.2,-6.04,203.64,14.73,20.5,6389,-6.47,7.0,0.987
2025-04-14T04:55:27.000,10.18,-5.55,263.15,14.45,20.5,6390,-6.3,7.0,0.987
2025-04-14T04:56:27.000,10.2,-5.41,332.07,14.2,20.5,6391,-6.12,7.0,0.987
2025-04-14T04:57:28.000,10.18,-5.25,413.78,13.96,20.5,6392,-5.95,7.0,0.987
2025-04-14T04:58:28.000,10.15,-5.17,495.15,13.76,20.5,6393,-5.77,7.0,0.987
2025-04-14T04:59:28.000,10.13,-4.91,577.62,13.6,20.5,6394,-5.6,7.0,0.987
2025-04-14T05:00:28.000,10.07,-4.74,693.66,13.4,20.5,6395,-5.43,6.0,0.987
2025-04-14T05:01:28.000,10.06,-4.27,864.82,13.16,20.5,6396,-5.25,6.0,0.987
2025-04-14T05:02:28.000,10.12,-3.71,1101.96,12.9,20.5,6397,-5.08,6.0,0.986
2025-04-14T05:03:28.000,10.16,-3.52,1392.83,12.64,20.5,6398,-4.9,6.0,0.986
2025-04-14T05:04:28.000,10.2,-2.94,1771.62,12.38,20.5,6399,-4.73,6.0,0.986
2025-04-14T05:05:28.000,10.28,-2.35,2245.57,12.12,20.5,6400,-4.55,6.0,0.986
2025-04-14T05:06:28.000,10.36,-1.58,2826.62,11.87,20.5,6401,-4.38,5.0,0.986
2025-04-14T05:07:28.000,10.45,-0.85,3482.72,11.65,20.5,6402,-4.2,5.0,0.986
2025-04-14T05:08:28.000,10.5,-0.25,4146.58,11.46,20.5,6403,-4.03,5.0,0.986
2025-04-14T05:09:28.000,10.53,0.35,4873.0,11.28,20.5,6404,-3.85,5.0,0.986
2025-04-14T05:10:28.000,10.58,0.8,5732.79,11.11,20.5,6405,-3.67,5.0,0.986
2025-04-14T05:11:28.000,10.6,1.14,6781.51,10.92,20.5,6406,-3.5,5.0,0.986
2025-04-14T05:12:28.000,10.61,1.39,7997.35,10.74,20.5,6407,-3.32,5.0,0.986
2025-04-14T05:13:29.000,10.56,1.65,9342.49,10.57,20.5,6408,-3.14,4.0,0.986
2025-04-14T05:14:29.000,10.58,2.18,10996.62,10.4,20.5,6409,-2.97,4.0,0.986
2025-04-14T05:15:29.000,10.66,2.67,13035.93,10.21,20.5,6410,-2.79,4.0,0.986
2025-04-14T05:16:29.000,10.73,3.12,15267.8,10.04,20.5,6411,-2.61,4.0,0.986
2025-04-14T05:17:29.000,10.85,3.05,17998.02,9.86,20.5,6412,-2.43,4.0,0.986
2025-04-14T05:18:29.000,10.95,2.82,21574.99,9.67,20.5,6413,-2.26,4.0,0.986
2025-04-14T05:19:29.000,11.02,2.37,25071.71,9.57,20.5,6414,-2.08,3.0,0.986
2025-04-14T05:20:29.000,11.01,2.07,29606.71,9.32,20.5,6415,-1.9,3.0,0.986
2025-04-14T05:21:29.000,10.98,2.29,34608.5,9.15,20.5,6416,-1.73,3.0,0.986
2025-04-14T05:22:29.000,10.97,2.66,40188.92,8.99,20.5,6417,-1.55,3.0,0.986
2025-04-14T05:23:30.000,10.99,2.77,46277.54,8.84,20.5,6418,-1.37,3.0,0.986
2025-04-14T05:24:29.000,11.0,2.65,53015.14,8.69,20.5,6419,-1.19,3.0,0.986
2025-04-14T05:25:29.000,10.97,2.33,56203.3,7.97,20.5,6420,-1.01,2.0,0.986
2025-04-14T05:26:29.000,10.96,1.84,0.0,0.0,20.5,6421,-0.84,2.0,0.986
2025-04-14T05:27:29.000,10.94,1.12,0.0,0.0,20.5,6422,-0.66,2.0,0.986
2025-04-14T05:28:29.000,10.89,0.38,0.0,0.0,20.5,6423,-0.48,2.0,0.986
