ecsv/stars7/stars7_2025-04.ecsv
# %ECSV 1.0
# ---
# datatype:
# - {name: time, datatype: string}
# - {name: Enclosure Temperature, unit: deg_C, datatype: float64}
# - {name: Sky Temperature, unit: deg_C, datatype: float64}
# - {name: Frequency, unit: Hz, datatype: float64}
# - {name: MSAS, unit: mag / arcsec2, datatype: float64}
# - {name: ZP, datatype: float64}
# - {name: Sequence Number, datatype: int64}
# - {name: Sun Alt, unit: deg, datatype: float64}
# - {name: Moon Alt, unit: deg, datatype: float64}
# - {name: Moon Illumination, datatype: float64}
# delimiter: ','
# meta: !!omap
# - ida:
#     Data supplier: {affiliation: null, observer: Fernando Jauregui}
#     Device type: TESS-W
#     Field of view: 17.0
#     Filters per channel: None
#     Instrument ID: stars7
#     License: ODbL 1.0 http://opendatacommons.org/licenses/odbl/summary/
#     Local timezone: Europe/Madrid
#     Location name: {country: Spain, place: Pamplona Centro, region: Navarre, sub_region: Navarre, town: Pamplona}
#     Measurement direction per channel: {azimuth: 0.0, zenital: 0.0}
#     Moving / Fixed look direction: FIXED
#     Moving / Stationary position: STATIONARY
#     Number of channels: 1
#     Number of fields per line: 8
#     Number of header lines: 35
#     Position: {height: 0.0, latitude: 42.81732, longitude: -1.64543}
#     TESS MAC address: 5C:CF:7F:82:8D:7B
#     TESS cover offset value: 0.0
#     TESS firmware version: '1.0'
#     TESS zero point: 20.5
#     Time Synchronization: timestamp added by MQTT subscriber
#     URL: http://www.darksky.org/NSBM/sdf1.0.pdf
# - __serialized_columns__:
#     Enclosure Temperature:
#       __class__: astropy.units.quantity.Quantity
#       unit: &id001 !astropy.units.Unit {unit: deg_C}
#       value: !astropy.table.SerializedColumn {name: Enclosure Temperature}
#     Frequency:
#       __class__: astropy.units.quantity.Quantity
#       unit: !astropy.units.Unit {unit: Hz}
#       value: !astropy.table.SerializedColumn {name: Frequency}
#     MSAS:
#       __class__: astropy.units.quantity.Quantity
#       unit: !astropy.units.Unit {unit: mag / arcsec2}
#       value: !astropy.table.SerializedColumn {name: MSAS}
#     Moon Alt:
#       __class__: astropy.units.quantity.Quantity
#       unit: &id002 !astropy.units.Unit {unit: deg}
#       value: !astropy.table.SerializedColumn {name: Moon Alt}
#     Sky Temperature:
#       __class__: astropy.units.quantity.Quantity
#       unit: *id001
#       value: !astropy.table.SerializedColumn {name: Sky Temperature}
#     Sun Alt:
#       __class__: astropy.units.quantity.Quantity
#       unit: *id002
#       value: !astropy.table.SerializedColumn {name: Sun Alt}
#     time:
#       __class__: astropy.time.core.Time
#       format: isot
#       in_subfmt: '*'
#       out_subfmt: '*'
#       precision: 3
#       scale: utc
#       value: !astropy.table.SerializedColumn {name: time}
# schema: astropy-2.0
time,Enclosure Temperature,Sky Temperature,Frequency,MSAS,ZP,Sequence Number,Sun Alt,Moon Alt,Moon Illumination
[from data line 7233]
2025-04-11T04:41:39.000,13.36,-6.5,12.21,17.78,20.5,2761,-9.59,1.0,0.971
2025-04-11T04:42:40.000,13.43,-6.28,13.16,17.7,20.5,2762,-9.42,0.0,0.971
2025-04-11T04:43:40.000,13.48,-6.38,13.83,17.65,20.5,2763,-9.24,0.0,0.971
2025-04-11T04:44:40.000,13.41,-6.62,14.66,17.59,20.5,2764,-9.07,0.0,0.971
2025-04-11T04:45:40.000,13.39,-6.52,16.13,17.48,20.5,2765,-8.9,-0.0,0.971
2025-04-11T04:46:40.000,13.37,-6.67,18.27,17.35,20.5,2766,-8.73,-0.0,0.971
2025-04-11T04:47:41.000,13.36,-6.64,20.84,17.2,20.5,2767,-8.55,-1.0,0.971
2025-04-11T04:48:40.000,13.39,-6.45,24.59,17.02,20.5,2768,-8.38,-1.0,0.971
2025-04-11T04:49:40.000,13.4,-6.64,29.24,16.84,20.5,2769,-8.21,-1.0,0.971
2025-04-11T04:50:40.000,13.37,-6.74,35.52,16.63,20.5,2770,-8.04,-1.0,0.971
2025-04-11T04:51:40.000,13.34,-6.9,42.32,16.44,20.5,2771,-7.86,-1.0,0.971
2025-04-11T04:53:41.000,13.32,-6.89,54.73,16.16,20.5,2773,-7.51,-2.0,0.971
2025-04-11T04:54:41.000,13.3,-6.95,64.23,15.98,20.5,2774,-7.34,-2.0,0.971
2025-04-11T04:55:41.000,13.31,-6.9,76.8,15.79,20.5,2775,-7.17,-2.0,0.971
2025-04-11T04:56:41.000,13.33,-6.91,93.93,15.57,20.5,2776,-6.99,-2.0,0.971
2025-04-11T04:57:41.000,13.3,-7.17,116.16,15.34,20.5,2777,-6.82,-2.0,0.971
2025-04-11T04:58:41.000,13.27,-7.23,144.74,15.1,20.5,2778,-6.64,-2.0,0.971
2025-04-11T04:59:41.000,13.23,-7.15,180.16,14.86,20.5,2779,-6.47,-3.0,0.971
2025-04-11T05:00:41.000,13.29,-7.03,223.91,14.63,20.5,2780,-6.29,-3.0,0.971
2025-04-11T05:01:41.000,13.27,-7.32,278.11,14.39,20.5,2781,-6.12,-3.0,0.971
2025-04-11T05:02:41.000,13.25,-7.22,346.25,14.15,20.5,2782,-5.94,-3.0,0.971
2025-04-11T05:03:42.000,13.25,-7.2,433.03,13.91,20.5,2783,-5.76,-3.0,0.971
2025-04-11T05:04:41.000,13.26,-7.16,539.0,13.67,20.5,2784,-5.59,-4.0,0.971
2025-04-11T05:05:41.000,13.23,-7.21,661.93,13.45,20.5,2785,-5.42,-4.0,0.971
2025-04-11T05:06:41.000,13.22,-7.36,806.67,13.24,20.5,2786,-5.24,-4.0,0.971
2025-04-11T05:07:42.000,13.19,-7.37,985.87,13.02,20.5,2787,-5.06,-4.0,0.971
2025-04-11T05:08:42.000,13.2,-7.28,1206.99,12.8,20.5,2788,-4.88,-4.0,0.971
2025-04-11T05:09:42.000,13.22,-7.29,1478.7,12.58,20.5,2789,-4.71,-4.0,0.971
2025-04-11T05:10:42.000,13.2,-7.53,1818.73,12.35,20.5,2790,-4.53,-5.0,0.971
2025-04-11T05:11:42.000,13.14,-7.6,2236.4,12.13,20.5,2791,-4.35,-5.0,0.971
2025-04-11T05:12:42.000,13.14,-7.38,2760.27,11.9,20.5,2792,-4.18,-5.0,0.971
2025-04-11T05:13:42.000,13.11,-7.54,3417.24,11.67,20.5,2793,-4.0,-5.0,0.971
2025-04-11T05:14:43.000,13.11,-7.2,4227.82,11.44,20.5,2794,-3.82,-5.0,0.971
2025-04-11T05:15:42.000,13.17,-7.05,5235.27,11.2,20.5,2795,-3.65,-6.0,0.971
2025-04-11T05:16:42.000,13.19,-7.01,6468.4,10.97,20.5,2796,-3.47,-6.0,0.971
2025-04-11T05:17:42.000,13.15,-7.25,7949.51,10.75,20.5,2797,-3.29,-6.0,0.971
2025-04-11T05:18:42.000,13.1,-7.26,9696.67,10.54,20.5,2798,-3.11,-6.0,0.971
2025-04-11T05:19:43.000,13.02,-7.22,11694.16,10.33,20.5,2799,-2.93,-6.0,0.971
2025-04-11T05:20:43.000,12.93,-7.15,13966.16,10.14,20.5,2800,-2.76,-6.0,0.971
2025-04-11T05:21:43.000,12.93,-7.02,16589.48,9.95,20.5,2801,-2.58,-7.0,0.971
2025-04-11T05:22:44.000,12.9,-7.2,19570.16,9.77,20.5,2802,-2.4,-7.0,0.971
2025-04-11T05:23:43.000,12.85,-7.04,22816.04,9.61,20.5,2803,-2.22,-7.0,0.971
2025-04-11T05:24:43.000,12.79,-7.17,25574.53,9.62,20.5,2804,-2.04,-7.0,0.972
2025-04-11T05:25:44.000,12.78,-7.02,29651.55,9.32,20.5,2805,-1.86,-7.0,0.972
2025-04-11T05:26:43.000,12.8,-6.73,32674.33,9.38,20.5,2806,-1.68,-8.0,0.972
2025-04-11T05:27:43.000,12.75,-7.03,37820.55,9.06,20.5,2807,-1.51,-8.0,0.972
2025-04-11T05:28:43.000,12.7,-6.96,42909.91,8.92,20.5,2808,-1.33,-8.0,0.972
2025-04-11T05:29:43.000,12.66,-6.84,48365.71,8.79,20.5,2809,-1.15,-8.0,0.972
2025-04-11T05:30:43.000,12.67,-6.67,54374.29,8.66,20.5,2810,-0.97,-8.0,0.972
2025-04-11T05:31:43.000,12.7,-6.66,61082.5,8.54,20.5,2811,-0.79,-8.0,0.972
2025-04-11T05:32:44.000,12.65,-7.0,3600.53,0.47,20.5,2812,-0.61,-9.0,0.972
2025-04-11T05:33:44.000,12.65,-6.61,0.0,0.0,20.5,2813,-0.43,-9.0,0.972
2025-04-11T05:34:44.000,12.65,-7.01,0.0,0.0,20.5,2814,-0.25,-9.0,0.972
2025-04-11T05:35:44.000,12.6,-6.81,0.0,0.0,20.5,2815,-0.07,-9.0,0.972
2025-04-11T05:36:44.000,12.65,-6.79,0.0,0.0,20.5,2816,0.11,-9.0,0.972
2025-04-11T05:37:44.000,12.66,-6.9,0.0,0.0,20.5,2817,0.29,-10.0,0.972
2025-04-11T05:38:44.000,12.65,-7.15,0.0,0.0,20.5,2818,0.47,-10.0,0.972
2025-04-11T05:39:44.000,12.6,-7.21,0.1,0.2,20.5,2819,0.65,-10.0,0.972
2025-04-11T05:40:44.000,12.6,-7.34,0.0,0.0,20.5,2820,0.83,-10.0,0.972
2025-04-11T05:41:44.000,12.66,-7.28,0.0,0.0,20.5,2821,1.01,-10.0,0.972
2025-04-11T05:42:44.000,12.68,-7.75,0.0,0.0,20.5,2822,1.19,-10.0,0.972
2025-04-11T06:42:52.000,14.11,-6.83,0.0,0.0,20.5,2882,12.17,-21.0,0.973
2025-04-11T06:43:52.000,14.09,-7.4,0.0,0.0,20.5,2883,12.36,-21.0,0.973
2025-04-11T06:44:52.000,14.1,-7.22,0.0,0.0,20.5,2884,12.54,-21.0,0.973
2025-04-11T06:47:52.000,14.17,-7.19,0.0,0.0,20.5,2887,13.09,-22.0,0.973
2025-04-11T06:48:53.000,14.23,-7.04,0.0,0.0,20.5,2888,13.28,-22.0,0.973
2025-04-11T06:49:55.000,14.2,-7.57,0.0,0.0,20.5,2889,13.47,-22.0,0.973
2025-04-11T06:50:54.000,14.17,-7.23,0.0,0.0,20.5,2890,13.65,-22.0,0.973
2025-04-11T06:51:54.000,14.17,-7.26,0.0,0.0,20.5,2891,13.83,-23.0,0.973
2025-04-11T06:52:54.000,14.21,-6.95,0.0,0.0,20.5,2892,14.01,-23.0,0.973
2025-04-11T06:54:54.000,14.29,-6.73,0.0,0.0,20.5,2894,14.38,-23.0,0.973
2025-04-11T06:55:54.000,14.41,-6.85,0.0,0.0,20.5,2895,14.56,-23.0,0.973
2025-04-11T06:56:54.000,14.33,-6.97,0.0,0.0,20.5,2896,14.75,-23.0,0.973
2025-04-11T06:57:54.000,14.36,-7.11,0.0,0.0,20.5,2897,14.93,-24.0,0.974
2025-04-11T06:58:54.000,14.26,-7.48,0.0,0.0,20.5,2898,15.11,-24.0,0.974
2025-04-11T06:59:54.000,14.18,-7.11,0.0,0.0,20.5,2899,15.3,-24.0,0.974
2025-04-11T07:01:55.000,14.18,-7.39,0.0,0.0,20.5,2901,15.67,-24.0,0.974
2025-04-11T07:02:55.000,14.14,-7.11,0.0,0.0,20.5,2902,15.85,-24.0,0.974
2025-04-11T07:04:01.000,14.21,-6.93,0.0,0.0,20.5,2903,16.05,-25.0,0.974
2025-04-11T07:08:01.000,14.33,-6.91,0.0,0.0,20.5,2907,16.79,-25.0,0.974
2025-04-11T07:09:01.000,14.34,-7.09,0.0,0.0,20.5,2908,16.97,-25.0,0.974
2025-04-11T07:10:01.000,14.33,-6.98,0.0,0.0,20.5,2909,17.15,-26.0,0.974
2025-04-11T07:12:01.000,14.47,-6.94,0.0,0.0,20.5,2911,17.52,-26.0,0.974
2025-04-11T07:13:01.000,14.56,-6.65,0.0,0.0,20.5,2912,17.7,-26.0,0.974
2025-04-11T07:14:01.000,14.59,-6.9,0.0,0.0,20.5,2913,17.88,-26.0,0.974
2025-04-11T07:21:04.000,15.07,-7.23,0.0,0.0,20.5,2920,19.17,-27.0,0.974
2025-04-11T07:22:05.000,15.07,-7.21,0.0,0.0,20.5,2921,19.36,-28.0,0.974
2025-04-11T07:23:04.000,15.12,-6.89,0.0,0.0,20.5,2922,19.54,-28.0,0.974
2025-04-11T07:25:27.000,15.31,-6.55,0.0,0.0,20.5,2924,19.97,-28.0,0.974
2025-04-11T07:26:29.000,15.36,-7.03,0.0,0.0,20.5,2925,20.16,-28.0,0.974
2025-04-11T07:27:31.000,15.47,-6.6,0.0,0.0,20.5,2926,20.35,-29.0,0.974
2025-04-11T08:10:42.000,17.86,-5.32,0.0,0.0,20.5,2969,28.11,-35.0,0.975
2025-04-11T08:11:44.000,17.93,-5.47,0.0,0.0,20.5,2970,28.29,-35.0,0.975
2025-04-11T08:12:44.000,17.95,-5.4,0.0,0.0,20.5,2971,28.47,-36.0,0.975
2025-04-11T08:14:47.000,17.95,-6.0,0.0,0.0,20.5,2973,28.83,-36.0,0.975
2025-04-11T08:15:47.000,17.94,-5.54,0.0,0.0,20.5,2974,29.01,-36.0,0.975
2025-04-11T08:16:47.000,18.04,-5.16,0.0,0.0,20.5,2975,29.18,-36.0,0.975
2025-04-11T10:25:06.000,23.86,-0.26,0.0,0.0,20.5,3103,48.98,-49.0,0.978
2025-04-11T10:26:07.000,23.64,-0.35,0.0,0.0,20.5,3104,49.1,-49.0,0.978
2025-04-11T10:27:06.000,23.58,0.4,0.0,0.0,20.5,3105,49.22,-49.0,0.978
2025-04-11T10:29:06.000,23.87,0.91,0.0,0.0,20.5,3107,49.45,-50.0,0.978
2025-04-11T10:35:07.000,24.47,2.4,0.0,0.0,20.5,3113,50.14,-50.0,0.978
2025-04-11T10:37:07.000,24.54,0.64,0.0,0.0,20.5,3115,50.36,-50.0,0.978
2025-04-11T10:38:07.000,24.44,2.03,0.0,0.0,20.5,3116,50.47,-50.0,0.978
2025-04-11T10:39:07.000,24.52,1.63,0.0,0.0,20.5,3117,50.58,-50.0,0.978
2025-04-11T10:41:07.000,24.27,0.79,0.0,0.0,20.5,3119,50.79,-50.0,0.978
2025-04-11T10:42:07.000,24.3,1.42,0.0,0.0,20.5,3120,50.9,-50.0,0.978
2025-04-11T10:43:07.000,24.36,1.14,0.0,0.0,20.5,3121,51.0,-50.0,0.978
2025-04-11T10:48:07.000,24.45,0.68,0.0,0.0,20.5,3126,51.51,-50.0,0.978
2025-04-11T10:52:07.000,24.7,1.29,0.0,0.0,20.5,3130,51.9,-50.0,0.978
2025-04-11T10:56:08.000,24.39,0.91,0.0,0.0,20.5,3134,52.27,-50.0,0.978
2025-04-11T11:04:08.000,25.75,2.85,0.0,0.0,20.5,3142,52.97,-50.0,0.978
2025-04-11T11:05:08.000,26.09,3.27,0.0,0.0,20.5,3143,53.05,-50.0,0.978
2025-04-11T11:09:08.000,26.55,3.37,0.0,0.0,20.5,3147,53.37,-50.0,0.979
2025-04-11T11:10:09.000,26.88,3.85,0.0,0.0,20.5,3148,53.44,-50.0,0.979
2025-04-11T11:11:09.000,27.27,4.23,0.0,0.0,20.5,3149,53.52,-50.0,0.979
2025-04-11T11:26:10.000,28.71,5.36,0.0,0.0,20.5,3164,54.5,-50.0,0.979
2025-04-11T11:27:10.000,28.77,4.96,0.0,0.0,20.5,3165,54.56,-50.0,0.979
2025-04-11T11:28:10.000,28.7,4.49,0.0,0.0,20.5,3166,54.61,-50.0,0.979
2025-04-11T11:30:10.000,28.49,4.54,0.0,0.0,20.5,3168,54.72,-50.0,0.979
2025-04-11T11:31:10.000,27.87,3.01,0.0,0.0,20.5,3169,54.77,-50.0,0.979
2025-04-11T11:32:10.000,27.35,3.18,0.0,0.0,20.5,3170,54.82,-50.0,0.979
2025-04-11T11:37:11.000,27.22,7.24,0.0,0.0,20.5,3175,55.05,-50.0,0.979
2025-04-11T11:38:10.000,27.35,6.31,0.0,0.0,20.5,3176,55.09,-50.0,0.979
2025-04-11T11:39:10.000,27.21,5.36,0.0,0.0,20.5,3177,55.13,-50.0,0.979
2025-04-11T11:41:11.000,27.19,5.22,0.0,0.0,20.5,3179,55.2,-50.0,0.979
2025-04-11T11:43:11.000,26.74,4.97,0.0,0.0,20.5,3181,55.28,-50.0,0.979
2025-04-11T11:44:11.000,26.77,5.43,0.0,0.0,20.5,3182,55.31,-50.0,0.979
2025-04-11T11:45:11.000,26.79,5.32,0.0,0.0,20.5,3183,55.34,-50.0,0.979
2025-04-11T12:44:15.000,26.52,9.62,0.0,0.0,20.5,3242,54.77,-45.0,0.98
2025-04-11T12:45:16.000,26.13,9.02,0.0,0.0,20.5,3243,54.72,-45.0,0.98
2025-04-11T12:46:16.000,25.78,9.3,0.0,0.0,20.5,3244,54.67,-45.0,0.98
2025-04-11T12:48:17.000,25.71,10.25,0.0,0.0,20.5,3246,54.56,-45.0,0.98
2025-04-11T12:49:17.000,25.74,9.55,0.0,0.0,20.5,3247,54.5,-45.0,0.98
2025-04-11T12:50:17.000,25.61,9.43,0.0,0.0,20.5,3248,54.45,-45.0,0.98
2025-04-11T12:51:18.000,25.42,9.63,0.0,0.0,20.5,3249,54.39,-45.0,0.98
2025-04-11T12:52:19.000,25.51,9.87,0.0,0.0,20.5,3250,54.33,-44.0,0.98
2025-04-11T12:53:20.000,25.7,10.37,0.0,0.0,20.5,3251,54.27,-44.0,0.981
2025-04-11T12:55:24.000,26.19,10.41,0.0,0.0,20.5,3253,54.14,-44.0,0.981
2025-04-11T12:56:29.000,26.38,9.59,0.0,0.0,20.5,3254,54.07,-44.0,0.981
2025-04-11T13:01:02.000,26.18,9.48,0.0,0.0,20.5,3258,53.76,-43.0,0.981
2025-04-11T13:02:02.000,26.02,9.26,0.0,0.0,20.5,3259,53.68,-43.0,0.981
2025-04-11T13:03:02.000,25.99,9.92,0.0,0.0,20.5,3260,53.61,-43.0,0.981
2025-04-11T13:07:02.000,25.48,9.51,0.0,0.0,20.5,3264,53.31,-43.0,0.981
2025-04-11T13:08:04.000,25.35,10.04,0.0,0.0,20.5,3265,53.23,-43.0,0.981
2025-04-11T13:09:07.000,25.19,9.72,0.0,0.0,20.5,3266,53.15,-43.0,0.981
2025-04-11T13:12:07.000,24.98,9.54,0.0,0.0,20.5,3269,52.9,-42.0,0.981
2025-04-11T13:13:08.000,24.67,9.2,0.0,0.0,20.5,3270,52.82,-42.0,0.981
2025-04-11T13:15:07.000,23.99,9.4,0.0,0.0,20.5,3272,52.65,-42.0,0.981
2025-04-11T13:16:07.000,23.86,9.34,0.0,0.0,20.5,3273,52.56,-42.0,0.981
2025-04-11T13:17:12.000,23.68,9.22,0.0,0.0,20.5,3274,52.46,-42.0,0.981
2025-04-11T13:18:15.000,23.43,9.4,0.0,0.0,20.5,3275,52.37,-41.0,0.981
2025-04-11T13:20:15.000,23.49,10.29,0.0,0.0,20.5,3277,52.19,-41.0,0.981
2025-04-11T13:21:18.000,23.5,9.9,0.0,0.0,20.5,3278,52.09,-41.0,0.981
2025-04-11T13:22:19.000,23.5,9.63,0.0,0.0,20.5,3279,51.99,-41.0,0.981
2025-04-11T13:27:32.000,23.74,10.2,0.0,0.0,20.5,3284,51.49,-40.0,0.981
2025-04-11T13:28:31.000,24.0,10.78,0.0,0.0,20.5,3285,51.39,-40.0,0.981
2025-04-11T13:29:35.000,24.21,10.67,0.0,0.0,20.5,3286,51.28,-40.0,0.981
2025-04-11T13:32:35.000,24.3,10.24,0.0,0.0,20.5,3289,50.97,-40.0,0.981
2025-04-11T13:34:35.000,24.46,10.91,0.0,0.0,20.5,3291,50.76,-39.0,0.981
2025-04-11T13:35:37.000,24.57,10.55,0.0,0.0,20.5,3292,50.65,-39.0,0.981
2025-04-11T13:36:39.000,24.52,10.35,0.0,0.0,20.5,3293,50.54,-39.0,0.981
2025-04-11T13:37:38.000,24.52,10.24,0.0,0.0,20.5,3294,50.44,-39.0,0.981
2025-04-11T13:38:42.000,24.27,9.76,0.0,0.0,20.5,3295,50.32,-39.0,0.981
2025-04-11T13:40:46.000,24.28,10.59,0.0,0.0,20.5,3297,50.09,-39.0,0.981
2025-04-11T13:41:46.000,24.33,10.37,0.0,0.0,20.5,3298,49.98,-38.0,0.981
2025-04-11T13:42:46.000,24.5,10.72,0.0,0.0,20.5,3299,49.87,-38.0,0.981
2025-04-11T13:44:49.000,24.54,10.04,0.0,0.0,20.5,3301,49.63,-38.0,0.981
2025-04-11T13:45:48.000,24.38,9.81,0.0,0.0,20.5,3302,49.52,-38.0,0.981
2025-04-11T13:46:53.000,24.3,10.05,0.0,0.0,20.5,3303,49.39,-38.0,0.981
2025-04-11T13:50:20.000,24.0,9.74,0.0,0.0,20.5,3306,48.98,-37.0,0.982
2025-04-11T13:51:19.000,23.8,9.82,0.0,0.0,20.5,3307,48.87,-37.0,0.982
2025-04-11T13:52:20.000,23.76,9.58,0.0,0.0,20.5,3308,48.74,-37.0,0.982
2025-04-11T14:24:28.000,13.72,10.71,0.0,0.0,20.5,3340,44.48,-32.0,0.982
2025-04-11T14:25:29.000,13.94,11.96,0.0,0.0,20.5,3341,44.34,-32.0,0.982
2025-04-11T14:26:29.000,14.15,11.94,0.0,0.0,20.5,3342,44.19,-32.0,0.982
2025-04-11T14:28:29.000,13.91,11.02,0.0,0.0,20.5,3344,43.9,-32.0,0.982
2025-04-11T14:29:29.000,13.96,11.69,0.0,0.0,20.5,3345,43.76,-31.0,0.982
2025-04-11T14:30:30.000,13.85,11.11,0.0,0.0,20.5,3346,43.61,-31.0,0.982
2025-04-11T14:41:42.000,13.55,11.03,0.0,0.0,20.5,3357,41.94,-30.0,0.982
2025-04-11T14:42:45.000,13.55,11.51,0.0,0.0,20.5,3358,41.78,-29.0,0.982
2025-04-11T14:44:07.000,13.62,11.53,0.0,0.0,20.5,3359,41.57,-29.0,0.982
2025-04-11T15:11:45.000,16.12,15.04,0.0,0.0,20.5,3361,37.19,-25.0,0.983
2025-04-11T15:13:51.000,15.68,13.83,0.0,0.0,20.5,3363,36.85,-24.0,0.983
2025-04-11T15:14:52.000,15.37,12.4,0.0,0.0,20.5,3364,36.68,-24.0,0.983
2025-04-11T15:15:58.000,15.13,12.97,0.0,0.0,20.5,3365,36.5,-24.0,0.983
2025-04-11T15:16:58.000,15.1,12.88,0.0,0.0,20.5,3366,36.33,-24.0,0.983
2025-04-11T15:26:23.000,15.11,13.04,0.0,0.0,20.5,3368,34.76,-22.0,0.983
2025-04-11T15:27:23.000,14.78,12.97,0.0,0.0,20.5,3369,34.59,-22.0,0.983
2025-04-11T15:28:23.000,14.78,13.03,0.0,0.0,20.5,3370,34.42,-22.0,0.983
2025-04-11T15:31:27.000,14.74,12.79,0.0,0.0,20.5,3373,33.9,-21.0,0.983
2025-04-11T15:34:38.000,14.54,12.01,0.0,0.0,20.5,3374,33.36,-21.0,0.983
2025-04-11T15:36:49.000,14.94,13.31,0.0,0.0,20.5,3376,32.99,-20.0,0.983
2025-04-11T15:41:06.000,15.13,13.0,0.0,0.0,20.5,3377,32.26,-20.0,0.983
2025-04-11T15:44:14.000,15.79,14.41,0.0,0.0,20.5,3380,31.71,-19.0,0.983
2025-04-11T15:46:16.000,16.43,14.36,0.0,0.0,20.5,3382,31.36,-19.0,0.984
2025-04-11T15:47:16.000,16.69,14.79,0.0,0.0,20.5,3383,31.19,-19.0,0.984
2025-04-11T15:49:19.000,17.46,15.76,0.0,0.0,20.5,3385,30.83,-18.0,0.984
2025-04-11T15:51:21.000,18.36,16.24,0.0,0.0,20.5,3387,30.48,-18.0,0.984
2025-04-11T15:52:21.000,18.43,16.11,0.0,0.0,20.5,3388,30.31,-18.0,0.984
2025-04-11T15:54:24.000,18.44,15.87,0.0,0.0,20.5,3390,29.95,-17.0,0.984
2025-04-11T15:55:23.000,18.46,15.76,0.0,0.0,20.5,3391,29.78,-17.0,0.984
2025-04-11T15:56:27.000,18.48,14.72,0.0,0.0,20.5,3392,29.59,-17.0,0.984
2025-04-11T15:57:28.000,18.42,12.22,0.0,0.0,20.5,3393,29.41,-17.0,0.984
2025-04-11T15:58:28.000,18.34,9.93,0.0,0.0,20.5,3394,29.24,-17.0,0.984
2025-04-11T15:59:28.000,18.29,8.2,0.0,0.0,20.5,3395,29.06,-17.0,0.984
2025-04-11T16:01:28.000,18.5,5.96,0.0,0.0,20.5,3397,28.71,-16.0,0.984
2025-04-11T16:02:31.000,18.68,5.08,0.0,0.0,20.5,3398,28.52,-16.0,0.984
2025-04-11T16:03:38.000,18.81,3.85,0.0,0.0,20.5,3399,28.33,-16.0,0.984
2025-04-11T16:08:26.000,19.69,7.54,0.0,0.0,20.5,3403,27.48,-15.0,0.984
2025-04-11T16:10:37.000,19.76,7.61,0.0,0.0,20.5,3405,27.09,-15.0,0.984
2025-04-11T16:11:38.000,19.75,7.86,0.0,0.0,20.5,3406,26.91,-14.0,0.984
2025-04-11T16:12:38.000,19.78,7.94,0.0,0.0,20.5,3407,26.73,-14.0,0.984
2025-04-11T16:16:06.000,19.51,7.76,0.0,0.0,20.5,3410,26.11,-14.0,0.984
2025-04-11T16:17:10.000,19.27,7.3,0.0,0.0,20.5,3411,25.92,-14.0,0.984
2025-04-11T16:18:11.000,19.05,7.75,0.0,0.0,20.5,3412,25.74,-13.0,0.984
2025-04-11T16:20:12.000,18.84,6.17,0.0,0.0,20.5,3414,25.38,-13.0,0.984
2025-04-11T16:21:14.000,18.84,5.41,0.0,0.0,20.5,3415,25.2,-13.0,0.984
2025-04-11T16:22:14.000,18.85,5.42,0.0,0.0,20.5,3416,25.02,-13.0,0.984
2025-04-11T16:25:37.000,18.93,6.74,0.0,0.0,20.5,3419,24.41,-12.0,0.984
2025-04-11T16:26:41.000,18.96,6.69,0.0,0.0,20.5,3420,24.22,-12.0,0.984
