ecsv/stars7/stars7_2025-04.ecsv
# %ECSV 1.0
# ---
# datatype:
# - {name: time, datatype: string}
# - {name: Enclosure Temperature, unit: deg_C, datatype: float64}
# - {name: Sky Temperature, unit: deg_C, datatype: float64}
# - {name: Frequency, unit: Hz, datatype: float64}
# - {name: MSAS, unit: mag / arcsec2, datatype: float64}
# - {name: ZP, datatype: float64}
# - {name: Sequence Number, datatype: int64}
# - {name: Sun Alt, unit: deg, datatype: float64}
# - {name: Moon Alt, unit: deg, datatype: float64}
# - {name: Moon Illumination, datatype: float64}
# delimiter: ','
# meta: !!omap
# - ida:
#     Data supplier: {affiliation: null, observer: Fernando Jauregui}
#     Device type: TESS-W
#     Field of view: 17.0
#     Filters per channel: None
#     Instrument ID: stars7
#     License: ODbL 1.0 http://opendatacommons.org/licenses/odbl/summary/
#     Local timezone: Europe/Madrid
#     Location name: {country: Spain, place: Pamplona Centro, region: Navarre, sub_region: Navarre, town: Pamplona}
#     Measurement direction per channel: {azimuth: 0.0, zenital: 0.0}
#     Moving / Fixed look direction: FIXED
#     Moving / Stationary position: STATIONARY
#     Number of channels: 1
#     Number of fields per line: 8
#     Number of header lines: 35
#     Position: {height: 0.0, latitude: 42.81732, longitude: -1.64543}
#     TESS MAC address: 5C:CF:7F:82:8D:7B
#     TESS cover offset value: 0.0
#     TESS firmware version: '1.0'
#     TESS zero point: 20.5
#     Time Synchronization: timestamp added by MQTT subscriber
#     URL: http://www.darksky.org/NSBM/sdf1.0.pdf
# - __serialized_columns__:
#     Enclosure Temperature:
#       __class__: astropy.units.quantity.Quantity
#       unit: &id001 !astropy.units.Unit {unit: deg_C}
#       value: !astropy.table.SerializedColumn {name: Enclosure Temperature}
#     Frequency:
#       __class__: astropy.units.quantity.Quantity
#       unit: !astropy.units.Unit {unit: Hz}
#       value: !astropy.table.SerializedColumn {name: Frequency}
#     MSAS:
#       __class__: astropy.units.quantity.Quantity
#       unit: !astropy.units.Unit {unit: mag / arcsec2}
#       value: !astropy.table.SerializedColumn {name: MSAS}
#     Moon Alt:
#       __class__: astropy.units.quantity.Quantity
#       unit: &id002 !astropy.units.Unit {unit: deg}
#       value: !astropy.table.SerializedColumn {name: Moon Alt}
#     Sky Temperature:
#       __class__: astropy.units.quantity.Quantity
#       unit: *id001
#       value: !astropy.table.SerializedColumn {name: Sky Temperature}
#     Sun Alt:
#       __class__: astropy.units.quantity.Quantity
#       unit: *id002
#       value: !astropy.table.SerializedColumn {name: Sun Alt}
#     time:
#       __class__: astropy.time.core.Time
#       format: isot
#       in_subfmt: '*'
#       out_subfmt: '*'
#       precision: 3
#       scale: utc
#       value: !astropy.table.SerializedColumn {name: time}
# schema: astropy-2.0
time,Enclosure Temperature,Sky Temperature,Frequency,MSAS,ZP,Sequence Number,Sun Alt,Moon Alt,Moon Illumination
[from data line 5491]
2025-04-08T06:17:47.000,10.02,-11.61,0.0,0.0,20.5,98580,6.68,-22.0,0.805
2025-04-08T06:18:47.000,10.04,-11.46,0.0,0.0,20.5,98581,6.86,-22.0,0.805
2025-04-08T06:19:47.000,10.12,-11.29,0.0,0.0,20.5,98582,7.04,-22.0,0.805
2025-04-08T07:08:50.000,12.04,-10.39,0.0,0.0,20.5,98631,16.04,-28.0,0.808
2025-04-08T07:09:50.000,12.12,-10.13,0.0,0.0,20.5,98632,16.22,-28.0,0.808
2025-04-08T07:10:50.000,12.23,-10.15,0.0,0.0,20.5,98633,16.4,-28.0,0.808
2025-04-08T07:12:50.000,12.3,-10.11,0.0,0.0,20.5,98635,16.77,-28.0,0.808
2025-04-08T07:13:50.000,12.4,-10.06,0.0,0.0,20.5,98636,16.95,-28.0,0.808
2025-04-08T07:14:50.000,12.41,-10.38,0.0,0.0,20.5,98637,17.14,-28.0,0.808
2025-04-08T11:19:20.000,22.87,-2.81,0.0,0.0,20.5,98881,52.97,-26.0,0.821
2025-04-08T11:20:21.000,22.93,-2.78,0.0,0.0,20.5,98882,53.03,-26.0,0.821
2025-04-08T11:21:22.000,22.96,-2.86,0.0,0.0,20.5,98883,53.1,-26.0,0.821
2025-04-08T11:24:33.000,23.24,-2.12,0.0,0.0,20.5,98886,53.29,-26.0,0.822
2025-04-08T11:25:34.000,23.36,-2.56,0.0,0.0,20.5,98887,53.35,-25.0,0.822
2025-04-08T11:26:34.000,23.68,-2.22,0.0,0.0,20.5,98888,53.4,-25.0,0.822
2025-04-08T11:27:36.000,24.83,0.73,0.0,0.0,20.5,98889,53.46,-25.0,0.822
2025-04-08T11:28:35.000,27.03,4.31,0.0,0.0,20.5,98890,53.51,-25.0,0.822
2025-04-08T11:29:40.000,29.41,5.33,0.0,0.0,20.5,98891,53.57,-25.0,0.822
2025-04-08T11:31:42.000,33.33,5.58,0.0,0.0,20.5,98893,53.67,-25.0,0.822
2025-04-08T11:33:43.000,35.82,4.86,0.0,0.0,20.5,98895,53.77,-25.0,0.822
2025-04-08T11:34:44.000,36.61,4.49,0.0,0.0,20.5,98896,53.81,-24.0,0.822
2025-04-08T11:35:51.000,37.48,5.08,0.0,0.0,20.5,98897,53.86,-24.0,0.822
2025-04-08T11:36:50.000,38.27,4.7,0.0,0.0,20.5,98898,53.91,-24.0,0.822
2025-04-08T11:37:50.000,38.99,5.0,0.0,0.0,20.5,98899,53.95,-24.0,0.822
2025-04-08T11:38:53.000,39.72,4.25,0.0,0.0,20.5,98900,53.99,-24.0,0.822
2025-04-08T11:40:56.000,40.09,3.34,0.0,0.0,20.5,98902,54.07,-24.0,0.822
2025-04-08T11:41:56.000,40.31,3.58,0.0,0.0,20.5,98903,54.11,-24.0,0.823
2025-04-08T11:42:56.000,40.75,4.01,0.0,0.0,20.5,98904,54.14,-24.0,0.823
2025-04-08T11:43:56.000,41.04,3.29,0.0,0.0,20.5,98905,54.18,-23.0,0.823
2025-04-08T11:44:56.000,41.34,3.92,0.0,0.0,20.5,98906,54.21,-23.0,0.823
2025-04-08T11:46:00.000,41.58,3.22,0.0,0.0,20.5,98907,54.24,-23.0,0.823
2025-04-08T11:48:14.000,42.23,3.66,0.0,0.0,20.5,98909,54.31,-23.0,0.823
2025-04-08T11:50:26.000,42.68,4.32,0.0,0.0,20.5,98910,54.36,-23.0,0.823
2025-04-08T11:51:26.000,43.07,2.99,0.0,0.0,20.5,98911,54.39,-23.0,0.823
2025-04-08T11:53:27.000,43.0,4.43,0.0,0.0,20.5,98913,54.43,-22.0,0.823
2025-04-08T11:54:26.000,43.29,3.87,0.0,0.0,20.5,98914,54.45,-22.0,0.823
2025-04-08T11:55:31.000,43.58,3.94,0.0,0.0,20.5,98915,54.47,-22.0,0.823
2025-04-08T11:56:35.000,43.56,3.21,0.0,0.0,20.5,98916,54.49,-22.0,0.823
2025-04-08T11:58:45.000,43.61,2.61,0.0,0.0,20.5,98918,54.52,-22.0,0.823
2025-04-08T11:59:45.000,43.96,5.85,0.0,0.0,20.5,98919,54.53,-22.0,0.823
2025-04-08T12:00:50.000,44.71,4.99,0.0,0.0,20.5,98920,54.55,-21.0,0.824
2025-04-08T12:13:31.000,47.15,2.66,0.0,0.0,20.5,98932,54.57,-20.0,0.824
2025-04-08T12:14:31.000,46.76,4.43,0.0,0.0,20.5,98933,54.56,-20.0,0.824
2025-04-08T12:15:38.000,47.06,5.45,0.0,0.0,20.5,98934,54.55,-20.0,0.824
2025-04-08T12:18:48.000,47.67,4.32,0.0,0.0,20.5,98937,54.51,-19.0,0.824
2025-04-08T12:19:51.000,47.41,4.55,0.0,0.0,20.5,98938,54.5,-19.0,0.825
2025-04-08T12:20:52.000,47.23,3.43,0.0,0.0,20.5,98939,54.48,-19.0,0.825
2025-04-08T12:24:03.000,47.41,5.67,0.0,0.0,20.5,98942,54.42,-18.0,0.825
2025-04-08T12:25:07.000,47.78,5.67,0.0,0.0,20.5,98943,54.4,-18.0,0.825
2025-04-08T12:27:09.000,48.19,4.74,0.0,0.0,20.5,98945,54.35,-18.0,0.825
2025-04-08T12:28:18.000,47.67,3.18,0.0,0.0,20.5,98946,54.32,-18.0,0.825
2025-04-08T12:29:19.000,46.96,2.56,0.0,0.0,20.5,98947,54.29,-18.0,0.825
2025-04-08T12:42:41.000,47.23,5.47,0.0,0.0,20.5,98956,53.8,-16.0,0.826
2025-04-08T12:43:40.000,47.55,5.66,0.0,0.0,20.5,98957,53.75,-16.0,0.826
2025-04-08T12:44:43.000,47.33,3.42,0.0,0.0,20.5,98958,53.7,-16.0,0.826
2025-04-08T12:48:55.000,47.66,3.7,0.0,0.0,20.5,98961,53.49,-15.0,0.826
2025-04-08T12:49:55.000,46.94,3.79,0.0,0.0,20.5,98962,53.43,-15.0,0.826
2025-04-08T12:50:56.000,47.27,5.46,0.0,0.0,20.5,98963,53.38,-15.0,0.826
2025-04-08T12:55:40.000,47.78,5.42,0.0,0.0,20.5,98967,53.1,-14.0,0.826
2025-04-08T12:56:41.000,48.03,4.99,0.0,0.0,20.5,98968,53.03,-14.0,0.826
2025-04-08T13:02:37.000,48.66,5.51,0.0,0.0,20.5,98973,52.64,-13.0,0.827
2025-04-08T13:12:11.000,47.4,4.94,0.0,0.0,20.5,98979,51.92,-12.0,0.827
2025-04-08T13:13:13.000,47.39,4.46,0.0,0.0,20.5,98980,51.83,-11.0,0.827
2025-04-08T13:14:18.000,47.12,4.42,0.0,0.0,20.5,98981,51.74,-11.0,0.827
2025-04-08T13:21:23.000,47.86,5.56,0.0,0.0,20.5,98986,51.13,-10.0,0.828
2025-04-08T13:22:30.000,47.56,4.44,0.0,0.0,20.5,98987,51.03,-10.0,0.828
2025-04-08T13:23:37.000,47.46,4.42,0.0,0.0,20.5,98988,50.92,-10.0,0.828
2025-04-08T13:25:56.000,47.48,5.11,0.0,0.0,20.5,98990,50.7,-10.0,0.828
2025-04-08T13:26:56.000,47.69,4.62,0.0,0.0,20.5,98991,50.61,-9.0,0.828
2025-04-08T13:38:15.000,46.87,3.36,0.0,0.0,20.5,98999,49.46,-8.0,0.829
2025-04-08T13:39:15.000,46.89,3.91,0.0,0.0,20.5,99000,49.35,-7.0,0.829
2025-04-08T13:40:15.000,46.82,3.59,0.0,0.0,20.5,99001,49.24,-7.0,0.829
2025-04-08T13:43:18.000,46.69,3.0,0.0,0.0,20.5,99004,48.91,-7.0,0.829
2025-04-08T13:44:20.000,46.65,4.3,0.0,0.0,20.5,99005,48.79,-7.0,0.829
2025-04-08T13:46:24.000,47.11,4.12,0.0,0.0,20.5,99007,48.56,-6.0,0.829
2025-04-08T14:04:08.000,47.39,4.88,0.0,0.0,20.5,99011,46.42,-3.0,0.83
2025-04-08T14:08:30.000,46.99,4.38,0.0,0.0,20.5,99013,45.85,-3.0,0.83
2025-04-08T15:07:37.000,37.71,0.97,0.0,0.0,20.5,99014,37.15,7.0,0.833
2025-04-08T15:13:30.000,26.84,-0.49,0.0,0.0,20.5,99019,36.2,8.0,0.833
2025-04-08T15:14:34.000,26.73,-0.61,0.0,0.0,20.5,99020,36.03,8.0,0.834
2025-04-08T15:15:34.000,26.69,-0.65,0.0,0.0,20.5,99021,35.87,9.0,0.834
2025-04-08T15:16:34.000,26.58,-0.64,0.0,0.0,20.5,99022,35.7,9.0,0.834
2025-04-08T15:17:33.000,26.5,-0.81,0.0,0.0,20.5,99023,35.54,9.0,0.834
2025-04-08T15:25:45.000,25.96,-0.69,0.0,0.0,20.5,99030,34.19,10.0,0.834
2025-04-08T15:26:45.000,25.89,-0.63,0.0,0.0,20.5,99031,34.02,11.0,0.834
2025-04-08T15:27:46.000,25.88,-0.48,0.0,0.0,20.5,99032,33.85,11.0,0.834
2025-04-08T15:29:46.000,25.81,-0.83,0.0,0.0,20.5,99034,33.51,11.0,0.834
2025-04-08T15:30:45.000,25.76,-1.07,0.0,0.0,20.5,99035,33.35,11.0,0.834
2025-04-08T15:31:46.000,25.7,-0.96,0.0,0.0,20.5,99036,33.18,11.0,0.834
2025-04-08T15:34:55.000,25.62,-0.68,0.0,0.0,20.5,99039,32.65,12.0,0.835
2025-04-08T15:35:58.000,25.54,-1.03,0.0,0.0,20.5,99040,32.47,12.0,0.835
2025-04-08T15:38:04.000,25.33,-1.42,0.0,0.0,20.5,99042,32.11,13.0,0.835
2025-04-08T15:39:04.000,25.2,-1.42,0.0,0.0,20.5,99043,31.94,13.0,0.835
2025-04-08T15:42:29.000,24.87,-1.34,0.0,0.0,20.5,99046,31.36,13.0,0.835
2025-04-08T15:43:32.000,24.74,-1.15,0.0,0.0,20.5,99047,31.18,14.0,0.835
2025-04-08T15:45:46.000,24.81,-0.61,0.0,0.0,20.5,99049,30.79,14.0,0.835
2025-04-08T15:59:14.000,24.89,-0.39,0.0,0.0,20.5,99060,28.46,16.0,0.836
2025-04-08T16:04:45.000,24.82,-0.72,0.0,0.0,20.5,99061,27.49,17.0,0.836
2025-04-08T16:05:44.000,24.49,-0.77,0.0,0.0,20.5,99062,27.32,17.0,0.836
2025-04-08T16:10:47.000,24.54,-0.58,0.0,0.0,20.5,99067,26.43,18.0,0.836
2025-04-08T16:11:54.000,24.52,-0.74,0.0,0.0,20.5,99068,26.23,19.0,0.836
2025-04-08T16:12:57.000,24.53,-0.78,0.0,0.0,20.5,99069,26.05,19.0,0.837
2025-04-08T16:16:04.000,24.57,-0.64,0.0,0.0,20.5,99072,25.49,19.0,0.837
2025-04-08T16:18:06.000,24.61,-0.68,0.0,0.0,20.5,99074,25.13,20.0,0.837
2025-04-08T16:19:07.000,24.58,-0.71,0.0,0.0,20.5,99075,24.95,20.0,0.837
2025-04-08T16:21:27.000,24.63,-0.58,0.0,0.0,20.5,99077,24.54,20.0,0.837
2025-04-08T16:22:29.000,24.62,-0.86,0.0,0.0,20.5,99078,24.35,20.0,0.837
2025-04-08T16:28:27.000,24.43,-0.91,0.0,0.0,20.5,99083,23.28,21.0,0.837
2025-04-08T16:29:28.000,24.38,-0.77,0.0,0.0,20.5,99084,23.1,22.0,0.837
2025-04-08T16:30:27.000,24.39,-0.46,0.0,0.0,20.5,99085,22.92,22.0,0.837
2025-04-08T16:32:31.000,24.43,-0.46,0.0,0.0,20.5,99087,22.55,22.0,0.838
2025-04-08T16:33:30.000,24.44,-0.59,0.0,0.0,20.5,99088,22.38,22.0,0.838
2025-04-08T16:35:39.000,24.47,-0.51,0.0,0.0,20.5,99090,21.99,23.0,0.838
2025-04-08T16:36:44.000,24.48,-0.6,0.0,0.0,20.5,99091,21.79,23.0,0.838
2025-04-08T16:37:45.000,24.45,-0.69,0.0,0.0,20.5,99092,21.61,23.0,0.838
2025-04-08T16:41:04.000,24.44,-0.52,0.0,0.0,20.5,99095,21.01,24.0,0.838
2025-04-08T16:42:07.000,24.45,-0.44,0.0,0.0,20.5,99096,20.82,24.0,0.838
2025-04-08T16:44:29.000,24.5,-0.22,0.0,0.0,20.5,99098,20.39,24.0,0.838
2025-04-08T16:46:32.000,24.46,-0.05,0.0,0.0,20.5,99100,20.02,25.0,0.838
2025-04-08T16:47:42.000,24.46,0.12,0.0,0.0,20.5,99101,19.81,25.0,0.838
2025-04-08T16:48:45.000,24.45,-0.06,0.0,0.0,20.5,99102,19.62,25.0,0.838
2025-04-08T16:52:18.000,24.28,-0.18,0.0,0.0,20.5,99105,18.98,26.0,0.839
2025-04-08T16:58:14.000,24.24,-0.21,0.0,0.0,20.5,99110,17.9,27.0,0.839
2025-04-08T17:09:02.000,23.92,-0.07,0.0,0.0,20.5,99113,15.93,29.0,0.839
2025-04-08T17:10:04.000,23.83,-0.08,0.0,0.0,20.5,99114,15.74,29.0,0.839
2025-04-08T17:11:23.000,23.8,-0.06,0.0,0.0,20.5,99115,15.5,29.0,0.839
2025-04-08T17:18:53.000,23.77,-0.27,0.0,0.0,20.5,99121,14.13,30.0,0.84
2025-04-08T17:19:55.000,23.7,-0.36,0.0,0.0,20.5,99122,13.94,30.0,0.84
2025-04-08T17:31:58.000,23.25,-0.34,0.0,0.0,20.5,99127,11.73,33.0,0.84
2025-04-08T17:32:58.000,23.22,-0.2,0.0,0.0,20.5,99128,11.55,33.0,0.841
2025-04-08T17:35:09.000,23.16,-0.43,0.0,0.0,20.5,99130,11.15,33.0,0.841
2025-04-08T17:36:09.000,23.18,-0.38,0.0,0.0,20.5,99131,10.96,33.0,0.841
2025-04-08T17:39:44.000,23.15,-0.64,0.0,0.0,20.5,99134,10.31,34.0,0.841
2025-04-08T17:47:29.000,22.81,-0.41,0.0,0.0,20.5,99135,8.89,35.0,0.841
2025-04-08T17:48:29.000,22.41,-0.32,0.0,0.0,20.5,99136,8.7,35.0,0.841
2025-04-08T17:50:32.000,22.35,-0.6,0.0,0.0,20.5,99138,8.33,36.0,0.841
2025-04-08T17:51:32.000,22.36,-0.72,0.0,0.0,20.5,99139,8.15,36.0,0.841
2025-04-08T17:52:32.000,22.37,-0.89,0.0,0.0,20.5,99140,7.96,36.0,0.842
2025-04-08T17:55:43.000,22.4,-1.12,0.0,0.0,20.5,99142,7.38,37.0,0.842
2025-04-08T17:56:44.000,22.38,-1.1,0.0,0.0,20.5,99143,7.19,37.0,0.842
2025-04-08T17:57:45.000,22.39,-0.97,0.26,0.09,20.5,99144,7.01,37.0,0.842
2025-04-08T17:58:46.000,22.44,-0.96,0.0,0.0,20.5,99145,6.82,37.0,0.842
2025-04-08T17:59:45.000,22.44,-1.03,0.0,0.0,20.5,99146,6.64,37.0,0.842
2025-04-08T18:00:48.000,22.47,-0.79,0.49,0.18,20.5,99147,6.45,37.0,0.842
2025-04-08T18:02:49.000,22.51,-0.85,0.0,0.0,20.5,99149,6.08,38.0,0.842
2025-04-08T18:03:50.000,22.54,-0.85,0.0,0.0,20.5,99150,5.9,38.0,0.842
2025-04-08T18:04:50.000,22.53,-0.87,0.0,0.0,20.5,99151,5.71,38.0,0.842
2025-04-08T18:08:01.000,22.52,-0.82,0.0,0.0,20.5,99154,5.13,39.0,0.842
2025-04-08T18:09:01.000,22.52,-0.79,0.26,0.09,20.5,99155,4.95,39.0,0.842
2025-04-08T18:10:01.000,22.53,-0.68,0.0,0.0,20.5,99156,4.77,39.0,0.842
2025-04-08T18:12:01.000,22.51,-0.77,0.0,0.0,20.5,99158,4.4,39.0,0.842
2025-04-08T18:13:01.000,22.48,-0.91,0.28,0.09,20.5,99159,4.22,39.0,0.843
2025-04-08T18:14:01.000,22.44,-0.97,0.0,0.0,20.5,99160,4.04,40.0,0.843
2025-04-08T18:15:02.000,22.38,-1.1,0.0,0.0,20.5,99161,3.85,40.0,0.843
2025-04-08T18:17:02.000,22.33,-1.07,0.0,0.0,20.5,99163,3.49,40.0,0.843
2025-04-08T18:18:02.000,22.29,-1.07,0.0,0.0,20.5,99164,3.31,40.0,0.843
2025-04-08T18:19:03.000,22.29,-1.01,0.0,0.0,20.5,99165,3.12,40.0,0.843
2025-04-08T18:21:02.000,22.24,-1.08,0.0,0.0,20.5,99167,2.76,41.0,0.843
2025-04-08T18:22:02.000,22.19,-1.16,0.0,0.0,20.5,99168,2.58,41.0,0.843
2025-04-08T18:23:02.000,22.15,-1.16,0.0,0.0,20.5,99169,2.4,41.0,0.843
2025-04-08T18:29:03.000,22.0,-1.13,0.0,0.0,20.5,99173,1.31,42.0,0.843
2025-04-08T18:30:07.000,21.97,-1.21,0.0,0.0,20.5,99174,1.12,42.0,0.843
2025-04-08T18:31:07.000,21.95,-1.21,0.0,0.0,20.5,99175,0.94,42.0,0.843
2025-04-08T18:36:09.000,21.76,-1.28,0.0,0.0,20.5,99180,0.03,43.0,0.844
2025-04-08T18:37:09.000,21.72,-1.28,0.0,0.0,20.5,99181,-0.15,43.0,0.844
2025-04-08T18:38:09.000,21.69,-1.26,0.0,0.0,20.5,99182,-0.33,43.0,0.844
2025-04-08T18:43:23.000,21.47,-1.38,56921.46,8.62,20.5,99186,-1.27,44.0,0.844
2025-04-08T18:44:23.000,21.39,-1.37,46358.35,8.84,20.5,99187,-1.45,44.0,0.844
2025-04-08T18:45:22.000,21.36,-1.0,40565.86,8.98,20.5,99188,-1.63,45.0,0.844
2025-04-08T18:46:23.000,21.34,-1.35,35287.62,9.13,20.5,99189,-1.81,45.0,0.844
2025-04-08T18:47:24.000,21.28,-1.4,30445.36,9.29,20.5,99190,-1.99,45.0,0.844
2025-04-08T18:48:23.000,21.24,-1.4,26057.18,9.46,20.5,99191,-2.17,45.0,0.844
2025-04-08T18:49:23.000,21.19,-1.47,22183.73,9.64,20.5,99192,-2.35,45.0,0.844
2025-04-08T18:50:23.000,21.15,-1.4,18813.98,9.82,20.5,99193,-2.53,45.0,0.844
2025-04-08T18:54:23.000,20.98,-1.37,9789.65,10.53,20.5,99196,-3.24,46.0,0.845
2025-04-08T18:55:24.000,20.93,-1.41,7581.3,10.8,20.5,99197,-3.42,46.0,0.845
2025-04-08T18:56:23.000,20.88,-1.46,6204.8,11.02,20.5,99198,-3.6,46.0,0.845
2025-04-08T18:57:30.000,20.83,-1.46,5043.05,11.25,20.5,99199,-3.8,46.0,0.845
2025-04-08T18:58:31.000,20.77,-1.56,4069.96,11.48,20.5,99200,-3.98,46.0,0.845
2025-04-08T18:59:38.000,20.74,-1.49,3327.64,11.7,20.5,99201,-4.18,47.0,0.845
2025-04-08T19:03:00.000,20.6,-1.73,1611.32,12.48,20.5,99204,-4.77,47.0,0.845
2025-04-08T19:04:04.000,20.57,-1.67,1303.69,12.71,20.5,99205,-4.96,47.0,0.845
2025-04-08T19:05:05.000,20.56,-1.69,1043.58,12.96,20.5,99206,-5.14,47.0,0.845
2025-04-08T19:06:13.000,20.51,-1.69,841.21,13.19,20.5,99207,-5.34,48.0,0.845
2025-04-08T19:07:15.000,20.47,-1.66,664.07,13.45,20.5,99208,-5.52,48.0,0.845
2025-04-08T19:08:16.000,20.43,-1.52,531.19,13.69,20.5,99209,-5.7,48.0,0.845
2025-04-08T19:09:23.000,20.42,-1.42,427.42,13.92,20.5,99210,-5.9,48.0,0.845
2025-04-08T19:11:30.000,20.43,-1.56,269.6,14.43,20.5,99212,-6.27,48.0,0.845
2025-04-08T19:12:48.000,20.42,-1.54,211.56,14.69,20.5,99213,-6.5,49.0,0.846
2025-04-08T19:13:51.000,20.41,-1.59,159.8,14.99,20.5,99214,-6.69,49.0,0.846
2025-04-08T19:14:50.000,20.37,-1.54,127.52,15.24,20.5,99215,-6.86,49.0,0.846
2025-04-08T19:16:04.000,20.33,-1.66,99.19,15.51,20.5,99216,-7.07,49.0,0.846
2025-04-08T19:17:04.000,20.31,-1.64,79.5,15.75,20.5,99217,-7.25,49.0,0.846
2025-04-08T19:21:15.000,20.21,-1.63,38.82,16.53,20.5,99219,-7.98,50.0,0.846
2025-04-08T19:23:16.000,20.11,-1.72,28.33,16.87,20.5,99221,-8.33,50.0,0.846
2025-04-08T19:29:28.000,19.86,-2.03,16.16,17.41,20.5,99226,-9.41,51.0,0.846
2025-04-08T19:31:33.000,19.81,-1.98,14.28,17.61,20.5,99228,-9.76,51.0,0.846
2025-04-08T19:32:35.000,19.78,-2.02,13.68,17.66,20.5,99229,-9.94,51.0,0.846
2025-04-08T19:33:35.000,19.76,-2.01,13.02,17.71,20.5,99230,-10.11,51.0,0.847
2025-04-08T19:35:38.000,19.73,-2.02,11.99,17.8,20.5,99232,-10.47,52.0,0.847
2025-04-08T19:36:41.000,19.69,-2.08,11.69,17.83,20.5,99233,-10.65,52.0,0.847
2025-04-08T19:37:40.000,19.67,-2.09,11.33,17.87,20.5,99234,-10.81,52.0,0.847
2025-04-08T19:38:45.000,19.66,-2.05,11.12,17.89,20.5,99235,-11.0,52.0,0.847
2025-04-08T19:44:04.000,19.6,-1.81,10.23,17.98,20.5,99240,-11.9,53.0,0.847
2025-04-08T19:45:04.000,19.57,-2.11,10.12,17.99,20.5,99241,-12.07,53.0,0.847
2025-04-08T19:49:26.000,19.45,-2.28,9.66,18.04,20.5,99245,-12.81,53.0,0.847
2025-04-08T19:51:59.000,19.34,-2.35,9.54,18.05,20.5,99247,-13.24,53.0,0.847
2025-04-08T19:53:07.000,19.31,-2.26,9.53,18.05,20.5,99248,-13.43,54.0,0.847
2025-04-08T19:54:08.000,19.27,-2.32,9.68,18.04,20.5,99249,-13.6,54.0,0.848
2025-04-08T19:55:12.000,19.23,-2.32,9.59,18.05,20.5,99250,-13.78,54.0,0.848
2025-04-08T19:56:11.000,19.22,-2.29,9.64,18.04,20.5,99251,-13.94,54.0,0.848
2025-04-08T19:58:15.000,19.18,-2.29,9.54,18.05,20.5,99253,-14.29,54.0,0.848
2025-04-08T19:59:28.000,19.17,-2.26,9.68,18.04,20.5,99254,-14.49,54.0,0.848
2025-04-08T20:00:36.000,19.17,-2.25,8.68,18.16,20.5,99255,-14.68,54.0,0.848
2025-04-08T20:01:40.000,19.17,-2.23,7.83,18.27,20.5,99256,-14.85,54.0,0.848
2025-04-08T20:02:41.000,19.16,-2.26,7.55,18.31,20.5,99257,-15.02,55.0,0.848
2025-04-08T20:03:41.000,19.15,-2.21,7.55,18.31,20.5,99258,-15.19,55.0,0.848
2025-04-08T20:08:01.000,18.95,-2.24,7.58,18.3,20.5,99259,-15.9,55.0,0.848
2025-04-08T20:10:05.000,18.72,-2.18,7.41,18.33,20.5,99261,-16.24,55.0,0.848
