ecsv/stars7/stars7_2024-04.ecsv
# %ECSV 1.0
# ---
# datatype:
# - {name: time, datatype: string}
# - {name: Enclosure Temperature, unit: deg_C, datatype: float64}
# - {name: Sky Temperature, unit: deg_C, datatype: float64}
# - {name: Frequency, unit: Hz, datatype: float64}
# - {name: MSAS, unit: mag / arcsec2, datatype: float64}
# - {name: ZP, datatype: float64}
# - {name: Sequence Number, datatype: int64}
# - {name: Sun Alt, unit: deg, datatype: float64}
# - {name: Moon Alt, unit: deg, datatype: float64}
# - {name: Moon Illumination, datatype: float64}
# delimiter: ','
# meta: !!omap
# - ida:
#     Data supplier: {affiliation: null, observer: Fernando Jauregui}
#     Device type: TESS-W
#     Field of view: 17.0
#     Filters per channel: None
#     Instrument ID: stars7
#     License: ODbL 1.0 http://opendatacommons.org/licenses/odbl/summary/
#     Local timezone: Europe/Madrid
#     Location name: {country: '- Pamplona Centro', place: Pamplona, region: Spain, sub_region: Navarre, town: Navarre}
#     Measurement direction per channel: {azimuth: 0.0, zenital: 0.0}
#     Moving / Fixed look direction: FIXED
#     Moving / Stationary position: STATIONARY
#     Number of channels: 1
#     Number of fields per line: 8
#     Number of header lines: 35
#     Position: {height: 0.0, latitude: 42.81732, longitude: -1.64543}
#     TESS MAC address: 5C:CF:7F:82:8D:7B
#     TESS cover offset value: 0.0
#     TESS firmware version: '1.0'
#     TESS zero point: 20.5
#     Time Synchronization: timestamp added by MQTT subscriber
#     URL: http://www.darksky.org/NSBM/sdf1.0.pdf
# - __serialized_columns__:
#     Enclosure Temperature:
#       __class__: astropy.units.quantity.Quantity
#       unit: &id001 !astropy.units.Unit {unit: deg_C}
#       value: !astropy.table.SerializedColumn {name: Enclosure Temperature}
#     Frequency:
#       __class__: astropy.units.quantity.Quantity
#       unit: !astropy.units.Unit {unit: Hz}
#       value: !astropy.table.SerializedColumn {name: Frequency}
#     MSAS:
#       __class__: astropy.units.quantity.Quantity
#       unit: !astropy.units.Unit {unit: mag / arcsec2}
#       value: !astropy.table.SerializedColumn {name: MSAS}
#     Moon Alt:
#       __class__: astropy.units.quantity.Quantity
#       unit: &id002 !astropy.units.Unit {unit: deg}
#       value: !astropy.table.SerializedColumn {name: Moon Alt}
#     Sky Temperature:
#       __class__: astropy.units.quantity.Quantity
#       unit: *id001
#       value: !astropy.table.SerializedColumn {name: Sky Temperature}
#     Sun Alt:
#       __class__: astropy.units.quantity.Quantity
#       unit: *id002
#       value: !astropy.table.SerializedColumn {name: Sun Alt}
#     time:
#       __class__: astropy.time.core.Time
#       format: isot
#       in_subfmt: '*'
#       out_subfmt: '*'
#       precision: 3
#       scale: utc
#       value: !astropy.table.SerializedColumn {name: time}
# schema: astropy-2.0
time,Enclosure Temperature,Sky Temperature,Frequency,MSAS,ZP,Sequence Number,Sun Alt,Moon Alt,Moon Illumination
[from data line 8726]
2024-04-13T02:57:48.000,13.08,-7.41,3.72,19.07,20.5,229849,-25.07,-19.0,0.238
2024-04-13T02:58:48.000,13.08,-7.41,3.73,19.07,20.5,229850,-24.94,-19.0,0.238
2024-04-13T02:59:48.000,13.08,-7.47,3.73,19.07,20.5,229851,-24.8,-19.0,0.238
2024-04-13T03:00:48.000,13.07,-7.33,3.72,19.07,20.5,229852,-24.66,-19.0,0.238
2024-04-13T03:01:48.000,13.11,-7.32,3.73,19.07,20.5,229853,-24.53,-19.0,0.238
2024-04-13T03:02:48.000,13.12,-7.27,3.72,19.07,20.5,229854,-24.39,-19.0,0.238
2024-04-13T03:03:48.000,13.16,-7.26,3.76,19.06,20.5,229855,-24.25,-19.0,0.238
2024-04-13T03:04:48.000,13.17,-7.26,3.77,19.06,20.5,229856,-24.11,-19.0,0.238
2024-04-13T03:05:48.000,13.18,-7.26,3.77,19.06,20.5,229857,-23.97,-19.0,0.238
2024-04-13T03:06:48.000,13.17,-7.36,3.78,19.06,20.5,229858,-23.83,-19.0,0.238
2024-04-13T03:07:48.000,13.17,-7.36,3.79,19.05,20.5,229859,-23.69,-19.0,0.239
2024-04-13T03:08:48.000,13.17,-7.37,3.79,19.05,20.5,229860,-23.55,-19.0,0.239
2024-04-13T03:09:49.000,13.15,-7.48,3.79,19.05,20.5,229861,-23.41,-19.0,0.239
2024-04-13T03:10:49.000,13.13,-7.39,3.79,19.05,20.5,229862,-23.27,-19.0,0.239
2024-04-13T03:11:49.000,13.15,-7.29,3.79,19.05,20.5,229863,-23.12,-19.0,0.239
2024-04-13T03:12:49.000,13.16,-7.35,3.78,19.06,20.5,229864,-22.98,-19.0,0.239
2024-04-13T03:13:49.000,13.12,-7.46,3.77,19.06,20.5,229865,-22.84,-19.0,0.239
2024-04-13T03:14:49.000,13.08,-7.55,3.77,19.06,20.5,229866,-22.7,-19.0,0.239
2024-04-13T03:15:49.000,13.1,-7.3,3.78,19.06,20.5,229867,-22.55,-19.0,0.239
2024-04-13T03:16:49.000,13.15,-7.35,3.79,19.05,20.5,229868,-22.41,-19.0,0.239
2024-04-13T03:17:49.000,13.11,-7.51,3.78,19.06,20.5,229869,-22.26,-19.0,0.239
2024-04-13T03:18:49.000,13.09,-7.48,3.76,19.06,20.5,229870,-22.12,-19.0,0.239
2024-04-13T03:19:49.000,13.05,-7.56,3.77,19.06,20.5,229871,-21.97,-19.0,0.239
2024-04-13T03:20:49.000,13.05,-7.45,3.77,19.06,20.5,229872,-21.83,-19.0,0.239
2024-04-13T03:21:49.000,13.04,-7.53,3.78,19.06,20.5,229873,-21.68,-19.0,0.239
2024-04-13T03:22:49.000,13.03,-7.43,3.78,19.06,20.5,229874,-21.53,-19.0,0.239
2024-04-13T03:23:49.000,13.01,-7.6,3.78,19.06,20.5,229875,-21.39,-19.0,0.24
2024-04-13T03:24:49.000,12.98,-7.65,3.79,19.06,20.5,229876,-21.24,-19.0,0.24
2024-04-13T03:25:49.000,12.94,-7.57,3.79,19.05,20.5,229877,-21.09,-20.0,0.24
2024-04-13T03:26:50.000,12.93,-7.61,3.8,19.05,20.5,229878,-20.94,-20.0,0.24
2024-04-13T03:27:50.000,12.9,-7.61,3.8,19.05,20.5,229879,-20.79,-20.0,0.24
2024-04-13T03:28:50.000,12.89,-7.64,3.81,19.05,20.5,229880,-20.64,-20.0,0.24
2024-04-13T03:29:50.000,12.82,-7.75,3.81,19.05,20.5,229881,-20.49,-20.0,0.24
2024-04-13T03:30:50.000,12.83,-7.53,3.81,19.05,20.5,229882,-20.34,-20.0,0.24
2024-04-13T03:31:50.000,12.87,-7.42,3.82,19.05,20.5,229883,-20.19,-20.0,0.24
2024-04-13T03:32:50.000,12.92,-7.42,3.83,19.04,20.5,229884,-20.04,-20.0,0.24
2024-04-13T03:33:50.000,12.93,-7.44,3.83,19.04,20.5,229885,-19.89,-20.0,0.24
2024-04-13T03:34:50.000,12.96,-7.39,3.83,19.04,20.5,229886,-19.74,-20.0,0.24
2024-04-13T03:35:50.000,12.99,-7.38,3.83,19.04,20.5,229887,-19.59,-20.0,0.24
2024-04-13T03:36:51.000,12.97,-7.69,3.83,19.04,20.5,229888,-19.43,-20.0,0.24
2024-04-13T03:37:50.000,12.88,-7.83,3.85,19.04,20.5,229889,-19.28,-20.0,0.24
2024-04-13T03:38:50.000,12.84,-7.76,3.84,19.04,20.5,229890,-19.13,-20.0,0.241
2024-04-13T03:39:50.000,12.82,-7.68,3.85,19.04,20.5,229891,-18.98,-20.0,0.241
2024-04-13T03:40:51.000,12.84,-7.65,3.85,19.04,20.5,229892,-18.82,-20.0,0.241
2024-04-13T03:41:51.000,12.83,-7.67,3.86,19.04,20.5,229893,-18.67,-20.0,0.241
2024-04-13T03:42:51.000,12.83,-7.64,3.85,19.04,20.5,229894,-18.51,-20.0,0.241
2024-04-13T03:43:51.000,12.84,-7.59,3.85,19.04,20.5,229895,-18.36,-20.0,0.241
2024-04-13T03:44:51.000,12.84,-7.69,3.86,19.04,20.5,229896,-18.2,-20.0,0.241
2024-04-13T03:45:51.000,12.77,-7.96,3.85,19.04,20.5,229897,-18.05,-20.0,0.241
2024-04-13T03:46:51.000,12.72,-7.88,3.84,19.04,20.5,229898,-17.89,-20.0,0.241
2024-04-13T03:47:51.000,12.7,-7.84,3.84,19.04,20.5,229899,-17.73,-20.0,0.241
2024-04-13T03:48:51.000,12.69,-7.84,3.83,19.04,20.5,229900,-17.58,-20.0,0.241
2024-04-13T03:49:51.000,12.66,-7.92,3.83,19.04,20.5,229901,-17.42,-20.0,0.241
2024-04-13T03:50:51.000,12.67,-7.82,3.83,19.04,20.5,229902,-17.26,-20.0,0.241
2024-04-13T03:51:51.000,12.64,-8.02,3.87,19.03,20.5,229903,-17.11,-20.0,0.241
2024-04-13T03:52:51.000,12.6,-7.94,3.92,19.02,20.5,229904,-16.95,-20.0,0.241
2024-04-13T03:53:51.000,12.6,-7.87,3.94,19.01,20.5,229905,-16.79,-20.0,0.241
2024-04-13T03:54:51.000,12.59,-7.88,4.04,18.98,20.5,229906,-16.63,-20.0,0.242
2024-04-13T03:55:51.000,12.56,-7.99,4.09,18.97,20.5,229907,-16.47,-20.0,0.242
2024-04-13T03:56:51.000,12.55,-7.94,4.15,18.95,20.5,229908,-16.31,-20.0,0.242
2024-04-13T03:57:52.000,12.53,-7.88,4.2,18.94,20.5,229909,-16.15,-20.0,0.242
2024-04-13T03:58:52.000,12.54,-7.9,4.23,18.93,20.5,229910,-15.99,-20.0,0.242
2024-04-13T03:59:52.000,12.53,-7.98,4.27,18.92,20.5,229911,-15.83,-20.0,0.242
2024-04-13T04:00:52.000,12.48,-7.99,4.31,18.91,20.5,229912,-15.67,-20.0,0.242
2024-04-13T04:01:52.000,12.45,-7.9,4.4,18.89,20.5,229913,-15.51,-20.0,0.242
2024-04-13T04:02:52.000,12.47,-7.84,4.54,18.86,20.5,229914,-15.35,-20.0,0.242
2024-04-13T04:03:52.000,12.42,-7.97,4.68,18.83,20.5,229915,-15.19,-20.0,0.242
2024-04-13T04:04:52.000,12.42,-7.8,4.73,18.81,20.5,229916,-15.03,-20.0,0.242
2024-04-13T04:05:52.000,12.4,-7.99,4.77,18.8,20.5,229917,-14.87,-20.0,0.242
2024-04-13T04:06:52.000,12.36,-8.09,4.78,18.8,20.5,229918,-14.7,-20.0,0.242
2024-04-13T04:07:52.000,12.34,-7.91,4.83,18.79,20.5,229919,-14.54,-20.0,0.242
2024-04-13T04:08:52.000,12.34,-8.01,4.83,18.79,20.5,229920,-14.38,-20.0,0.242
2024-04-13T04:09:52.000,12.26,-8.28,4.83,18.79,20.5,229921,-14.22,-20.0,0.243
2024-04-13T04:10:52.000,12.2,-8.17,4.85,18.79,20.5,229922,-14.05,-20.0,0.243
2024-04-13T04:11:52.000,12.23,-7.88,4.87,18.78,20.5,229923,-13.89,-20.0,0.243
2024-04-13T04:12:52.000,12.25,-8.01,4.88,18.78,20.5,229924,-13.73,-20.0,0.243
2024-04-13T04:13:52.000,12.27,-7.79,4.86,18.78,20.5,229925,-13.56,-20.0,0.243
2024-04-13T04:14:53.000,12.3,-7.94,4.8,18.8,20.5,229926,-13.39,-20.0,0.243
2024-04-13T04:15:53.000,12.33,-7.93,4.79,18.8,20.5,229927,-13.23,-20.0,0.243
2024-04-13T04:16:53.000,12.34,-7.94,4.78,18.8,20.5,229928,-13.07,-20.0,0.243
2024-04-13T04:17:53.000,12.35,-7.95,4.77,18.8,20.5,229929,-12.9,-20.0,0.243
2024-04-13T04:18:53.000,12.38,-7.88,4.77,18.81,20.5,229930,-12.73,-20.0,0.243
2024-04-13T04:19:53.000,12.4,-8.01,4.79,18.8,20.5,229931,-12.57,-20.0,0.243
2024-04-13T04:20:53.000,12.41,-8.05,4.84,18.79,20.5,229932,-12.4,-20.0,0.243
2024-04-13T04:21:54.000,12.39,-8.23,4.86,18.78,20.5,229933,-12.23,-20.0,0.243
2024-04-13T04:22:53.000,12.36,-8.21,4.95,18.76,20.5,229934,-12.07,-20.0,0.243
2024-04-13T04:23:53.000,12.33,-8.27,5.06,18.74,20.5,229935,-11.9,-20.0,0.243
2024-04-13T04:24:53.000,12.29,-8.27,5.23,18.71,20.5,229936,-11.74,-20.0,0.243
2024-04-13T04:25:53.000,12.23,-8.4,5.4,18.67,20.5,229937,-11.57,-20.0,0.244
2024-04-13T04:26:53.000,12.2,-8.27,5.6,18.63,20.5,229938,-11.4,-20.0,0.244
2024-04-13T04:27:53.000,12.18,-8.27,5.92,18.57,20.5,229939,-11.24,-20.0,0.244
2024-04-13T04:28:53.000,12.14,-8.37,6.04,18.55,20.5,229940,-11.07,-20.0,0.244
2024-04-13T04:29:53.000,12.08,-8.43,6.38,18.49,20.5,229941,-10.9,-20.0,0.244
2024-04-13T04:30:54.000,12.03,-8.35,6.82,18.42,20.5,229942,-10.73,-20.0,0.244
2024-04-13T04:31:54.000,12.02,-8.32,7.18,18.36,20.5,229943,-10.56,-20.0,0.244
2024-04-13T04:32:54.000,12.0,-8.3,7.68,18.29,20.5,229944,-10.39,-20.0,0.244
2024-04-13T04:33:54.000,11.98,-8.34,8.28,18.21,20.5,229945,-10.22,-20.0,0.244
2024-04-13T04:34:54.000,12.02,-8.15,8.91,18.13,20.5,229946,-10.05,-20.0,0.244
2024-04-13T04:35:54.000,12.03,-8.22,9.74,18.03,20.5,229947,-9.88,-20.0,0.244
2024-04-13T04:36:54.000,12.03,-8.22,10.74,17.92,20.5,229948,-9.71,-20.0,0.244
2024-04-13T04:37:54.000,12.06,-8.12,11.86,17.82,20.5,229949,-9.54,-20.0,0.244
2024-04-13T04:38:54.000,12.07,-8.16,13.12,17.71,20.5,229950,-9.37,-20.0,0.244
2024-04-13T04:39:54.000,12.05,-8.34,14.85,17.57,20.5,229951,-9.2,-20.0,0.244
2024-04-13T04:40:54.000,12.02,-8.34,17.02,17.42,20.5,229952,-9.03,-20.0,0.245
2024-04-13T04:41:54.000,11.98,-8.43,19.26,17.29,20.5,229953,-8.86,-20.0,0.245
2024-04-13T04:42:54.000,11.97,-8.24,21.92,17.15,20.5,229954,-8.69,-19.0,0.245
2024-04-13T04:43:54.000,12.0,-8.32,25.26,16.99,20.5,229955,-8.52,-19.0,0.245
2024-04-13T04:44:54.000,11.95,-8.43,29.26,16.84,20.5,229956,-8.35,-19.0,0.245
2024-04-13T04:45:54.000,11.91,-8.51,34.3,16.66,20.5,229957,-8.18,-19.0,0.245
2024-04-13T04:46:55.000,11.9,-8.27,40.65,16.48,20.5,229958,-8.0,-19.0,0.245
2024-04-13T04:47:55.000,11.91,-8.33,46.6,16.33,20.5,229959,-7.83,-19.0,0.245
2024-04-13T04:48:55.000,11.9,-8.4,56.33,16.13,20.5,229960,-7.66,-19.0,0.245
2024-04-13T04:49:55.000,11.87,-8.38,68.14,15.92,20.5,229961,-7.48,-19.0,0.245
2024-04-13T04:50:55.000,11.87,-8.38,82.77,15.71,20.5,229962,-7.31,-19.0,0.245
2024-04-13T04:51:55.000,11.85,-8.45,101.14,15.49,20.5,229963,-7.14,-19.0,0.245
2024-04-13T04:52:55.000,11.84,-8.43,124.31,15.27,20.5,229964,-6.97,-19.0,0.245
2024-04-13T04:53:55.000,11.77,-8.65,153.73,15.04,20.5,229965,-6.79,-19.0,0.245
2024-04-13T04:54:55.000,11.72,-8.51,190.18,14.8,20.5,229966,-6.62,-19.0,0.245
2024-04-13T04:55:55.000,11.75,-8.33,235.66,14.57,20.5,229967,-6.45,-19.0,0.245
2024-04-13T04:56:55.000,11.74,-8.55,291.57,14.34,20.5,229968,-6.27,-19.0,0.246
2024-04-13T04:57:55.000,11.72,-8.37,360.79,14.11,20.5,229969,-6.1,-19.0,0.246
2024-04-13T04:58:55.000,11.74,-8.36,446.2,13.88,20.5,229970,-5.92,-19.0,0.246
2024-04-13T04:59:55.000,11.73,-8.54,552.51,13.65,20.5,229971,-5.75,-19.0,0.246
2024-04-13T05:00:55.000,11.71,-8.44,684.4,13.41,20.5,229972,-5.58,-19.0,0.246
2024-04-13T05:01:55.000,11.7,-8.43,847.48,13.18,20.5,229973,-5.4,-19.0,0.246
2024-04-13T05:02:55.000,11.71,-8.43,1050.11,12.95,20.5,229974,-5.23,-19.0,0.246
2024-04-13T05:03:56.000,11.7,-8.41,1304.42,12.71,20.5,229975,-5.05,-19.0,0.246
2024-04-13T05:04:56.000,11.72,-8.3,1622.38,12.48,20.5,229976,-4.87,-19.0,0.246
2024-04-13T05:05:56.000,11.71,-8.42,2021.42,12.24,20.5,229977,-4.7,-19.0,0.246
2024-04-13T05:06:56.000,11.7,-8.36,2531.71,11.99,20.5,229978,-4.52,-19.0,0.246
2024-04-13T05:07:56.000,11.73,-8.28,3185.35,11.74,20.5,229979,-4.35,-19.0,0.246
2024-04-13T05:08:56.000,11.75,-8.23,3989.67,11.5,20.5,229980,-4.17,-19.0,0.246
2024-04-13T05:09:56.000,11.79,-8.21,4957.24,11.26,20.5,229981,-3.99,-19.0,0.246
2024-04-13T05:10:56.000,11.81,-8.28,6122.16,11.03,20.5,229982,-3.82,-18.0,0.246
2024-04-13T05:11:56.000,11.8,-8.36,7544.04,10.81,20.5,229983,-3.64,-18.0,0.247
2024-04-13T05:12:56.000,11.79,-8.27,9260.79,10.59,20.5,229984,-3.47,-18.0,0.247
2024-04-13T05:13:56.000,11.82,-8.32,11329.42,10.37,20.5,229985,-3.29,-18.0,0.247
2024-04-13T05:14:56.000,11.81,-8.39,13811.66,10.15,20.5,229986,-3.11,-18.0,0.247
2024-04-13T05:15:56.000,11.81,-8.34,16755.31,9.94,20.5,229987,-2.94,-18.0,0.247
2024-04-13T05:16:56.000,11.82,-8.36,20145.64,9.74,20.5,229988,-2.76,-18.0,0.247
2024-04-13T05:17:56.000,11.85,-8.32,23685.33,9.56,20.5,229989,-2.58,-18.0,0.247
2024-04-13T05:18:56.000,11.87,-8.3,27298.21,9.47,20.5,229990,-2.4,-18.0,0.247
2024-04-13T05:19:57.000,11.85,-8.44,32032.04,9.24,20.5,229991,-2.22,-18.0,0.247
2024-04-13T05:20:57.000,11.83,-8.42,36901.62,9.08,20.5,229992,-2.05,-18.0,0.247
2024-04-13T05:21:57.000,11.87,-8.28,42310.36,8.93,20.5,229993,-1.87,-18.0,0.247
2024-04-13T05:22:57.000,11.89,-8.28,48303.75,8.79,20.5,229994,-1.69,-18.0,0.247
2024-04-13T05:23:57.000,11.88,-8.42,54786.29,8.65,20.5,229995,-1.51,-18.0,0.247
2024-04-13T05:24:57.000,11.87,-8.44,58783.25,8.15,20.5,229996,-1.33,-18.0,0.247
2024-04-13T05:25:57.000,11.83,-8.45,0.0,0.0,20.5,229997,-1.16,-18.0,0.247
2024-04-13T05:26:57.000,11.84,-8.41,0.0,0.0,20.5,229998,-0.98,-18.0,0.247
2024-04-13T05:27:57.000,11.86,-8.38,0.0,0.0,20.5,229999,-0.8,-18.0,0.248
2024-04-13T05:54:59.000,12.1,-8.49,0.0,0.0,20.5,230026,4.07,-16.0,0.249
2024-04-13T05:55:59.000,12.12,-8.45,0.0,0.0,20.5,230027,4.25,-16.0,0.249
2024-04-13T05:56:59.000,12.12,-8.56,0.0,0.0,20.5,230028,4.43,-16.0,0.249
2024-04-13T05:57:59.000,12.12,-8.48,0.26,0.09,20.5,230029,4.61,-16.0,0.249
2024-04-13T05:58:59.000,12.15,-8.41,0.0,0.0,20.5,230030,4.8,-16.0,0.25
2024-04-13T05:59:59.000,12.16,-8.53,0.0,0.0,20.5,230031,4.98,-16.0,0.25
2024-04-13T06:00:59.000,12.19,-8.37,0.0,0.0,20.5,230032,5.16,-15.0,0.25
2024-04-13T06:01:59.000,12.24,-8.35,0.0,0.0,20.5,230033,5.34,-15.0,0.25
2024-04-13T06:02:59.000,12.25,-8.45,0.0,0.0,20.5,230034,5.52,-15.0,0.25
2024-04-13T06:03:59.000,12.27,-8.5,0.26,0.09,20.5,230035,5.71,-15.0,0.25
2024-04-13T06:04:59.000,12.21,-8.77,0.0,0.0,20.5,230036,5.89,-15.0,0.25
2024-04-13T06:05:59.000,12.15,-8.68,0.0,0.0,20.5,230037,6.07,-15.0,0.25
2024-04-13T06:06:59.000,12.13,-8.54,0.0,0.0,20.5,230038,6.25,-15.0,0.25
2024-04-13T07:52:06.000,17.06,-5.59,0.0,0.0,20.5,230143,25.46,-4.0,0.257
2024-04-13T07:53:06.000,17.14,-5.57,0.0,0.0,20.5,230144,25.64,-4.0,0.257
2024-04-13T07:54:06.000,17.2,-5.68,0.0,0.0,20.5,230145,25.82,-4.0,0.257
2024-04-13T07:56:06.000,17.27,-5.66,0.0,0.0,20.5,230147,26.18,-3.0,0.257
2024-04-13T07:57:06.000,17.36,-5.29,0.0,0.0,20.5,230148,26.35,-3.0,0.257
2024-04-13T07:58:06.000,17.41,-5.52,0.0,0.0,20.5,230149,26.53,-3.0,0.257
2024-04-13T09:27:11.000,21.69,-3.15,0.0,0.0,20.5,230238,41.65,10.0,0.263
2024-04-13T09:28:11.000,21.71,-2.64,0.0,0.0,20.5,230239,41.81,10.0,0.263
2024-04-13T09:29:12.000,21.83,-2.38,0.0,0.0,20.5,230240,41.96,10.0,0.263
2024-04-13T09:31:12.000,21.79,-2.67,0.0,0.0,20.5,230242,42.27,10.0,0.263
2024-04-13T09:32:12.000,21.74,-2.92,0.0,0.0,20.5,230243,42.43,10.0,0.263
2024-04-13T09:33:12.000,21.78,-2.47,0.0,0.0,20.5,230244,42.58,10.0,0.264
2024-04-13T09:40:12.000,21.96,-2.58,0.0,0.0,20.5,230251,43.64,12.0,0.264
2024-04-13T09:41:12.000,22.03,-2.4,0.0,0.0,20.5,230252,43.79,12.0,0.264
2024-04-13T09:42:13.000,22.1,-2.43,0.0,0.0,20.5,230253,43.94,12.0,0.264
2024-04-13T09:44:13.000,22.14,-2.63,0.0,0.0,20.5,230255,44.24,12.0,0.264
2024-04-13T09:45:13.000,22.17,-2.23,0.0,0.0,20.5,230256,44.39,12.0,0.264
2024-04-13T09:46:13.000,22.14,-2.78,0.0,0.0,20.5,230257,44.53,13.0,0.264
2024-04-13T12:59:27.000,50.47,7.32,0.0,0.0,20.5,230450,54.61,46.0,0.277
2024-04-13T13:00:27.000,50.33,7.68,0.0,0.0,20.5,230451,54.54,46.0,0.277
2024-04-13T13:01:27.000,50.28,7.52,0.0,0.0,20.5,230452,54.47,46.0,0.277
2024-04-13T13:03:27.000,50.54,9.43,0.0,0.0,20.5,230454,54.32,46.0,0.277
2024-04-13T13:04:27.000,50.96,9.07,0.0,0.0,20.5,230455,54.24,47.0,0.278
2024-04-13T13:05:27.000,50.95,7.71,0.0,0.0,20.5,230456,54.16,47.0,0.278
2024-04-13T13:12:29.000,51.27,9.21,0.0,0.0,20.5,230463,53.59,48.0,0.278
2024-04-13T13:13:28.000,51.55,8.43,0.0,0.0,20.5,230464,53.5,48.0,0.278
2024-04-13T13:14:28.000,51.47,8.19,0.0,0.0,20.5,230465,53.42,48.0,0.278
2024-04-13T13:16:28.000,52.17,9.8,0.0,0.0,20.5,230467,53.24,49.0,0.278
2024-04-13T13:17:28.000,52.3,8.32,0.0,0.0,20.5,230468,53.15,49.0,0.278
2024-04-13T13:18:28.000,51.73,6.92,0.0,0.0,20.5,230469,53.06,49.0,0.278
2024-04-13T18:06:51.000,26.51,3.69,0.0,0.0,20.5,230757,6.4,67.0,0.298
2024-04-13T18:07:51.000,26.47,3.65,0.0,0.0,20.5,230758,6.22,67.0,0.298
2024-04-13T18:08:52.000,26.43,3.59,0.0,0.0,20.5,230759,6.03,66.0,0.298
2024-04-13T18:09:51.000,26.41,3.68,0.15,0.1,20.5,230760,5.85,66.0,0.298
2024-04-13T18:10:51.000,26.35,3.5,0.0,0.0,20.5,230761,5.67,66.0,0.298
2024-04-13T18:11:51.000,26.31,3.74,0.0,0.0,20.5,230762,5.49,66.0,0.298
2024-04-13T18:12:51.000,26.29,3.5,0.0,0.0,20.5,230763,5.31,66.0,0.298
2024-04-13T18:13:51.000,26.25,3.62,0.0,0.0,20.5,230764,5.13,66.0,0.298
2024-04-13T18:14:51.000,26.22,3.45,0.0,0.0,20.5,230765,4.94,65.0,0.298
2024-04-13T18:15:51.000,26.19,3.47,0.14,0.09,20.5,230766,4.76,65.0,0.298
2024-04-13T18:16:51.000,26.14,3.42,0.0,0.0,20.5,230767,4.58,65.0,0.298
2024-04-13T18:17:51.000,26.12,3.43,0.0,0.0,20.5,230768,4.4,65.0,0.298
2024-04-13T18:18:51.000,26.09,3.38,0.0,0.0,20.5,230769,4.22,65.0,0.299
2024-04-13T18:44:53.000,25.3,3.09,0.0,0.0,20.5,230795,-0.46,61.0,0.3
2024-04-13T18:45:53.000,25.28,3.11,0.0,0.0,20.5,230796,-0.64,60.0,0.3
