ecsv/stars7/stars7_2024-04.ecsv
# %ECSV 1.0
# ---
# datatype:
# - {name: time, datatype: string}
# - {name: Enclosure Temperature, unit: deg_C, datatype: float64}
# - {name: Sky Temperature, unit: deg_C, datatype: float64}
# - {name: Frequency, unit: Hz, datatype: float64}
# - {name: MSAS, unit: mag / arcsec2, datatype: float64}
# - {name: ZP, datatype: float64}
# - {name: Sequence Number, datatype: int64}
# - {name: Sun Alt, unit: deg, datatype: float64}
# - {name: Moon Alt, unit: deg, datatype: float64}
# - {name: Moon Illumination, datatype: float64}
# delimiter: ','
# meta: !!omap
# - ida:
#     Data supplier: {affiliation: null, observer: Fernando Jauregui}
#     Device type: TESS-W
#     Field of view: 17.0
#     Filters per channel: None
#     Instrument ID: stars7
#     License: ODbL 1.0 http://opendatacommons.org/licenses/odbl/summary/
#     Local timezone: Europe/Madrid
#     Location name: {country: '- Pamplona Centro', place: Pamplona, region: Spain, sub_region: Navarre, town: Navarre}
#     Measurement direction per channel: {azimuth: 0.0, zenital: 0.0}
#     Moving / Fixed look direction: FIXED
#     Moving / Stationary position: STATIONARY
#     Number of channels: 1
#     Number of fields per line: 8
#     Number of header lines: 35
#     Position: {height: 0.0, latitude: 42.81732, longitude: -1.64543}
#     TESS MAC address: 5C:CF:7F:82:8D:7B
#     TESS cover offset value: 0.0
#     TESS firmware version: '1.0'
#     TESS zero point: 20.5
#     Time Synchronization: timestamp added by MQTT subscriber
#     URL: http://www.darksky.org/NSBM/sdf1.0.pdf
# - __serialized_columns__:
#     Enclosure Temperature:
#       __class__: astropy.units.quantity.Quantity
#       unit: &id001 !astropy.units.Unit {unit: deg_C}
#       value: !astropy.table.SerializedColumn {name: Enclosure Temperature}
#     Frequency:
#       __class__: astropy.units.quantity.Quantity
#       unit: !astropy.units.Unit {unit: Hz}
#       value: !astropy.table.SerializedColumn {name: Frequency}
#     MSAS:
#       __class__: astropy.units.quantity.Quantity
#       unit: !astropy.units.Unit {unit: mag / arcsec2}
#       value: !astropy.table.SerializedColumn {name: MSAS}
#     Moon Alt:
#       __class__: astropy.units.quantity.Quantity
#       unit: &id002 !astropy.units.Unit {unit: deg}
#       value: !astropy.table.SerializedColumn {name: Moon Alt}
#     Sky Temperature:
#       __class__: astropy.units.quantity.Quantity
#       unit: *id001
#       value: !astropy.table.SerializedColumn {name: Sky Temperature}
#     Sun Alt:
#       __class__: astropy.units.quantity.Quantity
#       unit: *id002
#       value: !astropy.table.SerializedColumn {name: Sun Alt}
#     time:
#       __class__: astropy.time.core.Time
#       format: isot
#       in_subfmt: '*'
#       out_subfmt: '*'
#       precision: 3
#       scale: utc
#       value: !astropy.table.SerializedColumn {name: time}
# schema: astropy-2.0
time,Enclosure Temperature,Sky Temperature,Frequency,MSAS,ZP,Sequence Number,Sun Alt,Moon Alt,Moon Illumination
[from data line 5820]
2024-04-09T01:18:45.000,10.35,0.31,115.66,15.34,20.5,223998,-36.99,-37.0,0.001
2024-04-09T01:19:45.000,10.75,-0.08,97.23,15.53,20.5,223999,-36.92,-36.0,0.001
2024-04-09T01:20:45.000,10.6,0.38,113.01,15.37,20.5,224000,-36.85,-36.0,0.001
2024-04-09T01:21:45.000,10.37,0.36,112.98,15.37,20.5,224001,-36.78,-36.0,0.001
2024-04-09T01:22:45.000,9.97,0.29,111.46,15.38,20.5,224002,-36.7,-36.0,0.001
2024-04-09T01:23:45.000,10.18,0.35,111.17,15.39,20.5,224003,-36.63,-36.0,0.001
2024-04-09T01:24:45.000,10.77,0.15,82.2,15.72,20.5,224004,-36.56,-36.0,0.001
2024-04-09T01:25:45.000,10.82,-0.11,79.3,15.75,20.5,224005,-36.48,-36.0,0.001
2024-04-09T01:26:45.000,10.74,-0.92,57.18,16.11,20.5,224006,-36.41,-36.0,0.001
2024-04-09T01:27:45.000,10.48,-1.32,41.46,16.47,20.5,224007,-36.33,-36.0,0.001
2024-04-09T01:28:45.000,10.31,-1.81,42.55,16.44,20.5,224008,-36.25,-36.0,0.001
2024-04-09T01:29:46.000,10.14,-0.17,70.91,15.88,20.5,224009,-36.17,-36.0,0.001
2024-04-09T01:30:46.000,10.03,1.11,108.25,15.42,20.5,224010,-36.09,-36.0,0.001
2024-04-09T01:31:46.000,10.44,1.23,102.45,15.48,20.5,224011,-36.01,-36.0,0.001
2024-04-09T01:32:46.000,10.59,0.56,79.8,15.75,20.5,224012,-35.93,-36.0,0.001
2024-04-09T01:33:46.000,10.42,0.16,71.11,15.87,20.5,224013,-35.85,-36.0,0.001
2024-04-09T01:34:46.000,10.27,0.55,85.07,15.68,20.5,224014,-35.77,-36.0,0.001
2024-04-09T01:35:46.000,10.08,1.29,94.25,15.57,20.5,224015,-35.68,-35.0,0.001
2024-04-09T01:36:46.000,10.0,1.32,96.57,15.54,20.5,224016,-35.6,-35.0,0.001
2024-04-09T01:37:46.000,10.39,1.35,119.75,15.3,20.5,224017,-35.51,-35.0,0.001
2024-04-09T01:38:46.000,10.63,1.43,105.91,15.44,20.5,224018,-35.43,-35.0,0.001
2024-04-09T01:39:46.000,10.7,1.27,112.11,15.38,20.5,224019,-35.34,-35.0,0.001
2024-04-09T01:40:46.000,10.48,1.02,92.27,15.59,20.5,224020,-35.25,-35.0,0.001
2024-04-09T01:41:46.000,10.27,-0.07,86.43,15.66,20.5,224021,-35.17,-35.0,0.001
2024-04-09T01:42:46.000,10.06,0.73,89.39,15.62,20.5,224022,-35.08,-35.0,0.001
2024-04-09T01:43:46.000,9.94,0.03,83.66,15.69,20.5,224023,-34.99,-35.0,0.001
2024-04-09T01:44:46.000,10.4,-0.61,62.18,16.02,20.5,224024,-34.9,-35.0,0.001
2024-04-09T01:45:46.000,10.62,-0.21,73.41,15.84,20.5,224025,-34.81,-35.0,0.001
2024-04-09T01:46:47.000,10.65,0.68,99.91,15.51,20.5,224026,-34.71,-35.0,0.001
2024-04-09T01:47:47.000,10.31,0.7,121.02,15.29,20.5,224027,-34.62,-35.0,0.001
2024-04-09T01:48:47.000,10.09,1.4,118.13,15.32,20.5,224028,-34.53,-34.0,0.001
2024-04-09T01:49:47.000,10.0,1.65,145.1,15.1,20.5,224029,-34.43,-34.0,0.001
2024-04-09T01:50:47.000,10.41,1.32,152.99,15.04,20.5,224030,-34.34,-34.0,0.002
2024-04-09T01:51:47.000,10.5,1.29,143.89,15.11,20.5,224031,-34.24,-34.0,0.002
2024-04-09T01:52:47.000,10.19,0.82,140.09,15.13,20.5,224032,-34.14,-34.0,0.002
2024-04-09T01:53:47.000,9.69,0.47,123.66,15.27,20.5,224033,-34.05,-34.0,0.002
2024-04-09T01:54:47.000,10.07,0.94,122.32,15.28,20.5,224034,-33.95,-34.0,0.002
2024-04-09T01:55:47.000,10.41,3.24,123.69,15.27,20.5,224035,-33.85,-34.0,0.002
2024-04-09T01:56:47.000,10.0,3.63,117.64,15.32,20.5,224036,-33.75,-34.0,0.002
2024-04-09T01:57:47.000,10.08,4.21,121.3,15.29,20.5,224037,-33.65,-34.0,0.002
2024-04-09T01:58:47.000,10.31,4.32,123.96,15.27,20.5,224038,-33.55,-34.0,0.002
2024-04-09T01:59:47.000,9.93,3.67,129.48,15.22,20.5,224039,-33.45,-34.0,0.002
2024-04-09T02:00:47.000,9.49,3.11,132.48,15.19,20.5,224040,-33.34,-33.0,0.002
2024-04-09T02:01:47.000,10.15,3.8,131.53,15.2,20.5,224041,-33.24,-33.0,0.002
2024-04-09T02:02:47.000,10.4,3.54,129.62,15.22,20.5,224042,-33.14,-33.0,0.002
2024-04-09T02:03:48.000,9.84,2.96,125.53,15.25,20.5,224043,-33.03,-33.0,0.002
2024-04-09T02:04:48.000,9.49,2.67,124.2,15.26,20.5,224044,-32.92,-33.0,0.002
2024-04-09T02:05:48.000,10.22,3.07,111.03,15.39,20.5,224045,-32.82,-33.0,0.002
2024-04-09T02:06:48.000,10.2,2.94,106.09,15.44,20.5,224046,-32.71,-33.0,0.002
2024-04-09T02:07:48.000,9.89,4.11,114.72,15.35,20.5,224047,-32.6,-33.0,0.002
2024-04-09T02:08:48.000,10.11,3.84,112.63,15.37,20.5,224048,-32.5,-33.0,0.002
2024-04-09T02:09:48.000,9.77,2.77,104.41,15.45,20.5,224049,-32.39,-33.0,0.002
2024-04-09T02:10:48.000,10.16,3.64,87.25,15.66,20.5,224050,-32.28,-33.0,0.002
2024-04-09T02:11:48.000,10.35,4.33,55.66,16.14,20.5,224051,-32.17,-32.0,0.002
2024-04-09T02:12:48.000,9.85,4.78,41.97,16.45,20.5,224052,-32.06,-32.0,0.002
2024-04-09T02:13:48.000,10.05,5.12,35.29,16.63,20.5,224053,-31.94,-32.0,0.002
2024-04-09T02:14:48.000,10.16,5.25,27.23,16.92,20.5,224054,-31.83,-32.0,0.002
2024-04-09T02:15:48.000,9.68,3.72,20.82,17.2,20.5,224055,-31.72,-32.0,0.002
2024-04-09T02:16:48.000,9.52,3.22,19.37,17.29,20.5,224056,-31.61,-32.0,0.002
2024-04-09T02:17:48.000,10.14,3.84,18.5,17.34,20.5,224057,-31.49,-32.0,0.002
2024-04-09T02:18:48.000,10.9,5.05,11.37,17.9,20.5,224058,-31.38,-32.0,0.002
2024-04-09T02:19:49.000,10.69,2.93,5.87,18.58,20.5,224059,-31.26,-32.0,0.002
2024-04-09T02:20:49.000,9.95,1.43,5.6,18.63,20.5,224060,-31.14,-32.0,0.002
2024-04-09T02:21:49.000,9.69,-0.37,9.78,18.06,20.5,224061,-31.03,-31.0,0.002
2024-04-09T02:22:49.000,10.02,-1.67,23.75,17.08,20.5,224062,-30.91,-31.0,0.002
2024-04-09T02:23:49.000,10.55,-0.4,28.57,16.86,20.5,224063,-30.79,-31.0,0.002
2024-04-09T02:24:49.000,10.26,-1.97,31.65,16.77,20.5,224064,-30.67,-31.0,0.002
2024-04-09T02:25:49.000,9.49,-7.02,10.54,17.98,20.5,224065,-30.55,-31.0,0.002
2024-04-09T02:26:49.000,9.99,-8.55,4.95,18.77,20.5,224066,-30.43,-31.0,0.002
2024-04-09T02:27:49.000,10.31,-12.31,5.34,18.7,20.5,224067,-30.31,-31.0,0.002
2024-04-09T02:28:49.000,9.91,-13.13,5.28,18.71,20.5,224068,-30.19,-31.0,0.002
2024-04-09T02:29:49.000,9.75,-13.99,5.19,18.73,20.5,224069,-30.07,-31.0,0.002
2024-04-09T02:30:49.000,10.53,-12.19,6.2,18.52,20.5,224070,-29.95,-30.0,0.002
2024-04-09T02:31:49.000,10.77,-15.29,5.3,18.69,20.5,224071,-29.83,-30.0,0.002
2024-04-09T02:32:49.000,9.98,-16.46,4.42,18.89,20.5,224072,-29.7,-30.0,0.002
2024-04-09T02:33:49.000,9.71,-16.71,4.6,18.85,20.5,224073,-29.58,-30.0,0.002
2024-04-09T02:34:49.000,10.5,-16.48,4.8,18.81,20.5,224074,-29.45,-30.0,0.002
2024-04-09T02:35:50.000,10.61,-13.59,10.31,18.03,20.5,224075,-29.33,-30.0,0.002
2024-04-09T02:36:50.000,10.32,-9.54,23.22,17.09,20.5,224076,-29.2,-30.0,0.002
2024-04-09T02:37:50.000,9.82,-9.94,18.28,17.36,20.5,224077,-29.07,-30.0,0.002
2024-04-09T02:38:50.000,9.99,-8.72,24.65,17.03,20.5,224078,-28.95,-30.0,0.002
2024-04-09T02:39:50.000,10.67,-7.5,23.86,17.11,20.5,224079,-28.82,-30.0,0.002
2024-04-09T02:40:50.000,10.83,-7.25,29.9,16.82,20.5,224080,-28.69,-29.0,0.002
2024-04-09T02:41:50.000,10.22,-11.49,21.03,17.27,20.5,224081,-28.56,-29.0,0.002
2024-04-09T02:42:50.000,9.75,-15.05,6.67,18.48,20.5,224082,-28.43,-29.0,0.002
2024-04-09T02:43:50.000,10.25,-15.73,4.92,18.78,20.5,224083,-28.3,-29.0,0.002
2024-04-09T02:44:50.000,10.54,-13.87,8.74,18.16,20.5,224084,-28.17,-29.0,0.002
2024-04-09T02:45:50.000,10.24,-12.48,12.15,17.79,20.5,224085,-28.04,-29.0,0.002
2024-04-09T02:46:50.000,9.81,-13.3,9.46,18.07,20.5,224086,-27.91,-29.0,0.002
2024-04-09T02:47:50.000,10.19,-12.67,12.67,17.77,20.5,224087,-27.78,-29.0,0.002
2024-04-09T02:48:50.000,10.55,-10.87,11.56,17.85,20.5,224088,-27.65,-28.0,0.002
2024-04-09T02:49:50.000,10.46,-8.73,15.95,17.51,20.5,224089,-27.52,-28.0,0.002
2024-04-09T02:50:50.000,10.04,-7.54,18.52,17.36,20.5,224090,-27.38,-28.0,0.002
2024-04-09T02:51:50.000,9.89,-5.83,25.44,16.99,20.5,224091,-27.25,-28.0,0.002
2024-04-09T02:52:51.000,10.51,-7.19,20.82,17.23,20.5,224092,-27.11,-28.0,0.002
2024-04-09T02:53:51.000,10.7,-7.94,19.01,17.32,20.5,224093,-26.98,-28.0,0.002
2024-04-09T02:54:51.000,10.51,-8.51,18.88,17.34,20.5,224094,-26.84,-28.0,0.002
2024-04-09T02:55:51.000,10.04,-9.28,16.82,17.48,20.5,224095,-26.71,-28.0,0.002
2024-04-09T02:56:51.000,9.97,-10.26,18.52,17.41,20.5,224096,-26.57,-27.0,0.002
2024-04-09T02:57:51.000,10.45,-13.08,6.57,18.46,20.5,224097,-26.43,-27.0,0.002
2024-04-09T02:58:51.000,10.43,-11.76,8.57,18.19,20.5,224098,-26.29,-27.0,0.002
2024-04-09T02:59:51.000,10.02,-8.75,19.85,17.29,20.5,224099,-26.16,-27.0,0.002
2024-04-09T03:00:51.000,10.11,-9.71,16.88,17.55,20.5,224100,-26.02,-27.0,0.002
2024-04-09T03:01:51.000,10.47,-14.46,4.88,18.78,20.5,224101,-25.88,-27.0,0.002
2024-04-09T03:02:51.000,10.45,-13.39,6.32,18.52,20.5,224102,-25.74,-27.0,0.002
2024-04-09T03:03:51.000,10.17,-11.06,10.55,17.95,20.5,224103,-25.6,-27.0,0.002
2024-04-09T03:04:51.000,9.83,-10.17,12.94,17.72,20.5,224104,-25.46,-27.0,0.002
2024-04-09T03:05:51.000,10.36,-12.23,9.89,18.03,20.5,224105,-25.32,-26.0,0.002
2024-04-09T03:06:51.000,10.72,-15.33,5.69,18.62,20.5,224106,-25.18,-26.0,0.002
2024-04-09T03:07:51.000,10.49,-12.05,9.64,18.08,20.5,224107,-25.04,-26.0,0.002
2024-04-09T03:08:51.000,10.11,-7.75,20.88,17.22,20.5,224108,-24.89,-26.0,0.002
2024-04-09T03:09:52.000,10.01,-4.55,31.36,15.67,20.5,224109,-24.75,-26.0,0.002
2024-04-09T03:10:52.000,10.63,-5.0,31.47,16.14,20.5,224110,-24.61,-26.0,0.002
2024-04-09T03:11:52.000,10.8,-4.7,34.01,16.69,20.5,224111,-24.46,-26.0,0.002
2024-04-09T03:12:52.000,10.77,-2.97,40.95,15.49,20.5,224112,-24.32,-25.0,0.002
2024-04-09T03:13:52.000,10.39,-2.56,61.68,16.03,20.5,224113,-24.17,-25.0,0.002
2024-04-09T03:14:52.000,10.13,-2.23,37.65,14.39,20.5,224114,-24.03,-25.0,0.002
2024-04-09T03:15:52.000,10.01,-0.21,73.62,15.86,20.5,224115,-23.88,-25.0,0.002
2024-04-09T03:16:52.000,10.29,1.06,111.01,15.39,20.5,224116,-23.74,-25.0,0.002
2024-04-09T03:17:52.000,10.49,0.75,98.89,15.52,20.5,224117,-23.59,-25.0,0.002
2024-04-09T03:18:52.000,10.47,0.59,83.57,15.7,20.5,224118,-23.45,-25.0,0.002
2024-04-09T03:19:52.000,10.23,0.85,122.4,15.28,20.5,224119,-23.3,-25.0,0.002
2024-04-09T03:20:52.000,9.86,-0.4,87.16,15.68,20.5,224120,-23.15,-24.0,0.002
2024-04-09T03:21:52.000,10.3,-1.29,70.82,15.88,20.5,224121,-23.0,-24.0,0.002
2024-04-09T03:22:52.000,10.6,0.44,93.06,15.58,20.5,224122,-22.86,-24.0,0.002
2024-04-09T03:23:52.000,10.45,0.77,79.11,15.77,20.5,224123,-22.71,-24.0,0.002
2024-04-09T03:24:52.000,10.1,-0.23,52.59,16.21,20.5,224124,-22.56,-24.0,0.002
2024-04-09T03:25:53.000,9.87,-1.5,73.1,15.86,20.5,224125,-22.41,-24.0,0.002
2024-04-09T03:26:53.000,10.52,-1.17,84.43,15.69,20.5,224126,-22.26,-24.0,0.002
2024-04-09T03:27:53.000,11.02,-1.8,64.51,16.0,20.5,224127,-22.11,-23.0,0.002
2024-04-09T03:28:53.000,10.93,-2.05,54.7,16.17,20.5,224128,-21.96,-23.0,0.002
2024-04-09T03:29:53.000,10.5,-2.07,56.86,16.12,20.5,224129,-21.81,-23.0,0.002
2024-04-09T03:30:53.000,10.09,-4.22,49.24,15.54,20.5,224130,-21.65,-23.0,0.002
2024-04-09T03:31:53.000,9.88,-7.29,35.49,16.15,20.5,224131,-21.5,-23.0,0.002
2024-04-09T03:32:53.000,10.47,-11.38,13.52,17.7,20.5,224132,-21.35,-23.0,0.002
2024-04-09T03:33:53.000,10.85,-12.33,13.5,17.7,20.5,224133,-21.2,-23.0,0.002
2024-04-09T03:34:53.000,10.82,-12.24,9.05,18.12,20.5,224134,-21.05,-23.0,0.002
2024-04-09T03:35:53.000,10.63,-10.12,13.51,17.69,20.5,224135,-20.89,-22.0,0.002
2024-04-09T03:36:53.000,10.37,-6.9,35.93,16.52,20.5,224136,-20.74,-22.0,0.002
2024-04-09T03:37:53.000,9.93,-1.28,97.45,15.54,20.5,224137,-20.58,-22.0,0.002
2024-04-09T03:38:53.000,10.33,0.59,133.57,15.19,20.5,224138,-20.43,-22.0,0.002
2024-04-09T03:39:53.000,10.99,0.63,128.83,15.23,20.5,224139,-20.28,-22.0,0.002
2024-04-09T03:40:53.000,11.11,0.55,123.68,15.27,20.5,224140,-20.12,-22.0,0.002
2024-04-09T03:41:53.000,10.99,0.45,108.92,15.41,20.5,224141,-19.97,-22.0,0.002
2024-04-09T03:42:54.000,10.65,0.43,121.41,15.29,20.5,224142,-19.81,-21.0,0.002
2024-04-09T03:43:54.000,10.22,0.45,107.15,15.43,20.5,224143,-19.65,-21.0,0.002
2024-04-09T03:44:54.000,10.03,0.85,117.52,15.33,20.5,224144,-19.49,-21.0,0.002
2024-04-09T03:45:54.000,10.09,0.75,143.93,15.11,20.5,224145,-19.34,-21.0,0.002
2024-04-09T03:46:54.000,10.65,0.74,150.47,15.06,20.5,224146,-19.18,-21.0,0.002
2024-04-09T03:47:54.000,10.82,0.71,127.15,15.24,20.5,224147,-19.02,-21.0,0.002
2024-04-09T03:48:54.000,10.72,0.79,120.2,15.3,20.5,224148,-18.87,-21.0,0.002
2024-04-09T03:49:54.000,10.5,-0.38,98.92,15.52,20.5,224149,-18.71,-20.0,0.002
2024-04-09T03:50:54.000,10.13,-2.71,58.95,16.09,20.5,224150,-18.55,-20.0,0.002
2024-04-09T03:51:54.000,9.94,-4.39,32.89,16.07,20.5,224151,-18.39,-20.0,0.002
2024-04-09T03:52:54.000,10.49,-5.09,34.69,16.1,20.5,224152,-18.23,-20.0,0.002
2024-04-09T03:53:54.000,10.79,-7.38,29.09,16.66,20.5,224153,-18.07,-20.0,0.002
2024-04-09T03:54:54.000,10.59,-4.68,66.42,15.96,20.5,224154,-17.91,-20.0,0.002
2024-04-09T03:55:54.000,10.37,-6.06,30.46,16.76,20.5,224155,-17.75,-19.0,0.002
2024-04-09T03:56:54.000,10.16,-4.49,74.48,15.83,20.5,224156,-17.59,-19.0,0.002
2024-04-09T03:57:54.000,9.91,-5.62,36.44,16.64,20.5,224157,-17.43,-19.0,0.002
2024-04-09T03:58:55.000,10.22,-5.13,51.53,16.24,20.5,224158,-17.27,-19.0,0.002
2024-04-09T03:59:55.000,10.77,-4.76,51.35,16.23,20.5,224159,-17.11,-19.0,0.002
2024-04-09T04:00:55.000,10.86,-4.48,38.29,16.55,20.5,224160,-16.95,-19.0,0.002
2024-04-09T04:01:55.000,10.7,-1.66,79.89,15.76,20.5,224161,-16.78,-19.0,0.002
2024-04-09T04:02:55.000,10.43,-0.65,123.26,15.28,20.5,224162,-16.62,-18.0,0.003
2024-04-09T04:03:55.000,10.13,0.61,147.86,15.08,20.5,224163,-16.46,-18.0,0.003
2024-04-09T04:04:55.000,10.02,-1.38,87.26,15.69,20.5,224164,-16.3,-18.0,0.003
2024-04-09T04:05:55.000,10.04,-1.61,88.77,15.72,20.5,224165,-16.13,-18.0,0.003
2024-04-09T04:06:55.000,10.17,0.27,167.28,14.94,20.5,224166,-15.97,-18.0,0.003
2024-04-09T04:07:55.000,10.19,0.85,164.09,14.96,20.5,224167,-15.81,-18.0,0.003
2024-04-09T04:08:55.000,10.14,-0.7,108.43,15.43,20.5,224168,-15.64,-18.0,0.003
2024-04-09T04:09:55.000,9.99,-0.7,105.89,15.44,20.5,224169,-15.48,-17.0,0.003
2024-04-09T04:10:55.000,10.41,-0.31,113.98,15.36,20.5,224170,-15.31,-17.0,0.003
2024-04-09T04:11:55.000,10.91,-0.02,140.83,15.13,20.5,224171,-15.15,-17.0,0.003
2024-04-09T04:12:55.000,11.01,-0.37,100.32,15.5,20.5,224172,-14.98,-17.0,0.003
2024-04-09T04:13:55.000,10.92,-0.3,118.29,15.32,20.5,224173,-14.82,-17.0,0.003
2024-04-09T04:14:55.000,10.81,-0.98,88.95,15.64,20.5,224174,-14.65,-17.0,0.003
2024-04-09T04:15:56.000,10.65,0.39,116.58,15.34,20.5,224175,-14.49,-16.0,0.003
2024-04-09T04:16:56.000,10.48,0.92,149.95,15.06,20.5,224176,-14.32,-16.0,0.003
2024-04-09T04:17:56.000,10.21,0.46,124.94,15.26,20.5,224177,-14.15,-16.0,0.003
2024-04-09T04:18:56.000,10.0,0.7,146.67,15.09,20.5,224178,-13.99,-16.0,0.003
2024-04-09T04:19:56.000,10.38,0.84,165.75,14.95,20.5,224179,-13.82,-16.0,0.003
2024-04-09T04:20:56.000,10.76,1.04,139.34,15.14,20.5,224180,-13.65,-16.0,0.003
2024-04-09T04:21:56.000,10.98,1.26,157.33,15.01,20.5,224181,-13.49,-16.0,0.003
2024-04-09T04:22:56.000,10.87,0.69,159.24,15.0,20.5,224182,-13.32,-15.0,0.003
2024-04-09T04:23:56.000,10.59,0.39,128.52,15.23,20.5,224183,-13.15,-15.0,0.003
2024-04-09T04:24:56.000,10.32,0.64,157.1,15.01,20.5,224184,-12.98,-15.0,0.003
2024-04-09T04:25:56.000,10.15,0.9,152.76,15.04,20.5,224185,-12.81,-15.0,0.003
2024-04-09T04:26:56.000,10.01,1.03,148.98,15.07,20.5,224186,-12.65,-15.0,0.003
2024-04-09T04:27:56.000,10.13,0.88,145.21,15.1,20.5,224187,-12.48,-15.0,0.003
2024-04-09T04:28:56.000,10.7,0.83,149.62,15.06,20.5,224188,-12.31,-14.0,0.003
2024-04-09T04:29:56.000,10.82,0.3,161.42,14.98,20.5,224189,-12.14,-14.0,0.003
2024-04-09T04:30:56.000,10.64,0.53,171.37,14.92,20.5,224190,-11.97,-14.0,0.003
2024-04-09T04:31:56.000,10.49,0.94,149.7,15.06,20.5,224191,-11.8,-14.0,0.003
2024-04-09T04:32:57.000,10.27,-0.39,94.43,15.58,20.5,224192,-11.63,-14.0,0.003
2024-04-09T04:33:57.000,9.99,-0.49,112.43,15.39,20.5,224193,-11.46,-14.0,0.003
2024-04-09T04:34:57.000,10.14,0.24,148.83,15.07,20.5,224194,-11.29,-13.0,0.003
2024-04-09T04:35:57.000,10.8,0.3,153.44,15.04,20.5,224195,-11.12,-13.0,0.003
2024-04-09T04:36:57.000,10.94,0.36,160.81,14.99,20.5,224196,-10.95,-13.0,0.003
2024-04-09T04:37:57.000,10.84,0.54,177.15,14.88,20.5,224197,-10.77,-13.0,0.003
2024-04-09T04:38:57.000,10.71,0.77,173.48,14.9,20.5,224198,-10.6,-13.0,0.003
2024-04-09T04:39:57.000,10.48,2.03,184.04,14.84,20.5,224199,-10.43,-13.0,0.003
2024-04-09T04:40:57.000,10.09,1.04,189.89,14.8,20.5,224200,-10.26,-13.0,0.003
