ecsv/stars7/stars7_2024-04.ecsv
# %ECSV 1.0
# ---
# datatype:
# - {name: time, datatype: string}
# - {name: Enclosure Temperature, unit: deg_C, datatype: float64}
# - {name: Sky Temperature, unit: deg_C, datatype: float64}
# - {name: Frequency, unit: Hz, datatype: float64}
# - {name: MSAS, unit: mag / arcsec2, datatype: float64}
# - {name: ZP, datatype: float64}
# - {name: Sequence Number, datatype: int64}
# - {name: Sun Alt, unit: deg, datatype: float64}
# - {name: Moon Alt, unit: deg, datatype: float64}
# - {name: Moon Illumination, datatype: float64}
# delimiter: ','
# meta: !!omap
# - ida:
#     Data supplier: {affiliation: null, observer: Fernando Jauregui}
#     Device type: TESS-W
#     Field of view: 17.0
#     Filters per channel: None
#     Instrument ID: stars7
#     License: ODbL 1.0 http://opendatacommons.org/licenses/odbl/summary/
#     Local timezone: Europe/Madrid
#     Location name: {country: '- Pamplona Centro', place: Pamplona, region: Spain, sub_region: Navarre, town: Navarre}
#     Measurement direction per channel: {azimuth: 0.0, zenital: 0.0}
#     Moving / Fixed look direction: FIXED
#     Moving / Stationary position: STATIONARY
#     Number of channels: 1
#     Number of fields per line: 8
#     Number of header lines: 35
#     Position: {height: 0.0, latitude: 42.81732, longitude: -1.64543}
#     TESS MAC address: 5C:CF:7F:82:8D:7B
#     TESS cover offset value: 0.0
#     TESS firmware version: '1.0'
#     TESS zero point: 20.5
#     Time Synchronization: timestamp added by MQTT subscriber
#     URL: http://www.darksky.org/NSBM/sdf1.0.pdf
# - __serialized_columns__:
#     Enclosure Temperature:
#       __class__: astropy.units.quantity.Quantity
#       unit: &id001 !astropy.units.Unit {unit: deg_C}
#       value: !astropy.table.SerializedColumn {name: Enclosure Temperature}
#     Frequency:
#       __class__: astropy.units.quantity.Quantity
#       unit: !astropy.units.Unit {unit: Hz}
#       value: !astropy.table.SerializedColumn {name: Frequency}
#     MSAS:
#       __class__: astropy.units.quantity.Quantity
#       unit: !astropy.units.Unit {unit: mag / arcsec2}
#       value: !astropy.table.SerializedColumn {name: MSAS}
#     Moon Alt:
#       __class__: astropy.units.quantity.Quantity
#       unit: &id002 !astropy.units.Unit {unit: deg}
#       value: !astropy.table.SerializedColumn {name: Moon Alt}
#     Sky Temperature:
#       __class__: astropy.units.quantity.Quantity
#       unit: *id001
#       value: !astropy.table.SerializedColumn {name: Sky Temperature}
#     Sun Alt:
#       __class__: astropy.units.quantity.Quantity
#       unit: *id002
#       value: !astropy.table.SerializedColumn {name: Sun Alt}
#     time:
#       __class__: astropy.time.core.Time
#       format: isot
#       in_subfmt: '*'
#       out_subfmt: '*'
#       precision: 3
#       scale: utc
#       value: !astropy.table.SerializedColumn {name: time}
# schema: astropy-2.0
time,Enclosure Temperature,Sky Temperature,Frequency,MSAS,ZP,Sequence Number,Sun Alt,Moon Alt,Moon Illumination
[from data line 7264]
2024-04-11T03:00:40.000,10.46,-11.27,4.09,18.97,20.5,226976,-25.36,-25.0,0.079
2024-04-11T03:01:40.000,10.36,-11.44,4.1,18.97,20.5,226977,-25.22,-25.0,0.079
2024-04-11T03:02:40.000,10.24,-11.16,4.12,18.96,20.5,226978,-25.08,-25.0,0.079
2024-04-11T03:03:40.000,10.11,-11.32,4.1,18.97,20.5,226979,-24.94,-25.0,0.079
2024-04-11T03:04:40.000,10.02,-11.18,4.01,18.99,20.5,226980,-24.8,-25.0,0.079
2024-04-11T03:05:40.000,10.22,-11.02,4.01,18.99,20.5,226981,-24.66,-25.0,0.079
2024-04-11T03:06:40.000,10.33,-10.99,4.06,18.98,20.5,226982,-24.52,-25.0,0.079
2024-04-11T03:07:40.000,10.31,-11.28,4.08,18.97,20.5,226983,-24.38,-25.0,0.079
2024-04-11T03:08:40.000,10.17,-11.23,4.11,18.97,20.5,226984,-24.24,-25.0,0.079
2024-04-11T03:09:40.000,10.09,-10.94,4.1,18.97,20.5,226985,-24.1,-25.0,0.079
2024-04-11T03:10:40.000,10.03,-10.88,4.11,18.97,20.5,226986,-23.96,-25.0,0.079
2024-04-11T03:11:40.000,10.03,-10.86,4.12,18.96,20.5,226987,-23.81,-25.0,0.079
2024-04-11T03:12:40.000,10.03,-11.15,4.13,18.96,20.5,226988,-23.67,-25.0,0.079
2024-04-11T03:13:40.000,10.09,-11.06,4.12,18.96,20.5,226989,-23.53,-24.0,0.079
2024-04-11T03:14:40.000,10.33,-11.3,4.13,18.96,20.5,226990,-23.38,-24.0,0.079
2024-04-11T03:15:40.000,10.31,-11.44,4.13,18.96,20.5,226991,-23.24,-24.0,0.079
2024-04-11T03:16:41.000,10.22,-11.15,4.12,18.96,20.5,226992,-23.09,-24.0,0.079
2024-04-11T03:17:41.000,10.19,-11.15,4.11,18.96,20.5,226993,-22.95,-24.0,0.08
2024-04-11T03:18:41.000,10.09,-10.97,4.09,18.97,20.5,226994,-22.8,-24.0,0.08
2024-04-11T03:19:41.000,9.99,-11.35,4.08,18.97,20.5,226995,-22.65,-24.0,0.08
2024-04-11T03:20:41.000,10.28,-11.46,4.08,18.97,20.5,226996,-22.51,-24.0,0.08
2024-04-11T03:21:41.000,10.68,-11.47,4.09,18.97,20.5,226997,-22.36,-24.0,0.08
2024-04-11T03:22:41.000,10.8,-11.37,4.12,18.96,20.5,226998,-22.21,-24.0,0.08
2024-04-11T03:23:41.000,10.68,-11.53,4.15,18.95,20.5,226999,-22.07,-24.0,0.08
2024-04-11T03:24:41.000,10.53,-11.29,4.17,18.95,20.5,227000,-21.92,-24.0,0.08
2024-04-11T03:25:41.000,10.32,-11.34,4.19,18.94,20.5,227001,-21.77,-24.0,0.08
2024-04-11T03:26:41.000,10.16,-11.09,4.2,18.94,20.5,227002,-21.62,-24.0,0.08
2024-04-11T03:27:41.000,10.03,-11.01,4.24,18.93,20.5,227003,-21.47,-24.0,0.08
2024-04-11T03:28:41.000,10.11,-11.16,4.27,18.92,20.5,227004,-21.32,-24.0,0.08
2024-04-11T03:29:41.000,10.19,-11.0,4.35,18.91,20.5,227005,-21.17,-24.0,0.08
2024-04-11T03:30:41.000,10.23,-10.52,4.44,18.88,20.5,227006,-21.02,-24.0,0.08
2024-04-11T03:31:42.000,10.21,-10.42,4.6,18.85,20.5,227007,-20.87,-23.0,0.08
2024-04-11T03:32:42.000,10.08,-10.3,4.9,18.78,20.5,227008,-20.71,-23.0,0.08
2024-04-11T03:33:42.000,10.01,-10.14,5.12,18.73,20.5,227009,-20.56,-23.0,0.08
2024-04-11T03:34:42.000,10.12,-10.19,5.22,18.71,20.5,227010,-20.41,-23.0,0.08
2024-04-11T03:35:42.000,10.18,-10.08,5.31,18.69,20.5,227011,-20.26,-23.0,0.08
2024-04-11T03:36:42.000,10.18,-9.89,5.28,18.69,20.5,227012,-20.11,-23.0,0.08
2024-04-11T03:37:42.000,10.08,-9.87,5.09,18.73,20.5,227013,-19.95,-23.0,0.08
2024-04-11T03:38:42.000,10.02,-9.77,5.12,18.73,20.5,227014,-19.8,-23.0,0.08
2024-04-11T03:39:42.000,10.05,-10.23,5.39,18.67,20.5,227015,-19.65,-23.0,0.081
2024-04-11T03:40:42.000,10.28,-9.95,5.36,18.68,20.5,227016,-19.49,-23.0,0.081
2024-04-11T03:41:42.000,10.35,-10.21,5.17,18.72,20.5,227017,-19.34,-23.0,0.081
2024-04-11T03:42:42.000,10.22,-10.16,5.02,18.75,20.5,227018,-19.18,-23.0,0.081
2024-04-11T03:43:42.000,10.08,-10.21,5.0,18.75,20.5,227019,-19.03,-23.0,0.081
2024-04-11T03:44:42.000,10.03,-9.91,5.03,18.75,20.5,227020,-18.87,-23.0,0.081
2024-04-11T03:45:42.000,10.18,-9.79,5.11,18.73,20.5,227021,-18.71,-22.0,0.081
2024-04-11T03:46:42.000,10.23,-9.94,5.2,18.71,20.5,227022,-18.56,-22.0,0.081
2024-04-11T03:47:43.000,10.18,-9.75,5.28,18.7,20.5,227023,-18.4,-22.0,0.081
2024-04-11T03:48:43.000,10.08,-9.87,5.38,18.67,20.5,227024,-18.24,-22.0,0.081
2024-04-11T03:49:43.000,10.05,-9.48,5.47,18.66,20.5,227025,-18.08,-22.0,0.081
2024-04-11T03:50:43.000,10.0,-9.99,5.47,18.66,20.5,227026,-17.93,-22.0,0.081
2024-04-11T03:51:43.000,10.35,-10.07,5.39,18.67,20.5,227027,-17.77,-22.0,0.081
2024-04-11T03:52:43.000,10.61,-9.93,5.43,18.66,20.5,227028,-17.61,-22.0,0.081
2024-04-11T03:53:43.000,10.64,-9.79,5.44,18.66,20.5,227029,-17.45,-22.0,0.081
2024-04-11T03:54:43.000,10.61,-9.68,5.49,18.65,20.5,227030,-17.29,-22.0,0.081
2024-04-11T03:55:43.000,10.43,-10.05,5.59,18.63,20.5,227031,-17.13,-22.0,0.081
2024-04-11T03:56:43.000,10.27,-9.86,5.62,18.63,20.5,227032,-16.97,-22.0,0.081
2024-04-11T03:57:43.000,10.12,-9.93,5.69,18.61,20.5,227033,-16.81,-22.0,0.081
2024-04-11T03:58:43.000,10.02,-9.85,5.75,18.6,20.5,227034,-16.65,-22.0,0.081
2024-04-11T03:59:43.000,10.13,-9.77,5.63,18.63,20.5,227035,-16.49,-21.0,0.081
2024-04-11T04:00:43.000,10.24,-9.77,5.69,18.61,20.5,227036,-16.33,-21.0,0.081
2024-04-11T04:01:43.000,10.18,-9.99,5.93,18.57,20.5,227037,-16.17,-21.0,0.081
2024-04-11T04:02:43.000,10.06,-10.05,5.94,18.57,20.5,227038,-16.01,-21.0,0.082
2024-04-11T04:03:43.000,10.05,-9.85,6.07,18.54,20.5,227039,-15.85,-21.0,0.082
2024-04-11T04:04:44.000,10.3,-9.83,6.21,18.52,20.5,227040,-15.68,-21.0,0.082
2024-04-11T04:05:44.000,10.4,-9.88,6.36,18.49,20.5,227041,-15.52,-21.0,0.082
2024-04-11T04:06:44.000,10.38,-9.76,6.53,18.46,20.5,227042,-15.36,-21.0,0.082
2024-04-11T04:07:44.000,10.26,-9.9,6.43,18.48,20.5,227043,-15.19,-21.0,0.082
2024-04-11T04:08:44.000,10.25,-9.47,6.39,18.49,20.5,227044,-15.03,-21.0,0.082
2024-04-11T04:09:44.000,10.2,-9.8,6.43,18.48,20.5,227045,-14.87,-21.0,0.082
2024-04-11T04:10:44.000,10.08,-9.92,6.43,18.48,20.5,227046,-14.7,-20.0,0.082
2024-04-11T04:11:44.000,10.0,-10.15,6.24,18.51,20.5,227047,-14.54,-20.0,0.082
2024-04-11T04:12:44.000,10.35,-10.41,6.12,18.53,20.5,227048,-14.38,-20.0,0.082
2024-04-11T04:13:44.000,10.66,-10.49,5.91,18.57,20.5,227049,-14.21,-20.0,0.082
2024-04-11T04:14:44.000,10.75,-10.68,5.94,18.57,20.5,227050,-14.05,-20.0,0.082
2024-04-11T04:15:44.000,10.6,-10.64,5.88,18.58,20.5,227051,-13.88,-20.0,0.082
2024-04-11T04:16:44.000,10.45,-10.37,6.26,18.51,20.5,227052,-13.72,-20.0,0.082
2024-04-11T04:17:44.000,10.28,-10.14,9.08,18.12,20.5,227053,-13.55,-20.0,0.082
2024-04-11T04:18:44.000,10.18,-10.2,7.01,18.39,20.5,227054,-13.38,-20.0,0.082
2024-04-11T04:19:44.000,10.09,-10.49,5.89,18.58,20.5,227055,-13.22,-20.0,0.082
2024-04-11T04:20:44.000,10.05,-10.92,5.64,18.62,20.5,227056,-13.05,-20.0,0.082
2024-04-11T04:21:45.000,10.5,-10.99,5.78,18.6,20.5,227057,-12.88,-20.0,0.082
2024-04-11T04:22:45.000,10.75,-10.98,5.55,18.64,20.5,227058,-12.72,-19.0,0.082
2024-04-11T04:23:45.000,10.74,-10.87,5.88,18.58,20.5,227059,-12.55,-19.0,0.082
2024-04-11T04:24:45.000,10.6,-10.66,8.26,18.21,20.5,227060,-12.38,-19.0,0.082
2024-04-11T04:25:45.000,10.48,-10.11,7.45,18.33,20.5,227061,-12.21,-19.0,0.083
2024-04-11T04:26:45.000,10.33,-10.42,6.7,18.44,20.5,227062,-12.05,-19.0,0.083
2024-04-11T04:27:45.000,10.19,-10.6,6.45,18.48,20.5,227063,-11.88,-19.0,0.083
2024-04-11T04:28:45.000,10.06,-10.51,6.39,18.49,20.5,227064,-11.71,-19.0,0.083
2024-04-11T04:29:45.000,10.04,-9.99,9.46,18.08,20.5,227065,-11.54,-19.0,0.083
2024-04-11T04:30:45.000,10.1,-10.27,7.79,18.27,20.5,227066,-11.37,-19.0,0.083
2024-04-11T04:31:45.000,10.03,-10.46,7.57,18.3,20.5,227067,-11.2,-19.0,0.083
2024-04-11T04:32:45.000,10.13,-10.1,7.71,18.28,20.5,227068,-11.03,-18.0,0.083
2024-04-11T04:33:45.000,10.15,-10.3,12.67,17.76,20.5,227069,-10.86,-18.0,0.083
2024-04-11T04:34:45.000,10.11,-10.41,9.24,18.11,20.5,227070,-10.69,-18.0,0.083
2024-04-11T04:35:45.000,10.03,-10.85,8.78,18.16,20.5,227071,-10.52,-18.0,0.083
2024-04-11T04:36:45.000,10.12,-11.11,7.94,18.25,20.5,227072,-10.35,-18.0,0.083
2024-04-11T04:37:46.000,10.49,-10.84,8.5,18.18,20.5,227073,-10.18,-18.0,0.083
2024-04-11T04:38:46.000,10.69,-10.95,9.07,18.11,20.5,227074,-10.01,-18.0,0.083
2024-04-11T04:39:46.000,10.67,-10.86,9.72,18.03,20.5,227075,-9.84,-18.0,0.083
2024-04-11T04:40:46.000,10.58,-11.08,10.27,17.97,20.5,227076,-9.67,-18.0,0.083
2024-04-11T04:41:46.000,10.47,-10.78,11.35,17.86,20.5,227077,-9.5,-18.0,0.083
2024-04-11T04:42:46.000,10.35,-10.6,15.42,17.54,20.5,227078,-9.33,-17.0,0.083
2024-04-11T04:43:46.000,10.25,-10.5,14.46,17.6,20.5,227079,-9.15,-17.0,0.083
2024-04-11T04:44:46.000,10.17,-10.62,15.75,17.51,20.5,227080,-8.98,-17.0,0.083
2024-04-11T04:45:46.000,10.1,-10.48,19.31,17.29,20.5,227081,-8.81,-17.0,0.083
2024-04-11T04:46:46.000,10.02,-10.73,23.32,17.09,20.5,227082,-8.64,-17.0,0.083
2024-04-11T04:47:46.000,10.1,-11.09,22.91,17.1,20.5,227083,-8.47,-17.0,0.084
2024-04-11T04:48:46.000,10.23,-10.79,27.1,16.92,20.5,227084,-8.29,-17.0,0.084
2024-04-11T04:49:46.000,10.26,-11.02,31.96,16.74,20.5,227085,-8.12,-17.0,0.084
2024-04-11T04:50:46.000,10.22,-10.97,37.78,16.56,20.5,227086,-7.95,-17.0,0.084
2024-04-11T04:51:46.000,10.12,-11.06,44.39,16.38,20.5,227087,-7.77,-16.0,0.084
2024-04-11T04:52:46.000,10.03,-10.84,53.85,16.17,20.5,227088,-7.6,-16.0,0.084
2024-04-11T04:53:47.000,10.15,-10.62,66.89,15.94,20.5,227089,-7.42,-16.0,0.084
2024-04-11T04:54:47.000,10.36,-10.9,81.24,15.73,20.5,227090,-7.25,-16.0,0.084
2024-04-11T04:55:47.000,10.41,-10.55,101.07,15.49,20.5,227091,-7.08,-16.0,0.084
2024-04-11T04:56:47.000,10.4,-10.86,124.97,15.26,20.5,227092,-6.9,-16.0,0.084
2024-04-11T04:57:47.000,10.33,-10.91,153.89,15.03,20.5,227093,-6.73,-16.0,0.084
2024-04-11T04:58:47.000,10.27,-10.54,192.63,14.79,20.5,227094,-6.55,-16.0,0.084
2024-04-11T04:59:47.000,10.21,-10.47,244.47,14.53,20.5,227095,-6.38,-16.0,0.084
2024-04-11T05:00:47.000,10.17,-9.72,323.03,14.23,20.5,227096,-6.2,-15.0,0.084
2024-04-11T05:01:47.000,10.18,-10.1,392.18,14.02,20.5,227097,-6.03,-15.0,0.084
2024-04-11T05:02:47.000,10.11,-10.35,482.58,13.79,20.5,227098,-5.85,-15.0,0.084
2024-04-11T05:03:47.000,10.01,-9.97,647.4,13.48,20.5,227099,-5.68,-15.0,0.084
2024-04-11T05:04:47.000,9.94,-10.43,790.36,13.26,20.5,227100,-5.5,-15.0,0.084
2024-04-11T05:05:47.000,9.9,-10.28,949.12,13.06,20.5,227101,-5.33,-15.0,0.084
2024-04-11T05:06:47.000,9.92,-9.51,1230.51,12.78,20.5,227102,-5.15,-15.0,0.084
2024-04-11T05:07:47.000,9.96,-8.93,1737.28,12.41,20.5,227103,-4.97,-15.0,0.084
2024-04-11T05:08:47.000,9.92,-9.21,2048.49,12.22,20.5,227104,-4.8,-15.0,0.084
2024-04-11T05:09:47.000,9.95,-8.23,2631.0,11.95,20.5,227105,-4.62,-14.0,0.085
2024-04-11T05:10:48.000,9.97,-8.46,3237.93,11.73,20.5,227106,-4.44,-14.0,0.085
2024-04-11T05:11:48.000,10.0,-9.29,3871.82,11.53,20.5,227107,-4.27,-14.0,0.085
2024-04-11T05:12:48.000,9.95,-10.26,4536.07,11.36,20.5,227108,-4.09,-14.0,0.085
2024-04-11T05:13:48.000,9.93,-9.94,5513.01,11.15,20.5,227109,-3.91,-14.0,0.085
2024-04-11T05:14:48.000,10.0,-9.89,6889.2,10.91,20.5,227110,-3.73,-14.0,0.085
2024-04-11T05:15:48.000,10.04,-10.26,8099.84,10.73,20.5,227111,-3.56,-14.0,0.085
2024-04-11T05:16:48.000,10.07,-10.21,9699.55,10.53,20.5,227112,-3.38,-14.0,0.085
2024-04-11T05:17:48.000,10.03,-10.57,11590.36,10.34,20.5,227113,-3.2,-13.0,0.085
2024-04-11T05:18:48.000,9.95,-10.52,13733.15,10.16,20.5,227114,-3.02,-13.0,0.085
2024-04-11T05:19:48.000,9.93,-10.43,16538.73,9.95,20.5,227115,-2.85,-13.0,0.085
2024-04-11T05:20:48.000,9.95,-10.45,19105.93,9.8,20.5,227116,-2.67,-13.0,0.085
2024-04-11T05:21:48.000,9.96,-10.09,23709.96,9.57,20.5,227117,-2.49,-13.0,0.085
2024-04-11T05:22:48.000,9.98,-9.61,30893.73,9.28,20.5,227118,-2.31,-13.0,0.085
2024-04-11T05:23:48.000,9.99,-10.08,31608.31,9.25,20.5,227119,-2.13,-13.0,0.085
2024-04-11T05:24:48.000,9.99,-9.78,38203.29,9.05,20.5,227120,-1.96,-13.0,0.085
2024-04-11T05:25:48.000,9.95,-10.1,44612.87,8.88,20.5,227121,-1.78,-12.0,0.085
2024-04-11T05:26:48.000,9.98,-9.98,50090.77,8.75,20.5,227122,-1.6,-12.0,0.085
2024-04-11T05:27:49.000,10.0,-9.89,58234.31,8.59,20.5,227123,-1.42,-12.0,0.085
2024-04-11T05:28:49.000,10.02,-9.65,5788.83,0.76,20.5,227124,-1.24,-12.0,0.085
2024-04-11T05:29:49.000,10.01,-9.85,0.0,0.0,20.5,227125,-1.06,-12.0,0.085
2024-04-11T05:30:49.000,10.03,-10.01,0.0,0.0,20.5,227126,-0.88,-12.0,0.085
2024-04-11T05:31:49.000,10.02,-10.2,0.0,0.0,20.5,227127,-0.7,-12.0,0.086
2024-04-11T05:32:49.000,9.99,-10.4,0.0,0.0,20.5,227128,-0.52,-12.0,0.086
2024-04-11T05:33:49.000,9.98,-10.22,0.0,0.0,20.5,227129,-0.34,-11.0,0.086
2024-04-11T05:34:49.000,10.03,-10.16,0.4,0.17,20.5,227130,-0.16,-11.0,0.086
2024-04-11T05:35:49.000,10.0,-10.42,0.0,0.0,20.5,227131,0.02,-11.0,0.086
2024-04-11T05:36:49.000,10.02,-10.22,0.0,0.0,20.5,227132,0.2,-11.0,0.086
2024-04-11T05:37:49.000,10.01,-10.46,0.0,0.0,20.5,227133,0.38,-11.0,0.086
2024-04-11T05:52:50.000,10.13,-10.67,0.0,0.0,20.5,227148,3.09,-9.0,0.086
2024-04-11T05:53:50.000,10.08,-10.49,0.0,0.0,20.5,227149,3.27,-9.0,0.086
2024-04-11T05:54:50.000,10.14,-10.14,0.0,0.0,20.5,227150,3.46,-9.0,0.087
2024-04-11T05:55:50.000,10.19,-10.31,0.11,0.09,20.5,227151,3.64,-9.0,0.087
2024-04-11T05:56:50.000,10.18,-10.54,0.0,0.0,20.5,227152,3.82,-8.0,0.087
2024-04-11T05:57:50.000,10.16,-10.23,0.0,0.0,20.5,227153,4.0,-8.0,0.087
2024-04-11T05:58:50.000,10.21,-10.12,0.0,0.0,20.5,227154,4.18,-8.0,0.087
2024-04-11T09:13:26.000,16.97,-6.74,0.0,0.0,20.5,227348,38.84,23.0,0.096
2024-04-11T09:14:27.000,16.93,-6.81,0.0,0.0,20.5,227349,39.0,23.0,0.096
2024-04-11T09:15:26.000,16.97,-6.44,0.0,0.0,20.5,227350,39.16,24.0,0.096
2024-04-11T09:17:26.000,17.09,-6.35,0.0,0.0,20.5,227352,39.48,24.0,0.096
2024-04-11T09:18:26.000,17.16,-6.37,0.0,0.0,20.5,227353,39.63,24.0,0.096
2024-04-11T09:19:27.000,17.12,-6.99,0.0,0.0,20.5,227354,39.8,24.0,0.096
2024-04-11T11:14:34.000,19.3,-5.04,0.0,0.0,20.5,227469,53.86,45.0,0.102
2024-04-11T11:15:34.000,19.32,-5.23,0.0,0.0,20.5,227470,53.93,45.0,0.102
2024-04-11T11:16:34.000,19.34,-5.18,0.0,0.0,20.5,227471,54.0,45.0,0.102
2024-04-11T11:18:39.000,19.41,-5.27,0.0,0.0,20.5,227473,54.14,46.0,0.102
2024-04-11T11:19:39.000,19.41,-4.99,0.0,0.0,20.5,227474,54.2,46.0,0.102
2024-04-11T11:20:39.000,19.4,-5.47,0.0,0.0,20.5,227475,54.26,46.0,0.102
2024-04-11T11:57:42.000,34.45,0.03,0.0,0.0,20.5,227512,55.72,52.0,0.104
2024-04-11T11:58:42.000,34.59,-0.48,0.0,0.0,20.5,227513,55.73,53.0,0.104
2024-04-11T11:59:42.000,34.48,-0.46,0.0,0.0,20.5,227514,55.74,53.0,0.104
2024-04-11T12:01:42.000,33.75,0.06,0.0,0.0,20.5,227516,55.76,53.0,0.104
2024-04-11T12:02:42.000,34.06,-0.18,0.0,0.0,20.5,227517,55.77,53.0,0.104
2024-04-11T12:03:42.000,34.24,0.13,0.0,0.0,20.5,227518,55.77,53.0,0.104
2024-04-11T12:05:42.000,35.13,0.56,0.0,0.0,20.5,227520,55.78,54.0,0.104
2024-04-11T12:07:42.000,34.14,-1.4,0.0,0.0,20.5,227522,55.79,54.0,0.104
2024-04-11T12:08:42.000,33.48,-2.21,0.0,0.0,20.5,227523,55.78,54.0,0.104
2024-04-11T12:09:42.000,33.74,0.88,0.0,0.0,20.5,227524,55.78,54.0,0.104
2024-04-11T13:27:47.000,34.33,0.51,0.0,0.0,20.5,227602,51.54,66.0,0.108
2024-04-11T13:28:47.000,34.03,-0.97,0.0,0.0,20.5,227603,51.44,66.0,0.108
2024-04-11T13:29:47.000,33.84,-0.05,0.0,0.0,20.5,227604,51.34,66.0,0.108
2024-04-11T13:31:47.000,34.34,-0.06,0.0,0.0,20.5,227606,51.13,67.0,0.108
2024-04-11T13:32:47.000,33.77,-2.59,0.0,0.0,20.5,227607,51.03,67.0,0.108
2024-04-11T13:33:48.000,33.48,0.71,0.0,0.0,20.5,227608,50.92,67.0,0.108
2024-04-11T15:52:56.000,20.57,-3.68,0.0,0.0,20.5,227747,30.26,66.0,0.115
2024-04-11T15:53:56.000,20.59,-3.5,0.0,0.0,20.5,227748,30.08,66.0,0.115
2024-04-11T15:54:56.000,20.65,-3.3,0.0,0.0,20.5,227749,29.91,65.0,0.115
2024-04-11T15:56:56.000,20.76,-3.63,0.0,0.0,20.5,227751,29.56,65.0,0.116
2024-04-11T15:57:56.000,20.66,-4.25,0.0,0.0,20.5,227752,29.38,65.0,0.116
2024-04-11T15:58:56.000,20.6,-4.06,0.0,0.0,20.5,227753,29.21,65.0,0.116
2024-04-11T17:54:03.000,18.46,-5.43,0.0,0.0,20.5,227868,8.33,47.0,0.122
2024-04-11T17:55:03.000,18.38,-5.44,0.0,0.0,20.5,227869,8.15,46.0,0.122
2024-04-11T17:56:03.000,18.34,-5.15,0.0,0.0,20.5,227870,7.97,46.0,0.122
2024-04-11T17:57:03.000,18.29,-5.53,0.22,0.09,20.5,227871,7.79,46.0,0.122
2024-04-11T17:58:03.000,18.19,-5.55,0.0,0.0,20.5,227872,7.6,46.0,0.122
2024-04-11T17:59:04.000,18.11,-5.47,0.0,0.0,20.5,227873,7.42,46.0,0.122
2024-04-11T18:00:04.000,18.04,-5.4,0.0,0.0,20.5,227874,7.24,46.0,0.122
2024-04-11T18:01:04.000,17.98,-5.24,0.0,0.0,20.5,227875,7.05,45.0,0.122
