ecsv/stars7/stars7_2024-04.ecsv
# %ECSV 1.0
# ---
# datatype:
# - {name: time, datatype: string}
# - {name: Enclosure Temperature, unit: deg_C, datatype: float64}
# - {name: Sky Temperature, unit: deg_C, datatype: float64}
# - {name: Frequency, unit: Hz, datatype: float64}
# - {name: MSAS, unit: mag / arcsec2, datatype: float64}
# - {name: ZP, datatype: float64}
# - {name: Sequence Number, datatype: int64}
# - {name: Sun Alt, unit: deg, datatype: float64}
# - {name: Moon Alt, unit: deg, datatype: float64}
# - {name: Moon Illumination, datatype: float64}
# delimiter: ','
# meta: !!omap
# - ida:
#     Data supplier: {affiliation: null, observer: Fernando Jauregui}
#     Device type: TESS-W
#     Field of view: 17.0
#     Filters per channel: None
#     Instrument ID: stars7
#     License: ODbL 1.0 http://opendatacommons.org/licenses/odbl/summary/
#     Local timezone: Europe/Madrid
#     Location name: {country: '- Pamplona Centro', place: Pamplona, region: Spain, sub_region: Navarre, town: Navarre}
#     Measurement direction per channel: {azimuth: 0.0, zenital: 0.0}
#     Moving / Fixed look direction: FIXED
#     Moving / Stationary position: STATIONARY
#     Number of channels: 1
#     Number of fields per line: 8
#     Number of header lines: 35
#     Position: {height: 0.0, latitude: 42.81732, longitude: -1.64543}
#     TESS MAC address: 5C:CF:7F:82:8D:7B
#     TESS cover offset value: 0.0
#     TESS firmware version: '1.0'
#     TESS zero point: 20.5
#     Time Synchronization: timestamp added by MQTT subscriber
#     URL: http://www.darksky.org/NSBM/sdf1.0.pdf
# - __serialized_columns__:
#     Enclosure Temperature:
#       __class__: astropy.units.quantity.Quantity
#       unit: &id001 !astropy.units.Unit {unit: deg_C}
#       value: !astropy.table.SerializedColumn {name: Enclosure Temperature}
#     Frequency:
#       __class__: astropy.units.quantity.Quantity
#       unit: !astropy.units.Unit {unit: Hz}
#       value: !astropy.table.SerializedColumn {name: Frequency}
#     MSAS:
#       __class__: astropy.units.quantity.Quantity
#       unit: !astropy.units.Unit {unit: mag / arcsec2}
#       value: !astropy.table.SerializedColumn {name: MSAS}
#     Moon Alt:
#       __class__: astropy.units.quantity.Quantity
#       unit: &id002 !astropy.units.Unit {unit: deg}
#       value: !astropy.table.SerializedColumn {name: Moon Alt}
#     Sky Temperature:
#       __class__: astropy.units.quantity.Quantity
#       unit: *id001
#       value: !astropy.table.SerializedColumn {name: Sky Temperature}
#     Sun Alt:
#       __class__: astropy.units.quantity.Quantity
#       unit: *id002
#       value: !astropy.table.SerializedColumn {name: Sun Alt}
#     time:
#       __class__: astropy.time.core.Time
#       format: isot
#       in_subfmt: '*'
#       out_subfmt: '*'
#       precision: 3
#       scale: utc
#       value: !astropy.table.SerializedColumn {name: time}
# schema: astropy-2.0
time,Enclosure Temperature,Sky Temperature,Frequency,MSAS,ZP,Sequence Number,Sun Alt,Moon Alt,Moon Illumination
[from data line 4781]
2024-04-07T19:42:44.000,18.83,0.33,17.07,17.42,20.5,222224,-11.85,-25.0,0.013
2024-04-07T19:43:44.000,18.82,0.38,16.83,17.44,20.5,222225,-12.02,-25.0,0.013
2024-04-07T19:44:44.000,18.81,0.29,16.68,17.45,20.5,222226,-12.19,-26.0,0.013
2024-04-07T19:45:44.000,18.75,0.26,16.8,17.44,20.5,222227,-12.36,-26.0,0.013
2024-04-07T19:46:44.000,18.74,0.41,16.77,17.44,20.5,222228,-12.53,-26.0,0.013
2024-04-07T19:47:44.000,18.76,0.42,16.6,17.45,20.5,222229,-12.7,-26.0,0.013
2024-04-07T19:48:44.000,18.75,0.31,16.55,17.45,20.5,222230,-12.86,-26.0,0.013
2024-04-07T19:49:44.000,18.72,0.21,16.51,17.46,20.5,222231,-13.03,-26.0,0.013
2024-04-07T19:50:45.000,18.68,0.14,16.29,17.47,20.5,222232,-13.2,-26.0,0.013
2024-04-07T19:51:45.000,18.64,0.13,16.09,17.48,20.5,222233,-13.37,-27.0,0.013
2024-04-07T19:52:45.000,18.61,0.13,16.0,17.49,20.5,222234,-13.54,-27.0,0.013
2024-04-07T19:53:45.000,18.6,0.17,15.85,17.5,20.5,222235,-13.71,-27.0,0.013
2024-04-07T19:54:45.000,18.59,0.17,15.82,17.5,20.5,222236,-13.88,-27.0,0.013
2024-04-07T19:55:45.000,18.58,0.21,15.77,17.51,20.5,222237,-14.04,-27.0,0.013
2024-04-07T19:56:45.000,18.57,0.16,15.76,17.51,20.5,222238,-14.21,-27.0,0.013
2024-04-07T19:57:45.000,18.52,0.12,15.85,17.5,20.5,222239,-14.38,-27.0,0.013
2024-04-07T19:58:45.000,18.52,0.54,15.82,17.5,20.5,222240,-14.54,-28.0,0.013
2024-04-07T19:59:45.000,18.54,0.46,16.22,17.48,20.5,222241,-14.71,-28.0,0.013
2024-04-07T20:00:45.000,18.51,0.47,13.6,17.67,20.5,222242,-14.88,-28.0,0.013
2024-04-07T20:01:45.000,18.5,0.58,13.07,17.71,20.5,222243,-15.04,-28.0,0.013
2024-04-07T20:02:45.000,18.5,0.54,12.93,17.72,20.5,222244,-15.21,-28.0,0.013
2024-04-07T20:03:45.000,18.46,0.41,12.9,17.72,20.5,222245,-15.37,-28.0,0.013
2024-04-07T20:04:45.000,18.43,0.42,12.91,17.72,20.5,222246,-15.54,-28.0,0.013
2024-04-07T20:05:45.000,18.39,0.28,13.03,17.71,20.5,222247,-15.7,-29.0,0.013
2024-04-07T20:06:46.000,18.37,0.36,12.87,17.73,20.5,222248,-15.87,-29.0,0.013
2024-04-07T20:07:46.000,18.38,0.44,12.82,17.73,20.5,222249,-16.03,-29.0,0.013
2024-04-07T20:08:46.000,18.41,0.52,12.65,17.74,20.5,222250,-16.2,-29.0,0.013
2024-04-07T20:09:46.000,18.39,0.21,12.65,17.75,20.5,222251,-16.36,-29.0,0.013
2024-04-07T20:10:46.000,18.36,0.26,12.66,17.74,20.5,222252,-16.53,-29.0,0.013
2024-04-07T20:11:46.000,18.36,0.4,12.59,17.75,20.5,222253,-16.69,-30.0,0.013
2024-04-07T20:12:46.000,18.4,0.43,12.42,17.76,20.5,222254,-16.85,-30.0,0.013
2024-04-07T20:13:46.000,18.39,0.17,12.31,17.77,20.5,222255,-17.01,-30.0,0.013
2024-04-07T20:14:46.000,18.36,0.12,12.25,17.78,20.5,222256,-17.18,-30.0,0.013
2024-04-07T20:15:46.000,18.33,0.09,12.18,17.79,20.5,222257,-17.34,-30.0,0.013
2024-04-07T20:16:46.000,18.3,0.12,12.27,17.78,20.5,222258,-17.5,-30.0,0.013
2024-04-07T20:17:46.000,18.31,0.23,12.34,17.77,20.5,222259,-17.66,-30.0,0.013
2024-04-07T20:18:46.000,18.28,0.1,12.76,17.74,20.5,222260,-17.82,-31.0,0.013
2024-04-07T20:19:46.000,18.28,0.26,13.05,17.71,20.5,222261,-17.98,-31.0,0.013
2024-04-07T20:20:46.000,18.29,0.32,13.16,17.7,20.5,222262,-18.14,-31.0,0.013
2024-04-07T20:21:46.000,18.27,0.19,13.15,17.7,20.5,222263,-18.3,-31.0,0.013
2024-04-07T20:22:46.000,18.17,-0.07,13.05,17.71,20.5,222264,-18.46,-31.0,0.013
2024-04-07T20:23:47.000,18.1,0.13,12.9,17.72,20.5,222265,-18.62,-31.0,0.013
2024-04-07T20:24:47.000,18.05,0.06,12.84,17.73,20.5,222266,-18.78,-31.0,0.013
2024-04-07T20:25:47.000,18.01,0.17,12.89,17.72,20.5,222267,-18.94,-31.0,0.013
2024-04-07T20:26:47.000,17.97,0.08,12.83,17.73,20.5,222268,-19.1,-32.0,0.013
2024-04-07T20:27:47.000,17.91,0.05,12.82,17.73,20.5,222269,-19.26,-32.0,0.013
2024-04-07T20:28:47.000,17.88,0.05,12.85,17.73,20.5,222270,-19.42,-32.0,0.013
2024-04-07T20:29:47.000,17.85,0.07,12.81,17.73,20.5,222271,-19.57,-32.0,0.013
2024-04-07T20:30:48.000,17.8,0.02,12.8,17.73,20.5,222272,-19.73,-32.0,0.013
2024-04-07T20:31:47.000,17.77,-0.1,12.77,17.73,20.5,222273,-19.89,-32.0,0.013
2024-04-07T20:32:47.000,17.73,-0.17,12.64,17.75,20.5,222274,-20.04,-32.0,0.012
2024-04-07T20:33:47.000,17.7,-0.17,12.57,17.75,20.5,222275,-20.2,-33.0,0.012
2024-04-07T20:34:47.000,17.67,-0.19,12.67,17.74,20.5,222276,-20.36,-33.0,0.012
2024-04-07T20:35:47.000,17.67,-0.23,12.54,17.75,20.5,222277,-20.51,-33.0,0.012
2024-04-07T20:36:47.000,17.69,-0.24,12.11,17.79,20.5,222278,-20.67,-33.0,0.012
2024-04-07T20:37:47.000,17.71,-0.37,11.79,17.82,20.5,222279,-20.82,-33.0,0.012
2024-04-07T20:38:47.000,17.69,-0.45,11.79,17.82,20.5,222280,-20.98,-33.0,0.012
2024-04-07T20:39:48.000,17.72,-0.34,11.88,17.81,20.5,222281,-21.13,-33.0,0.012
2024-04-07T20:40:48.000,17.7,-0.42,11.84,17.82,20.5,222282,-21.29,-34.0,0.012
2024-04-07T20:41:48.000,17.68,-0.37,11.81,17.82,20.5,222283,-21.44,-34.0,0.012
2024-04-07T20:42:48.000,17.69,-0.44,12.03,17.8,20.5,222284,-21.59,-34.0,0.012
2024-04-07T20:43:48.000,17.67,-0.31,12.25,17.78,20.5,222285,-21.75,-34.0,0.012
2024-04-07T20:44:48.000,17.71,-0.4,12.09,17.79,20.5,222286,-21.9,-34.0,0.012
2024-04-07T20:45:48.000,17.69,-0.63,11.91,17.81,20.5,222287,-22.05,-34.0,0.012
2024-04-07T20:46:48.000,17.67,-0.61,11.76,17.82,20.5,222288,-22.2,-34.0,0.012
2024-04-07T20:47:48.000,17.71,-0.59,11.67,17.83,20.5,222289,-22.35,-34.0,0.012
2024-04-07T20:48:48.000,17.75,-0.62,11.58,17.84,20.5,222290,-22.5,-35.0,0.012
2024-04-07T20:49:48.000,17.77,-0.69,11.67,17.83,20.5,222291,-22.65,-35.0,0.012
2024-04-07T20:50:48.000,17.76,-0.88,11.62,17.84,20.5,222292,-22.8,-35.0,0.012
2024-04-07T20:51:48.000,17.75,-1.0,11.7,17.83,20.5,222293,-22.95,-35.0,0.012
2024-04-07T20:52:48.000,17.71,-1.12,11.68,17.83,20.5,222294,-23.1,-35.0,0.012
2024-04-07T20:53:48.000,17.66,-1.25,11.57,17.84,20.5,222295,-23.25,-35.0,0.012
2024-04-07T20:54:48.000,17.58,-1.33,11.41,17.86,20.5,222296,-23.4,-35.0,0.012
2024-04-07T20:55:49.000,17.52,-1.3,11.5,17.85,20.5,222297,-23.55,-35.0,0.012
2024-04-07T20:56:49.000,17.47,-1.2,11.42,17.86,20.5,222298,-23.7,-36.0,0.012
2024-04-07T20:57:50.000,17.46,-1.05,11.6,17.84,20.5,222299,-23.85,-36.0,0.012
2024-04-07T20:58:49.000,17.44,-1.01,11.79,17.82,20.5,222300,-23.99,-36.0,0.012
2024-04-07T20:59:49.000,17.42,-0.82,11.81,17.82,20.5,222301,-24.14,-36.0,0.012
2024-04-07T21:00:49.000,17.43,-0.54,12.02,17.8,20.5,222302,-24.28,-36.0,0.012
2024-04-07T21:01:49.000,17.43,-0.56,12.26,17.78,20.5,222303,-24.43,-36.0,0.012
2024-04-07T21:02:49.000,17.4,-0.42,12.37,17.77,20.5,222304,-24.57,-36.0,0.012
2024-04-07T21:03:49.000,17.43,-0.18,12.25,17.78,20.5,222305,-24.72,-36.0,0.012
2024-04-07T21:04:49.000,17.47,-0.17,12.04,17.8,20.5,222306,-24.86,-37.0,0.012
2024-04-07T21:05:49.000,17.42,-0.46,11.93,17.81,20.5,222307,-25.0,-37.0,0.012
2024-04-07T21:06:50.000,17.42,-0.09,11.64,17.84,20.5,222308,-25.15,-37.0,0.012
2024-04-07T21:07:50.000,17.46,0.04,11.99,17.8,20.5,222309,-25.29,-37.0,0.012
2024-04-07T21:08:50.000,17.46,-0.06,12.57,17.75,20.5,222310,-25.43,-37.0,0.012
2024-04-07T21:09:50.000,17.41,0.09,13.58,17.67,20.5,222311,-25.58,-37.0,0.012
2024-04-07T21:10:50.000,17.41,0.41,14.11,17.63,20.5,222312,-25.72,-37.0,0.012
2024-04-07T21:11:51.000,17.4,0.48,13.84,17.65,20.5,222313,-25.86,-37.0,0.012
2024-04-07T21:12:50.000,17.39,0.74,13.51,17.69,20.5,222314,-26.0,-37.0,0.012
2024-04-07T21:13:50.000,17.44,0.99,13.76,17.65,20.5,222315,-26.14,-38.0,0.012
2024-04-07T21:14:50.000,17.47,0.91,13.99,17.64,20.5,222316,-26.28,-38.0,0.012
2024-04-07T21:15:50.000,17.48,0.98,14.38,17.61,20.5,222317,-26.42,-38.0,0.012
2024-04-07T21:16:50.000,17.53,1.11,14.3,17.61,20.5,222318,-26.56,-38.0,0.012
2024-04-07T21:17:50.000,17.58,1.09,13.91,17.64,20.5,222319,-26.69,-38.0,0.012
2024-04-07T21:18:50.000,17.6,0.98,13.56,17.67,20.5,222320,-26.83,-38.0,0.012
2024-04-07T21:19:50.000,17.59,1.12,13.42,17.68,20.5,222321,-26.97,-38.0,0.012
2024-04-07T21:20:50.000,17.54,0.75,13.57,17.67,20.5,222322,-27.1,-38.0,0.012
2024-04-07T21:21:50.000,17.52,0.86,14.25,17.62,20.5,222323,-27.24,-38.0,0.012
2024-04-07T21:22:51.000,17.49,0.82,14.34,17.61,20.5,222324,-27.38,-39.0,0.012
2024-04-07T21:23:51.000,17.49,0.96,14.28,17.61,20.5,222325,-27.51,-39.0,0.012
2024-04-07T21:24:51.000,17.51,0.94,13.75,17.66,20.5,222326,-27.65,-39.0,0.012
2024-04-07T21:25:51.000,17.5,0.74,13.61,17.67,20.5,222327,-27.78,-39.0,0.011
2024-04-07T21:26:51.000,17.48,0.7,13.75,17.65,20.5,222328,-27.92,-39.0,0.011
2024-04-07T21:27:51.000,17.45,0.65,13.84,17.65,20.5,222329,-28.05,-39.0,0.011
2024-04-07T21:28:51.000,17.43,0.75,13.54,17.67,20.5,222330,-28.18,-39.0,0.011
2024-04-07T21:29:51.000,17.41,0.79,13.59,17.67,20.5,222331,-28.31,-39.0,0.011
2024-04-07T21:30:51.000,17.41,1.04,13.78,17.65,20.5,222332,-28.44,-39.0,0.011
2024-04-07T21:31:51.000,17.45,1.15,14.05,17.63,20.5,222333,-28.58,-40.0,0.011
2024-04-07T21:32:51.000,17.48,1.1,14.33,17.61,20.5,222334,-28.71,-40.0,0.011
2024-04-07T21:33:51.000,17.48,0.99,14.73,17.58,20.5,222335,-28.84,-40.0,0.011
2024-04-07T21:34:51.000,17.47,0.96,14.32,17.61,20.5,222336,-28.96,-40.0,0.011
2024-04-07T21:35:51.000,17.46,0.86,13.7,17.66,20.5,222337,-29.09,-40.0,0.011
2024-04-07T21:36:51.000,17.47,0.87,13.01,17.71,20.5,222338,-29.22,-40.0,0.011
2024-04-07T21:37:51.000,17.51,0.78,12.95,17.72,20.5,222339,-29.35,-40.0,0.011
2024-04-07T21:38:51.000,17.57,0.68,13.32,17.69,20.5,222340,-29.48,-40.0,0.011
2024-04-07T21:39:52.000,17.58,0.62,13.65,17.66,20.5,222341,-29.6,-40.0,0.011
2024-04-07T21:40:52.000,17.6,0.65,13.83,17.65,20.5,222342,-29.73,-40.0,0.011
2024-04-07T21:41:52.000,17.62,0.78,14.03,17.63,20.5,222343,-29.86,-40.0,0.011
2024-04-07T21:42:52.000,17.63,0.88,14.03,17.63,20.5,222344,-29.98,-41.0,0.011
2024-04-07T21:43:52.000,17.65,0.88,14.0,17.64,20.5,222345,-30.1,-41.0,0.011
2024-04-07T21:44:52.000,17.66,0.9,14.02,17.63,20.5,222346,-30.23,-41.0,0.011
2024-04-07T21:45:52.000,17.68,0.94,13.87,17.65,20.5,222347,-30.35,-41.0,0.011
2024-04-07T21:46:52.000,17.71,0.98,13.56,17.67,20.5,222348,-30.47,-41.0,0.011
2024-04-07T21:47:52.000,17.7,0.8,13.14,17.7,20.5,222349,-30.59,-41.0,0.011
2024-04-07T21:48:52.000,17.63,0.76,13.23,17.7,20.5,222350,-30.72,-41.0,0.011
2024-04-07T21:49:52.000,17.62,0.74,13.52,17.67,20.5,222351,-30.84,-41.0,0.011
2024-04-07T21:50:52.000,17.62,0.86,13.65,17.66,20.5,222352,-30.96,-41.0,0.011
2024-04-07T21:51:52.000,17.61,0.6,13.94,17.64,20.5,222353,-31.08,-41.0,0.011
2024-04-07T21:52:52.000,17.58,0.65,14.3,17.61,20.5,222354,-31.19,-41.0,0.011
2024-04-07T21:53:52.000,17.56,0.75,14.23,17.62,20.5,222355,-31.31,-42.0,0.011
2024-04-07T21:54:52.000,17.58,0.86,13.9,17.64,20.5,222356,-31.43,-42.0,0.011
2024-04-07T21:55:53.000,17.61,0.91,13.48,17.68,20.5,222357,-31.55,-42.0,0.011
2024-04-07T21:56:53.000,17.62,0.7,13.2,17.7,20.5,222358,-31.66,-42.0,0.011
2024-04-07T21:57:53.000,17.62,0.73,13.08,17.71,20.5,222359,-31.78,-42.0,0.011
2024-04-07T21:58:53.000,17.63,0.68,13.09,17.71,20.5,222360,-31.9,-42.0,0.011
2024-04-07T21:59:53.000,17.64,0.57,13.3,17.69,20.5,222361,-32.01,-42.0,0.011
2024-04-07T22:00:53.000,17.64,0.39,13.12,17.71,20.5,222362,-32.12,-42.0,0.011
2024-04-07T22:01:53.000,17.64,0.41,11.87,17.81,20.5,222363,-32.24,-42.0,0.011
2024-04-07T22:02:53.000,17.65,0.2,11.39,17.86,20.5,222364,-32.35,-42.0,0.011
2024-04-07T22:03:53.000,17.66,0.13,11.11,17.89,20.5,222365,-32.46,-42.0,0.011
2024-04-07T22:04:53.000,17.62,-0.13,11.09,17.89,20.5,222366,-32.57,-42.0,0.011
2024-04-07T22:05:53.000,17.6,-0.01,11.13,17.88,20.5,222367,-32.68,-43.0,0.011
2024-04-07T22:06:53.000,17.59,0.15,11.03,17.89,20.5,222368,-32.79,-43.0,0.011
2024-04-07T22:07:53.000,17.59,0.37,11.29,17.87,20.5,222369,-32.9,-43.0,0.011
2024-04-07T22:08:53.000,17.59,0.65,11.48,17.85,20.5,222370,-33.01,-43.0,0.011
2024-04-07T22:09:53.000,17.6,0.98,12.09,17.79,20.5,222371,-33.12,-43.0,0.011
2024-04-07T22:10:53.000,17.61,1.16,12.4,17.77,20.5,222372,-33.22,-43.0,0.011
2024-04-07T22:11:54.000,17.62,1.3,12.38,17.77,20.5,222373,-33.33,-43.0,0.011
2024-04-07T22:12:54.000,17.63,1.31,12.26,17.78,20.5,222374,-33.44,-43.0,0.011
2024-04-07T22:13:54.000,17.64,1.06,12.04,17.8,20.5,222375,-33.54,-43.0,0.011
2024-04-07T22:14:54.000,17.6,0.77,11.74,17.83,20.5,222376,-33.64,-43.0,0.011
2024-04-07T22:15:54.000,17.54,0.49,11.19,17.88,20.5,222377,-33.75,-43.0,0.011
2024-04-07T22:16:54.000,17.47,0.46,10.81,17.92,20.5,222378,-33.85,-43.0,0.011
2024-04-07T22:17:54.000,17.44,0.47,10.92,17.91,20.5,222379,-33.95,-43.0,0.011
2024-04-07T22:18:54.000,17.39,0.5,11.65,17.83,20.5,222380,-34.05,-43.0,0.011
2024-04-07T22:19:54.000,17.31,0.59,13.46,17.68,20.5,222381,-34.15,-44.0,0.011
2024-04-07T22:20:54.000,17.28,0.86,15.06,17.56,20.5,222382,-34.25,-44.0,0.011
2024-04-07T22:21:54.000,17.26,1.08,15.16,17.55,20.5,222383,-34.35,-44.0,0.01
2024-04-07T22:22:54.000,17.28,1.19,14.65,17.59,20.5,222384,-34.45,-44.0,0.01
2024-04-07T22:23:54.000,17.32,1.15,13.84,17.65,20.5,222385,-34.55,-44.0,0.01
2024-04-07T22:24:54.000,17.33,0.83,13.12,17.71,20.5,222386,-34.64,-44.0,0.01
2024-04-07T22:25:54.000,17.3,0.51,12.63,17.75,20.5,222387,-34.74,-44.0,0.01
2024-04-07T22:26:54.000,17.27,0.42,12.34,17.77,20.5,222388,-34.84,-44.0,0.01
2024-04-07T22:27:54.000,17.22,0.18,12.2,17.78,20.5,222389,-34.93,-44.0,0.01
2024-04-07T22:28:55.000,17.17,0.05,11.97,17.81,20.5,222390,-35.03,-44.0,0.01
2024-04-07T22:29:55.000,17.15,0.01,11.87,17.81,20.5,222391,-35.12,-44.0,0.01
2024-04-07T22:30:55.000,17.15,-0.11,12.02,17.8,20.5,222392,-35.21,-44.0,0.01
2024-04-07T22:31:55.000,17.14,-0.21,11.6,17.84,20.5,222393,-35.3,-44.0,0.01
2024-04-07T22:32:55.000,17.13,-0.31,11.22,17.88,20.5,222394,-35.39,-44.0,0.01
2024-04-07T22:33:55.000,17.14,-0.45,10.92,17.9,20.5,222395,-35.48,-44.0,0.01
2024-04-07T22:34:56.000,17.12,-0.51,10.86,17.91,20.5,222396,-35.57,-44.0,0.01
2024-04-07T22:35:55.000,17.12,-0.58,10.83,17.91,20.5,222397,-35.66,-44.0,0.01
2024-04-07T22:36:55.000,17.12,-0.64,10.74,17.92,20.5,222398,-35.75,-44.0,0.01
2024-04-07T22:37:55.000,17.1,-0.76,10.78,17.92,20.5,222399,-35.83,-44.0,0.01
2024-04-07T22:38:55.000,17.04,-0.76,10.9,17.91,20.5,222400,-35.92,-45.0,0.01
2024-04-07T22:39:55.000,16.99,-0.7,11.06,17.89,20.5,222401,-36.0,-45.0,0.01
2024-04-07T22:40:55.000,16.98,-0.61,11.08,17.89,20.5,222402,-36.09,-45.0,0.01
2024-04-07T22:41:56.000,16.99,-0.43,11.05,17.89,20.5,222403,-36.17,-45.0,0.01
2024-04-07T22:42:56.000,17.01,-0.22,11.01,17.9,20.5,222404,-36.25,-45.0,0.01
2024-04-07T22:43:56.000,17.02,-0.24,11.06,17.89,20.5,222405,-36.34,-45.0,0.01
2024-04-07T22:44:56.000,17.02,-0.23,11.05,17.89,20.5,222406,-36.42,-45.0,0.01
2024-04-07T22:45:57.000,17.01,-0.43,11.16,17.88,20.5,222407,-36.5,-45.0,0.01
2024-04-07T22:46:57.000,16.95,-0.58,11.02,17.9,20.5,222408,-36.58,-45.0,0.01
2024-04-07T22:47:57.000,16.93,-0.49,10.87,17.91,20.5,222409,-36.65,-45.0,0.01
2024-04-07T22:48:57.000,16.89,-0.71,10.74,17.92,20.5,222410,-36.73,-45.0,0.01
2024-04-07T22:49:58.000,16.83,-0.86,10.72,17.93,20.5,222411,-36.81,-45.0,0.01
2024-04-07T22:50:57.000,16.73,-0.92,10.73,17.92,20.5,222412,-36.88,-45.0,0.01
2024-04-07T22:51:57.000,16.69,-0.96,10.62,17.94,20.5,222413,-36.96,-45.0,0.01
2024-04-07T22:52:57.000,16.62,-1.15,10.58,17.94,20.5,222414,-37.03,-45.0,0.01
2024-04-07T22:53:57.000,16.58,-0.99,10.93,17.9,20.5,222415,-37.11,-45.0,0.01
2024-04-07T22:54:57.000,16.54,-0.85,11.23,17.87,20.5,222416,-37.18,-45.0,0.01
2024-04-07T22:55:57.000,16.51,-0.83,11.31,17.87,20.5,222417,-37.25,-45.0,0.01
2024-04-07T22:56:57.000,16.48,-0.8,11.38,17.86,20.5,222418,-37.32,-45.0,0.01
2024-04-07T22:57:57.000,16.43,-0.9,11.43,17.86,20.5,222419,-37.39,-45.0,0.01
2024-04-07T22:58:58.000,16.4,-0.63,11.49,17.85,20.5,222420,-37.46,-45.0,0.01
2024-04-07T22:59:58.000,16.42,-0.56,11.19,17.88,20.5,222421,-37.53,-45.0,0.01
2024-04-07T23:00:58.000,16.46,-0.49,11.13,17.88,20.5,222422,-37.59,-45.0,0.01
2024-04-07T23:01:58.000,16.43,-0.82,11.13,17.88,20.5,222423,-37.66,-45.0,0.01
2024-04-07T23:02:58.000,16.31,-1.29,11.01,17.9,20.5,222424,-37.72,-45.0,0.01
2024-04-07T23:03:58.000,16.17,-1.28,10.75,17.92,20.5,222425,-37.79,-45.0,0.01
2024-04-07T23:04:58.000,16.08,-0.88,10.95,17.9,20.5,222426,-37.85,-45.0,0.01
2024-04-07T23:05:58.000,16.07,-0.75,11.39,17.86,20.5,222427,-37.91,-45.0,0.01
2024-04-07T23:06:58.000,16.03,-0.88,11.15,17.88,20.5,222428,-37.98,-45.0,0.01
