ecsv/stars7/stars7_2025-04.ecsv
# %ECSV 1.0
# ---
# datatype:
# - {name: time, datatype: string}
# - {name: Enclosure Temperature, unit: deg_C, datatype: float64}
# - {name: Sky Temperature, unit: deg_C, datatype: float64}
# - {name: Frequency, unit: Hz, datatype: float64}
# - {name: MSAS, unit: mag / arcsec2, datatype: float64}
# - {name: ZP, datatype: float64}
# - {name: Sequence Number, datatype: int64}
# - {name: Sun Alt, unit: deg, datatype: float64}
# - {name: Moon Alt, unit: deg, datatype: float64}
# - {name: Moon Illumination, datatype: float64}
# delimiter: ','
# meta: !!omap
# - ida:
#     Data supplier: {affiliation: null, observer: Fernando Jauregui}
#     Device type: TESS-W
#     Field of view: 17.0
#     Filters per channel: None
#     Instrument ID: stars7
#     License: ODbL 1.0 http://opendatacommons.org/licenses/odbl/summary/
#     Local timezone: Europe/Madrid
#     Location name: {country: Spain, place: Pamplona Centro, region: Navarre, sub_region: Navarre, town: Pamplona}
#     Measurement direction per channel: {azimuth: 0.0, zenital: 0.0}
#     Moving / Fixed look direction: FIXED
#     Moving / Stationary position: STATIONARY
#     Number of channels: 1
#     Number of fields per line: 8
#     Number of header lines: 35
#     Position: {height: 0.0, latitude: 42.81732, longitude: -1.64543}
#     TESS MAC address: 5C:CF:7F:82:8D:7B
#     TESS cover offset value: 0.0
#     TESS firmware version: '1.0'
#     TESS zero point: 20.5
#     Time Synchronization: timestamp added by MQTT subscriber
#     URL: http://www.darksky.org/NSBM/sdf1.0.pdf
# - __serialized_columns__:
#     Enclosure Temperature:
#       __class__: astropy.units.quantity.Quantity
#       unit: &id001 !astropy.units.Unit {unit: deg_C}
#       value: !astropy.table.SerializedColumn {name: Enclosure Temperature}
#     Frequency:
#       __class__: astropy.units.quantity.Quantity
#       unit: !astropy.units.Unit {unit: Hz}
#       value: !astropy.table.SerializedColumn {name: Frequency}
#     MSAS:
#       __class__: astropy.units.quantity.Quantity
#       unit: !astropy.units.Unit {unit: mag / arcsec2}
#       value: !astropy.table.SerializedColumn {name: MSAS}
#     Moon Alt:
#       __class__: astropy.units.quantity.Quantity
#       unit: &id002 !astropy.units.Unit {unit: deg}
#       value: !astropy.table.SerializedColumn {name: Moon Alt}
#     Sky Temperature:
#       __class__: astropy.units.quantity.Quantity
#       unit: *id001
#       value: !astropy.table.SerializedColumn {name: Sky Temperature}
#     Sun Alt:
#       __class__: astropy.units.quantity.Quantity
#       unit: *id002
#       value: !astropy.table.SerializedColumn {name: Sun Alt}
#     time:
#       __class__: astropy.time.core.Time
#       format: isot
#       in_subfmt: '*'
#       out_subfmt: '*'
#       precision: 3
#       scale: utc
#       value: !astropy.table.SerializedColumn {name: time}
# schema: astropy-2.0
time,Enclosure Temperature,Sky Temperature,Frequency,MSAS,ZP,Sequence Number,Sun Alt,Moon Alt,Moon Illumination
[from data line 841]
2025-04-02T01:39:32.000,12.83,-0.02,43.43,16.41,20.5,89672,-38.11,-18.0,0.185
2025-04-02T01:40:32.000,12.79,-1.22,40.93,16.47,20.5,89673,-38.02,-19.0,0.185
2025-04-02T01:41:32.000,12.82,-2.23,47.39,16.31,20.5,89674,-37.93,-19.0,0.185
2025-04-02T01:42:32.000,12.83,-3.83,43.05,16.42,20.5,89675,-37.84,-19.0,0.185
2025-04-02T01:43:32.000,12.8,-5.12,28.19,16.89,20.5,89676,-37.75,-19.0,0.185
2025-04-02T01:44:32.000,12.74,-6.46,12.76,17.77,20.5,89677,-37.65,-19.0,0.185
2025-04-02T01:45:32.000,12.68,-7.59,7.35,18.34,20.5,89678,-37.56,-19.0,0.185
2025-04-02T01:46:32.000,12.57,-8.81,6.36,18.49,20.5,89679,-37.47,-19.0,0.185
2025-04-02T01:47:32.000,12.44,-8.81,6.22,18.52,20.5,89680,-37.37,-19.0,0.185
2025-04-02T01:48:32.000,12.38,-8.62,6.5,18.47,20.5,89681,-37.28,-19.0,0.185
2025-04-02T01:49:32.000,12.33,-8.42,8.29,18.21,20.5,89682,-37.18,-19.0,0.185
2025-04-02T01:50:32.000,12.26,-8.41,8.96,18.12,20.5,89683,-37.08,-19.0,0.185
2025-04-02T01:51:32.000,12.21,-8.08,8.63,18.16,20.5,89684,-36.99,-19.0,0.185
2025-04-02T01:52:32.000,12.19,-8.17,9.67,18.04,20.5,89685,-36.89,-19.0,0.185
2025-04-02T01:53:33.000,12.15,-8.28,9.54,18.05,20.5,89686,-36.79,-19.0,0.186
2025-04-02T01:54:33.000,12.09,-8.75,7.93,18.26,20.5,89687,-36.69,-19.0,0.186
2025-04-02T01:55:33.000,12.06,-8.89,6.5,18.47,20.5,89688,-36.59,-20.0,0.186
2025-04-02T01:56:33.000,11.98,-9.06,6.27,18.51,20.5,89689,-36.48,-20.0,0.186
2025-04-02T01:57:33.000,11.93,-9.14,6.11,18.54,20.5,89690,-36.38,-20.0,0.186
2025-04-02T01:58:33.000,11.83,-9.01,6.35,18.49,20.5,89691,-36.28,-20.0,0.186
2025-04-02T01:59:33.000,11.8,-8.46,8.08,18.24,20.5,89692,-36.17,-20.0,0.186
2025-04-02T02:00:33.000,11.82,-7.84,10.82,17.92,20.5,89693,-36.07,-20.0,0.186
2025-04-02T02:01:33.000,11.85,-7.05,11.99,17.8,20.5,89694,-35.96,-20.0,0.186
2025-04-02T02:02:33.000,11.87,-6.3,14.62,17.59,20.5,89695,-35.86,-20.0,0.186
2025-04-02T02:03:33.000,11.91,-5.41,24.06,17.06,20.5,89696,-35.75,-20.0,0.186
2025-04-02T02:04:33.000,11.94,-4.74,27.14,16.92,20.5,89697,-35.64,-20.0,0.186
2025-04-02T02:05:33.000,11.98,-4.41,22.39,17.13,20.5,89698,-35.54,-20.0,0.186
2025-04-02T02:06:33.000,12.04,-3.94,24.19,17.04,20.5,89699,-35.43,-20.0,0.186
2025-04-02T02:07:33.000,12.07,-3.72,27.56,16.9,20.5,89700,-35.32,-20.0,0.186
2025-04-02T02:08:33.000,12.14,-3.23,28.42,16.87,20.5,89701,-35.21,-20.0,0.186
2025-04-02T02:09:34.000,12.18,-2.88,27.34,16.91,20.5,89702,-35.09,-20.0,0.187
2025-04-02T02:10:34.000,12.21,-2.4,35.94,16.62,20.5,89703,-34.98,-20.0,0.187
2025-04-02T02:11:34.000,12.25,-1.77,47.39,16.31,20.5,89704,-34.87,-20.0,0.187
2025-04-02T02:12:34.000,12.3,-1.69,42.09,16.45,20.5,89705,-34.76,-20.0,0.187
2025-04-02T02:13:34.000,12.3,-2.54,29.49,16.83,20.5,89706,-34.64,-21.0,0.187
2025-04-02T02:14:34.000,12.37,-3.28,22.37,17.13,20.5,89707,-34.53,-21.0,0.187
2025-04-02T02:15:34.000,12.41,-3.83,22.62,17.11,20.5,89708,-34.41,-21.0,0.187
2025-04-02T02:16:34.000,12.42,-4.05,23.94,17.05,20.5,89709,-34.3,-21.0,0.187
2025-04-02T02:17:34.000,12.42,-3.7,22.9,17.1,20.5,89710,-34.18,-21.0,0.187
2025-04-02T02:18:34.000,12.42,-3.29,28.17,16.88,20.5,89711,-34.06,-21.0,0.187
2025-04-02T02:19:34.000,12.42,-2.48,34.22,16.67,20.5,89712,-33.95,-21.0,0.187
2025-04-02T02:20:34.000,12.48,-1.53,36.93,16.58,20.5,89713,-33.83,-21.0,0.187
2025-04-02T02:21:34.000,12.54,-0.78,34.3,16.66,20.5,89714,-33.71,-21.0,0.187
2025-04-02T02:22:34.000,12.63,-0.02,38.11,16.55,20.5,89715,-33.59,-21.0,0.187
2025-04-02T02:23:34.000,12.69,0.38,49.53,16.27,20.5,89716,-33.47,-21.0,0.187
2025-04-02T02:24:34.000,12.71,1.02,63.5,15.99,20.5,89717,-33.35,-21.0,0.188
2025-04-02T02:25:34.000,12.81,1.19,60.45,16.05,20.5,89718,-33.23,-21.0,0.188
2025-04-02T02:26:35.000,12.86,0.91,52.75,16.2,20.5,89719,-33.1,-21.0,0.188
2025-04-02T02:27:35.000,12.89,0.22,45.17,16.36,20.5,89720,-32.98,-21.0,0.188
2025-04-02T02:28:35.000,12.92,-0.27,39.66,16.51,20.5,89721,-32.86,-21.0,0.188
2025-04-02T02:29:35.000,12.9,-1.37,32.87,16.71,20.5,89722,-32.73,-21.0,0.188
2025-04-02T02:30:35.000,12.87,-1.93,26.31,16.95,20.5,89723,-32.61,-21.0,0.188
2025-04-02T02:31:35.000,12.89,-2.53,22.8,17.11,20.5,89724,-32.48,-21.0,0.188
2025-04-02T02:33:35.000,12.95,-3.62,22.91,17.1,20.5,89726,-32.23,-21.0,0.188
2025-04-02T02:34:35.000,12.94,-3.82,22.87,17.1,20.5,89727,-32.1,-21.0,0.188
2025-04-02T02:35:35.000,12.93,-3.28,25.69,16.98,20.5,89728,-31.97,-21.0,0.188
2025-04-02T02:36:35.000,12.98,-2.49,37.48,16.57,20.5,89729,-31.85,-21.0,0.188
2025-04-02T02:37:35.000,12.99,-1.84,40.21,16.49,20.5,89730,-31.72,-22.0,0.188
2025-04-02T02:38:35.000,12.99,-1.82,32.49,16.72,20.5,89731,-31.59,-22.0,0.188
2025-04-02T02:39:35.000,13.03,-1.46,29.93,16.81,20.5,89732,-31.46,-22.0,0.188
2025-04-02T02:40:35.000,13.07,-1.34,30.46,16.79,20.5,89733,-31.33,-22.0,0.189
2025-04-02T02:41:35.000,13.12,-1.46,29.39,16.83,20.5,89734,-31.2,-22.0,0.189
2025-04-02T02:42:36.000,13.13,-1.9,25.27,16.99,20.5,89735,-31.06,-22.0,0.189
2025-04-02T02:43:36.000,13.17,-2.16,21.69,17.16,20.5,89736,-30.93,-22.0,0.189
2025-04-02T02:44:36.000,13.18,-2.89,20.27,17.23,20.5,89737,-30.8,-22.0,0.189
2025-04-02T02:45:36.000,13.15,-3.31,17.59,17.39,20.5,89738,-30.67,-22.0,0.189
2025-04-02T02:46:36.000,13.16,-3.77,16.4,17.46,20.5,89739,-30.53,-22.0,0.189
2025-04-02T02:47:36.000,13.14,-4.25,17.52,17.39,20.5,89740,-30.4,-22.0,0.189
2025-04-02T02:48:36.000,13.05,-4.76,18.29,17.35,20.5,89741,-30.26,-22.0,0.189
2025-04-02T02:49:36.000,13.03,-4.49,16.88,17.43,20.5,89742,-30.13,-22.0,0.189
2025-04-02T02:50:36.000,13.02,-4.41,17.64,17.39,20.5,89743,-29.99,-22.0,0.189
2025-04-02T02:51:36.000,13.01,-3.77,25.07,17.01,20.5,89744,-29.85,-22.0,0.189
2025-04-02T02:52:36.000,13.04,-2.85,31.79,16.75,20.5,89745,-29.72,-22.0,0.189
2025-04-02T02:53:36.000,13.03,-2.21,30.49,16.79,20.5,89746,-29.58,-22.0,0.189
2025-04-02T02:54:36.000,13.07,-1.63,36.75,16.59,20.5,89747,-29.44,-22.0,0.189
2025-04-02T02:55:36.000,13.11,-1.94,37.56,16.57,20.5,89748,-29.3,-22.0,0.19
2025-04-02T02:56:36.000,13.11,-2.39,32.13,16.73,20.5,89749,-29.17,-22.0,0.19
2025-04-02T02:57:36.000,13.13,-2.57,28.14,16.88,20.5,89750,-29.03,-22.0,0.19
2025-04-02T02:58:36.000,13.09,-2.59,30.35,16.8,20.5,89751,-28.89,-22.0,0.19
2025-04-02T02:59:37.000,13.1,-1.93,32.88,16.71,20.5,89752,-28.74,-22.0,0.19
2025-04-02T03:00:37.000,13.07,-0.68,31.59,16.75,20.5,89753,-28.6,-22.0,0.19
2025-04-02T03:01:37.000,13.12,0.09,32.73,16.71,20.5,89754,-28.46,-22.0,0.19
2025-04-02T03:02:37.000,13.21,-0.41,39.02,16.52,20.5,89755,-28.32,-22.0,0.19
2025-04-02T03:03:37.000,13.26,-0.61,42.36,16.43,20.5,89756,-28.18,-22.0,0.19
2025-04-02T03:04:37.000,13.29,-0.98,45.24,16.36,20.5,89757,-28.03,-22.0,0.19
2025-04-02T03:05:37.000,13.2,-1.57,43.47,16.41,20.5,89758,-27.89,-22.0,0.19
2025-04-02T03:06:37.000,13.16,-2.22,34.74,16.65,20.5,89759,-27.75,-22.0,0.19
2025-04-02T03:07:37.000,13.13,-3.16,28.29,16.88,20.5,89760,-27.6,-22.0,0.19
2025-04-02T03:08:37.000,13.04,-3.97,23.51,17.07,20.5,89761,-27.46,-22.0,0.19
2025-04-02T03:09:37.000,13.0,-4.32,22.22,17.13,20.5,89762,-27.31,-22.0,0.19
2025-04-02T03:10:37.000,13.01,-4.43,21.49,17.17,20.5,89763,-27.17,-22.0,0.19
2025-04-02T03:11:37.000,12.97,-4.41,24.23,17.04,20.5,89764,-27.02,-22.0,0.191
2025-04-02T03:12:37.000,12.91,-4.52,34.0,16.68,20.5,89765,-26.88,-22.0,0.191
2025-04-02T03:13:37.000,12.9,-4.15,34.77,16.65,20.5,89766,-26.73,-22.0,0.191
2025-04-02T03:14:37.000,12.9,-4.5,26.37,16.95,20.5,89767,-26.58,-22.0,0.191
2025-04-02T03:15:38.000,12.9,-4.94,22.16,17.14,20.5,89768,-26.43,-22.0,0.191
2025-04-02T03:16:38.000,12.85,-5.63,19.13,17.3,20.5,89769,-26.28,-22.0,0.191
2025-04-02T03:17:38.000,12.85,-5.8,17.99,17.36,20.5,89770,-26.13,-22.0,0.191
2025-04-02T03:18:38.000,12.87,-5.67,21.38,17.18,20.5,89771,-25.99,-22.0,0.191
2025-04-02T03:19:38.000,12.86,-5.33,23.42,17.08,20.5,89772,-25.84,-22.0,0.191
2025-04-02T03:20:38.000,12.83,-5.03,24.85,17.01,20.5,89773,-25.69,-22.0,0.191
2025-04-02T03:21:38.000,12.83,-4.88,24.51,17.03,20.5,89774,-25.54,-22.0,0.191
2025-04-02T03:22:38.000,12.8,-5.62,18.1,17.37,20.5,89775,-25.39,-22.0,0.191
2025-04-02T03:23:38.000,12.75,-6.7,11.84,17.82,20.5,89776,-25.23,-22.0,0.191
2025-04-02T03:24:38.000,12.74,-7.79,8.63,18.16,20.5,89777,-25.08,-22.0,0.191
2025-04-02T03:25:38.000,12.72,-8.95,6.89,18.41,20.5,89778,-24.93,-22.0,0.191
2025-04-02T03:26:38.000,12.65,-9.6,6.15,18.53,20.5,89779,-24.78,-22.0,0.192
2025-04-02T03:27:38.000,12.56,-9.74,6.31,18.5,20.5,89780,-24.63,-22.0,0.192
2025-04-02T03:28:38.000,12.52,-9.91,6.01,18.55,20.5,89781,-24.47,-22.0,0.192
2025-04-02T03:29:38.000,12.42,-10.24,5.47,18.66,20.5,89782,-24.32,-22.0,0.192
2025-04-02T03:30:38.000,12.34,-10.37,5.18,18.72,20.5,89783,-24.17,-22.0,0.192
2025-04-02T03:31:38.000,12.25,-10.55,5.39,18.67,20.5,89784,-24.01,-22.0,0.192
2025-04-02T03:32:39.000,12.19,-10.52,5.37,18.68,20.5,89785,-23.86,-22.0,0.192
2025-04-02T03:33:39.000,12.13,-10.56,5.04,18.74,20.5,89786,-23.7,-22.0,0.192
2025-04-02T03:34:39.000,12.08,-10.43,5.19,18.71,20.5,89787,-23.55,-22.0,0.192
2025-04-02T03:35:39.000,12.05,-10.41,5.13,18.73,20.5,89788,-23.39,-22.0,0.192
2025-04-02T03:36:39.000,12.04,-10.25,5.08,18.73,20.5,89789,-23.23,-22.0,0.192
2025-04-02T03:37:39.000,12.03,-10.42,5.0,18.75,20.5,89790,-23.08,-22.0,0.192
2025-04-02T03:38:39.000,11.98,-10.52,4.88,18.78,20.5,89791,-22.92,-22.0,0.192
2025-04-02T03:39:39.000,11.93,-10.76,4.96,18.76,20.5,89792,-22.76,-22.0,0.192
2025-04-02T03:40:39.000,11.87,-10.76,5.21,18.71,20.5,89793,-22.61,-22.0,0.192
2025-04-02T03:41:39.000,11.81,-10.82,4.87,18.78,20.5,89794,-22.45,-22.0,0.193
2025-04-02T03:42:39.000,11.75,-10.89,4.72,18.82,20.5,89795,-22.29,-22.0,0.193
2025-04-02T03:43:39.000,11.75,-10.79,4.78,18.8,20.5,89796,-22.13,-22.0,0.193
2025-04-02T03:44:39.000,11.7,-10.93,4.63,18.84,20.5,89797,-21.97,-22.0,0.193
2025-04-02T03:45:39.000,11.65,-10.82,4.76,18.81,20.5,89798,-21.82,-22.0,0.193
2025-04-02T03:46:39.000,11.64,-9.53,4.9,18.77,20.5,89799,-21.66,-22.0,0.193
2025-04-02T03:47:39.000,11.63,-10.48,5.03,18.75,20.5,89800,-21.5,-22.0,0.193
2025-04-02T03:48:40.000,11.57,-10.9,5.25,18.7,20.5,89801,-21.33,-22.0,0.193
2025-04-02T03:49:40.000,11.46,-11.15,5.37,18.68,20.5,89802,-21.17,-22.0,0.193
2025-04-02T03:50:40.000,11.4,-10.8,5.44,18.66,20.5,89803,-21.01,-22.0,0.193
2025-04-02T03:51:40.000,11.43,-10.5,5.45,18.66,20.5,89804,-20.85,-22.0,0.193
2025-04-02T03:52:40.000,11.47,-10.1,5.33,18.68,20.5,89805,-20.69,-22.0,0.193
2025-04-02T03:53:40.000,11.52,-10.29,5.39,18.67,20.5,89806,-20.53,-22.0,0.193
2025-04-02T03:54:40.000,11.53,-10.41,5.63,18.62,20.5,89807,-20.37,-22.0,0.193
2025-04-02T03:55:40.000,11.5,-10.31,6.38,18.49,20.5,89808,-20.21,-22.0,0.193
2025-04-02T03:56:40.000,11.49,-10.19,7.92,18.25,20.5,89809,-20.04,-22.0,0.193
2025-04-02T03:57:40.000,11.45,-10.21,7.77,18.28,20.5,89810,-19.88,-22.0,0.194
2025-04-02T03:58:40.000,11.4,-10.19,6.85,18.41,20.5,89811,-19.72,-22.0,0.194
2025-04-02T03:59:40.000,11.37,-10.2,6.55,18.46,20.5,89812,-19.55,-22.0,0.194
2025-04-02T04:00:40.000,11.36,-10.43,6.19,18.52,20.5,89813,-19.39,-22.0,0.194
2025-04-02T04:01:40.000,11.34,-10.73,5.93,18.57,20.5,89814,-19.23,-22.0,0.194
2025-04-02T04:02:40.000,11.35,-10.54,6.38,18.49,20.5,89815,-19.06,-22.0,0.194
2025-04-02T04:03:40.000,11.32,-10.66,6.87,18.41,20.5,89816,-18.9,-22.0,0.194
2025-04-02T04:04:40.000,11.33,-10.46,6.42,18.48,20.5,89817,-18.73,-22.0,0.194
2025-04-02T04:05:41.000,11.36,-10.42,6.38,18.49,20.5,89818,-18.56,-22.0,0.194
2025-04-02T04:06:41.000,11.39,-10.03,7.1,18.37,20.5,89819,-18.4,-22.0,0.194
2025-04-02T04:07:41.000,11.43,-9.43,8.72,18.15,20.5,89820,-18.23,-22.0,0.194
2025-04-02T04:08:41.000,11.4,-9.47,12.67,17.75,20.5,89821,-18.07,-22.0,0.194
2025-04-02T04:09:41.000,11.25,-9.47,16.27,17.47,20.5,89822,-17.9,-22.0,0.194
2025-04-02T04:10:41.000,11.13,-9.07,13.42,17.68,20.5,89823,-17.73,-22.0,0.194
2025-04-02T04:11:41.000,11.06,-8.35,15.19,17.56,20.5,89824,-17.57,-22.0,0.194
2025-04-02T04:12:41.000,11.07,-6.28,26.47,16.95,20.5,89825,-17.4,-22.0,0.195
2025-04-02T04:13:41.000,11.13,-3.89,39.69,16.52,20.5,89826,-17.23,-22.0,0.195
2025-04-02T04:14:41.000,11.25,-1.51,67.11,15.94,20.5,89827,-17.07,-21.0,0.195
2025-04-02T04:15:41.000,11.39,0.4,89.39,15.62,20.5,89828,-16.9,-21.0,0.195
2025-04-02T04:16:41.000,11.55,1.35,95.5,15.55,20.5,89829,-16.73,-21.0,0.195
2025-04-02T04:17:41.000,11.61,1.5,107.53,15.42,20.5,89830,-16.56,-21.0,0.195
2025-04-02T04:18:41.000,11.65,1.69,104.05,15.46,20.5,89831,-16.39,-21.0,0.195
2025-04-02T04:19:41.000,11.71,2.13,113.21,15.37,20.5,89832,-16.23,-21.0,0.195
2025-04-02T04:20:41.000,11.8,2.8,136.79,15.16,20.5,89833,-16.06,-21.0,0.195
2025-04-02T04:21:42.000,11.92,3.65,143.09,15.11,20.5,89834,-15.88,-21.0,0.195
2025-04-02T04:22:42.000,12.06,4.14,153.66,15.03,20.5,89835,-15.72,-21.0,0.195
2025-04-02T04:23:42.000,12.21,4.66,155.19,15.02,20.5,89836,-15.55,-21.0,0.195
2025-04-02T04:24:42.000,12.37,4.98,151.57,15.05,20.5,89837,-15.38,-21.0,0.195
2025-04-02T04:25:42.000,12.5,4.89,158.4,15.0,20.5,89838,-15.21,-21.0,0.195
2025-04-02T04:26:42.000,12.6,4.89,145.8,15.09,20.5,89839,-15.04,-21.0,0.195
2025-04-02T04:27:42.000,12.71,4.81,136.92,15.16,20.5,89840,-14.86,-21.0,0.195
2025-04-02T04:28:42.000,12.84,4.92,141.08,15.13,20.5,89841,-14.69,-21.0,0.196
2025-04-02T04:29:42.000,12.95,4.95,145.64,15.09,20.5,89842,-14.52,-21.0,0.196
2025-04-02T04:30:42.000,12.97,4.64,141.3,15.12,20.5,89843,-14.35,-21.0,0.196
2025-04-02T04:31:42.000,12.95,4.67,150.47,15.06,20.5,89844,-14.18,-21.0,0.196
2025-04-02T04:32:42.000,12.95,4.71,160.49,14.99,20.5,89845,-14.01,-21.0,0.196
2025-04-02T04:33:42.000,12.97,4.73,160.85,14.98,20.5,89846,-13.84,-21.0,0.196
2025-04-02T04:34:42.000,13.01,4.61,152.85,15.04,20.5,89847,-13.66,-21.0,0.196
2025-04-02T04:35:42.000,13.05,4.31,143.24,15.11,20.5,89848,-13.49,-21.0,0.196
2025-04-02T04:36:42.000,13.07,3.77,135.02,15.17,20.5,89849,-13.32,-21.0,0.196
2025-04-02T04:37:42.000,13.04,3.14,116.72,15.33,20.5,89850,-13.15,-21.0,0.196
2025-04-02T04:38:43.000,12.96,2.33,111.62,15.38,20.5,89851,-12.97,-20.0,0.196
2025-04-02T04:39:43.000,12.78,1.79,112.48,15.37,20.5,89852,-12.8,-20.0,0.196
2025-04-02T04:40:43.000,12.66,2.44,115.62,15.34,20.5,89853,-12.63,-20.0,0.196
2025-04-02T04:41:43.000,12.63,2.64,107.11,15.43,20.5,89854,-12.45,-20.0,0.196
2025-04-02T04:42:43.000,12.55,3.15,122.04,15.29,20.5,89855,-12.28,-20.0,0.196
2025-04-02T04:43:43.000,12.51,3.58,143.64,15.11,20.5,89856,-12.1,-20.0,0.197
2025-04-02T04:44:43.000,12.49,3.66,152.31,15.04,20.5,89857,-11.93,-20.0,0.197
2025-04-02T04:45:43.000,12.44,3.85,162.95,14.97,20.5,89858,-11.76,-20.0,0.197
2025-04-02T04:46:43.000,12.45,4.12,171.06,14.92,20.5,89859,-11.58,-20.0,0.197
2025-04-02T04:47:43.000,12.45,4.31,170.11,14.92,20.5,89860,-11.41,-20.0,0.197
2025-04-02T04:48:43.000,12.5,4.53,174.94,14.89,20.5,89861,-11.23,-20.0,0.197
2025-04-02T04:49:43.000,12.54,4.52,178.0,14.87,20.5,89862,-11.06,-20.0,0.197
2025-04-02T04:50:43.000,12.5,4.31,180.11,14.86,20.5,89863,-10.88,-20.0,0.197
2025-04-02T04:51:43.000,12.45,4.57,180.0,14.86,20.5,89864,-10.71,-20.0,0.197
2025-04-02T04:52:43.000,12.55,4.76,175.96,14.89,20.5,89865,-10.53,-20.0,0.197
2025-04-02T04:53:43.000,12.63,4.62,173.73,14.9,20.5,89866,-10.36,-20.0,0.197
2025-04-02T04:54:44.000,12.64,4.46,167.87,14.94,20.5,89867,-10.18,-20.0,0.197
2025-04-02T04:55:44.000,12.71,4.72,162.16,14.98,20.5,89868,-10.0,-20.0,0.197
2025-04-02T04:56:44.000,12.73,4.29,162.73,14.97,20.5,89869,-9.83,-19.0,0.197
2025-04-02T04:57:44.000,12.76,4.29,159.39,14.99,20.5,89870,-9.65,-19.0,0.197
2025-04-02T04:58:44.000,12.76,4.34,151.57,15.05,20.5,89871,-9.47,-19.0,0.198
2025-04-02T04:59:44.000,12.8,4.46,149.21,15.07,20.5,89872,-9.3,-19.0,0.198
2025-04-02T05:00:44.000,12.86,4.74,170.83,14.92,20.5,89873,-9.12,-19.0,0.198
2025-04-02T05:01:44.000,12.98,4.88,179.24,14.87,20.5,89874,-8.94,-19.0,0.198
2025-04-02T05:02:44.000,13.1,5.01,175.33,14.89,20.5,89875,-8.77,-19.0,0.198
2025-04-02T05:03:44.000,13.12,4.72,188.0,14.81,20.5,89876,-8.59,-19.0,0.198
2025-04-02T05:04:44.000,13.08,4.74,193.64,14.78,20.5,89877,-8.41,-19.0,0.198
2025-04-02T05:05:44.000,13.13,4.65,194.31,14.78,20.5,89878,-8.23,-19.0,0.198
