ecsv/stars33/stars33_2024-04.ecsv
# %ECSV 1.0
# ---
# datatype:
# - {name: time, datatype: string}
# - {name: Enclosure Temperature, unit: deg_C, datatype: float64}
# - {name: Sky Temperature, unit: deg_C, datatype: float64}
# - {name: Frequency, unit: Hz, datatype: float64}
# - {name: MSAS, unit: mag / arcsec2, datatype: float64}
# - {name: ZP, datatype: float64}
# - {name: Sequence Number, datatype: int64}
# - {name: Sun Alt, unit: deg, datatype: float64}
# - {name: Moon Alt, unit: deg, datatype: float64}
# - {name: Moon Illumination, datatype: float64}
# delimiter: ','
# meta: !!omap
# - ida:
#     Data supplier: {affiliation: Particular, observer: Jaime Izquierdo}
#     Device type: TESS-W
#     Field of view: 17.0
#     Filters per channel: None
#     Instrument ID: stars33
#     License: ODbL 1.0 http://opendatacommons.org/licenses/odbl/summary/
#     Local timezone: Europe/Madrid
#     Location name: {country: Spain, place: M-30, region: Community of Madrid, sub_region: Community of Madrid, town: Madrid}
#     Measurement direction per channel: {azimuth: 0.0, zenital: 0.0}
#     Moving / Fixed look direction: FIXED
#     Moving / Stationary position: STATIONARY
#     Number of channels: 1
#     Number of fields per line: 8
#     Number of header lines: 35
#     Position: {height: 0.0, latitude: 40.4478574, longitude: -3.6637624}
#     TESS MAC address: 5C:CF:7F:82:8D:28
#     TESS cover offset value: 0.0
#     TESS firmware version: '1.0'
#     TESS zero point: 20.42
#     Time Synchronization: timestamp added by MQTT subscriber
#     URL: http://www.darksky.org/NSBM/sdf1.0.pdf
# - __serialized_columns__:
#     Enclosure Temperature:
#       __class__: astropy.units.quantity.Quantity
#       unit: &id001 !astropy.units.Unit {unit: deg_C}
#       value: !astropy.table.SerializedColumn {name: Enclosure Temperature}
#     Frequency:
#       __class__: astropy.units.quantity.Quantity
#       unit: !astropy.units.Unit {unit: Hz}
#       value: !astropy.table.SerializedColumn {name: Frequency}
#     MSAS:
#       __class__: astropy.units.quantity.Quantity
#       unit: !astropy.units.Unit {unit: mag / arcsec2}
#       value: !astropy.table.SerializedColumn {name: MSAS}
#     Moon Alt:
#       __class__: astropy.units.quantity.Quantity
#       unit: &id002 !astropy.units.Unit {unit: deg}
#       value: !astropy.table.SerializedColumn {name: Moon Alt}
#     Sky Temperature:
#       __class__: astropy.units.quantity.Quantity
#       unit: *id001
#       value: !astropy.table.SerializedColumn {name: Sky Temperature}
#     Sun Alt:
#       __class__: astropy.units.quantity.Quantity
#       unit: *id002
#       value: !astropy.table.SerializedColumn {name: Sun Alt}
#     time:
#       __class__: astropy.time.core.Time
#       format: isot
#       in_subfmt: '*'
#       out_subfmt: '*'
#       precision: 3
#       scale: utc
#       value: !astropy.table.SerializedColumn {name: time}
# schema: astropy-2.0
time,Enclosure Temperature,Sky Temperature,Frequency,MSAS,ZP,Sequence Number,Sun Alt,Moon Alt,Moon Illumination
[from data line 14253]
2024-04-12T03:11:25.000,15.53,-2.3,8.48,18.1,20.42,919,-26.19,-25.0,0.152
2024-04-12T03:11:55.000,15.52,-2.34,8.58,18.09,20.42,920,-26.11,-25.0,0.152
2024-04-12T03:12:25.000,15.49,-2.41,8.56,18.09,20.42,921,-26.04,-25.0,0.152
2024-04-12T03:12:56.000,15.48,-2.22,8.65,18.08,20.42,922,-25.97,-25.0,0.152
2024-04-12T03:13:26.000,15.46,-2.47,8.56,18.09,20.42,923,-25.89,-25.0,0.152
2024-04-12T03:13:56.000,15.44,-2.44,8.63,18.08,20.42,924,-25.82,-25.0,0.152
2024-04-12T03:14:27.000,15.4,-2.43,8.5,18.1,20.42,925,-25.74,-25.0,0.152
2024-04-12T03:14:57.000,15.39,-2.48,8.49,18.1,20.42,926,-25.67,-25.0,0.152
2024-04-12T03:15:27.000,15.33,-2.84,8.55,18.09,20.42,927,-25.59,-25.0,0.152
2024-04-12T03:15:57.000,15.28,-2.7,8.46,18.1,20.42,928,-25.52,-25.0,0.152
2024-04-12T03:16:27.000,15.23,-2.73,8.47,18.1,20.42,929,-25.45,-25.0,0.152
2024-04-12T03:16:57.000,15.18,-2.68,8.58,18.09,20.42,930,-25.37,-25.0,0.152
2024-04-12T03:17:28.000,15.18,-2.48,8.6,18.09,20.42,931,-25.3,-25.0,0.152
2024-04-12T03:17:58.000,15.19,-2.41,8.73,18.07,20.42,932,-25.22,-25.0,0.152
2024-04-12T03:18:28.000,15.18,-2.44,8.91,18.05,20.42,933,-25.15,-25.0,0.152
2024-04-12T03:18:59.000,15.2,-2.31,8.99,18.04,20.42,934,-25.07,-25.0,0.152
2024-04-12T03:19:29.000,15.19,-2.47,8.93,18.05,20.42,935,-25.0,-25.0,0.152
2024-04-12T03:19:59.000,15.18,-2.43,9.07,18.03,20.42,936,-24.92,-25.0,0.152
2024-04-12T03:20:29.000,15.17,-2.43,8.81,18.06,20.42,937,-24.85,-25.0,0.152
2024-04-12T03:20:59.000,15.18,-2.42,8.93,18.05,20.42,938,-24.77,-25.0,0.152
2024-04-12T03:21:30.000,15.18,-2.35,8.82,18.06,20.42,939,-24.69,-25.0,0.152
2024-04-12T03:22:00.000,15.17,-2.47,8.97,18.04,20.42,940,-24.62,-25.0,0.152
2024-04-12T03:22:30.000,15.15,-2.51,8.74,18.07,20.42,941,-24.54,-25.0,0.152
2024-04-12T03:23:00.000,15.15,-2.56,8.69,18.08,20.42,942,-24.47,-25.0,0.152
2024-04-12T03:23:30.000,15.08,-2.96,8.75,18.07,20.42,943,-24.39,-25.0,0.152
2024-04-12T03:24:01.000,15.04,-2.67,8.89,18.05,20.42,944,-24.31,-25.0,0.152
2024-04-12T03:24:31.000,15.03,-2.58,8.76,18.07,20.42,945,-24.24,-25.0,0.152
2024-04-12T03:25:01.000,15.04,-2.51,8.67,18.08,20.42,946,-24.16,-25.0,0.152
2024-04-12T03:25:31.000,15.04,-2.52,8.63,18.08,20.42,947,-24.09,-25.0,0.152
2024-04-12T03:26:01.000,15.04,-2.47,8.72,18.07,20.42,948,-24.01,-25.0,0.152
2024-04-12T03:26:32.000,15.04,-2.55,8.91,18.05,20.42,949,-23.93,-25.0,0.152
2024-04-12T03:27:02.000,15.03,-2.58,8.69,18.08,20.42,950,-23.85,-25.0,0.153
2024-04-12T03:27:32.000,15.0,-2.63,8.63,18.08,20.42,951,-23.78,-24.0,0.153
2024-04-12T03:28:02.000,14.99,-2.71,8.61,18.09,20.42,952,-23.7,-24.0,0.153
2024-04-12T03:28:32.000,14.97,-2.65,8.72,18.07,20.42,953,-23.62,-24.0,0.153
2024-04-12T03:29:03.000,14.96,-2.64,8.99,18.04,20.42,954,-23.55,-24.0,0.153
2024-04-12T03:29:33.000,14.95,-2.62,8.75,18.07,20.42,955,-23.47,-24.0,0.153
2024-04-12T03:30:03.000,14.95,-2.51,8.72,18.07,20.42,956,-23.39,-24.0,0.153
2024-04-12T03:30:33.000,14.96,-2.42,8.66,18.08,20.42,957,-23.31,-24.0,0.153
2024-04-12T03:31:03.000,14.99,-2.24,8.62,18.08,20.42,958,-23.24,-24.0,0.153
2024-04-12T03:31:33.000,15.02,-2.25,8.63,18.08,20.42,959,-23.16,-24.0,0.153
2024-04-12T03:32:04.000,15.04,-2.25,8.57,18.09,20.42,960,-23.08,-24.0,0.153
2024-04-12T03:32:34.000,15.08,-2.19,8.51,18.1,20.42,961,-23.0,-24.0,0.153
2024-04-12T03:33:04.000,15.1,-2.26,8.87,18.05,20.42,962,-22.93,-24.0,0.153
2024-04-12T03:33:34.000,15.11,-2.32,9.2,18.02,20.42,963,-22.85,-24.0,0.153
2024-04-12T03:34:04.000,15.12,-2.35,9.14,18.02,20.42,964,-22.77,-24.0,0.153
2024-04-12T03:34:34.000,15.14,-2.2,9.11,18.03,20.42,965,-22.69,-24.0,0.153
2024-04-12T03:35:04.000,15.15,-2.37,9.06,18.03,20.42,966,-22.61,-24.0,0.153
2024-04-12T03:35:35.000,15.14,-2.48,9.28,18.01,20.42,967,-22.53,-24.0,0.153
2024-04-12T03:36:05.000,15.11,-2.69,8.99,18.04,20.42,968,-22.46,-24.0,0.153
2024-04-12T03:36:35.000,15.1,-2.59,9.04,18.04,20.42,969,-22.38,-24.0,0.153
2024-04-12T03:37:06.000,15.09,-2.56,8.98,18.04,20.42,970,-22.3,-24.0,0.153
2024-04-12T03:37:36.000,15.07,-2.56,8.91,18.05,20.42,971,-22.22,-24.0,0.153
2024-04-12T03:38:06.000,15.04,-2.59,8.83,18.06,20.42,972,-22.14,-24.0,0.153
2024-04-12T03:38:37.000,15.01,-2.66,8.68,18.08,20.42,973,-22.06,-24.0,0.153
2024-04-12T03:39:07.000,15.0,-2.58,8.84,18.06,20.42,974,-21.98,-24.0,0.153
2024-04-12T03:39:37.000,14.99,-2.61,8.72,18.07,20.42,975,-21.9,-24.0,0.153
2024-04-12T03:40:07.000,14.99,-2.55,8.87,18.05,20.42,976,-21.82,-24.0,0.153
2024-04-12T03:40:37.000,14.99,-2.52,8.86,18.06,20.42,977,-21.74,-24.0,0.153
2024-04-12T03:41:08.000,15.0,-2.46,9.38,18.0,20.42,978,-21.66,-24.0,0.153
2024-04-12T03:41:38.000,15.02,-2.32,9.08,18.03,20.42,979,-21.58,-24.0,0.153
2024-04-12T03:42:08.000,15.07,-2.21,8.99,18.04,20.42,980,-21.5,-24.0,0.153
2024-04-12T03:42:38.000,15.1,-2.23,8.98,18.04,20.42,981,-21.42,-24.0,0.153
2024-04-12T03:43:08.000,15.12,-2.2,8.93,18.05,20.42,982,-21.34,-24.0,0.153
2024-04-12T03:43:39.000,15.15,-2.18,9.05,18.03,20.42,983,-21.26,-24.0,0.153
2024-04-12T03:44:09.000,15.16,-2.33,9.2,18.02,20.42,984,-21.18,-24.0,0.153
2024-04-12T03:44:39.000,15.15,-2.42,9.14,18.02,20.42,985,-21.1,-24.0,0.154
2024-04-12T03:45:10.000,15.14,-2.47,9.2,18.02,20.42,986,-21.02,-24.0,0.154
2024-04-12T03:45:40.000,15.16,-2.3,9.72,17.96,20.42,987,-20.94,-24.0,0.154
2024-04-12T03:46:10.000,15.16,-2.35,9.51,17.98,20.42,988,-20.86,-24.0,0.154
2024-04-12T03:46:40.000,15.17,-2.33,9.45,17.99,20.42,989,-20.78,-24.0,0.154
2024-04-12T03:47:10.000,15.18,-2.29,9.54,17.98,20.42,990,-20.7,-24.0,0.154
2024-04-12T03:47:41.000,15.2,-2.26,9.87,17.94,20.42,991,-20.62,-24.0,0.154
2024-04-12T03:48:11.000,15.22,-2.26,10.15,17.91,20.42,992,-20.53,-24.0,0.154
2024-04-12T03:48:41.000,15.22,-2.35,9.98,17.93,20.42,993,-20.45,-24.0,0.154
2024-04-12T03:49:11.000,15.22,-2.37,10.12,17.91,20.42,994,-20.37,-24.0,0.154
2024-04-12T03:49:42.000,15.21,-2.35,10.06,17.92,20.42,995,-20.29,-24.0,0.154
2024-04-12T03:50:12.000,15.23,-2.2,10.07,17.92,20.42,996,-20.21,-24.0,0.154
2024-04-12T03:50:42.000,15.27,-2.18,10.32,17.89,20.42,997,-20.13,-24.0,0.154
2024-04-12T03:51:12.000,15.27,-2.29,10.67,17.85,20.42,998,-20.05,-24.0,0.154
2024-04-12T03:51:43.000,15.27,-2.22,10.05,17.92,20.42,999,-19.96,-24.0,0.154
2024-04-12T03:52:13.000,15.29,-2.22,10.08,17.92,20.42,1000,-19.88,-24.0,0.154
2024-04-12T03:52:43.000,15.29,-2.24,9.54,17.98,20.42,1001,-19.8,-24.0,0.154
2024-04-12T03:53:13.000,15.28,-2.29,9.58,17.97,20.42,1002,-19.72,-24.0,0.154
2024-04-12T03:53:44.000,15.3,-2.22,9.48,17.99,20.42,1003,-19.64,-24.0,0.154
2024-04-12T03:54:14.000,15.28,-2.46,9.37,18.0,20.42,1004,-19.55,-24.0,0.154
2024-04-12T03:54:44.000,15.25,-2.51,9.65,17.97,20.42,1005,-19.47,-24.0,0.154
2024-04-12T03:55:14.000,15.22,-2.5,9.45,17.99,20.42,1006,-19.39,-24.0,0.154
2024-04-12T03:55:44.000,15.21,-2.35,9.71,17.96,20.42,1007,-19.31,-24.0,0.154
2024-04-12T03:56:14.000,15.21,-2.36,9.29,18.01,20.42,1008,-19.23,-24.0,0.154
2024-04-12T03:56:45.000,15.2,-2.45,9.44,17.99,20.42,1009,-19.14,-24.0,0.154
2024-04-12T03:57:15.000,15.19,-2.41,9.1,18.03,20.42,1010,-19.06,-24.0,0.154
2024-04-12T03:57:45.000,15.18,-2.49,9.05,18.03,20.42,1011,-18.98,-24.0,0.154
2024-04-12T03:58:15.000,15.17,-2.48,9.2,18.02,20.42,1012,-18.9,-24.0,0.154
2024-04-12T03:58:45.000,15.17,-2.37,9.22,18.01,20.42,1013,-18.81,-24.0,0.154
2024-04-12T03:59:15.000,15.16,-2.43,9.4,18.0,20.42,1014,-18.73,-24.0,0.154
2024-04-12T03:59:46.000,15.14,-2.51,9.21,18.02,20.42,1015,-18.65,-24.0,0.154
2024-04-12T04:00:16.000,15.15,-2.33,9.11,18.03,20.42,1016,-18.56,-24.0,0.154
2024-04-12T04:00:46.000,15.15,-2.35,9.33,18.0,20.42,1017,-18.48,-24.0,0.154
2024-04-12T04:01:16.000,15.16,-2.35,9.33,18.0,20.42,1018,-18.4,-24.0,0.154
2024-04-12T04:01:46.000,15.17,-2.28,9.34,18.0,20.42,1019,-18.32,-24.0,0.154
2024-04-12T04:02:17.000,15.17,-2.34,9.13,18.02,20.42,1020,-18.23,-24.0,0.155
2024-04-12T04:02:47.000,15.18,-2.26,9.29,18.01,20.42,1021,-18.15,-24.0,0.155
2024-04-12T04:03:17.000,15.19,-2.3,9.38,18.0,20.42,1022,-18.07,-24.0,0.155
2024-04-12T04:03:47.000,15.19,-2.31,9.43,17.99,20.42,1023,-17.98,-24.0,0.155
2024-04-12T04:04:17.000,15.19,-2.39,9.39,18.0,20.42,1024,-17.9,-24.0,0.155
2024-04-12T04:04:48.000,15.19,-2.33,9.48,17.99,20.42,1025,-17.81,-24.0,0.155
2024-04-12T04:05:18.000,15.21,-2.3,9.23,18.01,20.42,1026,-17.73,-24.0,0.155
2024-04-12T04:05:48.000,15.21,-2.34,9.33,18.0,20.42,1027,-17.65,-24.0,0.155
2024-04-12T04:06:19.000,15.21,-2.33,9.31,18.0,20.42,1028,-17.56,-23.0,0.155
2024-04-12T04:06:49.000,15.23,-2.25,9.5,17.98,20.42,1029,-17.48,-23.0,0.155
2024-04-12T04:07:19.000,15.23,-2.32,9.47,17.99,20.42,1030,-17.39,-23.0,0.155
2024-04-12T04:07:49.000,15.24,-2.33,9.44,17.99,20.42,1031,-17.31,-23.0,0.155
2024-04-12T04:08:20.000,15.24,-2.41,9.5,17.98,20.42,1032,-17.22,-23.0,0.155
2024-04-12T04:08:50.000,15.23,-2.31,9.39,18.0,20.42,1033,-17.14,-23.0,0.155
2024-04-12T04:09:20.000,15.24,-2.34,9.49,17.99,20.42,1034,-17.06,-23.0,0.155
2024-04-12T04:09:50.000,15.24,-2.35,9.83,17.95,20.42,1035,-16.97,-23.0,0.155
2024-04-12T04:10:21.000,15.24,-2.34,9.6,17.97,20.42,1036,-16.88,-23.0,0.155
2024-04-12T04:10:51.000,15.26,-2.26,9.67,17.97,20.42,1037,-16.8,-23.0,0.155
2024-04-12T04:11:21.000,15.26,-2.33,9.39,18.0,20.42,1038,-16.72,-23.0,0.155
2024-04-12T04:11:52.000,15.27,-2.29,10.58,17.87,20.42,1039,-16.63,-23.0,0.155
2024-04-12T04:12:22.000,15.27,-2.25,9.05,18.03,20.42,1040,-16.55,-23.0,0.155
2024-04-12T04:12:52.000,15.28,-2.28,9.95,17.93,20.42,1041,-16.46,-23.0,0.155
2024-04-12T04:13:23.000,15.28,-2.23,9.83,17.95,20.42,1042,-16.37,-23.0,0.155
2024-04-12T04:13:53.000,15.29,-2.22,9.67,17.97,20.42,1043,-16.29,-23.0,0.155
2024-04-12T04:14:23.000,15.3,-2.22,9.7,17.96,20.42,1044,-16.2,-23.0,0.155
2024-04-12T04:14:54.000,15.32,-2.2,9.64,17.97,20.42,1045,-16.12,-23.0,0.155
2024-04-12T04:15:24.000,15.31,-2.3,9.69,17.96,20.42,1046,-16.03,-23.0,0.155
2024-04-12T04:15:54.000,15.32,-2.29,9.69,17.96,20.42,1047,-15.95,-23.0,0.155
2024-04-12T04:16:24.000,15.32,-2.26,9.62,17.97,20.42,1048,-15.86,-23.0,0.155
2024-04-12T04:16:54.000,15.32,-2.24,9.7,17.96,20.42,1049,-15.78,-23.0,0.155
2024-04-12T04:17:25.000,15.32,-2.27,9.65,17.97,20.42,1050,-15.69,-23.0,0.155
2024-04-12T04:17:55.000,15.33,-2.25,9.73,17.96,20.42,1051,-15.6,-23.0,0.155
2024-04-12T04:18:25.000,15.34,-2.32,9.63,17.97,20.42,1052,-15.52,-23.0,0.155
2024-04-12T04:18:55.000,15.32,-2.42,9.68,17.96,20.42,1053,-15.43,-23.0,0.155
2024-04-12T04:19:25.000,15.31,-2.38,9.66,17.97,20.42,1054,-15.35,-23.0,0.155
2024-04-12T04:19:55.000,15.31,-2.34,9.72,17.96,20.42,1055,-15.26,-23.0,0.156
2024-04-12T04:20:26.000,15.29,-2.42,9.6,17.97,20.42,1056,-15.17,-23.0,0.156
2024-04-12T04:20:56.000,15.28,-2.31,9.68,17.96,20.42,1057,-15.09,-23.0,0.156
2024-04-12T04:21:26.000,15.28,-2.33,9.74,17.96,20.42,1058,-15.0,-23.0,0.156
2024-04-12T04:21:56.000,15.28,-2.37,9.8,17.95,20.42,1059,-14.92,-23.0,0.156
2024-04-12T04:22:27.000,15.27,-2.29,9.79,17.95,20.42,1060,-14.83,-23.0,0.156
2024-04-12T04:22:57.000,15.27,-2.4,9.77,17.95,20.42,1061,-14.74,-23.0,0.156
2024-04-12T04:23:27.000,15.27,-2.41,9.82,17.95,20.42,1062,-14.66,-23.0,0.156
2024-04-12T04:23:57.000,15.26,-2.38,9.88,17.94,20.42,1063,-14.57,-23.0,0.156
2024-04-12T04:24:27.000,15.26,-2.36,9.85,17.94,20.42,1064,-14.49,-23.0,0.156
2024-04-12T04:24:57.000,15.26,-2.4,9.99,17.93,20.42,1065,-14.4,-23.0,0.156
2024-04-12T04:25:27.000,15.28,-2.27,9.81,17.95,20.42,1066,-14.31,-23.0,0.156
2024-04-12T04:25:58.000,15.28,-2.3,9.94,17.94,20.42,1067,-14.22,-23.0,0.156
2024-04-12T04:26:28.000,15.28,-2.42,10.1,17.92,20.42,1068,-14.14,-23.0,0.156
2024-04-12T04:26:58.000,15.27,-2.41,9.91,17.94,20.42,1069,-14.05,-23.0,0.156
2024-04-12T04:27:29.000,15.27,-2.33,9.91,17.94,20.42,1070,-13.96,-22.0,0.156
2024-04-12T04:27:59.000,15.29,-2.27,9.94,17.94,20.42,1071,-13.88,-22.0,0.156
2024-04-12T04:28:29.000,15.3,-2.3,10.15,17.91,20.42,1072,-13.79,-22.0,0.156
2024-04-12T04:28:59.000,15.31,-2.33,10.07,17.92,20.42,1073,-13.7,-22.0,0.156
2024-04-12T04:29:29.000,15.31,-2.3,9.95,17.93,20.42,1074,-13.62,-22.0,0.156
2024-04-12T04:30:00.000,15.32,-2.32,10.47,17.88,20.42,1075,-13.53,-22.0,0.156
2024-04-12T04:30:30.000,15.31,-2.5,10.18,17.91,20.42,1076,-13.44,-22.0,0.156
2024-04-12T04:31:00.000,15.29,-2.46,10.23,17.9,20.42,1077,-13.35,-22.0,0.156
2024-04-12T04:31:30.000,15.29,-2.39,10.3,17.9,20.42,1078,-13.27,-22.0,0.156
2024-04-12T04:32:00.000,15.3,-2.31,10.41,17.89,20.42,1079,-13.18,-22.0,0.156
2024-04-12T04:32:30.000,15.31,-2.32,10.45,17.88,20.42,1080,-13.09,-22.0,0.156
2024-04-12T04:33:01.000,15.32,-2.32,10.4,17.89,20.42,1081,-13.0,-22.0,0.156
2024-04-12T04:33:31.000,15.32,-2.39,10.68,17.86,20.42,1082,-12.92,-22.0,0.156
2024-04-12T04:34:01.000,15.32,-2.27,10.62,17.86,20.42,1083,-12.83,-22.0,0.156
2024-04-12T04:34:31.000,15.33,-2.29,10.71,17.85,20.42,1084,-12.74,-22.0,0.156
2024-04-12T04:35:02.000,15.34,-2.29,10.77,17.85,20.42,1085,-12.65,-22.0,0.156
2024-04-12T04:35:32.000,15.35,-2.28,11.18,17.81,20.42,1086,-12.56,-22.0,0.156
2024-04-12T04:36:02.000,15.36,-2.32,11.7,17.75,20.42,1087,-12.48,-22.0,0.156
2024-04-12T04:36:32.000,15.36,-2.38,11.62,17.76,20.42,1088,-12.39,-22.0,0.156
2024-04-12T04:37:03.000,15.37,-2.32,11.76,17.75,20.42,1089,-12.3,-22.0,0.156
2024-04-12T04:37:33.000,15.37,-2.38,10.68,17.86,20.42,1090,-12.21,-22.0,0.157
2024-04-12T04:38:03.000,15.38,-2.32,10.99,17.83,20.42,1091,-12.12,-22.0,0.157
2024-04-12T04:38:33.000,15.39,-2.41,11.42,17.78,20.42,1092,-12.03,-22.0,0.157
2024-04-12T04:39:04.000,15.37,-2.48,11.32,17.79,20.42,1093,-11.94,-22.0,0.157
2024-04-12T04:39:34.000,15.36,-2.56,11.51,17.77,20.42,1094,-11.86,-22.0,0.157
2024-04-12T04:40:04.000,15.33,-2.56,11.61,17.76,20.42,1095,-11.77,-22.0,0.157
2024-04-12T04:40:34.000,15.32,-2.49,11.9,17.73,20.42,1096,-11.68,-22.0,0.157
2024-04-12T04:41:04.000,15.31,-2.42,11.92,17.73,20.42,1097,-11.59,-22.0,0.157
2024-04-12T04:41:35.000,15.31,-2.39,12.04,17.72,20.42,1098,-11.5,-22.0,0.157
2024-04-12T04:42:05.000,15.32,-2.42,12.22,17.7,20.42,1099,-11.41,-22.0,0.157
2024-04-12T04:42:35.000,15.31,-2.45,12.3,17.7,20.42,1100,-11.33,-22.0,0.157
2024-04-12T04:43:05.000,15.31,-2.42,12.46,17.68,20.42,1101,-11.24,-22.0,0.157
2024-04-12T04:43:36.000,15.31,-2.34,12.81,17.65,20.42,1102,-11.15,-22.0,0.157
2024-04-12T04:44:06.000,15.31,-2.43,12.85,17.65,20.42,1103,-11.06,-21.0,0.157
2024-04-12T04:44:36.000,15.31,-2.48,13.2,17.62,20.42,1104,-10.97,-21.0,0.157
2024-04-12T04:45:06.000,15.29,-2.4,14.32,17.54,20.42,1105,-10.88,-21.0,0.157
2024-04-12T04:45:36.000,15.3,-2.4,14.08,17.56,20.42,1106,-10.79,-21.0,0.157
2024-04-12T04:46:07.000,15.3,-2.39,14.22,17.55,20.42,1107,-10.7,-21.0,0.157
2024-04-12T04:46:37.000,15.3,-2.5,14.27,17.54,20.42,1108,-10.61,-21.0,0.157
2024-04-12T04:47:07.000,15.28,-2.45,14.93,17.5,20.42,1109,-10.52,-21.0,0.157
2024-04-12T04:47:37.000,15.29,-2.44,16.17,17.41,20.42,1110,-10.43,-21.0,0.157
2024-04-12T04:48:08.000,15.27,-2.58,17.01,17.36,20.42,1111,-10.34,-21.0,0.157
2024-04-12T04:48:38.000,15.24,-2.6,16.23,17.41,20.42,1112,-10.25,-21.0,0.157
2024-04-12T04:49:08.000,15.23,-2.48,17.08,17.35,20.42,1113,-10.16,-21.0,0.157
2024-04-12T04:49:39.000,15.22,-2.54,19.05,17.23,20.42,1114,-10.07,-21.0,0.157
2024-04-12T04:50:09.000,15.19,-2.54,19.13,17.23,20.42,1115,-9.98,-21.0,0.157
2024-04-12T04:50:39.000,15.18,-2.58,18.87,17.24,20.42,1116,-9.89,-21.0,0.157
2024-04-12T04:51:10.000,15.18,-2.5,19.36,17.21,20.42,1117,-9.8,-21.0,0.157
2024-04-12T04:51:40.000,15.17,-2.55,19.66,17.2,20.42,1118,-9.71,-21.0,0.157
2024-04-12T04:52:10.000,15.17,-2.53,21.25,17.11,20.42,1119,-9.62,-21.0,0.157
2024-04-12T04:52:41.000,15.17,-2.43,21.89,17.07,20.42,1120,-9.53,-21.0,0.157
2024-04-12T04:53:11.000,15.17,-2.47,22.72,17.03,20.42,1121,-9.44,-21.0,0.157
2024-04-12T04:53:41.000,15.15,-2.54,23.99,16.97,20.42,1122,-9.35,-21.0,0.157
2024-04-12T04:54:11.000,15.16,-2.43,25.29,16.91,20.42,1123,-9.26,-21.0,0.157
2024-04-12T04:54:42.000,15.15,-2.5,27.05,16.84,20.42,1124,-9.17,-21.0,0.157
2024-04-12T04:55:12.000,15.16,-2.39,28.67,16.78,20.42,1125,-9.08,-21.0,0.158
2024-04-12T04:55:42.000,15.16,-2.5,30.3,16.72,20.42,1126,-8.99,-21.0,0.158
2024-04-12T04:56:12.000,15.15,-2.5,33.45,16.62,20.42,1127,-8.9,-21.0,0.158
