ecsv/stars33/stars33_2024-04.ecsv
# %ECSV 1.0
# ---
# datatype:
# - {name: time, datatype: string}
# - {name: Enclosure Temperature, unit: deg_C, datatype: float64}
# - {name: Sky Temperature, unit: deg_C, datatype: float64}
# - {name: Frequency, unit: Hz, datatype: float64}
# - {name: MSAS, unit: mag / arcsec2, datatype: float64}
# - {name: ZP, datatype: float64}
# - {name: Sequence Number, datatype: int64}
# - {name: Sun Alt, unit: deg, datatype: float64}
# - {name: Moon Alt, unit: deg, datatype: float64}
# - {name: Moon Illumination, datatype: float64}
# delimiter: ','
# meta: !!omap
# - ida:
#     Data supplier: {affiliation: Particular, observer: Jaime Izquierdo}
#     Device type: TESS-W
#     Field of view: 17.0
#     Filters per channel: None
#     Instrument ID: stars33
#     License: ODbL 1.0 http://opendatacommons.org/licenses/odbl/summary/
#     Local timezone: Europe/Madrid
#     Location name: {country: Spain, place: M-30, region: Community of Madrid, sub_region: Community of Madrid, town: Madrid}
#     Measurement direction per channel: {azimuth: 0.0, zenital: 0.0}
#     Moving / Fixed look direction: FIXED
#     Moving / Stationary position: STATIONARY
#     Number of channels: 1
#     Number of fields per line: 8
#     Number of header lines: 35
#     Position: {height: 0.0, latitude: 40.4478574, longitude: -3.6637624}
#     TESS MAC address: 5C:CF:7F:82:8D:28
#     TESS cover offset value: 0.0
#     TESS firmware version: '1.0'
#     TESS zero point: 20.42
#     Time Synchronization: timestamp added by MQTT subscriber
#     URL: http://www.darksky.org/NSBM/sdf1.0.pdf
# - __serialized_columns__:
#     Enclosure Temperature:
#       __class__: astropy.units.quantity.Quantity
#       unit: &id001 !astropy.units.Unit {unit: deg_C}
#       value: !astropy.table.SerializedColumn {name: Enclosure Temperature}
#     Frequency:
#       __class__: astropy.units.quantity.Quantity
#       unit: !astropy.units.Unit {unit: Hz}
#       value: !astropy.table.SerializedColumn {name: Frequency}
#     MSAS:
#       __class__: astropy.units.quantity.Quantity
#       unit: !astropy.units.Unit {unit: mag / arcsec2}
#       value: !astropy.table.SerializedColumn {name: MSAS}
#     Moon Alt:
#       __class__: astropy.units.quantity.Quantity
#       unit: &id002 !astropy.units.Unit {unit: deg}
#       value: !astropy.table.SerializedColumn {name: Moon Alt}
#     Sky Temperature:
#       __class__: astropy.units.quantity.Quantity
#       unit: *id001
#       value: !astropy.table.SerializedColumn {name: Sky Temperature}
#     Sun Alt:
#       __class__: astropy.units.quantity.Quantity
#       unit: *id002
#       value: !astropy.table.SerializedColumn {name: Sun Alt}
#     time:
#       __class__: astropy.time.core.Time
#       format: isot
#       in_subfmt: '*'
#       out_subfmt: '*'
#       precision: 3
#       scale: utc
#       value: !astropy.table.SerializedColumn {name: time}
# schema: astropy-2.0
time,Enclosure Temperature,Sky Temperature,Frequency,MSAS,ZP,Sequence Number,Sun Alt,Moon Alt,Moon Illumination
[from data line 19639]
2024-04-15T22:11:03.000,18.61,1.88,19.0,17.24,20.42,312,-31.88,44.0,0.514
2024-04-15T22:11:33.000,18.62,1.86,19.19,17.22,20.42,313,-31.94,43.0,0.514
2024-04-15T22:12:03.000,18.62,1.79,19.19,17.23,20.42,314,-31.99,43.0,0.514
2024-04-15T22:16:52.000,18.5,1.46,19.02,17.24,20.42,321,-32.53,42.0,0.514
2024-04-15T22:17:21.000,18.48,1.31,19.13,17.23,20.42,322,-32.58,42.0,0.514
2024-04-15T22:17:51.000,18.45,1.31,19.12,17.23,20.42,323,-32.63,42.0,0.514
2024-04-15T22:18:21.000,18.44,1.35,19.04,17.23,20.42,324,-32.69,42.0,0.514
2024-04-15T22:18:52.000,18.43,1.49,18.95,17.24,20.42,325,-32.74,42.0,0.514
2024-04-15T22:19:22.000,18.43,1.46,19.03,17.23,20.42,326,-32.8,42.0,0.514
2024-04-15T22:19:52.000,18.43,1.46,19.07,17.23,20.42,327,-32.85,42.0,0.514
2024-04-15T22:20:22.000,18.45,1.63,18.98,17.24,20.42,328,-32.9,42.0,0.514
2024-04-15T22:20:53.000,18.45,1.53,18.98,17.24,20.42,329,-32.96,42.0,0.514
2024-04-15T22:21:23.000,18.45,1.44,18.93,17.24,20.42,330,-33.01,42.0,0.514
2024-04-15T22:21:53.000,18.44,1.38,18.94,17.24,20.42,331,-33.06,42.0,0.514
2024-04-15T22:22:23.000,18.41,1.1,19.02,17.24,20.42,332,-33.12,41.0,0.514
2024-04-15T22:22:53.000,18.35,0.93,18.95,17.24,20.42,333,-33.17,41.0,0.514
2024-04-15T22:23:23.000,18.31,1.06,18.89,17.24,20.42,334,-33.22,41.0,0.514
2024-04-15T22:23:54.000,18.28,1.08,18.78,17.25,20.42,335,-33.27,41.0,0.514
2024-04-15T22:24:24.000,18.26,1.0,18.93,17.24,20.42,336,-33.33,41.0,0.514
2024-04-15T22:24:54.000,18.23,1.08,18.77,17.25,20.42,337,-33.38,41.0,0.515
2024-04-15T22:25:24.000,18.22,1.1,18.81,17.25,20.42,338,-33.43,41.0,0.515
2024-04-15T22:25:55.000,18.17,1.02,18.65,17.26,20.42,339,-33.48,41.0,0.515
2024-04-15T22:26:25.000,18.19,1.29,17.91,17.3,20.42,340,-33.53,41.0,0.515
2024-04-15T22:26:55.000,18.18,1.14,17.38,17.33,20.42,341,-33.58,41.0,0.515
2024-04-15T22:27:25.000,18.17,1.25,17.23,17.34,20.42,342,-33.63,41.0,0.515
2024-04-15T22:27:56.000,18.18,1.23,17.23,17.34,20.42,343,-33.69,40.0,0.515
2024-04-15T22:28:26.000,18.17,1.09,15.5,17.45,20.42,344,-33.74,40.0,0.515
2024-04-15T22:28:56.000,18.16,1.21,20.77,17.13,20.42,345,-33.79,40.0,0.515
2024-04-15T22:29:26.000,18.19,1.34,20.89,17.12,20.42,346,-33.84,40.0,0.515
2024-04-15T22:29:57.000,18.17,1.1,21.18,17.11,20.42,347,-33.89,40.0,0.515
2024-04-15T22:30:27.000,18.16,1.27,21.08,17.11,20.42,348,-33.94,40.0,0.515
2024-04-15T22:30:57.000,18.16,1.08,20.74,17.13,20.42,349,-33.99,40.0,0.515
2024-04-15T22:31:27.000,18.14,1.14,20.63,17.14,20.42,350,-34.04,40.0,0.515
2024-04-15T22:31:57.000,18.16,1.26,20.37,17.15,20.42,351,-34.08,40.0,0.515
2024-04-15T22:32:28.000,18.15,1.09,20.39,17.15,20.42,352,-34.14,40.0,0.515
2024-04-15T22:32:58.000,18.13,1.19,19.22,17.22,20.42,353,-34.18,39.0,0.515
2024-04-15T22:33:28.000,18.16,1.45,20.08,17.17,20.42,354,-34.23,39.0,0.515
2024-04-15T22:33:58.000,18.18,1.3,19.39,17.21,20.42,355,-34.28,39.0,0.515
2024-04-15T22:34:29.000,18.15,0.9,18.87,17.24,20.42,356,-34.33,39.0,0.515
2024-04-15T22:34:59.000,18.12,1.11,17.79,17.31,20.42,357,-34.38,39.0,0.515
2024-04-15T22:35:29.000,18.12,1.16,17.71,17.32,20.42,358,-34.42,39.0,0.515
2024-04-15T22:36:00.000,18.13,1.18,17.48,17.33,20.42,359,-34.47,39.0,0.515
2024-04-15T22:36:30.000,18.13,1.11,17.47,17.33,20.42,360,-34.52,39.0,0.515
2024-04-15T22:37:00.000,18.11,1.08,17.48,17.33,20.42,361,-34.57,39.0,0.515
2024-04-15T22:37:30.000,18.11,1.06,17.45,17.33,20.42,362,-34.61,39.0,0.515
2024-04-15T22:38:00.000,18.13,1.31,17.24,17.35,20.42,363,-34.66,39.0,0.515
2024-04-15T22:38:31.000,18.12,0.91,17.38,17.34,20.42,364,-34.71,38.0,0.515
2024-04-15T22:39:01.000,18.1,0.81,17.06,17.36,20.42,365,-34.75,38.0,0.515
2024-04-15T22:39:31.000,18.07,0.81,17.38,17.34,20.42,366,-34.8,38.0,0.516
2024-04-15T22:40:01.000,18.03,0.74,17.17,17.35,20.42,367,-34.85,38.0,0.516
2024-04-15T22:40:32.000,18.07,1.13,17.15,17.35,20.42,368,-34.89,38.0,0.516
2024-04-15T22:41:02.000,18.1,1.22,17.17,17.35,20.42,369,-34.94,38.0,0.516
2024-04-15T22:41:32.000,18.08,0.78,17.06,17.36,20.42,370,-34.98,38.0,0.516
2024-04-15T22:42:02.000,18.07,0.88,17.11,17.35,20.42,371,-35.03,38.0,0.516
2024-04-15T22:42:33.000,18.07,0.87,17.07,17.36,20.42,372,-35.07,38.0,0.516
2024-04-15T22:43:03.000,18.06,0.77,17.25,17.34,20.42,373,-35.12,38.0,0.516
2024-04-15T22:43:33.000,18.03,0.8,16.9,17.37,20.42,374,-35.16,37.0,0.516
2024-04-15T22:44:03.000,18.06,0.88,17.01,17.36,20.42,375,-35.21,37.0,0.516
2024-04-15T22:44:34.000,18.06,0.9,16.52,17.39,20.42,376,-35.25,37.0,0.516
2024-04-15T22:45:04.000,18.07,0.85,16.94,17.36,20.42,377,-35.3,37.0,0.516
2024-04-15T22:45:34.000,18.07,0.86,16.83,17.37,20.42,378,-35.34,37.0,0.516
2024-04-15T22:46:04.000,18.07,0.89,16.84,17.37,20.42,379,-35.38,37.0,0.516
2024-04-15T22:46:34.000,18.08,0.99,16.83,17.37,20.42,380,-35.43,37.0,0.516
2024-04-15T22:47:05.000,18.07,0.69,16.88,17.37,20.42,381,-35.47,37.0,0.516
2024-04-15T22:47:35.000,18.08,0.95,16.7,17.38,20.42,382,-35.51,37.0,0.516
2024-04-15T22:48:05.000,18.11,1.04,16.76,17.38,20.42,383,-35.55,37.0,0.516
2024-04-15T22:48:35.000,18.12,0.95,15.75,17.44,20.42,384,-35.6,37.0,0.516
2024-04-15T22:49:06.000,18.12,0.84,15.5,17.46,20.42,385,-35.64,36.0,0.516
2024-04-15T22:49:36.000,18.12,0.93,16.54,17.39,20.42,386,-35.68,36.0,0.516
2024-04-15T22:50:06.000,18.13,0.86,16.28,17.41,20.42,387,-35.72,36.0,0.516
2024-04-15T22:50:37.000,18.15,0.96,16.7,17.38,20.42,388,-35.77,36.0,0.516
2024-04-15T22:51:07.000,18.15,0.88,16.78,17.37,20.42,389,-35.81,36.0,0.516
2024-04-15T22:51:37.000,18.16,0.92,17.67,17.31,20.42,390,-35.85,36.0,0.516
2024-04-15T22:52:07.000,18.17,0.99,16.47,17.39,20.42,391,-35.89,36.0,0.516
2024-04-15T22:52:37.000,18.19,0.93,16.66,17.38,20.42,392,-35.93,36.0,0.516
2024-04-15T22:53:08.000,18.16,0.59,16.49,17.39,20.42,393,-35.97,36.0,0.516
2024-04-15T22:53:38.000,18.14,0.84,17.21,17.35,20.42,394,-36.01,36.0,0.516
2024-04-15T22:54:08.000,18.15,0.71,18.73,17.25,20.42,395,-36.05,36.0,0.517
2024-04-15T22:54:38.000,18.12,0.73,19.35,17.21,20.42,396,-36.09,35.0,0.517
2024-04-15T22:55:09.000,18.12,0.74,18.43,17.26,20.42,397,-36.13,35.0,0.517
2024-04-15T22:55:39.000,18.13,0.94,17.83,17.3,20.42,398,-36.17,35.0,0.517
2024-04-15T22:56:09.000,18.16,1.04,17.24,17.34,20.42,399,-36.21,35.0,0.517
2024-04-15T22:56:39.000,18.16,0.87,16.58,17.38,20.42,400,-36.25,35.0,0.517
2024-04-15T22:57:10.000,18.16,0.75,15.32,17.47,20.42,401,-36.29,35.0,0.517
2024-04-15T22:57:40.000,18.12,0.54,14.63,17.52,20.42,402,-36.32,35.0,0.517
2024-04-15T22:58:10.000,18.12,0.68,14.52,17.53,20.42,403,-36.36,35.0,0.517
2024-04-15T22:58:41.000,18.12,0.75,15.44,17.46,20.42,404,-36.4,35.0,0.517
2024-04-15T22:59:11.000,18.11,0.72,15.56,17.46,20.42,405,-36.44,35.0,0.517
2024-04-15T22:59:41.000,18.13,0.84,15.31,17.47,20.42,406,-36.48,34.0,0.517
2024-04-15T23:00:11.000,18.12,0.6,15.1,17.49,20.42,407,-36.51,34.0,0.517
2024-04-15T23:00:42.000,18.12,0.78,14.88,17.5,20.42,408,-36.55,34.0,0.517
2024-04-15T23:01:12.000,18.14,0.77,15.44,17.46,20.42,409,-36.59,34.0,0.517
2024-04-15T23:01:42.000,18.11,0.61,14.37,17.54,20.42,410,-36.63,34.0,0.517
2024-04-15T23:02:12.000,18.14,0.88,14.38,17.54,20.42,411,-36.66,34.0,0.517
2024-04-15T23:02:42.000,18.15,0.61,14.43,17.53,20.42,412,-36.7,34.0,0.517
2024-04-15T23:03:13.000,18.1,0.33,14.13,17.55,20.42,413,-36.73,34.0,0.517
2024-04-15T23:03:43.000,18.1,0.66,13.97,17.56,20.42,414,-36.77,34.0,0.517
2024-04-15T23:04:13.000,18.12,0.75,13.99,17.56,20.42,415,-36.8,34.0,0.517
2024-04-15T23:04:43.000,18.11,0.51,14.03,17.56,20.42,416,-36.84,34.0,0.517
2024-04-15T23:05:13.000,18.08,0.2,13.87,17.57,20.42,417,-36.87,33.0,0.517
2024-04-15T23:05:44.000,18.03,0.4,14.1,17.56,20.42,418,-36.91,33.0,0.517
2024-04-15T23:06:14.000,18.07,0.67,15.08,17.49,20.42,419,-36.94,33.0,0.517
2024-04-15T23:06:44.000,18.04,0.3,16.07,17.41,20.42,420,-36.98,33.0,0.517
2024-04-15T23:07:14.000,17.99,0.25,14.38,17.53,20.42,421,-37.01,33.0,0.517
2024-04-15T23:07:44.000,17.99,0.59,13.3,17.61,20.42,422,-37.05,33.0,0.517
2024-04-15T23:08:15.000,18.02,0.51,12.92,17.64,20.42,423,-37.08,33.0,0.517
2024-04-15T23:08:45.000,17.99,0.53,13.3,17.62,20.42,424,-37.11,33.0,0.518
2024-04-15T23:09:15.000,18.02,0.64,13.38,17.61,20.42,425,-37.15,33.0,0.518
2024-04-15T23:09:45.000,18.06,0.73,13.34,17.61,20.42,426,-37.18,33.0,0.518
2024-04-15T23:10:16.000,18.07,0.67,13.4,17.61,20.42,427,-37.21,33.0,0.518
2024-04-15T23:10:46.000,18.07,0.62,13.44,17.61,20.42,428,-37.25,32.0,0.518
2024-04-15T23:11:16.000,18.08,0.64,13.39,17.61,20.42,429,-37.28,32.0,0.518
2024-04-15T23:11:46.000,18.07,0.47,13.16,17.63,20.42,430,-37.31,32.0,0.518
2024-04-15T23:12:16.000,18.07,0.63,13.15,17.63,20.42,431,-37.34,32.0,0.518
2024-04-15T23:12:46.000,18.07,0.54,13.24,17.62,20.42,432,-37.37,32.0,0.518
2024-04-15T23:13:17.000,18.04,0.48,13.12,17.63,20.42,433,-37.4,32.0,0.518
2024-04-15T23:13:47.000,18.04,0.49,13.44,17.61,20.42,434,-37.44,32.0,0.518
2024-04-15T23:14:17.000,18.06,0.6,13.16,17.63,20.42,435,-37.47,32.0,0.518
2024-04-15T23:14:47.000,18.07,0.65,12.75,17.66,20.42,436,-37.5,32.0,0.518
2024-04-15T23:15:18.000,18.06,0.4,12.78,17.65,20.42,437,-37.53,32.0,0.518
2024-04-15T23:15:48.000,18.05,0.51,12.95,17.64,20.42,438,-37.56,32.0,0.518
2024-04-15T23:16:18.000,18.07,0.52,12.88,17.65,20.42,439,-37.59,31.0,0.518
2024-04-15T23:16:48.000,18.03,0.32,13.07,17.63,20.42,440,-37.62,31.0,0.518
2024-04-15T23:17:18.000,18.02,0.44,12.81,17.65,20.42,441,-37.65,31.0,0.518
2024-04-15T23:17:48.000,18.04,0.58,12.73,17.66,20.42,442,-37.67,31.0,0.518
2024-04-15T23:18:19.000,18.05,0.43,12.64,17.67,20.42,443,-37.7,31.0,0.518
2024-04-15T23:18:49.000,18.03,0.48,12.7,17.66,20.42,444,-37.73,31.0,0.518
2024-04-15T23:19:19.000,18.05,0.55,12.58,17.67,20.42,445,-37.76,31.0,0.518
2024-04-15T23:19:49.000,18.06,0.27,12.67,17.66,20.42,446,-37.79,31.0,0.518
2024-04-15T23:20:20.000,18.01,0.25,12.65,17.67,20.42,447,-37.82,31.0,0.518
2024-04-15T23:20:50.000,18.01,0.37,12.52,17.68,20.42,448,-37.85,31.0,0.518
2024-04-15T23:21:20.000,17.97,-0.03,12.6,17.67,20.42,449,-37.87,30.0,0.518
2024-04-15T23:21:50.000,17.92,-0.06,12.51,17.68,20.42,450,-37.9,30.0,0.518
2024-04-15T23:22:21.000,17.91,0.19,12.52,17.68,20.42,451,-37.93,30.0,0.518
2024-04-15T23:22:51.000,17.87,-0.1,12.48,17.68,20.42,452,-37.95,30.0,0.519
2024-04-15T23:23:21.000,17.86,0.03,12.42,17.69,20.42,453,-37.98,30.0,0.519
2024-04-15T23:23:51.000,17.86,0.34,12.46,17.68,20.42,454,-38.01,30.0,0.519
2024-04-15T23:24:22.000,17.89,0.23,12.4,17.69,20.42,455,-38.03,30.0,0.519
2024-04-15T23:24:52.000,17.88,0.19,12.33,17.69,20.42,456,-38.06,30.0,0.519
2024-04-15T23:25:22.000,17.87,0.14,12.35,17.69,20.42,457,-38.08,30.0,0.519
2024-04-15T23:25:52.000,17.85,-0.04,12.35,17.69,20.42,458,-38.11,30.0,0.519
2024-04-15T23:30:02.000,17.81,0.02,12.25,17.7,20.42,464,-38.31,29.0,0.519
2024-04-15T23:30:31.000,17.78,-0.11,12.26,17.7,20.42,465,-38.33,29.0,0.519
2024-04-15T23:31:01.000,17.76,-0.15,12.26,17.7,20.42,466,-38.35,29.0,0.519
2024-04-15T23:31:31.000,17.76,0.21,12.23,17.7,20.42,467,-38.37,29.0,0.519
2024-04-15T23:32:02.000,17.79,0.2,12.27,17.7,20.42,468,-38.4,29.0,0.519
2024-04-15T23:32:32.000,17.76,-0.13,12.25,17.7,20.42,469,-38.42,28.0,0.519
2024-04-15T23:33:02.000,17.77,0.3,12.2,17.71,20.42,470,-38.44,28.0,0.519
2024-04-15T23:33:32.000,17.79,0.12,12.16,17.71,20.42,471,-38.46,28.0,0.519
2024-04-15T23:34:03.000,17.8,0.25,12.27,17.7,20.42,472,-38.48,28.0,0.519
2024-04-15T23:34:33.000,17.81,0.27,12.14,17.71,20.42,473,-38.5,28.0,0.519
2024-04-15T23:35:03.000,17.85,0.34,12.12,17.71,20.42,474,-38.52,28.0,0.519
2024-04-15T23:35:33.000,17.83,-0.11,12.26,17.7,20.42,475,-38.54,28.0,0.519
2024-04-15T23:36:03.000,17.81,-0.07,12.07,17.72,20.42,476,-38.56,28.0,0.519
2024-04-15T23:36:34.000,17.8,0.05,12.05,17.72,20.42,477,-38.59,28.0,0.519
2024-04-15T23:37:04.000,17.83,0.19,12.1,17.71,20.42,478,-38.6,28.0,0.519
2024-04-15T23:37:34.000,17.86,0.19,12.03,17.72,20.42,479,-38.62,28.0,0.52
2024-04-15T23:38:04.000,17.88,0.26,11.98,17.73,20.42,480,-38.64,27.0,0.52
2024-04-15T23:38:34.000,17.9,0.17,11.93,17.73,20.42,481,-38.66,27.0,0.52
2024-04-15T23:39:04.000,17.91,0.14,11.96,17.73,20.42,482,-38.68,27.0,0.52
2024-04-15T23:39:34.000,17.92,0.12,12.12,17.71,20.42,483,-38.7,27.0,0.52
2024-04-15T23:40:05.000,17.91,0.04,11.98,17.73,20.42,484,-38.72,27.0,0.52
2024-04-15T23:40:35.000,17.9,-0.17,11.96,17.73,20.42,485,-38.73,27.0,0.52
2024-04-15T23:41:05.000,17.88,-0.03,12.04,17.72,20.42,486,-38.75,27.0,0.52
2024-04-15T23:41:35.000,17.89,0.05,12.0,17.72,20.42,487,-38.77,27.0,0.52
2024-04-15T23:42:05.000,17.9,0.17,12.05,17.72,20.42,488,-38.79,27.0,0.52
2024-04-15T23:42:35.000,17.91,0.11,12.04,17.72,20.42,489,-38.8,27.0,0.52
2024-04-15T23:43:06.000,17.9,0.02,11.93,17.73,20.42,490,-38.82,26.0,0.52
2024-04-15T23:43:36.000,17.9,0.01,12.03,17.72,20.42,491,-38.84,26.0,0.52
2024-04-15T23:44:06.000,17.9,0.12,11.97,17.73,20.42,492,-38.85,26.0,0.52
2024-04-15T23:44:36.000,17.9,-0.06,11.95,17.73,20.42,493,-38.87,26.0,0.52
2024-04-15T23:45:06.000,17.9,0.11,12.0,17.72,20.42,494,-38.88,26.0,0.52
2024-04-15T23:45:36.000,17.91,0.16,11.9,17.73,20.42,495,-38.9,26.0,0.52
2024-04-15T23:46:06.000,17.91,-0.08,11.92,17.73,20.42,496,-38.91,26.0,0.52
2024-04-15T23:46:37.000,17.87,-0.18,11.91,17.73,20.42,497,-38.93,26.0,0.52
2024-04-15T23:47:07.000,17.87,0.05,11.83,17.74,20.42,498,-38.94,26.0,0.52
2024-04-15T23:47:37.000,17.87,0.04,11.83,17.74,20.42,499,-38.96,26.0,0.52
2024-04-15T23:48:07.000,17.87,0.18,11.93,17.73,20.42,500,-38.97,26.0,0.52
2024-04-15T23:48:38.000,17.91,0.32,11.89,17.73,20.42,501,-38.98,25.0,0.52
2024-04-15T23:49:08.000,17.93,0.31,11.88,17.74,20.42,502,-39.0,25.0,0.52
2024-04-15T23:49:38.000,17.95,0.23,11.91,17.73,20.42,503,-39.01,25.0,0.52
2024-04-15T23:50:08.000,17.96,0.1,11.9,17.73,20.42,504,-39.02,25.0,0.52
2024-04-15T23:50:38.000,17.95,-0.05,11.88,17.74,20.42,505,-39.04,25.0,0.52
2024-04-15T23:51:08.000,17.93,-0.04,12.0,17.72,20.42,506,-39.05,25.0,0.52
2024-04-15T23:51:39.000,17.92,-0.11,11.96,17.73,20.42,507,-39.06,25.0,0.52
2024-04-15T23:52:09.000,17.92,-0.01,11.9,17.73,20.42,508,-39.07,25.0,0.521
2024-04-15T23:52:39.000,17.91,-0.13,11.96,17.73,20.42,509,-39.08,25.0,0.521
2024-04-15T23:53:09.000,17.91,-0.07,11.8,17.74,20.42,510,-39.09,25.0,0.521
2024-04-15T23:53:40.000,17.92,-0.01,11.88,17.74,20.42,511,-39.11,25.0,0.521
2024-04-15T23:54:10.000,17.91,-0.11,11.83,17.74,20.42,512,-39.12,24.0,0.521
2024-04-15T23:54:40.000,17.9,-0.09,11.9,17.73,20.42,513,-39.13,24.0,0.521
2024-04-15T23:55:10.000,17.91,-0.04,11.91,17.73,20.42,514,-39.14,24.0,0.521
2024-04-15T23:55:40.000,17.91,-0.02,11.7,17.75,20.42,515,-39.15,24.0,0.521
2024-04-15T23:56:10.000,17.93,0.06,11.81,17.74,20.42,516,-39.16,24.0,0.521
2024-04-15T23:56:41.000,17.93,-0.1,11.68,17.75,20.42,517,-39.17,24.0,0.521
2024-04-15T23:57:11.000,17.92,-0.05,11.57,17.77,20.42,518,-39.18,24.0,0.521
2024-04-15T23:57:41.000,17.92,-0.13,11.8,17.74,20.42,519,-39.18,24.0,0.521
2024-04-15T23:58:11.000,17.91,-0.07,10.08,17.91,20.42,520,-39.19,24.0,0.521
2024-04-15T23:58:41.000,17.9,-0.12,12.07,17.72,20.42,521,-39.2,24.0,0.521
2024-04-15T23:59:11.000,17.89,-0.22,11.61,17.76,20.42,522,-39.21,24.0,0.521
2024-04-15T23:59:41.000,17.88,-0.09,11.86,17.74,20.42,523,-39.22,23.0,0.521
2024-04-16T00:00:11.000,17.87,-0.22,11.63,17.76,20.42,524,-39.22,23.0,0.521
2024-04-16T00:00:41.000,17.86,-0.04,11.75,17.75,20.42,525,-39.23,23.0,0.521
2024-04-16T00:01:12.000,17.89,0.09,11.69,17.75,20.42,526,-39.24,23.0,0.521
2024-04-16T00:01:42.000,17.9,0.18,11.67,17.76,20.42,527,-39.25,23.0,0.521
2024-04-16T00:02:12.000,17.93,0.19,11.58,17.77,20.42,528,-39.25,23.0,0.521
2024-04-16T00:02:43.000,17.95,0.23,11.61,17.76,20.42,529,-39.26,23.0,0.521
2024-04-16T00:03:13.000,17.96,0.01,11.7,17.75,20.42,530,-39.26,23.0,0.521
2024-04-16T00:03:43.000,17.9,-0.45,11.58,17.77,20.42,531,-39.27,23.0,0.521
2024-04-16T00:04:14.000,17.86,-0.21,11.48,17.77,20.42,532,-39.28,23.0,0.521
2024-04-16T00:04:44.000,17.88,0.07,11.47,17.78,20.42,533,-39.28,23.0,0.521
2024-04-16T00:05:14.000,17.89,-0.05,11.61,17.76,20.42,534,-39.29,22.0,0.521
2024-04-16T00:05:45.000,17.9,0.02,11.71,17.75,20.42,535,-39.29,22.0,0.521
