ecsv/stars33/stars33_2025-04.ecsv
# %ECSV 1.0
# ---
# datatype:
# - {name: time, datatype: string}
# - {name: Enclosure Temperature, unit: deg_C, datatype: float64}
# - {name: Sky Temperature, unit: deg_C, datatype: float64}
# - {name: Frequency, unit: Hz, datatype: float64}
# - {name: MSAS, unit: mag / arcsec2, datatype: float64}
# - {name: ZP, datatype: float64}
# - {name: Sequence Number, datatype: int64}
# - {name: Sun Alt, unit: deg, datatype: float64}
# - {name: Moon Alt, unit: deg, datatype: float64}
# - {name: Moon Illumination, datatype: float64}
# delimiter: ','
# meta: !!omap
# - ida:
#     Data supplier: {affiliation: Particular, observer: Jaime Izquierdo}
#     Device type: TESS-W
#     Field of view: 17.0
#     Filters per channel: None
#     Instrument ID: stars33
#     License: ODbL 1.0 http://opendatacommons.org/licenses/odbl/summary/
#     Local timezone: Europe/Madrid
#     Location name: {country: Spain, place: M-30, region: Community of Madrid, sub_region: Community of Madrid, town: Madrid}
#     Measurement direction per channel: {azimuth: 0.0, zenital: 0.0}
#     Moving / Fixed look direction: FIXED
#     Moving / Stationary position: STATIONARY
#     Number of channels: 1
#     Number of fields per line: 8
#     Number of header lines: 35
#     Position: {height: 0.0, latitude: 40.4478574, longitude: -3.6637624}
#     TESS MAC address: 5C:CF:7F:82:8D:28
#     TESS cover offset value: 0.0
#     TESS firmware version: '1.0'
#     TESS zero point: 20.42
#     Time Synchronization: timestamp added by MQTT subscriber
#     URL: http://www.darksky.org/NSBM/sdf1.0.pdf
# - __serialized_columns__:
#     Enclosure Temperature:
#       __class__: astropy.units.quantity.Quantity
#       unit: &id001 !astropy.units.Unit {unit: deg_C}
#       value: !astropy.table.SerializedColumn {name: Enclosure Temperature}
#     Frequency:
#       __class__: astropy.units.quantity.Quantity
#       unit: !astropy.units.Unit {unit: Hz}
#       value: !astropy.table.SerializedColumn {name: Frequency}
#     MSAS:
#       __class__: astropy.units.quantity.Quantity
#       unit: !astropy.units.Unit {unit: mag / arcsec2}
#       value: !astropy.table.SerializedColumn {name: MSAS}
#     Moon Alt:
#       __class__: astropy.units.quantity.Quantity
#       unit: &id002 !astropy.units.Unit {unit: deg}
#       value: !astropy.table.SerializedColumn {name: Moon Alt}
#     Sky Temperature:
#       __class__: astropy.units.quantity.Quantity
#       unit: *id001
#       value: !astropy.table.SerializedColumn {name: Sky Temperature}
#     Sun Alt:
#       __class__: astropy.units.quantity.Quantity
#       unit: *id002
#       value: !astropy.table.SerializedColumn {name: Sun Alt}
#     time:
#       __class__: astropy.time.core.Time
#       format: isot
#       in_subfmt: '*'
#       out_subfmt: '*'
#       precision: 3
#       scale: utc
#       value: !astropy.table.SerializedColumn {name: time}
# schema: astropy-2.0
time,Enclosure Temperature,Sky Temperature,Frequency,MSAS,ZP,Sequence Number,Sun Alt,Moon Alt,Moon Illumination
[from data line 1909]
2025-04-02T19:50:37.000,16.72,6.67,199.22,14.67,20.42,510,-13.8,44.0,0.258
2025-04-02T19:51:08.000,16.72,6.65,206.29,14.63,20.42,511,-13.89,44.0,0.258
2025-04-02T19:51:38.000,16.74,6.75,212.67,14.6,20.42,512,-13.98,44.0,0.258
2025-04-02T19:52:08.000,16.76,6.65,215.8,14.58,20.42,513,-14.07,44.0,0.258
2025-04-02T19:52:38.000,16.77,6.46,216.78,14.58,20.42,514,-14.16,44.0,0.258
2025-04-02T19:53:08.000,16.75,6.37,217.86,14.57,20.42,515,-14.25,44.0,0.258
2025-04-02T19:53:39.000,16.75,6.38,218.83,14.57,20.42,516,-14.34,43.0,0.258
2025-04-02T19:54:09.000,16.71,6.18,220.62,14.56,20.42,517,-14.43,43.0,0.259
2025-04-02T19:54:39.000,16.65,6.03,224.49,14.54,20.42,518,-14.52,43.0,0.259
2025-04-02T19:55:09.000,16.62,6.19,228.59,14.52,20.42,519,-14.61,43.0,0.259
2025-04-02T19:55:39.000,16.58,6.2,231.48,14.51,20.42,520,-14.7,43.0,0.259
2025-04-02T19:56:09.000,16.56,6.29,233.61,14.5,20.42,521,-14.78,43.0,0.259
2025-04-02T19:56:40.000,16.55,6.39,234.68,14.49,20.42,522,-14.88,43.0,0.259
2025-04-02T19:57:10.000,16.54,6.42,237.33,14.48,20.42,523,-14.97,43.0,0.259
2025-04-02T19:57:40.000,16.53,6.5,240.73,14.47,20.42,524,-15.05,43.0,0.259
2025-04-02T19:58:10.000,16.53,6.59,245.24,14.45,20.42,525,-15.14,43.0,0.259
2025-04-02T19:58:40.000,16.54,6.78,250.83,14.42,20.42,526,-15.23,43.0,0.259
2025-04-02T19:59:11.000,16.57,6.96,256.78,14.4,20.42,527,-15.32,42.0,0.259
2025-04-02T19:59:41.000,16.57,6.73,261.38,14.38,20.42,528,-15.41,42.0,0.259
2025-04-02T20:00:11.000,16.56,6.93,263.61,14.37,20.42,529,-15.5,42.0,0.259
2025-04-02T20:00:41.000,16.58,7.12,261.9,14.37,20.42,530,-15.59,42.0,0.259
2025-04-02T20:01:11.000,16.62,7.23,262.33,14.37,20.42,531,-15.68,42.0,0.259
2025-04-02T20:01:42.000,16.64,7.28,262.59,14.37,20.42,532,-15.77,42.0,0.259
2025-04-02T20:02:12.000,16.67,7.42,262.33,14.37,20.42,533,-15.86,42.0,0.259
2025-04-02T20:02:42.000,16.68,7.44,268.98,14.35,20.42,534,-15.95,42.0,0.259
2025-04-02T20:03:12.000,16.68,7.38,277.02,14.31,20.42,535,-16.04,42.0,0.259
2025-04-02T20:03:42.000,16.68,7.31,268.95,14.35,20.42,536,-16.12,42.0,0.259
2025-04-02T20:04:13.000,16.66,7.35,263.66,14.37,20.42,537,-16.21,42.0,0.259
2025-04-02T20:04:43.000,16.64,7.49,265.81,14.36,20.42,538,-16.3,41.0,0.259
2025-04-02T20:05:13.000,16.65,7.64,269.61,14.34,20.42,539,-16.39,41.0,0.259
2025-04-02T20:05:43.000,16.66,7.86,272.39,14.33,20.42,540,-16.48,41.0,0.259
2025-04-02T20:06:13.000,16.69,7.87,277.81,14.31,20.42,541,-16.57,41.0,0.259
2025-04-02T20:06:43.000,16.68,7.79,286.0,14.28,20.42,542,-16.65,41.0,0.259
2025-04-02T20:07:14.000,16.65,7.84,290.1,14.26,20.42,543,-16.75,41.0,0.259
2025-04-02T20:07:44.000,16.65,8.0,283.41,14.29,20.42,544,-16.83,41.0,0.259
2025-04-02T20:08:14.000,16.67,8.09,274.73,14.32,20.42,545,-16.92,41.0,0.26
2025-04-02T20:08:44.000,16.63,8.01,269.48,14.34,20.42,546,-17.01,41.0,0.26
2025-04-02T20:10:04.000,16.6,8.28,314.19,14.18,20.42,548,-17.24,40.0,0.26
2025-04-02T20:10:34.000,16.57,8.52,305.61,14.21,20.42,549,-17.33,40.0,0.26
2025-04-02T20:11:04.000,16.59,8.97,287.8,14.27,20.42,550,-17.42,40.0,0.26
2025-04-02T20:11:34.000,16.64,9.02,307.33,14.2,20.42,551,-17.5,40.0,0.26
2025-04-02T20:12:04.000,16.63,9.03,337.07,14.1,20.42,552,-17.59,40.0,0.26
2025-04-02T20:12:35.000,16.64,9.38,387.24,13.95,20.42,553,-17.68,40.0,0.26
2025-04-02T20:13:05.000,16.68,9.57,437.51,13.82,20.42,554,-17.77,40.0,0.26
2025-04-02T20:13:35.000,16.7,9.69,459.9,13.76,20.42,555,-17.86,40.0,0.26
2025-04-02T20:14:05.000,16.72,9.71,466.0,13.75,20.42,556,-17.94,40.0,0.26
2025-04-02T20:14:35.000,16.71,9.6,467.67,13.75,20.42,557,-18.03,40.0,0.26
2025-04-02T20:15:05.000,16.72,9.9,469.61,13.74,20.42,558,-18.12,40.0,0.26
2025-04-02T20:15:36.000,16.72,9.69,469.71,13.74,20.42,559,-18.21,39.0,0.26
2025-04-02T20:16:06.000,16.72,9.66,463.07,13.76,20.42,560,-18.29,39.0,0.26
2025-04-02T20:16:36.000,16.71,9.64,444.76,13.8,20.42,561,-18.38,39.0,0.26
2025-04-02T20:17:06.000,16.7,9.67,428.93,13.84,20.42,562,-18.47,39.0,0.26
2025-04-02T20:17:37.000,16.71,9.77,418.05,13.87,20.42,563,-18.56,39.0,0.26
2025-04-02T20:18:07.000,16.69,9.68,439.62,13.81,20.42,564,-18.64,39.0,0.26
2025-04-02T20:18:37.000,16.69,9.65,459.8,13.76,20.42,565,-18.73,39.0,0.26
2025-04-02T20:19:07.000,16.67,9.75,473.57,13.73,20.42,566,-18.82,39.0,0.26
2025-04-02T20:29:54.000,16.55,9.48,431.33,13.83,20.42,585,-20.66,37.0,0.261
2025-04-02T20:30:24.000,16.57,9.62,420.93,13.86,20.42,586,-20.75,37.0,0.261
2025-04-02T20:30:54.000,16.56,9.59,390.62,13.94,20.42,587,-20.83,37.0,0.261
2025-04-02T20:31:24.000,16.55,9.3,369.12,14.0,20.42,588,-20.92,37.0,0.261
2025-04-02T20:31:54.000,16.5,9.08,362.2,14.02,20.42,589,-21.0,36.0,0.261
2025-04-02T20:32:25.000,16.39,8.91,356.05,14.04,20.42,590,-21.09,36.0,0.261
2025-04-02T20:32:55.000,16.36,9.35,359.37,14.03,20.42,591,-21.17,36.0,0.261
2025-04-02T20:33:25.000,16.36,9.39,379.48,13.97,20.42,592,-21.26,36.0,0.261
2025-04-02T20:33:55.000,16.36,9.54,400.63,13.91,20.42,593,-21.34,36.0,0.261
2025-04-02T20:34:25.000,16.33,9.51,421.95,13.86,20.42,594,-21.43,36.0,0.261
2025-04-02T20:34:56.000,16.29,9.55,437.32,13.82,20.42,595,-21.51,36.0,0.261
2025-04-02T20:35:26.000,16.26,9.55,439.57,13.81,20.42,596,-21.6,36.0,0.261
2025-04-02T20:35:56.000,16.22,9.46,435.71,13.82,20.42,597,-21.68,36.0,0.261
2025-04-02T20:36:26.000,16.21,9.29,430.19,13.84,20.42,598,-21.76,36.0,0.262
2025-04-02T20:36:57.000,16.07,8.21,422.39,13.86,20.42,599,-21.85,36.0,0.262
2025-04-02T20:37:27.000,15.88,7.81,419.67,13.86,20.42,600,-21.93,35.0,0.262
2025-04-02T20:37:57.000,15.84,8.41,414.68,13.88,20.42,601,-22.02,35.0,0.262
2025-04-02T20:38:27.000,15.81,8.49,411.67,13.88,20.42,602,-22.1,35.0,0.262
2025-04-02T20:38:57.000,15.79,8.21,391.17,13.94,20.42,603,-22.19,35.0,0.262
2025-04-02T20:39:27.000,15.71,8.01,371.71,13.99,20.42,604,-22.27,35.0,0.262
2025-04-02T20:39:58.000,15.67,7.58,362.67,14.02,20.42,605,-22.35,35.0,0.262
2025-04-02T20:40:28.000,15.52,7.36,363.9,14.02,20.42,606,-22.44,35.0,0.262
2025-04-02T20:40:58.000,15.49,7.66,371.1,14.0,20.42,607,-22.52,35.0,0.262
2025-04-02T20:41:28.000,15.45,7.54,376.88,13.98,20.42,608,-22.6,35.0,0.262
2025-04-02T20:41:58.000,15.38,7.35,381.67,13.97,20.42,609,-22.69,35.0,0.262
2025-04-02T20:42:29.000,15.3,7.0,387.07,13.95,20.42,610,-22.77,35.0,0.262
2025-04-02T20:42:59.000,15.18,6.66,390.93,13.94,20.42,611,-22.86,34.0,0.262
2025-04-02T20:43:29.000,15.07,6.87,393.57,13.93,20.42,612,-22.94,34.0,0.262
2025-04-02T20:43:59.000,14.99,6.63,395.41,13.93,20.42,613,-23.02,34.0,0.262
2025-04-02T20:44:29.000,14.93,6.95,395.24,13.93,20.42,614,-23.1,34.0,0.262
2025-04-02T20:45:00.000,14.94,7.17,393.76,13.93,20.42,615,-23.19,34.0,0.262
2025-04-02T20:45:30.000,14.76,5.65,392.33,13.94,20.42,616,-23.27,34.0,0.262
2025-04-02T20:46:00.000,14.54,5.74,391.9,13.94,20.42,617,-23.35,34.0,0.262
2025-04-02T20:46:30.000,14.5,6.69,387.19,13.95,20.42,618,-23.44,34.0,0.262
2025-04-02T20:47:00.000,14.51,6.8,380.78,13.97,20.42,619,-23.52,34.0,0.262
2025-04-02T20:47:31.000,14.45,6.21,373.9,13.99,20.42,620,-23.6,34.0,0.262
2025-04-02T20:48:01.000,14.36,6.36,367.76,14.01,20.42,621,-23.69,34.0,0.262
2025-04-02T20:48:31.000,14.2,5.48,363.85,14.02,20.42,622,-23.77,33.0,0.262
2025-04-02T20:49:01.000,14.07,5.48,360.48,14.03,20.42,623,-23.85,33.0,0.262
2025-04-02T20:49:31.000,14.02,6.13,356.88,14.04,20.42,624,-23.93,33.0,0.262
2025-04-02T20:50:02.000,13.88,5.47,355.95,14.04,20.42,625,-24.02,33.0,0.262
2025-04-02T20:50:32.000,13.76,5.88,359.56,14.03,20.42,626,-24.1,33.0,0.263
2025-04-02T20:51:02.000,13.64,5.65,367.81,14.01,20.42,627,-24.18,33.0,0.263
2025-04-02T20:51:32.000,13.63,6.25,374.63,13.99,20.42,628,-24.26,33.0,0.263
2025-04-02T20:52:02.000,13.62,6.58,379.61,13.97,20.42,629,-24.34,33.0,0.263
2025-04-02T20:52:32.000,13.66,6.79,380.95,13.97,20.42,630,-24.42,33.0,0.263
2025-04-02T20:53:03.000,13.63,6.5,379.95,13.97,20.42,631,-24.51,33.0,0.263
2025-04-02T20:53:33.000,13.62,6.66,378.19,13.98,20.42,632,-24.59,33.0,0.263
2025-04-02T20:54:03.000,13.63,6.97,378.29,13.98,20.42,633,-24.67,32.0,0.263
2025-04-02T20:54:33.000,13.7,7.16,378.76,13.97,20.42,634,-24.75,32.0,0.263
2025-04-02T20:55:03.000,13.72,7.03,378.59,13.97,20.42,635,-24.83,32.0,0.263
2025-04-02T20:55:34.000,13.72,6.93,379.41,13.97,20.42,636,-24.91,32.0,0.263
2025-04-02T20:56:04.000,13.7,6.77,381.67,13.97,20.42,637,-24.99,32.0,0.263
2025-04-02T20:56:34.000,13.65,6.9,385.05,13.96,20.42,638,-25.07,32.0,0.263
2025-04-02T20:57:04.000,13.67,6.92,384.78,13.96,20.42,639,-25.15,32.0,0.263
2025-04-02T20:57:34.000,13.58,6.9,381.56,13.97,20.42,640,-25.24,32.0,0.263
2025-04-02T20:58:05.000,13.58,6.75,377.14,13.98,20.42,641,-25.32,32.0,0.263
2025-04-02T20:58:35.000,13.56,6.95,375.86,13.98,20.42,642,-25.4,32.0,0.263
2025-04-02T20:59:05.000,13.47,6.63,376.24,13.98,20.42,643,-25.48,32.0,0.263
2025-04-02T20:59:35.000,13.41,7.06,374.93,13.99,20.42,644,-25.56,31.0,0.263
2025-04-02T21:00:06.000,13.39,7.18,372.57,13.99,20.42,645,-25.64,31.0,0.263
2025-04-02T21:00:36.000,13.31,6.66,369.0,14.0,20.42,646,-25.72,31.0,0.263
2025-04-02T21:01:06.000,13.13,6.13,366.15,14.01,20.42,647,-25.8,31.0,0.263
2025-04-02T21:01:36.000,12.96,5.52,362.0,14.02,20.42,648,-25.88,31.0,0.263
2025-04-02T21:02:07.000,12.7,5.19,359.33,14.03,20.42,649,-25.96,31.0,0.263
2025-04-02T21:02:37.000,12.57,5.8,356.73,14.04,20.42,650,-26.04,31.0,0.263
2025-04-02T21:03:07.000,12.51,5.9,351.1,14.06,20.42,651,-26.12,31.0,0.263
2025-04-02T21:03:38.000,12.36,5.57,344.34,14.08,20.42,652,-26.2,31.0,0.263
2025-04-02T21:04:08.000,12.16,5.03,340.43,14.09,20.42,653,-26.28,31.0,0.263
2025-04-02T21:04:38.000,11.98,5.02,338.78,14.1,20.42,654,-26.36,31.0,0.264
2025-04-02T21:05:08.000,11.81,5.11,337.76,14.1,20.42,655,-26.44,30.0,0.264
2025-04-02T21:05:38.000,11.75,5.54,336.68,14.1,20.42,656,-26.52,30.0,0.264
2025-04-02T21:06:08.000,11.63,4.87,330.29,14.12,20.42,657,-26.6,30.0,0.264
2025-04-02T21:06:38.000,11.38,4.28,324.95,14.14,20.42,658,-26.67,30.0,0.264
2025-04-02T21:07:09.000,11.08,3.49,322.34,14.15,20.42,659,-26.76,30.0,0.264
2025-04-02T21:07:39.000,10.94,4.21,320.67,14.15,20.42,660,-26.83,30.0,0.264
2025-04-02T21:08:09.000,10.8,4.33,316.63,14.17,20.42,661,-26.91,30.0,0.264
2025-04-02T21:08:40.000,10.7,4.26,312.14,14.18,20.42,662,-26.99,30.0,0.264
2025-04-02T21:09:09.000,10.6,4.69,306.63,14.2,20.42,663,-27.07,30.0,0.264
2025-04-02T21:09:40.000,10.64,5.08,300.76,14.22,20.42,664,-27.15,30.0,0.264
2025-04-02T21:10:10.000,10.66,5.6,295.51,14.24,20.42,665,-27.23,30.0,0.264
2025-04-02T21:10:40.000,10.7,5.49,291.22,14.26,20.42,666,-27.3,29.0,0.264
2025-04-02T21:11:10.000,10.67,4.77,283.9,14.29,20.42,667,-27.38,29.0,0.264
2025-04-02T21:11:40.000,10.52,4.9,273.02,14.33,20.42,668,-27.46,29.0,0.264
2025-04-02T21:12:11.000,10.65,6.01,266.38,14.36,20.42,669,-27.54,29.0,0.264
2025-04-02T21:12:41.000,10.66,4.97,258.83,14.39,20.42,670,-27.62,29.0,0.264
2025-04-02T21:13:11.000,10.51,4.62,251.76,14.42,20.42,671,-27.69,29.0,0.264
2025-04-02T21:13:41.000,10.59,5.79,253.14,14.41,20.42,672,-27.77,29.0,0.264
2025-04-02T21:14:11.000,10.5,4.29,260.68,14.38,20.42,673,-27.85,29.0,0.264
2025-04-02T21:14:41.000,10.29,3.46,261.41,14.38,20.42,674,-27.92,29.0,0.264
2025-04-02T21:15:12.000,10.21,4.26,254.19,14.41,20.42,675,-28.0,29.0,0.264
2025-04-02T21:15:42.000,10.21,4.45,250.78,14.42,20.42,676,-28.08,29.0,0.264
2025-04-02T21:16:12.000,10.21,4.83,257.38,14.39,20.42,677,-28.16,28.0,0.264
2025-04-02T21:16:42.000,10.18,4.47,267.51,14.35,20.42,678,-28.23,28.0,0.264
2025-04-02T21:17:12.000,10.16,4.73,267.07,14.35,20.42,679,-28.31,28.0,0.264
2025-04-02T21:17:42.000,10.19,5.05,263.24,14.37,20.42,680,-28.39,28.0,0.264
2025-04-02T21:18:13.000,10.18,5.04,265.02,14.36,20.42,681,-28.47,28.0,0.264
2025-04-02T21:18:43.000,10.3,5.71,271.41,14.34,20.42,682,-28.54,28.0,0.265
2025-04-02T21:19:13.000,10.41,5.99,263.29,14.37,20.42,683,-28.62,28.0,0.265
2025-04-02T21:19:43.000,10.55,6.4,252.39,14.41,20.42,684,-28.69,28.0,0.265
2025-04-02T21:20:13.000,10.65,6.34,252.34,14.42,20.42,685,-28.77,28.0,0.265
2025-04-02T21:20:44.000,10.75,6.23,249.19,14.43,20.42,686,-28.85,28.0,0.265
2025-04-02T21:21:14.000,10.86,6.58,257.85,14.39,20.42,687,-28.92,28.0,0.265
2025-04-02T21:21:44.000,10.94,5.9,265.19,14.36,20.42,688,-29.0,27.0,0.265
2025-04-02T21:22:14.000,10.91,5.64,266.78,14.35,20.42,689,-29.07,27.0,0.265
2025-04-02T21:22:44.000,10.98,6.42,285.37,14.28,20.42,690,-29.15,27.0,0.265
2025-04-02T21:23:14.000,11.02,5.62,301.33,14.22,20.42,691,-29.22,27.0,0.265
2025-04-02T21:23:45.000,10.97,5.08,309.56,14.19,20.42,692,-29.3,27.0,0.265
2025-04-02T21:24:15.000,10.9,4.78,317.48,14.17,20.42,693,-29.37,27.0,0.265
2025-04-02T21:24:45.000,11.11,6.98,333.41,14.11,20.42,694,-29.45,27.0,0.265
2025-04-02T21:25:15.000,11.3,6.71,350.76,14.06,20.42,695,-29.52,27.0,0.265
2025-04-02T21:25:45.000,11.32,5.67,359.9,14.03,20.42,696,-29.6,27.0,0.265
2025-04-02T21:26:16.000,11.29,5.8,367.27,14.01,20.42,697,-29.67,27.0,0.265
2025-04-02T21:26:46.000,11.5,7.11,373.86,13.99,20.42,698,-29.75,27.0,0.265
2025-04-02T21:27:16.000,11.7,7.39,379.41,13.97,20.42,699,-29.82,26.0,0.265
2025-04-02T21:27:46.000,11.79,6.88,383.48,13.96,20.42,700,-29.9,26.0,0.265
2025-04-02T21:28:16.000,11.86,7.21,384.24,13.96,20.42,701,-29.97,26.0,0.265
2025-04-02T21:28:47.000,12.05,7.77,382.19,13.96,20.42,702,-30.05,26.0,0.265
2025-04-02T21:29:17.000,12.18,7.63,383.46,13.96,20.42,703,-30.12,26.0,0.265
2025-04-02T21:29:47.000,12.31,7.77,380.83,13.97,20.42,704,-30.19,26.0,0.265
2025-04-02T21:30:17.000,12.42,7.55,361.57,14.02,20.42,705,-30.27,26.0,0.265
2025-04-02T21:30:47.000,12.42,7.0,338.49,14.1,20.42,706,-30.34,26.0,0.265
2025-04-02T21:31:18.000,12.48,7.48,314.24,14.18,20.42,707,-30.41,26.0,0.265
2025-04-02T21:31:48.000,12.58,7.61,320.15,14.16,20.42,708,-30.49,26.0,0.265
2025-04-02T21:32:19.000,12.64,7.36,342.62,14.08,20.42,709,-30.56,26.0,0.265
2025-04-02T21:32:48.000,12.64,7.14,354.68,14.05,20.42,710,-30.63,26.0,0.266
2025-04-02T21:33:18.000,12.62,7.13,358.71,14.03,20.42,711,-30.71,25.0,0.266
2025-04-02T21:33:49.000,12.65,7.52,357.66,14.04,20.42,712,-30.78,25.0,0.266
2025-04-02T21:34:19.000,12.7,7.64,356.29,14.04,20.42,713,-30.85,25.0,0.266
2025-04-02T21:34:49.000,12.74,7.86,354.68,14.05,20.42,714,-30.92,25.0,0.266
2025-04-02T21:35:19.000,12.79,7.54,344.68,14.08,20.42,715,-31.0,25.0,0.266
2025-04-02T21:35:50.000,12.73,7.44,325.0,14.14,20.42,716,-31.07,25.0,0.266
2025-04-02T21:36:20.000,12.75,7.25,296.73,14.24,20.42,717,-31.14,25.0,0.266
2025-04-02T21:36:50.000,12.71,7.4,278.0,14.31,20.42,718,-31.21,25.0,0.266
2025-04-02T21:37:20.000,12.72,7.42,278.29,14.31,20.42,719,-31.29,25.0,0.266
2025-04-02T21:37:50.000,12.78,7.6,290.57,14.26,20.42,720,-31.36,25.0,0.266
2025-04-02T21:38:20.000,12.77,7.37,298.24,14.23,20.42,721,-31.43,25.0,0.266
2025-04-02T21:38:51.000,12.71,7.23,297.61,14.24,20.42,722,-31.5,24.0,0.266
2025-04-02T21:39:21.000,12.68,7.32,302.86,14.22,20.42,723,-31.57,24.0,0.266
2025-04-02T21:39:51.000,12.65,7.3,308.49,14.2,20.42,724,-31.64,24.0,0.266
2025-04-02T21:40:21.000,12.46,5.73,293.1,14.25,20.42,725,-31.71,24.0,0.266
2025-04-02T21:40:51.000,12.08,5.33,280.49,14.3,20.42,726,-31.78,24.0,0.266
2025-04-02T21:41:22.000,12.04,6.65,280.33,14.3,20.42,727,-31.86,24.0,0.266
2025-04-02T21:41:52.000,12.02,6.88,285.41,14.28,20.42,728,-31.93,24.0,0.266
2025-04-02T21:42:22.000,11.99,6.92,282.49,14.29,20.42,729,-32.0,24.0,0.266
2025-04-02T21:42:52.000,11.94,6.81,265.57,14.36,20.42,730,-32.07,24.0,0.266
2025-04-02T21:43:22.000,11.77,5.56,249.85,14.43,20.42,731,-32.14,24.0,0.266
2025-04-02T21:43:52.000,11.47,5.51,233.95,14.5,20.42,732,-32.21,24.0,0.266
2025-04-02T21:44:23.000,11.28,4.87,247.14,14.44,20.42,733,-32.28,23.0,0.266
2025-04-02T21:44:53.000,11.01,4.87,273.17,14.33,20.42,734,-32.35,23.0,0.266
2025-04-02T21:45:23.000,10.84,4.81,295.0,14.25,20.42,735,-32.42,23.0,0.266
2025-04-02T21:45:53.000,10.82,6.52,296.83,14.24,20.42,736,-32.49,23.0,0.266
2025-04-02T21:46:23.000,10.88,6.71,283.61,14.29,20.42,737,-32.56,23.0,0.266
2025-04-02T21:46:54.000,10.91,6.54,253.24,14.41,20.42,738,-32.63,23.0,0.267
2025-04-02T21:47:24.000,10.73,6.09,239.17,14.47,20.42,739,-32.7,23.0,0.267
