ecsv/stars33/stars33_2024-04.ecsv
# %ECSV 1.0
# ---
# datatype:
# - {name: time, datatype: string}
# - {name: Enclosure Temperature, unit: deg_C, datatype: float64}
# - {name: Sky Temperature, unit: deg_C, datatype: float64}
# - {name: Frequency, unit: Hz, datatype: float64}
# - {name: MSAS, unit: mag / arcsec2, datatype: float64}
# - {name: ZP, datatype: float64}
# - {name: Sequence Number, datatype: int64}
# - {name: Sun Alt, unit: deg, datatype: float64}
# - {name: Moon Alt, unit: deg, datatype: float64}
# - {name: Moon Illumination, datatype: float64}
# delimiter: ','
# meta: !!omap
# - ida:
#     Data supplier: {affiliation: Particular, observer: Jaime Izquierdo}
#     Device type: TESS-W
#     Field of view: 17.0
#     Filters per channel: None
#     Instrument ID: stars33
#     License: ODbL 1.0 http://opendatacommons.org/licenses/odbl/summary/
#     Local timezone: Europe/Madrid
#     Location name: {country: Spain, place: M-30, region: Community of Madrid, sub_region: Community of Madrid, town: Madrid}
#     Measurement direction per channel: {azimuth: 0.0, zenital: 0.0}
#     Moving / Fixed look direction: FIXED
#     Moving / Stationary position: STATIONARY
#     Number of channels: 1
#     Number of fields per line: 8
#     Number of header lines: 35
#     Position: {height: 0.0, latitude: 40.4478574, longitude: -3.6637624}
#     TESS MAC address: 5C:CF:7F:82:8D:28
#     TESS cover offset value: 0.0
#     TESS firmware version: '1.0'
#     TESS zero point: 20.42
#     Time Synchronization: timestamp added by MQTT subscriber
#     URL: http://www.darksky.org/NSBM/sdf1.0.pdf
# - __serialized_columns__:
#     Enclosure Temperature:
#       __class__: astropy.units.quantity.Quantity
#       unit: &id001 !astropy.units.Unit {unit: deg_C}
#       value: !astropy.table.SerializedColumn {name: Enclosure Temperature}
#     Frequency:
#       __class__: astropy.units.quantity.Quantity
#       unit: !astropy.units.Unit {unit: Hz}
#       value: !astropy.table.SerializedColumn {name: Frequency}
#     MSAS:
#       __class__: astropy.units.quantity.Quantity
#       unit: !astropy.units.Unit {unit: mag / arcsec2}
#       value: !astropy.table.SerializedColumn {name: MSAS}
#     Moon Alt:
#       __class__: astropy.units.quantity.Quantity
#       unit: &id002 !astropy.units.Unit {unit: deg}
#       value: !astropy.table.SerializedColumn {name: Moon Alt}
#     Sky Temperature:
#       __class__: astropy.units.quantity.Quantity
#       unit: *id001
#       value: !astropy.table.SerializedColumn {name: Sky Temperature}
#     Sun Alt:
#       __class__: astropy.units.quantity.Quantity
#       unit: *id002
#       value: !astropy.table.SerializedColumn {name: Sun Alt}
#     time:
#       __class__: astropy.time.core.Time
#       format: isot
#       in_subfmt: '*'
#       out_subfmt: '*'
#       precision: 3
#       scale: utc
#       value: !astropy.table.SerializedColumn {name: time}
# schema: astropy-2.0
time,Enclosure Temperature,Sky Temperature,Frequency,MSAS,ZP,Sequence Number,Sun Alt,Moon Alt,Moon Illumination
[from data line 19853]
2024-04-16T00:06:45.000,17.94,0.23,11.49,17.77,20.42,537,-39.3,22.0,0.522
2024-04-16T00:07:15.000,17.93,-0.05,11.49,17.77,20.42,538,-39.3,22.0,0.522
2024-04-16T00:07:45.000,17.93,0.04,11.62,17.76,20.42,539,-39.31,22.0,0.522
2024-04-16T00:08:16.000,17.93,0.1,11.61,17.76,20.42,540,-39.31,22.0,0.522
2024-04-16T00:08:46.000,17.94,0.17,11.59,17.76,20.42,541,-39.31,22.0,0.522
2024-04-16T00:09:16.000,17.94,-0.07,11.58,17.76,20.42,542,-39.32,22.0,0.522
2024-04-16T00:09:47.000,17.93,0.02,11.62,17.76,20.42,543,-39.32,22.0,0.522
2024-04-16T00:10:17.000,17.92,-0.04,11.62,17.76,20.42,544,-39.32,22.0,0.522
2024-04-16T00:10:47.000,17.91,0.08,11.52,17.77,20.42,545,-39.32,21.0,0.522
2024-04-16T00:11:17.000,17.94,0.21,11.49,17.77,20.42,546,-39.32,21.0,0.522
2024-04-16T00:11:47.000,17.95,0.05,11.43,17.78,20.42,547,-39.33,21.0,0.522
2024-04-16T00:12:17.000,17.92,-0.17,11.3,17.79,20.42,548,-39.33,21.0,0.522
2024-04-16T00:12:48.000,17.92,0.02,11.49,17.77,20.42,549,-39.33,21.0,0.522
2024-04-16T00:13:18.000,17.93,0.07,11.53,17.77,20.42,550,-39.33,21.0,0.522
2024-04-16T00:13:48.000,17.92,0.0,11.31,17.79,20.42,551,-39.33,21.0,0.522
2024-04-16T00:14:18.000,17.91,-0.13,11.28,17.8,20.42,552,-39.33,21.0,0.522
2024-04-16T00:14:48.000,17.9,-0.14,11.06,17.82,20.42,553,-39.33,21.0,0.522
2024-04-16T00:15:19.000,17.89,-0.08,11.08,17.82,20.42,554,-39.33,21.0,0.522
2024-04-16T00:15:49.000,17.89,-0.03,11.14,17.81,20.42,555,-39.33,21.0,0.522
2024-04-16T00:16:19.000,17.89,-0.09,11.38,17.79,20.42,556,-39.33,20.0,0.522
2024-04-16T00:16:49.000,17.86,-0.06,11.85,17.74,20.42,557,-39.32,20.0,0.522
2024-04-16T00:17:19.000,17.89,0.06,11.76,17.75,20.42,558,-39.32,20.0,0.522
2024-04-16T00:17:50.000,17.9,0.18,11.59,17.76,20.42,559,-39.32,20.0,0.522
2024-04-16T00:18:20.000,17.91,-0.04,11.71,17.75,20.42,560,-39.32,20.0,0.522
2024-04-16T00:18:50.000,17.9,-0.1,11.71,17.75,20.42,561,-39.32,20.0,0.522
2024-04-16T00:19:20.000,17.91,0.1,11.5,17.77,20.42,562,-39.31,20.0,0.522
2024-04-16T00:19:51.000,17.93,0.07,11.43,17.78,20.42,563,-39.31,20.0,0.522
2024-04-16T00:20:21.000,17.94,0.03,11.47,17.77,20.42,564,-39.31,20.0,0.522
2024-04-16T00:20:59.000,17.95,0.1,11.41,17.78,20.42,565,-39.3,20.0,0.522
2024-04-16T00:21:30.000,17.96,-0.05,11.23,17.8,20.42,566,-39.3,20.0,0.523
2024-04-16T00:21:59.000,17.94,-0.11,11.22,17.8,20.42,567,-39.3,19.0,0.523
2024-04-16T00:22:29.000,17.95,-0.01,11.15,17.81,20.42,568,-39.29,19.0,0.523
2024-04-16T00:23:00.000,17.95,-0.04,11.25,17.8,20.42,569,-39.29,19.0,0.523
2024-04-16T00:23:30.000,17.95,-0.05,11.23,17.8,20.42,570,-39.28,19.0,0.523
2024-04-16T00:24:00.000,17.95,0.0,11.13,17.81,20.42,571,-39.28,19.0,0.523
2024-04-16T00:24:30.000,17.97,0.04,11.08,17.82,20.42,572,-39.27,19.0,0.523
2024-04-16T00:25:01.000,17.98,0.08,10.98,17.83,20.42,573,-39.27,19.0,0.523
2024-04-16T00:25:31.000,17.99,0.0,11.04,17.82,20.42,574,-39.26,19.0,0.523
2024-04-16T00:26:01.000,17.99,-0.02,11.02,17.82,20.42,575,-39.25,19.0,0.523
2024-04-16T00:26:32.000,18.01,0.04,11.1,17.81,20.42,576,-39.25,19.0,0.523
2024-04-16T00:27:02.000,18.03,0.02,11.03,17.82,20.42,577,-39.24,19.0,0.523
2024-04-16T00:27:32.000,18.04,-0.01,10.99,17.83,20.42,578,-39.23,18.0,0.523
2024-04-16T00:28:02.000,18.05,-0.01,11.19,17.81,20.42,579,-39.23,18.0,0.523
2024-04-16T00:28:32.000,18.07,0.04,10.83,17.84,20.42,580,-39.22,18.0,0.523
2024-04-16T00:29:02.000,18.07,-0.02,11.06,17.82,20.42,581,-39.21,18.0,0.523
2024-04-16T00:29:33.000,18.07,-0.1,10.9,17.83,20.42,582,-39.2,18.0,0.523
2024-04-16T00:30:03.000,18.07,-0.02,10.69,17.86,20.42,583,-39.2,18.0,0.523
2024-04-16T00:30:33.000,18.08,0.03,10.44,17.88,20.42,584,-39.19,18.0,0.523
2024-04-16T00:31:03.000,18.08,0.06,10.2,17.91,20.42,585,-39.18,18.0,0.523
2024-04-16T00:31:34.000,18.09,0.09,10.31,17.9,20.42,586,-39.17,18.0,0.523
2024-04-16T00:32:04.000,18.1,0.03,10.19,17.91,20.42,587,-39.16,18.0,0.523
2024-04-16T00:32:34.000,18.09,-0.03,10.5,17.88,20.42,588,-39.15,18.0,0.523
2024-04-16T00:33:04.000,18.08,-0.11,10.15,17.91,20.42,589,-39.14,18.0,0.523
2024-04-16T00:33:35.000,18.08,-0.07,10.85,17.84,20.42,590,-39.13,17.0,0.523
2024-04-16T00:34:05.000,18.07,-0.06,11.77,17.75,20.42,591,-39.12,17.0,0.523
2024-04-16T00:34:35.000,18.08,-0.03,11.82,17.74,20.42,592,-39.11,17.0,0.523
2024-04-16T00:35:05.000,18.07,-0.05,11.86,17.74,20.42,593,-39.1,17.0,0.523
2024-04-16T00:35:35.000,18.08,-0.03,11.77,17.75,20.42,594,-39.09,17.0,0.523
2024-04-16T00:36:06.000,18.07,-0.05,11.82,17.74,20.42,595,-39.08,17.0,0.524
2024-04-16T00:36:36.000,18.08,-0.05,11.74,17.75,20.42,596,-39.06,17.0,0.524
2024-04-16T00:37:06.000,18.08,0.0,11.72,17.75,20.42,597,-39.05,17.0,0.524
2024-04-16T00:37:36.000,18.09,-0.06,11.81,17.74,20.42,598,-39.04,17.0,0.524
2024-04-16T00:38:07.000,18.09,-0.02,11.79,17.74,20.42,599,-39.03,17.0,0.524
2024-04-16T00:38:37.000,18.09,-0.08,11.71,17.75,20.42,600,-39.01,17.0,0.524
2024-04-16T00:39:07.000,18.09,-0.02,11.59,17.76,20.42,601,-39.0,16.0,0.524
2024-04-16T00:39:37.000,18.11,-0.03,11.58,17.77,20.42,602,-38.99,16.0,0.524
2024-04-16T00:40:07.000,18.1,-0.1,11.59,17.76,20.42,603,-38.98,16.0,0.524
2024-04-16T00:40:37.000,18.09,-0.14,11.64,17.76,20.42,604,-38.96,16.0,0.524
2024-04-16T00:41:08.000,18.08,-0.23,11.57,17.77,20.42,605,-38.95,16.0,0.524
2024-04-16T00:41:38.000,18.08,-0.06,11.57,17.77,20.42,606,-38.93,16.0,0.524
2024-04-16T00:42:08.000,18.08,-0.08,11.64,17.76,20.42,607,-38.92,16.0,0.524
2024-04-16T00:42:39.000,18.07,-0.16,11.6,17.76,20.42,608,-38.9,16.0,0.524
2024-04-16T00:43:09.000,18.05,-0.21,11.59,17.76,20.42,609,-38.89,16.0,0.524
2024-04-16T00:43:39.000,18.05,-0.11,11.6,17.76,20.42,610,-38.87,16.0,0.524
2024-04-16T00:44:10.000,18.04,-0.2,11.66,17.76,20.42,611,-38.86,16.0,0.524
2024-04-16T00:44:40.000,18.01,-0.28,11.63,17.76,20.42,612,-38.84,15.0,0.524
2024-04-16T00:45:10.000,18.0,-0.25,11.57,17.77,20.42,613,-38.82,15.0,0.524
2024-04-16T00:45:41.000,17.99,-0.24,11.61,17.76,20.42,614,-38.81,15.0,0.524
2024-04-16T00:46:11.000,17.98,-0.29,11.54,17.77,20.42,615,-38.79,15.0,0.524
2024-04-16T00:46:41.000,17.95,-0.5,11.61,17.76,20.42,616,-38.77,15.0,0.524
2024-04-16T00:47:12.000,17.9,-0.61,11.55,17.77,20.42,617,-38.76,15.0,0.524
2024-04-16T00:47:42.000,17.84,-0.63,11.57,17.77,20.42,618,-38.74,15.0,0.524
2024-04-16T00:48:12.000,17.8,-0.55,11.64,17.76,20.42,619,-38.72,15.0,0.524
2024-04-16T00:48:43.000,17.79,-0.43,11.62,17.76,20.42,620,-38.7,15.0,0.524
2024-04-16T00:49:13.000,17.76,-0.5,11.64,17.76,20.42,621,-38.69,15.0,0.524
2024-04-16T00:49:43.000,17.75,-0.35,11.56,17.77,20.42,622,-38.67,15.0,0.524
2024-04-16T00:53:49.000,17.58,-0.53,11.51,17.77,20.42,628,-38.51,14.0,0.525
2024-04-16T00:54:19.000,17.57,-0.45,11.57,17.77,20.42,629,-38.49,14.0,0.525
2024-04-16T00:54:49.000,17.54,-0.55,11.59,17.76,20.42,630,-38.46,14.0,0.525
2024-04-16T00:55:20.000,17.54,-0.48,11.59,17.76,20.42,631,-38.44,14.0,0.525
2024-04-16T00:55:50.000,17.5,-0.67,11.51,17.77,20.42,632,-38.42,14.0,0.525
2024-04-16T00:56:20.000,17.47,-0.61,11.99,17.72,20.42,633,-38.4,13.0,0.525
2024-04-16T00:56:50.000,17.46,-0.51,11.54,17.77,20.42,634,-38.38,13.0,0.525
2024-04-16T00:57:21.000,17.47,-0.4,11.51,17.77,20.42,635,-38.35,13.0,0.525
2024-04-16T00:57:51.000,17.47,-0.39,11.26,17.8,20.42,636,-38.33,13.0,0.525
2024-04-16T00:58:21.000,17.47,-0.36,11.21,17.8,20.42,637,-38.31,13.0,0.525
2024-04-16T00:58:51.000,17.47,-0.41,11.33,17.79,20.42,638,-38.29,13.0,0.525
2024-04-16T00:59:21.000,17.45,-0.51,11.35,17.79,20.42,639,-38.26,13.0,0.525
2024-04-16T00:59:52.000,17.46,-0.32,11.4,17.78,20.42,640,-38.24,13.0,0.525
2024-04-16T01:00:22.000,17.47,-0.35,11.3,17.79,20.42,641,-38.22,13.0,0.525
2024-04-16T01:00:52.000,17.46,-0.53,11.46,17.78,20.42,642,-38.19,13.0,0.525
2024-04-16T01:01:22.000,17.45,-0.54,11.26,17.8,20.42,643,-38.17,13.0,0.525
2024-04-16T01:01:53.000,17.44,-0.62,11.15,17.81,20.42,644,-38.14,12.0,0.525
2024-04-16T01:02:23.000,17.42,-0.57,11.15,17.81,20.42,645,-38.12,12.0,0.525
2024-04-16T01:02:53.000,17.43,-0.5,11.13,17.81,20.42,646,-38.09,12.0,0.525
2024-04-16T01:03:23.000,17.41,-0.76,11.14,17.81,20.42,647,-38.07,12.0,0.525
2024-04-16T01:03:54.000,17.38,-0.79,11.12,17.81,20.42,648,-38.04,12.0,0.525
2024-04-16T01:04:24.000,17.36,-0.82,10.91,17.83,20.42,649,-38.02,12.0,0.525
2024-04-16T01:04:54.000,17.32,-0.65,10.83,17.84,20.42,650,-37.99,12.0,0.525
2024-04-16T01:05:24.000,17.31,-0.76,10.75,17.85,20.42,651,-37.96,12.0,0.526
2024-04-16T01:05:54.000,17.3,-0.57,10.79,17.85,20.42,652,-37.94,12.0,0.526
2024-04-16T01:06:25.000,17.3,-0.67,10.8,17.84,20.42,653,-37.91,12.0,0.526
2024-04-16T01:06:55.000,17.3,-0.6,10.73,17.85,20.42,654,-37.88,12.0,0.526
2024-04-16T01:07:25.000,17.29,-0.81,10.69,17.86,20.42,655,-37.86,12.0,0.526
2024-04-16T01:07:55.000,17.28,-0.61,10.77,17.85,20.42,656,-37.83,11.0,0.526
2024-04-16T01:08:26.000,17.3,-0.48,10.74,17.85,20.42,657,-37.8,11.0,0.526
2024-04-16T01:08:56.000,17.31,-0.44,10.8,17.84,20.42,658,-37.77,11.0,0.526
2024-04-16T01:09:26.000,17.34,-0.4,10.74,17.85,20.42,659,-37.74,11.0,0.526
2024-04-16T01:09:56.000,17.36,-0.51,10.78,17.85,20.42,660,-37.71,11.0,0.526
2024-04-16T01:10:27.000,17.36,-0.53,10.78,17.85,20.42,661,-37.69,11.0,0.526
2024-04-16T01:11:51.000,17.37,-0.46,10.85,17.84,20.42,663,-37.6,11.0,0.526
2024-04-16T01:12:20.000,17.39,-0.41,11.01,17.82,20.42,664,-37.58,11.0,0.526
2024-04-16T01:12:50.000,17.4,-0.4,11.05,17.82,20.42,665,-37.55,11.0,0.526
2024-04-16T01:13:21.000,17.4,-0.41,10.83,17.84,20.42,666,-37.51,11.0,0.526
2024-04-16T01:13:51.000,17.42,-0.41,10.75,17.85,20.42,667,-37.48,10.0,0.526
2024-04-16T01:14:21.000,17.44,-0.31,10.74,17.85,20.42,668,-37.45,10.0,0.526
2024-04-16T01:14:51.000,17.44,-0.45,10.71,17.85,20.42,669,-37.42,10.0,0.526
2024-04-16T01:15:22.000,17.46,-0.35,10.76,17.85,20.42,670,-37.39,10.0,0.526
2024-04-16T01:15:52.000,17.47,-0.41,10.62,17.86,20.42,671,-37.36,10.0,0.526
2024-04-16T01:16:22.000,17.47,-0.56,10.69,17.86,20.42,672,-37.33,10.0,0.526
2024-04-16T01:16:53.000,17.47,-0.55,10.77,17.85,20.42,673,-37.3,10.0,0.526
2024-04-16T01:17:23.000,17.45,-0.66,10.74,17.85,20.42,674,-37.26,10.0,0.526
2024-04-16T01:17:53.000,17.44,-0.67,10.78,17.85,20.42,675,-37.23,10.0,0.526
2024-04-16T01:18:23.000,17.43,-0.66,10.79,17.85,20.42,676,-37.2,10.0,0.526
2024-04-16T01:18:54.000,17.42,-0.71,10.67,17.86,20.42,677,-37.17,10.0,0.526
2024-04-16T01:19:24.000,17.4,-0.74,10.74,17.85,20.42,678,-37.13,9.0,0.526
2024-04-16T01:19:54.000,17.39,-0.69,10.63,17.86,20.42,679,-37.1,9.0,0.527
2024-04-16T01:20:25.000,17.38,-0.68,10.72,17.85,20.42,680,-37.07,9.0,0.527
2024-04-16T01:20:55.000,17.37,-0.76,10.68,17.86,20.42,681,-37.03,9.0,0.527
2024-04-16T01:21:25.000,17.36,-0.71,10.67,17.86,20.42,682,-37.0,9.0,0.527
2024-04-16T01:21:55.000,17.35,-0.75,10.62,17.86,20.42,683,-36.96,9.0,0.527
2024-04-16T01:22:25.000,17.32,-0.75,10.75,17.85,20.42,684,-36.93,9.0,0.527
2024-04-16T01:22:56.000,17.31,-0.77,10.68,17.86,20.42,685,-36.89,9.0,0.527
2024-04-16T01:23:26.000,17.3,-0.83,10.65,17.86,20.42,686,-36.86,9.0,0.527
2024-04-16T01:23:56.000,17.28,-0.86,10.72,17.85,20.42,687,-36.82,9.0,0.527
2024-04-16T01:24:26.000,17.27,-0.78,10.67,17.86,20.42,688,-36.79,9.0,0.527
2024-04-16T01:24:56.000,17.26,-0.91,10.64,17.86,20.42,689,-36.75,9.0,0.527
2024-04-16T01:25:27.000,17.25,-0.89,10.6,17.87,20.42,690,-36.72,8.0,0.527
2024-04-16T01:25:57.000,17.22,-1.01,10.63,17.86,20.42,691,-36.68,8.0,0.527
2024-04-16T01:26:27.000,17.2,-0.98,10.63,17.86,20.42,692,-36.65,8.0,0.527
2024-04-16T01:26:57.000,17.18,-0.95,10.7,17.86,20.42,693,-36.61,8.0,0.527
2024-04-16T01:27:28.000,17.16,-1.06,10.64,17.86,20.42,694,-36.57,8.0,0.527
2024-04-16T01:27:58.000,17.13,-0.96,10.67,17.86,20.42,695,-36.53,8.0,0.527
2024-04-16T01:28:28.000,17.12,-1.01,10.66,17.86,20.42,696,-36.5,8.0,0.527
2024-04-16T01:28:58.000,17.11,-0.85,10.67,17.86,20.42,697,-36.46,8.0,0.527
2024-04-16T01:29:28.000,17.11,-0.86,10.58,17.87,20.42,698,-36.42,8.0,0.527
2024-04-16T01:29:59.000,17.11,-0.77,10.64,17.86,20.42,699,-36.38,8.0,0.527
2024-04-16T01:30:29.000,17.12,-0.76,10.62,17.86,20.42,700,-36.35,8.0,0.527
2024-04-16T01:30:59.000,17.13,-0.68,10.63,17.86,20.42,701,-36.31,8.0,0.527
2024-04-16T01:31:29.000,17.17,-0.68,10.52,17.87,20.42,702,-36.27,7.0,0.527
2024-04-16T01:32:00.000,17.17,-0.77,10.53,17.87,20.42,703,-36.23,7.0,0.527
2024-04-16T01:32:30.000,17.15,-1.01,10.54,17.87,20.42,704,-36.19,7.0,0.527
2024-04-16T01:33:00.000,17.12,-1.0,10.49,17.88,20.42,705,-36.15,7.0,0.527
2024-04-16T01:33:30.000,17.12,-0.88,10.56,17.87,20.42,706,-36.11,7.0,0.527
2024-04-16T01:34:00.000,17.12,-0.87,10.53,17.87,20.42,707,-36.07,7.0,0.527
2024-04-16T01:34:30.000,17.09,-1.23,10.57,17.87,20.42,708,-36.03,7.0,0.528
2024-04-16T01:35:01.000,17.05,-1.26,10.52,17.87,20.42,709,-35.99,7.0,0.528
2024-04-16T01:35:31.000,17.01,-1.2,10.56,17.87,20.42,710,-35.95,7.0,0.528
2024-04-16T01:36:01.000,16.97,-1.24,10.59,17.87,20.42,711,-35.91,7.0,0.528
2024-04-16T01:36:31.000,16.96,-1.02,10.57,17.87,20.42,712,-35.87,7.0,0.528
2024-04-16T01:37:01.000,16.97,-0.92,10.53,17.87,20.42,713,-35.83,7.0,0.528
2024-04-16T01:37:32.000,16.98,-0.92,10.53,17.87,20.42,714,-35.79,6.0,0.528
2024-04-16T01:38:02.000,16.96,-1.04,10.5,17.88,20.42,715,-35.75,6.0,0.528
2024-04-16T01:38:32.000,16.96,-0.98,10.37,17.89,20.42,716,-35.71,6.0,0.528
2024-04-16T01:39:02.000,16.96,-1.02,10.47,17.88,20.42,717,-35.66,6.0,0.528
2024-04-16T01:39:33.000,16.95,-1.01,10.44,17.88,20.42,718,-35.62,6.0,0.528
2024-04-16T01:40:03.000,16.94,-1.2,10.4,17.89,20.42,719,-35.58,6.0,0.528
2024-04-16T01:40:33.000,16.89,-1.5,10.47,17.88,20.42,720,-35.54,6.0,0.528
2024-04-16T01:41:03.000,16.86,-1.29,10.62,17.86,20.42,721,-35.49,6.0,0.528
2024-04-16T01:41:33.000,16.85,-1.19,10.54,17.87,20.42,722,-35.45,6.0,0.528
2024-04-16T01:42:04.000,16.84,-1.19,10.49,17.88,20.42,723,-35.41,6.0,0.528
2024-04-16T01:42:34.000,16.82,-1.11,10.49,17.88,20.42,724,-35.36,6.0,0.528
2024-04-16T01:43:04.000,16.82,-1.14,10.53,17.87,20.42,725,-35.32,6.0,0.528
2024-04-16T01:43:34.000,16.78,-1.3,10.53,17.87,20.42,726,-35.28,5.0,0.528
2024-04-16T01:44:05.000,16.76,-1.28,10.55,17.87,20.42,727,-35.23,5.0,0.528
2024-04-16T01:44:35.000,16.77,-1.01,10.53,17.87,20.42,728,-35.19,5.0,0.528
2024-04-16T01:45:05.000,16.77,-1.2,10.4,17.89,20.42,729,-35.14,5.0,0.528
2024-04-16T01:45:35.000,16.75,-1.33,10.49,17.88,20.42,730,-35.1,5.0,0.528
2024-04-16T01:46:06.000,16.72,-1.33,10.63,17.86,20.42,731,-35.05,5.0,0.528
2024-04-16T01:46:36.000,16.72,-1.06,10.61,17.86,20.42,732,-35.01,5.0,0.528
2024-04-16T01:47:06.000,16.74,-0.99,10.45,17.88,20.42,733,-34.96,5.0,0.528
2024-04-16T01:47:36.000,16.73,-1.29,10.34,17.89,20.42,734,-34.92,5.0,0.528
2024-04-16T01:48:06.000,16.73,-1.07,10.39,17.89,20.42,735,-34.87,5.0,0.528
2024-04-16T01:48:36.000,16.72,-1.32,10.44,17.88,20.42,736,-34.83,5.0,0.528
2024-04-16T01:49:07.000,16.71,-1.19,10.51,17.88,20.42,737,-34.78,5.0,0.529
2024-04-16T01:49:37.000,16.67,-1.51,10.55,17.87,20.42,738,-34.74,4.0,0.529
2024-04-16T01:50:07.000,16.63,-1.38,10.47,17.88,20.42,739,-34.69,4.0,0.529
2024-04-16T01:50:37.000,16.6,-1.43,10.34,17.89,20.42,740,-34.64,4.0,0.529
2024-04-16T01:51:07.000,16.57,-1.46,10.27,17.9,20.42,741,-34.6,4.0,0.529
2024-04-16T01:51:38.000,16.53,-1.53,10.51,17.88,20.42,742,-34.55,4.0,0.529
2024-04-16T01:52:08.000,16.52,-1.26,10.44,17.88,20.42,743,-34.5,4.0,0.529
2024-04-16T01:52:38.000,16.54,-1.11,10.51,17.88,20.42,744,-34.45,4.0,0.529
2024-04-16T01:53:08.000,16.55,-1.11,10.53,17.87,20.42,745,-34.41,4.0,0.529
2024-04-16T01:53:38.000,16.55,-1.18,10.57,17.87,20.42,746,-34.36,4.0,0.529
2024-04-16T01:54:08.000,16.55,-1.19,10.51,17.88,20.42,747,-34.31,4.0,0.529
2024-04-16T01:54:39.000,16.55,-1.19,10.68,17.86,20.42,748,-34.26,4.0,0.529
2024-04-16T01:55:09.000,16.53,-1.35,10.39,17.89,20.42,749,-34.21,4.0,0.529
2024-04-16T01:55:39.000,16.53,-1.2,10.55,17.87,20.42,750,-34.16,3.0,0.529
2024-04-16T01:56:09.000,16.52,-1.23,10.58,17.87,20.42,751,-34.12,3.0,0.529
2024-04-16T01:56:40.000,16.51,-1.16,10.69,17.86,20.42,752,-34.07,3.0,0.529
2024-04-16T01:57:10.000,16.52,-1.08,10.71,17.86,20.42,753,-34.02,3.0,0.529
2024-04-16T01:57:40.000,16.52,-1.2,10.67,17.86,20.42,754,-33.97,3.0,0.529
