ecsv/stars33/stars33_2025-04.ecsv
# %ECSV 1.0
# ---
# datatype:
# - {name: time, datatype: string}
# - {name: Enclosure Temperature, unit: deg_C, datatype: float64}
# - {name: Sky Temperature, unit: deg_C, datatype: float64}
# - {name: Frequency, unit: Hz, datatype: float64}
# - {name: MSAS, unit: mag / arcsec2, datatype: float64}
# - {name: ZP, datatype: float64}
# - {name: Sequence Number, datatype: int64}
# - {name: Sun Alt, unit: deg, datatype: float64}
# - {name: Moon Alt, unit: deg, datatype: float64}
# - {name: Moon Illumination, datatype: float64}
# delimiter: ','
# meta: !!omap
# - ida:
#     Data supplier: {affiliation: Particular, observer: Jaime Izquierdo}
#     Device type: TESS-W
#     Field of view: 17.0
#     Filters per channel: None
#     Instrument ID: stars33
#     License: ODbL 1.0 http://opendatacommons.org/licenses/odbl/summary/
#     Local timezone: Europe/Madrid
#     Location name: {country: Spain, place: M-30, region: Community of Madrid, sub_region: Community of Madrid, town: Madrid}
#     Measurement direction per channel: {azimuth: 0.0, zenital: 0.0}
#     Moving / Fixed look direction: FIXED
#     Moving / Stationary position: STATIONARY
#     Number of channels: 1
#     Number of fields per line: 8
#     Number of header lines: 35
#     Position: {height: 0.0, latitude: 40.4478574, longitude: -3.6637624}
#     TESS MAC address: 5C:CF:7F:82:8D:28
#     TESS cover offset value: 0.0
#     TESS firmware version: '1.0'
#     TESS zero point: 20.42
#     Time Synchronization: timestamp added by MQTT subscriber
#     URL: http://www.darksky.org/NSBM/sdf1.0.pdf
# - __serialized_columns__:
#     Enclosure Temperature:
#       __class__: astropy.units.quantity.Quantity
#       unit: &id001 !astropy.units.Unit {unit: deg_C}
#       value: !astropy.table.SerializedColumn {name: Enclosure Temperature}
#     Frequency:
#       __class__: astropy.units.quantity.Quantity
#       unit: !astropy.units.Unit {unit: Hz}
#       value: !astropy.table.SerializedColumn {name: Frequency}
#     MSAS:
#       __class__: astropy.units.quantity.Quantity
#       unit: !astropy.units.Unit {unit: mag / arcsec2}
#       value: !astropy.table.SerializedColumn {name: MSAS}
#     Moon Alt:
#       __class__: astropy.units.quantity.Quantity
#       unit: &id002 !astropy.units.Unit {unit: deg}
#       value: !astropy.table.SerializedColumn {name: Moon Alt}
#     Sky Temperature:
#       __class__: astropy.units.quantity.Quantity
#       unit: *id001
#       value: !astropy.table.SerializedColumn {name: Sky Temperature}
#     Sun Alt:
#       __class__: astropy.units.quantity.Quantity
#       unit: *id002
#       value: !astropy.table.SerializedColumn {name: Sun Alt}
#     time:
#       __class__: astropy.time.core.Time
#       format: isot
#       in_subfmt: '*'
#       out_subfmt: '*'
#       precision: 3
#       scale: utc
#       value: !astropy.table.SerializedColumn {name: time}
# schema: astropy-2.0
time,Enclosure Temperature,Sky Temperature,Frequency,MSAS,ZP,Sequence Number,Sun Alt,Moon Alt,Moon Illumination
[from data line 9177]
2025-04-08T20:31:31.000,21.06,2.3,24.82,16.93,20.42,182,-19.55,58.0,0.849
2025-04-08T20:32:01.000,21.04,2.23,24.79,16.93,20.42,183,-19.63,59.0,0.849
2025-04-08T20:32:31.000,21.04,2.29,24.87,16.93,20.42,184,-19.72,59.0,0.849
2025-04-08T20:33:01.000,21.04,2.32,24.85,16.93,20.42,185,-19.8,59.0,0.849
2025-04-08T20:33:32.000,21.02,2.18,24.86,16.93,20.42,186,-19.88,59.0,0.849
2025-04-08T20:34:02.000,21.01,2.25,24.87,16.93,20.42,187,-19.97,59.0,0.85
2025-04-08T20:34:32.000,21.01,2.24,24.82,16.93,20.42,188,-20.05,59.0,0.85
2025-04-08T20:35:03.000,20.98,2.07,24.82,16.93,20.42,189,-20.14,59.0,0.85
2025-04-08T20:35:33.000,20.96,2.14,24.82,16.93,20.42,190,-20.22,59.0,0.85
2025-04-08T20:36:03.000,20.93,1.96,24.84,16.93,20.42,191,-20.3,59.0,0.85
2025-04-08T20:36:34.000,20.9,2.07,24.98,16.93,20.42,192,-20.38,59.0,0.85
2025-04-08T20:37:04.000,20.91,2.18,24.96,16.93,20.42,193,-20.47,59.0,0.85
2025-04-08T20:37:34.000,20.91,2.16,24.93,16.93,20.42,194,-20.55,59.0,0.85
2025-04-08T20:38:05.000,20.9,2.2,24.97,16.93,20.42,195,-20.63,59.0,0.85
2025-04-08T20:38:35.000,20.89,2.12,25.01,16.92,20.42,196,-20.72,59.0,0.85
2025-04-08T20:39:05.000,20.87,2.02,25.01,16.92,20.42,197,-20.8,59.0,0.85
2025-04-08T20:39:36.000,20.85,2.04,25.06,16.92,20.42,198,-20.88,59.0,0.85
2025-04-08T20:40:06.000,20.82,1.97,25.03,16.92,20.42,199,-20.96,59.0,0.85
2025-04-08T20:40:41.000,20.8,2.01,25.08,16.92,20.42,200,-21.06,59.0,0.85
2025-04-08T20:54:54.000,20.54,2.03,25.84,16.89,20.42,225,-23.34,60.0,0.851
2025-04-08T20:55:24.000,20.55,1.97,26.07,16.88,20.42,226,-23.42,60.0,0.851
2025-04-08T20:55:54.000,20.55,1.96,25.89,16.89,20.42,227,-23.5,60.0,0.851
2025-04-08T20:56:25.000,20.53,1.89,25.8,16.89,20.42,228,-23.58,60.0,0.851
2025-04-08T20:56:55.000,20.52,1.84,25.74,16.89,20.42,229,-23.66,60.0,0.851
2025-04-08T20:57:26.000,20.51,1.93,26.1,16.88,20.42,230,-23.74,60.0,0.851
2025-04-08T20:57:56.000,20.51,1.98,27.78,16.82,20.42,231,-23.82,60.0,0.851
2025-04-08T20:58:26.000,20.5,1.95,27.5,16.83,20.42,232,-23.9,60.0,0.851
2025-04-08T20:58:57.000,20.48,1.93,27.22,16.84,20.42,233,-23.98,60.0,0.851
2025-04-08T20:59:27.000,20.49,1.96,27.64,16.82,20.42,234,-24.06,60.0,0.851
2025-04-08T20:59:57.000,20.47,1.89,26.13,16.88,20.42,235,-24.14,60.0,0.851
2025-04-08T21:00:27.000,20.45,1.83,26.18,16.88,20.42,236,-24.21,60.0,0.851
2025-04-08T21:00:59.000,20.43,1.73,26.48,16.87,20.42,237,-24.3,60.0,0.851
2025-04-08T21:01:29.000,20.42,1.86,26.06,16.88,20.42,238,-24.37,60.0,0.851
2025-04-08T21:01:59.000,20.42,1.91,25.78,16.89,20.42,239,-24.45,60.0,0.851
2025-04-08T21:02:30.000,20.41,1.82,25.94,16.89,20.42,240,-24.53,61.0,0.851
2025-04-08T21:03:00.000,20.4,1.89,25.76,16.89,20.42,241,-24.61,61.0,0.851
2025-04-08T21:03:30.000,20.41,1.9,25.78,16.89,20.42,242,-24.69,61.0,0.851
2025-04-08T21:04:01.000,20.4,1.89,25.67,16.9,20.42,243,-24.77,61.0,0.851
2025-04-08T21:04:31.000,20.38,1.77,25.81,16.89,20.42,244,-24.84,61.0,0.851
2025-04-08T21:05:01.000,20.38,1.87,25.75,16.89,20.42,245,-24.92,61.0,0.851
2025-04-08T21:05:31.000,20.38,1.82,25.64,16.9,20.42,246,-25.0,61.0,0.851
2025-04-08T21:06:01.000,20.37,1.87,25.72,16.9,20.42,247,-25.07,61.0,0.851
2025-04-08T21:06:31.000,20.37,1.89,26.05,16.88,20.42,248,-25.15,61.0,0.851
2025-04-08T21:07:02.000,20.38,1.89,25.8,16.89,20.42,249,-25.23,61.0,0.851
2025-04-08T21:07:32.000,20.37,1.86,25.95,16.89,20.42,250,-25.31,61.0,0.851
2025-04-08T21:08:03.000,20.37,1.86,26.05,16.88,20.42,251,-25.39,61.0,0.851
2025-04-08T21:08:33.000,20.37,1.88,26.01,16.88,20.42,252,-25.46,61.0,0.851
2025-04-08T21:09:03.000,20.37,1.86,26.37,16.87,20.42,253,-25.54,61.0,0.851
2025-04-08T21:09:33.000,20.37,1.89,27.03,16.85,20.42,254,-25.61,61.0,0.851
2025-04-08T21:10:03.000,20.38,1.88,25.83,16.89,20.42,255,-25.69,61.0,0.851
2025-04-08T21:10:33.000,20.37,1.86,25.93,16.89,20.42,256,-25.77,61.0,0.851
2025-04-08T21:11:03.000,20.36,1.77,26.02,16.88,20.42,257,-25.84,61.0,0.851
2025-04-08T21:11:35.000,20.34,1.73,25.86,16.89,20.42,258,-25.92,61.0,0.851
2025-04-08T21:12:05.000,20.33,1.78,26.66,16.86,20.42,259,-26.0,61.0,0.851
2025-04-08T21:12:38.000,20.3,1.62,26.02,16.88,20.42,260,-26.08,61.0,0.851
2025-04-08T21:13:07.000,20.28,1.75,26.13,16.88,20.42,261,-26.15,61.0,0.851
2025-04-08T21:13:37.000,20.28,1.73,26.12,16.88,20.42,262,-26.23,61.0,0.851
2025-04-08T21:14:08.000,20.28,1.76,26.04,16.88,20.42,263,-26.31,61.0,0.851
2025-04-08T21:14:38.000,20.26,1.72,26.05,16.88,20.42,264,-26.38,61.0,0.851
2025-04-08T21:15:10.000,20.26,1.74,26.11,16.88,20.42,265,-26.46,61.0,0.852
2025-04-08T21:15:41.000,20.25,1.74,26.16,16.88,20.42,266,-26.54,61.0,0.852
2025-04-08T21:16:11.000,20.26,1.79,26.37,16.87,20.42,267,-26.61,61.0,0.852
2025-04-08T21:16:41.000,20.26,1.74,26.28,16.87,20.42,268,-26.69,61.0,0.852
2025-04-08T21:17:11.000,20.25,1.71,26.48,16.87,20.42,269,-26.76,61.0,0.852
2025-04-08T21:17:41.000,20.24,1.72,26.3,16.87,20.42,270,-26.84,61.0,0.852
2025-04-08T21:18:12.000,20.24,1.73,26.13,16.88,20.42,271,-26.91,61.0,0.852
2025-04-08T21:18:42.000,20.23,1.7,26.13,16.88,20.42,272,-26.99,61.0,0.852
2025-04-08T21:19:12.000,20.24,1.75,26.28,16.87,20.42,273,-27.06,61.0,0.852
2025-04-08T21:19:44.000,20.23,1.66,26.57,16.86,20.42,274,-27.14,61.0,0.852
2025-04-08T21:20:14.000,20.22,1.73,26.28,16.87,20.42,275,-27.21,61.0,0.852
2025-04-08T21:20:44.000,20.21,1.59,27.01,16.85,20.42,276,-27.29,61.0,0.852
2025-04-08T21:21:14.000,20.2,1.69,26.49,16.86,20.42,277,-27.36,61.0,0.852
2025-04-08T21:21:44.000,20.2,1.67,26.38,16.87,20.42,278,-27.43,61.0,0.852
2025-04-08T21:22:15.000,20.17,1.49,26.28,16.87,20.42,279,-27.51,61.0,0.852
2025-04-08T21:22:45.000,20.16,1.65,26.29,16.87,20.42,280,-27.58,61.0,0.852
2025-04-08T21:23:16.000,20.16,1.65,26.37,16.87,20.42,281,-27.66,61.0,0.852
2025-04-08T21:23:46.000,20.16,1.64,26.23,16.87,20.42,282,-27.73,61.0,0.852
2025-04-08T21:24:16.000,20.14,1.48,26.37,16.87,20.42,283,-27.8,61.0,0.852
2025-04-08T21:24:46.000,20.13,1.64,26.24,16.87,20.42,284,-27.88,61.0,0.852
2025-04-08T21:25:16.000,20.16,1.74,26.67,16.86,20.42,285,-27.95,61.0,0.852
2025-04-08T21:25:47.000,20.16,1.78,26.32,16.87,20.42,286,-28.02,61.0,0.852
2025-04-08T21:26:17.000,20.17,1.74,26.38,16.87,20.42,287,-28.09,61.0,0.852
2025-04-08T21:26:47.000,20.18,1.74,26.65,16.86,20.42,288,-28.17,61.0,0.852
2025-04-08T21:27:18.000,20.18,1.71,26.56,16.86,20.42,289,-28.24,61.0,0.852
2025-04-08T21:27:48.000,20.18,1.69,26.91,16.85,20.42,290,-28.31,61.0,0.852
2025-04-08T21:28:19.000,20.19,1.76,26.7,16.86,20.42,291,-28.39,61.0,0.852
2025-04-08T21:28:49.000,20.19,1.69,26.37,16.87,20.42,292,-28.46,61.0,0.852
2025-04-08T21:29:20.000,20.17,1.57,26.58,16.86,20.42,293,-28.53,61.0,0.852
2025-04-08T21:29:50.000,20.17,1.71,26.79,16.85,20.42,294,-28.6,61.0,0.852
2025-04-08T21:30:20.000,20.18,1.75,26.81,16.85,20.42,295,-28.68,61.0,0.852
2025-04-08T21:30:51.000,20.17,1.65,26.67,16.86,20.42,296,-28.75,61.0,0.852
2025-04-08T21:31:21.000,20.17,1.63,27.07,16.84,20.42,297,-28.82,61.0,0.852
2025-04-08T21:31:51.000,20.16,1.66,26.77,16.85,20.42,298,-28.89,61.0,0.852
2025-04-08T21:32:32.000,20.16,1.67,26.96,16.85,20.42,299,-28.99,61.0,0.852
2025-04-08T21:33:02.000,20.16,1.67,26.59,16.86,20.42,300,-29.06,61.0,0.852
2025-04-08T21:33:32.000,20.16,1.67,26.39,16.87,20.42,301,-29.13,61.0,0.852
2025-04-08T21:34:03.000,20.16,1.69,26.38,16.87,20.42,302,-29.2,61.0,0.852
2025-04-08T21:34:33.000,20.16,1.68,26.88,16.85,20.42,303,-29.27,61.0,0.852
2025-04-08T21:35:04.000,20.16,1.61,27.29,16.84,20.42,304,-29.34,61.0,0.852
2025-04-08T21:35:34.000,20.15,1.58,26.86,16.85,20.42,305,-29.41,61.0,0.852
2025-04-08T21:36:04.000,20.12,1.56,26.78,16.85,20.42,306,-29.48,61.0,0.853
2025-04-08T21:36:34.000,20.1,1.54,27.09,16.84,20.42,307,-29.55,61.0,0.853
2025-04-08T21:37:04.000,20.09,1.56,26.77,16.85,20.42,308,-29.62,61.0,0.853
2025-04-08T21:37:34.000,20.09,1.59,26.78,16.85,20.42,309,-29.69,61.0,0.853
2025-04-08T21:38:04.000,20.08,1.59,26.92,16.85,20.42,310,-29.76,61.0,0.853
2025-04-08T21:38:35.000,20.07,1.56,26.91,16.85,20.42,311,-29.83,61.0,0.853
2025-04-08T21:39:05.000,20.07,1.61,27.06,16.84,20.42,312,-29.9,61.0,0.853
2025-04-08T21:39:35.000,20.06,1.52,27.12,16.84,20.42,313,-29.97,61.0,0.853
2025-04-08T21:40:05.000,20.06,1.51,27.05,16.84,20.42,314,-30.04,61.0,0.853
2025-04-08T21:40:36.000,20.05,1.5,26.87,16.85,20.42,315,-30.11,61.0,0.853
2025-04-08T21:41:06.000,20.03,1.42,27.05,16.84,20.42,316,-30.18,61.0,0.853
2025-04-08T21:41:37.000,20.02,1.52,26.61,16.86,20.42,317,-30.25,61.0,0.853
2025-04-08T21:42:07.000,20.01,1.36,26.82,16.85,20.42,318,-30.31,61.0,0.853
2025-04-08T21:42:38.000,19.97,1.37,26.77,16.85,20.42,319,-30.38,61.0,0.853
2025-04-08T21:43:08.000,19.96,1.43,27.02,16.85,20.42,320,-30.45,61.0,0.853
2025-04-08T21:43:38.000,19.95,1.38,26.87,16.85,20.42,321,-30.52,61.0,0.853
2025-04-08T21:44:09.000,19.93,1.43,26.98,16.85,20.42,322,-30.59,61.0,0.853
2025-04-08T21:44:39.000,19.93,1.52,26.86,16.85,20.42,323,-30.66,61.0,0.853
2025-04-08T21:45:09.000,19.94,1.51,26.68,16.86,20.42,324,-30.72,61.0,0.853
2025-04-08T21:45:40.000,19.93,1.48,26.59,16.86,20.42,325,-30.79,61.0,0.853
2025-04-08T21:46:10.000,19.93,1.53,26.63,16.86,20.42,326,-30.86,61.0,0.853
2025-04-08T21:46:40.000,19.93,1.5,26.59,16.86,20.42,327,-30.93,61.0,0.853
2025-04-08T21:47:11.000,19.92,1.44,26.73,16.86,20.42,328,-31.0,61.0,0.853
2025-04-08T21:47:41.000,19.91,1.32,26.75,16.85,20.42,329,-31.06,61.0,0.853
2025-04-08T21:48:12.000,19.9,1.39,26.69,16.86,20.42,330,-31.13,61.0,0.853
2025-04-08T21:48:42.000,19.9,1.47,26.77,16.85,20.42,331,-31.2,61.0,0.853
2025-04-08T21:49:12.000,19.9,1.48,26.77,16.85,20.42,332,-31.26,61.0,0.853
2025-04-08T21:49:43.000,19.88,1.26,26.85,16.85,20.42,333,-31.33,61.0,0.853
2025-04-08T21:50:13.000,19.86,1.25,27.43,16.83,20.42,334,-31.4,61.0,0.853
2025-04-08T21:50:43.000,19.84,1.31,26.76,16.85,20.42,335,-31.46,61.0,0.853
2025-04-08T21:51:13.000,19.84,1.41,26.52,16.86,20.42,336,-31.53,61.0,0.853
2025-04-08T21:51:44.000,19.84,1.42,26.72,16.86,20.42,337,-31.6,61.0,0.853
2025-04-08T21:52:14.000,19.84,1.37,26.46,16.87,20.42,338,-31.66,61.0,0.853
2025-04-08T21:52:44.000,19.8,1.15,26.46,16.87,20.42,339,-31.73,61.0,0.853
2025-04-08T21:53:15.000,19.8,1.35,26.27,16.87,20.42,340,-31.79,61.0,0.853
2025-04-08T21:53:45.000,19.8,1.35,26.56,16.86,20.42,341,-31.86,61.0,0.853
2025-04-08T21:54:15.000,19.8,1.31,26.4,16.87,20.42,342,-31.92,61.0,0.853
2025-04-08T21:54:45.000,19.78,1.25,26.13,16.88,20.42,343,-31.99,61.0,0.853
2025-04-08T21:55:15.000,19.78,1.38,26.43,16.87,20.42,344,-32.05,61.0,0.853
2025-04-08T21:55:46.000,19.78,1.4,26.02,16.88,20.42,345,-32.12,61.0,0.853
2025-04-08T21:56:16.000,19.79,1.42,26.32,16.87,20.42,346,-32.18,61.0,0.853
2025-04-08T21:56:47.000,19.8,1.4,26.33,16.87,20.42,347,-32.25,60.0,0.854
2025-04-08T21:57:17.000,19.79,1.25,26.25,16.87,20.42,348,-32.31,60.0,0.854
2025-04-08T21:57:47.000,19.77,1.25,26.24,16.87,20.42,349,-32.37,60.0,0.854
2025-04-08T21:58:18.000,19.76,1.22,26.09,16.88,20.42,350,-32.44,60.0,0.854
2025-04-08T21:58:48.000,19.74,1.31,25.91,16.89,20.42,351,-32.5,60.0,0.854
2025-04-08T21:59:18.000,19.74,1.22,26.15,16.88,20.42,352,-32.56,60.0,0.854
2025-04-08T21:59:48.000,19.71,1.13,25.85,16.89,20.42,353,-32.63,60.0,0.854
2025-04-08T22:00:19.000,19.7,1.12,25.75,16.89,20.42,354,-32.69,60.0,0.854
2025-04-08T22:00:49.000,19.66,0.92,25.75,16.89,20.42,355,-32.75,60.0,0.854
2025-04-08T22:01:19.000,19.61,0.93,25.7,16.9,20.42,356,-32.82,60.0,0.854
2025-04-08T22:01:49.000,19.6,1.09,25.82,16.89,20.42,357,-32.88,60.0,0.854
2025-04-08T22:02:19.000,19.56,0.95,25.66,16.9,20.42,358,-32.94,60.0,0.854
2025-04-08T22:02:50.000,19.55,1.18,25.67,16.9,20.42,359,-33.01,60.0,0.854
2025-04-08T22:03:20.000,19.56,1.22,25.71,16.9,20.42,360,-33.07,60.0,0.854
2025-04-08T22:03:50.000,19.54,1.07,25.59,16.9,20.42,361,-33.13,60.0,0.854
2025-04-08T22:04:21.000,19.53,1.11,25.59,16.9,20.42,362,-33.19,60.0,0.854
2025-04-08T22:04:51.000,19.53,1.19,25.62,16.9,20.42,363,-33.25,60.0,0.854
2025-04-08T22:05:21.000,19.53,1.2,25.55,16.9,20.42,364,-33.31,60.0,0.854
2025-04-08T22:05:52.000,19.53,1.1,25.67,16.9,20.42,365,-33.38,60.0,0.854
2025-04-08T22:06:22.000,19.53,1.26,25.44,16.91,20.42,366,-33.44,60.0,0.854
2025-04-08T22:06:54.000,19.55,1.26,25.46,16.91,20.42,367,-33.5,60.0,0.854
2025-04-08T22:07:23.000,19.55,1.18,25.44,16.91,20.42,368,-33.56,60.0,0.854
2025-04-08T22:07:53.000,19.54,1.12,25.43,16.91,20.42,369,-33.62,60.0,0.854
2025-04-08T22:08:23.000,19.56,1.28,25.24,16.91,20.42,370,-33.68,60.0,0.854
2025-04-08T22:08:55.000,19.55,1.08,25.27,16.91,20.42,371,-33.74,60.0,0.854
2025-04-08T22:09:24.000,19.52,1.07,25.33,16.91,20.42,372,-33.8,60.0,0.854
2025-04-08T22:09:54.000,19.52,1.04,25.41,16.91,20.42,373,-33.86,60.0,0.854
2025-04-08T22:10:24.000,19.51,1.11,25.22,16.92,20.42,374,-33.92,60.0,0.854
2025-04-08T22:10:55.000,19.5,1.0,25.13,16.92,20.42,375,-33.98,60.0,0.854
2025-04-08T22:11:25.000,19.49,1.06,25.24,16.92,20.42,376,-34.04,60.0,0.854
2025-04-08T22:11:56.000,19.48,1.0,25.1,16.92,20.42,377,-34.1,60.0,0.854
2025-04-08T22:12:27.000,19.47,1.05,25.14,16.92,20.42,378,-34.16,60.0,0.854
2025-04-08T22:12:56.000,19.46,1.01,25.1,16.92,20.42,379,-34.22,60.0,0.854
2025-04-08T22:13:27.000,19.44,1.02,25.04,16.92,20.42,380,-34.28,60.0,0.854
2025-04-08T22:13:57.000,19.43,0.9,24.96,16.93,20.42,381,-34.34,60.0,0.854
2025-04-08T22:14:27.000,19.41,0.97,24.93,16.93,20.42,382,-34.39,59.0,0.854
2025-04-08T22:14:58.000,19.39,0.84,24.94,16.93,20.42,383,-34.45,59.0,0.854
2025-04-08T22:15:28.000,19.36,0.71,24.87,16.93,20.42,384,-34.51,59.0,0.854
2025-04-08T22:15:58.000,19.34,0.92,24.78,16.94,20.42,385,-34.57,59.0,0.854
2025-04-08T22:16:29.000,19.35,0.92,24.74,16.94,20.42,386,-34.63,59.0,0.854
2025-04-08T22:16:59.000,19.35,1.0,24.8,16.93,20.42,387,-34.69,59.0,0.854
2025-04-08T22:17:29.000,19.35,0.93,24.73,16.94,20.42,388,-34.74,59.0,0.855
2025-04-08T22:17:59.000,19.36,1.04,24.8,16.93,20.42,389,-34.8,59.0,0.855
2025-04-08T22:18:30.000,19.35,0.83,24.61,16.94,20.42,390,-34.86,59.0,0.855
2025-04-08T22:19:00.000,19.33,0.73,24.68,16.94,20.42,391,-34.91,59.0,0.855
2025-04-08T22:19:30.000,19.31,0.96,24.7,16.94,20.42,392,-34.97,59.0,0.855
2025-04-08T22:20:01.000,19.34,1.05,24.73,16.94,20.42,393,-35.03,59.0,0.855
2025-04-08T22:20:31.000,19.34,0.97,24.68,16.94,20.42,394,-35.08,59.0,0.855
2025-04-08T22:21:01.000,19.35,0.96,24.63,16.94,20.42,395,-35.14,59.0,0.855
2025-04-08T22:21:32.000,19.34,0.93,24.63,16.94,20.42,396,-35.2,59.0,0.855
2025-04-08T22:22:02.000,19.34,0.83,24.58,16.94,20.42,397,-35.25,59.0,0.855
2025-04-08T22:22:32.000,19.31,0.77,24.5,16.95,20.42,398,-35.31,59.0,0.855
2025-04-08T22:23:51.000,19.31,0.96,24.55,16.95,20.42,2,-35.45,59.0,0.855
2025-04-08T22:24:21.000,19.33,0.96,24.13,16.97,20.42,3,-35.5,59.0,0.855
2025-04-08T22:24:51.000,19.3,0.65,24.37,16.95,20.42,4,-35.56,59.0,0.855
2025-04-08T22:25:22.000,19.29,0.77,24.37,16.95,20.42,5,-35.61,59.0,0.855
2025-04-08T22:25:52.000,19.28,0.79,24.34,16.95,20.42,6,-35.67,59.0,0.855
2025-04-08T22:26:22.000,19.25,0.75,24.12,16.97,20.42,7,-35.72,59.0,0.855
2025-04-08T22:26:52.000,19.25,0.88,24.03,16.97,20.42,8,-35.78,59.0,0.855
2025-04-08T22:27:23.000,19.25,0.7,23.92,16.98,20.42,9,-35.83,58.0,0.855
2025-04-08T22:27:53.000,19.21,0.66,24.18,16.96,20.42,10,-35.88,58.0,0.855
2025-04-08T22:28:23.000,19.2,0.63,23.94,16.97,20.42,11,-35.94,58.0,0.855
2025-04-08T22:28:54.000,19.19,0.72,24.06,16.97,20.42,12,-35.99,58.0,0.855
2025-04-08T22:29:24.000,19.19,0.71,23.92,16.97,20.42,13,-36.04,58.0,0.855
2025-04-08T22:29:55.000,19.17,0.59,23.88,16.98,20.42,14,-36.1,58.0,0.855
2025-04-08T22:30:25.000,19.16,0.62,23.67,16.99,20.42,15,-36.15,58.0,0.855
2025-04-08T22:30:55.000,19.16,0.74,23.78,16.98,20.42,16,-36.2,58.0,0.855
2025-04-08T22:31:25.000,19.16,0.64,23.86,16.98,20.42,17,-36.25,58.0,0.855
2025-04-08T22:31:56.000,19.15,0.61,23.81,16.98,20.42,18,-36.31,58.0,0.855
2025-04-08T22:32:26.000,19.11,0.34,23.75,16.98,20.42,19,-36.36,58.0,0.855
2025-04-08T22:32:57.000,19.08,0.43,23.62,16.99,20.42,20,-36.41,58.0,0.855
2025-04-08T22:33:27.000,19.06,0.39,23.65,16.99,20.42,21,-36.46,58.0,0.855
2025-04-08T22:33:58.000,19.04,0.49,23.53,16.99,20.42,22,-36.51,58.0,0.855
2025-04-08T22:34:28.000,19.02,0.34,23.64,16.99,20.42,23,-36.56,58.0,0.855
