ecsv/stars33/stars33_2025-04.ecsv
# %ECSV 1.0
# ---
# datatype:
# - {name: time, datatype: string}
# - {name: Enclosure Temperature, unit: deg_C, datatype: float64}
# - {name: Sky Temperature, unit: deg_C, datatype: float64}
# - {name: Frequency, unit: Hz, datatype: float64}
# - {name: MSAS, unit: mag / arcsec2, datatype: float64}
# - {name: ZP, datatype: float64}
# - {name: Sequence Number, datatype: int64}
# - {name: Sun Alt, unit: deg, datatype: float64}
# - {name: Moon Alt, unit: deg, datatype: float64}
# - {name: Moon Illumination, datatype: float64}
# delimiter: ','
# meta: !!omap
# - ida:
#     Data supplier: {affiliation: Particular, observer: Jaime Izquierdo}
#     Device type: TESS-W
#     Field of view: 17.0
#     Filters per channel: None
#     Instrument ID: stars33
#     License: ODbL 1.0 http://opendatacommons.org/licenses/odbl/summary/
#     Local timezone: Europe/Madrid
#     Location name: {country: Spain, place: M-30, region: Community of Madrid, sub_region: Community of Madrid, town: Madrid}
#     Measurement direction per channel: {azimuth: 0.0, zenital: 0.0}
#     Moving / Fixed look direction: FIXED
#     Moving / Stationary position: STATIONARY
#     Number of channels: 1
#     Number of fields per line: 8
#     Number of header lines: 35
#     Position: {height: 0.0, latitude: 40.4478574, longitude: -3.6637624}
#     TESS MAC address: 5C:CF:7F:82:8D:28
#     TESS cover offset value: 0.0
#     TESS firmware version: '1.0'
#     TESS zero point: 20.42
#     Time Synchronization: timestamp added by MQTT subscriber
#     URL: http://www.darksky.org/NSBM/sdf1.0.pdf
# - __serialized_columns__:
#     Enclosure Temperature:
#       __class__: astropy.units.quantity.Quantity
#       unit: &id001 !astropy.units.Unit {unit: deg_C}
#       value: !astropy.table.SerializedColumn {name: Enclosure Temperature}
#     Frequency:
#       __class__: astropy.units.quantity.Quantity
#       unit: !astropy.units.Unit {unit: Hz}
#       value: !astropy.table.SerializedColumn {name: Frequency}
#     MSAS:
#       __class__: astropy.units.quantity.Quantity
#       unit: !astropy.units.Unit {unit: mag / arcsec2}
#       value: !astropy.table.SerializedColumn {name: MSAS}
#     Moon Alt:
#       __class__: astropy.units.quantity.Quantity
#       unit: &id002 !astropy.units.Unit {unit: deg}
#       value: !astropy.table.SerializedColumn {name: Moon Alt}
#     Sky Temperature:
#       __class__: astropy.units.quantity.Quantity
#       unit: *id001
#       value: !astropy.table.SerializedColumn {name: Sky Temperature}
#     Sun Alt:
#       __class__: astropy.units.quantity.Quantity
#       unit: *id002
#       value: !astropy.table.SerializedColumn {name: Sun Alt}
#     time:
#       __class__: astropy.time.core.Time
#       format: isot
#       in_subfmt: '*'
#       out_subfmt: '*'
#       precision: 3
#       scale: utc
#       value: !astropy.table.SerializedColumn {name: time}
# schema: astropy-2.0
time,Enclosure Temperature,Sky Temperature,Frequency,MSAS,ZP,Sequence Number,Sun Alt,Moon Alt,Moon Illumination
[from data line 30098]
2025-04-26T04:37:17.000,14.42,-3.1,41.56,16.38,20.42,167,-8.39,2.0,0.04
2025-04-26T04:37:47.000,14.42,-3.06,45.25,16.28,20.42,168,-8.31,2.0,0.04
2025-04-26T04:38:17.000,14.42,-3.15,49.06,16.19,20.42,169,-8.22,2.0,0.04
2025-04-26T04:38:47.000,14.42,-3.09,51.32,16.15,20.42,170,-8.14,2.0,0.04
2025-04-26T04:39:17.000,14.42,-3.07,55.43,16.07,20.42,171,-8.05,2.0,0.04
2025-04-26T04:39:47.000,14.43,-3.1,63.27,15.92,20.42,172,-7.97,3.0,0.04
2025-04-26T04:40:18.000,14.43,-3.0,68.98,15.82,20.42,173,-7.88,3.0,0.04
2025-04-26T04:40:48.000,14.44,-3.05,75.07,15.73,20.42,174,-7.79,3.0,0.04
2025-04-26T04:41:18.000,14.44,-3.03,81.66,15.64,20.42,175,-7.7,3.0,0.04
2025-04-26T04:41:48.000,14.46,-2.96,89.66,15.54,20.42,176,-7.62,3.0,0.04
2025-04-26T04:42:18.000,14.46,-3.03,98.68,15.43,20.42,177,-7.53,3.0,0.04
2025-04-26T04:42:48.000,14.46,-2.94,108.54,15.33,20.42,178,-7.45,3.0,0.04
2025-04-26T04:43:18.000,14.47,-2.92,119.51,15.23,20.42,179,-7.36,3.0,0.04
2025-04-26T04:43:49.000,14.49,-2.88,131.85,15.12,20.42,180,-7.27,3.0,0.04
2025-04-26T04:44:19.000,14.5,-2.85,145.76,15.01,20.42,181,-7.18,3.0,0.04
2025-04-26T04:44:49.000,14.51,-2.96,161.27,14.9,20.42,182,-7.1,4.0,0.04
2025-04-26T04:45:19.000,14.51,-2.96,179.02,14.79,20.42,183,-7.01,4.0,0.04
2025-04-26T04:45:49.000,14.51,-3.12,198.52,14.68,20.42,184,-6.92,4.0,0.04
2025-04-26T04:46:20.000,14.5,-2.97,220.78,14.56,20.42,185,-6.83,4.0,0.04
2025-04-26T04:46:50.000,14.51,-3.02,245.46,14.45,20.42,186,-6.75,4.0,0.04
2025-04-26T04:47:20.000,14.51,-3.08,273.29,14.33,20.42,187,-6.66,4.0,0.04
2025-04-26T04:47:50.000,14.5,-3.15,304.39,14.21,20.42,188,-6.57,4.0,0.04
2025-04-26T04:48:20.000,14.49,-3.2,338.81,14.1,20.42,189,-6.49,4.0,0.04
2025-04-26T04:48:50.000,14.47,-3.12,377.22,13.98,20.42,190,-6.4,4.0,0.04
2025-04-26T04:49:21.000,14.47,-3.14,419.81,13.86,20.42,191,-6.31,4.0,0.04
2025-04-26T04:49:51.000,14.48,-3.04,467.02,13.75,20.42,192,-6.22,4.0,0.04
2025-04-26T04:50:21.000,14.46,-3.26,519.95,13.63,20.42,193,-6.14,5.0,0.04
2025-04-26T04:50:51.000,14.43,-3.54,579.41,13.51,20.42,194,-6.05,5.0,0.04
2025-04-26T04:51:22.000,14.38,-3.56,644.81,13.4,20.42,195,-5.96,5.0,0.04
2025-04-26T04:51:52.000,14.35,-3.67,717.95,13.28,20.42,196,-5.87,5.0,0.04
2025-04-26T04:52:22.000,14.28,-3.58,799.33,13.16,20.42,197,-5.78,5.0,0.04
2025-04-26T04:52:52.000,14.25,-3.75,889.8,13.05,20.42,198,-5.7,5.0,0.04
2025-04-26T04:53:22.000,14.13,-4.17,989.95,12.93,20.42,199,-5.61,5.0,0.04
2025-04-26T04:53:53.000,14.1,-3.81,1102.0,12.82,20.42,200,-5.52,5.0,0.04
2025-04-26T04:54:23.000,14.04,-3.9,1226.0,12.7,20.42,201,-5.43,5.0,0.04
2025-04-26T04:54:53.000,14.02,-3.63,1364.19,12.58,20.42,202,-5.34,5.0,0.04
2025-04-26T04:55:23.000,13.99,-3.73,1515.41,12.47,20.42,203,-5.26,5.0,0.04
2025-04-26T04:55:54.000,13.95,-3.66,1683.76,12.35,20.42,204,-5.17,6.0,0.04
2025-04-26T04:56:24.000,13.94,-3.62,1871.46,12.24,20.42,205,-5.08,6.0,0.04
2025-04-26T04:56:54.000,13.93,-3.65,2080.1,12.13,20.42,206,-4.99,6.0,0.04
2025-04-26T04:57:25.000,13.93,-3.59,2315.76,12.01,20.42,207,-4.9,6.0,0.04
2025-04-26T04:57:55.000,13.94,-3.37,2575.85,11.89,20.42,208,-4.81,6.0,0.04
2025-04-26T04:58:25.000,13.95,-3.48,2864.1,11.78,20.42,209,-4.72,6.0,0.039
2025-04-26T04:58:55.000,13.96,-3.41,3189.43,11.66,20.42,210,-4.63,6.0,0.039
2025-04-26T04:59:26.000,14.01,-3.3,3548.88,11.55,20.42,211,-4.54,6.0,0.039
2025-04-26T04:59:56.000,14.02,-3.51,3949.14,11.43,20.42,212,-4.46,6.0,0.039
2025-04-26T05:00:26.000,14.02,-3.43,4394.2,11.31,20.42,213,-4.37,6.0,0.039
2025-04-26T05:00:56.000,14.04,-3.41,4890.48,11.2,20.42,214,-4.28,7.0,0.039
2025-04-26T05:01:26.000,14.06,-3.36,5453.05,11.08,20.42,215,-4.19,7.0,0.039
2025-04-26T05:01:57.000,14.08,-3.29,6076.54,10.96,20.42,216,-4.1,7.0,0.039
2025-04-26T05:02:27.000,14.09,-3.4,6773.1,10.84,20.42,217,-4.01,7.0,0.039
2025-04-26T05:16:39.000,13.92,-3.54,50000.0,0.0,20.42,242,-1.48,9.0,0.039
2025-04-26T05:17:10.000,13.92,-3.35,50000.0,0.0,20.42,243,-1.39,10.0,0.039
2025-04-26T05:17:40.000,13.94,-3.33,50000.0,0.0,20.42,244,-1.3,10.0,0.039
2025-04-26T05:35:19.000,14.46,-3.12,50000.0,0.0,20.42,279,1.91,13.0,0.038
2025-04-26T05:35:50.000,14.5,-2.88,50000.0,0.0,20.42,280,2.0,13.0,0.038
2025-04-26T05:36:20.000,14.54,-2.94,50000.0,0.0,20.42,281,2.09,13.0,0.038
2025-04-26T05:36:50.000,14.56,-3.06,49367.52,0.21,20.42,282,2.18,13.0,0.038
2025-04-26T05:37:20.000,14.54,-3.21,50000.0,0.0,20.42,283,2.27,13.0,0.038
2025-04-26T05:37:51.000,14.56,-3.12,50000.0,0.0,20.42,284,2.37,13.0,0.038
2025-04-26T05:38:21.000,14.55,-3.16,50000.0,0.0,20.42,285,2.46,14.0,0.038
2025-04-26T05:40:22.000,14.59,-2.95,50000.0,0.0,20.42,289,2.83,14.0,0.038
2025-04-26T05:40:52.000,14.61,-2.94,50000.0,0.0,20.42,290,2.92,14.0,0.038
2025-04-26T05:41:23.000,14.64,-2.87,50000.0,0.0,20.42,291,3.02,14.0,0.038
2025-04-26T05:42:36.000,14.67,-3.14,50000.0,0.0,20.42,293,3.24,14.0,0.038
2025-04-26T05:43:05.000,14.67,-3.02,50000.0,0.0,20.42,294,3.33,14.0,0.038
2025-04-26T05:43:37.000,14.65,-3.07,50000.0,0.0,20.42,295,3.43,15.0,0.038
2025-04-26T06:10:46.000,15.41,-3.63,50000.0,0.0,20.42,349,8.47,20.0,0.037
2025-04-26T06:11:17.000,15.35,-3.87,50000.0,0.0,20.42,350,8.56,20.0,0.037
2025-04-26T06:11:47.000,15.27,-4.25,50000.0,0.0,20.42,351,8.66,20.0,0.037
2025-04-26T06:22:34.000,16.48,-1.4,50000.0,0.0,20.42,370,10.68,22.0,0.037
2025-04-26T06:23:05.000,16.58,-1.99,50000.0,0.0,20.42,371,10.78,22.0,0.037
2025-04-26T06:33:53.000,17.54,-1.93,50000.0,0.0,20.42,390,12.82,24.0,0.036
2025-04-26T06:34:23.000,17.56,-1.81,50000.0,0.0,20.42,391,12.91,24.0,0.036
2025-04-26T06:34:53.000,17.54,-1.93,50000.0,0.0,20.42,392,13.0,24.0,0.036
2025-04-26T07:30:12.000,20.41,1.09,50000.0,0.0,20.42,502,23.52,34.0,0.035
2025-04-26T07:30:42.000,20.28,-0.43,50000.0,0.0,20.42,503,23.61,34.0,0.035
2025-04-26T07:31:12.000,20.37,1.24,50000.0,0.0,20.42,504,23.71,34.0,0.035
2025-04-26T07:45:25.000,20.16,-1.9,50000.0,0.0,20.42,529,26.41,37.0,0.034
2025-04-26T07:45:55.000,20.09,-0.48,50000.0,0.0,20.42,530,26.5,37.0,0.034
2025-04-26T07:46:25.000,20.12,0.86,50000.0,0.0,20.42,531,26.6,37.0,0.034
2025-04-26T08:11:35.000,20.06,0.49,50000.0,0.0,20.42,581,31.36,41.0,0.033
2025-04-26T08:12:05.000,20.18,2.24,50000.0,0.0,20.42,582,31.45,41.0,0.033
2025-04-26T08:12:35.000,20.35,2.21,50000.0,0.0,20.42,583,31.54,41.0,0.033
2025-04-26T08:13:48.000,20.32,0.18,50000.0,0.0,20.42,585,31.77,41.0,0.033
2025-04-26T08:14:18.000,19.82,-2.88,50000.0,0.0,20.42,586,31.87,41.0,0.033
2025-04-26T08:14:48.000,19.52,-1.01,50000.0,0.0,20.42,587,31.96,41.0,0.033
2025-04-26T09:55:25.000,25.56,5.31,50000.0,0.0,20.42,787,49.86,55.0,0.03
2025-04-26T09:55:55.000,25.14,3.88,50000.0,0.0,20.42,788,49.94,55.0,0.03
2025-04-26T09:56:25.000,24.85,3.18,50000.0,0.0,20.42,789,50.02,55.0,0.03
2025-04-26T10:07:12.000,24.24,2.96,50000.0,0.0,20.42,808,51.73,55.0,0.03
2025-04-26T10:07:42.000,24.26,5.33,50000.0,0.0,20.42,809,51.8,55.0,0.03
2025-04-26T10:08:12.000,24.28,5.7,50000.0,0.0,20.42,810,51.88,56.0,0.03
2025-04-26T10:12:14.000,25.04,8.31,50000.0,0.0,20.42,818,52.5,56.0,0.03
2025-04-26T10:12:44.000,25.36,8.81,50000.0,0.0,20.42,819,52.58,56.0,0.03
2025-04-26T10:13:14.000,25.71,9.3,50000.0,0.0,20.42,820,52.65,56.0,0.03
2025-04-26T10:18:27.000,25.76,5.84,50000.0,0.0,20.42,2,53.43,56.0,0.03
2025-04-26T10:18:57.000,25.58,4.85,50000.0,0.0,20.42,3,53.51,56.0,0.03
2025-04-26T10:19:28.000,25.31,5.71,50000.0,0.0,20.42,4,53.58,56.0,0.03
2025-04-26T10:30:02.000,26.2,6.0,50000.0,0.0,20.42,25,55.1,57.0,0.029
2025-04-26T10:30:32.000,26.13,5.22,50000.0,0.0,20.42,26,55.17,57.0,0.029
2025-04-26T10:31:02.000,25.66,4.08,50000.0,0.0,20.42,27,55.24,57.0,0.029
2025-04-26T10:41:48.000,28.23,11.27,50000.0,0.0,20.42,46,56.69,57.0,0.029
2025-04-26T10:42:18.000,28.51,11.24,50000.0,0.0,20.42,47,56.76,57.0,0.029
2025-04-26T10:43:35.000,27.88,4.71,50000.0,0.0,20.42,49,56.92,57.0,0.029
2025-04-26T10:44:04.000,27.65,7.76,50000.0,0.0,20.42,50,56.98,57.0,0.029
2025-04-26T10:44:35.000,27.32,5.68,50000.0,0.0,20.42,51,57.05,57.0,0.029
2025-04-26T11:00:17.000,28.64,11.18,50000.0,0.0,20.42,82,58.92,57.0,0.028
2025-04-26T11:00:48.000,28.65,9.73,50000.0,0.0,20.42,83,58.98,57.0,0.028
2025-04-26T11:01:18.000,28.71,10.56,50000.0,0.0,20.42,84,59.04,57.0,0.028
2025-04-26T11:12:05.000,29.32,9.85,50000.0,0.0,20.42,103,60.15,57.0,0.028
2025-04-26T11:12:35.000,29.29,11.43,50000.0,0.0,20.42,104,60.2,57.0,0.028
2025-04-26T11:13:05.000,29.66,13.85,50000.0,0.0,20.42,105,60.25,57.0,0.028
2025-04-26T11:30:43.000,30.01,15.77,50000.0,0.0,20.42,140,61.72,57.0,0.028
2025-04-26T11:31:13.000,29.6,12.38,50000.0,0.0,20.42,141,61.75,57.0,0.028
2025-04-26T11:31:43.000,29.32,11.4,50000.0,0.0,20.42,142,61.79,57.0,0.028
2025-04-26T11:45:56.000,24.73,12.6,50000.0,0.0,20.42,167,62.62,56.0,0.027
2025-04-26T11:46:26.000,25.08,10.83,50000.0,0.0,20.42,168,62.64,56.0,0.027
2025-04-26T11:46:56.000,24.74,7.52,50000.0,0.0,20.42,169,62.66,56.0,0.027
2025-04-26T11:51:58.000,23.79,7.43,50000.0,0.0,20.42,179,62.87,55.0,0.027
2025-04-26T11:52:28.000,23.7,5.81,50000.0,0.0,20.42,180,62.88,55.0,0.027
2025-04-26T11:52:58.000,23.43,5.04,50000.0,0.0,20.42,181,62.9,55.0,0.027
2025-04-26T11:54:03.000,22.81,3.4,50000.0,0.0,20.42,2,62.94,55.0,0.027
2025-04-26T11:54:33.000,22.7,5.8,50000.0,0.0,20.42,3,62.95,55.0,0.027
2025-04-26T11:55:03.000,22.84,6.7,50000.0,0.0,20.42,4,62.97,55.0,0.027
2025-04-26T12:10:08.000,29.97,15.79,50000.0,0.0,20.42,34,63.24,54.0,0.026
2025-04-26T12:10:39.000,30.32,16.65,50000.0,0.0,20.42,35,63.24,54.0,0.026
2025-04-26T12:11:09.000,30.63,17.07,50000.0,0.0,20.42,36,63.24,54.0,0.026
2025-04-26T12:12:25.000,31.88,19.33,50000.0,0.0,20.42,2,63.24,54.0,0.026
2025-04-26T12:12:55.000,32.52,20.52,50000.0,0.0,20.42,3,63.24,54.0,0.026
2025-04-26T12:13:25.000,33.18,21.16,50000.0,0.0,20.42,4,63.24,54.0,0.026
2025-04-26T12:13:56.000,33.62,21.05,50000.0,0.0,20.42,5,63.24,54.0,0.026
2025-04-26T12:14:26.000,34.01,21.43,50000.0,0.0,20.42,6,63.24,54.0,0.026
2025-04-26T12:18:22.000,34.81,18.27,50000.0,0.0,20.42,2,63.21,53.0,0.026
2025-04-26T12:18:52.000,34.48,17.06,50000.0,0.0,20.42,3,63.2,53.0,0.026
2025-04-26T12:19:22.000,33.6,12.72,50000.0,0.0,20.42,4,63.2,53.0,0.026
2025-04-26T12:40:30.000,24.33,10.22,50000.0,0.0,20.42,46,62.55,51.0,0.026
2025-04-26T12:41:00.000,24.15,9.79,50000.0,0.0,20.42,47,62.52,51.0,0.026
2025-04-26T12:41:30.000,24.05,9.3,50000.0,0.0,20.42,48,62.5,51.0,0.026
2025-04-26T12:42:38.000,24.16,11.95,50000.0,0.0,20.42,2,62.44,50.0,0.026
2025-04-26T12:43:09.000,24.74,15.63,50000.0,0.0,20.42,3,62.41,50.0,0.026
2025-04-26T12:43:39.000,25.33,14.81,50000.0,0.0,20.42,4,62.39,50.0,0.026
2025-04-26T12:49:11.000,25.26,12.3,50000.0,0.0,20.42,15,62.06,50.0,0.025
2025-04-26T12:49:41.000,25.33,11.65,50000.0,0.0,20.42,16,62.03,50.0,0.025
2025-04-26T12:50:11.000,25.47,12.41,50000.0,0.0,20.42,17,62.0,49.0,0.025
2025-04-26T12:51:25.000,25.48,11.31,50000.0,0.0,20.42,19,61.92,49.0,0.025
2025-04-26T12:51:54.000,25.65,12.89,50000.0,0.0,20.42,20,61.89,49.0,0.025
2025-04-26T12:52:25.000,25.95,14.82,50000.0,0.0,20.42,21,61.85,49.0,0.025
2025-04-26T12:56:56.000,27.37,14.16,50000.0,0.0,20.42,30,61.53,49.0,0.025
2025-04-26T12:57:27.000,27.41,14.88,50000.0,0.0,20.42,31,61.49,49.0,0.025
2025-04-26T12:57:57.000,27.72,16.2,50000.0,0.0,20.42,32,61.45,48.0,0.025
2025-04-26T12:59:20.000,27.97,16.48,50000.0,0.0,20.42,2,61.35,48.0,0.025
2025-04-26T12:59:50.000,28.31,15.8,50000.0,0.0,20.42,3,61.31,48.0,0.025
2025-04-26T13:01:17.000,29.11,19.91,50000.0,0.0,20.42,2,61.19,48.0,0.025
2025-04-26T13:01:47.000,29.34,15.93,50000.0,0.0,20.42,3,61.15,48.0,0.025
2025-04-26T13:02:17.000,29.0,14.08,50000.0,0.0,20.42,4,61.11,48.0,0.025
2025-04-26T13:04:48.000,28.82,17.76,50000.0,0.0,20.42,9,60.9,48.0,0.025
2025-04-26T13:05:18.000,29.22,18.39,50000.0,0.0,20.42,10,60.85,47.0,0.025
2025-04-26T13:05:49.000,29.49,16.93,50000.0,0.0,20.42,11,60.81,47.0,0.025
2025-04-26T13:06:51.000,29.21,14.56,50000.0,0.0,20.42,2,60.72,47.0,0.025
2025-04-26T13:07:21.000,29.13,15.57,50000.0,0.0,20.42,3,60.67,47.0,0.025
2025-04-26T13:07:51.000,29.63,19.42,50000.0,0.0,20.42,4,60.63,47.0,0.025
2025-04-26T13:33:35.000,28.03,10.98,50000.0,0.0,20.42,55,57.9,43.0,0.024
2025-04-26T13:34:05.000,27.99,11.19,50000.0,0.0,20.42,56,57.84,43.0,0.024
2025-04-26T13:34:35.000,27.96,10.87,50000.0,0.0,20.42,57,57.78,43.0,0.024
2025-04-26T13:35:57.000,27.66,9.57,50000.0,0.0,20.42,2,57.61,43.0,0.024
2025-04-26T13:36:28.000,27.42,9.15,50000.0,0.0,20.42,3,57.55,43.0,0.024
2025-04-26T13:36:58.000,27.37,9.26,50000.0,0.0,20.42,4,57.49,43.0,0.024
2025-04-26T13:52:34.000,29.87,17.4,50000.0,0.0,20.42,35,55.44,40.0,0.024
2025-04-26T13:53:04.000,30.47,17.74,50000.0,0.0,20.42,36,55.37,40.0,0.024
2025-04-26T13:53:34.000,30.56,15.09,50000.0,0.0,20.42,37,55.3,40.0,0.024
2025-04-26T14:00:04.000,29.57,12.59,50000.0,0.0,20.42,2,54.39,39.0,0.024
2025-04-26T14:00:35.000,28.94,11.87,50000.0,0.0,20.42,3,54.31,39.0,0.024
2025-04-26T14:01:05.000,28.79,13.28,50000.0,0.0,20.42,4,54.24,39.0,0.024
2025-04-26T14:28:16.000,33.16,19.62,50000.0,0.0,20.42,58,50.08,34.0,0.023
2025-04-26T14:28:46.000,33.22,17.18,50000.0,0.0,20.42,59,50.0,34.0,0.023
2025-04-26T14:29:16.000,33.33,18.89,50000.0,0.0,20.42,60,49.92,34.0,0.023
2025-04-26T14:43:28.000,32.42,13.55,50000.0,0.0,20.42,85,47.58,32.0,0.022
2025-04-26T14:43:58.000,32.45,14.66,50000.0,0.0,20.42,86,47.5,32.0,0.022
2025-04-26T14:44:29.000,32.49,14.82,50000.0,0.0,20.42,87,47.41,32.0,0.022
2025-04-26T15:19:42.000,22.11,2.18,50000.0,0.0,20.42,157,41.28,25.0,0.022
2025-04-26T15:20:12.000,21.89,2.15,50000.0,0.0,20.42,158,41.19,25.0,0.022
2025-04-26T15:20:43.000,21.98,4.79,50000.0,0.0,20.42,159,41.1,25.0,0.022
2025-04-26T15:21:57.000,23.41,10.22,50000.0,0.0,20.42,2,40.87,25.0,0.022
2025-04-26T15:22:28.000,23.74,5.54,50000.0,0.0,20.42,3,40.78,25.0,0.022
2025-04-26T15:22:58.000,23.53,4.71,50000.0,0.0,20.42,4,40.69,25.0,0.022
2025-04-26T15:25:29.000,23.01,3.46,50000.0,0.0,20.42,9,40.24,24.0,0.021
2025-04-26T15:25:59.000,22.8,3.16,50000.0,0.0,20.42,10,40.15,24.0,0.021
2025-04-26T15:26:29.000,22.78,3.79,50000.0,0.0,20.42,11,40.06,24.0,0.021
2025-04-26T15:27:34.000,22.73,4.02,50000.0,0.0,20.42,2,39.86,24.0,0.021
2025-04-26T15:28:05.000,22.7,3.6,50000.0,0.0,20.42,3,39.77,24.0,0.021
2025-04-26T15:28:35.000,22.48,2.33,50000.0,0.0,20.42,4,39.68,24.0,0.021
2025-04-26T15:59:15.000,25.43,5.67,50000.0,0.0,20.42,65,34.03,18.0,0.021
2025-04-26T15:59:46.000,25.6,8.17,50000.0,0.0,20.42,66,33.94,18.0,0.021
2025-04-26T16:00:16.000,25.82,6.92,50000.0,0.0,20.42,67,33.84,18.0,0.021
2025-04-26T16:12:25.000,24.64,4.63,50000.0,0.0,20.42,2,31.57,16.0,0.02
2025-04-26T16:12:55.000,24.62,6.75,50000.0,0.0,20.42,3,31.48,16.0,0.02
2025-04-26T16:13:26.000,24.92,7.02,50000.0,0.0,20.42,4,31.38,16.0,0.02
2025-04-26T16:13:56.000,25.02,6.55,50000.0,0.0,20.42,5,31.29,16.0,0.02
2025-04-26T16:14:26.000,25.17,6.63,50000.0,0.0,20.42,6,31.19,15.0,0.02
2025-04-26T16:14:56.000,24.86,3.58,50000.0,0.0,20.42,7,31.1,15.0,0.02
2025-04-26T16:25:17.000,25.62,7.33,50000.0,0.0,20.42,2,29.15,14.0,0.02
2025-04-26T16:25:47.000,25.7,6.39,50000.0,0.0,20.42,3,29.05,13.0,0.02
2025-04-26T16:26:17.000,25.85,6.97,50000.0,0.0,20.42,4,28.96,13.0,0.02
2025-04-26T16:30:49.000,22.91,0.74,50000.0,0.0,20.42,13,28.1,13.0,0.02
2025-04-26T16:31:19.000,22.68,1.56,50000.0,0.0,20.42,14,28.01,12.0,0.02
2025-04-26T16:31:49.000,22.48,1.1,50000.0,0.0,20.42,15,27.91,12.0,0.02
2025-04-26T16:42:36.000,24.06,4.74,50000.0,0.0,20.42,34,25.87,10.0,0.02
2025-04-26T16:43:06.000,23.92,3.64,50000.0,0.0,20.42,35,25.77,10.0,0.02
2025-04-26T16:43:36.000,23.73,3.51,50000.0,0.0,20.42,36,25.68,10.0,0.02
2025-04-26T16:51:09.000,24.42,6.82,50000.0,0.0,20.42,51,24.25,9.0,0.019
2025-04-26T16:51:39.000,24.52,5.55,50000.0,0.0,20.42,52,24.15,9.0,0.019
2025-04-26T16:52:09.000,24.36,3.22,50000.0,0.0,20.42,53,24.06,9.0,0.019
2025-04-26T17:06:21.000,22.56,3.3,50000.0,0.0,20.42,78,21.36,6.0,0.019
2025-04-26T17:06:52.000,22.71,4.71,50000.0,0.0,20.42,79,21.26,6.0,0.019
2025-04-26T17:07:22.000,22.88,4.94,50000.0,0.0,20.42,80,21.16,6.0,0.019
2025-04-26T17:52:14.000,23.01,3.54,50000.0,0.0,20.42,169,12.66,-2.0,0.018
2025-04-26T17:52:44.000,23.09,3.69,50000.0,0.0,20.42,170,12.56,-2.0,0.018
