ecsv/stars33/stars33_2025-04.ecsv
# %ECSV 1.0
# ---
# datatype:
# - {name: time, datatype: string}
# - {name: Enclosure Temperature, unit: deg_C, datatype: float64}
# - {name: Sky Temperature, unit: deg_C, datatype: float64}
# - {name: Frequency, unit: Hz, datatype: float64}
# - {name: MSAS, unit: mag / arcsec2, datatype: float64}
# - {name: ZP, datatype: float64}
# - {name: Sequence Number, datatype: int64}
# - {name: Sun Alt, unit: deg, datatype: float64}
# - {name: Moon Alt, unit: deg, datatype: float64}
# - {name: Moon Illumination, datatype: float64}
# delimiter: ','
# meta: !!omap
# - ida:
#     Data supplier: {affiliation: Particular, observer: Jaime Izquierdo}
#     Device type: TESS-W
#     Field of view: 17.0
#     Filters per channel: None
#     Instrument ID: stars33
#     License: ODbL 1.0 http://opendatacommons.org/licenses/odbl/summary/
#     Local timezone: Europe/Madrid
#     Location name: {country: Spain, place: M-30, region: Community of Madrid, sub_region: Community of Madrid, town: Madrid}
#     Measurement direction per channel: {azimuth: 0.0, zenital: 0.0}
#     Moving / Fixed look direction: FIXED
#     Moving / Stationary position: STATIONARY
#     Number of channels: 1
#     Number of fields per line: 8
#     Number of header lines: 35
#     Position: {height: 0.0, latitude: 40.4478574, longitude: -3.6637624}
#     TESS MAC address: 5C:CF:7F:82:8D:28
#     TESS cover offset value: 0.0
#     TESS firmware version: '1.0'
#     TESS zero point: 20.42
#     Time Synchronization: timestamp added by MQTT subscriber
#     URL: http://www.darksky.org/NSBM/sdf1.0.pdf
# - __serialized_columns__:
#     Enclosure Temperature:
#       __class__: astropy.units.quantity.Quantity
#       unit: &id001 !astropy.units.Unit {unit: deg_C}
#       value: !astropy.table.SerializedColumn {name: Enclosure Temperature}
#     Frequency:
#       __class__: astropy.units.quantity.Quantity
#       unit: !astropy.units.Unit {unit: Hz}
#       value: !astropy.table.SerializedColumn {name: Frequency}
#     MSAS:
#       __class__: astropy.units.quantity.Quantity
#       unit: !astropy.units.Unit {unit: mag / arcsec2}
#       value: !astropy.table.SerializedColumn {name: MSAS}
#     Moon Alt:
#       __class__: astropy.units.quantity.Quantity
#       unit: &id002 !astropy.units.Unit {unit: deg}
#       value: !astropy.table.SerializedColumn {name: Moon Alt}
#     Sky Temperature:
#       __class__: astropy.units.quantity.Quantity
#       unit: *id001
#       value: !astropy.table.SerializedColumn {name: Sky Temperature}
#     Sun Alt:
#       __class__: astropy.units.quantity.Quantity
#       unit: *id002
#       value: !astropy.table.SerializedColumn {name: Sun Alt}
#     time:
#       __class__: astropy.time.core.Time
#       format: isot
#       in_subfmt: '*'
#       out_subfmt: '*'
#       precision: 3
#       scale: utc
#       value: !astropy.table.SerializedColumn {name: time}
# schema: astropy-2.0
time,Enclosure Temperature,Sky Temperature,Frequency,MSAS,ZP,Sequence Number,Sun Alt,Moon Alt,Moon Illumination
[from data line 12601]
2025-04-11T11:58:42.000,18.21,7.41,50000.0,0.0,20.42,106,57.84,-52.0,0.979
2025-04-11T12:20:20.000,22.63,8.23,50000.0,0.0,20.42,149,58.05,-50.0,0.98
2025-04-11T12:20:50.000,22.85,8.42,50000.0,0.0,20.42,150,58.05,-50.0,0.98
2025-04-11T12:21:20.000,23.03,9.12,50000.0,0.0,20.42,151,58.04,-50.0,0.98
2025-04-11T12:22:33.000,22.84,6.18,50000.0,0.0,20.42,2,58.03,-50.0,0.98
2025-04-11T12:23:03.000,22.67,6.55,50000.0,0.0,20.42,3,58.03,-50.0,0.98
2025-04-11T12:23:33.000,22.51,5.62,50000.0,0.0,20.42,4,58.02,-50.0,0.98
2025-04-11T12:56:17.000,19.31,9.39,50000.0,0.0,20.42,69,56.82,-47.0,0.981
2025-04-11T12:56:47.000,19.3,9.37,50000.0,0.0,20.42,70,56.79,-47.0,0.981
2025-04-11T12:57:17.000,19.06,7.74,50000.0,0.0,20.42,71,56.76,-47.0,0.981
2025-04-11T13:08:05.000,17.72,6.38,50000.0,0.0,20.42,90,56.01,-45.0,0.981
2025-04-11T13:08:35.000,17.62,6.88,50000.0,0.0,20.42,91,55.97,-45.0,0.981
2025-04-11T13:09:05.000,17.62,6.79,50000.0,0.0,20.42,92,55.93,-45.0,0.981
2025-04-11T13:09:35.000,17.7,7.6,50000.0,0.0,20.42,93,55.89,-45.0,0.981
2025-04-11T13:10:05.000,17.57,5.29,50000.0,0.0,20.42,94,55.86,-45.0,0.981
2025-04-11T13:10:35.000,17.58,7.01,50000.0,0.0,20.42,95,55.82,-45.0,0.981
2025-04-11T13:21:23.000,18.46,5.94,50000.0,0.0,20.42,114,54.89,-44.0,0.981
2025-04-11T13:21:53.000,18.21,5.7,50000.0,0.0,20.42,115,54.84,-44.0,0.981
2025-04-11T13:22:23.000,17.98,4.88,50000.0,0.0,20.42,116,54.79,-44.0,0.981
2025-04-11T13:51:35.000,21.83,11.17,50000.0,0.0,20.42,174,51.61,-40.0,0.982
2025-04-11T13:52:05.000,21.73,12.58,50000.0,0.0,20.42,175,51.55,-40.0,0.982
2025-04-11T13:52:35.000,21.64,12.1,50000.0,0.0,20.42,176,51.49,-40.0,0.982
2025-04-11T14:06:50.000,21.15,12.69,50000.0,0.0,20.42,201,49.64,-37.0,0.982
2025-04-11T14:07:20.000,21.26,13.43,50000.0,0.0,20.42,202,49.57,-37.0,0.982
2025-04-11T14:07:50.000,21.28,12.73,50000.0,0.0,20.42,203,49.5,-37.0,0.982
2025-04-11T14:45:36.000,20.74,12.42,50000.0,0.0,20.42,278,43.9,-31.0,0.982
2025-04-11T14:46:06.000,20.67,11.6,50000.0,0.0,20.42,279,43.83,-31.0,0.982
2025-04-11T14:46:36.000,20.58,11.21,50000.0,0.0,20.42,280,43.75,-31.0,0.983
2025-04-11T14:57:23.000,20.21,11.97,50000.0,0.0,20.42,299,42.0,-29.0,0.983
2025-04-11T14:57:53.000,20.21,11.32,50000.0,0.0,20.42,300,41.92,-29.0,0.983
2025-04-11T14:58:24.000,20.03,10.56,50000.0,0.0,20.42,301,41.83,-29.0,0.983
2025-04-11T15:02:56.000,19.74,11.5,50000.0,0.0,20.42,310,41.08,-28.0,0.983
2025-04-11T15:03:26.000,19.85,12.06,50000.0,0.0,20.42,311,41.0,-28.0,0.983
2025-04-11T15:03:57.000,19.91,12.22,50000.0,0.0,20.42,312,40.92,-28.0,0.983
2025-04-11T15:05:22.000,20.26,13.32,50000.0,0.0,20.42,2,40.68,-28.0,0.983
2025-04-11T15:05:52.000,20.43,12.93,50000.0,0.0,20.42,3,40.59,-28.0,0.983
2025-04-11T15:06:22.000,20.28,11.72,50000.0,0.0,20.42,4,40.51,-28.0,0.983
2025-04-11T15:57:42.000,14.36,5.42,50000.0,0.0,20.42,106,31.5,-19.0,0.984
2025-04-11T15:58:12.000,13.63,4.69,50000.0,0.0,20.42,107,31.41,-19.0,0.984
2025-04-11T15:58:42.000,13.21,5.96,50000.0,0.0,20.42,108,31.32,-19.0,0.984
2025-04-11T16:00:51.000,12.24,9.12,50000.0,0.0,20.42,2,30.93,-18.0,0.984
2025-04-11T16:01:21.000,12.18,9.1,50000.0,0.0,20.42,3,30.84,-18.0,0.984
2025-04-11T16:01:52.000,12.18,9.75,50000.0,0.0,20.42,4,30.74,-18.0,0.984
2025-04-11T16:02:22.000,12.18,9.75,50000.0,0.0,20.42,5,30.65,-18.0,0.984
2025-04-11T16:02:52.000,12.02,8.48,50000.0,0.0,20.42,6,30.56,-18.0,0.984
2025-04-11T16:03:22.000,11.96,9.66,50000.0,0.0,20.42,7,30.47,-18.0,0.984
2025-04-11T16:04:28.000,11.72,8.74,50000.0,0.0,20.42,2,30.27,-18.0,0.984
2025-04-11T16:04:59.000,11.65,9.0,50000.0,0.0,20.42,3,30.17,-17.0,0.984
2025-04-11T16:05:29.000,11.6,9.14,50000.0,0.0,20.42,4,30.08,-17.0,0.984
2025-04-11T16:08:59.000,11.25,9.07,50000.0,0.0,20.42,11,29.44,-17.0,0.984
2025-04-11T16:09:30.000,11.24,9.33,50000.0,0.0,20.42,12,29.34,-17.0,0.984
2025-04-11T16:10:00.000,11.21,9.1,50000.0,0.0,20.42,13,29.25,-17.0,0.984
2025-04-11T16:11:09.000,11.1,8.91,50000.0,0.0,20.42,2,29.04,-16.0,0.984
2025-04-11T16:11:39.000,11.16,9.52,50000.0,0.0,20.42,3,28.95,-16.0,0.984
2025-04-11T16:12:10.000,11.26,9.93,50000.0,0.0,20.42,4,28.85,-16.0,0.984
2025-04-11T16:36:19.000,14.4,13.6,50000.0,0.0,20.42,52,24.36,-12.0,0.984
2025-04-11T16:36:49.000,14.52,14.51,50000.0,0.0,20.42,53,24.27,-12.0,0.984
2025-04-11T16:37:19.000,14.56,10.93,50000.0,0.0,20.42,54,24.18,-12.0,0.984
2025-04-11T16:38:21.000,14.13,8.43,50000.0,0.0,20.42,2,23.98,-11.0,0.984
2025-04-11T16:38:52.000,14.36,8.31,50000.0,0.0,20.42,3,23.89,-11.0,0.984
2025-04-11T16:39:22.000,14.22,6.98,50000.0,0.0,20.42,4,23.79,-11.0,0.984
2025-04-11T16:47:24.000,15.78,9.13,50000.0,0.0,20.42,20,22.28,-10.0,0.985
2025-04-11T16:47:54.000,15.95,9.39,50000.0,0.0,20.42,21,22.19,-10.0,0.985
2025-04-11T16:48:24.000,16.14,9.71,50000.0,0.0,20.42,22,22.09,-10.0,0.985
2025-04-11T16:50:41.000,16.81,9.7,50000.0,0.0,20.42,2,21.66,-9.0,0.985
2025-04-11T16:51:11.000,16.98,9.38,50000.0,0.0,20.42,3,21.57,-9.0,0.985
2025-04-11T16:51:41.000,17.17,9.3,50000.0,0.0,20.42,4,21.48,-9.0,0.985
2025-04-11T16:59:14.000,17.03,7.53,50000.0,0.0,20.42,19,20.05,-8.0,0.985
2025-04-11T16:59:44.000,17.04,7.66,50000.0,0.0,20.42,20,19.95,-8.0,0.985
2025-04-11T17:00:14.000,17.1,7.77,50000.0,0.0,20.42,21,19.86,-7.0,0.985
2025-04-11T17:03:08.000,17.35,8.17,50000.0,0.0,20.42,2,19.31,-7.0,0.985
2025-04-11T17:03:38.000,17.31,8.55,50000.0,0.0,20.42,3,19.22,-7.0,0.985
2025-04-11T17:14:26.000,17.36,9.96,50000.0,0.0,20.42,22,17.17,-5.0,0.985
2025-04-11T17:14:56.000,17.4,9.66,50000.0,0.0,20.42,23,17.07,-5.0,0.985
2025-04-11T17:15:26.000,17.44,9.38,50000.0,0.0,20.42,24,16.98,-5.0,0.985
2025-04-11T18:25:22.000,14.61,0.92,50000.0,0.0,20.42,163,3.72,8.0,0.986
2025-04-11T18:25:52.000,14.59,0.78,50000.0,0.0,20.42,164,3.62,8.0,0.986
2025-04-11T18:26:22.000,14.54,0.2,50000.0,0.0,20.42,165,3.53,8.0,0.986
2025-04-11T18:26:53.000,14.47,0.32,49375.52,0.2,20.42,166,3.43,8.0,0.986
2025-04-11T18:27:23.000,14.44,0.08,50000.0,0.0,20.42,167,3.34,8.0,0.986
2025-04-11T18:27:53.000,14.4,0.03,50000.0,0.0,20.42,168,3.24,8.0,0.986
2025-04-11T18:28:23.000,14.4,0.32,50000.0,0.0,20.42,169,3.15,8.0,0.986
2025-04-11T18:28:53.000,14.44,0.38,50000.0,0.0,20.42,170,3.06,9.0,0.986
2025-04-11T18:29:24.000,14.42,0.21,50000.0,0.0,20.42,171,2.96,9.0,0.986
2025-04-11T18:29:54.000,14.42,0.15,49375.43,0.21,20.42,172,2.86,9.0,0.986
2025-04-11T18:30:25.000,14.4,0.15,50000.0,0.0,20.42,173,2.77,9.0,0.986
2025-04-11T18:30:55.000,14.42,0.45,50000.0,0.0,20.42,174,2.67,9.0,0.986
2025-04-11T18:31:25.000,14.46,0.54,50000.0,0.0,20.42,175,2.58,9.0,0.986
2025-04-11T18:42:31.000,14.8,6.88,50000.0,0.0,20.42,197,0.5,11.0,0.986
2025-04-11T18:43:01.000,14.8,7.09,50000.0,0.0,20.42,198,0.41,11.0,0.986
2025-04-11T18:43:31.000,14.8,7.14,50000.0,0.0,20.42,199,0.32,11.0,0.986
2025-04-11T18:54:18.000,14.95,9.19,42329.86,8.85,20.42,218,-1.69,13.0,0.986
2025-04-11T18:54:48.000,14.93,9.01,41737.24,8.87,20.42,219,-1.78,13.0,0.986
2025-04-11T18:55:18.000,14.92,9.19,35305.04,9.23,20.42,220,-1.88,13.0,0.987
2025-04-11T18:55:49.000,14.89,8.82,31141.22,9.19,20.42,221,-1.97,13.0,0.987
2025-04-11T18:56:19.000,14.85,8.99,29605.95,9.24,20.42,222,-2.06,13.0,0.987
2025-04-11T18:56:49.000,14.79,8.45,29065.1,9.26,20.42,223,-2.16,13.0,0.987
2025-04-11T18:57:20.000,14.73,8.71,25935.12,9.39,20.42,224,-2.25,14.0,0.987
2025-04-11T18:57:50.000,14.77,9.17,22425.24,9.54,20.42,225,-2.34,14.0,0.987
2025-04-11T18:58:20.000,14.78,9.18,20409.95,9.65,20.42,226,-2.44,14.0,0.987
2025-04-11T18:58:50.000,14.81,9.27,20286.9,9.65,20.42,227,-2.53,14.0,0.987
2025-04-11T18:59:20.000,14.84,9.46,18821.24,9.73,20.42,228,-2.62,14.0,0.987
2025-04-11T18:59:50.000,14.91,9.62,16500.83,9.88,20.42,229,-2.71,14.0,0.987
2025-04-11T19:00:21.000,14.94,9.61,15337.57,9.96,20.42,230,-2.81,14.0,0.987
2025-04-11T19:00:52.000,15.0,9.72,14998.49,9.98,20.42,231,-2.9,14.0,0.987
2025-04-11T19:01:21.000,15.02,9.35,14083.1,10.05,20.42,232,-2.99,14.0,0.987
2025-04-11T19:01:51.000,14.97,8.97,12932.57,10.14,20.42,233,-3.09,14.0,0.987
2025-04-11T19:02:23.000,14.93,8.81,11916.44,10.23,20.42,234,-3.18,14.0,0.987
2025-04-11T19:02:53.000,14.88,8.86,10351.29,10.38,20.42,235,-3.28,14.0,0.987
2025-04-11T19:03:22.000,14.9,9.27,8366.43,10.62,20.42,236,-3.37,15.0,0.987
2025-04-11T19:03:53.000,14.9,9.1,6865.9,10.83,20.42,237,-3.46,15.0,0.987
2025-04-11T19:04:23.000,14.92,9.49,6099.33,10.96,20.42,238,-3.55,15.0,0.987
2025-04-11T19:04:53.000,14.94,9.36,5526.44,11.06,20.42,239,-3.64,15.0,0.987
2025-04-11T19:05:23.000,14.96,9.44,4826.33,11.21,20.42,240,-3.74,15.0,0.987
2025-04-11T19:05:53.000,15.0,9.63,4398.39,11.31,20.42,241,-3.83,15.0,0.987
2025-04-11T19:06:24.000,15.04,9.44,4108.43,11.39,20.42,242,-3.92,15.0,0.987
2025-04-11T19:06:54.000,15.07,9.45,3901.57,11.44,20.42,243,-4.02,15.0,0.987
2025-04-11T19:07:24.000,15.09,9.25,3683.41,11.5,20.42,244,-4.11,15.0,0.987
2025-04-11T19:07:55.000,15.07,9.23,3376.24,11.6,20.42,245,-4.2,15.0,0.987
2025-04-11T19:08:24.000,15.04,9.05,3027.66,11.72,20.42,246,-4.29,15.0,0.987
2025-04-11T19:08:55.000,15.06,9.32,2658.81,11.86,20.42,247,-4.39,16.0,0.987
2025-04-11T19:09:25.000,15.08,9.39,2275.51,12.03,20.42,248,-4.48,16.0,0.987
2025-04-11T19:09:55.000,15.07,8.97,2054.9,12.14,20.42,249,-4.57,16.0,0.987
2025-04-11T19:10:25.000,15.03,9.04,1956.81,12.19,20.42,250,-4.66,16.0,0.987
2025-04-11T19:10:56.000,14.99,8.84,1931.95,12.21,20.42,251,-4.76,16.0,0.987
2025-04-11T19:11:30.000,15.0,9.06,1961.29,12.19,20.42,252,-4.86,16.0,0.987
2025-04-11T19:11:59.000,14.96,8.78,1743.86,12.32,20.42,253,-4.95,16.0,0.987
2025-04-11T19:12:29.000,14.92,8.86,1535.61,12.45,20.42,254,-5.04,16.0,0.987
2025-04-11T19:13:00.000,14.95,9.12,1435.57,12.53,20.42,255,-5.13,16.0,0.987
2025-04-11T19:13:30.000,14.96,9.22,1356.05,12.59,20.42,256,-5.22,16.0,0.987
2025-04-11T19:14:00.000,15.0,9.22,1309.27,12.63,20.42,257,-5.32,16.0,0.987
2025-04-11T19:14:31.000,15.01,9.08,1258.1,12.67,20.42,258,-5.41,16.0,0.987
2025-04-11T19:15:01.000,14.98,8.77,1184.43,12.74,20.42,259,-5.5,17.0,0.987
2025-04-11T19:15:32.000,14.96,8.83,1094.48,12.82,20.42,260,-5.6,17.0,0.987
2025-04-11T19:16:02.000,14.96,9.07,1029.22,12.89,20.42,261,-5.69,17.0,0.987
2025-04-11T19:16:32.000,14.99,9.12,990.38,12.93,20.42,262,-5.78,17.0,0.987
2025-04-11T19:17:02.000,14.98,8.96,996.68,12.92,20.42,263,-5.87,17.0,0.987
2025-04-11T19:17:32.000,14.99,9.12,930.67,13.0,20.42,264,-5.96,17.0,0.987
2025-04-11T19:18:02.000,15.0,9.09,821.9,13.13,20.42,265,-6.05,17.0,0.987
2025-04-11T19:18:33.000,15.0,8.95,734.44,13.26,20.42,266,-6.15,17.0,0.987
2025-04-11T19:19:03.000,14.99,8.99,683.14,13.33,20.42,267,-6.24,17.0,0.987
2025-04-11T19:19:33.000,14.98,8.84,656.2,13.38,20.42,268,-6.33,17.0,0.987
2025-04-11T19:20:03.000,14.98,9.09,643.9,13.4,20.42,269,-6.42,17.0,0.987
2025-04-11T19:20:33.000,14.99,8.92,614.78,13.45,20.42,270,-6.51,18.0,0.987
2025-04-11T19:21:03.000,14.97,8.81,576.43,13.52,20.42,271,-6.6,18.0,0.987
2025-04-11T19:21:33.000,14.96,8.94,543.07,13.58,20.42,272,-6.69,18.0,0.987
2025-04-11T19:22:04.000,14.98,8.93,513.71,13.64,20.42,273,-6.78,18.0,0.987
2025-04-11T19:22:34.000,14.97,8.76,495.66,13.68,20.42,274,-6.88,18.0,0.987
2025-04-11T19:23:04.000,14.97,8.82,480.1,13.72,20.42,275,-6.97,18.0,0.987
2025-04-11T19:23:34.000,15.0,8.82,458.57,13.77,20.42,276,-7.06,18.0,0.987
2025-04-11T19:24:04.000,15.01,8.59,437.9,13.82,20.42,277,-7.15,18.0,0.987
2025-04-11T19:24:35.000,15.01,8.27,419.48,13.86,20.42,278,-7.24,18.0,0.987
2025-04-11T19:25:05.000,15.0,7.93,390.57,13.94,20.42,279,-7.33,18.0,0.987
2025-04-11T19:25:36.000,14.99,7.56,343.71,14.08,20.42,280,-7.42,18.0,0.987
2025-04-11T19:26:06.000,14.99,7.52,283.27,14.29,20.42,281,-7.51,18.0,0.987
2025-04-11T19:26:36.000,15.01,7.15,235.17,14.49,20.42,282,-7.6,19.0,0.987
2025-04-11T19:27:06.000,15.04,6.79,207.43,14.63,20.42,283,-7.7,19.0,0.987
2025-04-11T19:27:36.000,15.05,6.36,191.66,14.71,20.42,284,-7.79,19.0,0.987
2025-04-11T19:28:06.000,15.08,6.12,186.39,14.74,20.42,285,-7.88,19.0,0.987
2025-04-11T19:28:37.000,15.1,5.55,178.24,14.79,20.42,286,-7.97,19.0,0.987
2025-04-11T19:29:07.000,15.1,5.07,146.81,15.01,20.42,287,-8.06,19.0,0.987
2025-04-11T19:29:38.000,15.12,4.65,119.12,15.23,20.42,288,-8.15,19.0,0.987
2025-04-11T19:30:07.000,15.13,3.89,104.05,15.38,20.42,289,-8.24,19.0,0.987
2025-04-11T19:30:37.000,15.11,3.22,94.73,15.48,20.42,290,-8.33,19.0,0.987
2025-04-11T19:31:07.000,15.08,2.74,88.59,15.55,20.42,291,-8.42,19.0,0.987
2025-04-11T19:31:38.000,15.09,2.47,80.49,15.66,20.42,292,-8.51,19.0,0.987
2025-04-11T19:32:08.000,15.09,2.11,71.37,15.79,20.42,293,-8.6,19.0,0.987
2025-04-11T19:32:38.000,15.09,1.62,63.27,15.92,20.42,294,-8.69,20.0,0.987
2025-04-11T19:33:08.000,15.05,1.08,53.96,16.09,20.42,295,-8.78,20.0,0.987
2025-04-11T19:33:38.000,14.99,0.61,49.38,16.19,20.42,296,-8.87,20.0,0.987
2025-04-11T19:34:08.000,14.94,0.22,42.82,16.35,20.42,297,-8.96,20.0,0.987
2025-04-11T19:34:39.000,14.84,-0.01,40.44,16.41,20.42,298,-9.05,20.0,0.987
2025-04-11T19:35:09.000,14.83,0.15,32.79,13.6,20.42,299,-9.14,20.0,0.987
2025-04-11T19:35:39.000,14.81,0.06,22.16,9.85,20.42,300,-9.23,20.0,0.987
2025-04-11T19:36:09.000,14.79,0.06,21.84,10.07,20.42,301,-9.32,20.0,0.987
2025-04-11T19:36:39.000,14.78,0.03,26.2,10.55,20.42,302,-9.41,20.0,0.987
2025-04-11T19:37:09.000,14.78,0.08,36.39,16.38,20.42,303,-9.5,20.0,0.987
2025-04-11T19:37:40.000,14.77,0.08,36.59,16.22,20.42,304,-9.59,20.0,0.987
2025-04-11T19:38:10.000,14.78,0.35,36.4,16.07,20.42,305,-9.68,20.0,0.987
2025-04-11T19:38:40.000,14.79,0.45,30.12,13.28,20.42,306,-9.77,21.0,0.987
2025-04-11T19:39:10.000,14.79,0.48,40.01,16.43,20.42,307,-9.86,21.0,0.987
2025-04-11T19:39:41.000,14.79,0.45,37.88,16.49,20.42,308,-9.95,21.0,0.987
2025-04-11T19:40:11.000,14.79,0.43,37.35,14.34,20.42,309,-10.04,21.0,0.987
2025-04-11T19:40:41.000,14.77,0.51,51.73,16.14,20.42,310,-10.13,21.0,0.987
2025-04-11T19:41:11.000,14.77,0.97,33.38,13.28,20.42,311,-10.22,21.0,0.987
2025-04-11T19:41:41.000,14.8,1.31,38.75,16.01,20.42,312,-10.31,21.0,0.987
2025-04-11T19:42:12.000,14.78,1.29,40.5,16.27,20.42,313,-10.4,21.0,0.987
2025-04-11T19:42:42.000,14.78,2.01,35.28,14.59,20.42,314,-10.49,21.0,0.987
2025-04-11T19:43:12.000,14.8,3.05,42.94,14.96,20.42,315,-10.58,21.0,0.987
2025-04-11T19:43:42.000,14.83,4.37,96.59,15.48,20.42,316,-10.67,21.0,0.987
2025-04-11T19:44:12.000,14.88,5.71,162.0,14.9,20.42,317,-10.75,21.0,0.987
2025-04-11T19:44:43.000,14.92,6.78,194.81,14.7,20.42,318,-10.85,21.0,0.987
2025-04-11T19:45:13.000,14.92,7.33,199.66,14.67,20.42,319,-10.93,22.0,0.987
2025-04-11T19:45:43.000,14.93,7.63,208.93,14.62,20.42,320,-11.02,22.0,0.987
2025-04-11T19:46:13.000,14.93,8.02,223.67,14.55,20.42,321,-11.11,22.0,0.987
2025-04-11T19:46:43.000,14.95,7.98,209.32,14.62,20.42,322,-11.2,22.0,0.987
2025-04-11T19:47:14.000,14.95,7.54,176.81,14.8,20.42,323,-11.29,22.0,0.987
2025-04-11T19:47:44.000,14.94,6.97,142.63,15.04,20.42,324,-11.38,22.0,0.987
2025-04-11T19:48:14.000,14.96,6.31,112.49,15.29,20.42,325,-11.47,22.0,0.987
2025-04-11T19:48:44.000,14.97,5.57,91.07,15.52,20.42,326,-11.55,22.0,0.987
2025-04-11T19:49:15.000,14.95,4.56,76.2,15.72,20.42,327,-11.65,22.0,0.987
2025-04-11T19:49:44.000,14.88,4.26,70.59,15.8,20.42,328,-11.73,22.0,0.987
2025-04-11T19:50:15.000,14.86,4.55,86.98,15.58,20.42,329,-11.82,22.0,0.987
2025-04-11T19:50:45.000,14.82,5.12,114.05,15.28,20.42,330,-11.91,22.0,0.987
2025-04-11T19:51:15.000,14.81,5.93,130.49,15.13,20.42,331,-12.0,23.0,0.987
2025-04-11T19:51:45.000,14.82,6.73,140.0,15.05,20.42,332,-12.09,23.0,0.987
2025-04-11T19:52:15.000,14.83,7.17,149.29,14.99,20.42,333,-12.17,23.0,0.987
2025-04-11T19:52:46.000,14.85,7.79,164.63,14.88,20.42,334,-12.26,23.0,0.987
2025-04-11T19:53:16.000,14.91,8.2,188.93,14.73,20.42,335,-12.35,23.0,0.987
2025-04-11T19:53:46.000,14.91,8.08,200.57,14.66,20.42,336,-12.44,23.0,0.987
2025-04-11T19:54:16.000,14.92,8.22,194.63,14.7,20.42,337,-12.53,23.0,0.987
2025-04-11T19:54:46.000,14.94,8.17,195.12,14.69,20.42,338,-12.61,23.0,0.987
2025-04-11T19:55:16.000,14.97,7.81,195.9,14.69,20.42,339,-12.7,23.0,0.987
2025-04-11T19:55:46.000,14.98,7.45,194.81,14.7,20.42,340,-12.79,23.0,0.987
2025-04-11T19:56:17.000,14.93,6.7,193.32,14.7,20.42,341,-12.88,23.0,0.987
