ecsv/stars33/stars33_2024-04.ecsv
# %ECSV 1.0
# ---
# datatype:
# - {name: time, datatype: string}
# - {name: Enclosure Temperature, unit: deg_C, datatype: float64}
# - {name: Sky Temperature, unit: deg_C, datatype: float64}
# - {name: Frequency, unit: Hz, datatype: float64}
# - {name: MSAS, unit: mag / arcsec2, datatype: float64}
# - {name: ZP, datatype: float64}
# - {name: Sequence Number, datatype: int64}
# - {name: Sun Alt, unit: deg, datatype: float64}
# - {name: Moon Alt, unit: deg, datatype: float64}
# - {name: Moon Illumination, datatype: float64}
# delimiter: ','
# meta: !!omap
# - ida:
#     Data supplier: {affiliation: Particular, observer: Jaime Izquierdo}
#     Device type: TESS-W
#     Field of view: 17.0
#     Filters per channel: None
#     Instrument ID: stars33
#     License: ODbL 1.0 http://opendatacommons.org/licenses/odbl/summary/
#     Local timezone: Europe/Madrid
#     Location name: {country: Spain, place: M-30, region: Community of Madrid, sub_region: Community of Madrid, town: Madrid}
#     Measurement direction per channel: {azimuth: 0.0, zenital: 0.0}
#     Moving / Fixed look direction: FIXED
#     Moving / Stationary position: STATIONARY
#     Number of channels: 1
#     Number of fields per line: 8
#     Number of header lines: 35
#     Position: {height: 0.0, latitude: 40.4478574, longitude: -3.6637624}
#     TESS MAC address: 5C:CF:7F:82:8D:28
#     TESS cover offset value: 0.0
#     TESS firmware version: '1.0'
#     TESS zero point: 20.42
#     Time Synchronization: timestamp added by MQTT subscriber
#     URL: http://www.darksky.org/NSBM/sdf1.0.pdf
# - __serialized_columns__:
#     Enclosure Temperature:
#       __class__: astropy.units.quantity.Quantity
#       unit: &id001 !astropy.units.Unit {unit: deg_C}
#       value: !astropy.table.SerializedColumn {name: Enclosure Temperature}
#     Frequency:
#       __class__: astropy.units.quantity.Quantity
#       unit: !astropy.units.Unit {unit: Hz}
#       value: !astropy.table.SerializedColumn {name: Frequency}
#     MSAS:
#       __class__: astropy.units.quantity.Quantity
#       unit: !astropy.units.Unit {unit: mag / arcsec2}
#       value: !astropy.table.SerializedColumn {name: MSAS}
#     Moon Alt:
#       __class__: astropy.units.quantity.Quantity
#       unit: &id002 !astropy.units.Unit {unit: deg}
#       value: !astropy.table.SerializedColumn {name: Moon Alt}
#     Sky Temperature:
#       __class__: astropy.units.quantity.Quantity
#       unit: *id001
#       value: !astropy.table.SerializedColumn {name: Sky Temperature}
#     Sun Alt:
#       __class__: astropy.units.quantity.Quantity
#       unit: *id002
#       value: !astropy.table.SerializedColumn {name: Sun Alt}
#     time:
#       __class__: astropy.time.core.Time
#       format: isot
#       in_subfmt: '*'
#       out_subfmt: '*'
#       precision: 3
#       scale: utc
#       value: !astropy.table.SerializedColumn {name: time}
# schema: astropy-2.0
time,Enclosure Temperature,Sky Temperature,Frequency,MSAS,ZP,Sequence Number,Sun Alt,Moon Alt,Moon Illumination
[from data line 30574]
2024-04-29T03:01:17.000,10.37,-5.71,21.83,17.08,20.42,1025,-22.4,17.0,0.748
2024-04-29T03:01:47.000,10.41,-5.76,20.96,17.13,20.42,1026,-22.33,18.0,0.748
2024-04-29T03:02:17.000,10.37,-6.07,19.97,17.18,20.42,1027,-22.27,18.0,0.748
2024-04-29T03:02:47.000,10.24,-6.12,19.73,17.19,20.42,1028,-22.2,18.0,0.748
2024-04-29T03:17:00.000,10.21,-6.73,12.69,17.66,20.42,1053,-20.23,18.0,0.747
2024-04-29T03:17:30.000,10.41,-6.54,12.06,17.72,20.42,1054,-20.16,18.0,0.747
2024-04-29T03:18:01.000,10.51,-6.82,11.96,17.73,20.42,1055,-20.09,18.0,0.747
2024-04-29T03:18:31.000,10.54,-7.11,11.89,17.73,20.42,1056,-20.01,18.0,0.747
2024-04-29T03:19:01.000,10.46,-7.01,11.13,17.81,20.42,1057,-19.94,19.0,0.747
2024-04-29T03:19:31.000,10.36,-7.62,11.85,17.74,20.42,1058,-19.87,19.0,0.747
2024-04-29T03:20:01.000,10.2,-7.31,11.88,17.74,20.42,1059,-19.8,19.0,0.747
2024-04-29T03:20:31.000,10.11,-7.11,11.9,17.73,20.42,1060,-19.73,19.0,0.747
2024-04-29T03:21:02.000,9.98,-7.14,12.26,17.7,20.42,1061,-19.65,19.0,0.746
2024-04-29T03:21:32.000,9.88,-6.95,13.01,17.64,20.42,1062,-19.58,19.0,0.746
2024-04-29T03:22:02.000,9.98,-6.46,14.11,17.55,20.42,1063,-19.51,19.0,0.746
2024-04-29T03:22:32.000,10.24,-6.25,18.1,17.29,20.42,1064,-19.44,19.0,0.746
2024-04-29T03:23:03.000,10.41,-6.53,19.87,17.19,20.42,1065,-19.36,19.0,0.746
2024-04-29T03:23:33.000,10.53,-6.21,23.98,16.97,20.42,1066,-19.29,19.0,0.746
2024-04-29T03:24:03.000,10.54,-6.44,28.75,16.78,20.42,1067,-19.22,19.0,0.746
2024-04-29T03:24:33.000,10.52,-6.04,32.6,16.65,20.42,1068,-19.15,19.0,0.746
2024-04-29T03:25:03.000,10.42,-6.15,35.87,16.55,20.42,1069,-19.07,19.0,0.746
2024-04-29T03:25:33.000,10.3,-5.75,40.65,16.41,20.42,1070,-19.0,19.0,0.746
2024-04-29T03:26:04.000,10.18,-5.6,38.12,16.49,20.42,1071,-18.92,19.0,0.746
2024-04-29T03:26:34.000,10.12,-5.19,37.51,16.5,20.42,1072,-18.85,19.0,0.746
2024-04-29T03:27:04.000,9.98,-5.32,34.8,16.58,20.42,1073,-18.78,19.0,0.746
2024-04-29T03:27:35.000,9.9,-5.29,31.38,16.69,20.42,1074,-18.7,19.0,0.746
2024-04-29T03:28:05.000,10.03,-4.74,27.59,16.82,20.42,1075,-18.63,19.0,0.746
2024-04-29T03:29:18.000,10.45,-5.42,21.64,17.09,20.42,1077,-18.45,19.0,0.746
2024-04-29T03:29:48.000,10.54,-5.32,20.84,17.13,20.42,1078,-18.38,19.0,0.746
2024-04-29T03:30:19.000,10.53,-6.0,20.91,17.13,20.42,1079,-18.3,19.0,0.746
2024-04-29T03:30:49.000,10.43,-6.05,22.41,17.05,20.42,1080,-18.23,19.0,0.746
2024-04-29T03:31:19.000,10.34,-5.9,23.89,16.98,20.42,1081,-18.15,19.0,0.746
2024-04-29T03:31:49.000,10.28,-6.11,25.46,16.91,20.42,1082,-18.08,19.0,0.746
2024-04-29T03:32:19.000,10.16,-6.16,27.63,16.82,20.42,1083,-18.0,19.0,0.746
2024-04-29T03:32:50.000,9.98,-6.42,29.38,16.76,20.42,1084,-17.93,19.0,0.746
2024-04-29T03:33:20.000,9.88,-6.26,32.45,16.65,20.42,1085,-17.85,19.0,0.746
2024-04-29T03:33:50.000,9.92,-5.47,32.63,16.65,20.42,1086,-17.78,19.0,0.746
2024-04-29T03:34:21.000,10.3,-4.64,32.78,16.64,20.42,1087,-17.7,19.0,0.746
2024-04-29T03:35:01.000,10.58,-4.63,33.83,16.61,20.42,1088,-17.6,19.0,0.746
2024-04-29T03:35:31.000,10.81,-5.06,30.27,16.73,20.42,1089,-17.53,19.0,0.746
2024-04-29T03:36:01.000,10.73,-5.34,30.45,16.72,20.42,1090,-17.45,19.0,0.746
2024-04-29T03:36:31.000,10.7,-5.06,30.61,16.71,20.42,1091,-17.38,19.0,0.745
2024-04-29T03:37:01.000,10.67,-4.07,35.18,16.57,20.42,1092,-17.3,19.0,0.745
2024-04-29T03:37:31.000,10.61,-4.27,36.96,16.52,20.42,1093,-17.23,19.0,0.745
2024-04-29T03:38:01.000,10.46,-4.31,33.14,13.92,20.42,1094,-17.15,19.0,0.745
2024-04-29T03:38:31.000,10.36,-3.81,26.11,11.17,20.42,1095,-17.07,19.0,0.745
2024-04-29T03:39:02.000,10.19,-4.4,39.95,16.42,20.42,1096,-17.0,19.0,0.745
2024-04-29T03:39:32.000,9.99,-4.0,41.75,16.37,20.42,1097,-16.92,19.0,0.745
2024-04-29T03:40:02.000,9.93,-3.66,42.07,16.36,20.42,1098,-16.84,19.0,0.745
2024-04-29T03:40:32.000,9.99,-3.33,42.51,16.35,20.42,1099,-16.77,19.0,0.745
2024-04-29T03:41:03.000,10.27,-2.52,44.17,16.31,20.42,1100,-16.69,19.0,0.745
2024-04-29T03:41:33.000,10.53,-3.13,42.9,16.34,20.42,1101,-16.61,19.0,0.745
2024-04-29T03:42:03.000,10.58,-3.81,44.87,16.29,20.42,1102,-16.54,20.0,0.745
2024-04-29T03:42:33.000,10.55,-3.45,43.94,16.32,20.42,1103,-16.46,20.0,0.745
2024-04-29T03:43:03.000,10.54,-3.61,44.11,16.31,20.42,1104,-16.38,20.0,0.745
2024-04-29T03:43:33.000,10.55,-3.22,41.27,16.39,20.42,1105,-16.31,20.0,0.745
2024-04-29T03:44:04.000,10.42,-3.59,41.51,16.38,20.42,1106,-16.23,20.0,0.745
2024-04-29T03:44:34.000,10.31,-3.57,40.51,16.4,20.42,1107,-16.15,20.0,0.745
2024-04-29T03:45:05.000,10.17,-3.45,41.27,16.38,20.42,1108,-16.07,20.0,0.745
2024-04-29T03:45:35.000,10.02,-3.44,43.88,16.32,20.42,1109,-16.0,20.0,0.745
2024-04-29T03:46:05.000,9.93,-3.3,45.43,16.28,20.42,1110,-15.92,20.0,0.745
2024-04-29T03:46:35.000,9.99,-2.47,46.65,16.25,20.42,1111,-15.84,20.0,0.745
2024-04-29T03:47:06.000,10.19,-2.25,49.84,16.18,20.42,1112,-15.76,20.0,0.745
2024-04-29T03:47:36.000,10.35,-2.33,50.17,16.18,20.42,1113,-15.68,20.0,0.745
2024-04-29T03:48:06.000,10.46,-2.27,50.42,16.17,20.42,1114,-15.61,20.0,0.745
2024-04-29T03:48:36.000,10.41,-2.99,53.84,16.1,20.42,1115,-15.53,20.0,0.745
2024-04-29T03:49:06.000,10.4,-2.4,52.37,16.13,20.42,1116,-15.45,20.0,0.745
2024-04-29T03:49:37.000,10.31,-3.35,47.87,16.22,20.42,1117,-15.37,20.0,0.745
2024-04-29T03:50:07.000,10.17,-3.07,46.86,16.25,20.42,1118,-15.29,20.0,0.745
2024-04-29T03:50:37.000,10.09,-2.97,49.89,16.18,20.42,1119,-15.22,20.0,0.745
2024-04-29T03:51:07.000,9.97,-3.31,48.86,16.2,20.42,1120,-15.14,20.0,0.745
2024-04-29T03:51:37.000,9.88,-3.05,49.83,16.18,20.42,1121,-15.06,20.0,0.745
2024-04-29T03:52:07.000,10.04,-2.25,50.05,16.18,20.42,1122,-14.98,20.0,0.744
2024-04-29T03:52:38.000,10.35,-2.31,53.83,16.09,20.42,1123,-14.9,20.0,0.744
2024-04-29T03:53:08.000,10.49,-3.38,54.73,16.08,20.42,1124,-14.82,20.0,0.744
2024-04-29T03:53:38.000,10.57,-3.09,56.16,16.05,20.42,1125,-14.74,20.0,0.744
2024-04-29T03:54:08.000,10.62,-3.33,55.64,16.06,20.42,1126,-14.67,20.0,0.744
2024-04-29T03:54:38.000,10.53,-3.73,59.76,15.98,20.42,1127,-14.59,20.0,0.744
2024-04-29T03:55:08.000,10.43,-3.64,63.41,15.91,20.42,1128,-14.51,20.0,0.744
2024-04-29T03:55:40.000,10.3,-3.66,65.27,15.88,20.42,1129,-14.42,20.0,0.744
2024-04-29T03:56:10.000,10.23,-3.24,67.95,15.84,20.42,1130,-14.35,20.0,0.744
2024-04-29T03:56:40.000,10.16,-3.13,70.2,15.8,20.42,1131,-14.27,20.0,0.744
2024-04-29T03:57:10.000,10.04,-3.2,73.17,15.76,20.42,1132,-14.19,20.0,0.744
2024-04-29T03:57:40.000,9.93,-3.24,75.55,15.72,20.42,1133,-14.11,20.0,0.744
2024-04-29T03:58:10.000,9.93,-3.05,77.05,15.7,20.42,1134,-14.03,20.0,0.744
2024-04-29T03:58:41.000,10.07,-2.82,75.45,15.73,20.42,1135,-13.95,20.0,0.744
2024-04-29T03:59:11.000,10.44,-2.29,73.32,15.76,20.42,1136,-13.87,20.0,0.744
2024-04-29T03:59:41.000,10.55,-3.53,70.93,15.79,20.42,1137,-13.79,20.0,0.744
2024-04-29T04:00:11.000,10.6,-3.72,67.22,15.85,20.42,1138,-13.71,20.0,0.744
2024-04-29T04:00:41.000,10.7,-3.04,61.64,15.95,20.42,1139,-13.63,20.0,0.744
2024-04-29T04:01:11.000,10.71,-3.44,54.3,16.09,20.42,1140,-13.55,20.0,0.744
2024-04-29T04:01:41.000,10.58,-4.38,48.22,16.22,20.42,1141,-13.47,20.0,0.744
2024-04-29T04:02:12.000,10.36,-4.57,42.03,16.37,20.42,1142,-13.39,20.0,0.744
2024-04-29T04:02:42.000,10.29,-3.96,30.45,12.79,20.42,1143,-13.31,20.0,0.744
2024-04-29T04:03:12.000,10.23,-4.18,28.03,11.46,20.42,1144,-13.23,20.0,0.744
2024-04-29T04:03:42.000,10.11,-4.56,37.59,16.04,20.42,1145,-13.15,20.0,0.744
2024-04-29T04:04:12.000,10.05,-4.36,39.86,16.43,20.42,1146,-13.07,20.0,0.744
2024-04-29T04:04:42.000,9.92,-5.07,35.13,16.57,20.42,1147,-12.99,20.0,0.744
2024-04-29T04:05:13.000,9.87,-5.04,34.54,16.59,20.42,1148,-12.9,20.0,0.744
2024-04-29T04:05:43.000,10.08,-4.86,30.89,16.71,20.42,1149,-12.82,20.0,0.744
2024-04-29T04:06:13.000,10.32,-4.62,27.19,16.84,20.42,1150,-12.74,20.0,0.744
2024-04-29T04:06:44.000,10.59,-4.86,23.88,16.98,20.42,1151,-12.66,20.0,0.744
2024-04-29T04:07:14.000,10.65,-6.0,20.46,17.15,20.42,1152,-12.58,20.0,0.743
2024-04-29T04:07:44.000,10.54,-6.39,18.86,17.24,20.42,1153,-12.5,20.0,0.743
2024-04-29T04:08:14.000,10.59,-5.74,16.89,17.37,20.42,1154,-12.42,20.0,0.743
2024-04-29T04:08:45.000,10.55,-6.28,16.3,17.41,20.42,1155,-12.33,20.0,0.743
2024-04-29T04:09:15.000,10.46,-6.41,14.35,17.54,20.42,1156,-12.25,20.0,0.743
2024-04-29T04:09:45.000,10.33,-7.09,14.37,17.54,20.42,1157,-12.17,20.0,0.743
2024-04-29T04:10:15.000,10.15,-7.43,13.85,17.57,20.42,1158,-12.09,20.0,0.743
2024-04-29T04:10:46.000,10.06,-6.87,13.15,17.63,20.42,1159,-12.01,20.0,0.743
2024-04-29T04:11:16.000,9.96,-7.71,13.5,17.6,20.42,1160,-11.92,20.0,0.743
2024-04-29T04:11:46.000,9.85,-7.45,12.94,17.64,20.42,1161,-11.84,20.0,0.743
2024-04-29T04:12:16.000,10.03,-6.66,12.78,17.65,20.42,1162,-11.76,20.0,0.743
2024-04-29T04:12:47.000,10.21,-8.04,12.82,17.65,20.42,1163,-11.68,20.0,0.743
2024-04-29T04:13:17.000,10.31,-7.89,12.79,17.65,20.42,1164,-11.6,20.0,0.743
2024-04-29T04:13:47.000,10.39,-8.15,13.42,17.61,20.42,1165,-11.51,20.0,0.743
2024-04-29T04:14:18.000,10.35,-8.6,13.0,17.64,20.42,1166,-11.43,20.0,0.743
2024-04-29T04:14:48.000,10.33,-8.19,13.26,17.62,20.42,1167,-11.35,20.0,0.743
2024-04-29T04:15:18.000,10.24,-8.46,13.23,17.62,20.42,1168,-11.27,20.0,0.743
2024-04-29T04:15:48.000,10.09,-8.74,14.14,17.55,20.42,1169,-11.18,20.0,0.743
2024-04-29T04:16:19.000,10.0,-8.2,14.03,17.56,20.42,1170,-11.1,20.0,0.743
2024-04-29T04:16:49.000,9.92,-8.6,14.01,17.56,20.42,1171,-11.02,20.0,0.743
2024-04-29T04:17:28.000,9.94,-8.24,14.08,17.56,20.42,1172,-10.91,20.0,0.743
2024-04-29T04:17:57.000,10.31,-7.99,14.44,17.53,20.42,1173,-10.83,20.0,0.743
2024-04-29T04:18:28.000,10.4,-8.56,14.81,17.5,20.42,1174,-10.74,20.0,0.743
2024-04-29T04:18:58.000,10.51,-8.55,14.82,17.5,20.42,1175,-10.66,20.0,0.743
2024-04-29T04:19:28.000,10.44,-9.12,17.58,17.32,20.42,1176,-10.58,20.0,0.743
2024-04-29T04:19:58.000,10.37,-9.13,16.9,17.37,20.42,1177,-10.5,20.0,0.743
2024-04-29T04:20:29.000,10.21,-9.36,15.95,17.43,20.42,1178,-10.41,20.0,0.743
2024-04-29T04:20:59.000,10.06,-8.98,17.07,17.36,20.42,1179,-10.33,20.0,0.743
2024-04-29T04:21:29.000,9.95,-8.95,17.57,17.32,20.42,1180,-10.24,20.0,0.743
2024-04-29T04:21:59.000,9.89,-8.3,20.05,17.17,20.42,1181,-10.16,20.0,0.743
2024-04-29T04:22:30.000,10.11,-7.43,19.2,17.22,20.42,1182,-10.08,20.0,0.743
2024-04-29T04:23:00.000,10.36,-7.73,18.89,17.24,20.42,1183,-9.99,20.0,0.742
2024-04-29T04:23:30.000,10.47,-8.57,19.49,17.21,20.42,1184,-9.91,20.0,0.742
2024-04-29T04:24:00.000,10.41,-9.0,19.29,17.22,20.42,1185,-9.83,20.0,0.742
2024-04-29T04:24:30.000,10.36,-9.04,20.73,17.14,20.42,1186,-9.74,20.0,0.742
2024-04-29T04:25:00.000,10.2,-9.22,20.94,17.12,20.42,1187,-9.66,20.0,0.742
2024-04-29T04:25:31.000,10.11,-8.74,22.07,17.06,20.42,1188,-9.57,20.0,0.742
2024-04-29T04:26:01.000,10.04,-8.54,23.12,17.01,20.42,1189,-9.49,20.0,0.742
2024-04-29T04:26:31.000,9.88,-9.02,23.89,16.98,20.42,1190,-9.41,20.0,0.742
2024-04-29T04:27:44.000,10.1,-8.38,26.55,16.86,20.42,1192,-9.2,20.0,0.742
2024-04-29T04:28:15.000,10.27,-8.79,28.28,16.8,20.42,1193,-9.12,20.0,0.742
2024-04-29T04:39:01.000,10.33,-8.46,129.9,15.14,20.42,1212,-7.29,20.0,0.741
2024-04-29T04:39:31.000,10.48,-8.69,142.81,15.03,20.42,1213,-7.21,20.0,0.741
2024-04-29T04:40:01.000,10.59,-8.45,157.9,14.92,20.42,1214,-7.12,20.0,0.741
2024-04-29T04:40:31.000,10.58,-8.81,174.39,14.82,20.42,1215,-7.04,20.0,0.741
2024-04-29T04:41:01.000,10.43,-9.41,193.19,14.71,20.42,1216,-6.95,20.0,0.741
2024-04-29T04:41:32.000,10.25,-9.13,214.15,14.59,20.42,1217,-6.86,20.0,0.741
2024-04-29T04:42:02.000,10.12,-9.13,237.66,14.48,20.42,1218,-6.78,20.0,0.741
2024-04-29T04:52:48.000,9.11,-4.73,3294.48,11.63,20.42,1237,-4.92,20.0,0.741
2024-04-29T04:53:19.000,9.04,-3.98,3717.29,11.5,20.42,1238,-4.83,20.0,0.74
2024-04-29T04:53:49.000,9.01,-3.8,4162.15,11.37,20.42,1239,-4.74,20.0,0.74
2024-04-29T04:54:19.000,8.95,-3.77,4619.43,11.26,20.42,1240,-4.65,20.0,0.74
2024-04-29T04:54:49.000,8.91,-3.32,5123.71,11.15,20.42,1241,-4.57,20.0,0.74
2024-04-29T04:55:19.000,8.93,-2.87,5724.19,11.03,20.42,1242,-4.48,20.0,0.74
2024-04-29T04:55:50.000,8.88,-3.02,6396.14,10.91,20.42,1243,-4.39,20.0,0.74
2024-04-29T04:56:20.000,8.84,-3.0,7076.73,10.8,20.42,1244,-4.3,20.0,0.74
2024-04-29T04:56:50.000,8.86,-2.61,7799.9,10.69,20.42,1245,-4.21,20.0,0.74
2024-04-29T04:57:20.000,8.85,-2.88,8627.95,10.58,20.42,1246,-4.13,20.0,0.74
2024-04-29T04:57:51.000,8.83,-2.83,9535.86,10.47,20.42,1247,-4.03,20.0,0.74
2024-04-29T04:58:21.000,8.84,-2.92,10492.38,10.37,20.42,1248,-3.95,20.0,0.74
2024-04-29T04:58:51.000,8.81,-3.26,11454.05,10.27,20.42,1249,-3.86,20.0,0.74
2024-04-29T04:59:22.000,8.81,-3.03,12394.14,10.19,20.42,1250,-3.77,20.0,0.74
2024-04-29T04:59:52.000,8.85,-3.15,13268.15,10.11,20.42,1251,-3.68,20.0,0.74
2024-04-29T05:00:22.000,8.87,-3.29,14103.52,10.05,20.42,1252,-3.59,20.0,0.74
2024-04-29T05:00:52.000,8.87,-3.57,14974.19,9.98,20.42,1253,-3.51,20.0,0.74
2024-04-29T05:01:23.000,8.86,-3.96,15946.2,9.91,20.42,1254,-3.41,20.0,0.74
2024-04-29T05:01:53.000,8.81,-4.24,17116.43,9.84,20.42,1255,-3.33,20.0,0.74
2024-04-29T05:02:23.000,8.81,-4.48,18539.56,9.75,20.42,1256,-3.24,20.0,0.74
2024-04-29T05:02:53.000,8.78,-4.51,20138.0,9.66,20.42,1257,-3.15,20.0,0.74
2024-04-29T05:03:23.000,8.78,-4.51,21859.86,9.57,20.42,1258,-3.06,20.0,0.74
2024-04-29T05:03:54.000,8.78,-4.72,23623.22,9.49,20.42,1259,-2.97,20.0,0.74
2024-04-29T05:04:24.000,8.77,-4.8,25437.43,9.41,20.42,1260,-2.88,20.0,0.74
2024-04-29T05:04:54.000,8.74,-4.81,26843.02,9.49,20.42,1261,-2.79,20.0,0.74
2024-04-29T05:05:24.000,8.76,-4.76,29910.95,9.23,20.42,1262,-2.71,20.0,0.74
2024-04-29T05:05:55.000,8.75,-4.9,32561.46,9.14,20.42,1263,-2.62,20.0,0.74
2024-04-29T05:06:25.000,8.71,-4.98,34332.41,9.23,20.42,1264,-2.53,20.0,0.74
2024-04-29T05:06:55.000,8.69,-4.85,37769.81,8.98,20.42,1265,-2.44,20.0,0.74
2024-04-29T05:07:25.000,8.66,-5.06,40331.57,8.91,20.42,1266,-2.35,20.0,0.74
2024-04-29T05:07:56.000,8.63,-4.77,42723.95,8.84,20.42,1267,-2.26,20.0,0.74
2024-04-29T05:08:26.000,8.63,-4.55,45150.57,8.78,20.42,1268,-2.17,20.0,0.74
2024-04-29T05:08:56.000,8.62,-4.61,48022.73,8.72,20.42,1269,-2.08,20.0,0.739
2024-04-29T05:09:26.000,8.62,-4.27,51600.57,8.64,20.42,1270,-1.99,20.0,0.739
2024-04-29T05:09:56.000,8.62,-4.43,55913.46,8.55,20.42,1271,-1.9,20.0,0.739
2024-04-29T05:10:27.000,8.61,-4.1,61027.67,8.46,20.42,1272,-1.81,20.0,0.739
2024-04-29T05:10:57.000,8.64,-3.64,52754.76,1.6,20.42,1273,-1.72,20.0,0.739
2024-04-29T05:11:27.000,8.66,-3.84,50000.0,0.0,20.42,1274,-1.63,20.0,0.739
2024-04-29T05:11:58.000,8.66,-3.72,50000.0,0.0,20.42,1275,-1.54,20.0,0.739
2024-04-29T05:12:28.000,8.61,-4.1,50000.0,0.0,20.42,1276,-1.45,20.0,0.739
2024-04-29T05:17:31.000,8.64,-2.88,50000.0,0.0,20.42,1286,-0.55,20.0,0.739
2024-04-29T05:18:01.000,8.63,-2.91,50000.0,0.0,20.42,1287,-0.46,20.0,0.739
2024-04-29T05:18:31.000,8.6,-2.73,50000.0,0.0,20.42,1288,-0.37,20.0,0.739
2024-04-29T05:19:51.000,8.58,-2.44,50000.0,0.0,20.42,1290,-0.13,20.0,0.739
2024-04-29T05:20:21.000,8.58,-2.29,50000.0,0.0,20.42,1291,-0.04,20.0,0.739
2024-04-29T05:20:51.000,8.6,-1.82,50000.0,0.0,20.42,1292,0.05,20.0,0.739
2024-04-29T05:25:23.000,8.76,-1.02,50000.0,0.0,20.42,1301,0.86,19.0,0.738
2024-04-29T05:25:53.000,8.77,-0.92,50000.0,0.0,20.42,1302,0.95,19.0,0.738
2024-04-29T05:26:24.000,8.76,-1.18,50000.0,0.0,20.42,1303,1.05,19.0,0.738
2024-04-29T05:26:54.000,8.75,-1.18,49359.54,0.21,20.42,1304,1.14,19.0,0.738
2024-04-29T05:27:24.000,8.74,-1.06,49375.54,0.2,20.42,1305,1.23,19.0,0.738
2024-04-29T05:27:54.000,8.76,-0.86,50000.0,0.0,20.42,1306,1.32,19.0,0.738
2024-04-29T05:28:25.000,8.79,-0.79,50000.0,0.0,20.42,1307,1.41,19.0,0.738
2024-04-29T05:28:55.000,8.81,-0.88,50000.0,0.0,20.42,1308,1.5,19.0,0.738
2024-04-29T05:32:26.000,8.74,-1.12,50000.0,0.0,20.42,1315,2.14,19.0,0.738
2024-04-29T05:32:56.000,8.77,-1.47,50000.0,0.0,20.42,1316,2.23,19.0,0.738
2024-04-29T05:33:27.000,8.72,-1.58,50000.0,0.0,20.42,1317,2.33,19.0,0.738
2024-04-29T05:34:40.000,8.8,-1.41,50000.0,0.0,20.42,1319,2.55,19.0,0.738
2024-04-29T05:35:10.000,8.86,-1.18,50000.0,0.0,20.42,1320,2.64,19.0,0.738
2024-04-29T05:35:41.000,8.89,-1.46,50000.0,0.0,20.42,1321,2.73,19.0,0.738
