ecsv/stars272/stars272_2025-04.ecsv
# %ECSV 1.0
# ---
# datatype:
# - {name: time, datatype: string}
# - {name: Enclosure Temperature, unit: deg_C, datatype: float64}
# - {name: Sky Temperature, unit: deg_C, datatype: float64}
# - {name: Frequency, unit: Hz, datatype: float64}
# - {name: MSAS, unit: mag / arcsec2, datatype: float64}
# - {name: ZP, datatype: float64}
# - {name: Sequence Number, datatype: int64}
# - {name: Sun Alt, unit: deg, datatype: float64}
# - {name: Moon Alt, unit: deg, datatype: float64}
# - {name: Moon Illumination, datatype: float64}
# delimiter: ','
# meta: !!omap
# - ida:
#     Data supplier: {affiliation: "Asociaci\xF3n Daimiele\xF1a de Astronom\xEDa", observer: "Asociaci\xF3n Daimiele\xF1a de Astronom\xED\
#         a"}
#     Device type: TESS-W
#     Field of view: 17.0
#     Filters per channel: None
#     Instrument ID: stars272
#     License: ODbL 1.0 http://opendatacommons.org/licenses/odbl/summary/
#     Local timezone: Europe/Madrid
#     Location name: {country: Spain, place: "Asociaci\xF3n Daimiele\xF1a de Astronom\xEDa", region: null, sub_region: null, town: Daimiel}
#     Measurement direction per channel: {azimuth: 0.0, zenital: 0.0}
#     Moving / Fixed look direction: FIXED
#     Moving / Stationary position: STATIONARY
#     Number of channels: 1
#     Number of fields per line: 8
#     Number of header lines: 35
#     Position: {height: 623.0, latitude: 39.0728, longitude: -3.6092}
#     TESS MAC address: 60:01:94:73:5B:68
#     TESS cover offset value: 0.0
#     TESS firmware version: '1.0'
#     TESS zero point: 20.49
#     Time Synchronization: timestamp added by MQTT subscriber
#     URL: http://www.darksky.org/NSBM/sdf1.0.pdf
# - __serialized_columns__:
#     Enclosure Temperature:
#       __class__: astropy.units.quantity.Quantity
#       unit: &id001 !astropy.units.Unit {unit: deg_C}
#       value: !astropy.table.SerializedColumn {name: Enclosure Temperature}
#     Frequency:
#       __class__: astropy.units.quantity.Quantity
#       unit: !astropy.units.Unit {unit: Hz}
#       value: !astropy.table.SerializedColumn {name: Frequency}
#     MSAS:
#       __class__: astropy.units.quantity.Quantity
#       unit: !astropy.units.Unit {unit: mag / arcsec2}
#       value: !astropy.table.SerializedColumn {name: MSAS}
#     Moon Alt:
#       __class__: astropy.units.quantity.Quantity
#       unit: &id002 !astropy.units.Unit {unit: deg}
#       value: !astropy.table.SerializedColumn {name: Moon Alt}
#     Sky Temperature:
#       __class__: astropy.units.quantity.Quantity
#       unit: *id001
#       value: !astropy.table.SerializedColumn {name: Sky Temperature}
#     Sun Alt:
#       __class__: astropy.units.quantity.Quantity
#       unit: *id002
#       value: !astropy.table.SerializedColumn {name: Sun Alt}
#     time:
#       __class__: astropy.time.core.Time
#       format: isot
#       in_subfmt: '*'
#       out_subfmt: '*'
#       precision: 3
#       scale: utc
#       value: !astropy.table.SerializedColumn {name: time}
# schema: astropy-2.0
time,Enclosure Temperature,Sky Temperature,Frequency,MSAS,ZP,Sequence Number,Sun Alt,Moon Alt,Moon Illumination
[from data line 2522]
2025-04-04T20:42:10.000,10.29,10.14,3.14,19.25,20.49,6878,-22.96,57.0,0.476
2025-04-04T20:43:10.000,10.31,10.14,3.13,19.25,20.49,6879,-23.13,57.0,0.476
2025-04-04T20:44:10.000,10.35,10.21,3.1,19.26,20.49,6880,-23.3,57.0,0.476
2025-04-04T20:45:10.000,10.34,10.13,3.04,19.28,20.49,6881,-23.47,57.0,0.477
2025-04-04T20:46:10.000,10.36,10.15,3.02,19.29,20.49,6882,-23.64,57.0,0.477
2025-04-04T20:47:10.000,10.41,10.22,3.02,19.29,20.49,6883,-23.8,57.0,0.477
2025-04-04T20:48:10.000,10.39,10.15,3.01,19.29,20.49,6884,-23.97,56.0,0.477
2025-04-04T20:49:10.000,10.42,10.16,2.99,19.3,20.49,6885,-24.14,56.0,0.477
2025-04-04T20:50:10.000,10.45,10.15,2.98,19.3,20.49,6886,-24.3,56.0,0.477
2025-04-04T20:51:10.000,10.45,10.06,2.98,19.3,20.49,6887,-24.47,56.0,0.477
2025-04-04T20:52:10.000,10.46,9.93,2.96,19.31,20.49,6888,-24.64,56.0,0.477
2025-04-04T20:53:10.000,10.44,9.64,2.94,19.32,20.49,6889,-24.8,55.0,0.477
2025-04-04T20:54:10.000,10.5,9.35,2.94,19.32,20.49,6890,-24.97,55.0,0.477
2025-04-04T20:55:17.000,10.59,8.88,2.93,19.32,20.49,6891,-25.15,55.0,0.477
2025-04-04T20:56:17.000,10.66,8.0,2.91,19.33,20.49,6892,-25.31,55.0,0.477
2025-04-04T20:57:17.000,10.74,7.01,2.91,19.33,20.49,6893,-25.48,55.0,0.477
2025-04-04T20:58:17.000,10.78,5.92,2.9,19.33,20.49,6894,-25.64,54.0,0.478
2025-04-04T20:59:17.000,10.78,4.53,2.89,19.34,20.49,6895,-25.8,54.0,0.478
2025-04-04T21:00:17.000,10.78,3.32,2.91,19.33,20.49,6896,-25.97,54.0,0.478
2025-04-04T21:01:17.000,10.82,2.33,2.89,19.34,20.49,6897,-26.13,54.0,0.478
2025-04-04T21:02:17.000,10.78,0.94,2.87,19.35,20.49,6898,-26.29,54.0,0.478
2025-04-04T21:03:17.000,10.77,-0.32,2.84,19.36,20.49,6899,-26.45,54.0,0.478
2025-04-04T21:04:17.000,10.77,-1.45,2.88,19.34,20.49,6900,-26.61,53.0,0.478
2025-04-04T21:05:17.000,10.78,-2.46,2.85,19.35,20.49,6901,-26.77,53.0,0.478
2025-04-04T21:06:17.000,10.78,-3.52,3.1,19.26,20.49,6902,-26.93,53.0,0.478
2025-04-04T21:08:30.000,10.77,-5.67,3.3,19.2,20.49,6904,-27.29,53.0,0.478
2025-04-04T21:09:30.000,10.78,-5.98,4.2,18.93,20.49,6905,-27.45,52.0,0.478
2025-04-04T21:10:30.000,10.75,-6.56,4.42,18.88,20.49,6906,-27.6,52.0,0.478
2025-04-04T21:11:30.000,10.8,-7.24,3.45,19.15,20.49,6907,-27.76,52.0,0.479
2025-04-04T21:12:30.000,10.81,-8.22,3.0,19.3,20.49,6908,-27.92,52.0,0.479
2025-04-04T21:13:38.000,10.83,-8.8,3.25,19.21,20.49,6909,-28.1,52.0,0.479
2025-04-04T21:14:37.000,10.86,-9.13,3.33,19.18,20.49,6910,-28.25,51.0,0.479
2025-04-04T21:15:37.000,10.88,-9.74,3.08,19.27,20.49,6911,-28.41,51.0,0.479
2025-04-04T21:16:37.000,10.88,-10.29,2.88,19.34,20.49,6912,-28.56,51.0,0.479
2025-04-04T21:17:37.000,10.85,-10.71,3.18,19.24,20.49,6913,-28.72,51.0,0.479
2025-04-04T21:18:44.000,10.83,-11.13,3.24,19.21,20.49,6914,-28.89,51.0,0.479
2025-04-04T21:19:43.000,10.84,-11.52,2.79,19.37,20.49,6915,-29.04,50.0,0.479
2025-04-04T21:20:44.000,10.82,-11.74,2.76,19.39,20.49,6916,-29.2,50.0,0.479
2025-04-04T21:21:44.000,10.81,-11.93,2.76,19.39,20.49,6917,-29.36,50.0,0.479
2025-04-04T21:22:44.000,10.83,-12.54,2.82,19.36,20.49,6918,-29.51,50.0,0.479
2025-04-04T21:23:44.000,10.87,-12.27,4.12,18.96,20.49,6919,-29.66,50.0,0.479
2025-04-04T21:24:44.000,10.92,-12.07,3.42,19.17,20.49,6920,-29.81,49.0,0.48
2025-04-04T21:25:44.000,10.92,-9.4,6.29,18.51,20.49,6921,-29.96,49.0,0.48
2025-04-04T21:26:44.000,11.0,-7.8,6.58,18.55,20.49,6922,-30.12,49.0,0.48
2025-04-04T21:27:44.000,11.05,-6.93,9.88,18.06,20.49,6923,-30.27,49.0,0.48
2025-04-04T21:28:44.000,11.07,-10.63,3.9,19.02,20.49,6924,-30.42,49.0,0.48
2025-04-04T21:29:44.000,11.09,-12.21,3.41,19.16,20.49,6925,-30.57,49.0,0.48
2025-04-04T21:30:44.000,11.12,-11.4,3.27,19.2,20.49,6926,-30.72,48.0,0.48
2025-04-04T21:31:44.000,11.12,-10.55,4.02,18.99,20.49,6927,-30.86,48.0,0.48
2025-04-04T21:32:44.000,11.11,-8.95,7.06,18.42,20.49,6928,-31.01,48.0,0.48
2025-04-04T21:33:44.000,11.12,-11.78,2.99,19.3,20.49,6929,-31.16,48.0,0.48
2025-04-04T21:34:44.000,11.12,-12.69,2.69,19.42,20.49,6930,-31.31,48.0,0.48
2025-04-04T21:35:44.000,11.07,-12.76,2.62,19.44,20.49,6931,-31.45,47.0,0.48
2025-04-04T21:36:45.000,11.05,-12.78,2.59,19.46,20.49,6932,-31.6,47.0,0.48
2025-04-04T21:37:45.000,11.03,-12.87,2.57,19.47,20.49,6933,-31.75,47.0,0.48
2025-04-04T21:38:45.000,11.03,-12.96,2.54,19.48,20.49,6934,-31.89,47.0,0.481
2025-04-04T21:39:45.000,11.03,-12.99,2.52,19.49,20.49,6935,-32.04,47.0,0.481
2025-04-04T21:40:45.000,11.04,-12.94,2.53,19.48,20.49,6936,-32.18,46.0,0.481
2025-04-04T21:41:45.000,11.03,-12.97,2.48,19.5,20.49,6937,-32.32,46.0,0.481
2025-04-04T21:42:45.000,11.03,-12.92,2.51,19.49,20.49,6938,-32.47,46.0,0.481
2025-04-04T21:43:45.000,11.0,-12.64,2.48,19.5,20.49,6939,-32.61,46.0,0.481
2025-04-04T21:44:45.000,10.94,-12.43,2.85,19.35,20.49,6940,-32.75,46.0,0.481
2025-04-04T21:45:45.000,10.86,-12.24,2.88,19.34,20.49,6941,-32.89,45.0,0.481
2025-04-04T21:46:45.000,10.85,-12.25,2.58,19.46,20.49,6942,-33.03,45.0,0.481
2025-04-04T21:47:45.000,10.86,-12.41,2.54,19.48,20.49,6943,-33.17,45.0,0.481
2025-04-04T21:48:45.000,10.83,-13.05,2.59,19.46,20.49,6944,-33.31,45.0,0.481
2025-04-04T21:49:45.000,10.84,-13.2,2.61,19.45,20.49,6945,-33.45,45.0,0.481
2025-04-04T21:50:45.000,10.82,-11.17,2.91,19.33,20.49,6946,-33.59,45.0,0.481
2025-04-04T21:51:45.000,10.81,-10.25,2.74,19.4,20.49,6947,-33.73,44.0,0.482
2025-04-04T21:52:46.000,10.86,-6.46,6.92,18.58,20.49,6948,-33.87,44.0,0.482
2025-04-04T21:53:46.000,10.89,-0.03,15.89,17.49,20.49,6949,-34.0,44.0,0.482
2025-04-04T21:54:46.000,10.93,-0.14,9.46,18.08,20.49,6950,-34.14,44.0,0.482
2025-04-04T21:55:46.000,10.98,-3.28,7.19,18.35,20.49,6951,-34.27,44.0,0.482
2025-04-04T21:56:46.000,11.0,-5.82,6.84,18.41,20.49,6952,-34.41,43.0,0.482
2025-04-04T21:57:46.000,10.98,-4.61,8.49,18.17,20.49,6953,-34.54,43.0,0.482
2025-04-04T21:58:46.000,11.01,0.79,16.87,17.44,20.49,6954,-34.68,43.0,0.482
2025-04-04T21:59:46.000,11.04,1.86,19.97,17.29,20.49,6955,-34.81,43.0,0.482
2025-04-04T22:00:46.000,11.05,-1.1,16.07,17.69,20.49,6956,-34.94,43.0,0.482
2025-04-04T22:01:46.000,11.07,-5.74,4.66,18.86,20.49,6957,-35.07,42.0,0.482
2025-04-04T22:02:46.000,11.09,-5.76,6.64,18.46,20.49,6958,-35.2,42.0,0.482
2025-04-04T22:03:46.000,11.11,-2.46,7.11,18.41,20.49,6959,-35.33,42.0,0.482
2025-04-04T22:04:46.000,11.13,-2.36,8.62,18.16,20.49,6960,-35.46,42.0,0.483
2025-04-04T22:05:46.000,11.13,-6.11,5.92,18.57,20.49,6961,-35.59,42.0,0.483
2025-04-04T22:06:46.000,11.11,-9.47,3.54,19.14,20.49,6962,-35.72,42.0,0.483
2025-04-04T22:07:46.000,11.07,-12.15,2.77,19.39,20.49,6963,-35.85,41.0,0.483
2025-04-04T22:08:47.000,11.06,-12.87,2.24,19.62,20.49,6964,-35.98,41.0,0.483
2025-04-04T22:09:47.000,11.03,-13.1,2.18,19.65,20.49,6965,-36.1,41.0,0.483
2025-04-04T22:10:47.000,11.02,-13.24,2.1,19.69,20.49,6966,-36.23,41.0,0.483
2025-04-04T22:12:59.000,10.99,-12.94,2.22,19.62,20.49,6968,-36.5,40.0,0.483
2025-04-04T22:24:38.000,10.44,-13.46,2.1,19.69,20.49,6979,-37.89,38.0,0.484
2025-04-04T22:25:38.000,10.41,-13.49,2.05,19.71,20.49,6980,-38.01,38.0,0.484
2025-04-04T22:26:39.000,10.38,-13.46,2.07,19.7,20.49,6981,-38.13,38.0,0.484
2025-04-04T22:27:38.000,10.39,-13.2,2.09,19.69,20.49,6982,-38.24,38.0,0.484
2025-04-04T22:28:38.000,10.39,-13.28,2.08,19.7,20.49,6983,-38.35,37.0,0.484
2025-04-04T22:29:39.000,10.39,-13.3,2.06,19.71,20.49,6984,-38.46,37.0,0.484
2025-04-04T22:30:39.000,10.36,-13.38,2.06,19.7,20.49,6985,-38.57,37.0,0.484
2025-04-04T22:31:39.000,10.36,-13.46,2.08,19.7,20.49,6986,-38.68,37.0,0.485
2025-04-04T22:32:39.000,10.34,-13.33,1.94,19.77,20.49,6987,-38.79,37.0,0.485
2025-04-04T22:33:39.000,10.34,-12.42,2.08,19.69,20.49,6988,-38.9,36.0,0.485
2025-04-04T22:34:39.000,10.34,-10.29,2.65,19.44,20.49,6989,-39.01,36.0,0.485
2025-04-04T22:35:39.000,10.35,-6.95,3.83,19.03,20.49,6990,-39.12,36.0,0.485
2025-04-04T22:36:39.000,10.36,-3.82,4.94,18.76,20.49,6991,-39.22,36.0,0.485
2025-04-04T22:37:39.000,10.36,-1.52,6.95,18.39,20.49,6992,-39.33,36.0,0.485
2025-04-04T22:38:39.000,10.38,-0.07,7.8,18.26,20.49,6993,-39.43,36.0,0.485
2025-04-04T22:39:39.000,10.42,1.0,7.38,18.32,20.49,6994,-39.53,35.0,0.485
2025-04-04T22:40:39.000,10.44,1.6,8.27,18.2,20.49,6995,-39.64,35.0,0.485
2025-04-04T22:41:39.000,10.47,1.63,9.73,18.02,20.49,6996,-39.74,35.0,0.485
2025-04-04T22:42:39.000,10.49,-0.61,7.76,18.28,20.49,6997,-39.84,35.0,0.485
2025-04-04T22:43:39.000,10.47,-5.14,3.81,19.07,20.49,6998,-39.94,35.0,0.485
2025-04-04T22:44:39.000,10.44,-9.31,2.25,19.61,20.49,6999,-40.04,34.0,0.486
2025-04-04T22:45:40.000,10.42,-10.7,3.03,19.29,20.49,7000,-40.14,34.0,0.486
2025-04-04T22:46:40.000,10.41,-10.36,3.11,19.26,20.49,7001,-40.24,34.0,0.486
2025-04-04T22:47:40.000,10.38,-9.61,4.28,18.92,20.49,7002,-40.33,34.0,0.486
2025-04-04T22:48:40.000,10.35,-9.86,3.5,19.15,20.49,7003,-40.43,34.0,0.486
2025-04-04T22:49:40.000,10.35,-11.39,2.34,19.57,20.49,7004,-40.52,33.0,0.486
2025-04-04T22:50:40.000,10.35,-12.58,2.08,19.7,20.49,7005,-40.62,33.0,0.486
2025-04-04T22:51:40.000,10.33,-13.07,2.05,19.71,20.49,7006,-40.71,33.0,0.486
2025-04-04T22:52:40.000,10.3,-13.39,1.81,19.85,20.49,7007,-40.8,33.0,0.486
2025-04-04T22:53:40.000,10.29,-13.75,1.67,19.93,20.49,7008,-40.89,33.0,0.486
2025-04-04T22:54:40.000,10.27,-13.77,1.9,19.8,20.49,7009,-40.98,33.0,0.486
2025-04-04T22:55:40.000,10.27,-12.29,2.27,19.62,20.49,7010,-41.07,32.0,0.486
2025-04-04T22:56:40.000,10.28,-8.61,5.32,18.69,20.49,7011,-41.16,32.0,0.486
2025-04-04T22:57:40.000,10.28,-4.6,6.77,18.42,20.49,7012,-41.25,32.0,0.486
2025-04-04T22:58:40.000,10.29,-0.83,9.11,18.09,20.49,7013,-41.34,32.0,0.487
2025-04-04T22:59:40.000,10.31,1.79,10.3,17.96,20.49,7014,-41.42,32.0,0.487
2025-04-04T23:00:41.000,10.35,1.79,9.83,18.01,20.49,7015,-41.51,31.0,0.487
2025-04-04T23:01:41.000,10.38,-1.46,6.9,18.43,20.49,7016,-41.59,31.0,0.487
2025-04-04T23:02:41.000,10.41,-6.42,3.21,19.23,20.49,7017,-41.68,31.0,0.487
2025-04-04T23:03:41.000,10.42,-8.29,3.42,19.16,20.49,7018,-41.76,31.0,0.487
2025-04-04T23:04:41.000,10.46,-5.28,4.22,18.94,20.49,7019,-41.84,31.0,0.487
2025-04-04T23:05:41.000,10.48,-1.56,6.44,18.47,20.49,7020,-41.92,30.0,0.487
2025-04-04T23:06:41.000,10.49,-1.89,5.78,18.61,20.49,7021,-42.0,30.0,0.487
2025-04-04T23:07:41.000,10.52,-6.28,2.62,19.45,20.49,7022,-42.07,30.0,0.487
2025-04-04T23:08:41.000,10.48,-9.67,2.21,19.63,20.49,7023,-42.15,30.0,0.487
2025-04-04T23:09:41.000,10.46,-11.29,2.16,19.66,20.49,7024,-42.23,30.0,0.487
2025-04-04T23:10:41.000,10.42,-11.96,2.07,19.7,20.49,7025,-42.3,30.0,0.487
2025-04-04T23:11:41.000,10.39,-12.67,2.05,19.71,20.49,7026,-42.38,29.0,0.488
2025-04-04T23:12:41.000,10.36,-13.01,1.86,19.81,20.49,7027,-42.45,29.0,0.488
2025-04-04T23:13:41.000,10.29,-12.76,1.83,19.84,20.49,7028,-42.52,29.0,0.488
2025-04-04T23:14:41.000,10.25,-10.61,2.33,19.59,20.49,7029,-42.59,29.0,0.488
2025-04-04T23:15:41.000,10.22,-5.14,4.81,18.79,20.49,7030,-42.66,29.0,0.488
2025-04-04T23:16:41.000,10.22,-3.4,7.69,18.3,20.49,7031,-42.73,28.0,0.488
2025-04-04T23:17:42.000,10.24,-3.76,5.09,18.77,20.49,7032,-42.8,28.0,0.488
2025-04-04T23:18:42.000,10.23,-3.4,5.5,18.64,20.49,7033,-42.87,28.0,0.488
2025-04-04T23:19:42.000,10.24,-3.22,5.12,18.73,20.49,7034,-42.93,28.0,0.488
2025-04-04T23:20:42.000,10.27,-1.53,8.76,18.14,20.49,7035,-43.0,28.0,0.488
2025-04-04T23:21:42.000,10.32,1.21,13.83,17.66,20.49,7036,-43.06,28.0,0.488
2025-04-04T23:22:42.000,10.39,2.71,17.89,17.36,20.49,7037,-43.12,27.0,0.488
2025-04-04T23:23:42.000,10.42,0.69,14.91,17.56,20.49,7038,-43.18,27.0,0.488
2025-04-04T23:24:42.000,10.43,-5.0,7.88,18.4,20.49,7039,-43.24,27.0,0.489
2025-04-04T23:25:42.000,10.45,-7.4,4.0,19.02,20.49,7040,-43.3,27.0,0.489
2025-04-04T23:26:42.000,10.45,-5.84,6.12,18.53,20.49,7041,-43.36,27.0,0.489
2025-04-04T23:27:42.000,10.44,-8.28,3.98,19.0,20.49,7042,-43.42,26.0,0.489
2025-04-04T23:28:42.000,10.45,-9.48,4.13,18.96,20.49,7043,-43.48,26.0,0.489
2025-04-04T23:29:42.000,10.44,-8.18,4.23,18.93,20.49,7044,-43.53,26.0,0.489
2025-04-04T23:30:42.000,10.43,-7.23,3.38,19.17,20.49,7045,-43.58,26.0,0.489
2025-04-04T23:31:42.000,10.46,-6.52,3.24,19.22,20.49,7046,-43.64,26.0,0.489
2025-04-04T23:32:43.000,10.45,-5.91,3.79,19.05,20.49,7047,-43.69,26.0,0.489
2025-04-04T23:33:43.000,10.47,-2.11,7.69,18.33,20.49,7048,-43.74,25.0,0.489
2025-04-04T23:34:43.000,10.5,-1.69,5.79,18.63,20.49,7049,-43.79,25.0,0.489
2025-04-04T23:35:43.000,10.52,0.95,10.22,18.01,20.49,7050,-43.84,25.0,0.489
2025-04-04T23:36:43.000,10.56,3.56,14.0,17.63,20.49,7051,-43.89,25.0,0.489
2025-04-04T23:37:43.000,10.58,5.52,13.79,17.64,20.49,7052,-43.93,25.0,0.49
2025-04-04T23:38:43.000,10.57,3.22,10.11,17.98,20.49,7053,-43.98,24.0,0.49
2025-04-04T23:39:43.000,10.58,-2.0,7.08,18.43,20.49,7054,-44.02,24.0,0.49
2025-04-04T23:40:43.000,10.58,-8.29,3.42,19.16,20.49,7055,-44.06,24.0,0.49
2025-04-04T23:41:43.000,10.58,-9.26,3.85,19.06,20.49,7056,-44.11,24.0,0.49
2025-04-04T23:42:43.000,10.58,-6.75,4.54,18.9,20.49,7057,-44.15,24.0,0.49
2025-04-04T23:43:43.000,10.58,-2.39,5.87,18.58,20.49,7058,-44.19,24.0,0.49
2025-04-04T23:44:43.000,10.59,-0.34,11.04,17.91,20.49,7059,-44.22,23.0,0.49
2025-04-04T23:45:43.000,10.6,1.24,12.55,17.75,20.49,7060,-44.26,23.0,0.49
2025-04-04T23:46:43.000,10.6,2.31,12.64,17.74,20.49,7061,-44.3,23.0,0.49
2025-04-04T23:47:43.000,10.62,2.09,11.4,17.85,20.49,7062,-44.33,23.0,0.49
2025-04-04T23:48:44.000,10.62,0.23,8.68,18.15,20.49,7063,-44.37,23.0,0.49
2025-04-04T23:49:44.000,10.59,-3.91,5.6,18.63,20.49,7064,-44.4,22.0,0.49
2025-04-04T23:50:44.000,10.59,-2.34,7.66,18.35,20.49,7065,-44.43,22.0,0.49
2025-04-04T23:51:44.000,10.62,2.86,14.25,17.61,20.49,7066,-44.46,22.0,0.491
2025-04-04T23:52:44.000,10.64,5.02,17.76,17.37,20.49,7067,-44.49,22.0,0.491
2025-04-04T23:53:44.000,10.68,5.41,15.47,17.52,20.49,7068,-44.52,22.0,0.491
2025-04-04T23:54:44.000,10.74,6.18,20.79,17.2,20.49,7069,-44.55,22.0,0.491
2025-04-04T23:55:44.000,10.79,7.1,21.42,17.17,20.49,7070,-44.57,21.0,0.491
2025-04-04T23:56:44.000,10.84,7.38,22.85,17.09,20.49,7071,-44.6,21.0,0.491
2025-04-04T23:57:44.000,10.89,7.67,28.5,16.86,20.49,7072,-44.62,21.0,0.491
2025-04-04T23:58:44.000,10.93,6.45,20.06,17.24,20.49,7073,-44.64,21.0,0.491
2025-04-04T23:59:44.000,11.01,5.75,17.35,17.41,20.49,7074,-44.66,21.0,0.491
2025-04-05T00:00:44.000,11.04,5.7,25.71,16.97,20.49,7075,-44.68,20.0,0.491
2025-04-05T00:01:44.000,11.07,4.83,17.39,17.4,20.49,7076,-44.7,20.0,0.491
2025-04-05T00:02:44.000,11.11,6.91,22.23,17.13,20.49,7077,-44.72,20.0,0.491
2025-04-05T00:03:45.000,11.16,7.83,27.11,16.91,20.49,7078,-44.73,20.0,0.491
2025-04-05T00:04:45.000,11.22,7.42,20.31,17.22,20.49,7079,-44.75,20.0,0.492
2025-04-05T00:05:45.000,11.26,7.2,20.17,17.23,20.49,7080,-44.76,20.0,0.492
2025-04-05T00:06:45.000,11.29,6.01,17.24,17.4,20.49,7081,-44.78,19.0,0.492
2025-04-05T00:07:45.000,11.3,4.19,12.39,17.76,20.49,7082,-44.79,19.0,0.492
2025-04-05T00:08:45.000,11.29,2.57,10.2,18.01,20.49,7083,-44.8,19.0,0.492
2025-04-05T00:09:45.000,11.31,-3.27,4.19,19.04,20.49,7084,-44.81,19.0,0.492
2025-04-05T00:10:45.000,11.32,-10.08,2.18,19.65,20.49,7085,-44.82,19.0,0.492
2025-04-05T00:11:45.000,11.3,-13.35,1.55,20.02,20.49,7086,-44.82,19.0,0.492
2025-04-05T00:12:45.000,11.28,-14.03,1.4,20.13,20.49,7087,-44.83,18.0,0.492
2025-04-05T00:13:45.000,11.26,-14.15,1.37,20.15,20.49,7088,-44.83,18.0,0.492
2025-04-05T00:14:45.000,11.21,-14.27,1.36,20.16,20.49,7089,-44.84,18.0,0.492
2025-04-05T00:15:45.000,11.14,-14.28,1.35,20.17,20.49,7090,-44.84,18.0,0.492
2025-04-05T00:16:45.000,11.05,-14.28,1.34,20.17,20.49,7091,-44.84,18.0,0.492
2025-04-05T00:17:45.000,10.95,-14.25,1.34,20.17,20.49,7092,-44.84,17.0,0.493
2025-04-05T00:18:45.000,10.82,-14.29,1.33,20.18,20.49,7093,-44.84,17.0,0.493
2025-04-05T00:19:45.000,10.76,-14.3,1.33,20.18,20.49,7094,-44.83,17.0,0.493
2025-04-05T00:20:46.000,10.61,-14.35,1.33,20.18,20.49,7095,-44.83,17.0,0.493
2025-04-05T00:21:46.000,10.55,-14.42,1.32,20.19,20.49,7096,-44.82,17.0,0.493
2025-04-05T00:22:46.000,10.45,-14.53,1.31,20.19,20.49,7097,-44.82,17.0,0.493
2025-04-05T00:23:46.000,10.4,-14.59,1.31,20.2,20.49,7098,-44.81,16.0,0.493
2025-04-05T00:24:46.000,10.31,-14.63,1.31,20.19,20.49,7099,-44.8,16.0,0.493
