ecsv/stars272/stars272_2024-04.ecsv
# %ECSV 1.0
# ---
# datatype:
# - {name: time, datatype: string}
# - {name: Enclosure Temperature, unit: deg_C, datatype: float64}
# - {name: Sky Temperature, unit: deg_C, datatype: float64}
# - {name: Frequency, unit: Hz, datatype: float64}
# - {name: MSAS, unit: mag / arcsec2, datatype: float64}
# - {name: ZP, datatype: float64}
# - {name: Sequence Number, datatype: int64}
# - {name: Sun Alt, unit: deg, datatype: float64}
# - {name: Moon Alt, unit: deg, datatype: float64}
# - {name: Moon Illumination, datatype: float64}
# delimiter: ','
# meta: !!omap
# - ida:
#     Data supplier: {affiliation: "Asociaci\xF3n Daimiele\xF1a de Astronom\xEDa", observer: "Asociaci\xF3n Daimiele\xF1a de Astronom\xED\
#         a"}
#     Device type: TESS-W
#     Field of view: 17.0
#     Filters per channel: None
#     Instrument ID: stars272
#     License: ODbL 1.0 http://opendatacommons.org/licenses/odbl/summary/
#     Local timezone: Europe/Madrid
#     Location name: {country: "- Asociaci\xF3n Daimiele\xF1a de Astronom\xEDa", place: Daimiel, region: Spain, sub_region: null, town: null}
#     Measurement direction per channel: {azimuth: 0.0, zenital: 0.0}
#     Moving / Fixed look direction: FIXED
#     Moving / Stationary position: STATIONARY
#     Number of channels: 1
#     Number of fields per line: 8
#     Number of header lines: 35
#     Position: {height: 623.0, latitude: 39.0728, longitude: -3.6092}
#     TESS MAC address: 60:01:94:73:5B:68
#     TESS cover offset value: 0.0
#     TESS firmware version: '1.0'
#     TESS zero point: 20.49
#     Time Synchronization: timestamp added by MQTT subscriber
#     URL: http://www.darksky.org/NSBM/sdf1.0.pdf
# - __serialized_columns__:
#     Enclosure Temperature:
#       __class__: astropy.units.quantity.Quantity
#       unit: &id001 !astropy.units.Unit {unit: deg_C}
#       value: !astropy.table.SerializedColumn {name: Enclosure Temperature}
#     Frequency:
#       __class__: astropy.units.quantity.Quantity
#       unit: !astropy.units.Unit {unit: Hz}
#       value: !astropy.table.SerializedColumn {name: Frequency}
#     MSAS:
#       __class__: astropy.units.quantity.Quantity
#       unit: !astropy.units.Unit {unit: mag / arcsec2}
#       value: !astropy.table.SerializedColumn {name: MSAS}
#     Moon Alt:
#       __class__: astropy.units.quantity.Quantity
#       unit: &id002 !astropy.units.Unit {unit: deg}
#       value: !astropy.table.SerializedColumn {name: Moon Alt}
#     Sky Temperature:
#       __class__: astropy.units.quantity.Quantity
#       unit: *id001
#       value: !astropy.table.SerializedColumn {name: Sky Temperature}
#     Sun Alt:
#       __class__: astropy.units.quantity.Quantity
#       unit: *id002
#       value: !astropy.table.SerializedColumn {name: Sun Alt}
#     time:
#       __class__: astropy.time.core.Time
#       format: isot
#       in_subfmt: '*'
#       out_subfmt: '*'
#       precision: 3
#       scale: utc
#       value: !astropy.table.SerializedColumn {name: time}
# schema: astropy-2.0
time,Enclosure Temperature,Sky Temperature,Frequency,MSAS,ZP,Sequence Number,Sun Alt,Moon Alt,Moon Illumination
[from data line 4774]
2024-04-07T20:42:20.000,22.14,-0.48,3.6,19.1,20.49,18257,-22.25,-35.0,0.012
2024-04-07T20:43:20.000,22.16,-0.33,3.65,19.08,20.49,18258,-22.41,-35.0,0.012
2024-04-07T20:44:20.000,22.09,-0.23,3.69,19.07,20.49,18259,-22.58,-35.0,0.012
2024-04-07T20:45:20.000,22.07,-0.14,3.69,19.07,20.49,18260,-22.74,-35.0,0.012
2024-04-07T20:46:21.000,21.96,0.0,3.71,19.07,20.49,18261,-22.91,-35.0,0.012
2024-04-07T20:47:20.000,21.96,0.08,3.74,19.06,20.49,18262,-23.08,-36.0,0.012
2024-04-07T20:48:20.000,21.88,0.14,3.79,19.04,20.49,18263,-23.24,-36.0,0.012
2024-04-07T20:49:22.000,21.83,0.21,3.87,19.02,20.49,18264,-23.41,-36.0,0.012
2024-04-07T20:50:21.000,21.77,0.19,3.9,19.01,20.49,18265,-23.57,-36.0,0.012
2024-04-07T20:51:22.000,21.75,0.17,3.88,19.02,20.49,18266,-23.74,-36.0,0.012
2024-04-07T20:52:21.000,21.65,0.14,3.84,19.03,20.49,18267,-23.9,-36.0,0.012
2024-04-07T20:53:22.000,21.62,0.11,3.84,19.03,20.49,18268,-24.07,-36.0,0.012
2024-04-07T20:54:22.000,21.56,0.09,3.86,19.02,20.49,18269,-24.23,-37.0,0.012
2024-04-07T20:55:22.000,21.5,0.1,3.88,19.02,20.49,18270,-24.39,-37.0,0.012
2024-04-07T20:56:22.000,21.52,0.1,3.87,19.02,20.49,18271,-24.55,-37.0,0.012
2024-04-07T20:57:22.000,21.47,0.11,3.81,19.04,20.49,18272,-24.72,-37.0,0.012
2024-04-07T20:58:22.000,21.45,0.08,3.77,19.05,20.49,18273,-24.88,-37.0,0.012
2024-04-07T20:59:22.000,21.47,0.02,3.76,19.05,20.49,18274,-25.04,-37.0,0.012
2024-04-07T21:00:22.000,21.35,-0.06,3.78,19.05,20.49,18275,-25.2,-37.0,0.012
2024-04-07T21:01:22.000,21.32,-0.12,3.75,19.06,20.49,18276,-25.36,-38.0,0.012
2024-04-07T21:02:22.000,21.34,-0.22,3.69,19.07,20.49,18277,-25.52,-38.0,0.012
2024-04-07T21:03:22.000,21.35,-0.31,3.65,19.08,20.49,18278,-25.68,-38.0,0.012
2024-04-07T21:04:22.000,21.27,-0.37,3.64,19.09,20.49,18279,-25.84,-38.0,0.012
2024-04-07T21:05:22.000,21.24,-0.41,3.62,19.09,20.49,18280,-26.0,-38.0,0.012
2024-04-07T21:06:22.000,21.28,-0.39,3.62,19.09,20.49,18281,-26.15,-38.0,0.012
2024-04-07T21:07:22.000,21.26,-0.41,3.62,19.09,20.49,18282,-26.31,-38.0,0.012
2024-04-07T21:08:22.000,21.26,-0.42,3.64,19.09,20.49,18283,-26.47,-38.0,0.012
2024-04-07T21:09:23.000,21.18,-0.45,3.61,19.1,20.49,18284,-26.63,-39.0,0.012
2024-04-07T21:10:23.000,21.08,-0.49,3.57,19.11,20.49,18285,-26.78,-39.0,0.012
2024-04-07T21:11:23.000,21.03,-0.55,3.54,19.12,20.49,18286,-26.94,-39.0,0.012
2024-04-07T21:12:23.000,20.99,-0.64,3.55,19.11,20.49,18287,-27.1,-39.0,0.012
2024-04-07T21:13:23.000,20.95,-0.75,3.52,19.12,20.49,18288,-27.25,-39.0,0.012
2024-04-07T21:14:23.000,20.86,-0.94,3.48,19.14,20.49,18289,-27.41,-39.0,0.012
2024-04-07T21:15:23.000,20.8,-1.1,3.44,19.15,20.49,18290,-27.56,-39.0,0.012
2024-04-07T21:16:23.000,20.77,-1.3,3.39,19.16,20.49,18291,-27.71,-40.0,0.012
2024-04-07T21:17:23.000,20.68,-1.51,3.35,19.18,20.49,18292,-27.87,-40.0,0.012
2024-04-07T21:18:23.000,20.62,-1.65,3.33,19.18,20.49,18293,-28.02,-40.0,0.012
2024-04-07T21:19:23.000,20.64,-1.72,3.33,19.18,20.49,18294,-28.17,-40.0,0.012
2024-04-07T21:20:23.000,20.65,-1.76,3.33,19.18,20.49,18295,-28.32,-40.0,0.012
2024-04-07T21:21:23.000,20.63,-1.81,3.32,19.19,20.49,18296,-28.48,-40.0,0.012
2024-04-07T21:22:23.000,20.65,-1.86,3.33,19.18,20.49,18297,-28.63,-40.0,0.012
2024-04-07T21:23:23.000,20.71,-1.89,3.33,19.18,20.49,18298,-28.78,-40.0,0.012
2024-04-07T21:24:23.000,20.64,-1.91,3.3,19.19,20.49,18299,-28.93,-41.0,0.012
2024-04-07T21:25:24.000,20.62,-1.9,3.29,19.2,20.49,18300,-29.08,-41.0,0.012
2024-04-07T21:26:24.000,20.6,-1.85,3.27,19.2,20.49,18301,-29.23,-41.0,0.011
2024-04-07T21:27:24.000,20.54,-1.76,3.2,19.23,20.49,18302,-29.38,-41.0,0.011
2024-04-07T21:28:24.000,20.53,-1.63,3.18,19.23,20.49,18303,-29.53,-41.0,0.011
2024-04-07T21:29:24.000,20.52,-1.53,3.21,19.22,20.49,18304,-29.67,-41.0,0.011
2024-04-07T21:30:24.000,20.51,-1.34,3.22,19.22,20.49,18305,-29.82,-41.0,0.011
2024-04-07T21:31:24.000,20.43,-1.08,3.33,19.18,20.49,18306,-29.97,-41.0,0.011
2024-04-07T21:32:24.000,20.42,-0.76,4.1,18.96,20.49,18307,-30.11,-41.0,0.011
2024-04-07T21:33:24.000,20.4,-0.56,3.49,19.14,20.49,18308,-30.26,-42.0,0.011
2024-04-07T21:34:24.000,20.39,-0.22,3.29,19.2,20.49,18309,-30.4,-42.0,0.011
2024-04-07T21:35:24.000,20.37,0.32,3.5,19.13,20.49,18310,-30.55,-42.0,0.011
2024-04-07T21:36:24.000,20.36,0.42,5.13,18.72,20.49,18311,-30.69,-42.0,0.011
2024-04-07T21:37:24.000,20.34,0.26,4.69,18.82,20.49,18312,-30.83,-42.0,0.011
2024-04-07T21:38:24.000,20.23,-0.07,3.51,19.13,20.49,18313,-30.98,-42.0,0.011
2024-04-07T21:39:24.000,20.24,-0.25,3.45,19.15,20.49,18314,-31.12,-42.0,0.011
2024-04-07T21:40:24.000,20.27,-0.37,3.39,19.17,20.49,18315,-31.26,-42.0,0.011
2024-04-07T21:41:25.000,20.19,0.17,3.39,19.16,20.49,18316,-31.41,-43.0,0.011
2024-04-07T21:42:25.000,20.23,1.95,3.92,19.01,20.49,18317,-31.55,-43.0,0.011
2024-04-07T21:43:25.000,20.23,3.48,8.13,18.25,20.49,18318,-31.69,-43.0,0.011
2024-04-07T21:44:25.000,20.15,3.53,11.0,17.89,20.49,18319,-31.83,-43.0,0.011
2024-04-07T21:45:25.000,20.07,2.45,5.54,18.66,20.49,18320,-31.96,-43.0,0.011
2024-04-07T21:46:25.000,20.05,1.05,3.51,19.13,20.49,18321,-32.1,-43.0,0.011
2024-04-07T21:47:25.000,20.04,0.31,3.29,19.2,20.49,18322,-32.24,-43.0,0.011
2024-04-07T21:48:25.000,20.02,0.37,3.26,19.21,20.49,18323,-32.38,-43.0,0.011
2024-04-07T21:49:25.000,19.94,0.69,3.72,19.07,20.49,18324,-32.51,-43.0,0.011
2024-04-07T21:50:25.000,19.9,0.47,5.25,18.69,20.49,18325,-32.65,-44.0,0.011
2024-04-07T21:51:25.000,19.85,-0.33,5.04,18.74,20.49,18326,-32.79,-44.0,0.011
2024-04-07T21:52:25.000,19.78,-1.21,3.52,19.13,20.49,18327,-32.92,-44.0,0.011
2024-04-07T21:53:25.000,19.76,-1.33,3.16,19.24,20.49,18328,-33.05,-44.0,0.011
2024-04-07T21:54:25.000,19.81,-0.53,3.25,19.21,20.49,18329,-33.19,-44.0,0.011
2024-04-07T21:55:25.000,19.86,0.91,3.86,19.03,20.49,18330,-33.32,-44.0,0.011
2024-04-07T21:56:25.000,19.81,1.95,6.22,18.51,20.49,18331,-33.45,-44.0,0.011
2024-04-07T21:57:26.000,19.79,1.95,7.85,18.25,20.49,18332,-33.59,-44.0,0.011
2024-04-07T21:58:26.000,19.76,1.03,5.91,18.57,20.49,18333,-33.72,-44.0,0.011
2024-04-07T21:59:26.000,19.69,0.16,3.74,19.06,20.49,18334,-33.85,-44.0,0.011
2024-04-07T22:00:26.000,19.66,0.69,3.18,19.24,20.49,18335,-33.98,-45.0,0.011
2024-04-07T22:01:26.000,19.77,2.42,6.22,18.56,20.49,18336,-34.11,-45.0,0.011
2024-04-07T22:02:26.000,19.78,3.56,12.34,17.77,20.49,18337,-34.24,-45.0,0.011
2024-04-07T22:03:26.000,19.72,3.56,9.6,18.04,20.49,18338,-34.36,-45.0,0.011
2024-04-07T22:04:26.000,19.66,2.45,7.68,18.28,20.49,18339,-34.49,-45.0,0.011
2024-04-07T22:05:26.000,19.62,0.41,4.43,18.9,20.49,18340,-34.62,-45.0,0.011
2024-04-07T22:06:26.000,19.58,-1.6,2.48,19.51,20.49,18341,-34.74,-45.0,0.011
2024-04-07T22:07:26.000,19.52,-2.61,2.31,19.58,20.49,18342,-34.87,-45.0,0.011
2024-04-07T22:08:26.000,19.54,-2.92,2.29,19.59,20.49,18343,-34.99,-45.0,0.011
2024-04-07T22:09:26.000,19.52,-3.01,2.33,19.57,20.49,18344,-35.12,-45.0,0.011
2024-04-07T22:10:26.000,19.45,-3.14,2.34,19.57,20.49,18345,-35.24,-45.0,0.011
2024-04-07T22:11:26.000,19.4,-3.32,2.28,19.6,20.49,18346,-35.36,-46.0,0.011
2024-04-07T22:12:26.000,19.35,-3.38,2.26,19.61,20.49,18347,-35.49,-46.0,0.011
2024-04-07T22:13:27.000,19.34,-3.43,2.27,19.6,20.49,18348,-35.61,-46.0,0.011
2024-04-07T22:14:27.000,19.28,-3.45,2.27,19.6,20.49,18349,-35.73,-46.0,0.011
2024-04-07T22:15:27.000,19.24,-3.52,2.24,19.61,20.49,18350,-35.85,-46.0,0.011
2024-04-07T22:16:27.000,19.21,-3.48,2.26,19.61,20.49,18351,-35.97,-46.0,0.011
2024-04-07T22:17:27.000,19.22,-3.33,2.32,19.58,20.49,18352,-36.09,-46.0,0.011
2024-04-07T22:18:27.000,19.2,-3.1,2.41,19.54,20.49,18353,-36.2,-46.0,0.011
2024-04-07T22:19:27.000,19.15,-2.8,2.35,19.56,20.49,18354,-36.32,-46.0,0.011
2024-04-07T22:20:27.000,19.11,-2.44,2.63,19.44,20.49,18355,-36.44,-46.0,0.011
2024-04-07T22:21:27.000,19.14,-2.16,2.52,19.49,20.49,18356,-36.55,-46.0,0.011
2024-04-07T22:22:27.000,19.14,-1.74,2.46,19.51,20.49,18357,-36.67,-46.0,0.01
2024-04-07T22:23:27.000,19.13,-1.3,2.72,19.41,20.49,18358,-36.78,-47.0,0.01
2024-04-07T22:24:27.000,19.09,-0.81,3.43,19.15,20.49,18359,-36.89,-47.0,0.01
2024-04-07T22:25:27.000,19.03,-0.49,3.03,19.29,20.49,18360,-37.0,-47.0,0.01
2024-04-07T22:26:27.000,19.04,-0.5,2.72,19.4,20.49,18361,-37.12,-47.0,0.01
2024-04-07T22:27:28.000,18.97,-0.78,2.58,19.46,20.49,18362,-37.23,-47.0,0.01
2024-04-07T22:28:28.000,18.97,-1.08,2.53,19.48,20.49,18363,-37.34,-47.0,0.01
2024-04-07T22:29:28.000,18.99,-1.24,2.61,19.45,20.49,18364,-37.45,-47.0,0.01
2024-04-07T22:30:28.000,18.92,-1.28,2.7,19.41,20.49,18365,-37.56,-47.0,0.01
2024-04-07T22:31:28.000,18.89,-1.63,2.6,19.45,20.49,18366,-37.66,-47.0,0.01
2024-04-07T22:32:28.000,18.79,-2.2,2.53,19.48,20.49,18367,-37.77,-47.0,0.01
2024-04-07T22:33:28.000,18.79,-2.72,2.49,19.5,20.49,18368,-37.88,-47.0,0.01
2024-04-07T22:34:28.000,18.87,-3.01,2.3,19.58,20.49,18369,-37.98,-47.0,0.01
2024-04-07T22:35:28.000,18.94,-2.91,2.31,19.58,20.49,18370,-38.09,-47.0,0.01
2024-04-07T22:36:28.000,18.96,-2.6,2.35,19.56,20.49,18371,-38.19,-47.0,0.01
2024-04-07T22:37:28.000,19.0,-2.07,2.45,19.52,20.49,18372,-38.29,-47.0,0.01
2024-04-07T22:38:28.000,18.98,-1.47,2.57,19.47,20.49,18373,-38.39,-48.0,0.01
2024-04-07T22:39:28.000,18.99,-0.91,2.71,19.41,20.49,18374,-38.5,-48.0,0.01
2024-04-07T22:40:28.000,18.92,-0.56,2.71,19.41,20.49,18375,-38.6,-48.0,0.01
2024-04-07T22:41:28.000,18.83,-0.36,2.66,19.43,20.49,18376,-38.7,-48.0,0.01
2024-04-07T22:42:29.000,18.79,-0.19,2.72,19.4,20.49,18377,-38.8,-48.0,0.01
2024-04-07T22:43:29.000,18.77,0.04,2.8,19.37,20.49,18378,-38.89,-48.0,0.01
2024-04-07T22:44:29.000,18.74,0.4,2.9,19.33,20.49,18379,-38.99,-48.0,0.01
2024-04-07T22:45:29.000,18.69,0.88,3.22,19.22,20.49,18380,-39.09,-48.0,0.01
2024-04-07T22:46:36.000,18.69,1.46,3.54,19.12,20.49,18381,-39.19,-48.0,0.01
2024-04-07T22:47:35.000,18.71,2.07,3.56,19.11,20.49,18382,-39.28,-48.0,0.01
2024-04-07T22:48:35.000,18.69,2.51,3.33,19.18,20.49,18383,-39.38,-48.0,0.01
2024-04-07T22:49:35.000,18.67,2.63,3.18,19.23,20.49,18384,-39.47,-48.0,0.01
2024-04-07T22:50:35.000,18.71,2.53,3.15,19.24,20.49,18385,-39.56,-48.0,0.01
2024-04-07T22:51:35.000,18.66,2.3,3.13,19.25,20.49,18386,-39.65,-48.0,0.01
2024-04-07T22:52:35.000,18.69,1.91,3.07,19.27,20.49,18387,-39.74,-48.0,0.01
2024-04-07T22:53:35.000,18.68,1.44,2.95,19.32,20.49,18388,-39.83,-48.0,0.01
2024-04-07T22:54:35.000,18.67,0.99,2.75,19.39,20.49,18389,-39.92,-48.0,0.01
2024-04-07T22:55:35.000,18.56,0.49,2.61,19.45,20.49,18390,-40.0,-48.0,0.01
2024-04-07T22:56:36.000,18.57,-0.02,2.61,19.45,20.49,18391,-40.09,-48.0,0.01
2024-04-07T22:57:36.000,18.58,-0.6,2.58,19.46,20.49,18392,-40.18,-49.0,0.01
2024-04-07T22:58:36.000,18.57,-1.18,2.51,19.49,20.49,18393,-40.26,-49.0,0.01
2024-04-07T22:59:36.000,18.6,-1.74,2.44,19.52,20.49,18394,-40.34,-49.0,0.01
2024-04-07T23:00:36.000,18.67,-2.16,2.37,19.55,20.49,18395,-40.43,-49.0,0.01
2024-04-07T23:01:36.000,18.68,-2.45,2.32,19.58,20.49,18396,-40.51,-49.0,0.01
2024-04-07T23:02:36.000,18.59,-2.6,2.33,19.57,20.49,18397,-40.59,-49.0,0.01
2024-04-07T23:03:36.000,18.59,-2.59,2.32,19.58,20.49,18398,-40.67,-49.0,0.01
2024-04-07T23:04:36.000,18.56,-2.48,2.3,19.59,20.49,18399,-40.75,-49.0,0.01
2024-04-07T23:05:36.000,18.53,-2.17,2.36,19.56,20.49,18400,-40.82,-49.0,0.01
2024-04-07T23:06:36.000,18.46,-1.8,2.38,19.55,20.49,18401,-40.9,-49.0,0.01
2024-04-07T23:07:36.000,18.47,-1.37,2.49,19.5,20.49,18402,-40.98,-49.0,0.01
2024-04-07T23:08:36.000,18.43,-0.89,2.54,19.48,20.49,18403,-41.05,-49.0,0.01
2024-04-07T23:09:36.000,18.46,-0.45,2.61,19.45,20.49,18404,-41.12,-49.0,0.01
2024-04-07T23:10:36.000,18.42,-0.33,2.64,19.44,20.49,18405,-41.2,-49.0,0.01
2024-04-07T23:11:36.000,18.34,-0.57,2.53,19.48,20.49,18406,-41.27,-49.0,0.01
2024-04-07T23:12:37.000,18.29,-0.98,2.46,19.51,20.49,18407,-41.34,-49.0,0.01
2024-04-07T23:13:37.000,18.27,-1.42,2.43,19.53,20.49,18408,-41.41,-49.0,0.01
2024-04-07T23:14:37.000,18.21,-1.81,2.42,19.53,20.49,18409,-41.48,-49.0,0.01
2024-04-07T23:15:37.000,18.17,-2.18,2.4,19.54,20.49,18410,-41.55,-49.0,0.01
2024-04-07T23:16:37.000,18.26,-2.54,2.37,19.56,20.49,18411,-41.61,-49.0,0.01
2024-04-07T23:17:37.000,18.16,-2.95,2.31,19.58,20.49,18412,-41.68,-49.0,0.01
2024-04-07T23:18:37.000,18.18,-3.29,2.28,19.59,20.49,18413,-41.74,-49.0,0.01
2024-04-07T23:19:37.000,18.11,-3.53,2.31,19.58,20.49,18414,-41.81,-49.0,0.01
2024-04-07T23:20:37.000,18.06,-3.69,2.34,19.57,20.49,18415,-41.87,-49.0,0.009
2024-04-07T23:21:44.000,18.09,-3.74,2.34,19.57,20.49,18416,-41.94,-49.0,0.009
2024-04-07T23:22:44.000,18.06,-3.67,2.39,19.54,20.49,18417,-42.0,-49.0,0.009
2024-04-07T23:23:44.000,18.12,-3.52,2.44,19.52,20.49,18418,-42.06,-49.0,0.009
2024-04-07T23:24:44.000,18.14,-3.4,2.43,19.53,20.49,18419,-42.11,-49.0,0.009
2024-04-07T23:25:44.000,18.13,-3.42,2.42,19.53,20.49,18420,-42.17,-49.0,0.009
2024-04-07T23:26:44.000,18.13,-3.42,2.41,19.54,20.49,18421,-42.23,-49.0,0.009
2024-04-07T23:27:44.000,18.06,-3.37,2.34,19.57,20.49,18422,-42.28,-49.0,0.009
2024-04-07T23:28:44.000,18.09,-3.07,2.38,19.55,20.49,18423,-42.34,-49.0,0.009
2024-04-07T23:29:44.000,18.1,-2.53,2.44,19.52,20.49,18424,-42.39,-49.0,0.009
2024-04-07T23:30:44.000,18.1,-1.79,2.57,19.46,20.49,18425,-42.44,-49.0,0.009
2024-04-07T23:31:44.000,18.08,-0.8,2.64,19.43,20.49,18426,-42.49,-49.0,0.009
2024-04-07T23:32:44.000,18.12,0.22,2.92,19.33,20.49,18427,-42.54,-49.0,0.009
2024-04-07T23:33:44.000,18.08,1.11,3.2,19.23,20.49,18428,-42.59,-49.0,0.009
2024-04-07T23:34:44.000,18.12,1.43,3.23,19.22,20.49,18429,-42.64,-49.0,0.009
2024-04-07T23:35:44.000,18.14,1.15,3.07,19.27,20.49,18430,-42.68,-49.0,0.009
2024-04-07T23:36:44.000,18.12,0.73,2.94,19.32,20.49,18431,-42.73,-49.0,0.009
2024-04-07T23:37:44.000,18.11,0.23,2.82,19.37,20.49,18432,-42.77,-49.0,0.009
2024-04-07T23:38:44.000,18.1,-0.23,2.52,19.49,20.49,18433,-42.82,-49.0,0.009
2024-04-07T23:39:45.000,18.06,-0.78,2.5,19.49,20.49,18434,-42.86,-49.0,0.009
2024-04-07T23:40:45.000,17.94,-1.3,2.43,19.53,20.49,18435,-42.9,-49.0,0.009
2024-04-07T23:41:45.000,17.96,-1.69,2.37,19.55,20.49,18436,-42.94,-49.0,0.009
2024-04-07T23:42:45.000,17.91,-2.01,2.34,19.57,20.49,18437,-42.98,-49.0,0.009
2024-04-07T23:43:45.000,17.87,-2.3,2.34,19.56,20.49,18438,-43.02,-49.0,0.009
2024-04-07T23:44:45.000,17.8,-2.65,2.33,19.57,20.49,18439,-43.05,-49.0,0.009
2024-04-07T23:45:45.000,17.81,-3.04,2.23,19.62,20.49,18440,-43.09,-49.0,0.009
2024-04-07T23:46:45.000,17.84,-3.43,2.17,19.65,20.49,18441,-43.12,-49.0,0.009
2024-04-07T23:47:45.000,17.83,-3.65,2.13,19.67,20.49,18442,-43.16,-49.0,0.009
2024-04-07T23:48:45.000,17.83,-3.57,2.15,19.66,20.49,18443,-43.19,-49.0,0.009
2024-04-07T23:49:45.000,17.72,-3.25,2.23,19.62,20.49,18444,-43.22,-49.0,0.009
2024-04-07T23:50:45.000,17.6,-2.98,2.28,19.59,20.49,18445,-43.25,-49.0,0.009
2024-04-07T23:51:45.000,17.58,-2.78,2.28,19.59,20.49,18446,-43.28,-49.0,0.009
2024-04-07T23:52:45.000,17.53,-2.65,2.26,19.61,20.49,18447,-43.3,-49.0,0.009
2024-04-07T23:53:45.000,17.44,-2.54,2.23,19.62,20.49,18448,-43.33,-49.0,0.009
2024-04-07T23:54:45.000,17.35,-2.67,2.25,19.61,20.49,18449,-43.35,-49.0,0.009
2024-04-07T23:55:46.000,17.31,-3.02,2.24,19.61,20.49,18450,-43.38,-49.0,0.009
2024-04-07T23:56:46.000,17.35,-3.45,2.1,19.68,20.49,18451,-43.4,-49.0,0.009
2024-04-07T23:57:46.000,17.32,-3.8,2.02,19.72,20.49,18452,-43.42,-49.0,0.009
2024-04-07T23:58:46.000,17.29,-4.18,2.04,19.72,20.49,18453,-43.44,-49.0,0.009
2024-04-07T23:59:46.000,17.26,-4.36,2.04,19.72,20.49,18454,-43.46,-49.0,0.009
2024-04-08T00:00:46.000,17.28,-4.19,2.02,19.72,20.49,18455,-43.48,-49.0,0.009
2024-04-08T00:01:46.000,17.33,-3.71,2.04,19.72,20.49,18456,-43.5,-49.0,0.009
2024-04-08T00:02:46.000,17.35,-3.18,2.09,19.69,20.49,18457,-43.52,-49.0,0.009
2024-04-08T00:03:46.000,17.36,-2.8,2.08,19.69,20.49,18458,-43.53,-49.0,0.009
2024-04-08T00:04:46.000,17.37,-2.75,2.0,19.74,20.49,18459,-43.54,-49.0,0.009
2024-04-08T00:05:46.000,17.37,-2.98,1.94,19.77,20.49,18460,-43.56,-49.0,0.009
2024-04-08T00:06:46.000,17.38,-3.44,1.85,19.82,20.49,18461,-43.57,-49.0,0.009
2024-04-08T00:07:46.000,17.36,-3.82,1.77,19.87,20.49,18462,-43.58,-49.0,0.009
2024-04-08T00:08:46.000,17.36,-3.76,1.73,19.89,20.49,18463,-43.59,-48.0,0.009
