ecsv/stars272/stars272_2025-04.ecsv
# %ECSV 1.0
# ---
# datatype:
# - {name: time, datatype: string}
# - {name: Enclosure Temperature, unit: deg_C, datatype: float64}
# - {name: Sky Temperature, unit: deg_C, datatype: float64}
# - {name: Frequency, unit: Hz, datatype: float64}
# - {name: MSAS, unit: mag / arcsec2, datatype: float64}
# - {name: ZP, datatype: float64}
# - {name: Sequence Number, datatype: int64}
# - {name: Sun Alt, unit: deg, datatype: float64}
# - {name: Moon Alt, unit: deg, datatype: float64}
# - {name: Moon Illumination, datatype: float64}
# delimiter: ','
# meta: !!omap
# - ida:
#     Data supplier: {affiliation: "Asociaci\xF3n Daimiele\xF1a de Astronom\xEDa", observer: "Asociaci\xF3n Daimiele\xF1a de Astronom\xED\
#         a"}
#     Device type: TESS-W
#     Field of view: 17.0
#     Filters per channel: None
#     Instrument ID: stars272
#     License: ODbL 1.0 http://opendatacommons.org/licenses/odbl/summary/
#     Local timezone: Europe/Madrid
#     Location name: {country: Spain, place: "Asociaci\xF3n Daimiele\xF1a de Astronom\xEDa", region: null, sub_region: null, town: Daimiel}
#     Measurement direction per channel: {azimuth: 0.0, zenital: 0.0}
#     Moving / Fixed look direction: FIXED
#     Moving / Stationary position: STATIONARY
#     Number of channels: 1
#     Number of fields per line: 8
#     Number of header lines: 35
#     Position: {height: 623.0, latitude: 39.0728, longitude: -3.6092}
#     TESS MAC address: 60:01:94:73:5B:68
#     TESS cover offset value: 0.0
#     TESS firmware version: '1.0'
#     TESS zero point: 20.49
#     Time Synchronization: timestamp added by MQTT subscriber
#     URL: http://www.darksky.org/NSBM/sdf1.0.pdf
# - __serialized_columns__:
#     Enclosure Temperature:
#       __class__: astropy.units.quantity.Quantity
#       unit: &id001 !astropy.units.Unit {unit: deg_C}
#       value: !astropy.table.SerializedColumn {name: Enclosure Temperature}
#     Frequency:
#       __class__: astropy.units.quantity.Quantity
#       unit: !astropy.units.Unit {unit: Hz}
#       value: !astropy.table.SerializedColumn {name: Frequency}
#     MSAS:
#       __class__: astropy.units.quantity.Quantity
#       unit: !astropy.units.Unit {unit: mag / arcsec2}
#       value: !astropy.table.SerializedColumn {name: MSAS}
#     Moon Alt:
#       __class__: astropy.units.quantity.Quantity
#       unit: &id002 !astropy.units.Unit {unit: deg}
#       value: !astropy.table.SerializedColumn {name: Moon Alt}
#     Sky Temperature:
#       __class__: astropy.units.quantity.Quantity
#       unit: *id001
#       value: !astropy.table.SerializedColumn {name: Sky Temperature}
#     Sun Alt:
#       __class__: astropy.units.quantity.Quantity
#       unit: *id002
#       value: !astropy.table.SerializedColumn {name: Sun Alt}
#     time:
#       __class__: astropy.time.core.Time
#       format: isot
#       in_subfmt: '*'
#       out_subfmt: '*'
#       precision: 3
#       scale: utc
#       value: !astropy.table.SerializedColumn {name: time}
# schema: astropy-2.0
time,Enclosure Temperature,Sky Temperature,Frequency,MSAS,ZP,Sequence Number,Sun Alt,Moon Alt,Moon Illumination
[from data line 11886]
2025-04-17T20:13:45.000,15.63,-10.7,1.75,19.88,20.49,25476,-15.26,-36.0,0.802
2025-04-17T20:14:45.000,15.59,-10.72,1.75,19.88,20.49,25477,-15.43,-35.0,0.802
2025-04-17T20:15:45.000,15.63,-10.74,1.74,19.89,20.49,25478,-15.6,-35.0,0.802
2025-04-17T20:16:45.000,15.61,-10.79,1.73,19.9,20.49,25479,-15.77,-35.0,0.802
2025-04-17T20:17:45.000,15.54,-10.79,1.72,19.9,20.49,25480,-15.94,-35.0,0.802
2025-04-17T20:18:45.000,15.51,-10.81,1.71,19.91,20.49,25481,-16.11,-35.0,0.802
2025-04-17T20:19:45.000,15.51,-10.82,1.71,19.91,20.49,25482,-16.28,-35.0,0.802
2025-04-17T20:20:45.000,15.42,-10.86,1.71,19.91,20.49,25483,-16.45,-34.0,0.802
2025-04-17T20:21:45.000,15.4,-10.9,1.7,19.91,20.49,25484,-16.62,-34.0,0.802
2025-04-17T20:22:46.000,15.46,-10.86,1.7,19.92,20.49,25485,-16.79,-34.0,0.801
2025-04-17T20:23:46.000,15.46,-10.89,1.69,19.92,20.49,25486,-16.96,-34.0,0.801
2025-04-17T20:24:46.000,15.43,-10.91,1.69,19.92,20.49,25487,-17.12,-34.0,0.801
2025-04-17T20:25:46.000,15.45,-10.98,1.69,19.92,20.49,25488,-17.29,-33.0,0.801
2025-04-17T20:26:46.000,15.44,-10.97,1.68,19.93,20.49,25489,-17.46,-33.0,0.801
2025-04-17T20:27:46.000,15.35,-10.98,1.68,19.93,20.49,25490,-17.63,-33.0,0.801
2025-04-17T20:28:46.000,15.25,-10.99,1.68,19.92,20.49,25491,-17.79,-33.0,0.801
2025-04-17T20:29:46.000,15.2,-10.99,1.68,19.92,20.49,25492,-17.96,-33.0,0.801
2025-04-17T20:30:46.000,15.16,-11.03,1.68,19.93,20.49,25493,-18.12,-33.0,0.801
2025-04-17T20:31:46.000,15.07,-11.02,1.67,19.93,20.49,25494,-18.29,-32.0,0.801
2025-04-17T20:32:46.000,15.06,-11.03,1.68,19.93,20.49,25495,-18.46,-32.0,0.801
2025-04-17T20:33:46.000,14.98,-11.0,1.68,19.93,20.49,25496,-18.62,-32.0,0.801
2025-04-17T20:34:46.000,14.94,-10.92,1.68,19.93,20.49,25497,-18.78,-32.0,0.801
2025-04-17T20:35:46.000,14.89,-10.89,1.67,19.93,20.49,25498,-18.95,-32.0,0.801
2025-04-17T20:36:46.000,14.81,-10.91,1.68,19.93,20.49,25499,-19.11,-31.0,0.801
2025-04-17T20:37:46.000,14.77,-10.89,1.68,19.93,20.49,25500,-19.28,-31.0,0.801
2025-04-17T20:38:47.000,14.79,-10.88,1.68,19.92,20.49,25501,-19.44,-31.0,0.801
2025-04-17T20:39:47.000,14.76,-10.9,1.69,19.92,20.49,25502,-19.6,-31.0,0.801
2025-04-17T20:40:47.000,14.74,-10.95,1.69,19.92,20.49,25503,-19.77,-31.0,0.801
2025-04-17T20:41:47.000,14.72,-10.88,1.7,19.92,20.49,25504,-19.93,-31.0,0.8
2025-04-17T20:42:47.000,14.69,-10.74,1.71,19.91,20.49,25505,-20.09,-30.0,0.8
2025-04-17T20:43:47.000,14.65,-10.55,1.73,19.89,20.49,25506,-20.25,-30.0,0.8
2025-04-17T20:44:47.000,14.6,-10.52,1.81,19.85,20.49,25507,-20.41,-30.0,0.8
2025-04-17T20:45:47.000,14.62,-10.55,1.85,19.82,20.49,25508,-20.57,-30.0,0.8
2025-04-17T20:46:47.000,14.58,-10.38,1.98,19.75,20.49,25509,-20.73,-30.0,0.8
2025-04-17T20:47:47.000,14.6,-10.3,2.23,19.62,20.49,25510,-20.89,-30.0,0.8
2025-04-17T20:48:47.000,14.63,-10.51,2.13,19.67,20.49,25511,-21.05,-29.0,0.8
2025-04-17T20:49:47.000,14.59,-10.63,2.07,19.7,20.49,25512,-21.21,-29.0,0.8
2025-04-17T20:50:47.000,14.56,-10.46,2.31,19.58,20.49,25513,-21.37,-29.0,0.8
2025-04-17T20:51:47.000,14.51,-10.48,2.45,19.52,20.49,25514,-21.53,-29.0,0.8
2025-04-17T20:52:47.000,14.51,-10.76,2.19,19.64,20.49,25515,-21.69,-29.0,0.8
2025-04-17T20:53:47.000,14.54,-10.82,1.92,19.78,20.49,25516,-21.84,-28.0,0.8
2025-04-17T20:54:48.000,14.52,-10.6,1.94,19.77,20.49,25517,-22.0,-28.0,0.8
2025-04-17T20:55:48.000,14.57,-10.58,2.26,19.61,20.49,25518,-22.16,-28.0,0.8
2025-04-17T20:56:48.000,14.6,-10.83,2.03,19.72,20.49,25519,-22.32,-28.0,0.8
2025-04-17T20:57:48.000,14.58,-11.0,1.82,19.84,20.49,25520,-22.47,-28.0,0.8
2025-04-17T20:58:48.000,14.49,-11.14,1.68,19.92,20.49,25521,-22.63,-28.0,0.8
2025-04-17T20:59:48.000,14.48,-11.21,1.67,19.93,20.49,25522,-22.78,-27.0,0.799
2025-04-17T21:00:48.000,14.51,-11.25,1.66,19.94,20.49,25523,-22.94,-27.0,0.799
2025-04-17T21:01:48.000,14.53,-11.11,1.66,19.94,20.49,25524,-23.09,-27.0,0.799
2025-04-17T21:02:48.000,14.54,-11.0,1.72,19.9,20.49,25525,-23.24,-27.0,0.799
2025-04-17T21:03:48.000,14.48,-10.93,1.73,19.89,20.49,25526,-23.4,-27.0,0.799
2025-04-17T21:04:48.000,14.51,-10.94,1.67,19.93,20.49,25527,-23.55,-26.0,0.799
2025-04-17T21:05:48.000,14.51,-10.96,1.66,19.94,20.49,25528,-23.7,-26.0,0.799
2025-04-17T21:06:48.000,14.52,-10.77,1.69,19.92,20.49,25529,-23.85,-26.0,0.799
2025-04-17T21:07:48.000,14.51,-10.63,1.71,19.91,20.49,25530,-24.01,-26.0,0.799
2025-04-17T21:08:48.000,14.49,-10.6,1.91,19.79,20.49,25531,-24.16,-26.0,0.799
2025-04-17T21:09:48.000,14.42,-10.56,2.2,19.63,20.49,25532,-24.31,-26.0,0.799
2025-04-17T21:10:49.000,14.41,-10.42,1.99,19.75,20.49,25533,-24.46,-25.0,0.799
2025-04-17T21:11:49.000,14.39,-10.29,1.98,19.75,20.49,25534,-24.61,-25.0,0.799
2025-04-17T21:12:49.000,14.36,-10.21,2.14,19.67,20.49,25535,-24.76,-25.0,0.799
2025-04-17T21:13:49.000,14.34,-10.45,2.09,19.69,20.49,25536,-24.91,-25.0,0.799
2025-04-17T21:14:49.000,14.33,-10.53,1.97,19.76,20.49,25537,-25.06,-25.0,0.799
2025-04-17T21:15:49.000,14.26,-10.6,1.99,19.75,20.49,25538,-25.2,-25.0,0.799
2025-04-17T21:16:49.000,14.23,-10.81,1.99,19.74,20.49,25539,-25.35,-24.0,0.799
2025-04-17T21:17:49.000,14.19,-11.09,1.77,19.87,20.49,25540,-25.5,-24.0,0.799
2025-04-17T21:18:49.000,14.18,-11.25,1.7,19.91,20.49,25541,-25.64,-24.0,0.798
2025-04-17T21:19:49.000,14.16,-11.35,1.68,19.93,20.49,25542,-25.79,-24.0,0.798
2025-04-17T21:20:49.000,14.18,-11.33,1.66,19.94,20.49,25543,-25.94,-24.0,0.798
2025-04-17T21:21:49.000,14.18,-11.33,1.67,19.94,20.49,25544,-26.08,-23.0,0.798
2025-04-17T21:22:49.000,14.14,-11.33,1.72,19.9,20.49,25545,-26.22,-23.0,0.798
2025-04-17T21:23:49.000,14.15,-11.39,1.68,19.92,20.49,25546,-26.37,-23.0,0.798
2025-04-17T21:24:49.000,14.11,-11.4,1.66,19.94,20.49,25547,-26.51,-23.0,0.798
2025-04-17T21:25:50.000,14.08,-11.41,1.64,19.95,20.49,25548,-26.66,-23.0,0.798
2025-04-17T21:26:50.000,14.09,-11.38,1.62,19.97,20.49,25549,-26.8,-23.0,0.798
2025-04-17T21:27:50.000,14.1,-11.23,1.7,19.91,20.49,25550,-26.94,-22.0,0.798
2025-04-17T21:28:50.000,14.11,-11.03,1.72,19.9,20.49,25551,-27.08,-22.0,0.798
2025-04-17T21:29:50.000,14.06,-11.08,1.78,19.87,20.49,25552,-27.22,-22.0,0.798
2025-04-17T21:30:50.000,14.03,-11.04,1.74,19.89,20.49,25553,-27.36,-22.0,0.798
2025-04-17T21:31:50.000,14.07,-10.93,1.84,19.83,20.49,25554,-27.5,-22.0,0.798
2025-04-17T21:32:50.000,14.04,-10.6,2.08,19.69,20.49,25555,-27.64,-22.0,0.798
2025-04-17T21:33:50.000,14.05,-10.52,1.82,19.84,20.49,25556,-27.78,-21.0,0.798
2025-04-17T21:34:50.000,14.1,-10.75,1.84,19.83,20.49,25557,-27.92,-21.0,0.798
2025-04-17T21:35:50.000,14.15,-10.92,1.73,19.89,20.49,25558,-28.06,-21.0,0.798
2025-04-17T21:36:50.000,14.14,-10.95,1.67,19.94,20.49,25559,-28.19,-21.0,0.797
2025-04-17T21:37:50.000,14.16,-10.82,1.64,19.95,20.49,25560,-28.33,-21.0,0.797
2025-04-17T21:38:50.000,14.15,-10.35,1.86,19.82,20.49,25561,-28.47,-20.0,0.797
2025-04-17T21:39:50.000,14.16,-9.54,2.27,19.6,20.49,25562,-28.6,-20.0,0.797
2025-04-17T21:40:50.000,14.11,-8.99,2.7,19.41,20.49,25563,-28.74,-20.0,0.797
2025-04-17T21:41:51.000,14.15,-9.09,2.73,19.4,20.49,25564,-28.87,-20.0,0.797
2025-04-17T21:42:51.000,14.13,-9.49,2.29,19.59,20.49,25565,-29.01,-20.0,0.797
2025-04-17T21:43:51.000,14.13,-9.52,1.84,19.83,20.49,25566,-29.14,-20.0,0.797
2025-04-17T21:44:51.000,14.15,-9.0,1.98,19.75,20.49,25567,-29.27,-19.0,0.797
2025-04-17T21:45:51.000,14.16,-8.27,2.54,19.48,20.49,25568,-29.4,-19.0,0.797
2025-04-17T21:46:51.000,14.17,-7.68,2.99,19.3,20.49,25569,-29.53,-19.0,0.797
2025-04-17T21:47:51.000,14.16,-7.16,3.13,19.25,20.49,25570,-29.66,-19.0,0.797
2025-04-17T21:48:51.000,14.19,-7.03,3.0,19.3,20.49,25571,-29.79,-19.0,0.797
2025-04-17T21:49:51.000,14.16,-7.17,2.89,19.34,20.49,25572,-29.92,-19.0,0.797
2025-04-17T21:50:51.000,14.2,-7.44,2.82,19.37,20.49,25573,-30.05,-18.0,0.797
2025-04-17T21:51:51.000,14.2,-7.49,2.68,19.42,20.49,25574,-30.18,-18.0,0.797
2025-04-17T21:54:04.000,14.18,-6.2,3.98,18.99,20.49,25576,-30.46,-18.0,0.797
2025-04-17T21:55:04.000,14.18,-5.36,4.58,18.84,20.49,25577,-30.59,-18.0,0.796
2025-04-17T21:56:04.000,14.23,-4.54,5.5,18.64,20.49,25578,-30.71,-18.0,0.796
2025-04-17T21:57:04.000,14.17,-3.85,6.18,18.51,20.49,25579,-30.84,-17.0,0.796
2025-04-17T21:58:04.000,14.19,-3.45,6.55,18.45,20.49,25580,-30.96,-17.0,0.796
2025-04-17T21:59:04.000,14.18,-3.11,6.8,18.41,20.49,25581,-31.09,-17.0,0.796
2025-04-17T22:00:04.000,14.22,-2.29,7.8,18.26,20.49,25582,-31.21,-17.0,0.796
2025-04-17T22:01:04.000,14.22,-1.49,8.04,18.23,20.49,25583,-31.33,-17.0,0.796
2025-04-17T22:02:04.000,14.19,-1.07,7.21,18.35,20.49,25584,-31.45,-17.0,0.796
2025-04-17T22:03:04.000,14.18,-1.0,6.69,18.43,20.49,25585,-31.57,-16.0,0.796
2025-04-17T22:04:04.000,14.22,-1.15,6.16,18.52,20.49,25586,-31.7,-16.0,0.796
2025-04-17T22:05:05.000,14.26,-1.24,6.26,18.5,20.49,25587,-31.82,-16.0,0.796
2025-04-17T22:06:05.000,14.24,-1.44,6.36,18.48,20.49,25588,-31.94,-16.0,0.796
2025-04-17T22:07:05.000,14.21,-1.88,5.91,18.56,20.49,25589,-32.05,-16.0,0.796
2025-04-17T22:08:05.000,14.2,-2.15,5.51,18.64,20.49,25590,-32.17,-15.0,0.796
2025-04-17T22:09:05.000,14.28,-2.05,5.62,18.62,20.49,25591,-32.29,-15.0,0.796
2025-04-17T22:10:05.000,14.25,-1.78,5.45,18.65,20.49,25592,-32.4,-15.0,0.796
2025-04-17T22:11:05.000,14.23,-1.69,5.4,18.66,20.49,25593,-32.52,-15.0,0.796
2025-04-17T22:12:05.000,14.29,-1.88,5.36,18.67,20.49,25594,-32.64,-15.0,0.796
2025-04-17T22:13:05.000,14.33,-2.43,4.84,18.78,20.49,25595,-32.75,-15.0,0.796
2025-04-17T22:14:05.000,14.29,-2.93,4.93,18.76,20.49,25596,-32.86,-14.0,0.795
2025-04-17T22:15:05.000,14.29,-3.41,4.91,18.76,20.49,25597,-32.98,-14.0,0.795
2025-04-17T22:16:05.000,14.25,-3.93,4.57,18.84,20.49,25598,-33.09,-14.0,0.795
2025-04-17T22:17:05.000,14.24,-4.65,3.42,19.16,20.49,25599,-33.2,-14.0,0.795
2025-04-17T22:18:05.000,14.24,-5.18,3.42,19.15,20.49,25600,-33.31,-14.0,0.795
2025-04-17T22:19:05.000,14.23,-5.15,3.64,19.09,20.49,25601,-33.42,-14.0,0.795
2025-04-17T22:20:05.000,14.15,-4.65,4.06,18.97,20.49,25602,-33.53,-13.0,0.795
2025-04-17T22:21:06.000,14.11,-3.89,4.15,18.95,20.49,25603,-33.64,-13.0,0.795
2025-04-17T22:22:06.000,14.06,-3.2,4.66,18.82,20.49,25604,-33.75,-13.0,0.795
2025-04-17T22:23:06.000,14.06,-2.7,4.95,18.75,20.49,25605,-33.85,-13.0,0.795
2025-04-17T22:24:06.000,14.01,-2.24,4.89,18.77,20.49,25606,-33.96,-13.0,0.795
2025-04-17T22:25:06.000,13.99,-1.55,6.44,18.47,20.49,25607,-34.06,-13.0,0.795
2025-04-17T22:26:06.000,13.94,-1.05,6.82,18.41,20.49,25608,-34.17,-12.0,0.795
2025-04-17T22:27:06.000,13.94,-0.98,6.88,18.4,20.49,25609,-34.27,-12.0,0.795
2025-04-17T22:28:06.000,13.96,-0.95,6.45,18.47,20.49,25610,-34.37,-12.0,0.795
2025-04-17T22:29:06.000,14.0,-0.84,6.43,18.47,20.49,25611,-34.48,-12.0,0.795
2025-04-17T22:30:06.000,14.06,-0.78,7.2,18.35,20.49,25612,-34.58,-12.0,0.795
2025-04-17T22:31:06.000,14.06,-0.84,6.7,18.42,20.49,25613,-34.68,-12.0,0.795
2025-04-17T22:32:06.000,14.01,-0.79,7.2,18.35,20.49,25614,-34.78,-11.0,0.794
2025-04-17T22:33:06.000,14.0,-0.89,6.92,18.39,20.49,25615,-34.88,-11.0,0.794
2025-04-17T22:34:06.000,14.02,-1.35,6.49,18.46,20.49,25616,-34.98,-11.0,0.794
2025-04-17T22:35:06.000,14.06,-1.91,6.18,18.52,20.49,25617,-35.07,-11.0,0.794
2025-04-17T22:36:06.000,14.15,-3.0,4.47,18.87,20.49,25618,-35.17,-11.0,0.794
2025-04-17T22:37:07.000,14.17,-3.96,4.06,18.97,20.49,25619,-35.27,-11.0,0.794
2025-04-17T22:38:07.000,14.18,-4.3,3.7,19.07,20.49,25620,-35.36,-10.0,0.794
2025-04-17T22:39:07.000,14.19,-4.34,4.2,18.93,20.49,25621,-35.46,-10.0,0.794
2025-04-17T22:40:07.000,14.19,-4.56,3.99,18.99,20.49,25622,-35.55,-10.0,0.794
2025-04-17T22:41:07.000,14.21,-4.52,3.96,19.0,20.49,25623,-35.64,-10.0,0.794
2025-04-17T22:42:07.000,14.21,-4.1,4.25,18.92,20.49,25624,-35.73,-10.0,0.794
2025-04-17T22:43:07.000,14.21,-3.52,4.7,18.81,20.49,25625,-35.83,-10.0,0.794
2025-04-17T22:44:07.000,14.16,-3.24,5.48,18.64,20.49,25626,-35.92,-10.0,0.794
2025-04-17T22:45:07.000,14.16,-3.51,4.98,18.75,20.49,25627,-36.0,-9.0,0.794
2025-04-17T22:46:07.000,14.2,-3.94,4.08,18.97,20.49,25628,-36.09,-9.0,0.794
2025-04-17T22:47:07.000,14.26,-4.05,3.3,19.19,20.49,25629,-36.18,-9.0,0.794
2025-04-17T22:48:07.000,14.27,-3.67,4.3,18.91,20.49,25630,-36.27,-9.0,0.794
2025-04-17T22:49:07.000,14.22,-2.82,5.5,18.64,20.49,25631,-36.35,-9.0,0.794
2025-04-17T22:50:07.000,14.2,-2.14,5.9,18.56,20.49,25632,-36.44,-9.0,0.794
2025-04-17T22:51:07.000,14.23,-1.88,5.88,18.57,20.49,25633,-36.52,-8.0,0.793
2025-04-17T22:52:07.000,14.22,-1.93,5.47,18.65,20.49,25634,-36.6,-8.0,0.793
2025-04-17T22:53:08.000,14.2,-1.94,5.77,18.59,20.49,25635,-36.69,-8.0,0.793
2025-04-17T22:54:08.000,14.16,-1.72,5.46,18.65,20.49,25636,-36.77,-8.0,0.793
2025-04-17T22:55:08.000,14.16,-1.37,6.45,18.47,20.49,25637,-36.85,-8.0,0.793
2025-04-17T22:56:08.000,14.14,-1.16,6.29,18.49,20.49,25638,-36.93,-8.0,0.793
2025-04-17T22:57:08.000,14.14,-0.81,6.74,18.42,20.49,25639,-37.01,-7.0,0.793
2025-04-17T22:58:08.000,14.14,-0.31,7.48,18.31,20.49,25640,-37.09,-7.0,0.793
2025-04-17T22:59:08.000,14.03,0.16,7.13,18.36,20.49,25641,-37.16,-7.0,0.793
2025-04-17T23:00:08.000,14.01,0.39,6.99,18.38,20.49,25642,-37.24,-7.0,0.793
2025-04-17T23:01:08.000,13.97,0.21,6.66,18.43,20.49,25643,-37.31,-7.0,0.793
2025-04-17T23:02:08.000,13.98,-0.09,6.73,18.42,20.49,25644,-37.39,-7.0,0.793
2025-04-17T23:03:08.000,14.02,-0.7,5.38,18.67,20.49,25645,-37.46,-6.0,0.793
2025-04-17T23:04:08.000,14.02,-1.22,5.14,18.71,20.49,25646,-37.53,-6.0,0.793
2025-04-17T23:05:08.000,13.99,-1.37,5.14,18.71,20.49,25647,-37.6,-6.0,0.793
2025-04-17T23:06:08.000,13.96,-1.2,5.55,18.63,20.49,25648,-37.67,-6.0,0.793
2025-04-17T23:07:08.000,13.97,-0.75,6.31,18.49,20.49,25649,-37.74,-6.0,0.793
2025-04-17T23:08:08.000,13.95,-0.32,7.01,18.38,20.49,25650,-37.81,-6.0,0.793
2025-04-17T23:09:09.000,13.93,-0.19,7.91,18.24,20.49,25651,-37.88,-6.0,0.792
2025-04-17T23:10:09.000,13.93,-0.54,7.78,18.26,20.49,25652,-37.95,-5.0,0.792
2025-04-17T23:11:09.000,13.95,-1.21,6.96,18.39,20.49,25653,-38.01,-5.0,0.792
2025-04-17T23:12:09.000,13.99,-1.84,5.73,18.59,20.49,25654,-38.08,-5.0,0.792
2025-04-17T23:13:09.000,14.07,-2.12,5.88,18.57,20.49,25655,-38.14,-5.0,0.792
2025-04-17T23:14:09.000,14.06,-2.66,5.62,18.62,20.49,25656,-38.2,-5.0,0.792
2025-04-17T23:15:09.000,14.01,-3.31,5.43,18.65,20.49,25657,-38.27,-5.0,0.792
2025-04-17T23:16:09.000,14.02,-3.88,4.45,18.87,20.49,25658,-38.33,-4.0,0.792
2025-04-17T23:17:09.000,14.02,-4.25,4.71,18.81,20.49,25659,-38.39,-4.0,0.792
2025-04-17T23:18:09.000,14.05,-4.12,4.61,18.83,20.49,25660,-38.45,-4.0,0.792
2025-04-17T23:19:09.000,14.04,-3.85,4.97,18.75,20.49,25661,-38.5,-4.0,0.792
2025-04-17T23:20:09.000,14.06,-3.83,4.38,18.89,20.49,25662,-38.56,-4.0,0.792
2025-04-17T23:21:09.000,14.04,-4.3,3.77,19.05,20.49,25663,-38.62,-4.0,0.792
2025-04-17T23:22:09.000,13.99,-5.19,3.27,19.2,20.49,25664,-38.67,-4.0,0.792
2025-04-17T23:23:09.000,13.89,-6.03,3.44,19.15,20.49,25665,-38.72,-3.0,0.792
2025-04-17T23:24:09.000,13.84,-6.93,2.66,19.43,20.49,25666,-38.78,-3.0,0.792
2025-04-17T23:25:10.000,13.84,-8.31,2.48,19.5,20.49,25667,-38.83,-3.0,0.792
2025-04-17T23:26:10.000,13.85,-9.49,1.85,19.83,20.49,25668,-38.88,-3.0,0.792
2025-04-17T23:27:10.000,13.82,-10.38,1.48,20.06,20.49,25669,-38.93,-3.0,0.791
2025-04-17T23:28:10.000,13.82,-10.84,1.44,20.09,20.49,25670,-38.98,-3.0,0.791
2025-04-17T23:29:10.000,13.84,-11.13,1.43,20.11,20.49,25671,-39.03,-2.0,0.791
2025-04-17T23:30:10.000,13.81,-11.4,1.43,20.1,20.49,25672,-39.07,-2.0,0.791
2025-04-17T23:31:10.000,13.79,-11.4,1.42,20.11,20.49,25673,-39.12,-2.0,0.791
2025-04-17T23:32:10.000,13.8,-11.36,1.42,20.11,20.49,25674,-39.16,-2.0,0.791
2025-04-17T23:33:10.000,13.83,-11.32,1.42,20.11,20.49,25675,-39.21,-2.0,0.791
2025-04-17T23:34:10.000,13.83,-11.28,1.42,20.11,20.49,25676,-39.25,-2.0,0.791
2025-04-17T23:35:10.000,13.8,-11.35,1.41,20.11,20.49,25677,-39.29,-2.0,0.791
2025-04-17T23:36:10.000,13.79,-11.31,1.42,20.11,20.49,25678,-39.33,-1.0,0.791
2025-04-17T23:37:10.000,13.75,-11.3,1.42,20.11,20.49,25679,-39.37,-1.0,0.791
2025-04-17T23:38:10.000,13.71,-11.27,1.45,20.09,20.49,25680,-39.41,-1.0,0.791
2025-04-17T23:39:10.000,13.66,-11.14,1.52,20.04,20.49,25681,-39.45,-1.0,0.791
