ecsv/stars272/stars272_2024-04.ecsv
# %ECSV 1.0
# ---
# datatype:
# - {name: time, datatype: string}
# - {name: Enclosure Temperature, unit: deg_C, datatype: float64}
# - {name: Sky Temperature, unit: deg_C, datatype: float64}
# - {name: Frequency, unit: Hz, datatype: float64}
# - {name: MSAS, unit: mag / arcsec2, datatype: float64}
# - {name: ZP, datatype: float64}
# - {name: Sequence Number, datatype: int64}
# - {name: Sun Alt, unit: deg, datatype: float64}
# - {name: Moon Alt, unit: deg, datatype: float64}
# - {name: Moon Illumination, datatype: float64}
# delimiter: ','
# meta: !!omap
# - ida:
#     Data supplier: {affiliation: "Asociaci\xF3n Daimiele\xF1a de Astronom\xEDa", observer: "Asociaci\xF3n Daimiele\xF1a de Astronom\xED\
#         a"}
#     Device type: TESS-W
#     Field of view: 17.0
#     Filters per channel: None
#     Instrument ID: stars272
#     License: ODbL 1.0 http://opendatacommons.org/licenses/odbl/summary/
#     Local timezone: Europe/Madrid
#     Location name: {country: "- Asociaci\xF3n Daimiele\xF1a de Astronom\xEDa", place: Daimiel, region: Spain, sub_region: null, town: null}
#     Measurement direction per channel: {azimuth: 0.0, zenital: 0.0}
#     Moving / Fixed look direction: FIXED
#     Moving / Stationary position: STATIONARY
#     Number of channels: 1
#     Number of fields per line: 8
#     Number of header lines: 35
#     Position: {height: 623.0, latitude: 39.0728, longitude: -3.6092}
#     TESS MAC address: 60:01:94:73:5B:68
#     TESS cover offset value: 0.0
#     TESS firmware version: '1.0'
#     TESS zero point: 20.49
#     Time Synchronization: timestamp added by MQTT subscriber
#     URL: http://www.darksky.org/NSBM/sdf1.0.pdf
# - __serialized_columns__:
#     Enclosure Temperature:
#       __class__: astropy.units.quantity.Quantity
#       unit: &id001 !astropy.units.Unit {unit: deg_C}
#       value: !astropy.table.SerializedColumn {name: Enclosure Temperature}
#     Frequency:
#       __class__: astropy.units.quantity.Quantity
#       unit: !astropy.units.Unit {unit: Hz}
#       value: !astropy.table.SerializedColumn {name: Frequency}
#     MSAS:
#       __class__: astropy.units.quantity.Quantity
#       unit: !astropy.units.Unit {unit: mag / arcsec2}
#       value: !astropy.table.SerializedColumn {name: MSAS}
#     Moon Alt:
#       __class__: astropy.units.quantity.Quantity
#       unit: &id002 !astropy.units.Unit {unit: deg}
#       value: !astropy.table.SerializedColumn {name: Moon Alt}
#     Sky Temperature:
#       __class__: astropy.units.quantity.Quantity
#       unit: *id001
#       value: !astropy.table.SerializedColumn {name: Sky Temperature}
#     Sun Alt:
#       __class__: astropy.units.quantity.Quantity
#       unit: *id002
#       value: !astropy.table.SerializedColumn {name: Sun Alt}
#     time:
#       __class__: astropy.time.core.Time
#       format: isot
#       in_subfmt: '*'
#       out_subfmt: '*'
#       precision: 3
#       scale: utc
#       value: !astropy.table.SerializedColumn {name: time}
# schema: astropy-2.0
time,Enclosure Temperature,Sky Temperature,Frequency,MSAS,ZP,Sequence Number,Sun Alt,Moon Alt,Moon Illumination
[from data line 7701]
2024-04-11T22:59:56.000,15.38,-12.44,1.27,20.23,20.49,4753,-39.06,-5.0,0.138
2024-04-11T23:00:57.000,15.31,-12.46,1.26,20.24,20.49,4754,-39.14,-5.0,0.138
2024-04-11T23:01:57.000,15.19,-12.54,1.26,20.24,20.49,4755,-39.22,-5.0,0.138
2024-04-11T23:02:57.000,15.08,-12.65,1.26,20.24,20.49,4756,-39.3,-5.0,0.138
2024-04-11T23:03:57.000,14.99,-12.68,1.27,20.23,20.49,4757,-39.37,-6.0,0.138
2024-04-11T23:04:57.000,14.9,-12.69,1.26,20.24,20.49,4758,-39.45,-6.0,0.138
2024-04-11T23:05:57.000,14.82,-12.74,1.26,20.24,20.49,4759,-39.52,-6.0,0.138
2024-04-11T23:06:57.000,14.71,-12.75,1.26,20.24,20.49,4760,-39.6,-6.0,0.138
2024-04-11T23:07:57.000,14.7,-12.81,1.26,20.24,20.49,4761,-39.67,-6.0,0.138
2024-04-11T23:08:57.000,14.71,-12.84,1.26,20.24,20.49,4762,-39.74,-6.0,0.138
2024-04-11T23:09:57.000,14.69,-12.85,1.26,20.24,20.49,4763,-39.81,-6.0,0.138
2024-04-11T23:10:57.000,14.65,-12.91,1.26,20.24,20.49,4764,-39.88,-7.0,0.138
2024-04-11T23:11:57.000,14.59,-12.91,1.26,20.24,20.49,4765,-39.95,-7.0,0.138
2024-04-11T23:12:57.000,14.51,-12.95,1.26,20.24,20.49,4766,-40.02,-7.0,0.138
2024-04-11T23:13:57.000,14.49,-12.98,1.26,20.24,20.49,4767,-40.08,-7.0,0.139
2024-04-11T23:14:57.000,14.47,-13.02,1.25,20.24,20.49,4768,-40.15,-7.0,0.139
2024-04-11T23:15:57.000,14.42,-13.03,1.25,20.24,20.49,4769,-40.21,-7.0,0.139
2024-04-11T23:16:57.000,14.41,-13.08,1.25,20.25,20.49,4770,-40.28,-7.0,0.139
2024-04-11T23:17:58.000,14.37,-13.07,1.25,20.25,20.49,4771,-40.34,-8.0,0.139
2024-04-11T23:18:58.000,14.37,-13.13,1.25,20.25,20.49,4772,-40.4,-8.0,0.139
2024-04-11T23:19:58.000,14.37,-13.14,1.25,20.25,20.49,4773,-40.46,-8.0,0.139
2024-04-11T23:20:58.000,14.33,-13.18,1.25,20.25,20.49,4774,-40.52,-8.0,0.139
2024-04-11T23:21:58.000,14.24,-13.23,1.25,20.25,20.49,4775,-40.58,-8.0,0.139
2024-04-11T23:22:58.000,14.2,-13.24,1.25,20.25,20.49,4776,-40.64,-8.0,0.139
2024-04-11T23:23:58.000,14.2,-13.22,1.25,20.25,20.49,4777,-40.69,-8.0,0.139
2024-04-11T23:24:58.000,14.2,-13.21,1.24,20.25,20.49,4778,-40.75,-8.0,0.139
2024-04-11T23:25:58.000,14.15,-13.23,1.22,20.28,20.49,4779,-40.8,-9.0,0.139
2024-04-11T23:26:58.000,14.1,-13.27,1.19,20.3,20.49,4780,-40.86,-9.0,0.139
2024-04-11T23:27:58.000,14.05,-13.31,1.19,20.3,20.49,4781,-40.91,-9.0,0.139
2024-04-11T23:28:58.000,14.0,-13.34,1.18,20.31,20.49,4782,-40.96,-9.0,0.139
2024-04-11T23:29:58.000,13.96,-13.39,1.17,20.32,20.49,4783,-41.01,-9.0,0.139
2024-04-11T23:30:58.000,13.93,-13.34,1.16,20.33,20.49,4784,-41.06,-9.0,0.139
2024-04-11T23:31:58.000,13.92,-13.39,1.16,20.33,20.49,4785,-41.11,-9.0,0.14
2024-04-11T23:32:59.000,13.87,-13.42,1.16,20.33,20.49,4786,-41.16,-10.0,0.14
2024-04-11T23:33:59.000,13.83,-13.44,1.16,20.33,20.49,4787,-41.2,-10.0,0.14
2024-04-11T23:34:59.000,13.8,-13.5,1.16,20.33,20.49,4788,-41.25,-10.0,0.14
2024-04-11T23:35:59.000,13.77,-13.5,1.16,20.33,20.49,4789,-41.29,-10.0,0.14
2024-04-11T23:36:59.000,13.76,-13.51,1.16,20.33,20.49,4790,-41.33,-10.0,0.14
2024-04-11T23:37:59.000,13.77,-13.55,1.16,20.33,20.49,4791,-41.37,-10.0,0.14
2024-04-11T23:38:59.000,13.72,-13.59,1.16,20.33,20.49,4792,-41.41,-10.0,0.14
2024-04-11T23:39:59.000,13.69,-13.58,1.16,20.33,20.49,4793,-41.45,-11.0,0.14
2024-04-11T23:40:59.000,13.71,-13.57,1.16,20.33,20.49,4794,-41.49,-11.0,0.14
2024-04-11T23:41:59.000,13.67,-13.6,1.16,20.33,20.49,4795,-41.53,-11.0,0.14
2024-04-11T23:42:59.000,13.62,-13.63,1.16,20.33,20.49,4796,-41.57,-11.0,0.14
2024-04-11T23:43:59.000,13.64,-13.64,1.16,20.33,20.49,4797,-41.6,-11.0,0.14
2024-04-11T23:44:59.000,13.63,-13.61,1.15,20.33,20.49,4798,-41.64,-11.0,0.14
2024-04-11T23:45:59.000,13.63,-13.58,1.16,20.33,20.49,4799,-41.67,-11.0,0.14
2024-04-11T23:46:59.000,13.58,-13.6,1.16,20.33,20.49,4800,-41.7,-11.0,0.14
2024-04-11T23:48:06.000,13.53,-13.62,1.16,20.33,20.49,4801,-41.73,-12.0,0.14
2024-04-11T23:49:06.000,13.51,-13.64,1.16,20.33,20.49,4802,-41.76,-12.0,0.14
2024-04-11T23:50:06.000,13.47,-13.65,1.16,20.33,20.49,4803,-41.79,-12.0,0.141
2024-04-11T23:51:06.000,13.4,-13.69,1.16,20.33,20.49,4804,-41.82,-12.0,0.141
2024-04-11T23:52:06.000,13.33,-13.68,1.16,20.32,20.49,4805,-41.85,-12.0,0.141
2024-04-11T23:53:06.000,13.32,-13.7,1.16,20.32,20.49,4806,-41.87,-12.0,0.141
2024-04-11T23:54:06.000,13.36,-13.7,1.17,20.32,20.49,4807,-41.89,-12.0,0.141
2024-04-11T23:55:06.000,13.31,-13.69,1.17,20.32,20.49,4808,-41.92,-12.0,0.141
2024-04-11T23:56:06.000,13.35,-13.65,1.17,20.32,20.49,4809,-41.94,-13.0,0.141
2024-04-11T23:57:06.000,13.35,-13.63,1.17,20.32,20.49,4810,-41.96,-13.0,0.141
2024-04-11T23:58:06.000,13.38,-13.63,1.17,20.32,20.49,4811,-41.98,-13.0,0.141
2024-04-11T23:59:06.000,13.38,-13.61,1.17,20.32,20.49,4812,-42.0,-13.0,0.141
2024-04-12T00:00:06.000,13.36,-13.61,1.17,20.32,20.49,4813,-42.02,-13.0,0.141
2024-04-12T00:01:07.000,13.34,-13.58,1.17,20.32,20.49,4814,-42.03,-13.0,0.141
2024-04-12T00:02:07.000,13.32,-13.63,1.16,20.33,20.49,4815,-42.05,-13.0,0.141
2024-04-12T00:03:07.000,13.31,-13.61,1.14,20.35,20.49,4816,-42.06,-13.0,0.141
2024-04-12T00:04:07.000,13.31,-13.64,1.12,20.37,20.49,4817,-42.07,-14.0,0.141
2024-04-12T00:05:07.000,13.33,-13.65,1.1,20.39,20.49,4818,-42.09,-14.0,0.141
2024-04-12T00:06:07.000,13.37,-13.67,1.09,20.4,20.49,4819,-42.1,-14.0,0.141
2024-04-12T00:07:07.000,13.38,-13.69,1.07,20.42,20.49,4820,-42.11,-14.0,0.141
2024-04-12T00:08:07.000,13.33,-13.74,1.06,20.43,20.49,4821,-42.11,-14.0,0.141
2024-04-12T00:09:07.000,13.35,-13.75,1.06,20.43,20.49,4822,-42.12,-14.0,0.142
2024-04-12T00:10:07.000,13.34,-13.74,1.06,20.43,20.49,4823,-42.13,-14.0,0.142
2024-04-12T00:11:07.000,13.32,-13.77,1.06,20.43,20.49,4824,-42.13,-14.0,0.142
2024-04-12T00:12:07.000,13.29,-13.78,1.05,20.43,20.49,4825,-42.14,-15.0,0.142
2024-04-12T00:13:07.000,13.26,-13.79,1.05,20.43,20.49,4826,-42.14,-15.0,0.142
2024-04-12T00:14:07.000,13.28,-13.76,1.05,20.43,20.49,4827,-42.14,-15.0,0.142
2024-04-12T00:15:07.000,13.24,-13.78,1.05,20.44,20.49,4828,-42.14,-15.0,0.142
2024-04-12T00:16:07.000,13.18,-13.77,1.05,20.44,20.49,4829,-42.14,-15.0,0.142
2024-04-12T00:17:08.000,13.08,-13.82,1.05,20.44,20.49,4830,-42.14,-15.0,0.142
2024-04-12T00:18:08.000,13.07,-13.82,1.05,20.44,20.49,4831,-42.14,-15.0,0.142
2024-04-12T00:19:08.000,13.03,-13.8,1.05,20.44,20.49,4832,-42.13,-15.0,0.142
2024-04-12T00:20:08.000,12.94,-13.83,1.05,20.44,20.49,4833,-42.13,-15.0,0.142
2024-04-12T00:21:08.000,12.95,-13.8,1.05,20.44,20.49,4834,-42.12,-16.0,0.142
2024-04-12T00:22:08.000,12.95,-13.79,1.05,20.44,20.49,4835,-42.11,-16.0,0.142
2024-04-12T00:23:08.000,12.94,-13.76,1.05,20.44,20.49,4836,-42.1,-16.0,0.142
2024-04-12T00:24:08.000,12.98,-13.8,1.04,20.44,20.49,4837,-42.09,-16.0,0.142
2024-04-12T00:25:08.000,13.02,-13.74,1.04,20.44,20.49,4838,-42.08,-16.0,0.142
2024-04-12T00:26:08.000,12.99,-13.73,1.04,20.44,20.49,4839,-42.07,-16.0,0.142
2024-04-12T00:27:08.000,13.01,-13.72,1.04,20.44,20.49,4840,-42.06,-16.0,0.143
2024-04-12T00:28:08.000,12.96,-13.72,1.04,20.44,20.49,4841,-42.04,-16.0,0.143
2024-04-12T00:29:08.000,12.97,-13.71,1.04,20.44,20.49,4842,-42.03,-16.0,0.143
2024-04-12T00:30:08.000,12.99,-13.66,1.04,20.44,20.49,4843,-42.01,-17.0,0.143
2024-04-12T00:31:08.000,13.04,-13.6,1.05,20.44,20.49,4844,-41.99,-17.0,0.143
2024-04-12T00:32:08.000,13.05,-13.61,1.04,20.45,20.49,4845,-41.97,-17.0,0.143
2024-04-12T00:33:09.000,13.07,-13.56,1.04,20.45,20.49,4846,-41.95,-17.0,0.143
2024-04-12T00:34:09.000,13.01,-13.55,1.04,20.45,20.49,4847,-41.93,-17.0,0.143
2024-04-12T00:35:09.000,13.01,-13.54,1.04,20.45,20.49,4848,-41.91,-17.0,0.143
2024-04-12T00:36:16.000,12.98,-13.51,1.04,20.45,20.49,4849,-41.89,-17.0,0.143
2024-04-12T00:37:15.000,12.96,-13.5,1.04,20.44,20.49,4850,-41.86,-17.0,0.143
2024-04-12T00:38:15.000,13.0,-13.49,1.04,20.45,20.49,4851,-41.84,-17.0,0.143
2024-04-12T00:39:15.000,12.98,-13.56,1.04,20.45,20.49,4852,-41.81,-18.0,0.143
2024-04-12T00:40:15.000,12.95,-13.54,1.04,20.45,20.49,4853,-41.78,-18.0,0.143
2024-04-12T00:41:15.000,12.89,-13.52,1.04,20.45,20.49,4854,-41.75,-18.0,0.143
2024-04-12T00:42:15.000,12.88,-13.51,1.04,20.45,20.49,4855,-41.72,-18.0,0.143
2024-04-12T00:43:15.000,12.87,-13.5,1.04,20.45,20.49,4856,-41.69,-18.0,0.143
2024-04-12T00:44:15.000,12.84,-13.51,1.03,20.45,20.49,4857,-41.66,-18.0,0.143
2024-04-12T00:45:15.000,12.82,-13.51,1.04,20.45,20.49,4858,-41.63,-18.0,0.144
2024-04-12T00:46:15.000,12.81,-13.53,1.04,20.45,20.49,4859,-41.59,-18.0,0.144
2024-04-12T00:47:15.000,12.79,-13.44,1.04,20.45,20.49,4860,-41.56,-18.0,0.144
2024-04-12T00:48:16.000,12.79,-13.45,1.04,20.45,20.49,4861,-41.52,-18.0,0.144
2024-04-12T00:49:16.000,12.71,-13.46,1.04,20.45,20.49,4862,-41.48,-19.0,0.144
2024-04-12T00:50:16.000,12.71,-13.46,1.04,20.45,20.49,4863,-41.44,-19.0,0.144
2024-04-12T00:51:16.000,12.74,-13.46,1.04,20.45,20.49,4864,-41.4,-19.0,0.144
2024-04-12T00:52:16.000,12.8,-13.44,1.04,20.45,20.49,4865,-41.36,-19.0,0.144
2024-04-12T00:53:16.000,12.82,-13.42,1.04,20.45,20.49,4866,-41.32,-19.0,0.144
2024-04-12T00:54:16.000,12.86,-13.42,1.04,20.45,20.49,4867,-41.28,-19.0,0.144
2024-04-12T00:55:16.000,12.9,-13.41,1.04,20.45,20.49,4868,-41.23,-19.0,0.144
2024-04-12T00:56:16.000,12.9,-13.43,1.04,20.45,20.49,4869,-41.19,-19.0,0.144
2024-04-12T00:57:16.000,12.9,-13.48,1.04,20.45,20.49,4870,-41.14,-19.0,0.144
2024-04-12T00:58:16.000,12.91,-13.48,1.04,20.44,20.49,4871,-41.09,-19.0,0.144
2024-04-12T00:59:16.000,12.93,-13.47,1.04,20.45,20.49,4872,-41.05,-20.0,0.144
2024-04-12T01:00:16.000,12.93,-13.55,1.03,20.45,20.49,4873,-41.0,-20.0,0.144
2024-04-12T01:01:16.000,12.92,-13.55,1.03,20.46,20.49,4874,-40.95,-20.0,0.144
2024-04-12T01:02:16.000,12.91,-13.53,1.03,20.46,20.49,4875,-40.9,-20.0,0.144
2024-04-12T01:03:16.000,12.92,-13.52,1.03,20.46,20.49,4876,-40.84,-20.0,0.145
2024-04-12T01:04:17.000,12.93,-13.5,1.03,20.46,20.49,4877,-40.79,-20.0,0.145
2024-04-12T01:05:17.000,12.9,-13.54,1.03,20.46,20.49,4878,-40.73,-20.0,0.145
2024-04-12T01:06:17.000,12.89,-13.56,1.03,20.46,20.49,4879,-40.68,-20.0,0.145
2024-04-12T01:07:17.000,12.88,-13.56,1.03,20.46,20.49,4880,-40.62,-20.0,0.145
2024-04-12T01:08:17.000,12.88,-13.55,1.03,20.46,20.49,4881,-40.56,-20.0,0.145
2024-04-12T01:09:17.000,12.86,-13.58,1.02,20.46,20.49,4882,-40.51,-20.0,0.145
2024-04-12T01:10:17.000,12.81,-13.6,1.02,20.47,20.49,4883,-40.45,-20.0,0.145
2024-04-12T01:11:17.000,12.81,-13.62,1.02,20.47,20.49,4884,-40.38,-21.0,0.145
2024-04-12T01:12:17.000,12.81,-13.65,1.02,20.46,20.49,4885,-40.32,-21.0,0.145
2024-04-12T01:13:17.000,12.7,-13.61,1.03,20.46,20.49,4886,-40.26,-21.0,0.145
2024-04-12T01:14:17.000,12.57,-13.58,1.03,20.46,20.49,4887,-40.2,-21.0,0.145
2024-04-12T01:15:17.000,12.5,-13.65,1.02,20.46,20.49,4888,-40.13,-21.0,0.145
2024-04-12T01:16:17.000,12.48,-13.64,1.02,20.47,20.49,4889,-40.07,-21.0,0.145
2024-04-12T01:17:17.000,12.48,-13.58,1.02,20.47,20.49,4890,-40.0,-21.0,0.145
2024-04-12T01:18:17.000,12.49,-13.55,1.02,20.47,20.49,4891,-39.93,-21.0,0.145
2024-04-12T01:19:17.000,12.47,-13.56,1.02,20.47,20.49,4892,-39.86,-21.0,0.145
2024-04-12T01:20:18.000,12.45,-13.54,1.02,20.47,20.49,4893,-39.79,-21.0,0.145
2024-04-12T01:21:18.000,12.45,-13.51,1.02,20.47,20.49,4894,-39.72,-21.0,0.146
2024-04-12T01:22:18.000,12.41,-13.48,1.02,20.47,20.49,4895,-39.65,-21.0,0.146
2024-04-12T01:23:18.000,12.4,-13.48,1.02,20.46,20.49,4896,-39.58,-22.0,0.146
2024-04-12T01:24:18.000,12.42,-13.52,1.02,20.46,20.49,4897,-39.5,-22.0,0.146
2024-04-12T01:26:23.000,12.35,-13.53,1.03,20.46,20.49,4899,-39.35,-22.0,0.146
2024-04-12T01:27:23.000,12.33,-13.54,1.02,20.46,20.49,4900,-39.27,-22.0,0.146
2024-04-12T01:28:23.000,12.33,-13.56,1.02,20.46,20.49,4901,-39.19,-22.0,0.146
2024-04-12T01:29:23.000,12.26,-13.56,1.02,20.46,20.49,4902,-39.11,-22.0,0.146
2024-04-12T01:30:23.000,12.24,-13.49,1.02,20.46,20.49,4903,-39.03,-22.0,0.146
2024-04-12T01:31:23.000,12.25,-13.54,1.03,20.46,20.49,4904,-38.95,-22.0,0.146
2024-04-12T01:32:24.000,12.24,-13.5,1.03,20.46,20.49,4905,-38.87,-22.0,0.146
2024-04-12T01:33:24.000,12.23,-13.49,1.03,20.46,20.49,4906,-38.79,-22.0,0.146
2024-04-12T01:34:24.000,12.25,-13.45,1.02,20.46,20.49,4907,-38.71,-22.0,0.146
2024-04-12T01:35:24.000,12.28,-13.46,1.02,20.46,20.49,4908,-38.62,-22.0,0.146
2024-04-12T01:36:24.000,12.29,-13.49,1.03,20.46,20.49,4909,-38.54,-23.0,0.146
2024-04-12T01:37:24.000,12.36,-13.45,1.03,20.46,20.49,4910,-38.45,-23.0,0.146
2024-04-12T01:38:24.000,12.37,-13.49,1.03,20.46,20.49,4911,-38.37,-23.0,0.146
2024-04-12T01:39:24.000,12.39,-13.49,1.03,20.46,20.49,4912,-38.28,-23.0,0.147
2024-04-12T01:40:24.000,12.4,-13.47,1.03,20.46,20.49,4913,-38.19,-23.0,0.147
2024-04-12T01:41:24.000,12.39,-13.51,1.03,20.46,20.49,4914,-38.1,-23.0,0.147
2024-04-12T01:42:24.000,12.38,-13.51,1.03,20.46,20.49,4915,-38.01,-23.0,0.147
2024-04-12T01:43:24.000,12.36,-13.58,1.03,20.46,20.49,4916,-37.92,-23.0,0.147
2024-04-12T01:44:24.000,12.33,-13.62,1.03,20.46,20.49,4917,-37.83,-23.0,0.147
2024-04-12T01:45:24.000,12.29,-13.61,1.03,20.46,20.49,4918,-37.73,-23.0,0.147
2024-04-12T01:46:24.000,12.28,-13.65,1.03,20.46,20.49,4919,-37.64,-23.0,0.147
2024-04-12T01:47:24.000,12.28,-13.68,1.02,20.46,20.49,4920,-37.55,-23.0,0.147
2024-04-12T01:48:25.000,12.26,-13.66,1.03,20.46,20.49,4921,-37.45,-23.0,0.147
2024-04-12T01:49:25.000,12.25,-13.68,1.03,20.46,20.49,4922,-37.35,-23.0,0.147
2024-04-12T01:50:25.000,12.25,-13.71,1.03,20.46,20.49,4923,-37.26,-23.0,0.147
2024-04-12T01:51:25.000,12.24,-13.7,1.03,20.46,20.49,4924,-37.16,-24.0,0.147
2024-04-12T01:52:25.000,12.22,-13.75,1.03,20.46,20.49,4925,-37.06,-24.0,0.147
2024-04-12T01:53:25.000,12.21,-13.76,1.03,20.46,20.49,4926,-36.96,-24.0,0.147
2024-04-12T01:54:25.000,12.2,-13.8,1.03,20.46,20.49,4927,-36.86,-24.0,0.147
2024-04-12T01:55:25.000,12.22,-13.75,1.03,20.46,20.49,4928,-36.76,-24.0,0.147
2024-04-12T01:56:25.000,12.23,-13.79,1.03,20.46,20.49,4929,-36.66,-24.0,0.147
2024-04-12T01:57:25.000,12.19,-13.89,1.03,20.46,20.49,4930,-36.55,-24.0,0.148
2024-04-12T01:58:25.000,12.15,-13.86,1.03,20.46,20.49,4931,-36.45,-24.0,0.148
2024-04-12T01:59:25.000,12.15,-13.87,1.03,20.46,20.49,4932,-36.34,-24.0,0.148
2024-04-12T02:00:25.000,12.15,-13.85,1.03,20.46,20.49,4933,-36.24,-24.0,0.148
2024-04-12T02:01:25.000,12.16,-13.85,1.03,20.46,20.49,4934,-36.13,-24.0,0.148
2024-04-12T02:02:25.000,12.16,-13.87,1.03,20.45,20.49,4935,-36.03,-24.0,0.148
2024-04-12T02:03:25.000,12.17,-13.9,1.03,20.45,20.49,4936,-35.92,-24.0,0.148
2024-04-12T02:04:26.000,12.14,-13.97,1.03,20.46,20.49,4937,-35.81,-24.0,0.148
2024-04-12T02:05:26.000,12.1,-13.93,1.03,20.46,20.49,4938,-35.7,-24.0,0.148
2024-04-12T02:06:26.000,12.06,-13.98,1.03,20.46,20.49,4939,-35.59,-24.0,0.148
2024-04-12T02:07:26.000,11.98,-14.01,1.03,20.46,20.49,4940,-35.48,-24.0,0.148
2024-04-12T02:08:26.000,11.95,-13.95,1.03,20.46,20.49,4941,-35.37,-24.0,0.148
2024-04-12T02:09:26.000,11.93,-13.99,1.02,20.46,20.49,4942,-35.26,-24.0,0.148
2024-04-12T02:10:26.000,11.9,-14.03,1.03,20.46,20.49,4943,-35.14,-25.0,0.148
2024-04-12T02:11:26.000,11.87,-13.92,1.03,20.46,20.49,4944,-35.03,-25.0,0.148
2024-04-12T02:12:26.000,11.84,-14.02,1.03,20.46,20.49,4945,-34.91,-25.0,0.148
2024-04-12T02:13:26.000,11.81,-14.03,1.02,20.46,20.49,4946,-34.8,-25.0,0.148
2024-04-12T02:14:26.000,11.8,-14.02,1.02,20.46,20.49,4947,-34.68,-25.0,0.148
2024-04-12T02:15:26.000,11.76,-13.97,1.03,20.46,20.49,4948,-34.57,-25.0,0.149
2024-04-12T02:16:26.000,11.73,-13.99,1.03,20.46,20.49,4949,-34.45,-25.0,0.149
2024-04-12T02:17:26.000,11.75,-13.93,1.03,20.46,20.49,4950,-34.33,-25.0,0.149
2024-04-12T02:18:26.000,11.74,-13.98,1.02,20.46,20.49,4951,-34.21,-25.0,0.149
2024-04-12T02:19:26.000,11.72,-14.01,1.03,20.46,20.49,4952,-34.09,-25.0,0.149
2024-04-12T02:20:26.000,11.69,-13.99,1.02,20.46,20.49,4953,-33.97,-25.0,0.149
2024-04-12T02:21:27.000,11.67,-14.03,1.03,20.46,20.49,4954,-33.85,-25.0,0.149
2024-04-12T02:22:27.000,11.66,-14.05,1.03,20.46,20.49,4955,-33.73,-25.0,0.149
2024-04-12T02:23:27.000,11.65,-14.0,1.03,20.46,20.49,4956,-33.61,-25.0,0.149
2024-04-12T02:24:27.000,11.61,-14.02,1.03,20.46,20.49,4957,-33.48,-25.0,0.149
2024-04-12T02:25:27.000,11.6,-14.03,1.03,20.46,20.49,4958,-33.36,-25.0,0.149
