ecsv/stars272/stars272_2024-04.ecsv
# %ECSV 1.0
# ---
# datatype:
# - {name: time, datatype: string}
# - {name: Enclosure Temperature, unit: deg_C, datatype: float64}
# - {name: Sky Temperature, unit: deg_C, datatype: float64}
# - {name: Frequency, unit: Hz, datatype: float64}
# - {name: MSAS, unit: mag / arcsec2, datatype: float64}
# - {name: ZP, datatype: float64}
# - {name: Sequence Number, datatype: int64}
# - {name: Sun Alt, unit: deg, datatype: float64}
# - {name: Moon Alt, unit: deg, datatype: float64}
# - {name: Moon Illumination, datatype: float64}
# delimiter: ','
# meta: !!omap
# - ida:
#     Data supplier: {affiliation: "Asociaci\xF3n Daimiele\xF1a de Astronom\xEDa", observer: "Asociaci\xF3n Daimiele\xF1a de Astronom\xED\
#         a"}
#     Device type: TESS-W
#     Field of view: 17.0
#     Filters per channel: None
#     Instrument ID: stars272
#     License: ODbL 1.0 http://opendatacommons.org/licenses/odbl/summary/
#     Local timezone: Europe/Madrid
#     Location name: {country: "- Asociaci\xF3n Daimiele\xF1a de Astronom\xEDa", place: Daimiel, region: Spain, sub_region: null, town: null}
#     Measurement direction per channel: {azimuth: 0.0, zenital: 0.0}
#     Moving / Fixed look direction: FIXED
#     Moving / Stationary position: STATIONARY
#     Number of channels: 1
#     Number of fields per line: 8
#     Number of header lines: 35
#     Position: {height: 623.0, latitude: 39.0728, longitude: -3.6092}
#     TESS MAC address: 60:01:94:73:5B:68
#     TESS cover offset value: 0.0
#     TESS firmware version: '1.0'
#     TESS zero point: 20.49
#     Time Synchronization: timestamp added by MQTT subscriber
#     URL: http://www.darksky.org/NSBM/sdf1.0.pdf
# - __serialized_columns__:
#     Enclosure Temperature:
#       __class__: astropy.units.quantity.Quantity
#       unit: &id001 !astropy.units.Unit {unit: deg_C}
#       value: !astropy.table.SerializedColumn {name: Enclosure Temperature}
#     Frequency:
#       __class__: astropy.units.quantity.Quantity
#       unit: !astropy.units.Unit {unit: Hz}
#       value: !astropy.table.SerializedColumn {name: Frequency}
#     MSAS:
#       __class__: astropy.units.quantity.Quantity
#       unit: !astropy.units.Unit {unit: mag / arcsec2}
#       value: !astropy.table.SerializedColumn {name: MSAS}
#     Moon Alt:
#       __class__: astropy.units.quantity.Quantity
#       unit: &id002 !astropy.units.Unit {unit: deg}
#       value: !astropy.table.SerializedColumn {name: Moon Alt}
#     Sky Temperature:
#       __class__: astropy.units.quantity.Quantity
#       unit: *id001
#       value: !astropy.table.SerializedColumn {name: Sky Temperature}
#     Sun Alt:
#       __class__: astropy.units.quantity.Quantity
#       unit: *id002
#       value: !astropy.table.SerializedColumn {name: Sun Alt}
#     time:
#       __class__: astropy.time.core.Time
#       format: isot
#       in_subfmt: '*'
#       out_subfmt: '*'
#       precision: 3
#       scale: utc
#       value: !astropy.table.SerializedColumn {name: time}
# schema: astropy-2.0
time,Enclosure Temperature,Sky Temperature,Frequency,MSAS,ZP,Sequence Number,Sun Alt,Moon Alt,Moon Illumination
[from data line 6447]
2024-04-10T01:14:18.000,10.04,-17.92,1.02,20.47,20.49,2016,-40.94,-35.0,0.025
2024-04-10T01:15:18.000,10.13,-18.13,1.01,20.47,20.49,2017,-40.87,-35.0,0.025
2024-04-10T01:16:18.000,10.43,-18.13,1.02,20.47,20.49,2018,-40.81,-35.0,0.025
2024-04-10T01:17:18.000,10.41,-18.04,1.02,20.46,20.49,2019,-40.74,-35.0,0.025
2024-04-10T01:18:18.000,10.3,-18.05,1.02,20.46,20.49,2020,-40.67,-35.0,0.025
2024-04-10T01:19:18.000,10.16,-17.92,1.02,20.47,20.49,2021,-40.6,-35.0,0.025
2024-04-10T01:20:18.000,10.01,-17.99,1.02,20.46,20.49,2022,-40.53,-35.0,0.025
2024-04-10T01:21:18.000,10.22,-18.4,1.02,20.47,20.49,2023,-40.46,-35.0,0.025
2024-04-10T01:22:18.000,10.75,-18.45,1.02,20.46,20.49,2024,-40.39,-35.0,0.025
2024-04-10T01:23:18.000,10.86,-18.19,1.02,20.46,20.49,2025,-40.32,-35.0,0.025
2024-04-10T01:24:19.000,10.7,-18.17,1.03,20.46,20.49,2026,-40.24,-35.0,0.025
2024-04-10T01:25:19.000,10.42,-18.25,1.03,20.46,20.49,2027,-40.17,-35.0,0.025
2024-04-10T01:26:19.000,10.12,-18.16,1.03,20.46,20.49,2028,-40.09,-35.0,0.025
2024-04-10T01:27:19.000,10.02,-18.29,1.03,20.46,20.49,2029,-40.01,-35.0,0.025
2024-04-10T01:28:19.000,10.52,-18.59,1.03,20.46,20.49,2030,-39.93,-35.0,0.025
2024-04-10T01:29:19.000,10.74,-18.4,1.03,20.46,20.49,2031,-39.86,-35.0,0.025
2024-04-10T01:30:19.000,10.63,-18.31,1.03,20.46,20.49,2032,-39.78,-35.0,0.025
2024-04-10T01:31:19.000,10.47,-18.27,1.03,20.46,20.49,2033,-39.7,-35.0,0.025
2024-04-10T01:32:19.000,10.23,-18.32,1.04,20.45,20.49,2034,-39.61,-35.0,0.025
2024-04-10T01:33:19.000,10.04,-18.32,1.04,20.45,20.49,2035,-39.53,-35.0,0.025
2024-04-10T01:34:19.000,10.13,-18.71,1.04,20.45,20.49,2036,-39.45,-35.0,0.025
2024-04-10T01:35:19.000,10.66,-18.82,1.04,20.45,20.49,2037,-39.36,-35.0,0.025
2024-04-10T01:36:19.000,10.7,-18.6,1.04,20.45,20.49,2038,-39.28,-35.0,0.025
2024-04-10T01:37:19.000,10.56,-18.45,1.04,20.45,20.49,2039,-39.19,-35.0,0.025
2024-04-10T01:38:19.000,10.32,-18.33,1.03,20.45,20.49,2040,-39.11,-35.0,0.025
2024-04-10T01:39:19.000,10.06,-18.3,1.03,20.46,20.49,2041,-39.02,-35.0,0.025
2024-04-10T01:40:20.000,10.05,-18.55,1.03,20.46,20.49,2042,-38.93,-35.0,0.025
2024-04-10T01:41:20.000,10.72,-18.74,1.02,20.47,20.49,2043,-38.84,-35.0,0.025
2024-04-10T01:42:20.000,10.9,-18.48,1.02,20.46,20.49,2044,-38.75,-35.0,0.025
2024-04-10T01:43:20.000,10.82,-18.28,1.02,20.47,20.49,2045,-38.65,-35.0,0.025
2024-04-10T01:44:20.000,10.5,-18.17,1.02,20.47,20.49,2046,-38.56,-35.0,0.025
2024-04-10T01:45:20.000,10.2,-18.2,1.02,20.47,20.49,2047,-38.47,-35.0,0.025
2024-04-10T01:46:20.000,9.99,-18.21,1.02,20.47,20.49,2048,-38.37,-35.0,0.025
2024-04-10T01:47:20.000,10.37,-18.6,1.01,20.48,20.49,2049,-38.28,-35.0,0.025
2024-04-10T01:48:20.000,10.61,-18.44,1.01,20.48,20.49,2050,-38.18,-35.0,0.025
2024-04-10T01:49:20.000,10.51,-18.24,1.01,20.48,20.49,2051,-38.09,-35.0,0.025
2024-04-10T01:50:20.000,10.32,-18.19,1.01,20.48,20.49,2052,-37.99,-35.0,0.025
2024-04-10T01:51:20.000,10.06,-18.19,1.01,20.48,20.49,2053,-37.89,-35.0,0.025
2024-04-10T01:52:20.000,10.03,-18.53,1.01,20.48,20.49,2054,-37.79,-35.0,0.026
2024-04-10T01:53:20.000,10.71,-18.78,1.01,20.48,20.49,2055,-37.69,-35.0,0.026
2024-04-10T01:54:20.000,10.89,-18.51,1.01,20.48,20.49,2056,-37.59,-35.0,0.026
2024-04-10T01:55:20.000,10.67,-18.34,1.01,20.48,20.49,2057,-37.49,-35.0,0.026
2024-04-10T01:56:20.000,10.43,-18.21,1.01,20.48,20.49,2058,-37.39,-35.0,0.026
2024-04-10T01:57:21.000,10.07,-18.19,1.0,20.48,20.49,2059,-37.28,-35.0,0.026
2024-04-10T01:58:21.000,10.05,-18.39,1.0,20.49,20.49,2060,-37.18,-35.0,0.026
2024-04-10T01:59:21.000,10.65,-18.63,1.0,20.49,20.49,2061,-37.07,-35.0,0.026
2024-04-10T02:00:21.000,10.83,-18.39,1.0,20.49,20.49,2062,-36.97,-35.0,0.026
2024-04-10T02:01:21.000,10.69,-18.23,1.0,20.49,20.49,2063,-36.86,-35.0,0.026
2024-04-10T02:02:21.000,10.4,-18.19,1.0,20.49,20.49,2064,-36.75,-34.0,0.026
2024-04-10T02:03:21.000,10.14,-18.1,1.0,20.49,20.49,2065,-36.64,-34.0,0.026
2024-04-10T02:04:21.000,9.93,-18.25,1.0,20.49,20.49,2066,-36.53,-34.0,0.026
2024-04-10T02:05:21.000,10.61,-18.77,1.0,20.49,20.49,2067,-36.42,-34.0,0.026
2024-04-10T02:06:21.000,10.97,-18.5,1.0,20.49,20.49,2068,-36.31,-34.0,0.026
2024-04-10T02:07:21.000,10.85,-18.24,1.0,20.49,20.49,2069,-36.2,-34.0,0.026
2024-04-10T02:08:21.000,10.63,-18.08,1.0,20.49,20.49,2070,-36.09,-34.0,0.026
2024-04-10T02:09:21.000,10.22,-18.1,1.0,20.49,20.49,2071,-35.98,-34.0,0.026
2024-04-10T02:10:21.000,9.97,-18.09,1.0,20.49,20.49,2072,-35.86,-34.0,0.026
2024-04-10T02:11:21.000,10.45,-18.55,1.01,20.48,20.49,2073,-35.75,-34.0,0.026
2024-04-10T02:12:21.000,10.85,-18.37,1.01,20.48,20.49,2074,-35.63,-34.0,0.026
2024-04-10T02:13:22.000,10.73,-18.2,1.01,20.48,20.49,2075,-35.52,-34.0,0.026
2024-04-10T02:14:22.000,10.46,-18.08,1.01,20.48,20.49,2076,-35.4,-34.0,0.026
2024-04-10T02:15:22.000,10.2,-18.04,1.01,20.48,20.49,2077,-35.28,-34.0,0.026
2024-04-10T02:16:22.000,9.98,-18.07,1.01,20.48,20.49,2078,-35.16,-34.0,0.026
2024-04-10T02:17:22.000,10.36,-18.51,1.01,20.48,20.49,2079,-35.05,-34.0,0.026
2024-04-10T02:18:22.000,10.73,-18.46,1.01,20.48,20.49,2080,-34.93,-34.0,0.026
2024-04-10T02:19:22.000,10.69,-18.28,1.01,20.48,20.49,2081,-34.81,-34.0,0.026
2024-04-10T02:20:22.000,10.42,-18.18,1.01,20.48,20.49,2082,-34.69,-34.0,0.026
2024-04-10T02:21:22.000,10.1,-18.21,1.01,20.48,20.49,2083,-34.56,-34.0,0.026
2024-04-10T02:22:22.000,10.03,-18.43,1.02,20.47,20.49,2084,-34.44,-34.0,0.026
2024-04-10T02:23:22.000,10.63,-18.71,1.02,20.47,20.49,2085,-34.32,-33.0,0.026
2024-04-10T02:24:22.000,10.68,-18.47,1.02,20.47,20.49,2086,-34.2,-33.0,0.026
2024-04-10T02:25:22.000,10.49,-18.27,1.01,20.48,20.49,2087,-34.07,-33.0,0.026
2024-04-10T02:26:22.000,10.3,-18.2,1.0,20.49,20.49,2088,-33.95,-33.0,0.026
2024-04-10T02:27:22.000,10.06,-18.15,1.0,20.49,20.49,2089,-33.82,-33.0,0.026
2024-04-10T02:28:23.000,10.12,-18.56,1.0,20.49,20.49,2090,-33.69,-33.0,0.026
2024-04-10T02:29:23.000,10.73,-18.66,0.99,20.5,20.49,2091,-33.57,-33.0,0.026
2024-04-10T02:30:23.000,10.67,-18.41,0.99,20.5,20.49,2092,-33.44,-33.0,0.027
2024-04-10T02:31:23.000,10.57,-18.28,0.99,20.5,20.49,2093,-33.31,-33.0,0.027
2024-04-10T02:32:23.000,10.36,-18.25,0.99,20.5,20.49,2094,-33.18,-33.0,0.027
2024-04-10T02:33:23.000,10.1,-18.22,0.99,20.5,20.49,2095,-33.05,-33.0,0.027
2024-04-10T02:34:23.000,10.02,-18.39,0.99,20.5,20.49,2096,-32.92,-33.0,0.027
2024-04-10T02:35:23.000,10.49,-18.74,0.99,20.5,20.49,2097,-32.79,-33.0,0.027
2024-04-10T02:36:23.000,10.65,-18.5,0.99,20.5,20.49,2098,-32.66,-33.0,0.027
2024-04-10T02:37:23.000,10.56,-18.31,0.99,20.5,20.49,2099,-32.53,-33.0,0.027
2024-04-10T02:38:23.000,10.38,-18.28,1.0,20.49,20.49,2100,-32.39,-32.0,0.027
2024-04-10T02:39:23.000,10.17,-18.23,1.0,20.49,20.49,2101,-32.26,-32.0,0.027
2024-04-10T02:40:23.000,10.02,-18.29,1.0,20.49,20.49,2102,-32.13,-32.0,0.027
2024-04-10T02:41:23.000,10.42,-18.56,1.0,20.49,20.49,2103,-31.99,-32.0,0.027
2024-04-10T02:42:23.000,10.58,-18.37,0.99,20.5,20.49,2104,-31.86,-32.0,0.027
2024-04-10T02:43:23.000,10.46,-18.28,1.0,20.5,20.49,2105,-31.72,-32.0,0.027
2024-04-10T02:44:23.000,10.28,-18.27,1.0,20.49,20.49,2106,-31.59,-32.0,0.027
2024-04-10T02:45:24.000,10.07,-18.25,1.0,20.49,20.49,2107,-31.45,-32.0,0.027
2024-04-10T02:46:24.000,10.1,-18.52,1.0,20.49,20.49,2108,-31.31,-32.0,0.027
2024-04-10T02:47:24.000,10.63,-18.63,1.0,20.49,20.49,2109,-31.17,-32.0,0.027
2024-04-10T02:48:24.000,10.73,-18.47,1.0,20.49,20.49,2110,-31.03,-32.0,0.027
2024-04-10T02:49:24.000,10.6,-18.34,1.0,20.49,20.49,2111,-30.89,-32.0,0.027
2024-04-10T02:50:24.000,10.36,-18.31,1.0,20.49,20.49,2112,-30.75,-32.0,0.027
2024-04-10T02:51:24.000,10.15,-18.32,1.0,20.49,20.49,2113,-30.61,-32.0,0.027
2024-04-10T02:52:24.000,9.96,-18.41,1.0,20.49,20.49,2114,-30.47,-31.0,0.027
2024-04-10T02:53:24.000,10.39,-18.96,1.0,20.49,20.49,2115,-30.33,-31.0,0.027
2024-04-10T02:54:24.000,10.73,-18.78,1.0,20.49,20.49,2116,-30.19,-31.0,0.027
2024-04-10T02:55:24.000,10.62,-18.55,1.0,20.49,20.49,2117,-30.05,-31.0,0.027
2024-04-10T02:56:24.000,10.36,-18.49,1.0,20.49,20.49,2118,-29.9,-31.0,0.027
2024-04-10T02:57:24.000,9.93,-18.58,1.0,20.49,20.49,2119,-29.76,-31.0,0.027
2024-04-10T02:58:24.000,10.33,-19.18,1.0,20.49,20.49,2120,-29.62,-31.0,0.027
2024-04-10T02:59:24.000,10.83,-18.95,1.0,20.49,20.49,2121,-29.47,-31.0,0.027
2024-04-10T03:00:25.000,10.82,-18.74,1.0,20.48,20.49,2122,-29.32,-31.0,0.027
2024-04-10T03:01:25.000,10.7,-18.61,1.0,20.48,20.49,2123,-29.18,-31.0,0.027
2024-04-10T03:02:25.000,10.39,-18.52,1.01,20.48,20.49,2124,-29.03,-31.0,0.027
2024-04-10T03:03:25.000,10.01,-18.58,1.01,20.48,20.49,2125,-28.89,-31.0,0.027
2024-04-10T03:04:25.000,10.22,-19.07,1.01,20.48,20.49,2126,-28.74,-30.0,0.027
2024-04-10T03:05:25.000,10.83,-19.09,1.01,20.48,20.49,2127,-28.59,-30.0,0.027
2024-04-10T03:06:25.000,10.84,-18.86,1.01,20.48,20.49,2128,-28.44,-30.0,0.027
2024-04-10T03:07:25.000,10.63,-18.71,1.01,20.48,20.49,2129,-28.29,-30.0,0.028
2024-04-10T03:08:32.000,10.29,-18.67,1.01,20.48,20.49,2130,-28.13,-30.0,0.028
2024-04-10T03:09:31.000,9.99,-18.67,1.01,20.48,20.49,2131,-27.98,-30.0,0.028
2024-04-10T03:10:31.000,10.25,-19.21,1.01,20.48,20.49,2132,-27.83,-30.0,0.028
2024-04-10T03:11:31.000,10.85,-19.18,1.01,20.48,20.49,2133,-27.68,-30.0,0.028
2024-04-10T03:12:31.000,10.91,-18.86,1.01,20.48,20.49,2134,-27.53,-30.0,0.028
2024-04-10T03:13:31.000,10.73,-18.74,1.01,20.48,20.49,2135,-27.38,-30.0,0.028
2024-04-10T03:14:31.000,10.36,-18.7,1.01,20.47,20.49,2136,-27.23,-29.0,0.028
2024-04-10T03:15:32.000,9.99,-18.79,1.02,20.47,20.49,2137,-27.07,-29.0,0.028
2024-04-10T03:16:32.000,10.05,-19.29,1.02,20.47,20.49,2138,-26.92,-29.0,0.028
2024-04-10T03:17:32.000,10.84,-19.49,1.02,20.47,20.49,2139,-26.76,-29.0,0.028
2024-04-10T03:18:32.000,11.12,-19.05,1.02,20.47,20.49,2140,-26.61,-29.0,0.028
2024-04-10T03:19:32.000,11.0,-18.83,1.02,20.47,20.49,2141,-26.46,-29.0,0.028
2024-04-10T03:20:32.000,10.78,-18.69,1.02,20.47,20.49,2142,-26.3,-29.0,0.028
2024-04-10T03:21:32.000,10.53,-18.65,1.02,20.47,20.49,2143,-26.15,-29.0,0.028
2024-04-10T03:22:32.000,10.23,-18.74,1.02,20.46,20.49,2144,-25.99,-29.0,0.028
2024-04-10T03:23:32.000,9.94,-18.8,1.02,20.47,20.49,2145,-25.83,-29.0,0.028
2024-04-10T03:24:32.000,10.5,-19.24,1.02,20.47,20.49,2146,-25.68,-28.0,0.028
2024-04-10T03:25:32.000,11.06,-19.01,1.02,20.46,20.49,2147,-25.52,-28.0,0.028
2024-04-10T03:26:32.000,10.99,-18.74,1.03,20.46,20.49,2148,-25.36,-28.0,0.028
2024-04-10T03:27:32.000,10.69,-18.61,1.02,20.46,20.49,2149,-25.21,-28.0,0.028
2024-04-10T03:28:32.000,10.32,-18.56,1.03,20.46,20.49,2150,-25.05,-28.0,0.028
2024-04-10T03:29:32.000,10.05,-18.61,1.03,20.46,20.49,2151,-24.89,-28.0,0.028
2024-04-10T03:30:32.000,10.1,-19.05,1.03,20.46,20.49,2152,-24.73,-28.0,0.028
2024-04-10T03:31:33.000,10.65,-19.03,1.03,20.46,20.49,2153,-24.57,-28.0,0.028
2024-04-10T03:32:33.000,10.65,-18.76,1.03,20.46,20.49,2154,-24.41,-28.0,0.028
2024-04-10T03:33:33.000,10.45,-18.64,1.03,20.46,20.49,2155,-24.25,-28.0,0.028
2024-04-10T03:34:33.000,10.1,-18.56,1.03,20.46,20.49,2156,-24.09,-27.0,0.028
2024-04-10T03:35:33.000,9.97,-18.77,1.03,20.46,20.49,2157,-23.93,-27.0,0.028
2024-04-10T03:36:33.000,10.46,-19.09,1.03,20.46,20.49,2158,-23.77,-27.0,0.028
2024-04-10T03:37:33.000,10.69,-18.87,1.03,20.45,20.49,2159,-23.6,-27.0,0.028
2024-04-10T03:38:33.000,10.38,-18.77,1.04,20.45,20.49,2160,-23.44,-27.0,0.028
2024-04-10T03:39:33.000,10.08,-18.76,1.04,20.45,20.49,2161,-23.28,-27.0,0.028
2024-04-10T03:40:33.000,10.02,-18.97,1.04,20.45,20.49,2162,-23.12,-27.0,0.028
2024-04-10T03:41:33.000,10.64,-19.16,1.04,20.45,20.49,2163,-22.95,-27.0,0.028
2024-04-10T03:42:33.000,10.77,-18.89,1.04,20.45,20.49,2164,-22.79,-27.0,0.028
2024-04-10T03:43:33.000,10.57,-18.73,1.05,20.44,20.49,2165,-22.63,-26.0,0.029
2024-04-10T03:46:02.000,9.99,-18.73,1.05,20.44,20.49,2167,-22.22,-26.0,0.029
2024-04-10T03:47:02.000,10.41,-19.17,1.06,20.43,20.49,2168,-22.05,-26.0,0.029
2024-04-10T03:48:02.000,10.45,-18.89,1.06,20.43,20.49,2169,-21.89,-26.0,0.029
2024-04-10T03:49:02.000,10.2,-18.8,1.06,20.43,20.49,2170,-21.72,-26.0,0.029
2024-04-10T03:50:02.000,9.99,-18.74,1.06,20.43,20.49,2171,-21.55,-26.0,0.029
2024-04-10T03:51:02.000,10.37,-19.12,1.05,20.43,20.49,2172,-21.39,-26.0,0.029
2024-04-10T03:52:02.000,10.61,-18.9,1.05,20.43,20.49,2173,-21.22,-25.0,0.029
2024-04-10T03:53:02.000,10.22,-18.73,1.06,20.43,20.49,2174,-21.05,-25.0,0.029
2024-04-10T03:54:02.000,9.91,-18.9,1.06,20.43,20.49,2175,-20.89,-25.0,0.029
2024-04-10T03:55:02.000,10.54,-19.34,1.06,20.43,20.49,2176,-20.72,-25.0,0.029
2024-04-10T03:56:02.000,10.85,-19.07,1.06,20.42,20.49,2177,-20.55,-25.0,0.029
2024-04-10T03:57:02.000,10.68,-18.8,1.07,20.42,20.49,2178,-20.38,-25.0,0.029
2024-04-10T03:58:03.000,10.37,-18.74,1.07,20.42,20.49,2179,-20.21,-25.0,0.029
2024-04-10T03:59:03.000,10.06,-18.72,1.07,20.42,20.49,2180,-20.04,-25.0,0.029
2024-04-10T04:00:03.000,9.86,-19.08,1.07,20.41,20.49,2181,-19.87,-24.0,0.029
2024-04-10T04:01:03.000,10.57,-19.55,1.08,20.41,20.49,2182,-19.7,-24.0,0.029
2024-04-10T04:03:22.000,10.91,-18.77,1.07,20.41,20.49,2184,-19.3,-24.0,0.029
2024-04-10T04:04:22.000,10.53,-18.68,1.07,20.41,20.49,2185,-19.13,-24.0,0.029
2024-04-10T04:05:22.000,10.2,-18.61,1.07,20.41,20.49,2186,-18.96,-24.0,0.029
2024-04-10T04:06:22.000,9.97,-18.76,1.08,20.41,20.49,2187,-18.79,-24.0,0.029
2024-04-10T04:07:22.000,10.48,-19.17,1.07,20.41,20.49,2188,-18.62,-24.0,0.029
2024-04-10T04:08:22.000,10.66,-18.91,1.08,20.41,20.49,2189,-18.45,-23.0,0.029
2024-04-10T04:09:22.000,10.48,-18.65,1.08,20.41,20.49,2190,-18.27,-23.0,0.029
2024-04-10T04:10:22.000,9.99,-18.75,1.08,20.41,20.49,2191,-18.1,-23.0,0.029
2024-04-10T04:11:23.000,10.31,-19.26,1.08,20.4,20.49,2192,-17.93,-23.0,0.029
2024-04-10T04:12:23.000,10.65,-19.09,1.09,20.4,20.49,2193,-17.75,-23.0,0.029
2024-04-10T04:13:23.000,10.44,-18.87,1.09,20.39,20.49,2194,-17.58,-23.0,0.029
2024-04-10T04:14:23.000,9.99,-18.87,1.1,20.39,20.49,2195,-17.41,-23.0,0.029
2024-04-10T04:15:23.000,10.12,-19.33,1.1,20.39,20.49,2196,-17.23,-23.0,0.029
2024-04-10T04:16:23.000,10.74,-19.38,1.1,20.39,20.49,2197,-17.06,-22.0,0.029
2024-04-10T04:17:23.000,10.98,-18.97,1.1,20.39,20.49,2198,-16.88,-22.0,0.029
2024-04-10T04:18:23.000,10.72,-18.75,1.1,20.39,20.49,2199,-16.71,-22.0,0.029
2024-04-10T04:19:23.000,10.38,-18.71,1.11,20.38,20.49,2200,-16.53,-22.0,0.03
2024-04-10T04:20:23.000,9.99,-18.73,1.11,20.37,20.49,2201,-16.36,-22.0,0.03
2024-04-10T04:21:23.000,10.17,-19.21,1.12,20.37,20.49,2202,-16.18,-22.0,0.03
2024-04-10T04:22:23.000,10.55,-19.12,1.12,20.37,20.49,2203,-16.0,-22.0,0.03
2024-04-10T04:23:23.000,10.58,-18.86,1.13,20.36,20.49,2204,-15.83,-21.0,0.03
2024-04-10T04:24:23.000,10.35,-18.8,1.13,20.35,20.49,2205,-15.65,-21.0,0.03
2024-04-10T04:25:23.000,10.02,-18.75,1.14,20.35,20.49,2206,-15.47,-21.0,0.03
2024-04-10T04:26:23.000,10.02,-19.18,1.15,20.34,20.49,2207,-15.3,-21.0,0.03
2024-04-10T04:27:23.000,10.43,-19.26,1.16,20.33,20.49,2208,-15.12,-21.0,0.03
2024-04-10T04:28:24.000,10.47,-19.04,1.17,20.32,20.49,2209,-14.94,-21.0,0.03
2024-04-10T04:29:24.000,10.21,-18.93,1.19,20.31,20.49,2210,-14.76,-21.0,0.03
2024-04-10T04:30:24.000,9.95,-18.98,1.2,20.29,20.49,2211,-14.58,-20.0,0.03
2024-04-10T04:31:24.000,10.44,-19.4,1.22,20.27,20.49,2212,-14.41,-20.0,0.03
2024-04-10T04:32:24.000,10.7,-19.19,1.24,20.26,20.49,2213,-14.23,-20.0,0.03
2024-04-10T04:33:24.000,10.33,-19.03,1.27,20.23,20.49,2214,-14.05,-20.0,0.03
2024-04-10T04:34:24.000,10.02,-19.01,1.29,20.21,20.49,2215,-13.87,-20.0,0.03
2024-04-10T04:35:24.000,10.25,-19.25,1.33,20.18,20.49,2216,-13.69,-20.0,0.03
2024-04-10T04:36:24.000,10.16,-19.1,1.38,20.14,20.49,2217,-13.51,-20.0,0.03
2024-04-10T04:37:24.000,10.03,-19.24,1.43,20.1,20.49,2218,-13.33,-20.0,0.03
2024-04-10T04:38:24.000,10.17,-19.35,1.49,20.06,20.49,2219,-13.15,-19.0,0.03
2024-04-10T04:39:24.000,10.13,-19.16,1.56,20.01,20.49,2220,-12.97,-19.0,0.03
2024-04-10T04:40:24.000,9.85,-19.17,1.64,19.95,20.49,2221,-12.79,-19.0,0.03
2024-04-10T04:41:24.000,10.32,-19.73,1.74,19.89,20.49,2222,-12.61,-19.0,0.03
2024-04-10T04:42:24.000,10.9,-19.55,1.85,19.82,20.49,2223,-12.43,-19.0,0.03
