ecsv/stars272/stars272_2025-04.ecsv
# %ECSV 1.0
# ---
# datatype:
# - {name: time, datatype: string}
# - {name: Enclosure Temperature, unit: deg_C, datatype: float64}
# - {name: Sky Temperature, unit: deg_C, datatype: float64}
# - {name: Frequency, unit: Hz, datatype: float64}
# - {name: MSAS, unit: mag / arcsec2, datatype: float64}
# - {name: ZP, datatype: float64}
# - {name: Sequence Number, datatype: int64}
# - {name: Sun Alt, unit: deg, datatype: float64}
# - {name: Moon Alt, unit: deg, datatype: float64}
# - {name: Moon Illumination, datatype: float64}
# delimiter: ','
# meta: !!omap
# - ida:
#     Data supplier: {affiliation: "Asociaci\xF3n Daimiele\xF1a de Astronom\xEDa", observer: "Asociaci\xF3n Daimiele\xF1a de Astronom\xED\
#         a"}
#     Device type: TESS-W
#     Field of view: 17.0
#     Filters per channel: None
#     Instrument ID: stars272
#     License: ODbL 1.0 http://opendatacommons.org/licenses/odbl/summary/
#     Local timezone: Europe/Madrid
#     Location name: {country: Spain, place: "Asociaci\xF3n Daimiele\xF1a de Astronom\xEDa", region: null, sub_region: null, town: Daimiel}
#     Measurement direction per channel: {azimuth: 0.0, zenital: 0.0}
#     Moving / Fixed look direction: FIXED
#     Moving / Stationary position: STATIONARY
#     Number of channels: 1
#     Number of fields per line: 8
#     Number of header lines: 35
#     Position: {height: 623.0, latitude: 39.0728, longitude: -3.6092}
#     TESS MAC address: 60:01:94:73:5B:68
#     TESS cover offset value: 0.0
#     TESS firmware version: '1.0'
#     TESS zero point: 20.49
#     Time Synchronization: timestamp added by MQTT subscriber
#     URL: http://www.darksky.org/NSBM/sdf1.0.pdf
# - __serialized_columns__:
#     Enclosure Temperature:
#       __class__: astropy.units.quantity.Quantity
#       unit: &id001 !astropy.units.Unit {unit: deg_C}
#       value: !astropy.table.SerializedColumn {name: Enclosure Temperature}
#     Frequency:
#       __class__: astropy.units.quantity.Quantity
#       unit: !astropy.units.Unit {unit: Hz}
#       value: !astropy.table.SerializedColumn {name: Frequency}
#     MSAS:
#       __class__: astropy.units.quantity.Quantity
#       unit: !astropy.units.Unit {unit: mag / arcsec2}
#       value: !astropy.table.SerializedColumn {name: MSAS}
#     Moon Alt:
#       __class__: astropy.units.quantity.Quantity
#       unit: &id002 !astropy.units.Unit {unit: deg}
#       value: !astropy.table.SerializedColumn {name: Moon Alt}
#     Sky Temperature:
#       __class__: astropy.units.quantity.Quantity
#       unit: *id001
#       value: !astropy.table.SerializedColumn {name: Sky Temperature}
#     Sun Alt:
#       __class__: astropy.units.quantity.Quantity
#       unit: *id002
#       value: !astropy.table.SerializedColumn {name: Sun Alt}
#     time:
#       __class__: astropy.time.core.Time
#       format: isot
#       in_subfmt: '*'
#       out_subfmt: '*'
#       precision: 3
#       scale: utc
#       value: !astropy.table.SerializedColumn {name: time}
# schema: astropy-2.0
time,Enclosure Temperature,Sky Temperature,Frequency,MSAS,ZP,Sequence Number,Sun Alt,Moon Alt,Moon Illumination
[from data line 17479]
2025-04-25T21:11:29.000,21.05,-3.35,2.34,19.57,20.49,36992,-22.64,-44.0,0.056
2025-04-25T21:12:30.000,21.04,-3.39,2.35,19.56,20.49,36993,-22.79,-44.0,0.056
2025-04-25T21:13:30.000,21.03,-3.39,2.33,19.57,20.49,36994,-22.93,-44.0,0.056
2025-04-25T21:14:30.000,20.97,-3.45,2.35,19.56,20.49,36995,-23.08,-44.0,0.056
2025-04-25T21:15:30.000,20.93,-3.48,2.34,19.57,20.49,36996,-23.22,-44.0,0.056
2025-04-25T21:16:30.000,20.88,-3.43,2.34,19.57,20.49,36997,-23.36,-44.0,0.056
2025-04-25T21:17:30.000,20.88,-3.65,2.3,19.59,20.49,36998,-23.51,-44.0,0.056
2025-04-25T21:18:30.000,20.79,-3.84,2.28,19.59,20.49,36999,-23.65,-44.0,0.056
2025-04-25T21:19:30.000,20.8,-3.73,2.32,19.58,20.49,37000,-23.79,-44.0,0.056
2025-04-25T21:20:30.000,20.74,-3.68,2.32,19.58,20.49,37001,-23.93,-45.0,0.056
2025-04-25T21:21:30.000,20.72,-3.64,2.34,19.57,20.49,37002,-24.07,-45.0,0.056
2025-04-25T21:22:30.000,20.72,-3.69,2.32,19.58,20.49,37003,-24.21,-45.0,0.056
2025-04-25T21:23:30.000,20.63,-3.69,2.27,19.6,20.49,37004,-24.35,-45.0,0.056
2025-04-25T21:24:30.000,20.61,-3.64,2.26,19.6,20.49,37005,-24.49,-45.0,0.056
2025-04-25T21:25:30.000,20.65,-3.62,2.27,19.6,20.49,37006,-24.63,-45.0,0.056
2025-04-25T21:26:30.000,20.67,-3.57,2.28,19.59,20.49,37007,-24.76,-45.0,0.056
2025-04-25T21:27:30.000,20.66,-3.59,2.27,19.6,20.49,37008,-24.9,-45.0,0.056
2025-04-25T21:28:31.000,20.63,-3.63,2.28,19.59,20.49,37009,-25.04,-45.0,0.056
2025-04-25T21:29:31.000,20.61,-3.67,2.26,19.6,20.49,37010,-25.18,-45.0,0.056
2025-04-25T21:30:31.000,20.58,-3.57,2.27,19.6,20.49,37011,-25.31,-45.0,0.056
2025-04-25T21:31:31.000,20.56,-3.41,2.29,19.59,20.49,37012,-25.45,-45.0,0.056
2025-04-25T21:32:31.000,20.52,-3.45,2.29,19.59,20.49,37013,-25.58,-45.0,0.055
2025-04-25T21:33:31.000,20.51,-3.51,2.25,19.61,20.49,37014,-25.71,-45.0,0.055
2025-04-25T21:34:31.000,20.51,-3.52,2.25,19.61,20.49,37015,-25.85,-45.0,0.055
2025-04-25T21:35:31.000,20.5,-3.42,2.41,19.53,20.49,37016,-25.98,-45.0,0.055
2025-04-25T21:36:31.000,20.44,-3.43,2.26,19.61,20.49,37017,-26.11,-46.0,0.055
2025-04-25T21:37:31.000,20.39,-3.25,2.26,19.61,20.49,37018,-26.24,-46.0,0.055
2025-04-25T21:38:31.000,20.34,-2.78,2.28,19.6,20.49,37019,-26.38,-46.0,0.055
2025-04-25T21:39:31.000,20.32,-1.91,2.39,19.54,20.49,37020,-26.51,-46.0,0.055
2025-04-25T21:40:31.000,20.26,-0.81,2.61,19.45,20.49,37021,-26.64,-46.0,0.055
2025-04-25T21:41:31.000,20.25,-0.11,2.71,19.41,20.49,37022,-26.77,-46.0,0.055
2025-04-25T21:42:31.000,20.17,-0.17,2.68,19.42,20.49,37023,-26.89,-46.0,0.055
2025-04-25T21:43:31.000,20.16,-0.84,2.41,19.54,20.49,37024,-27.02,-46.0,0.055
2025-04-25T21:44:32.000,20.18,-1.63,2.32,19.58,20.49,37025,-27.15,-46.0,0.055
2025-04-25T21:45:32.000,20.18,-2.33,2.29,19.59,20.49,37026,-27.28,-46.0,0.055
2025-04-25T21:46:32.000,20.21,-2.78,2.28,19.6,20.49,37027,-27.41,-46.0,0.055
2025-04-25T21:47:32.000,20.16,-3.04,2.25,19.61,20.49,37028,-27.53,-46.0,0.055
2025-04-25T21:48:32.000,20.13,-3.25,2.24,19.61,20.49,37029,-27.66,-46.0,0.055
2025-04-25T21:49:32.000,20.06,-3.44,2.24,19.61,20.49,37030,-27.78,-46.0,0.055
2025-04-25T21:50:32.000,20.05,-3.52,2.21,19.63,20.49,37031,-27.91,-46.0,0.055
2025-04-25T21:51:32.000,20.01,-3.56,2.23,19.62,20.49,37032,-28.03,-46.0,0.055
2025-04-25T21:52:32.000,19.95,-3.43,2.26,19.61,20.49,37033,-28.15,-46.0,0.055
2025-04-25T21:53:32.000,19.91,-3.33,2.26,19.6,20.49,37034,-28.27,-46.0,0.055
2025-04-25T21:54:32.000,19.83,-3.42,2.25,19.61,20.49,37035,-28.39,-46.0,0.055
2025-04-25T21:55:32.000,19.78,-3.47,2.25,19.61,20.49,37036,-28.52,-46.0,0.055
2025-04-25T21:56:32.000,19.81,-3.53,2.26,19.61,20.49,37037,-28.64,-46.0,0.055
2025-04-25T21:57:32.000,19.82,-3.43,2.27,19.6,20.49,37038,-28.76,-46.0,0.055
2025-04-25T21:58:32.000,19.74,-3.28,2.26,19.6,20.49,37039,-28.87,-46.0,0.054
2025-04-25T21:59:32.000,19.73,-3.18,2.32,19.58,20.49,37040,-28.99,-47.0,0.054
2025-04-25T22:00:33.000,19.71,-3.11,2.19,19.64,20.49,37041,-29.11,-47.0,0.054
2025-04-25T22:01:33.000,19.7,-2.77,2.06,19.7,20.49,37042,-29.23,-47.0,0.054
2025-04-25T22:02:33.000,19.69,-2.24,2.22,19.63,20.49,37043,-29.34,-47.0,0.054
2025-04-25T22:03:33.000,19.65,-1.59,2.64,19.44,20.49,37044,-29.46,-47.0,0.054
2025-04-25T22:04:33.000,19.67,-0.57,3.15,19.25,20.49,37045,-29.58,-47.0,0.054
2025-04-25T22:05:33.000,19.63,1.17,3.41,19.16,20.49,37046,-29.69,-47.0,0.054
2025-04-25T22:06:33.000,19.66,3.14,3.86,19.03,20.49,37047,-29.8,-47.0,0.054
2025-04-25T22:07:33.000,19.7,4.97,6.81,18.42,20.49,37048,-29.92,-47.0,0.054
2025-04-25T22:08:33.000,19.71,6.66,7.8,18.26,20.49,37049,-30.03,-47.0,0.054
2025-04-25T22:09:33.000,19.69,8.06,9.97,18.0,20.49,37050,-30.14,-47.0,0.054
2025-04-25T22:10:33.000,19.69,9.1,12.42,17.76,20.49,37051,-30.25,-47.0,0.054
2025-04-25T22:11:33.000,19.68,9.26,12.81,17.72,20.49,37052,-30.36,-47.0,0.054
2025-04-25T22:12:33.000,19.67,8.96,11.0,17.89,20.49,37053,-30.47,-47.0,0.054
2025-04-25T22:13:33.000,19.7,8.93,11.74,17.82,20.49,37054,-30.58,-47.0,0.054
2025-04-25T22:14:33.000,19.76,8.52,10.32,17.96,20.49,37055,-30.69,-47.0,0.054
2025-04-25T22:15:33.000,19.8,7.94,8.8,18.13,20.49,37056,-30.79,-47.0,0.054
2025-04-25T22:16:34.000,19.8,7.87,9.38,18.06,20.49,37057,-30.9,-47.0,0.054
2025-04-25T22:17:34.000,19.78,7.75,8.12,18.22,20.49,37058,-31.01,-47.0,0.054
2025-04-25T22:18:34.000,19.78,7.15,9.47,18.05,20.49,37059,-31.11,-47.0,0.054
2025-04-25T22:19:34.000,19.78,6.17,8.2,18.21,20.49,37060,-31.22,-47.0,0.054
2025-04-25T22:20:34.000,19.81,5.43,8.5,18.17,20.49,37061,-31.32,-47.0,0.054
2025-04-25T22:21:34.000,19.83,5.07,7.21,18.35,20.49,37062,-31.42,-47.0,0.054
2025-04-25T22:22:34.000,19.84,4.62,6.63,18.44,20.49,37063,-31.53,-47.0,0.054
2025-04-25T22:23:34.000,19.83,3.96,6.9,18.39,20.49,37064,-31.63,-47.0,0.054
2025-04-25T22:24:34.000,19.85,3.5,6.59,18.45,20.49,37065,-31.73,-47.0,0.054
2025-04-25T22:25:34.000,19.85,3.18,3.94,19.02,20.49,37066,-31.83,-47.0,0.053
2025-04-25T22:26:34.000,19.9,2.91,3.05,19.28,20.49,37067,-31.93,-47.0,0.053
2025-04-25T22:27:34.000,19.89,2.77,3.33,19.19,20.49,37068,-32.03,-47.0,0.053
2025-04-25T22:28:34.000,19.81,2.49,3.76,19.05,20.49,37069,-32.12,-47.0,0.053
2025-04-25T22:29:34.000,19.78,1.58,3.67,19.08,20.49,37070,-32.22,-47.0,0.053
2025-04-25T22:30:34.000,19.79,0.24,2.79,19.38,20.49,37071,-32.32,-47.0,0.053
2025-04-25T22:31:34.000,19.82,-0.97,2.52,19.49,20.49,37072,-32.41,-47.0,0.053
2025-04-25T22:32:35.000,19.81,-1.99,3.48,19.14,20.49,37073,-32.51,-47.0,0.053
2025-04-25T22:33:35.000,19.73,-2.96,2.3,19.6,20.49,37074,-32.6,-47.0,0.053
2025-04-25T22:34:35.000,19.69,-3.53,1.73,19.89,20.49,37075,-32.69,-47.0,0.053
2025-04-25T22:35:35.000,19.65,-3.77,1.71,19.9,20.49,37076,-32.79,-47.0,0.053
2025-04-25T22:36:35.000,19.67,-3.88,1.7,19.91,20.49,37077,-32.88,-47.0,0.053
2025-04-25T22:37:42.000,19.62,-3.89,1.69,19.92,20.49,37078,-32.98,-47.0,0.053
2025-04-25T22:38:41.000,19.63,-3.97,1.68,19.93,20.49,37079,-33.07,-47.0,0.053
2025-04-25T22:39:41.000,19.58,-4.06,1.68,19.93,20.49,37080,-33.16,-47.0,0.053
2025-04-25T22:40:41.000,19.55,-4.15,1.67,19.94,20.49,37081,-33.24,-47.0,0.053
2025-04-25T22:41:41.000,19.49,-4.23,1.66,19.94,20.49,37082,-33.33,-47.0,0.053
2025-04-25T22:42:41.000,19.5,-4.33,1.66,19.94,20.49,37083,-33.42,-47.0,0.053
2025-04-25T22:43:41.000,19.45,-4.44,1.66,19.94,20.49,37084,-33.5,-47.0,0.053
2025-04-25T22:44:42.000,19.42,-4.48,1.65,19.94,20.49,37085,-33.59,-47.0,0.053
2025-04-25T22:45:42.000,19.42,-4.49,1.65,19.95,20.49,37086,-33.67,-47.0,0.053
2025-04-25T22:46:42.000,19.38,-4.54,1.64,19.95,20.49,37087,-33.76,-47.0,0.053
2025-04-25T22:47:42.000,19.4,-4.56,1.65,19.95,20.49,37088,-33.84,-47.0,0.053
2025-04-25T22:48:42.000,19.39,-4.64,1.64,19.95,20.49,37089,-33.92,-47.0,0.053
2025-04-25T22:49:42.000,19.28,-4.66,1.64,19.95,20.49,37090,-34.0,-47.0,0.053
2025-04-25T22:50:42.000,19.26,-4.63,1.65,19.95,20.49,37091,-34.08,-47.0,0.053
2025-04-25T22:51:42.000,19.26,-4.64,1.65,19.95,20.49,37092,-34.16,-47.0,0.052
2025-04-25T22:52:42.000,19.31,-4.66,1.65,19.95,20.49,37093,-34.24,-46.0,0.052
2025-04-25T22:53:42.000,19.27,-4.76,1.64,19.95,20.49,37094,-34.31,-46.0,0.052
2025-04-25T22:54:42.000,19.15,-4.81,1.64,19.95,20.49,37095,-34.39,-46.0,0.052
2025-04-25T22:55:42.000,19.05,-4.84,1.64,19.95,20.49,37096,-34.46,-46.0,0.052
2025-04-25T22:56:42.000,18.96,-4.89,1.63,19.96,20.49,37097,-34.54,-46.0,0.052
2025-04-25T22:57:42.000,18.94,-4.86,1.63,19.96,20.49,37098,-34.61,-46.0,0.052
2025-04-25T22:58:42.000,18.97,-4.89,1.64,19.96,20.49,37099,-34.68,-46.0,0.052
2025-04-25T22:59:42.000,18.96,-4.89,1.63,19.96,20.49,37100,-34.76,-46.0,0.052
2025-04-25T23:00:43.000,18.95,-4.92,1.63,19.96,20.49,37101,-34.83,-46.0,0.052
2025-04-25T23:01:43.000,18.94,-4.92,1.64,19.95,20.49,37102,-34.9,-46.0,0.052
2025-04-25T23:02:43.000,18.91,-4.91,1.63,19.96,20.49,37103,-34.97,-46.0,0.052
2025-04-25T23:03:43.000,18.92,-4.87,1.63,19.96,20.49,37104,-35.04,-46.0,0.052
2025-04-25T23:04:43.000,18.93,-4.9,1.63,19.96,20.49,37105,-35.1,-46.0,0.052
2025-04-25T23:05:43.000,18.88,-4.91,1.62,19.97,20.49,37106,-35.17,-46.0,0.052
2025-04-25T23:06:43.000,18.82,-4.97,1.62,19.97,20.49,37107,-35.23,-46.0,0.052
2025-04-25T23:07:43.000,18.84,-5.06,1.61,19.97,20.49,37108,-35.3,-46.0,0.052
2025-04-25T23:08:43.000,18.82,-5.13,1.61,19.98,20.49,37109,-35.36,-46.0,0.052
2025-04-25T23:09:43.000,18.8,-5.16,1.61,19.98,20.49,37110,-35.43,-46.0,0.052
2025-04-25T23:10:43.000,18.84,-5.14,1.61,19.97,20.49,37111,-35.49,-46.0,0.052
2025-04-25T23:11:43.000,18.86,-5.17,1.62,19.97,20.49,37112,-35.55,-46.0,0.052
2025-04-25T23:12:43.000,18.81,-5.12,1.61,19.97,20.49,37113,-35.61,-46.0,0.052
2025-04-25T23:13:43.000,18.76,-5.19,1.61,19.97,20.49,37114,-35.67,-46.0,0.052
2025-04-25T23:14:43.000,18.7,-5.24,1.61,19.97,20.49,37115,-35.72,-46.0,0.052
2025-04-25T23:15:43.000,18.66,-5.26,1.6,19.98,20.49,37116,-35.78,-46.0,0.052
2025-04-25T23:16:44.000,18.62,-5.28,1.6,19.98,20.49,37117,-35.84,-45.0,0.052
2025-04-25T23:17:44.000,18.58,-5.35,1.6,19.98,20.49,37118,-35.89,-45.0,0.051
2025-04-25T23:18:44.000,18.55,-5.39,1.6,19.98,20.49,37119,-35.95,-45.0,0.051
2025-04-25T23:19:44.000,18.55,-5.44,1.59,19.99,20.49,37120,-36.0,-45.0,0.051
2025-04-25T23:20:44.000,18.5,-5.47,1.59,19.99,20.49,37121,-36.05,-45.0,0.051
2025-04-25T23:21:44.000,18.49,-5.49,1.59,19.99,20.49,37122,-36.11,-45.0,0.051
2025-04-25T23:22:44.000,18.31,-5.49,1.59,19.98,20.49,37123,-36.16,-45.0,0.051
2025-04-25T23:23:44.000,18.27,-5.45,1.54,20.02,20.49,37124,-36.2,-45.0,0.051
2025-04-25T23:24:44.000,18.2,-5.47,1.54,20.02,20.49,37125,-36.25,-45.0,0.051
2025-04-25T23:25:44.000,18.12,-5.54,1.53,20.03,20.49,37126,-36.3,-45.0,0.051
2025-04-25T23:26:44.000,18.12,-5.6,1.53,20.03,20.49,37127,-36.35,-45.0,0.051
2025-04-25T23:27:44.000,18.06,-5.56,1.53,20.03,20.49,37128,-36.39,-45.0,0.051
2025-04-25T23:28:44.000,17.96,-5.52,1.54,20.02,20.49,37129,-36.44,-45.0,0.051
2025-04-25T23:29:44.000,17.91,-5.53,1.54,20.02,20.49,37130,-36.48,-45.0,0.051
2025-04-25T23:30:44.000,17.85,-5.61,1.51,20.04,20.49,37131,-36.52,-45.0,0.051
2025-04-25T23:31:44.000,17.79,-5.64,1.5,20.05,20.49,37132,-36.57,-45.0,0.051
2025-04-25T23:32:45.000,17.73,-5.58,1.51,20.04,20.49,37133,-36.61,-44.0,0.051
2025-04-25T23:33:45.000,17.75,-5.55,1.53,20.03,20.49,37134,-36.65,-44.0,0.051
2025-04-25T23:34:45.000,17.73,-5.64,1.5,20.05,20.49,37135,-36.68,-44.0,0.051
2025-04-25T23:35:45.000,17.62,-5.79,1.5,20.05,20.49,37136,-36.72,-44.0,0.051
2025-04-25T23:36:45.000,17.59,-5.82,1.5,20.05,20.49,37137,-36.76,-44.0,0.051
2025-04-25T23:37:45.000,17.59,-5.86,1.5,20.05,20.49,37138,-36.79,-44.0,0.051
2025-04-25T23:38:45.000,17.59,-5.9,1.49,20.05,20.49,37139,-36.83,-44.0,0.051
2025-04-25T23:39:45.000,17.61,-5.97,1.49,20.06,20.49,37140,-36.86,-44.0,0.051
2025-04-25T23:40:45.000,17.57,-5.99,1.49,20.06,20.49,37141,-36.9,-44.0,0.051
2025-04-25T23:41:45.000,17.59,-6.03,1.49,20.06,20.49,37142,-36.93,-44.0,0.051
2025-04-25T23:42:45.000,17.57,-6.05,1.5,20.05,20.49,37143,-36.96,-44.0,0.051
2025-04-25T23:43:45.000,17.49,-6.06,1.51,20.04,20.49,37144,-36.99,-44.0,0.051
2025-04-25T23:44:45.000,17.44,-6.06,1.51,20.04,20.49,37145,-37.02,-44.0,0.05
2025-04-25T23:45:45.000,17.43,-6.06,1.51,20.04,20.49,37146,-37.04,-43.0,0.05
2025-04-25T23:46:45.000,17.41,-6.02,1.51,20.04,20.49,37147,-37.07,-43.0,0.05
2025-04-25T23:47:45.000,17.36,-6.06,1.51,20.04,20.49,37148,-37.1,-43.0,0.05
2025-04-25T23:48:46.000,17.38,-6.05,1.5,20.05,20.49,37149,-37.12,-43.0,0.05
2025-04-25T23:49:46.000,17.39,-6.04,1.49,20.06,20.49,37150,-37.14,-43.0,0.05
2025-04-25T23:50:46.000,17.39,-6.04,1.5,20.05,20.49,37151,-37.17,-43.0,0.05
2025-04-25T23:51:46.000,17.38,-6.02,1.5,20.05,20.49,37152,-37.19,-43.0,0.05
2025-04-25T23:52:46.000,17.39,-6.01,1.5,20.05,20.49,37153,-37.21,-43.0,0.05
2025-04-25T23:53:46.000,17.41,-6.01,1.5,20.05,20.49,37154,-37.23,-43.0,0.05
2025-04-25T23:54:46.000,17.34,-6.05,1.49,20.05,20.49,37155,-37.25,-43.0,0.05
2025-04-25T23:55:46.000,17.31,-6.08,1.49,20.06,20.49,37156,-37.26,-43.0,0.05
2025-04-25T23:56:46.000,17.21,-6.09,1.49,20.06,20.49,37157,-37.28,-42.0,0.05
2025-04-25T23:57:46.000,17.19,-6.11,1.49,20.06,20.49,37158,-37.29,-42.0,0.05
2025-04-25T23:58:46.000,17.14,-6.14,1.49,20.06,20.49,37159,-37.31,-42.0,0.05
2025-04-25T23:59:46.000,17.17,-6.11,1.47,20.07,20.49,37160,-37.32,-42.0,0.05
2025-04-26T00:00:46.000,17.19,-6.13,1.44,20.1,20.49,37161,-37.33,-42.0,0.05
2025-04-26T00:01:46.000,17.19,-6.12,1.41,20.12,20.49,37162,-37.35,-42.0,0.05
2025-04-26T00:02:46.000,17.15,-6.11,1.39,20.13,20.49,37163,-37.36,-42.0,0.05
2025-04-26T00:03:46.000,17.15,-6.1,1.37,20.15,20.49,37164,-37.36,-42.0,0.05
2025-04-26T00:04:47.000,17.2,-6.02,1.37,20.15,20.49,37165,-37.37,-42.0,0.05
2025-04-26T00:05:47.000,17.18,-5.99,1.36,20.16,20.49,37166,-37.38,-42.0,0.05
2025-04-26T00:06:47.000,17.17,-6.02,1.36,20.16,20.49,37167,-37.39,-42.0,0.05
2025-04-26T00:07:47.000,17.14,-6.04,1.35,20.16,20.49,37168,-37.39,-41.0,0.05
2025-04-26T00:08:47.000,17.14,-6.11,1.36,20.16,20.49,37169,-37.39,-41.0,0.05
2025-04-26T00:09:47.000,17.18,-6.23,1.36,20.16,20.49,37170,-37.4,-41.0,0.05
2025-04-26T00:10:47.000,17.19,-6.29,1.35,20.17,20.49,37171,-37.4,-41.0,0.05
2025-04-26T00:22:25.000,16.91,-6.64,1.34,20.18,20.49,37182,-37.34,-40.0,0.049
2025-04-26T00:23:25.000,16.92,-6.66,1.35,20.17,20.49,37183,-37.33,-40.0,0.049
2025-04-26T00:24:25.000,16.91,-6.7,1.34,20.18,20.49,37184,-37.32,-40.0,0.049
2025-04-26T00:25:25.000,16.88,-6.72,1.33,20.18,20.49,37185,-37.31,-40.0,0.049
2025-04-26T00:26:25.000,16.84,-6.71,1.33,20.18,20.49,37186,-37.29,-39.0,0.049
2025-04-26T00:27:25.000,16.79,-6.75,1.32,20.19,20.49,37187,-37.28,-39.0,0.049
2025-04-26T00:28:25.000,16.81,-6.78,1.32,20.19,20.49,37188,-37.26,-39.0,0.049
2025-04-26T00:29:25.000,16.83,-6.85,1.32,20.18,20.49,37189,-37.24,-39.0,0.049
2025-04-26T00:30:25.000,16.82,-6.86,1.32,20.19,20.49,37190,-37.23,-39.0,0.049
2025-04-26T00:31:25.000,16.88,-6.88,1.32,20.19,20.49,37191,-37.21,-39.0,0.049
2025-04-26T00:32:25.000,16.89,-6.9,1.32,20.19,20.49,37192,-37.19,-39.0,0.049
2025-04-26T00:33:25.000,16.94,-6.85,1.32,20.19,20.49,37193,-37.16,-39.0,0.049
2025-04-26T00:34:26.000,16.96,-6.87,1.32,20.19,20.49,37194,-37.14,-38.0,0.049
2025-04-26T00:35:26.000,16.89,-6.88,1.32,20.19,20.49,37195,-37.12,-38.0,0.049
2025-04-26T00:36:26.000,16.89,-6.93,1.32,20.19,20.49,37196,-37.09,-38.0,0.049
2025-04-26T00:37:33.000,16.87,-6.94,1.32,20.19,20.49,37197,-37.06,-38.0,0.049
2025-04-26T00:38:32.000,16.88,-6.91,1.32,20.19,20.49,37198,-37.04,-38.0,0.049
2025-04-26T00:39:32.000,16.9,-6.94,1.32,20.19,20.49,37199,-37.01,-38.0,0.048
2025-04-26T00:40:32.000,16.86,-6.94,1.32,20.19,20.49,37200,-36.98,-38.0,0.048
2025-04-26T00:41:32.000,16.82,-7.03,1.32,20.19,20.49,37201,-36.95,-38.0,0.048
2025-04-26T00:42:32.000,16.76,-7.07,1.32,20.19,20.49,37202,-36.92,-37.0,0.048
2025-04-26T00:43:32.000,16.75,-7.12,1.32,20.19,20.49,37203,-36.89,-37.0,0.048
2025-04-26T00:44:32.000,16.71,-7.1,1.33,20.18,20.49,37204,-36.86,-37.0,0.048
2025-04-26T00:45:32.000,16.69,-7.09,1.32,20.19,20.49,37205,-36.82,-37.0,0.048
2025-04-26T00:46:32.000,16.67,-7.15,1.32,20.19,20.49,37206,-36.79,-37.0,0.048
2025-04-26T00:47:33.000,16.65,-7.17,1.32,20.19,20.49,37207,-36.75,-37.0,0.048
