ecsv/stars272/stars272_2024-04.ecsv
# %ECSV 1.0
# ---
# datatype:
# - {name: time, datatype: string}
# - {name: Enclosure Temperature, unit: deg_C, datatype: float64}
# - {name: Sky Temperature, unit: deg_C, datatype: float64}
# - {name: Frequency, unit: Hz, datatype: float64}
# - {name: MSAS, unit: mag / arcsec2, datatype: float64}
# - {name: ZP, datatype: float64}
# - {name: Sequence Number, datatype: int64}
# - {name: Sun Alt, unit: deg, datatype: float64}
# - {name: Moon Alt, unit: deg, datatype: float64}
# - {name: Moon Illumination, datatype: float64}
# delimiter: ','
# meta: !!omap
# - ida:
#     Data supplier: {affiliation: "Asociaci\xF3n Daimiele\xF1a de Astronom\xEDa", observer: "Asociaci\xF3n Daimiele\xF1a de Astronom\xED\
#         a"}
#     Device type: TESS-W
#     Field of view: 17.0
#     Filters per channel: None
#     Instrument ID: stars272
#     License: ODbL 1.0 http://opendatacommons.org/licenses/odbl/summary/
#     Local timezone: Europe/Madrid
#     Location name: {country: "- Asociaci\xF3n Daimiele\xF1a de Astronom\xEDa", place: Daimiel, region: Spain, sub_region: null, town: null}
#     Measurement direction per channel: {azimuth: 0.0, zenital: 0.0}
#     Moving / Fixed look direction: FIXED
#     Moving / Stationary position: STATIONARY
#     Number of channels: 1
#     Number of fields per line: 8
#     Number of header lines: 35
#     Position: {height: 623.0, latitude: 39.0728, longitude: -3.6092}
#     TESS MAC address: 60:01:94:73:5B:68
#     TESS cover offset value: 0.0
#     TESS firmware version: '1.0'
#     TESS zero point: 20.49
#     Time Synchronization: timestamp added by MQTT subscriber
#     URL: http://www.darksky.org/NSBM/sdf1.0.pdf
# - __serialized_columns__:
#     Enclosure Temperature:
#       __class__: astropy.units.quantity.Quantity
#       unit: &id001 !astropy.units.Unit {unit: deg_C}
#       value: !astropy.table.SerializedColumn {name: Enclosure Temperature}
#     Frequency:
#       __class__: astropy.units.quantity.Quantity
#       unit: !astropy.units.Unit {unit: Hz}
#       value: !astropy.table.SerializedColumn {name: Frequency}
#     MSAS:
#       __class__: astropy.units.quantity.Quantity
#       unit: !astropy.units.Unit {unit: mag / arcsec2}
#       value: !astropy.table.SerializedColumn {name: MSAS}
#     Moon Alt:
#       __class__: astropy.units.quantity.Quantity
#       unit: &id002 !astropy.units.Unit {unit: deg}
#       value: !astropy.table.SerializedColumn {name: Moon Alt}
#     Sky Temperature:
#       __class__: astropy.units.quantity.Quantity
#       unit: *id001
#       value: !astropy.table.SerializedColumn {name: Sky Temperature}
#     Sun Alt:
#       __class__: astropy.units.quantity.Quantity
#       unit: *id002
#       value: !astropy.table.SerializedColumn {name: Sun Alt}
#     time:
#       __class__: astropy.time.core.Time
#       format: isot
#       in_subfmt: '*'
#       out_subfmt: '*'
#       precision: 3
#       scale: utc
#       value: !astropy.table.SerializedColumn {name: time}
# schema: astropy-2.0
time,Enclosure Temperature,Sky Temperature,Frequency,MSAS,ZP,Sequence Number,Sun Alt,Moon Alt,Moon Illumination
[from data line 2084]
2024-04-03T20:47:55.000,16.17,-11.02,1.72,19.9,20.49,12519,-24.11,-72.0,0.312
2024-04-03T20:48:56.000,16.1,-11.11,1.72,19.9,20.49,12520,-24.28,-72.0,0.312
2024-04-03T20:49:56.000,16.02,-11.19,1.74,19.89,20.49,12521,-24.44,-72.0,0.312
2024-04-03T20:50:56.000,15.93,-11.21,1.74,19.89,20.49,12522,-24.61,-72.0,0.312
2024-04-03T20:51:56.000,15.86,-11.27,1.75,19.88,20.49,12523,-24.78,-72.0,0.312
2024-04-03T20:52:56.000,15.82,-11.33,1.74,19.89,20.49,12524,-24.94,-72.0,0.312
2024-04-03T20:53:56.000,15.79,-11.3,1.74,19.89,20.49,12525,-25.11,-72.0,0.312
2024-04-03T20:54:56.000,15.76,-11.31,1.73,19.9,20.49,12526,-25.27,-71.0,0.312
2024-04-03T20:55:56.000,15.7,-11.35,1.73,19.89,20.49,12527,-25.44,-71.0,0.312
2024-04-03T20:56:56.000,15.64,-11.34,1.72,19.9,20.49,12528,-25.6,-71.0,0.312
2024-04-03T20:57:56.000,15.58,-11.34,1.7,19.91,20.49,12529,-25.77,-71.0,0.312
2024-04-03T20:58:56.000,15.56,-11.34,1.69,19.92,20.49,12530,-25.93,-71.0,0.311
2024-04-03T20:59:56.000,15.51,-11.39,1.68,19.92,20.49,12531,-26.09,-71.0,0.311
2024-04-03T21:00:56.000,15.41,-11.46,1.68,19.93,20.49,12532,-26.25,-71.0,0.311
2024-04-03T21:01:56.000,15.36,-11.47,1.69,19.92,20.49,12533,-26.42,-71.0,0.311
2024-04-03T21:02:56.000,15.33,-11.51,1.7,19.91,20.49,12534,-26.58,-71.0,0.311
2024-04-03T21:03:56.000,15.27,-11.53,1.7,19.92,20.49,12535,-26.74,-70.0,0.311
2024-04-03T21:04:57.000,15.21,-11.63,1.71,19.91,20.49,12536,-26.91,-70.0,0.311
2024-04-03T21:05:57.000,15.18,-11.58,1.71,19.9,20.49,12537,-27.07,-70.0,0.311
2024-04-03T21:06:57.000,15.16,-11.6,1.72,19.9,20.49,12538,-27.23,-70.0,0.311
2024-04-03T21:08:04.000,15.13,-11.63,1.75,19.88,20.49,12539,-27.41,-70.0,0.311
2024-04-03T21:09:03.000,15.09,-11.63,1.77,19.87,20.49,12540,-27.56,-70.0,0.311
2024-04-03T21:10:03.000,15.07,-11.71,1.77,19.87,20.49,12541,-27.72,-70.0,0.311
2024-04-03T21:11:03.000,15.04,-11.68,1.77,19.87,20.49,12542,-27.88,-69.0,0.311
2024-04-03T21:12:03.000,15.01,-11.64,1.81,19.85,20.49,12543,-28.04,-69.0,0.311
2024-04-03T21:13:03.000,14.97,-11.69,1.82,19.84,20.49,12544,-28.2,-69.0,0.31
2024-04-03T21:14:03.000,14.96,-11.65,1.78,19.87,20.49,12545,-28.35,-69.0,0.31
2024-04-03T21:15:03.000,14.93,-11.6,1.74,19.89,20.49,12546,-28.51,-69.0,0.31
2024-04-03T21:16:03.000,14.91,-11.59,1.73,19.9,20.49,12547,-28.67,-69.0,0.31
2024-04-03T21:17:03.000,14.86,-11.58,1.71,19.91,20.49,12548,-28.82,-69.0,0.31
2024-04-03T21:18:04.000,14.83,-11.51,1.7,19.91,20.49,12549,-28.98,-69.0,0.31
2024-04-03T21:19:04.000,14.82,-11.51,1.69,19.92,20.49,12550,-29.14,-68.0,0.31
2024-04-03T21:20:04.000,14.79,-11.5,1.67,19.93,20.49,12551,-29.29,-68.0,0.31
2024-04-03T21:21:04.000,14.76,-11.51,1.68,19.93,20.49,12552,-29.45,-68.0,0.31
2024-04-03T21:22:04.000,14.72,-11.53,1.68,19.93,20.49,12553,-29.6,-68.0,0.31
2024-04-03T21:23:04.000,14.68,-11.57,1.68,19.93,20.49,12554,-29.75,-68.0,0.31
2024-04-03T21:24:04.000,14.66,-11.64,1.68,19.93,20.49,12555,-29.91,-68.0,0.31
2024-04-03T21:25:04.000,14.6,-11.65,1.68,19.93,20.49,12556,-30.06,-68.0,0.31
2024-04-03T21:26:04.000,14.56,-11.63,1.67,19.93,20.49,12557,-30.21,-67.0,0.309
2024-04-03T21:27:04.000,14.54,-11.62,1.66,19.94,20.49,12558,-30.36,-67.0,0.309
2024-04-03T21:28:04.000,14.51,-11.61,1.63,19.96,20.49,12559,-30.51,-67.0,0.309
2024-04-03T21:29:04.000,14.49,-11.63,1.6,19.98,20.49,12560,-30.66,-67.0,0.309
2024-04-03T21:30:04.000,14.45,-11.62,1.6,19.98,20.49,12561,-30.81,-67.0,0.309
2024-04-03T21:31:04.000,14.38,-11.61,1.6,19.98,20.49,12562,-30.96,-67.0,0.309
2024-04-03T21:32:04.000,14.33,-11.65,1.61,19.97,20.49,12563,-31.11,-66.0,0.309
2024-04-03T21:33:04.000,14.31,-11.65,1.63,19.96,20.49,12564,-31.26,-66.0,0.309
2024-04-03T21:34:05.000,14.25,-11.64,1.62,19.96,20.49,12565,-31.41,-66.0,0.309
2024-04-03T21:35:05.000,14.16,-11.59,1.64,19.96,20.49,12566,-31.56,-66.0,0.309
2024-04-03T21:36:05.000,14.05,-11.67,1.63,19.96,20.49,12567,-31.71,-66.0,0.309
2024-04-03T21:37:05.000,14.01,-11.7,1.63,19.96,20.49,12568,-31.85,-66.0,0.309
2024-04-03T21:38:05.000,13.99,-11.73,1.62,19.96,20.49,12569,-32.0,-66.0,0.309
2024-04-03T21:39:05.000,14.01,-11.74,1.61,19.97,20.49,12570,-32.14,-65.0,0.309
2024-04-03T21:40:05.000,13.96,-11.79,1.6,19.98,20.49,12571,-32.29,-65.0,0.308
2024-04-03T21:41:05.000,13.9,-11.77,1.6,19.98,20.49,12572,-32.43,-65.0,0.308
2024-04-03T21:42:05.000,13.91,-11.76,1.6,19.98,20.49,12573,-32.58,-65.0,0.308
2024-04-03T21:43:05.000,13.93,-11.71,1.61,19.98,20.49,12574,-32.72,-65.0,0.308
2024-04-03T21:44:05.000,13.96,-11.63,1.6,19.98,20.49,12575,-32.86,-65.0,0.308
2024-04-03T21:45:05.000,13.97,-11.64,1.59,19.98,20.49,12576,-33.01,-64.0,0.308
2024-04-03T21:46:05.000,13.98,-11.56,1.58,19.99,20.49,12577,-33.15,-64.0,0.308
2024-04-03T21:47:05.000,14.0,-11.55,1.59,19.99,20.49,12578,-33.29,-64.0,0.308
2024-04-03T21:48:05.000,14.02,-11.57,1.59,19.99,20.49,12579,-33.43,-64.0,0.308
2024-04-03T21:49:05.000,14.03,-11.56,1.59,19.99,20.49,12580,-33.57,-64.0,0.308
2024-04-03T21:50:06.000,14.0,-11.55,1.59,19.99,20.49,12581,-33.71,-64.0,0.308
2024-04-03T21:51:06.000,13.98,-11.62,1.59,19.98,20.49,12582,-33.85,-63.0,0.308
2024-04-03T21:52:06.000,13.96,-11.6,1.6,19.98,20.49,12583,-33.99,-63.0,0.308
2024-04-03T21:53:06.000,13.92,-11.65,1.6,19.98,20.49,12584,-34.12,-63.0,0.307
2024-04-03T21:54:06.000,13.85,-11.57,1.6,19.98,20.49,12585,-34.26,-63.0,0.307
2024-04-03T21:55:06.000,13.78,-11.56,1.61,19.97,20.49,12586,-34.4,-63.0,0.307
2024-04-03T21:56:06.000,13.72,-11.56,1.64,19.96,20.49,12587,-34.53,-63.0,0.307
2024-04-03T21:57:06.000,13.69,-11.49,1.66,19.94,20.49,12588,-34.67,-62.0,0.307
2024-04-03T21:58:06.000,13.64,-11.52,1.65,19.95,20.49,12589,-34.8,-62.0,0.307
2024-04-03T21:59:06.000,13.6,-11.44,1.66,19.94,20.49,12590,-34.94,-62.0,0.307
2024-04-03T22:00:06.000,13.55,-11.36,1.65,19.94,20.49,12591,-35.07,-62.0,0.307
2024-04-03T22:01:06.000,13.53,-11.21,1.53,20.03,20.49,12592,-35.2,-62.0,0.307
2024-04-03T22:02:06.000,13.52,-11.05,1.54,20.02,20.49,12593,-35.33,-62.0,0.307
2024-04-03T22:03:06.000,13.51,-10.94,1.55,20.02,20.49,12594,-35.46,-61.0,0.307
2024-04-03T22:04:06.000,13.5,-10.82,1.56,20.01,20.49,12595,-35.6,-61.0,0.307
2024-04-03T22:05:06.000,13.46,-10.75,1.55,20.02,20.49,12596,-35.73,-61.0,0.307
2024-04-03T22:06:07.000,13.45,-10.7,1.52,20.03,20.49,12597,-35.86,-61.0,0.307
2024-04-03T22:07:07.000,13.46,-10.63,1.49,20.05,20.49,12598,-35.99,-61.0,0.306
2024-04-03T22:08:07.000,13.49,-10.6,1.49,20.06,20.49,12599,-36.11,-61.0,0.306
2024-04-03T22:09:07.000,13.48,-10.52,1.49,20.06,20.49,12600,-36.24,-60.0,0.306
2024-04-03T22:10:07.000,13.47,-10.49,1.49,20.06,20.49,12601,-36.37,-60.0,0.306
2024-04-03T22:11:07.000,13.49,-10.38,1.48,20.06,20.49,12602,-36.49,-60.0,0.306
2024-04-03T22:12:07.000,13.51,-10.32,1.47,20.07,20.49,12603,-36.62,-60.0,0.306
2024-04-03T22:13:07.000,13.52,-10.29,1.46,20.08,20.49,12604,-36.74,-60.0,0.306
2024-04-03T22:14:07.000,13.55,-10.2,1.45,20.08,20.49,12605,-36.87,-60.0,0.306
2024-04-03T22:15:07.000,13.58,-10.09,1.45,20.09,20.49,12606,-36.99,-59.0,0.306
2024-04-03T22:16:07.000,13.6,-10.0,1.45,20.09,20.49,12607,-37.11,-59.0,0.306
2024-04-03T22:17:07.000,13.63,-9.91,1.43,20.1,20.49,12608,-37.23,-59.0,0.306
2024-04-03T22:18:07.000,13.67,-9.87,1.43,20.1,20.49,12609,-37.35,-59.0,0.306
2024-04-03T22:19:07.000,13.68,-9.81,1.44,20.1,20.49,12610,-37.48,-59.0,0.306
2024-04-03T22:20:07.000,13.72,-9.78,1.45,20.08,20.49,12611,-37.59,-59.0,0.305
2024-04-03T22:21:14.000,13.71,-9.79,1.45,20.08,20.49,12612,-37.73,-58.0,0.305
2024-04-03T22:22:14.000,13.65,-9.79,1.45,20.08,20.49,12613,-37.85,-58.0,0.305
2024-04-03T22:23:14.000,13.57,-9.91,1.46,20.08,20.49,12614,-37.96,-58.0,0.305
2024-04-03T22:24:14.000,13.55,-9.95,1.47,20.07,20.49,12615,-38.08,-58.0,0.305
2024-04-03T22:25:14.000,13.53,-10.02,1.46,20.08,20.49,12616,-38.19,-58.0,0.305
2024-04-03T22:26:14.000,13.47,-10.12,1.45,20.08,20.49,12617,-38.31,-58.0,0.305
2024-04-03T22:27:14.000,13.47,-10.18,1.43,20.1,20.49,12618,-38.42,-57.0,0.305
2024-04-03T22:28:14.000,13.44,-10.28,1.42,20.11,20.49,12619,-38.54,-57.0,0.305
2024-04-03T22:29:14.000,13.4,-10.36,1.39,20.13,20.49,12620,-38.65,-57.0,0.305
2024-04-03T22:30:14.000,13.41,-10.48,1.38,20.14,20.49,12621,-38.76,-57.0,0.305
2024-04-03T22:31:14.000,13.42,-10.55,1.37,20.15,20.49,12622,-38.87,-57.0,0.305
2024-04-03T22:32:14.000,13.41,-10.56,1.36,20.15,20.49,12623,-38.98,-56.0,0.305
2024-04-03T22:33:14.000,13.38,-10.69,1.37,20.15,20.49,12624,-39.09,-56.0,0.305
2024-04-03T22:34:14.000,13.35,-10.69,1.36,20.15,20.49,12625,-39.2,-56.0,0.304
2024-04-03T22:35:14.000,13.34,-10.75,1.36,20.15,20.49,12626,-39.31,-56.0,0.304
2024-04-03T22:36:14.000,13.33,-10.81,1.35,20.16,20.49,12627,-39.42,-56.0,0.304
2024-04-03T22:37:15.000,13.29,-10.86,1.34,20.17,20.49,12628,-39.52,-56.0,0.304
2024-04-03T22:38:15.000,13.27,-10.91,1.34,20.17,20.49,12629,-39.63,-55.0,0.304
2024-04-03T22:39:15.000,13.26,-10.97,1.33,20.18,20.49,12630,-39.73,-55.0,0.304
2024-04-03T22:40:15.000,13.28,-10.99,1.33,20.18,20.49,12631,-39.84,-55.0,0.304
2024-04-03T22:41:15.000,13.29,-11.03,1.32,20.19,20.49,12632,-39.94,-55.0,0.304
2024-04-03T22:42:15.000,13.26,-11.17,1.32,20.19,20.49,12633,-40.04,-55.0,0.304
2024-04-03T22:43:15.000,13.23,-11.21,1.31,20.19,20.49,12634,-40.14,-54.0,0.304
2024-04-03T22:44:15.000,13.22,-11.26,1.31,20.19,20.49,12635,-40.24,-54.0,0.304
2024-04-03T22:45:15.000,13.2,-11.31,1.31,20.2,20.49,12636,-40.34,-54.0,0.304
2024-04-03T22:46:15.000,13.22,-11.37,1.31,20.19,20.49,12637,-40.44,-54.0,0.304
2024-04-03T22:47:15.000,13.23,-11.4,1.31,20.2,20.49,12638,-40.54,-54.0,0.303
2024-04-03T22:48:15.000,13.23,-11.47,1.31,20.19,20.49,12639,-40.64,-54.0,0.303
2024-04-03T22:49:15.000,13.24,-11.52,1.32,20.19,20.49,12640,-40.73,-53.0,0.303
2024-04-03T22:50:15.000,13.25,-11.66,1.33,20.18,20.49,12641,-40.83,-53.0,0.303
2024-04-03T22:51:15.000,13.24,-11.69,1.33,20.18,20.49,12642,-40.92,-53.0,0.303
2024-04-03T22:52:16.000,13.2,-11.85,1.32,20.19,20.49,12643,-41.01,-53.0,0.303
2024-04-03T22:53:16.000,13.15,-12.0,1.31,20.19,20.49,12644,-41.11,-53.0,0.303
2024-04-03T22:54:16.000,13.12,-12.01,1.31,20.2,20.49,12645,-41.2,-52.0,0.303
2024-04-03T22:55:16.000,13.1,-11.98,1.31,20.2,20.49,12646,-41.29,-52.0,0.303
2024-04-03T22:56:16.000,13.11,-11.98,1.31,20.2,20.49,12647,-41.38,-52.0,0.303
2024-04-03T22:57:16.000,13.09,-11.98,1.32,20.19,20.49,12648,-41.47,-52.0,0.303
2024-04-03T22:58:16.000,13.06,-11.96,1.33,20.18,20.49,12649,-41.55,-52.0,0.303
2024-04-03T22:59:16.000,13.0,-12.01,1.34,20.17,20.49,12650,-41.64,-52.0,0.303
2024-04-03T23:00:16.000,12.95,-12.01,1.36,20.15,20.49,12651,-41.73,-51.0,0.303
2024-04-03T23:01:16.000,12.9,-12.03,1.36,20.16,20.49,12652,-41.81,-51.0,0.302
2024-04-03T23:02:16.000,12.83,-12.13,1.35,20.17,20.49,12653,-41.9,-51.0,0.302
2024-04-03T23:03:16.000,12.76,-12.21,1.33,20.18,20.49,12654,-41.98,-51.0,0.302
2024-04-03T23:04:16.000,12.69,-12.28,1.32,20.19,20.49,12655,-42.06,-51.0,0.302
2024-04-03T23:05:16.000,12.65,-12.3,1.31,20.2,20.49,12656,-42.14,-50.0,0.302
2024-04-03T23:06:16.000,12.63,-12.37,1.3,20.2,20.49,12657,-42.22,-50.0,0.302
2024-04-03T23:07:16.000,12.58,-12.41,1.3,20.2,20.49,12658,-42.3,-50.0,0.302
2024-04-03T23:08:16.000,12.5,-12.43,1.3,20.21,20.49,12659,-42.38,-50.0,0.302
2024-04-03T23:09:17.000,12.45,-12.44,1.29,20.21,20.49,12660,-42.46,-50.0,0.302
2024-04-03T23:10:17.000,12.42,-12.46,1.29,20.22,20.49,12661,-42.53,-50.0,0.302
2024-04-03T23:11:17.000,12.39,-12.51,1.27,20.23,20.49,12662,-42.61,-49.0,0.302
2024-04-03T23:12:17.000,12.36,-12.46,1.26,20.24,20.49,12663,-42.68,-49.0,0.302
2024-04-03T23:13:17.000,12.33,-12.48,1.26,20.24,20.49,12664,-42.75,-49.0,0.302
2024-04-03T23:14:17.000,12.31,-12.5,1.27,20.23,20.49,12665,-42.83,-49.0,0.301
2024-04-03T23:15:17.000,12.31,-12.55,1.27,20.23,20.49,12666,-42.9,-49.0,0.301
2024-04-03T23:16:17.000,12.3,-12.55,1.28,20.22,20.49,12667,-42.97,-48.0,0.301
2024-04-03T23:17:17.000,12.33,-12.53,1.28,20.23,20.49,12668,-43.03,-48.0,0.301
2024-04-03T23:18:17.000,12.32,-12.48,1.28,20.23,20.49,12669,-43.1,-48.0,0.301
2024-04-03T23:19:17.000,12.32,-12.42,1.27,20.23,20.49,12670,-43.17,-48.0,0.301
2024-04-03T23:20:17.000,12.32,-12.36,1.27,20.23,20.49,12671,-43.23,-48.0,0.301
2024-04-03T23:21:17.000,12.31,-12.3,1.27,20.23,20.49,12672,-43.3,-48.0,0.301
2024-04-03T23:22:17.000,12.29,-12.2,1.27,20.23,20.49,12673,-43.36,-47.0,0.301
2024-04-03T23:23:17.000,12.25,-12.14,1.27,20.23,20.49,12674,-43.43,-47.0,0.301
2024-04-03T23:24:17.000,12.19,-12.12,1.28,20.22,20.49,12675,-43.49,-47.0,0.301
2024-04-03T23:25:18.000,12.11,-12.23,1.29,20.22,20.49,12676,-43.55,-47.0,0.301
2024-04-03T23:26:18.000,12.04,-12.27,1.28,20.22,20.49,12677,-43.61,-47.0,0.301
2024-04-03T23:27:18.000,11.99,-12.29,1.29,20.22,20.49,12678,-43.67,-46.0,0.301
2024-04-03T23:28:18.000,11.95,-12.27,1.26,20.24,20.49,12679,-43.72,-46.0,0.3
2024-04-03T23:29:18.000,11.91,-12.28,1.23,20.26,20.49,12680,-43.78,-46.0,0.3
2024-04-03T23:30:18.000,11.89,-12.26,1.22,20.27,20.49,12681,-43.83,-46.0,0.3
2024-04-03T23:31:18.000,11.86,-12.15,1.22,20.27,20.49,12682,-43.89,-46.0,0.3
2024-04-03T23:32:18.000,11.84,-12.07,1.22,20.27,20.49,12683,-43.94,-46.0,0.3
2024-04-03T23:33:18.000,11.84,-12.0,1.23,20.27,20.49,12684,-43.99,-45.0,0.3
2024-04-03T23:34:18.000,11.81,-11.93,1.24,20.26,20.49,12685,-44.04,-45.0,0.3
2024-04-03T23:35:18.000,11.8,-11.9,1.24,20.26,20.49,12686,-44.09,-45.0,0.3
2024-04-03T23:36:18.000,11.76,-11.89,1.25,20.25,20.49,12687,-44.14,-45.0,0.3
2024-04-03T23:37:18.000,11.73,-11.89,1.26,20.24,20.49,12688,-44.19,-45.0,0.3
2024-04-03T23:38:18.000,11.72,-11.89,1.26,20.24,20.49,12689,-44.23,-44.0,0.3
2024-04-03T23:39:18.000,11.68,-11.89,1.26,20.24,20.49,12690,-44.28,-44.0,0.3
2024-04-03T23:40:18.000,11.61,-11.91,1.27,20.23,20.49,12691,-44.32,-44.0,0.3
2024-04-03T23:41:26.000,11.57,-12.02,1.28,20.22,20.49,12692,-44.37,-44.0,0.3
2024-04-03T23:42:25.000,11.57,-12.07,1.28,20.22,20.49,12693,-44.41,-44.0,0.299
2024-04-03T23:43:25.000,11.54,-12.08,1.27,20.23,20.49,12694,-44.45,-43.0,0.299
2024-04-03T23:44:25.000,11.51,-12.11,1.25,20.25,20.49,12695,-44.49,-43.0,0.299
2024-04-03T23:45:25.000,11.5,-12.11,1.23,20.26,20.49,12696,-44.53,-43.0,0.299
2024-04-03T23:46:25.000,11.5,-12.14,1.22,20.27,20.49,12697,-44.57,-43.0,0.299
2024-04-03T23:47:25.000,11.49,-12.21,1.22,20.27,20.49,12698,-44.6,-43.0,0.299
2024-04-03T23:48:25.000,11.48,-12.21,1.22,20.27,20.49,12699,-44.64,-43.0,0.299
2024-04-03T23:49:25.000,11.46,-12.26,1.22,20.27,20.49,12700,-44.67,-42.0,0.299
2024-04-03T23:50:25.000,11.42,-12.29,1.22,20.28,20.49,12701,-44.7,-42.0,0.299
2024-04-03T23:51:25.000,11.4,-12.32,1.21,20.28,20.49,12702,-44.73,-42.0,0.299
2024-04-03T23:52:26.000,11.44,-12.31,1.2,20.29,20.49,12703,-44.76,-42.0,0.299
2024-04-03T23:53:26.000,11.44,-12.33,1.19,20.3,20.49,12704,-44.79,-42.0,0.299
2024-04-03T23:54:26.000,11.43,-12.36,1.18,20.31,20.49,12705,-44.82,-41.0,0.299
2024-04-03T23:55:26.000,11.35,-12.45,1.17,20.32,20.49,12706,-44.85,-41.0,0.298
2024-04-03T23:56:26.000,11.33,-12.49,1.17,20.32,20.49,12707,-44.87,-41.0,0.298
2024-04-03T23:57:26.000,11.34,-12.54,1.16,20.33,20.49,12708,-44.89,-41.0,0.298
2024-04-03T23:58:26.000,11.33,-12.6,1.16,20.33,20.49,12709,-44.92,-41.0,0.298
2024-04-03T23:59:26.000,11.33,-12.65,1.16,20.33,20.49,12710,-44.94,-40.0,0.298
2024-04-04T00:00:26.000,11.33,-12.69,1.16,20.33,20.49,12711,-44.96,-40.0,0.298
2024-04-04T00:01:26.000,11.32,-12.71,1.15,20.33,20.49,12712,-44.98,-40.0,0.298
2024-04-04T00:02:26.000,11.31,-12.76,1.16,20.33,20.49,12713,-45.0,-40.0,0.298
2024-04-04T00:03:26.000,11.32,-12.76,1.16,20.33,20.49,12714,-45.01,-40.0,0.298
2024-04-04T00:04:26.000,11.33,-12.7,1.16,20.33,20.49,12715,-45.03,-40.0,0.298
2024-04-04T00:05:26.000,11.36,-12.64,1.13,20.36,20.49,12716,-45.04,-39.0,0.298
2024-04-04T00:06:26.000,11.4,-12.65,1.11,20.38,20.49,12717,-45.06,-39.0,0.298
2024-04-04T00:07:26.000,11.44,-12.62,1.08,20.4,20.49,12718,-45.07,-39.0,0.298
2024-04-04T00:08:26.000,11.46,-12.58,1.06,20.43,20.49,12719,-45.08,-39.0,0.298
2024-04-04T00:09:27.000,11.45,-12.56,1.04,20.45,20.49,12720,-45.09,-39.0,0.297
2024-04-04T00:10:27.000,11.47,-12.62,1.04,20.45,20.49,12721,-45.1,-38.0,0.297
2024-04-04T00:11:27.000,11.48,-12.61,1.04,20.45,20.49,12722,-45.11,-38.0,0.297
