ecsv/stars272/stars272_2025-04.ecsv
# %ECSV 1.0
# ---
# datatype:
# - {name: time, datatype: string}
# - {name: Enclosure Temperature, unit: deg_C, datatype: float64}
# - {name: Sky Temperature, unit: deg_C, datatype: float64}
# - {name: Frequency, unit: Hz, datatype: float64}
# - {name: MSAS, unit: mag / arcsec2, datatype: float64}
# - {name: ZP, datatype: float64}
# - {name: Sequence Number, datatype: int64}
# - {name: Sun Alt, unit: deg, datatype: float64}
# - {name: Moon Alt, unit: deg, datatype: float64}
# - {name: Moon Illumination, datatype: float64}
# delimiter: ','
# meta: !!omap
# - ida:
#     Data supplier: {affiliation: "Asociaci\xF3n Daimiele\xF1a de Astronom\xEDa", observer: "Asociaci\xF3n Daimiele\xF1a de Astronom\xED\
#         a"}
#     Device type: TESS-W
#     Field of view: 17.0
#     Filters per channel: None
#     Instrument ID: stars272
#     License: ODbL 1.0 http://opendatacommons.org/licenses/odbl/summary/
#     Local timezone: Europe/Madrid
#     Location name: {country: Spain, place: "Asociaci\xF3n Daimiele\xF1a de Astronom\xEDa", region: null, sub_region: null, town: Daimiel}
#     Measurement direction per channel: {azimuth: 0.0, zenital: 0.0}
#     Moving / Fixed look direction: FIXED
#     Moving / Stationary position: STATIONARY
#     Number of channels: 1
#     Number of fields per line: 8
#     Number of header lines: 35
#     Position: {height: 623.0, latitude: 39.0728, longitude: -3.6092}
#     TESS MAC address: 60:01:94:73:5B:68
#     TESS cover offset value: 0.0
#     TESS firmware version: '1.0'
#     TESS zero point: 20.49
#     Time Synchronization: timestamp added by MQTT subscriber
#     URL: http://www.darksky.org/NSBM/sdf1.0.pdf
# - __serialized_columns__:
#     Enclosure Temperature:
#       __class__: astropy.units.quantity.Quantity
#       unit: &id001 !astropy.units.Unit {unit: deg_C}
#       value: !astropy.table.SerializedColumn {name: Enclosure Temperature}
#     Frequency:
#       __class__: astropy.units.quantity.Quantity
#       unit: !astropy.units.Unit {unit: Hz}
#       value: !astropy.table.SerializedColumn {name: Frequency}
#     MSAS:
#       __class__: astropy.units.quantity.Quantity
#       unit: !astropy.units.Unit {unit: mag / arcsec2}
#       value: !astropy.table.SerializedColumn {name: MSAS}
#     Moon Alt:
#       __class__: astropy.units.quantity.Quantity
#       unit: &id002 !astropy.units.Unit {unit: deg}
#       value: !astropy.table.SerializedColumn {name: Moon Alt}
#     Sky Temperature:
#       __class__: astropy.units.quantity.Quantity
#       unit: *id001
#       value: !astropy.table.SerializedColumn {name: Sky Temperature}
#     Sun Alt:
#       __class__: astropy.units.quantity.Quantity
#       unit: *id002
#       value: !astropy.table.SerializedColumn {name: Sun Alt}
#     time:
#       __class__: astropy.time.core.Time
#       format: isot
#       in_subfmt: '*'
#       out_subfmt: '*'
#       precision: 3
#       scale: utc
#       value: !astropy.table.SerializedColumn {name: time}
# schema: astropy-2.0
time,Enclosure Temperature,Sky Temperature,Frequency,MSAS,ZP,Sequence Number,Sun Alt,Moon Alt,Moon Illumination
[from data line 19539]
2025-04-29T03:23:42.000,10.94,-13.38,1.2,20.29,20.49,251,-20.19,-22.0,0.029
2025-04-29T03:24:42.000,10.89,-13.37,1.2,20.29,20.49,252,-20.04,-22.0,0.029
2025-04-29T03:25:42.000,10.93,-13.35,1.2,20.29,20.49,253,-19.89,-22.0,0.029
2025-04-29T03:26:42.000,10.89,-13.38,1.19,20.3,20.49,254,-19.74,-22.0,0.029
2025-04-29T03:27:42.000,10.86,-13.39,1.18,20.31,20.49,255,-19.59,-21.0,0.029
2025-04-29T03:28:42.000,10.91,-13.39,1.17,20.32,20.49,256,-19.44,-21.0,0.029
2025-04-29T03:29:42.000,10.88,-13.49,1.16,20.32,20.49,257,-19.29,-21.0,0.029
2025-04-29T03:30:42.000,10.82,-13.53,1.16,20.33,20.49,258,-19.13,-21.0,0.029
2025-04-29T03:31:42.000,10.8,-13.59,1.16,20.33,20.49,259,-18.98,-21.0,0.029
2025-04-29T03:32:43.000,10.78,-13.6,1.15,20.33,20.49,260,-18.83,-21.0,0.029
2025-04-29T03:33:43.000,10.73,-13.68,1.16,20.33,20.49,261,-18.67,-21.0,0.029
2025-04-29T03:34:43.000,10.7,-13.71,1.16,20.33,20.49,262,-18.52,-21.0,0.029
2025-04-29T03:35:43.000,10.71,-13.74,1.16,20.33,20.49,263,-18.37,-21.0,0.029
2025-04-29T03:36:43.000,10.73,-13.68,1.17,20.32,20.49,264,-18.21,-21.0,0.029
2025-04-29T03:37:43.000,10.77,-13.67,1.17,20.32,20.49,265,-18.06,-20.0,0.029
2025-04-29T03:38:43.000,10.83,-13.67,1.18,20.31,20.49,266,-17.9,-20.0,0.029
2025-04-29T03:39:43.000,10.81,-13.7,1.18,20.31,20.49,267,-17.75,-20.0,0.029
2025-04-29T03:40:44.000,10.73,-13.73,1.19,20.3,20.49,268,-17.59,-20.0,0.029
2025-04-29T03:41:43.000,10.74,-13.72,1.2,20.29,20.49,269,-17.44,-20.0,0.029
2025-04-29T03:42:43.000,10.7,-13.74,1.21,20.28,20.49,270,-17.28,-20.0,0.029
2025-04-29T03:43:43.000,10.72,-13.75,1.22,20.28,20.49,271,-17.12,-20.0,0.029
2025-04-29T03:44:43.000,10.78,-13.68,1.23,20.27,20.49,272,-16.97,-20.0,0.029
2025-04-29T03:45:43.000,10.77,-13.74,1.24,20.26,20.49,273,-16.81,-20.0,0.029
2025-04-29T03:46:43.000,10.8,-13.75,1.24,20.26,20.49,274,-16.65,-19.0,0.029
2025-04-29T03:47:43.000,10.8,-13.78,1.24,20.26,20.49,275,-16.49,-19.0,0.029
2025-04-29T03:48:44.000,10.73,-13.86,1.22,20.27,20.49,276,-16.33,-19.0,0.029
2025-04-29T03:49:44.000,10.7,-13.9,1.21,20.28,20.49,277,-16.17,-19.0,0.029
2025-04-29T03:50:44.000,10.59,-13.97,1.21,20.28,20.49,278,-16.01,-19.0,0.029
2025-04-29T03:51:44.000,10.59,-14.01,1.2,20.29,20.49,279,-15.85,-19.0,0.029
2025-04-29T03:52:44.000,10.58,-14.07,1.2,20.29,20.49,280,-15.69,-19.0,0.029
2025-04-29T03:53:44.000,10.55,-14.13,1.21,20.28,20.49,281,-15.53,-19.0,0.029
2025-04-29T03:54:44.000,10.47,-14.17,1.21,20.29,20.49,282,-15.37,-19.0,0.03
2025-04-29T03:55:44.000,10.53,-14.2,1.22,20.28,20.49,283,-15.21,-19.0,0.03
2025-04-29T03:56:44.000,10.51,-14.25,1.23,20.27,20.49,284,-15.05,-18.0,0.03
2025-04-29T03:57:44.000,10.5,-14.28,1.24,20.26,20.49,285,-14.88,-18.0,0.03
2025-04-29T03:58:44.000,10.47,-14.35,1.25,20.25,20.49,286,-14.72,-18.0,0.03
2025-04-29T03:59:44.000,10.46,-14.38,1.27,20.23,20.49,287,-14.56,-18.0,0.03
2025-04-29T04:00:44.000,10.46,-14.39,1.28,20.22,20.49,288,-14.4,-18.0,0.03
2025-04-29T04:01:44.000,10.47,-14.42,1.31,20.2,20.49,289,-14.23,-18.0,0.03
2025-04-29T04:02:44.000,10.5,-14.45,1.33,20.18,20.49,290,-14.07,-18.0,0.03
2025-04-29T04:03:44.000,10.43,-14.46,1.37,20.15,20.49,291,-13.9,-18.0,0.03
2025-04-29T04:04:44.000,10.51,-14.48,1.4,20.12,20.49,292,-13.74,-18.0,0.03
2025-04-29T04:05:45.000,10.59,-14.46,1.45,20.09,20.49,293,-13.57,-17.0,0.03
2025-04-29T04:06:45.000,10.57,-14.53,1.5,20.05,20.49,294,-13.41,-17.0,0.03
2025-04-29T04:07:45.000,10.52,-14.56,1.56,20.0,20.49,295,-13.24,-17.0,0.03
2025-04-29T04:08:45.000,10.6,-14.57,1.64,19.95,20.49,296,-13.08,-17.0,0.03
2025-04-29T04:09:46.000,10.61,-14.61,1.72,19.9,20.49,297,-12.91,-17.0,0.03
2025-04-29T04:10:45.000,10.57,-14.63,1.81,19.84,20.49,298,-12.74,-17.0,0.03
2025-04-29T04:11:45.000,10.61,-14.61,1.94,19.77,20.49,299,-12.58,-17.0,0.03
2025-04-29T04:12:45.000,10.65,-14.66,2.08,19.69,20.49,300,-12.41,-17.0,0.03
2025-04-29T04:13:45.000,10.56,-14.68,2.24,19.62,20.49,301,-12.24,-16.0,0.03
2025-04-29T04:14:45.000,10.59,-14.7,2.42,19.53,20.49,302,-12.07,-16.0,0.03
2025-04-29T04:15:45.000,10.56,-14.68,2.63,19.44,20.49,303,-11.91,-16.0,0.03
2025-04-29T04:16:46.000,10.54,-14.69,2.87,19.34,20.49,304,-11.74,-16.0,0.03
2025-04-29T04:17:46.000,10.6,-14.65,3.17,19.24,20.49,305,-11.57,-16.0,0.03
2025-04-29T04:18:46.000,10.63,-14.65,3.51,19.13,20.49,306,-11.4,-16.0,0.03
2025-04-29T04:19:46.000,10.66,-14.67,3.92,19.01,20.49,307,-11.23,-16.0,0.03
2025-04-29T04:20:46.000,10.63,-14.71,4.39,18.88,20.49,308,-11.06,-16.0,0.03
2025-04-29T04:21:46.000,10.61,-14.73,4.96,18.75,20.49,309,-10.89,-15.0,0.03
2025-04-29T04:22:46.000,10.58,-14.73,5.64,18.61,20.49,310,-10.72,-15.0,0.03
2025-04-29T04:23:46.000,10.55,-14.76,6.46,18.46,20.49,311,-10.55,-15.0,0.03
2025-04-29T04:24:46.000,10.54,-14.76,7.47,18.31,20.49,312,-10.38,-15.0,0.03
2025-04-29T04:25:46.000,10.57,-14.76,8.56,18.16,20.49,313,-10.21,-15.0,0.03
2025-04-29T04:26:46.000,10.59,-14.79,9.94,18.0,20.49,314,-10.04,-15.0,0.03
2025-04-29T04:27:46.000,10.55,-14.8,11.45,17.84,20.49,315,-9.87,-15.0,0.03
2025-04-29T04:28:46.000,10.52,-14.79,13.31,17.68,20.49,316,-9.69,-15.0,0.03
2025-04-29T04:29:46.000,10.51,-14.83,15.23,17.53,20.49,317,-9.52,-14.0,0.031
2025-04-29T04:30:46.000,10.43,-14.87,17.51,17.38,20.49,318,-9.35,-14.0,0.031
2025-04-29T04:31:46.000,10.41,-14.87,20.38,17.22,20.49,319,-9.18,-14.0,0.031
2025-04-29T04:32:53.000,10.36,-14.9,23.81,17.05,20.49,320,-8.98,-14.0,0.031
2025-04-29T04:33:53.000,10.22,-14.95,28.36,16.86,20.49,321,-8.81,-14.0,0.031
2025-04-29T04:34:53.000,10.21,-14.96,33.59,16.68,20.49,322,-8.64,-14.0,0.031
2025-04-29T04:35:53.000,10.2,-14.98,39.87,16.49,20.49,323,-8.46,-14.0,0.031
2025-04-29T04:36:53.000,10.17,-14.97,46.77,16.32,20.49,324,-8.29,-14.0,0.031
2025-04-29T04:37:53.000,10.18,-14.99,56.71,16.11,20.49,325,-8.12,-13.0,0.031
2025-04-29T04:38:53.000,10.13,-14.99,68.23,15.91,20.49,326,-7.94,-13.0,0.031
2025-04-29T04:39:53.000,10.15,-14.95,82.94,15.69,20.49,327,-7.77,-13.0,0.031
2025-04-29T04:40:53.000,10.19,-14.95,101.11,15.48,20.49,328,-7.59,-13.0,0.031
2025-04-29T04:41:53.000,10.2,-14.94,124.16,15.26,20.49,329,-7.42,-13.0,0.031
2025-04-29T04:42:53.000,10.21,-14.95,152.85,15.03,20.49,330,-7.24,-13.0,0.031
2025-04-29T04:43:53.000,10.2,-14.94,189.28,14.8,20.49,331,-7.07,-13.0,0.031
2025-04-29T04:44:53.000,10.19,-14.94,234.9,14.56,20.49,332,-6.89,-13.0,0.031
2025-04-29T04:45:53.000,10.15,-14.95,292.45,14.33,20.49,333,-6.71,-12.0,0.031
2025-04-29T04:46:53.000,10.16,-14.92,365.1,14.09,20.49,334,-6.54,-12.0,0.031
2025-04-29T04:47:54.000,10.2,-14.95,457.03,13.84,20.49,335,-6.36,-12.0,0.031
2025-04-29T04:48:54.000,10.17,-14.97,572.81,13.6,20.49,336,-6.18,-12.0,0.031
2025-04-29T04:49:54.000,10.16,-14.96,718.22,13.35,20.49,337,-6.0,-12.0,0.031
2025-04-29T04:50:54.000,10.13,-14.98,899.24,13.11,20.49,338,-5.83,-12.0,0.031
2025-04-29T04:51:54.000,10.16,-14.95,1124.13,12.87,20.49,339,-5.65,-12.0,0.031
2025-04-29T04:52:54.000,10.14,-14.98,1403.19,12.62,20.49,340,-5.47,-11.0,0.031
2025-04-29T04:53:54.000,10.07,-15.0,1749.08,12.39,20.49,341,-5.29,-11.0,0.031
2025-04-29T04:54:54.000,10.06,-14.97,2184.13,12.14,20.49,342,-5.12,-11.0,0.031
2025-04-29T04:55:54.000,10.12,-14.96,2728.65,11.9,20.49,343,-4.94,-11.0,0.031
2025-04-29T04:56:54.000,10.17,-14.93,3405.64,11.66,20.49,344,-4.76,-11.0,0.031
2025-04-29T04:57:54.000,10.2,-14.96,4252.56,11.42,20.49,345,-4.58,-11.0,0.031
2025-04-29T04:58:54.000,10.22,-14.94,5300.94,11.18,20.49,346,-4.4,-11.0,0.031
2025-04-29T04:59:54.000,10.27,-14.96,6584.64,10.95,20.49,347,-4.22,-10.0,0.031
2025-04-29T05:00:54.000,10.26,-14.99,8143.35,10.71,20.49,348,-4.04,-10.0,0.031
2025-04-29T05:01:54.000,10.21,-14.97,10017.08,10.49,20.49,349,-3.86,-10.0,0.031
2025-04-29T05:02:54.000,10.18,-15.01,12290.58,10.27,20.49,350,-3.68,-10.0,0.031
2025-04-29T05:03:55.000,10.18,-15.02,15016.22,10.05,20.49,351,-3.5,-10.0,0.032
2025-04-29T05:04:55.000,10.16,-15.01,18189.31,9.84,20.49,352,-3.32,-10.0,0.032
2025-04-29T05:05:55.000,10.13,-14.99,21846.02,9.64,20.49,353,-3.14,-10.0,0.032
2025-04-29T05:06:55.000,10.16,-15.0,26043.71,9.45,20.49,354,-2.96,-9.0,0.032
2025-04-29T05:07:55.000,10.17,-15.01,30903.69,9.27,20.49,355,-2.78,-9.0,0.032
2025-04-29T05:08:55.000,10.13,-15.05,36089.81,9.18,20.49,356,-2.6,-9.0,0.032
2025-04-29T05:09:55.000,10.12,-15.05,42782.29,8.91,20.49,357,-2.42,-9.0,0.032
2025-04-29T05:10:55.000,10.1,-15.05,49773.08,8.75,20.49,358,-2.23,-9.0,0.032
2025-04-29T05:11:55.000,10.1,-15.07,57521.46,8.59,20.49,359,-2.05,-9.0,0.032
2025-04-29T05:12:55.000,10.12,-15.06,55094.0,3.24,20.49,360,-1.87,-9.0,0.032
2025-04-29T05:13:55.000,10.12,-15.08,50000.0,0.0,20.49,361,-1.69,-8.0,0.032
2025-04-29T05:15:02.000,10.16,-15.08,50000.0,0.0,20.49,362,-1.48,-8.0,0.032
2025-04-29T05:16:01.000,10.18,-15.06,50000.0,0.0,20.49,363,-1.31,-8.0,0.032
2025-04-29T05:29:02.000,10.07,-15.04,50000.0,0.0,20.49,376,1.09,-6.0,0.032
2025-04-29T05:30:02.000,10.09,-15.04,50000.0,0.0,20.49,377,1.27,-6.0,0.032
2025-04-29T05:31:02.000,10.12,-15.05,50000.0,0.0,20.49,378,1.46,-6.0,0.032
2025-04-29T05:32:02.000,10.12,-15.05,49412.11,0.2,20.49,379,1.64,-6.0,0.032
2025-04-29T05:33:02.000,10.13,-15.06,50000.0,0.0,20.49,380,1.83,-6.0,0.032
2025-04-29T05:34:03.000,10.14,-15.04,50000.0,0.0,20.49,381,2.01,-6.0,0.032
2025-04-29T05:35:03.000,10.14,-15.04,50000.0,0.0,20.49,382,2.2,-5.0,0.032
2025-04-29T05:36:03.000,10.18,-15.0,49729.9,0.09,20.49,383,2.39,-5.0,0.032
2025-04-29T05:37:03.000,10.21,-15.01,50000.0,0.0,20.49,384,2.57,-5.0,0.033
2025-04-29T05:38:03.000,10.23,-15.01,50000.0,0.0,20.49,385,2.76,-5.0,0.033
2025-04-29T05:39:03.000,10.22,-14.98,50000.0,0.0,20.49,386,2.94,-5.0,0.033
2025-04-29T05:40:03.000,10.24,-14.96,49725.38,0.09,20.49,387,3.13,-5.0,0.033
2025-04-29T05:41:03.000,10.28,-14.96,50000.0,0.0,20.49,388,3.32,-4.0,0.033
2025-04-29T05:42:03.000,10.36,-14.91,49712.76,0.1,20.49,389,3.5,-4.0,0.033
2025-04-29T05:43:03.000,10.33,-14.91,50000.0,0.0,20.49,390,3.69,-4.0,0.033
2025-04-29T05:44:03.000,10.36,-14.89,50000.0,0.0,20.49,391,3.88,-4.0,0.033
2025-04-29T05:45:03.000,10.34,-14.89,50000.0,0.0,20.49,392,4.07,-4.0,0.033
2025-04-29T08:07:25.000,25.25,-9.23,50000.0,0.0,20.49,534,31.46,20.0,0.037
2025-04-29T08:08:25.000,25.43,-9.15,50000.0,0.0,20.49,535,31.65,21.0,0.037
2025-04-29T08:09:25.000,25.43,-9.02,50000.0,0.0,20.49,536,31.85,21.0,0.037
2025-04-29T08:11:44.000,25.91,-8.91,50000.0,0.0,20.49,538,32.29,21.0,0.037
2025-04-29T08:12:44.000,26.17,-8.85,50000.0,0.0,20.49,539,32.49,21.0,0.037
2025-04-29T08:13:44.000,26.23,-8.84,50000.0,0.0,20.49,540,32.68,22.0,0.037
2025-04-29T14:58:08.000,41.74,8.24,50000.0,0.0,20.49,943,46.15,71.0,0.051
2025-04-29T14:59:08.000,42.33,8.49,50000.0,0.0,20.49,944,45.97,70.0,0.051
2025-04-29T15:00:11.000,42.46,8.47,50000.0,0.0,20.49,945,45.78,70.0,0.051
2025-04-29T15:02:25.000,40.93,8.14,50000.0,0.0,20.49,947,45.38,70.0,0.052
2025-04-29T15:03:26.000,40.95,8.3,50000.0,0.0,20.49,948,45.2,70.0,0.052
2025-04-29T15:04:25.000,41.0,8.21,50000.0,0.0,20.49,949,45.02,70.0,0.052
2025-04-29T15:07:26.000,40.87,7.72,50000.0,0.0,20.49,952,44.47,69.0,0.052
2025-04-29T15:08:27.000,40.71,7.33,50000.0,0.0,20.49,953,44.28,69.0,0.052
2025-04-29T15:09:29.000,39.98,6.69,50000.0,0.0,20.49,954,44.09,69.0,0.052
2025-04-29T15:13:07.000,39.46,5.66,50000.0,0.0,20.49,957,43.43,68.0,0.052
2025-04-29T15:14:19.000,39.12,5.31,50000.0,0.0,20.49,958,43.21,68.0,0.052
2025-04-29T15:15:24.000,39.15,5.26,50000.0,0.0,20.49,959,43.01,68.0,0.052
2025-04-29T15:18:36.000,38.67,4.78,50000.0,0.0,20.49,962,42.42,67.0,0.052
2025-04-29T15:19:36.000,38.53,4.7,50000.0,0.0,20.49,963,42.23,67.0,0.052
2025-04-29T15:20:36.000,38.59,4.74,50000.0,0.0,20.49,964,42.05,67.0,0.052
2025-04-29T15:22:48.000,37.63,4.6,50000.0,0.0,20.49,966,41.64,67.0,0.052
2025-04-29T15:23:57.000,37.47,4.54,50000.0,0.0,20.49,967,41.42,67.0,0.052
2025-04-29T15:26:12.000,37.01,4.68,50000.0,0.0,20.49,969,41.0,66.0,0.052
2025-04-29T15:27:11.000,36.96,4.94,50000.0,0.0,20.49,970,40.82,66.0,0.052
2025-04-29T15:28:11.000,36.79,5.07,50000.0,0.0,20.49,971,40.63,66.0,0.052
2025-04-29T18:43:31.000,22.69,-3.65,50000.0,0.0,20.49,1166,3.22,30.0,0.06
2025-04-29T18:44:31.000,22.62,-3.65,50000.0,0.0,20.49,1167,3.03,30.0,0.06
2025-04-29T18:45:31.000,22.56,-3.66,50000.0,0.0,20.49,1168,2.85,30.0,0.06
2025-04-29T18:46:31.000,22.56,-3.62,49727.0,0.09,20.49,1169,2.66,30.0,0.06
2025-04-29T18:47:31.000,22.51,-3.64,50000.0,0.0,20.49,1170,2.48,29.0,0.06
2025-04-29T18:48:31.000,22.48,-3.64,50000.0,0.0,20.49,1171,2.29,29.0,0.06
2025-04-29T18:49:31.000,22.4,-3.68,50000.0,0.0,20.49,1172,2.11,29.0,0.06
2025-04-29T18:50:31.000,22.32,-3.69,49728.37,0.09,20.49,1173,1.92,29.0,0.06
2025-04-29T18:51:32.000,22.36,-3.66,49717.63,0.1,20.49,1174,1.73,29.0,0.06
2025-04-29T18:52:31.000,22.3,-3.74,50000.0,0.0,20.49,1175,1.55,28.0,0.06
2025-04-29T18:53:31.000,22.16,-3.72,49702.45,0.11,20.49,1176,1.37,28.0,0.06
2025-04-29T18:54:31.000,22.1,-3.74,50000.0,0.0,20.49,1177,1.18,28.0,0.06
2025-04-29T18:55:32.000,22.04,-3.75,50000.0,0.0,20.49,1178,1.0,28.0,0.061
2025-04-29T18:56:32.000,21.98,-3.79,50000.0,0.0,20.49,1179,0.81,28.0,0.061
2025-04-29T19:08:39.000,21.52,-3.92,50000.0,0.0,20.49,1191,-1.41,26.0,0.061
2025-04-29T19:09:39.000,21.49,-3.96,50000.0,0.0,20.49,1192,-1.59,25.0,0.061
2025-04-29T19:10:39.000,21.47,-3.92,50000.0,0.0,20.49,1193,-1.77,25.0,0.061
2025-04-29T19:11:39.000,21.45,-3.96,54664.55,2.92,20.49,1194,-1.95,25.0,0.061
2025-04-29T19:12:39.000,21.33,-3.94,57994.72,8.58,20.49,1195,-2.13,25.0,0.061
2025-04-29T19:13:39.000,21.24,-3.99,50300.64,8.74,20.49,1196,-2.31,25.0,0.061
2025-04-29T19:14:39.000,21.23,-3.98,43318.47,8.9,20.49,1197,-2.49,24.0,0.061
2025-04-29T19:15:39.000,21.22,-3.99,37021.37,9.07,20.49,1198,-2.67,24.0,0.061
2025-04-29T19:16:39.000,21.17,-3.99,31193.42,9.26,20.49,1199,-2.85,24.0,0.061
2025-04-29T19:17:39.000,21.13,-4.01,25823.84,9.46,20.49,1200,-3.03,24.0,0.061
2025-04-29T19:18:39.000,21.13,-4.02,21117.46,9.68,20.49,1201,-3.21,24.0,0.061
2025-04-29T19:19:39.000,21.1,-4.01,17150.89,9.91,20.49,1202,-3.39,24.0,0.061
2025-04-29T19:20:39.000,21.03,-4.03,13879.28,10.14,20.49,1203,-3.57,23.0,0.062
2025-04-29T19:21:39.000,20.99,-4.03,11176.27,10.37,20.49,1204,-3.75,23.0,0.062
2025-04-29T19:22:40.000,21.0,-4.05,8971.48,10.61,20.49,1205,-3.94,23.0,0.062
2025-04-29T19:23:40.000,20.97,-4.05,7221.24,10.85,20.49,1206,-4.11,23.0,0.062
2025-04-29T19:24:40.000,20.98,-4.06,5827.62,11.08,20.49,1207,-4.29,23.0,0.062
2025-04-29T19:25:40.000,20.99,-4.05,4708.76,11.31,20.49,1208,-4.47,22.0,0.062
2025-04-29T19:26:40.000,21.0,-4.06,3805.73,11.54,20.49,1209,-4.65,22.0,0.062
2025-04-29T19:27:40.000,20.93,-4.11,3076.88,11.77,20.49,1210,-4.83,22.0,0.062
2025-04-29T19:28:40.000,20.91,-4.1,2490.47,12.0,20.49,1211,-5.01,22.0,0.062
2025-04-29T19:29:40.000,20.83,-4.17,2012.04,12.23,20.49,1212,-5.18,22.0,0.062
2025-04-29T19:30:40.000,20.76,-4.16,1624.09,12.47,20.49,1213,-5.36,22.0,0.062
2025-04-29T19:31:40.000,20.77,-4.15,1309.6,12.7,20.49,1214,-5.54,21.0,0.062
2025-04-29T19:32:40.000,20.75,-4.16,1052.42,12.94,20.49,1215,-5.72,21.0,0.062
2025-04-29T19:33:40.000,20.74,-4.15,844.11,13.18,20.49,1216,-5.89,21.0,0.062
2025-04-29T19:34:40.000,20.76,-4.16,677.08,13.42,20.49,1217,-6.07,21.0,0.062
2025-04-29T19:35:40.000,20.67,-4.19,541.53,13.66,20.49,1218,-6.25,21.0,0.062
2025-04-29T19:36:40.000,20.69,-4.17,432.94,13.9,20.49,1219,-6.42,20.0,0.062
2025-04-29T19:37:40.000,20.61,-4.18,346.52,14.14,20.49,1220,-6.6,20.0,0.062
2025-04-29T19:38:41.000,20.52,-4.28,277.78,14.38,20.49,1221,-6.78,20.0,0.062
2025-04-29T19:39:47.000,20.47,-4.3,222.83,14.62,20.49,1222,-6.97,20.0,0.062
2025-04-29T19:40:47.000,20.39,-4.31,175.73,14.88,20.49,1223,-7.14,20.0,0.062
2025-04-29T19:41:47.000,20.4,-4.33,141.64,15.11,20.49,1224,-7.32,20.0,0.062
2025-04-29T19:42:47.000,20.4,-4.32,114.67,15.34,20.49,1225,-7.49,19.0,0.062
2025-04-29T19:43:47.000,20.37,-4.32,93.43,15.57,20.49,1226,-7.67,19.0,0.062
2025-04-29T19:44:47.000,20.32,-4.34,76.66,15.78,20.49,1227,-7.84,19.0,0.063
2025-04-29T19:45:47.000,20.27,-4.38,63.0,15.99,20.49,1228,-8.01,19.0,0.063
2025-04-29T19:46:47.000,20.13,-4.4,51.3,16.22,20.49,1229,-8.19,19.0,0.063
