ecsv/stars945/stars945_2024-04.ecsv
# %ECSV 1.0
# ---
# datatype:
# - {name: time, datatype: string}
# - {name: Enclosure Temperature, unit: deg_C, datatype: float64}
# - {name: Sky Temperature, unit: deg_C, datatype: float64}
# - {name: Frequency, unit: Hz, datatype: float64}
# - {name: MSAS, unit: mag / arcsec2, datatype: float64}
# - {name: ZP, datatype: float64}
# - {name: Sequence Number, datatype: int64}
# - {name: Sun Alt, unit: deg, datatype: float64}
# - {name: Moon Alt, unit: deg, datatype: float64}
# - {name: Moon Illumination, datatype: float64}
# delimiter: ','
# meta: !!omap
# - ida:
#     Data supplier: {affiliation: Aldeanueva de la Vera, observer: null}
#     Device type: TESS-W
#     Field of view: 17.0
#     Filters per channel: None
#     Instrument ID: stars945
#     License: ODbL 1.0 http://opendatacommons.org/licenses/odbl/summary/
#     Local timezone: Europe/Madrid
#     Location name: {country: Spain, place: "Observatorio Jard\xEDn", region: Extremadura, sub_region: La Vera, town: "Aldeanueva de\
#         \ la Vera, C\xE1ceres"}
#     Measurement direction per channel: {azimuth: 0.0, zenital: 0.0}
#     Moving / Fixed look direction: FIXED
#     Moving / Stationary position: STATIONARY
#     Number of channels: 1
#     Number of fields per line: 8
#     Number of header lines: 35
#     Position: {height: 0.0, latitude: 40.130726, longitude: -5.6966}
#     TESS MAC address: 4C:75:25:27:F7:24
#     TESS cover offset value: 0.0
#     TESS firmware version: '1.0'
#     TESS zero point: 20.34
#     Time Synchronization: timestamp added by MQTT subscriber
#     URL: http://www.darksky.org/NSBM/sdf1.0.pdf
# - __serialized_columns__:
#     Enclosure Temperature:
#       __class__: astropy.units.quantity.Quantity
#       unit: &id001 !astropy.units.Unit {unit: deg_C}
#       value: !astropy.table.SerializedColumn {name: Enclosure Temperature}
#     Frequency:
#       __class__: astropy.units.quantity.Quantity
#       unit: !astropy.units.Unit {unit: Hz}
#       value: !astropy.table.SerializedColumn {name: Frequency}
#     MSAS:
#       __class__: astropy.units.quantity.Quantity
#       unit: !astropy.units.Unit {unit: mag / arcsec2}
#       value: !astropy.table.SerializedColumn {name: MSAS}
#     Moon Alt:
#       __class__: astropy.units.quantity.Quantity
#       unit: &id002 !astropy.units.Unit {unit: deg}
#       value: !astropy.table.SerializedColumn {name: Moon Alt}
#     Sky Temperature:
#       __class__: astropy.units.quantity.Quantity
#       unit: *id001
#       value: !astropy.table.SerializedColumn {name: Sky Temperature}
#     Sun Alt:
#       __class__: astropy.units.quantity.Quantity
#       unit: *id002
#       value: !astropy.table.SerializedColumn {name: Sun Alt}
#     time:
#       __class__: astropy.time.core.Time
#       format: isot
#       in_subfmt: '*'
#       out_subfmt: '*'
#       precision: 3
#       scale: utc
#       value: !astropy.table.SerializedColumn {name: time}
# schema: astropy-2.0
time,Enclosure Temperature,Sky Temperature,Frequency,MSAS,ZP,Sequence Number,Sun Alt,Moon Alt,Moon Illumination
[from data line 4220]
2024-04-07T02:28:21.000,16.43,2.73,1.38,19.99,20.34,8914,-34.97,-32.0,0.041
2024-04-07T02:29:21.000,16.38,2.1,1.22,20.13,20.34,8915,-34.86,-32.0,0.041
2024-04-07T02:30:21.000,16.31,2.1,1.21,20.14,20.34,8916,-34.74,-32.0,0.041
2024-04-07T02:31:21.000,16.28,2.92,1.39,19.99,20.34,8917,-34.61,-32.0,0.041
2024-04-07T02:32:21.000,16.26,3.81,1.72,19.75,20.34,8918,-34.49,-31.0,0.041
2024-04-07T02:33:21.000,16.25,4.4,1.95,19.62,20.34,8919,-34.37,-31.0,0.041
2024-04-07T02:34:21.000,16.24,4.49,1.85,19.68,20.34,8920,-34.25,-31.0,0.041
2024-04-07T02:35:21.000,16.24,4.31,1.6,19.83,20.34,8921,-34.12,-31.0,0.041
2024-04-07T02:36:21.000,16.24,4.02,1.51,19.89,20.34,8922,-34.0,-31.0,0.041
2024-04-07T02:37:21.000,16.22,3.83,1.45,19.94,20.34,8923,-33.88,-31.0,0.041
2024-04-07T02:38:22.000,16.21,3.92,1.6,19.83,20.34,8924,-33.75,-30.0,0.041
2024-04-07T02:39:22.000,16.21,4.29,1.76,19.72,20.34,8925,-33.62,-30.0,0.041
2024-04-07T02:40:22.000,16.23,4.76,1.89,19.65,20.34,8926,-33.5,-30.0,0.041
2024-04-07T02:41:22.000,16.26,4.97,2.03,19.57,20.34,8927,-33.37,-30.0,0.041
2024-04-07T02:42:22.000,16.28,5.21,2.14,19.51,20.34,8928,-33.24,-30.0,0.041
2024-04-07T02:43:22.000,16.3,5.35,2.25,19.46,20.34,8929,-33.11,-29.0,0.041
2024-04-07T02:44:22.000,16.28,5.48,2.28,19.45,20.34,8930,-32.98,-29.0,0.041
2024-04-07T02:45:22.000,16.28,5.68,2.24,19.47,20.34,8931,-32.85,-29.0,0.041
2024-04-07T02:46:22.000,16.27,5.66,2.28,19.45,20.34,8932,-32.72,-29.0,0.041
2024-04-07T02:47:23.000,16.25,5.42,2.17,19.5,20.34,8933,-32.59,-29.0,0.041
2024-04-07T02:48:23.000,16.22,5.18,1.96,19.61,20.34,8934,-32.46,-29.0,0.041
2024-04-07T02:49:23.000,16.21,4.93,1.76,19.73,20.34,8935,-32.32,-28.0,0.041
2024-04-07T02:50:23.000,16.24,4.9,1.63,19.81,20.34,8936,-32.19,-28.0,0.041
2024-04-07T02:51:23.000,16.26,5.08,1.82,19.69,20.34,8937,-32.06,-28.0,0.041
2024-04-07T02:52:23.000,16.28,5.42,2.08,19.55,20.34,8938,-31.92,-28.0,0.041
2024-04-07T02:53:23.000,16.29,5.58,2.31,19.43,20.34,8939,-31.79,-28.0,0.041
2024-04-07T02:54:23.000,16.31,5.61,2.35,19.41,20.34,8940,-31.65,-28.0,0.041
2024-04-07T02:55:23.000,16.34,5.73,2.35,19.41,20.34,8941,-31.52,-27.0,0.041
2024-04-07T02:56:24.000,16.38,5.84,2.25,19.46,20.34,8942,-31.38,-27.0,0.041
2024-04-07T02:57:24.000,16.41,5.66,2.1,19.53,20.34,8943,-31.24,-27.0,0.041
2024-04-07T02:58:24.000,16.41,5.36,1.91,19.64,20.34,8944,-31.1,-27.0,0.04
2024-04-07T02:59:24.000,16.42,5.14,1.73,19.74,20.34,8945,-30.97,-27.0,0.04
2024-04-07T03:00:24.000,16.42,4.87,1.66,19.79,20.34,8946,-30.83,-26.0,0.04
2024-04-07T03:01:24.000,16.4,4.66,1.58,19.85,20.34,8947,-30.69,-26.0,0.04
2024-04-07T03:02:24.000,16.37,4.65,1.48,19.92,20.34,8948,-30.55,-26.0,0.04
2024-04-07T03:03:24.000,16.33,5.01,1.62,19.82,20.34,8949,-30.41,-26.0,0.04
2024-04-07T03:04:24.000,16.32,5.36,1.81,19.7,20.34,8950,-30.27,-26.0,0.04
2024-04-07T03:05:24.000,16.31,5.42,1.83,19.69,20.34,8951,-30.13,-26.0,0.04
2024-04-07T03:06:25.000,16.28,5.22,1.81,19.7,20.34,8952,-29.98,-25.0,0.04
2024-04-07T03:07:25.000,16.26,5.18,1.82,19.69,20.34,8953,-29.84,-25.0,0.04
2024-04-07T03:08:25.000,16.25,5.18,1.99,19.59,20.34,8954,-29.7,-25.0,0.04
2024-04-07T03:09:25.000,16.25,4.99,2.0,19.59,20.34,8955,-29.55,-25.0,0.04
2024-04-07T03:10:25.000,16.24,4.49,1.76,19.73,20.34,8956,-29.41,-25.0,0.04
2024-04-07T03:11:25.000,16.21,3.99,1.51,19.89,20.34,8957,-29.27,-25.0,0.04
2024-04-07T03:12:25.000,16.17,3.47,1.33,20.03,20.34,8958,-29.12,-24.0,0.04
2024-04-07T03:13:25.000,16.1,3.11,1.15,20.19,20.34,8959,-28.97,-24.0,0.04
2024-04-07T03:14:25.000,16.06,3.2,1.18,20.16,20.34,8960,-28.83,-24.0,0.04
2024-04-07T03:15:25.000,16.03,3.66,1.31,20.05,20.34,8961,-28.68,-24.0,0.04
2024-04-07T03:16:25.000,16.0,4.04,1.54,19.87,20.34,8962,-28.54,-24.0,0.04
2024-04-07T03:17:26.000,15.98,4.21,1.56,19.86,20.34,8963,-28.39,-23.0,0.04
2024-04-07T03:18:26.000,15.97,4.22,1.4,19.97,20.34,8964,-28.24,-23.0,0.04
2024-04-07T03:19:26.000,15.94,4.44,1.66,19.79,20.34,8965,-28.09,-23.0,0.04
2024-04-07T03:20:26.000,15.93,4.72,1.91,19.64,20.34,8966,-27.94,-23.0,0.04
2024-04-07T03:21:26.000,15.91,4.79,2.0,19.59,20.34,8967,-27.79,-23.0,0.04
2024-04-07T03:22:26.000,15.88,4.76,1.96,19.61,20.34,8968,-27.64,-23.0,0.04
2024-04-07T03:23:26.000,15.86,4.75,1.87,19.66,20.34,8969,-27.49,-22.0,0.04
2024-04-07T03:24:26.000,15.86,4.67,1.78,19.71,20.34,8970,-27.34,-22.0,0.04
2024-04-07T03:25:26.000,15.85,4.68,1.73,19.74,20.34,8971,-27.19,-22.0,0.04
2024-04-07T03:26:26.000,15.87,4.78,1.69,19.77,20.34,8972,-27.04,-22.0,0.04
2024-04-07T03:27:26.000,15.88,4.93,1.7,19.77,20.34,8973,-26.88,-22.0,0.039
2024-04-07T03:28:26.000,15.91,5.09,1.68,19.78,20.34,8974,-26.73,-21.0,0.039
2024-04-07T03:29:26.000,15.92,5.29,1.79,19.71,20.34,8975,-26.58,-21.0,0.039
2024-04-07T03:47:58.000,16.23,7.47,3.2,19.08,20.34,8992,-23.67,-18.0,0.039
2024-04-07T03:48:58.000,16.23,7.78,3.6,18.95,20.34,8993,-23.51,-18.0,0.039
2024-04-07T03:49:58.000,16.26,7.97,3.7,18.92,20.34,8994,-23.35,-17.0,0.039
2024-04-07T03:50:58.000,16.28,8.15,3.78,18.9,20.34,8995,-23.19,-17.0,0.039
2024-04-07T03:51:58.000,16.31,8.29,3.92,18.86,20.34,8996,-23.02,-17.0,0.039
2024-04-07T03:52:58.000,16.39,8.55,3.91,18.86,20.34,8997,-22.86,-17.0,0.039
2024-04-07T03:53:59.000,16.49,8.72,3.82,18.89,20.34,8998,-22.7,-17.0,0.039
2024-04-07T03:54:59.000,16.58,8.6,3.87,18.87,20.34,8999,-22.53,-17.0,0.039
2024-04-07T03:55:59.000,16.67,8.61,3.82,18.89,20.34,9000,-22.37,-16.0,0.039
2024-04-07T03:56:59.000,16.76,8.59,3.78,18.9,20.34,9001,-22.21,-16.0,0.039
2024-04-07T03:57:59.000,16.85,8.67,3.92,18.86,20.34,9002,-22.04,-16.0,0.038
2024-04-07T03:58:59.000,16.93,8.54,3.9,18.86,20.34,9003,-21.88,-16.0,0.038
2024-04-07T03:59:59.000,16.99,8.44,3.82,18.89,20.34,9004,-21.71,-16.0,0.038
2024-04-07T04:01:00.000,17.05,8.35,3.72,18.92,20.34,9005,-21.54,-15.0,0.038
2024-04-07T04:02:00.000,17.06,8.38,3.64,18.94,20.34,9006,-21.38,-15.0,0.038
2024-04-07T04:03:00.000,17.11,8.34,3.31,19.04,20.34,9007,-21.21,-15.0,0.038
2024-04-07T04:04:00.000,17.12,8.1,3.01,19.15,20.34,9008,-21.05,-15.0,0.038
2024-04-07T04:05:00.000,17.1,8.16,3.31,19.04,20.34,9009,-20.88,-15.0,0.038
2024-04-07T04:06:00.000,17.09,8.15,3.76,18.9,20.34,9010,-20.71,-15.0,0.038
2024-04-07T04:07:01.000,17.0,8.05,3.82,18.88,20.34,9011,-20.54,-14.0,0.038
2024-04-07T04:08:01.000,16.95,8.23,4.13,18.8,20.34,9012,-20.38,-14.0,0.038
2024-04-07T04:09:01.000,16.97,8.39,4.34,18.75,20.34,9013,-20.21,-14.0,0.038
2024-04-07T04:10:01.000,16.96,8.37,4.36,18.74,20.34,9014,-20.04,-14.0,0.038
2024-04-07T04:11:01.000,16.92,8.45,4.37,18.74,20.34,9015,-19.87,-14.0,0.038
2024-04-07T04:12:01.000,16.85,8.53,4.29,18.76,20.34,9016,-19.7,-13.0,0.038
2024-04-07T04:13:01.000,16.78,8.55,4.07,18.82,20.34,9017,-19.53,-13.0,0.038
2024-04-07T04:14:01.000,16.75,8.65,3.91,18.86,20.34,9018,-19.36,-13.0,0.038
2024-04-07T04:15:01.000,16.74,8.61,3.73,18.91,20.34,9019,-19.2,-13.0,0.038
2024-04-07T04:16:02.000,16.72,8.51,3.63,18.94,20.34,9020,-19.02,-13.0,0.038
2024-04-07T04:17:02.000,16.74,8.53,3.53,18.97,20.34,9021,-18.85,-12.0,0.038
2024-04-07T04:18:02.000,16.8,8.58,3.35,19.03,20.34,9022,-18.68,-12.0,0.038
2024-04-07T04:19:02.000,16.84,8.46,3.29,19.05,20.34,9023,-18.51,-12.0,0.038
2024-04-07T04:20:02.000,16.76,8.24,3.22,19.07,20.34,9024,-18.34,-12.0,0.038
2024-04-07T04:21:02.000,16.61,8.18,3.06,19.13,20.34,9025,-18.17,-12.0,0.038
2024-04-07T04:22:02.000,16.39,8.03,2.98,19.16,20.34,9026,-18.0,-12.0,0.038
2024-04-07T04:23:02.000,16.06,7.76,3.01,19.15,20.34,9027,-17.83,-11.0,0.038
2024-04-07T04:24:02.000,15.8,8.05,3.35,19.03,20.34,9028,-17.65,-11.0,0.038
2024-04-07T04:25:02.000,15.57,8.07,4.0,18.84,20.34,9029,-17.48,-11.0,0.038
2024-04-07T04:26:02.000,15.34,8.08,4.02,18.83,20.34,9030,-17.31,-11.0,0.038
2024-04-07T04:46:11.000,14.41,9.24,3.8,18.89,20.34,9048,-13.77,-7.0,0.037
2024-04-07T04:47:11.000,14.32,9.03,3.85,18.88,20.34,9049,-13.6,-7.0,0.037
2024-04-07T04:48:11.000,14.25,10.59,3.96,18.85,20.34,9050,-13.42,-7.0,0.037
2024-04-07T04:49:11.000,14.15,12.65,4.11,18.81,20.34,9051,-13.24,-6.0,0.037
2024-04-07T04:50:11.000,13.95,12.32,4.22,18.78,20.34,9052,-13.06,-6.0,0.037
2024-04-07T04:51:11.000,13.91,12.58,4.26,18.77,20.34,9053,-12.88,-6.0,0.037
2024-04-07T04:52:11.000,13.93,12.8,4.18,18.79,20.34,9054,-12.7,-6.0,0.037
2024-04-07T04:53:11.000,13.95,12.79,4.21,18.78,20.34,9055,-12.53,-6.0,0.037
2024-04-07T04:54:11.000,13.93,11.89,4.29,18.76,20.34,9056,-12.35,-6.0,0.037
2024-04-07T04:55:12.000,13.86,11.72,4.22,18.78,20.34,9057,-12.16,-5.0,0.037
2024-04-07T04:56:12.000,13.91,12.01,4.02,18.83,20.34,9058,-11.98,-5.0,0.037
2024-04-07T04:57:12.000,13.98,12.13,3.89,18.87,20.34,9059,-11.8,-5.0,0.037
2024-04-07T04:58:12.000,14.04,12.16,3.86,18.87,20.34,9060,-11.62,-5.0,0.037
2024-04-07T04:59:12.000,14.08,12.22,3.89,18.87,20.34,9061,-11.44,-5.0,0.036
2024-04-07T05:00:12.000,14.1,12.51,3.89,18.87,20.34,9062,-11.26,-4.0,0.036
2024-04-07T05:01:13.000,14.12,12.65,3.87,18.87,20.34,9063,-11.08,-4.0,0.036
2024-04-07T05:02:13.000,14.18,13.26,3.93,18.85,20.34,9064,-10.9,-4.0,0.036
2024-04-07T05:03:13.000,14.26,13.37,4.1,18.81,20.34,9065,-10.72,-4.0,0.036
2024-04-07T05:04:13.000,14.28,13.29,4.25,18.77,20.34,9066,-10.54,-4.0,0.036
2024-04-07T05:05:13.000,14.19,12.86,4.36,18.74,20.34,9067,-10.35,-3.0,0.036
2024-04-07T05:06:13.000,14.12,12.92,4.56,18.69,20.34,9068,-10.17,-3.0,0.036
2024-04-07T05:07:14.000,14.08,12.9,4.81,18.63,20.34,9069,-9.99,-3.0,0.036
2024-04-07T05:08:14.000,14.06,13.03,5.05,18.58,20.34,9070,-9.81,-3.0,0.036
2024-04-07T05:09:14.000,14.09,13.1,5.23,18.54,20.34,9071,-9.62,-3.0,0.036
2024-04-07T05:10:14.000,14.07,12.95,5.48,18.49,20.34,9072,-9.44,-3.0,0.036
2024-04-07T05:11:14.000,14.04,12.57,5.78,18.44,20.34,9073,-9.26,-2.0,0.036
2024-04-07T05:12:14.000,14.01,11.76,6.27,18.35,20.34,9074,-9.08,-2.0,0.036
2024-04-07T05:13:15.000,13.99,12.31,6.73,18.27,20.34,9075,-8.89,-2.0,0.036
2024-04-07T05:14:15.000,13.95,11.9,7.15,18.2,20.34,9076,-8.71,-2.0,0.036
2024-04-07T05:15:15.000,13.86,11.82,7.7,18.12,20.34,9077,-8.52,-2.0,0.036
2024-04-07T05:16:15.000,13.78,12.55,8.11,18.07,20.34,9078,-8.34,-1.0,0.036
2024-04-07T05:17:15.000,13.72,12.45,8.97,17.96,20.34,9079,-8.16,-1.0,0.036
2024-04-07T05:18:15.000,13.68,12.52,10.18,17.82,20.34,9080,-7.97,-1.0,0.036
2024-04-07T05:19:15.000,13.65,12.45,10.71,17.77,20.34,9081,-7.79,-1.0,0.036
2024-04-07T05:20:15.000,13.58,12.39,13.13,17.55,20.34,9082,-7.61,-1.0,0.036
2024-04-07T05:21:16.000,13.52,12.21,16.64,17.29,20.34,9083,-7.42,-0.0,0.036
2024-04-07T05:22:16.000,13.4,11.73,19.33,17.13,20.34,9084,-7.23,-0.0,0.036
2024-04-07T05:23:16.000,13.37,11.93,22.0,16.98,20.34,9085,-7.05,-0.0,0.036
2024-04-07T05:24:16.000,13.34,12.2,25.26,16.83,20.34,9086,-6.87,0.0,0.036
2024-04-07T05:25:16.000,13.27,12.02,30.41,16.64,20.34,9087,-6.68,0.0,0.036
2024-04-07T05:26:16.000,13.23,11.98,38.09,16.39,20.34,9088,-6.5,0.0,0.036
2024-04-07T05:27:18.000,13.14,11.95,44.9,16.21,20.34,9089,-6.3,1.0,0.036
2024-04-07T05:28:17.000,13.21,12.21,60.18,15.89,20.34,9090,-6.12,1.0,0.036
2024-04-07T05:29:17.000,13.17,12.03,80.92,15.58,20.34,9091,-5.94,1.0,0.036
2024-04-07T05:30:17.000,13.21,12.14,107.66,15.26,20.34,9092,-5.75,1.0,0.035
2024-04-07T05:31:18.000,13.21,12.21,122.16,15.12,20.34,9093,-5.56,1.0,0.035
2024-04-07T05:32:18.000,13.29,12.46,132.92,15.03,20.34,9094,-5.38,2.0,0.035
2024-04-07T05:33:18.000,13.39,12.53,164.54,14.8,20.34,9095,-5.19,2.0,0.035
2024-04-07T05:34:18.000,13.4,12.45,205.89,14.56,20.34,9096,-5.01,2.0,0.035
2024-04-07T05:35:18.000,13.45,12.55,220.27,14.48,20.34,9097,-4.82,2.0,0.035
2024-04-07T05:36:18.000,13.43,12.32,212.13,14.52,20.34,9098,-4.63,2.0,0.035
2024-04-07T05:37:19.000,13.39,12.34,292.09,14.19,20.34,9099,-4.44,3.0,0.035
2024-04-07T05:38:19.000,13.36,12.28,480.18,13.64,20.34,9100,-4.26,3.0,0.035
2024-04-07T05:39:19.000,13.36,12.37,675.02,13.27,20.34,9101,-4.07,3.0,0.035
2024-04-07T05:40:19.000,13.36,12.4,842.36,13.03,20.34,9102,-3.88,3.0,0.035
2024-04-07T05:41:19.000,13.38,12.45,1120.58,12.72,20.34,9103,-3.7,3.0,0.035
2024-04-07T05:42:20.000,13.38,12.37,1249.62,12.6,20.34,9104,-3.51,3.0,0.035
2024-04-07T05:43:20.000,13.36,12.33,1413.51,12.46,20.34,9105,-3.32,4.0,0.035
2024-04-07T05:44:20.000,13.35,12.41,1483.71,12.41,20.34,9106,-3.13,4.0,0.035
2024-04-07T05:45:20.000,13.36,12.33,1531.06,12.38,20.34,9107,-2.95,4.0,0.035
2024-04-07T05:46:20.000,13.36,12.37,1800.11,12.21,20.34,9108,-2.76,4.0,0.035
2024-04-07T05:47:20.000,13.41,12.62,3065.24,11.63,20.34,9109,-2.57,4.0,0.035
2024-04-07T05:48:21.000,13.47,12.54,3909.44,11.36,20.34,9110,-2.38,5.0,0.035
2024-04-07T05:49:21.000,13.45,12.48,4529.28,11.2,20.34,9111,-2.19,5.0,0.035
2024-04-07T05:50:21.000,13.42,12.22,4954.11,11.11,20.34,9112,-2.0,5.0,0.035
2024-04-07T05:51:21.000,13.15,11.36,7221.19,10.7,20.34,9113,-1.82,5.0,0.035
2024-04-07T05:52:21.000,12.98,11.44,8436.58,10.53,20.34,9114,-1.63,5.0,0.035
2024-04-07T05:53:21.000,12.91,11.77,8663.82,10.5,20.34,9115,-1.44,6.0,0.035
2024-04-07T05:54:21.000,12.87,11.57,9726.73,10.37,20.34,9116,-1.25,6.0,0.035
2024-04-07T05:55:21.000,12.74,11.2,11110.9,10.23,20.34,9117,-1.06,6.0,0.035
2024-04-07T05:56:22.000,12.65,11.4,13924.22,9.98,20.34,9118,-0.87,6.0,0.035
2024-04-07T05:57:22.000,12.72,11.75,15913.17,9.84,20.34,9119,-0.68,6.0,0.035
2024-04-07T05:58:22.000,12.7,11.38,18774.73,9.66,20.34,9120,-0.49,6.0,0.035
2024-04-07T05:59:22.000,12.69,11.51,23009.66,9.44,20.34,9121,-0.31,7.0,0.035
2024-04-07T06:00:23.000,12.76,11.84,18187.13,9.7,20.34,9122,-0.11,7.0,0.035
2024-04-07T06:01:23.000,12.83,12.0,20326.69,9.57,20.34,9123,0.07,7.0,0.035
2024-04-07T06:02:24.000,12.88,11.85,25412.54,9.35,20.34,9124,0.27,7.0,0.034
2024-04-07T06:03:24.000,12.88,11.92,47108.64,8.66,20.34,9125,0.46,7.0,0.034
2024-04-07T06:04:24.000,12.88,11.74,41594.61,8.8,20.34,9126,0.64,8.0,0.034
2024-04-07T06:05:24.000,12.82,11.52,33877.0,9.02,20.34,9127,0.83,8.0,0.034
2024-04-07T06:06:24.000,12.83,11.73,34650.34,8.99,20.34,9128,1.02,8.0,0.034
2024-04-07T06:07:24.000,12.9,12.05,42341.22,8.77,20.34,9129,1.21,8.0,0.034
2024-04-07T06:08:24.000,12.89,11.79,41993.77,8.78,20.34,9130,1.4,8.0,0.034
2024-04-07T06:09:24.000,12.88,11.79,40329.6,8.83,20.34,9131,1.59,9.0,0.034
2024-04-07T06:10:24.000,12.87,11.75,50595.66,8.58,20.34,9132,1.78,9.0,0.034
2024-04-07T06:11:25.000,12.88,11.88,56327.07,8.46,20.34,9133,1.97,9.0,0.034
2024-04-07T06:12:25.000,12.86,11.47,57240.23,8.45,20.34,9134,2.16,9.0,0.034
2024-04-07T06:13:25.000,12.85,11.87,54693.73,3.16,20.34,9135,2.35,9.0,0.034
2024-04-07T06:14:25.000,12.86,11.73,50000.0,0.0,20.34,9136,2.54,9.0,0.034
2024-04-07T06:15:25.000,12.76,11.37,55594.29,3.23,20.34,9137,2.73,10.0,0.034
2024-04-07T06:16:25.000,12.63,11.15,50000.0,0.0,20.34,9138,2.92,10.0,0.034
2024-04-07T06:17:26.000,12.59,11.32,50000.0,0.0,20.34,9139,3.12,10.0,0.034
2024-04-07T06:18:26.000,12.63,11.55,50000.0,0.0,20.34,9140,3.31,10.0,0.034
2024-04-07T06:46:30.000,12.28,11.15,50000.0,0.0,20.34,9168,8.66,15.0,0.033
2024-04-07T06:47:31.000,12.42,11.4,50000.0,0.0,20.34,9169,8.86,15.0,0.033
2024-04-07T06:48:31.000,12.51,11.54,50000.0,0.0,20.34,9170,9.05,16.0,0.033
2024-04-07T07:08:41.000,12.71,11.46,50000.0,0.0,20.34,9188,12.91,19.0,0.032
2024-04-07T07:09:42.000,12.71,11.64,50000.0,0.0,20.34,9189,13.1,19.0,0.032
2024-04-07T07:10:42.000,12.75,11.59,50000.0,0.0,20.34,9190,13.29,20.0,0.032
2024-04-07T07:11:42.000,12.82,11.73,50000.0,0.0,20.34,9191,13.48,20.0,0.032
2024-04-07T07:12:42.000,12.81,11.56,50000.0,0.0,20.34,9192,13.67,20.0,0.032
2024-04-07T07:13:42.000,12.83,11.67,49729.95,0.09,20.34,9193,13.87,20.0,0.032
2024-04-07T07:14:42.000,12.84,11.59,50000.0,0.0,20.34,9194,14.06,20.0,0.032
2024-04-07T07:15:42.000,12.84,11.52,50000.0,0.0,20.34,9195,14.25,20.0,0.032
2024-04-07T07:16:43.000,12.86,11.74,50000.0,0.0,20.34,9196,14.44,21.0,0.032
2024-04-07T08:36:56.000,13.43,12.2,50000.0,0.0,20.34,9276,29.53,34.0,0.03
2024-04-07T08:37:56.000,13.49,12.72,50000.0,0.0,20.34,9277,29.71,34.0,0.03
2024-04-07T08:38:57.000,13.61,12.82,50000.0,0.0,20.34,9278,29.9,34.0,0.03
2024-04-07T08:59:07.000,15.94,15.96,50000.0,0.0,20.34,9296,33.54,37.0,0.029
2024-04-07T09:00:07.000,16.2,16.58,50000.0,0.0,20.34,9297,33.72,37.0,0.029
