ecsv/stars945/stars945_2025-04.ecsv
# %ECSV 1.0
# ---
# datatype:
# - {name: time, datatype: string}
# - {name: Enclosure Temperature, unit: deg_C, datatype: float64}
# - {name: Sky Temperature, unit: deg_C, datatype: float64}
# - {name: Frequency, unit: Hz, datatype: float64}
# - {name: MSAS, unit: mag / arcsec2, datatype: float64}
# - {name: ZP, datatype: float64}
# - {name: Sequence Number, datatype: int64}
# - {name: Sun Alt, unit: deg, datatype: float64}
# - {name: Moon Alt, unit: deg, datatype: float64}
# - {name: Moon Illumination, datatype: float64}
# delimiter: ','
# meta: !!omap
# - ida:
#     Data supplier: {affiliation: Aldeanueva de la Vera, observer: null}
#     Device type: TESS-W
#     Field of view: 17.0
#     Filters per channel: None
#     Instrument ID: stars945
#     License: ODbL 1.0 http://opendatacommons.org/licenses/odbl/summary/
#     Local timezone: Europe/Madrid
#     Location name: {country: Spain, place: "Observatorio Jard\xEDn", region: Extremadura, sub_region: La Vera, town: "Aldeanueva de\
#         \ la Vera, C\xE1ceres"}
#     Measurement direction per channel: {azimuth: 0.0, zenital: 0.0}
#     Moving / Fixed look direction: FIXED
#     Moving / Stationary position: STATIONARY
#     Number of channels: 1
#     Number of fields per line: 8
#     Number of header lines: 35
#     Position: {height: 0.0, latitude: 40.130726, longitude: -5.6966}
#     TESS MAC address: 4C:75:25:27:F7:24
#     TESS cover offset value: 0.0
#     TESS firmware version: '1.0'
#     TESS zero point: 20.34
#     Time Synchronization: timestamp added by MQTT subscriber
#     URL: http://www.darksky.org/NSBM/sdf1.0.pdf
# - __serialized_columns__:
#     Enclosure Temperature:
#       __class__: astropy.units.quantity.Quantity
#       unit: &id001 !astropy.units.Unit {unit: deg_C}
#       value: !astropy.table.SerializedColumn {name: Enclosure Temperature}
#     Frequency:
#       __class__: astropy.units.quantity.Quantity
#       unit: !astropy.units.Unit {unit: Hz}
#       value: !astropy.table.SerializedColumn {name: Frequency}
#     MSAS:
#       __class__: astropy.units.quantity.Quantity
#       unit: !astropy.units.Unit {unit: mag / arcsec2}
#       value: !astropy.table.SerializedColumn {name: MSAS}
#     Moon Alt:
#       __class__: astropy.units.quantity.Quantity
#       unit: &id002 !astropy.units.Unit {unit: deg}
#       value: !astropy.table.SerializedColumn {name: Moon Alt}
#     Sky Temperature:
#       __class__: astropy.units.quantity.Quantity
#       unit: *id001
#       value: !astropy.table.SerializedColumn {name: Sky Temperature}
#     Sun Alt:
#       __class__: astropy.units.quantity.Quantity
#       unit: *id002
#       value: !astropy.table.SerializedColumn {name: Sun Alt}
#     time:
#       __class__: astropy.time.core.Time
#       format: isot
#       in_subfmt: '*'
#       out_subfmt: '*'
#       precision: 3
#       scale: utc
#       value: !astropy.table.SerializedColumn {name: time}
# schema: astropy-2.0
time,Enclosure Temperature,Sky Temperature,Frequency,MSAS,ZP,Sequence Number,Sun Alt,Moon Alt,Moon Illumination
[from data line 6838]
2025-04-10T02:36:11.000,15.81,-4.08,4.49,18.71,20.34,3202,-33.04,24.0,0.925
2025-04-10T02:37:11.000,15.78,-4.26,4.43,18.72,20.34,3203,-32.91,24.0,0.925
2025-04-10T02:38:11.000,15.74,-4.3,4.39,18.73,20.34,3204,-32.79,23.0,0.926
2025-04-10T02:39:11.000,15.69,-4.38,4.36,18.74,20.34,3205,-32.66,23.0,0.926
2025-04-10T02:40:11.000,15.64,-4.46,4.3,18.76,20.34,3206,-32.54,23.0,0.926
2025-04-10T02:41:11.000,15.6,-4.3,4.25,18.77,20.34,3207,-32.41,23.0,0.926
2025-04-10T02:42:11.000,15.59,-4.28,4.19,18.79,20.34,3208,-32.29,23.0,0.926
2025-04-10T02:43:12.000,15.57,-4.35,4.11,18.81,20.34,3209,-32.16,22.0,0.926
2025-04-10T02:44:12.000,15.56,-4.34,4.01,18.83,20.34,3210,-32.03,22.0,0.926
2025-04-10T02:45:12.000,15.54,-4.34,3.94,18.85,20.34,3211,-31.9,22.0,0.926
2025-04-10T02:46:12.000,15.53,-4.49,3.84,18.88,20.34,3212,-31.77,22.0,0.926
2025-04-10T02:47:12.000,15.5,-4.57,3.73,18.91,20.34,3213,-31.64,22.0,0.926
2025-04-10T02:48:12.000,15.48,-4.38,3.62,18.94,20.34,3214,-31.51,22.0,0.926
2025-04-10T02:49:12.000,15.46,-4.37,3.53,18.97,20.34,3215,-31.38,21.0,0.926
2025-04-10T02:50:13.000,15.45,-4.45,3.43,19.0,20.34,3216,-31.24,21.0,0.926
2025-04-10T02:51:13.000,15.43,-4.56,3.35,19.03,20.34,3217,-31.11,21.0,0.926
2025-04-10T02:52:13.000,15.45,-4.55,3.27,19.06,20.34,3218,-30.98,21.0,0.926
2025-04-10T02:53:13.000,15.46,-4.71,3.19,19.08,20.34,3219,-30.85,21.0,0.926
2025-04-10T02:54:13.000,15.45,-4.66,3.13,19.1,20.34,3220,-30.71,20.0,0.926
2025-04-10T02:55:13.000,15.45,-4.54,3.07,19.12,20.34,3221,-30.58,20.0,0.926
2025-04-10T02:56:13.000,15.48,-4.49,3.03,19.14,20.34,3222,-30.44,20.0,0.926
2025-04-10T02:57:13.000,15.5,-4.59,3.04,19.14,20.34,3223,-30.31,20.0,0.926
2025-04-10T02:58:13.000,15.5,-4.7,3.0,19.15,20.34,3224,-30.17,20.0,0.926
2025-04-10T02:59:13.000,15.49,-4.77,2.94,19.17,20.34,3225,-30.03,19.0,0.926
2025-04-10T03:00:13.000,15.47,-4.87,2.84,19.21,20.34,3226,-29.9,19.0,0.926
2025-04-10T03:01:14.000,15.44,-4.81,2.77,19.23,20.34,3227,-29.76,19.0,0.926
2025-04-10T03:02:14.000,15.43,-4.64,2.77,19.24,20.34,3228,-29.62,19.0,0.926
2025-04-10T03:03:14.000,15.44,-4.64,2.68,19.27,20.34,3229,-29.48,19.0,0.926
2025-04-10T03:04:14.000,15.45,-4.8,2.6,19.3,20.34,3230,-29.34,19.0,0.926
2025-04-10T03:05:14.000,15.44,-4.87,2.56,19.32,20.34,3231,-29.2,18.0,0.926
2025-04-10T03:06:14.000,15.43,-4.89,2.54,19.33,20.34,3232,-29.06,18.0,0.926
2025-04-10T03:07:14.000,15.42,-4.83,2.51,19.34,20.34,3233,-28.92,18.0,0.927
2025-04-10T03:08:14.000,15.42,-4.69,2.47,19.36,20.34,3234,-28.77,18.0,0.927
2025-04-10T03:09:15.000,15.43,-4.96,2.45,19.37,20.34,3235,-28.63,18.0,0.927
2025-04-10T03:10:15.000,15.42,-5.07,2.43,19.38,20.34,3236,-28.49,17.0,0.927
2025-04-10T03:11:15.000,15.4,-5.1,2.42,19.38,20.34,3237,-28.34,17.0,0.927
2025-04-10T03:12:15.000,15.4,-5.11,2.37,19.4,20.34,3238,-28.2,17.0,0.927
2025-04-10T03:13:15.000,15.39,-5.06,2.37,19.41,20.34,3239,-28.06,17.0,0.927
2025-04-10T03:14:15.000,15.39,-5.11,2.35,19.41,20.34,3240,-27.91,17.0,0.927
2025-04-10T03:15:15.000,15.37,-5.19,2.33,19.42,20.34,3241,-27.77,16.0,0.927
2025-04-10T03:16:15.000,15.35,-5.44,2.32,19.43,20.34,3242,-27.62,16.0,0.927
2025-04-10T03:17:15.000,15.34,-5.47,2.28,19.45,20.34,3243,-27.47,16.0,0.927
2025-04-10T03:18:15.000,15.32,-5.43,2.27,19.45,20.34,3244,-27.33,16.0,0.927
2025-04-10T03:19:15.000,15.28,-5.41,2.26,19.46,20.34,3245,-27.18,16.0,0.927
2025-04-10T03:20:16.000,15.26,-5.47,2.25,19.46,20.34,3246,-27.03,16.0,0.927
2025-04-10T03:21:16.000,15.25,-5.52,2.22,19.47,20.34,3247,-26.88,15.0,0.927
2025-04-10T03:22:16.000,15.22,-5.56,2.21,19.48,20.34,3248,-26.73,15.0,0.927
2025-04-10T03:23:16.000,15.17,-5.53,2.19,19.49,20.34,3249,-26.58,15.0,0.927
2025-04-10T03:24:16.000,15.14,-5.41,2.18,19.49,20.34,3250,-26.43,15.0,0.927
2025-04-10T03:25:16.000,15.12,-5.59,2.17,19.5,20.34,3251,-26.28,15.0,0.927
2025-04-10T03:26:17.000,15.1,-5.74,2.15,19.51,20.34,3252,-26.13,14.0,0.927
2025-04-10T03:27:17.000,15.07,-5.77,2.13,19.52,20.34,3253,-25.98,14.0,0.927
2025-04-10T03:28:17.000,15.04,-5.76,2.13,19.52,20.34,3254,-25.83,14.0,0.927
2025-04-10T03:29:17.000,15.0,-5.7,2.13,19.52,20.34,3255,-25.68,14.0,0.927
2025-04-10T03:30:17.000,14.97,-5.77,2.1,19.54,20.34,3256,-25.52,14.0,0.927
2025-04-10T03:31:17.000,14.94,-5.76,2.1,19.54,20.34,3257,-25.37,13.0,0.927
2025-04-10T03:32:17.000,14.91,-5.75,2.11,19.53,20.34,3258,-25.22,13.0,0.927
2025-04-10T03:33:17.000,14.88,-5.9,2.1,19.53,20.34,3259,-25.06,13.0,0.927
2025-04-10T03:34:17.000,14.85,-5.89,2.1,19.54,20.34,3260,-24.91,13.0,0.927
2025-04-10T03:35:17.000,14.82,-5.93,2.09,19.54,20.34,3261,-24.76,13.0,0.928
2025-04-10T03:36:17.000,14.78,-5.96,2.08,19.55,20.34,3262,-24.6,13.0,0.928
2025-04-10T03:37:17.000,14.73,-6.09,2.07,19.55,20.34,3263,-24.45,12.0,0.928
2025-04-10T03:38:17.000,14.69,-6.07,2.07,19.55,20.34,3264,-24.29,12.0,0.928
2025-04-10T03:39:18.000,14.66,-6.1,2.07,19.55,20.34,3265,-24.13,12.0,0.928
2025-04-10T03:40:18.000,14.62,-6.06,2.07,19.55,20.34,3266,-23.98,12.0,0.928
2025-04-10T03:41:18.000,14.6,-6.0,2.07,19.55,20.34,3267,-23.82,12.0,0.928
2025-04-10T03:42:18.000,14.58,-6.05,2.07,19.55,20.34,3268,-23.66,11.0,0.928
2025-04-10T03:43:18.000,14.57,-6.04,2.08,19.55,20.34,3269,-23.5,11.0,0.928
2025-04-10T03:44:18.000,14.54,-5.94,2.09,19.54,20.34,3270,-23.35,11.0,0.928
2025-04-10T03:45:18.000,14.51,-5.97,2.1,19.54,20.34,3271,-23.19,11.0,0.928
2025-04-10T03:46:18.000,14.48,-5.88,2.1,19.53,20.34,3272,-23.03,11.0,0.928
2025-04-10T03:47:18.000,14.44,-5.78,2.12,19.53,20.34,3273,-22.87,10.0,0.928
2025-04-10T03:48:18.000,14.4,-5.66,2.18,19.49,20.34,3274,-22.71,10.0,0.928
2025-04-10T03:49:18.000,14.38,-5.69,2.21,19.48,20.34,3275,-22.55,10.0,0.928
2025-04-10T03:50:18.000,14.36,-5.75,2.26,19.45,20.34,3276,-22.39,10.0,0.928
2025-04-10T03:51:18.000,14.34,-5.6,2.33,19.42,20.34,3277,-22.23,10.0,0.928
2025-04-10T03:52:19.000,14.32,-5.47,2.37,19.4,20.34,3278,-22.06,10.0,0.928
2025-04-10T03:53:19.000,14.29,-5.42,2.39,19.39,20.34,3279,-21.9,9.0,0.928
2025-04-10T03:54:19.000,14.26,-5.26,2.41,19.39,20.34,3280,-21.74,9.0,0.928
2025-04-10T03:55:19.000,14.25,-5.2,2.42,19.38,20.34,3281,-21.58,9.0,0.928
2025-04-10T03:56:19.000,14.24,-5.25,2.42,19.38,20.34,3282,-21.42,9.0,0.928
2025-04-10T03:57:19.000,14.21,-5.39,2.4,19.39,20.34,3283,-21.25,9.0,0.928
2025-04-10T03:58:19.000,14.19,-5.53,2.4,19.39,20.34,3284,-21.09,8.0,0.928
2025-04-10T03:59:19.000,14.17,-5.58,2.39,19.4,20.34,3285,-20.93,8.0,0.928
2025-04-10T04:00:19.000,14.13,-5.56,2.37,19.4,20.34,3286,-20.76,8.0,0.928
2025-04-10T04:01:19.000,14.1,-5.52,2.33,19.42,20.34,3287,-20.6,8.0,0.928
2025-04-10T04:02:20.000,14.07,-5.4,2.28,19.45,20.34,3288,-20.43,8.0,0.928
2025-04-10T04:03:20.000,14.04,-5.41,2.22,19.47,20.34,3289,-20.27,7.0,0.928
2025-04-10T04:04:20.000,14.03,-5.43,2.17,19.5,20.34,3290,-20.1,7.0,0.929
2025-04-10T04:05:20.000,14.03,-5.3,2.12,19.52,20.34,3291,-19.94,7.0,0.929
2025-04-10T04:06:20.000,14.03,-5.34,2.07,19.55,20.34,3292,-19.77,7.0,0.929
2025-04-10T04:07:20.000,14.03,-5.48,2.01,19.58,20.34,3293,-19.6,7.0,0.929
2025-04-10T04:08:20.000,14.01,-5.92,1.96,19.61,20.34,3294,-19.44,6.0,0.929
2025-04-10T04:09:20.000,13.98,-5.92,1.93,19.63,20.34,3295,-19.27,6.0,0.929
2025-04-10T04:10:20.000,13.97,-6.04,1.91,19.64,20.34,3296,-19.1,6.0,0.929
2025-04-10T04:11:20.000,13.94,-5.92,1.89,19.65,20.34,3297,-18.94,6.0,0.929
2025-04-10T04:12:20.000,13.92,-5.84,1.88,19.66,20.34,3298,-18.77,6.0,0.929
2025-04-10T04:13:20.000,13.9,-5.84,1.87,19.66,20.34,3299,-18.6,6.0,0.929
2025-04-10T04:14:20.000,13.85,-6.05,1.85,19.67,20.34,3300,-18.43,5.0,0.929
2025-04-10T04:15:20.000,13.84,-5.99,1.84,19.68,20.34,3301,-18.26,5.0,0.929
2025-04-10T04:16:21.000,13.84,-5.88,1.81,19.7,20.34,3302,-18.09,5.0,0.929
2025-04-10T04:17:21.000,13.85,-5.79,1.77,19.72,20.34,3303,-17.92,5.0,0.929
2025-04-10T04:18:21.000,13.87,-5.69,1.72,19.75,20.34,3304,-17.75,5.0,0.929
2025-04-10T04:19:21.000,13.88,-5.73,1.67,19.79,20.34,3305,-17.58,4.0,0.929
2025-04-10T04:20:21.000,13.88,-5.73,1.61,19.82,20.34,3306,-17.41,4.0,0.929
2025-04-10T04:21:21.000,13.87,-5.63,1.57,19.85,20.34,3307,-17.24,4.0,0.929
2025-04-10T04:22:21.000,13.86,-5.46,1.52,19.89,20.34,3308,-17.07,4.0,0.929
2025-04-10T04:23:21.000,13.86,-5.44,1.49,19.91,20.34,3309,-16.9,4.0,0.929
2025-04-10T04:24:21.000,13.88,-5.4,1.47,19.93,20.34,3310,-16.73,3.0,0.929
2025-04-10T04:25:21.000,13.89,-5.44,1.44,19.94,20.34,3311,-16.56,3.0,0.929
2025-04-10T04:26:21.000,13.9,-5.42,1.42,19.96,20.34,3312,-16.38,3.0,0.929
2025-04-10T04:27:21.000,13.89,-5.34,1.41,19.97,20.34,3313,-16.21,3.0,0.929
2025-04-10T04:28:21.000,13.89,-5.08,1.38,19.99,20.34,3314,-16.04,3.0,0.929
2025-04-10T04:29:21.000,13.9,-4.99,1.36,20.01,20.34,3315,-15.87,3.0,0.929
2025-04-10T04:30:22.000,13.91,-5.03,1.35,20.02,20.34,3316,-15.69,2.0,0.929
2025-04-10T04:31:22.000,13.92,-5.04,1.33,20.03,20.34,3317,-15.52,2.0,0.929
2025-04-10T04:32:22.000,13.93,-4.89,1.31,20.05,20.34,3318,-15.34,2.0,0.929
2025-04-10T04:33:22.000,13.94,-4.57,1.3,20.06,20.34,3319,-15.17,2.0,0.93
2025-04-10T04:34:22.000,13.95,-4.29,1.28,20.07,20.34,3320,-15.0,2.0,0.93
2025-04-10T04:35:22.000,13.96,-4.0,1.28,20.08,20.34,3321,-14.82,1.0,0.93
2025-04-10T04:36:22.000,13.98,-3.69,1.28,20.08,20.34,3322,-14.65,1.0,0.93
2025-04-10T04:37:22.000,14.0,-3.33,1.28,20.07,20.34,3323,-14.47,1.0,0.93
2025-04-10T04:38:22.000,14.03,-3.03,1.29,20.07,20.34,3324,-14.3,1.0,0.93
2025-04-10T04:39:22.000,14.08,-2.87,1.3,20.06,20.34,3325,-14.12,1.0,0.93
2025-04-10T04:40:22.000,14.12,-2.91,1.32,20.04,20.34,3326,-13.95,0.0,0.93
2025-04-10T04:41:22.000,14.14,-2.92,1.34,20.03,20.34,3327,-13.77,0.0,0.93
2025-04-10T04:42:22.000,14.14,-2.73,1.36,20.01,20.34,3328,-13.6,0.0,0.93
2025-04-10T04:43:23.000,14.19,-2.45,1.39,19.98,20.34,3329,-13.42,-0.0,0.93
2025-04-10T04:44:23.000,14.22,-2.41,1.44,19.95,20.34,3330,-13.24,-0.0,0.93
2025-04-10T04:45:23.000,14.25,-2.25,1.48,19.91,20.34,3331,-13.06,-1.0,0.93
2025-04-10T04:46:23.000,14.29,-2.16,1.54,19.87,20.34,3332,-12.89,-1.0,0.93
2025-04-10T04:47:23.000,14.35,-2.0,1.63,19.81,20.34,3333,-12.71,-1.0,0.93
2025-04-10T04:48:23.000,14.4,-1.97,1.72,19.75,20.34,3334,-12.53,-1.0,0.93
2025-04-10T04:49:23.000,14.44,-2.07,1.84,19.68,20.34,3335,-12.35,-1.0,0.93
2025-04-10T04:50:23.000,14.47,-2.34,1.97,19.6,20.34,3336,-12.18,-1.0,0.93
2025-04-10T04:51:23.000,14.5,-2.26,2.13,19.52,20.34,3337,-12.0,-2.0,0.93
2025-04-10T04:52:23.000,14.54,-2.27,2.28,19.45,20.34,3338,-11.82,-2.0,0.93
2025-04-10T04:53:23.000,14.56,-2.15,2.48,19.35,20.34,3339,-11.64,-2.0,0.93
2025-04-10T04:54:24.000,14.57,-1.98,2.73,19.25,20.34,3340,-11.46,-2.0,0.93
2025-04-10T04:55:24.000,14.59,-1.88,3.05,19.13,20.34,3341,-11.28,-2.0,0.93
2025-04-10T04:56:24.000,14.61,-1.78,3.42,19.01,20.34,3342,-11.1,-3.0,0.93
2025-04-10T04:57:24.000,14.64,-1.61,3.89,18.87,20.34,3343,-10.92,-3.0,0.93
2025-04-10T04:58:24.000,14.67,-1.49,4.49,18.71,20.34,3344,-10.74,-3.0,0.93
2025-04-10T04:59:24.000,14.68,-1.35,5.24,18.54,20.34,3345,-10.56,-3.0,0.93
2025-04-10T05:00:24.000,14.69,-1.23,6.13,18.37,20.34,3346,-10.38,-3.0,0.93
2025-04-10T05:01:24.000,14.71,-0.85,7.25,18.19,20.34,3347,-10.2,-4.0,0.93
2025-04-10T05:02:24.000,14.74,-0.87,8.55,18.01,20.34,3348,-10.02,-4.0,0.931
2025-04-10T05:03:24.000,14.81,-0.8,10.08,17.83,20.34,3349,-9.84,-4.0,0.931
2025-04-10T05:04:24.000,14.85,-0.61,11.91,17.65,20.34,3350,-9.66,-4.0,0.931
2025-04-10T05:05:25.000,14.89,-0.36,14.21,17.46,20.34,3351,-9.48,-4.0,0.931
2025-04-10T05:06:25.000,14.92,-0.23,16.9,17.27,20.34,3352,-9.3,-4.0,0.931
2025-04-10T05:07:25.000,14.97,-0.08,20.25,17.08,20.34,3353,-9.12,-5.0,0.931
2025-04-10T05:08:25.000,15.03,-0.13,24.24,16.88,20.34,3354,-8.94,-5.0,0.931
2025-04-10T05:09:25.000,15.08,-0.01,29.13,16.68,20.34,3355,-8.75,-5.0,0.931
2025-04-10T05:10:26.000,15.12,0.07,35.21,16.48,20.34,3356,-8.57,-5.0,0.931
2025-04-10T05:11:26.000,15.15,0.27,42.23,16.28,20.34,3357,-8.39,-5.0,0.931
2025-04-10T05:12:26.000,15.16,0.35,49.49,16.11,20.34,3358,-8.21,-6.0,0.931
2025-04-10T05:13:26.000,15.21,0.56,61.27,15.87,20.34,3359,-8.02,-6.0,0.931
2025-04-10T05:14:26.000,15.28,0.72,74.59,15.66,20.34,3360,-7.84,-6.0,0.931
2025-04-10T05:15:26.000,15.31,0.95,91.3,15.44,20.34,3361,-7.66,-6.0,0.931
2025-04-10T05:16:26.000,15.35,1.05,111.75,15.22,20.34,3362,-7.48,-6.0,0.931
2025-04-10T05:17:26.000,15.39,1.19,137.75,14.99,20.34,3363,-7.29,-6.0,0.931
2025-04-10T05:18:26.000,15.43,1.15,170.57,14.76,20.34,3364,-7.11,-7.0,0.931
2025-04-10T05:19:26.000,15.44,1.24,211.26,14.53,20.34,3365,-6.93,-7.0,0.931
2025-04-10T05:20:26.000,15.47,1.47,262.51,14.29,20.34,3366,-6.74,-7.0,0.931
2025-04-10T05:21:26.000,15.5,1.55,326.43,14.06,20.34,3367,-6.56,-7.0,0.931
2025-04-10T05:22:26.000,15.52,1.61,405.01,13.82,20.34,3368,-6.38,-7.0,0.931
2025-04-10T05:23:26.000,15.56,1.66,503.19,13.59,20.34,3369,-6.19,-8.0,0.931
2025-04-10T05:24:27.000,15.59,1.7,626.34,13.35,20.34,3370,-6.0,-8.0,0.931
2025-04-10T05:25:27.000,15.62,1.86,781.76,13.11,20.34,3371,-5.82,-8.0,0.931
2025-04-10T05:26:27.000,15.66,1.77,976.83,12.87,20.34,3372,-5.64,-8.0,0.931
2025-04-10T05:27:27.000,15.7,1.7,1218.07,12.63,20.34,3373,-5.45,-8.0,0.931
2025-04-10T05:28:27.000,15.7,1.58,1521.04,12.39,20.34,3374,-5.27,-9.0,0.931
2025-04-10T05:29:27.000,15.71,1.48,1903.33,12.14,20.34,3375,-5.08,-9.0,0.931
2025-04-10T05:30:27.000,15.73,1.68,2381.93,11.9,20.34,3376,-4.9,-9.0,0.931
2025-04-10T05:31:27.000,15.76,1.68,2978.29,11.66,20.34,3377,-4.71,-9.0,0.931
2025-04-10T05:32:27.000,15.78,1.75,3719.04,11.42,20.34,3378,-4.53,-9.0,0.932
2025-04-10T05:33:27.000,15.78,1.78,4624.9,11.18,20.34,3379,-4.34,-9.0,0.932
2025-04-10T05:34:27.000,15.77,1.68,5741.09,10.94,20.34,3380,-4.16,-10.0,0.932
2025-04-10T05:35:28.000,15.76,1.62,7121.71,10.71,20.34,3381,-3.97,-10.0,0.932
2025-04-10T05:36:28.000,15.74,1.65,8785.01,10.48,20.34,3382,-3.78,-10.0,0.932
2025-04-10T05:37:28.000,15.73,1.67,10761.89,10.26,20.34,3383,-3.6,-10.0,0.932
2025-04-10T05:38:28.000,15.73,1.66,13080.24,10.05,20.34,3384,-3.41,-10.0,0.932
2025-04-10T05:39:28.000,15.73,1.6,15750.92,9.85,20.34,3385,-3.22,-11.0,0.932
2025-04-10T05:40:28.000,15.72,1.31,18907.11,9.65,20.34,3386,-3.04,-11.0,0.932
2025-04-10T05:41:28.000,15.69,1.09,22684.56,9.45,20.34,3387,-2.85,-11.0,0.932
2025-04-10T05:42:29.000,15.64,1.02,26901.18,9.33,20.34,3388,-2.66,-11.0,0.932
2025-04-10T05:43:29.000,15.61,0.89,32595.91,9.06,20.34,3389,-2.48,-11.0,0.932
2025-04-10T05:44:29.000,15.57,0.81,38801.48,8.87,20.34,3390,-2.29,-11.0,0.932
2025-04-10T05:45:29.000,15.55,0.85,45495.66,8.7,20.34,3391,-2.1,-12.0,0.932
2025-04-10T05:46:29.000,15.52,0.8,52409.16,8.54,20.34,3392,-1.91,-12.0,0.932
2025-04-10T05:47:29.000,15.5,0.7,59531.66,8.4,20.34,3393,-1.73,-12.0,0.932
2025-04-10T05:48:29.000,15.48,0.45,53437.16,2.03,20.34,3394,-1.54,-12.0,0.932
2025-04-10T05:49:29.000,15.47,0.27,50000.0,0.0,20.34,3395,-1.35,-12.0,0.932
2025-04-10T05:50:29.000,15.43,-0.41,50000.0,0.0,20.34,3396,-1.17,-13.0,0.932
2025-04-10T05:51:29.000,15.37,-0.89,50000.0,0.0,20.34,3397,-0.98,-13.0,0.932
2025-04-10T06:04:31.000,14.85,-3.33,50000.0,0.0,20.34,3410,1.48,-15.0,0.933
2025-04-10T06:05:31.000,14.81,-3.47,50000.0,0.0,20.34,3411,1.66,-15.0,0.933
2025-04-10T06:06:32.000,14.79,-3.51,50000.0,0.0,20.34,3412,1.86,-15.0,0.933
2025-04-10T06:07:32.000,14.75,-3.62,49725.38,0.09,20.34,3413,2.05,-16.0,0.933
2025-04-10T06:08:32.000,14.73,-3.76,50000.0,0.0,20.34,3414,2.23,-16.0,0.933
2025-04-10T06:09:32.000,14.7,-3.93,50000.0,0.0,20.34,3415,2.42,-16.0,0.933
2025-04-10T06:10:32.000,14.69,-4.07,49732.86,0.09,20.34,3416,2.61,-16.0,0.933
2025-04-10T06:11:33.000,14.68,-4.2,50000.0,0.0,20.34,3417,2.81,-16.0,0.933
2025-04-10T06:12:33.000,14.66,-4.29,50000.0,0.0,20.34,3418,2.99,-16.0,0.933
2025-04-10T06:13:33.000,14.63,-4.39,50000.0,0.0,20.34,3419,3.18,-17.0,0.933
2025-04-10T11:01:17.000,31.8,1.59,50000.0,0.0,20.34,3706,53.06,-47.0,0.942
2025-04-10T11:02:17.000,31.54,1.05,50000.0,0.0,20.34,3707,53.17,-47.0,0.942
2025-04-10T11:03:17.000,31.29,1.23,50000.0,0.0,20.34,3708,53.28,-47.0,0.942
2025-04-10T11:05:37.000,30.53,1.22,50000.0,0.0,20.34,3710,53.53,-47.0,0.942
2025-04-10T11:06:37.000,30.54,1.27,50000.0,0.0,20.34,3711,53.64,-47.0,0.942
