ecsv/stars945/stars945_2024-04.ecsv
# %ECSV 1.0
# ---
# datatype:
# - {name: time, datatype: string}
# - {name: Enclosure Temperature, unit: deg_C, datatype: float64}
# - {name: Sky Temperature, unit: deg_C, datatype: float64}
# - {name: Frequency, unit: Hz, datatype: float64}
# - {name: MSAS, unit: mag / arcsec2, datatype: float64}
# - {name: ZP, datatype: float64}
# - {name: Sequence Number, datatype: int64}
# - {name: Sun Alt, unit: deg, datatype: float64}
# - {name: Moon Alt, unit: deg, datatype: float64}
# - {name: Moon Illumination, datatype: float64}
# delimiter: ','
# meta: !!omap
# - ida:
#     Data supplier: {affiliation: Aldeanueva de la Vera, observer: null}
#     Device type: TESS-W
#     Field of view: 17.0
#     Filters per channel: None
#     Instrument ID: stars945
#     License: ODbL 1.0 http://opendatacommons.org/licenses/odbl/summary/
#     Local timezone: Europe/Madrid
#     Location name: {country: Spain, place: "Observatorio Jard\xEDn", region: Extremadura, sub_region: La Vera, town: "Aldeanueva de\
#         \ la Vera, C\xE1ceres"}
#     Measurement direction per channel: {azimuth: 0.0, zenital: 0.0}
#     Moving / Fixed look direction: FIXED
#     Moving / Stationary position: STATIONARY
#     Number of channels: 1
#     Number of fields per line: 8
#     Number of header lines: 35
#     Position: {height: 0.0, latitude: 40.130726, longitude: -5.6966}
#     TESS MAC address: 4C:75:25:27:F7:24
#     TESS cover offset value: 0.0
#     TESS firmware version: '1.0'
#     TESS zero point: 20.34
#     Time Synchronization: timestamp added by MQTT subscriber
#     URL: http://www.darksky.org/NSBM/sdf1.0.pdf
# - __serialized_columns__:
#     Enclosure Temperature:
#       __class__: astropy.units.quantity.Quantity
#       unit: &id001 !astropy.units.Unit {unit: deg_C}
#       value: !astropy.table.SerializedColumn {name: Enclosure Temperature}
#     Frequency:
#       __class__: astropy.units.quantity.Quantity
#       unit: !astropy.units.Unit {unit: Hz}
#       value: !astropy.table.SerializedColumn {name: Frequency}
#     MSAS:
#       __class__: astropy.units.quantity.Quantity
#       unit: !astropy.units.Unit {unit: mag / arcsec2}
#       value: !astropy.table.SerializedColumn {name: MSAS}
#     Moon Alt:
#       __class__: astropy.units.quantity.Quantity
#       unit: &id002 !astropy.units.Unit {unit: deg}
#       value: !astropy.table.SerializedColumn {name: Moon Alt}
#     Sky Temperature:
#       __class__: astropy.units.quantity.Quantity
#       unit: *id001
#       value: !astropy.table.SerializedColumn {name: Sky Temperature}
#     Sun Alt:
#       __class__: astropy.units.quantity.Quantity
#       unit: *id002
#       value: !astropy.table.SerializedColumn {name: Sun Alt}
#     time:
#       __class__: astropy.time.core.Time
#       format: isot
#       in_subfmt: '*'
#       out_subfmt: '*'
#       precision: 3
#       scale: utc
#       value: !astropy.table.SerializedColumn {name: time}
# schema: astropy-2.0
time,Enclosure Temperature,Sky Temperature,Frequency,MSAS,ZP,Sequence Number,Sun Alt,Moon Alt,Moon Illumination
[from data line 646]
2024-04-01T22:57:01.000,9.98,-5.11,1.34,20.03,20.34,1558,-40.41,-35.0,0.521
2024-04-01T22:58:01.000,10.13,-4.47,1.37,20.0,20.34,1559,-40.5,-35.0,0.521
2024-04-01T22:59:01.000,10.27,-2.97,1.79,19.72,20.34,1560,-40.59,-35.0,0.521
2024-04-01T23:00:01.000,10.31,-1.37,2.59,19.31,20.34,1561,-40.69,-35.0,0.52
2024-04-01T23:01:01.000,10.37,0.11,2.89,19.19,20.34,1562,-40.78,-34.0,0.52
2024-04-01T23:02:01.000,10.4,1.37,2.86,19.2,20.34,1563,-40.87,-34.0,0.52
2024-04-01T23:03:01.000,10.37,2.23,4.14,18.8,20.34,1564,-40.96,-34.0,0.52
2024-04-01T23:04:02.000,10.35,2.34,4.75,18.65,20.34,1565,-41.05,-34.0,0.52
2024-04-01T23:05:02.000,10.35,2.17,4.88,18.62,20.34,1566,-41.14,-34.0,0.52
2024-04-01T23:06:02.000,10.31,1.91,4.45,18.73,20.34,1567,-41.22,-33.0,0.52
2024-04-01T23:07:02.000,10.28,1.64,2.81,19.23,20.34,1568,-41.31,-33.0,0.52
2024-04-01T23:08:02.000,10.27,1.72,3.13,19.11,20.34,1569,-41.4,-33.0,0.52
2024-04-01T23:09:02.000,10.24,1.76,3.58,18.96,20.34,1570,-41.48,-33.0,0.52
2024-04-01T23:10:02.000,10.22,1.44,2.98,19.15,20.34,1571,-41.56,-33.0,0.52
2024-04-01T23:11:02.000,10.2,1.34,2.99,19.15,20.34,1572,-41.65,-33.0,0.52
2024-04-01T23:12:02.000,10.18,1.42,3.54,18.97,20.34,1573,-41.73,-32.0,0.52
2024-04-01T23:13:03.000,10.19,1.74,4.01,18.83,20.34,1574,-41.81,-32.0,0.519
2024-04-01T23:14:03.000,10.22,2.1,4.19,18.78,20.34,1575,-41.89,-32.0,0.519
2024-04-01T23:15:03.000,10.24,2.35,4.53,18.7,20.34,1576,-41.97,-32.0,0.519
2024-04-01T23:16:03.000,10.26,2.24,4.58,18.69,20.34,1577,-42.05,-32.0,0.519
2024-04-01T23:17:03.000,10.28,1.76,3.5,18.99,20.34,1578,-42.12,-31.0,0.519
2024-04-01T23:18:03.000,10.3,0.75,2.69,19.27,20.34,1579,-42.2,-31.0,0.519
2024-04-01T23:19:03.000,10.28,0.04,2.43,19.38,20.34,1580,-42.27,-31.0,0.519
2024-04-01T23:20:03.000,10.27,0.79,3.13,19.11,20.34,1581,-42.35,-31.0,0.519
2024-04-01T23:21:03.000,10.28,2.02,4.08,18.81,20.34,1582,-42.42,-31.0,0.519
2024-04-01T23:22:03.000,10.29,1.79,3.72,18.92,20.34,1583,-42.49,-31.0,0.519
2024-04-01T23:23:04.000,10.3,0.45,2.4,19.4,20.34,1584,-42.56,-30.0,0.519
2024-04-01T23:24:04.000,10.31,-0.5,1.4,19.98,20.34,1585,-42.63,-30.0,0.519
2024-04-01T23:25:04.000,10.31,0.28,2.04,19.59,20.34,1586,-42.7,-30.0,0.519
2024-04-01T23:26:04.000,10.31,2.0,3.7,18.93,20.34,1587,-42.77,-30.0,0.519
2024-04-01T23:27:04.000,10.37,3.45,4.95,18.61,20.34,1588,-42.84,-30.0,0.518
2024-04-01T23:28:04.000,10.42,3.93,5.87,18.42,20.34,1589,-42.9,-30.0,0.518
2024-04-01T23:29:04.000,10.48,3.87,4.65,18.68,20.34,1590,-42.97,-29.0,0.518
2024-04-01T23:30:04.000,10.54,3.81,3.69,18.92,20.34,1591,-43.03,-29.0,0.518
2024-04-01T23:31:04.000,10.58,3.89,4.01,18.84,20.34,1592,-43.09,-29.0,0.518
2024-04-01T23:32:05.000,10.61,3.76,4.59,18.69,20.34,1593,-43.15,-29.0,0.518
2024-04-01T23:33:05.000,10.65,3.29,4.36,18.74,20.34,1594,-43.21,-29.0,0.518
2024-04-01T23:34:05.000,10.67,2.39,3.6,18.95,20.34,1595,-43.27,-28.0,0.518
2024-04-01T23:35:05.000,10.7,0.99,3.52,18.98,20.34,1596,-43.33,-28.0,0.518
2024-04-01T23:36:05.000,10.7,-0.4,3.24,19.07,20.34,1597,-43.39,-28.0,0.518
2024-04-01T23:37:05.000,10.67,-1.36,2.13,19.52,20.34,1598,-43.45,-28.0,0.518
2024-04-01T23:38:05.000,10.62,-0.95,3.07,19.14,20.34,1599,-43.5,-28.0,0.518
2024-04-01T23:39:05.000,10.58,0.69,4.61,18.68,20.34,1600,-43.56,-28.0,0.518
2024-04-01T23:40:05.000,10.58,2.44,5.81,18.43,20.34,1601,-43.61,-27.0,0.517
2024-04-01T23:41:05.000,10.6,3.79,6.99,18.23,20.34,1602,-43.66,-27.0,0.517
2024-04-01T23:42:05.000,10.64,4.39,7.84,18.11,20.34,1603,-43.71,-27.0,0.517
2024-04-01T23:43:06.000,10.69,4.59,8.41,18.03,20.34,1604,-43.76,-27.0,0.517
2024-04-01T23:44:06.000,10.73,4.57,8.17,18.06,20.34,1605,-43.81,-27.0,0.517
2024-04-01T23:45:06.000,10.75,4.34,7.76,18.12,20.34,1606,-43.86,-27.0,0.517
2024-04-01T23:46:06.000,10.78,3.79,6.22,18.36,20.34,1607,-43.9,-26.0,0.517
2024-04-01T23:47:06.000,10.8,3.03,5.12,18.57,20.34,1608,-43.95,-26.0,0.517
2024-04-01T23:48:06.000,10.83,2.35,5.11,18.57,20.34,1609,-43.99,-26.0,0.517
2024-04-01T23:49:06.000,10.85,2.1,4.42,18.73,20.34,1610,-44.04,-26.0,0.517
2024-04-01T23:50:06.000,10.86,2.34,4.12,18.8,20.34,1611,-44.08,-26.0,0.517
2024-04-01T23:51:06.000,10.88,2.8,3.64,18.94,20.34,1612,-44.12,-25.0,0.517
2024-04-01T23:52:06.000,10.94,3.36,3.66,18.94,20.34,1613,-44.16,-25.0,0.517
2024-04-01T23:53:07.000,10.97,3.95,5.42,18.51,20.34,1614,-44.2,-25.0,0.516
2024-04-01T23:54:07.000,11.0,4.51,6.99,18.23,20.34,1615,-44.24,-25.0,0.516
2024-04-01T23:55:07.000,11.02,4.36,6.89,18.25,20.34,1616,-44.27,-25.0,0.516
2024-04-01T23:56:07.000,11.01,4.03,5.32,18.53,20.34,1617,-44.31,-25.0,0.516
2024-04-01T23:57:07.000,11.05,3.7,5.57,18.48,20.34,1618,-44.34,-24.0,0.516
2024-04-01T23:58:07.000,11.09,3.39,5.96,18.4,20.34,1619,-44.38,-24.0,0.516
2024-04-01T23:59:07.000,11.12,3.18,5.45,18.5,20.34,1620,-44.41,-24.0,0.516
2024-04-02T00:00:08.000,11.15,3.04,4.37,18.74,20.34,1621,-44.44,-24.0,0.516
2024-04-02T00:01:08.000,11.17,3.21,4.5,18.71,20.34,1622,-44.47,-24.0,0.516
2024-04-02T00:02:08.000,11.17,3.23,4.64,18.67,20.34,1623,-44.5,-24.0,0.516
2024-04-02T00:03:08.000,11.16,3.15,4.76,18.65,20.34,1624,-44.52,-23.0,0.516
2024-04-02T00:04:08.000,11.18,3.22,4.5,18.71,20.34,1625,-44.55,-23.0,0.516
2024-04-02T00:05:08.000,11.16,2.87,5.61,18.47,20.34,1626,-44.58,-23.0,0.516
2024-04-02T00:06:08.000,11.1,1.93,3.73,18.96,20.34,1627,-44.6,-23.0,0.516
2024-04-02T00:07:08.000,11.06,1.44,2.49,19.35,20.34,1628,-44.62,-23.0,0.515
2024-04-02T00:08:08.000,11.01,2.21,3.82,18.89,20.34,1629,-44.64,-23.0,0.515
2024-04-02T00:09:09.000,11.01,2.32,3.86,18.88,20.34,1630,-44.66,-22.0,0.515
2024-04-02T00:10:09.000,11.02,1.53,3.09,19.12,20.34,1631,-44.68,-22.0,0.515
2024-04-02T00:11:09.000,10.99,0.84,3.47,18.99,20.34,1632,-44.7,-22.0,0.515
2024-04-02T00:12:09.000,10.95,0.02,3.35,19.03,20.34,1633,-44.72,-22.0,0.515
2024-04-02T00:13:09.000,10.89,-0.89,2.26,19.47,20.34,1634,-44.73,-22.0,0.515
2024-04-02T00:14:09.000,10.83,-1.61,1.15,20.2,20.34,1635,-44.75,-21.0,0.515
2024-04-02T00:15:09.000,10.75,-1.72,1.81,19.72,20.34,1636,-44.76,-21.0,0.515
2024-04-02T00:16:09.000,10.64,-1.82,3.16,19.1,20.34,1637,-44.77,-21.0,0.515
2024-04-02T00:17:09.000,10.56,-2.74,3.79,18.89,20.34,1638,-44.79,-21.0,0.515
2024-04-02T00:18:10.000,10.46,-4.4,2.56,19.36,20.34,1639,-44.8,-21.0,0.515
2024-04-02T00:19:10.000,10.34,-6.44,0.94,20.43,20.34,1640,-44.8,-21.0,0.515
2024-04-02T00:20:10.000,10.2,-8.56,0.79,20.6,20.34,1641,-44.81,-20.0,0.514
2024-04-02T00:21:10.000,10.07,-10.18,1.16,20.19,20.34,1642,-44.82,-20.0,0.514
2024-04-02T00:22:10.000,9.95,-11.38,0.99,20.37,20.34,1643,-44.82,-20.0,0.514
2024-04-02T00:23:10.000,10.06,-12.76,0.62,20.86,20.34,1644,-44.83,-20.0,0.514
2024-04-02T00:24:10.000,10.23,-13.54,0.59,20.91,20.34,1645,-44.83,-20.0,0.514
2024-04-02T00:25:10.000,10.25,-13.91,0.58,20.94,20.34,1646,-44.83,-20.0,0.514
2024-04-02T00:26:10.000,10.14,-13.91,0.59,20.92,20.34,1647,-44.83,-19.0,0.514
2024-04-02T00:27:10.000,10.01,-13.05,0.6,20.9,20.34,1648,-44.83,-19.0,0.514
2024-04-02T00:28:10.000,9.98,-11.32,0.77,20.63,20.34,1649,-44.83,-19.0,0.514
2024-04-02T00:29:10.000,10.17,-9.04,1.1,20.24,20.34,1650,-44.83,-19.0,0.514
2024-04-02T00:30:10.000,10.29,-6.74,1.49,19.91,20.34,1651,-44.82,-19.0,0.514
2024-04-02T00:31:10.000,10.3,-5.56,1.6,19.84,20.34,1652,-44.82,-19.0,0.514
2024-04-02T00:32:10.000,10.27,-5.38,1.2,20.15,20.34,1653,-44.81,-18.0,0.514
2024-04-02T00:33:11.000,10.19,-5.71,1.51,19.9,20.34,1654,-44.8,-18.0,0.513
2024-04-02T00:34:11.000,10.12,-6.27,1.49,19.91,20.34,1655,-44.79,-18.0,0.513
2024-04-02T00:35:11.000,10.03,-7.22,1.08,20.27,20.34,1656,-44.78,-18.0,0.513
2024-04-02T00:36:11.000,9.97,-8.23,0.96,20.39,20.34,1657,-44.77,-18.0,0.513
2024-04-02T00:37:11.000,10.14,-9.08,1.14,20.2,20.34,1658,-44.76,-18.0,0.513
2024-04-02T00:38:11.000,10.26,-9.43,1.24,20.11,20.34,1659,-44.75,-17.0,0.513
2024-04-02T00:39:11.000,10.24,-9.66,1.05,20.29,20.34,1660,-44.73,-17.0,0.513
2024-04-02T00:40:11.000,10.14,-9.94,0.93,20.42,20.34,1661,-44.72,-17.0,0.513
2024-04-02T00:41:11.000,10.0,-10.23,1.04,20.31,20.34,1662,-44.7,-17.0,0.513
2024-04-02T00:42:11.000,9.99,-10.35,1.61,19.83,20.34,1663,-44.68,-17.0,0.513
2024-04-02T00:43:11.000,10.15,-10.2,1.14,20.22,20.34,1664,-44.66,-17.0,0.513
2024-04-02T00:44:12.000,10.24,-9.3,1.03,20.32,20.34,1665,-44.64,-16.0,0.513
2024-04-02T00:45:12.000,10.22,-8.64,1.27,20.08,20.34,1666,-44.62,-16.0,0.513
2024-04-02T00:46:12.000,10.12,-8.69,1.06,20.28,20.34,1667,-44.6,-16.0,0.512
2024-04-02T00:47:12.000,10.01,-8.83,0.83,20.55,20.34,1668,-44.57,-16.0,0.512
2024-04-02T00:48:12.000,10.0,-8.38,0.77,20.63,20.34,1669,-44.55,-16.0,0.512
2024-04-02T00:49:12.000,10.19,-7.4,1.24,20.12,20.34,1670,-44.52,-16.0,0.512
2024-04-02T00:50:12.000,10.29,-6.91,1.64,19.8,20.34,1671,-44.49,-15.0,0.512
2024-04-02T00:51:12.000,10.27,-6.78,1.58,19.85,20.34,1672,-44.46,-15.0,0.512
2024-04-02T00:52:12.000,10.21,-6.34,1.06,20.28,20.34,1673,-44.43,-15.0,0.512
2024-04-02T00:53:12.000,10.13,-5.11,0.96,20.39,20.34,1674,-44.4,-15.0,0.512
2024-04-02T00:54:12.000,10.08,-3.59,1.96,19.63,20.34,1675,-44.37,-15.0,0.512
2024-04-02T00:55:12.000,10.03,-3.54,2.03,19.58,20.34,1676,-44.34,-15.0,0.512
2024-04-02T00:56:12.000,9.98,-5.29,1.41,19.97,20.34,1677,-44.3,-14.0,0.512
2024-04-02T00:57:13.000,10.09,-7.73,1.05,20.3,20.34,1678,-44.27,-14.0,0.512
2024-04-02T00:58:13.000,10.14,-9.28,0.79,20.6,20.34,1679,-44.23,-14.0,0.512
2024-04-02T00:59:13.000,10.1,-9.22,0.71,20.71,20.34,1680,-44.19,-14.0,0.512
2024-04-02T01:00:13.000,10.03,-8.09,0.89,20.47,20.34,1681,-44.16,-14.0,0.511
2024-04-02T01:01:13.000,9.97,-6.94,1.32,20.04,20.34,1682,-44.12,-14.0,0.511
2024-04-02T01:02:13.000,10.1,-6.04,1.39,19.98,20.34,1683,-44.07,-13.0,0.511
2024-04-02T01:03:13.000,10.23,-5.15,1.71,19.76,20.34,1684,-44.03,-13.0,0.511
2024-04-02T01:04:13.000,10.27,-4.81,1.78,19.72,20.34,1685,-43.99,-13.0,0.511
2024-04-02T01:05:13.000,10.24,-5.16,1.85,19.67,20.34,1686,-43.94,-13.0,0.511
2024-04-02T01:06:13.000,10.11,-6.34,1.5,19.9,20.34,1687,-43.9,-13.0,0.511
2024-04-02T01:07:13.000,10.02,-7.71,1.25,20.11,20.34,1688,-43.85,-13.0,0.511
2024-04-02T01:08:13.000,9.95,-9.54,0.88,20.49,20.34,1689,-43.8,-12.0,0.511
2024-04-02T01:09:13.000,10.15,-10.9,0.86,20.51,20.34,1690,-43.76,-12.0,0.511
2024-04-02T01:10:13.000,10.27,-11.97,0.73,20.69,20.34,1691,-43.71,-12.0,0.511
2024-04-02T01:11:13.000,10.22,-12.69,0.64,20.82,20.34,1692,-43.66,-12.0,0.511
2024-04-02T01:12:14.000,10.08,-13.01,0.65,20.81,20.34,1693,-43.6,-12.0,0.511
2024-04-02T01:13:14.000,9.93,-13.2,0.67,20.78,20.34,1694,-43.55,-12.0,0.51
2024-04-02T01:14:14.000,10.05,-13.35,0.66,20.79,20.34,1695,-43.5,-11.0,0.51
2024-04-02T01:15:14.000,10.23,-13.33,0.64,20.83,20.34,1696,-43.44,-11.0,0.51
2024-04-02T01:16:14.000,10.22,-13.46,0.63,20.85,20.34,1697,-43.38,-11.0,0.51
2024-04-02T01:17:14.000,10.09,-13.64,0.67,20.78,20.34,1698,-43.33,-11.0,0.51
2024-04-02T01:18:14.000,9.95,-13.83,0.68,20.77,20.34,1699,-43.27,-11.0,0.51
2024-04-02T01:19:14.000,9.99,-14.42,0.63,20.85,20.34,1700,-43.21,-11.0,0.51
2024-04-02T01:20:14.000,10.17,-14.81,0.59,20.91,20.34,1701,-43.15,-10.0,0.51
2024-04-02T01:21:14.000,10.21,-14.9,0.58,20.94,20.34,1702,-43.09,-10.0,0.51
2024-04-02T01:22:14.000,10.08,-14.98,0.57,20.95,20.34,1703,-43.02,-10.0,0.51
2024-04-02T01:23:14.000,9.93,-14.95,0.58,20.94,20.34,1704,-42.96,-10.0,0.51
2024-04-02T01:24:14.000,10.06,-14.92,0.58,20.93,20.34,1705,-42.89,-10.0,0.51
2024-04-02T01:25:15.000,10.22,-14.69,0.61,20.88,20.34,1706,-42.83,-10.0,0.51
2024-04-02T01:26:15.000,10.2,-14.22,0.63,20.84,20.34,1707,-42.76,-10.0,0.509
2024-04-02T01:27:15.000,10.07,-14.01,0.65,20.82,20.34,1708,-42.69,-9.0,0.509
2024-04-02T01:28:15.000,9.92,-13.93,0.65,20.81,20.34,1709,-42.62,-9.0,0.509
2024-04-02T01:29:15.000,10.05,-13.86,0.64,20.82,20.34,1710,-42.55,-9.0,0.509
2024-04-02T01:30:15.000,10.27,-13.62,0.69,20.75,20.34,1711,-42.48,-9.0,0.509
2024-04-02T01:31:15.000,10.24,-13.36,0.72,20.7,20.34,1712,-42.41,-9.0,0.509
2024-04-02T01:32:15.000,10.12,-12.91,0.65,20.82,20.34,1713,-42.34,-9.0,0.509
2024-04-02T01:33:15.000,9.94,-12.07,0.82,20.56,20.34,1714,-42.27,-8.0,0.509
2024-04-02T01:34:15.000,10.03,-11.01,0.94,20.41,20.34,1715,-42.19,-8.0,0.509
2024-04-02T01:35:15.000,10.22,-9.21,1.38,20.0,20.34,1716,-42.11,-8.0,0.509
2024-04-02T01:36:15.000,10.26,-7.82,1.26,20.1,20.34,1717,-42.04,-8.0,0.509
2024-04-02T01:37:15.000,10.22,-7.13,1.31,20.06,20.34,1718,-41.96,-8.0,0.509
2024-04-02T01:38:15.000,10.13,-7.62,1.35,20.02,20.34,1719,-41.88,-8.0,0.509
2024-04-02T01:39:15.000,9.99,-8.83,1.06,20.28,20.34,1720,-41.8,-7.0,0.508
2024-04-02T01:40:16.000,9.99,-10.28,0.82,20.56,20.34,1721,-41.72,-7.0,0.508
2024-04-02T01:41:16.000,10.19,-11.28,0.83,20.54,20.34,1722,-41.64,-7.0,0.508
2024-04-02T01:42:16.000,10.22,-11.65,0.98,20.37,20.34,1723,-41.56,-7.0,0.508
2024-04-02T01:43:16.000,10.12,-11.99,1.0,20.35,20.34,1724,-41.47,-7.0,0.508
2024-04-02T01:44:16.000,9.98,-12.01,0.73,20.69,20.34,1725,-41.39,-7.0,0.508
2024-04-02T01:45:16.000,9.98,-11.61,1.03,20.33,20.34,1726,-41.3,-7.0,0.508
2024-04-02T01:46:16.000,10.15,-11.04,1.2,20.15,20.34,1727,-41.22,-6.0,0.508
2024-04-02T01:47:16.000,10.2,-10.27,0.91,20.45,20.34,1728,-41.13,-6.0,0.508
2024-04-02T01:48:16.000,10.11,-8.95,1.28,20.08,20.34,1729,-41.04,-6.0,0.508
2024-04-02T01:49:16.000,10.0,-7.86,1.36,20.01,20.34,1730,-40.95,-6.0,0.508
2024-04-02T01:50:16.000,9.99,-7.62,1.72,19.76,20.34,1731,-40.86,-6.0,0.508
2024-04-02T01:51:16.000,10.18,-7.93,1.59,19.85,20.34,1732,-40.77,-6.0,0.508
2024-04-02T01:52:16.000,10.25,-7.52,1.1,20.24,20.34,1733,-40.68,-5.0,0.508
2024-04-02T01:53:16.000,10.2,-6.52,1.06,20.28,20.34,1734,-40.59,-5.0,0.507
2024-04-02T01:54:17.000,10.1,-5.24,1.4,19.99,20.34,1735,-40.49,-5.0,0.507
2024-04-02T01:55:17.000,9.99,-4.12,2.2,19.49,20.34,1736,-40.4,-5.0,0.507
2024-04-02T01:56:17.000,10.02,-2.99,2.94,19.17,20.34,1737,-40.3,-5.0,0.507
2024-04-02T01:57:17.000,10.2,-1.79,3.6,18.95,20.34,1738,-40.2,-5.0,0.507
2024-04-02T01:58:17.000,10.28,-0.65,3.45,19.0,20.34,1739,-40.11,-5.0,0.507
2024-04-02T01:59:17.000,10.31,0.32,2.78,19.23,20.34,1740,-40.01,-4.0,0.507
2024-04-02T02:00:17.000,10.31,0.4,2.15,19.51,20.34,1741,-39.91,-4.0,0.507
2024-04-02T02:01:17.000,10.27,0.11,2.39,19.4,20.34,1742,-39.81,-4.0,0.507
2024-04-02T02:02:17.000,10.21,-0.36,3.37,19.03,20.34,1743,-39.71,-4.0,0.507
2024-04-02T02:03:17.000,10.12,-0.8,3.41,19.01,20.34,1744,-39.61,-4.0,0.507
2024-04-02T02:04:17.000,10.04,-1.1,3.03,19.14,20.34,1745,-39.51,-4.0,0.507
2024-04-02T02:05:17.000,9.98,-1.15,2.84,19.21,20.34,1746,-39.4,-3.0,0.507
2024-04-02T02:06:17.000,10.07,-1.06,3.27,19.06,20.34,1747,-39.3,-3.0,0.506
2024-04-02T02:07:17.000,10.18,-0.47,3.66,18.93,20.34,1748,-39.2,-3.0,0.506
2024-04-02T02:08:18.000,10.22,0.45,3.28,19.05,20.34,1749,-39.09,-3.0,0.506
2024-04-02T02:09:18.000,10.23,1.65,3.39,19.02,20.34,1750,-38.98,-3.0,0.506
2024-04-02T02:10:18.000,10.21,2.41,3.5,18.98,20.34,1751,-38.88,-3.0,0.506
2024-04-02T02:11:18.000,10.23,2.96,3.2,19.08,20.34,1752,-38.77,-3.0,0.506
2024-04-02T02:12:18.000,10.24,3.49,3.07,19.12,20.34,1753,-38.66,-2.0,0.506
2024-04-02T02:13:18.000,10.28,3.9,3.92,18.86,20.34,1754,-38.55,-2.0,0.506
2024-04-02T02:14:18.000,10.31,4.02,5.43,18.51,20.34,1755,-38.44,-2.0,0.506
2024-04-02T02:15:18.000,10.31,4.13,6.69,18.28,20.34,1756,-38.33,-2.0,0.506
2024-04-02T02:16:19.000,10.36,4.43,7.2,18.2,20.34,1757,-38.21,-2.0,0.506
2024-04-02T02:17:19.000,10.42,4.72,7.11,18.21,20.34,1758,-38.1,-2.0,0.506
2024-04-02T02:18:19.000,10.47,4.75,6.44,18.32,20.34,1759,-37.99,-2.0,0.506
2024-04-02T02:19:19.000,10.52,4.72,6.4,18.33,20.34,1760,-37.87,-1.0,0.505
2024-04-02T02:20:19.000,10.55,4.81,6.84,18.25,20.34,1761,-37.76,-1.0,0.505
2024-04-02T02:21:19.000,10.59,4.71,6.8,18.26,20.34,1762,-37.64,-1.0,0.505
2024-04-02T02:22:19.000,10.61,4.34,5.88,18.42,20.34,1763,-37.53,-1.0,0.505
2024-04-02T02:23:19.000,10.64,3.68,5.21,18.55,20.34,1764,-37.41,-1.0,0.505
2024-04-02T02:24:20.000,10.68,2.47,4.58,18.69,20.34,1765,-37.29,-1.0,0.505
2024-04-02T02:25:20.000,10.69,0.55,3.33,19.05,20.34,1766,-37.17,-1.0,0.505
2024-04-02T02:26:20.000,10.65,-1.3,1.55,19.89,20.34,1767,-37.05,-0.0,0.505
