ecsv/stars945/stars945_2025-04.ecsv
# %ECSV 1.0
# ---
# datatype:
# - {name: time, datatype: string}
# - {name: Enclosure Temperature, unit: deg_C, datatype: float64}
# - {name: Sky Temperature, unit: deg_C, datatype: float64}
# - {name: Frequency, unit: Hz, datatype: float64}
# - {name: MSAS, unit: mag / arcsec2, datatype: float64}
# - {name: ZP, datatype: float64}
# - {name: Sequence Number, datatype: int64}
# - {name: Sun Alt, unit: deg, datatype: float64}
# - {name: Moon Alt, unit: deg, datatype: float64}
# - {name: Moon Illumination, datatype: float64}
# delimiter: ','
# meta: !!omap
# - ida:
#     Data supplier: {affiliation: Aldeanueva de la Vera, observer: null}
#     Device type: TESS-W
#     Field of view: 17.0
#     Filters per channel: None
#     Instrument ID: stars945
#     License: ODbL 1.0 http://opendatacommons.org/licenses/odbl/summary/
#     Local timezone: Europe/Madrid
#     Location name: {country: Spain, place: "Observatorio Jard\xEDn", region: Extremadura, sub_region: La Vera, town: "Aldeanueva de\
#         \ la Vera, C\xE1ceres"}
#     Measurement direction per channel: {azimuth: 0.0, zenital: 0.0}
#     Moving / Fixed look direction: FIXED
#     Moving / Stationary position: STATIONARY
#     Number of channels: 1
#     Number of fields per line: 8
#     Number of header lines: 35
#     Position: {height: 0.0, latitude: 40.130726, longitude: -5.6966}
#     TESS MAC address: 4C:75:25:27:F7:24
#     TESS cover offset value: 0.0
#     TESS firmware version: '1.0'
#     TESS zero point: 20.34
#     Time Synchronization: timestamp added by MQTT subscriber
#     URL: http://www.darksky.org/NSBM/sdf1.0.pdf
# - __serialized_columns__:
#     Enclosure Temperature:
#       __class__: astropy.units.quantity.Quantity
#       unit: &id001 !astropy.units.Unit {unit: deg_C}
#       value: !astropy.table.SerializedColumn {name: Enclosure Temperature}
#     Frequency:
#       __class__: astropy.units.quantity.Quantity
#       unit: !astropy.units.Unit {unit: Hz}
#       value: !astropy.table.SerializedColumn {name: Frequency}
#     MSAS:
#       __class__: astropy.units.quantity.Quantity
#       unit: !astropy.units.Unit {unit: mag / arcsec2}
#       value: !astropy.table.SerializedColumn {name: MSAS}
#     Moon Alt:
#       __class__: astropy.units.quantity.Quantity
#       unit: &id002 !astropy.units.Unit {unit: deg}
#       value: !astropy.table.SerializedColumn {name: Moon Alt}
#     Sky Temperature:
#       __class__: astropy.units.quantity.Quantity
#       unit: *id001
#       value: !astropy.table.SerializedColumn {name: Sky Temperature}
#     Sun Alt:
#       __class__: astropy.units.quantity.Quantity
#       unit: *id002
#       value: !astropy.table.SerializedColumn {name: Sun Alt}
#     time:
#       __class__: astropy.time.core.Time
#       format: isot
#       in_subfmt: '*'
#       out_subfmt: '*'
#       precision: 3
#       scale: utc
#       value: !astropy.table.SerializedColumn {name: time}
# schema: astropy-2.0
time,Enclosure Temperature,Sky Temperature,Frequency,MSAS,ZP,Sequence Number,Sun Alt,Moon Alt,Moon Illumination
[from data line 7897]
2025-04-11T21:19:41.000,13.43,12.35,19.76,17.1,20.34,5758,-25.35,34.0,0.989
2025-04-11T21:20:41.000,13.44,12.44,20.13,17.08,20.34,5759,-25.5,34.0,0.989
2025-04-11T21:21:41.000,13.5,12.58,21.92,16.99,20.34,5760,-25.65,35.0,0.989
2025-04-11T21:22:41.000,13.52,12.47,24.46,16.87,20.34,5761,-25.8,35.0,0.989
2025-04-11T21:23:41.000,13.56,12.67,26.33,16.79,20.34,5762,-25.95,35.0,0.989
2025-04-11T21:24:41.000,13.67,12.83,27.49,16.74,20.34,5763,-26.1,35.0,0.989
2025-04-11T21:25:42.000,13.69,12.67,28.71,16.7,20.34,5764,-26.25,35.0,0.989
2025-04-11T21:26:42.000,13.71,12.68,30.64,16.62,20.34,5765,-26.4,35.0,0.989
2025-04-11T21:27:42.000,13.72,12.71,31.49,16.59,20.34,5766,-26.54,35.0,0.989
2025-04-11T21:28:42.000,13.73,12.71,31.07,16.61,20.34,5767,-26.69,35.0,0.989
2025-04-11T21:29:42.000,13.76,12.81,27.1,16.76,20.34,5768,-26.84,36.0,0.989
2025-04-11T21:30:42.000,13.8,12.83,22.48,16.96,20.34,5769,-26.98,36.0,0.989
2025-04-11T21:31:43.000,13.86,12.96,20.36,17.07,20.34,5770,-27.13,36.0,0.989
2025-04-11T21:32:43.000,13.9,12.94,19.62,17.11,20.34,5771,-27.27,36.0,0.989
2025-04-11T21:33:43.000,13.92,12.9,19.16,17.13,20.34,5772,-27.42,36.0,0.989
2025-04-11T21:34:43.000,13.95,13.03,18.92,17.15,20.34,5773,-27.56,36.0,0.989
2025-04-11T21:35:43.000,14.02,13.13,18.89,17.15,20.34,5774,-27.7,36.0,0.989
2025-04-11T21:36:43.000,14.05,13.13,19.24,17.13,20.34,5775,-27.85,36.0,0.989
2025-04-11T21:37:44.000,14.05,12.96,20.24,17.07,20.34,5776,-27.99,36.0,0.989
2025-04-11T21:38:44.000,13.99,12.84,21.64,17.0,20.34,5777,-28.13,37.0,0.989
2025-04-11T21:39:44.000,13.96,12.7,21.75,17.0,20.34,5778,-28.27,37.0,0.989
2025-04-11T21:40:44.000,13.86,12.57,20.42,17.07,20.34,5779,-28.41,37.0,0.989
2025-04-11T21:41:44.000,13.83,12.61,19.69,17.1,20.34,5780,-28.55,37.0,0.989
2025-04-11T21:42:44.000,13.81,12.7,19.31,17.13,20.34,5781,-28.69,37.0,0.989
2025-04-11T21:43:44.000,13.85,12.8,19.95,17.09,20.34,5782,-28.83,37.0,0.989
2025-04-11T21:44:44.000,13.88,12.81,21.24,17.02,20.34,5783,-28.97,37.0,0.989
2025-04-11T21:45:44.000,13.88,12.81,21.64,17.0,20.34,5784,-29.11,37.0,0.989
2025-04-11T21:46:44.000,13.95,12.96,22.11,16.98,20.34,5785,-29.24,37.0,0.989
2025-04-11T21:47:44.000,13.94,12.73,27.27,16.75,20.34,5786,-29.38,38.0,0.989
2025-04-11T21:48:45.000,13.87,12.54,31.37,16.6,20.34,5787,-29.52,38.0,0.989
2025-04-11T21:49:45.000,13.85,12.73,27.39,16.75,20.34,5788,-29.65,38.0,0.989
2025-04-11T21:50:45.000,13.88,12.85,23.52,16.91,20.34,5789,-29.79,38.0,0.989
2025-04-11T21:51:45.000,13.9,12.75,23.18,16.93,20.34,5790,-29.92,38.0,0.989
2025-04-11T21:52:45.000,13.89,12.69,22.11,16.98,20.34,5791,-30.06,38.0,0.989
2025-04-11T21:53:45.000,13.85,12.64,22.64,16.95,20.34,5792,-30.19,38.0,0.989
2025-04-11T21:54:46.000,13.84,12.67,24.77,16.86,20.34,5793,-30.32,38.0,0.989
2025-04-11T21:55:46.000,13.81,12.55,25.38,16.83,20.34,5794,-30.45,38.0,0.989
2025-04-11T21:56:46.000,13.82,12.71,25.35,16.83,20.34,5795,-30.59,38.0,0.989
2025-04-11T21:57:46.000,13.85,12.78,26.64,16.78,20.34,5796,-30.72,39.0,0.989
2025-04-11T21:58:46.000,13.87,12.76,29.4,16.67,20.34,5797,-30.85,39.0,0.989
2025-04-11T21:59:46.000,13.89,12.75,28.87,16.69,20.34,5798,-30.98,39.0,0.989
2025-04-11T22:00:46.000,13.87,12.72,26.56,16.78,20.34,5799,-31.11,39.0,0.989
2025-04-11T22:01:47.000,13.86,12.65,24.89,16.85,20.34,5800,-31.24,39.0,0.989
2025-04-11T22:02:47.000,13.88,12.86,25.68,16.82,20.34,5801,-31.36,39.0,0.989
2025-04-11T22:03:47.000,13.94,12.92,26.2,16.79,20.34,5802,-31.49,39.0,0.989
2025-04-11T22:04:47.000,13.93,12.81,27.05,16.76,20.34,5803,-31.62,39.0,0.989
2025-04-11T22:05:47.000,13.93,12.78,28.52,16.7,20.34,5804,-31.74,39.0,0.989
2025-04-11T22:06:47.000,13.87,12.45,29.03,16.68,20.34,5805,-31.87,39.0,0.989
2025-04-11T22:07:48.000,13.67,12.08,28.18,16.72,20.34,5806,-31.99,39.0,0.989
2025-04-11T22:08:48.000,13.62,12.2,29.12,16.68,20.34,5807,-32.12,40.0,0.989
2025-04-11T22:09:48.000,13.54,12.1,29.79,16.66,20.34,5808,-32.24,40.0,0.989
2025-04-11T22:10:48.000,13.48,12.02,26.89,16.77,20.34,5809,-32.36,40.0,0.989
2025-04-11T22:11:48.000,13.45,12.13,26.09,16.8,20.34,5810,-32.49,40.0,0.989
2025-04-11T22:12:48.000,13.4,11.96,26.97,16.77,20.34,5811,-32.61,40.0,0.989
2025-04-11T22:13:48.000,13.32,11.79,28.52,16.7,20.34,5812,-32.73,40.0,0.989
2025-04-11T22:14:48.000,13.26,11.8,26.17,16.8,20.34,5813,-32.85,40.0,0.989
2025-04-11T22:15:48.000,13.23,11.87,23.66,16.91,20.34,5814,-32.97,40.0,0.989
2025-04-11T22:16:49.000,13.21,11.85,22.77,16.95,20.34,5815,-33.09,40.0,0.989
2025-04-11T22:17:49.000,13.17,11.84,22.31,16.97,20.34,5816,-33.21,40.0,0.989
2025-04-11T22:18:49.000,13.09,11.67,18.67,17.17,20.34,5817,-33.32,40.0,0.989
2025-04-11T22:19:49.000,13.03,11.61,15.0,17.4,20.34,5818,-33.44,41.0,0.989
2025-04-11T22:20:49.000,12.87,11.12,11.49,17.7,20.34,5819,-33.56,41.0,0.989
2025-04-11T22:21:49.000,12.76,11.28,14.93,17.41,20.34,5820,-33.67,41.0,0.989
2025-04-11T22:22:49.000,12.69,11.19,14.51,17.44,20.34,5821,-33.79,41.0,0.989
2025-04-11T22:23:49.000,12.61,11.08,14.28,17.45,20.34,5822,-33.9,41.0,0.989
2025-04-11T22:24:49.000,12.53,10.97,14.3,17.45,20.34,5823,-34.01,41.0,0.989
2025-04-11T22:25:50.000,12.48,11.12,14.39,17.45,20.34,5824,-34.13,41.0,0.989
2025-04-11T22:26:50.000,12.46,11.09,14.57,17.43,20.34,5825,-34.24,41.0,0.989
2025-04-11T22:27:50.000,12.43,11.09,12.72,17.59,20.34,5826,-34.35,41.0,0.99
2025-04-11T22:28:50.000,12.42,11.09,11.25,17.72,20.34,5827,-34.46,41.0,0.99
2025-04-11T22:29:50.000,12.42,11.19,16.8,17.3,20.34,5828,-34.57,41.0,0.99
2025-04-11T22:30:50.000,12.45,11.27,19.11,17.14,20.34,5829,-34.68,41.0,0.99
2025-04-11T22:31:51.000,12.49,11.38,27.26,16.75,20.34,5830,-34.79,41.0,0.99
2025-04-11T22:32:51.000,12.54,11.38,31.51,16.59,20.34,5831,-34.9,41.0,0.99
2025-04-11T22:33:51.000,12.58,11.42,33.23,16.54,20.34,5832,-35.0,42.0,0.99
2025-04-11T22:34:51.000,12.63,11.56,36.5,16.43,20.34,5833,-35.11,42.0,0.99
2025-04-11T22:35:51.000,12.68,11.51,36.28,16.44,20.34,5834,-35.21,42.0,0.99
2025-04-11T22:36:51.000,12.69,11.49,34.56,16.49,20.34,5835,-35.32,42.0,0.99
2025-04-11T22:37:51.000,12.77,11.67,33.86,16.52,20.34,5836,-35.42,42.0,0.99
2025-04-11T22:38:52.000,12.83,11.75,35.49,16.47,20.34,5837,-35.52,42.0,0.99
2025-04-11T22:39:52.000,12.88,11.82,36.99,16.42,20.34,5838,-35.63,42.0,0.99
2025-04-11T22:40:52.000,12.9,11.76,37.66,16.4,20.34,5839,-35.73,42.0,0.99
2025-04-11T22:41:52.000,12.91,11.7,34.51,16.5,20.34,5840,-35.83,42.0,0.99
2025-04-11T22:42:52.000,12.88,11.62,25.4,16.84,20.34,5841,-35.93,42.0,0.99
2025-04-11T22:43:53.000,12.88,11.72,20.07,17.08,20.34,5842,-36.03,42.0,0.99
2025-04-11T22:44:53.000,12.86,11.61,22.76,16.95,20.34,5843,-36.13,42.0,0.99
2025-04-11T22:45:53.000,12.81,11.46,23.14,16.93,20.34,5844,-36.22,42.0,0.99
2025-04-11T22:46:53.000,12.7,11.3,17.82,17.22,20.34,5845,-36.32,42.0,0.99
2025-04-11T22:47:53.000,12.62,11.16,16.89,17.27,20.34,5846,-36.41,42.0,0.99
2025-04-11T22:48:53.000,12.49,10.85,12.03,17.66,20.34,5847,-36.51,42.0,0.99
2025-04-11T22:49:54.000,12.33,10.66,14.38,17.45,20.34,5848,-36.6,42.0,0.99
2025-04-11T22:50:54.000,12.29,10.8,14.53,17.44,20.34,5849,-36.7,43.0,0.99
2025-04-11T22:51:54.000,12.25,10.87,11.51,17.7,20.34,5850,-36.79,43.0,0.99
2025-04-11T22:52:54.000,12.24,10.93,7.76,18.12,20.34,5851,-36.88,43.0,0.99
2025-04-11T22:53:54.000,12.22,10.82,10.6,17.8,20.34,5852,-36.97,43.0,0.99
2025-04-11T22:54:54.000,12.18,10.83,14.46,17.46,20.34,5853,-37.06,43.0,0.99
2025-04-11T22:55:55.000,12.18,10.91,24.16,16.89,20.34,5854,-37.15,43.0,0.99
2025-04-11T22:56:55.000,12.2,10.97,28.98,16.69,20.34,5855,-37.24,43.0,0.99
2025-04-11T22:57:55.000,12.22,11.01,24.21,16.89,20.34,5856,-37.33,43.0,0.99
2025-04-11T22:58:55.000,12.23,11.04,18.24,17.19,20.34,5857,-37.41,43.0,0.99
2025-04-11T22:59:55.000,12.26,11.12,27.83,16.73,20.34,5858,-37.5,43.0,0.99
2025-04-11T23:00:55.000,12.3,11.17,32.39,16.56,20.34,5859,-37.58,43.0,0.99
2025-04-11T23:01:55.000,12.33,11.16,33.9,16.52,20.34,5860,-37.67,43.0,0.99
2025-04-11T23:02:55.000,12.32,11.11,28.38,16.71,20.34,5861,-37.75,43.0,0.99
2025-04-11T23:03:56.000,12.26,10.88,31.14,16.61,20.34,5862,-37.83,43.0,0.99
2025-04-11T23:04:56.000,12.22,10.94,32.4,16.57,20.34,5863,-37.91,43.0,0.99
2025-04-11T23:05:56.000,12.19,10.84,26.82,16.77,20.34,5864,-37.99,43.0,0.99
2025-04-11T23:06:56.000,12.15,10.79,23.55,16.91,20.34,5865,-38.07,43.0,0.99
2025-04-11T23:07:56.000,12.1,10.7,21.38,17.02,20.34,5866,-38.15,43.0,0.99
2025-04-11T23:08:56.000,12.05,10.68,23.18,16.93,20.34,5867,-38.23,43.0,0.99
2025-04-11T23:09:56.000,11.99,10.6,20.21,17.08,20.34,5868,-38.3,43.0,0.99
2025-04-11T23:10:57.000,11.95,10.61,15.49,17.37,20.34,5869,-38.38,43.0,0.99
2025-04-11T23:11:57.000,11.92,10.56,14.95,17.4,20.34,5870,-38.45,43.0,0.99
2025-04-11T23:12:57.000,11.86,10.48,14.86,17.41,20.34,5871,-38.53,43.0,0.99
2025-04-11T23:13:57.000,11.8,10.46,14.56,17.43,20.34,5872,-38.6,43.0,0.99
2025-04-11T23:14:57.000,11.75,10.41,14.87,17.41,20.34,5873,-38.67,43.0,0.99
2025-04-11T23:15:58.000,11.72,10.39,15.37,17.37,20.34,5874,-38.74,43.0,0.99
2025-04-11T23:16:58.000,11.7,10.41,16.78,17.28,20.34,5875,-38.81,43.0,0.99
2025-04-11T23:17:58.000,11.67,10.36,17.63,17.22,20.34,5876,-38.88,43.0,0.99
2025-04-11T23:18:58.000,11.65,10.36,15.41,17.37,20.34,5877,-38.95,43.0,0.99
2025-04-11T23:19:58.000,11.64,10.41,13.97,17.48,20.34,5878,-39.02,44.0,0.99
2025-04-11T23:20:58.000,11.63,10.41,15.37,17.38,20.34,5879,-39.08,44.0,0.99
2025-04-11T23:21:58.000,11.61,10.37,19.28,17.13,20.34,5880,-39.15,44.0,0.99
2025-04-11T23:22:58.000,11.56,10.28,18.54,17.17,20.34,5881,-39.21,44.0,0.99
2025-04-11T23:23:59.000,11.56,10.32,17.71,17.22,20.34,5882,-39.28,44.0,0.99
2025-04-11T23:24:59.000,11.53,10.23,16.25,17.32,20.34,5883,-39.34,44.0,0.99
2025-04-11T23:25:59.000,11.52,10.21,16.83,17.28,20.34,5884,-39.4,44.0,0.99
2025-04-11T23:26:59.000,11.52,10.22,14.53,17.43,20.34,5885,-39.46,44.0,0.99
2025-04-11T23:27:59.000,11.49,10.07,14.29,17.45,20.34,5886,-39.52,44.0,0.99
2025-04-11T23:29:00.000,11.49,10.13,14.26,17.45,20.34,5887,-39.58,44.0,0.99
2025-04-11T23:30:00.000,11.47,10.01,14.26,17.46,20.34,5888,-39.63,44.0,0.99
2025-04-11T23:31:00.000,11.44,10.0,14.2,17.46,20.34,5889,-39.69,44.0,0.99
2025-04-11T23:32:00.000,11.44,10.01,14.17,17.46,20.34,5890,-39.75,44.0,0.99
2025-04-11T23:33:00.000,11.4,9.91,14.12,17.47,20.34,5891,-39.8,44.0,0.99
2025-04-11T23:34:00.000,11.41,10.0,14.08,17.47,20.34,5892,-39.85,44.0,0.99
2025-04-11T23:35:00.000,11.39,9.9,14.17,17.46,20.34,5893,-39.91,44.0,0.99
2025-04-11T23:36:01.000,11.42,9.99,14.3,17.45,20.34,5894,-39.96,44.0,0.99
2025-04-11T23:37:01.000,11.43,10.05,14.27,17.45,20.34,5895,-40.01,44.0,0.99
2025-04-11T23:38:01.000,11.44,10.07,14.21,17.46,20.34,5896,-40.06,44.0,0.99
2025-04-11T23:39:01.000,11.46,10.12,14.17,17.46,20.34,5897,-40.1,44.0,0.99
2025-04-11T23:40:01.000,11.47,10.12,14.15,17.46,20.34,5898,-40.15,44.0,0.99
2025-04-11T23:41:01.000,11.48,10.16,14.07,17.47,20.34,5899,-40.2,44.0,0.99
2025-04-11T23:42:02.000,11.49,10.15,13.99,17.48,20.34,5900,-40.24,44.0,0.99
2025-04-11T23:43:02.000,11.47,10.08,13.95,17.48,20.34,5901,-40.29,44.0,0.99
2025-04-11T23:44:02.000,11.43,9.96,13.89,17.48,20.34,5902,-40.33,44.0,0.99
2025-04-11T23:45:02.000,11.33,9.68,13.88,17.48,20.34,5903,-40.37,44.0,0.991
2025-04-11T23:46:02.000,11.3,9.77,13.92,17.48,20.34,5904,-40.41,44.0,0.991
2025-04-11T23:47:02.000,11.28,9.78,13.94,17.48,20.34,5905,-40.45,44.0,0.991
2025-04-11T23:48:03.000,11.26,9.7,13.93,17.48,20.34,5906,-40.49,44.0,0.991
2025-04-11T23:49:03.000,11.24,9.7,13.96,17.48,20.34,5907,-40.53,44.0,0.991
2025-04-11T23:50:03.000,11.23,9.64,13.98,17.48,20.34,5908,-40.57,44.0,0.991
2025-04-11T23:51:03.000,11.22,9.64,13.96,17.48,20.34,5909,-40.6,44.0,0.991
2025-04-11T23:52:03.000,11.18,9.44,13.95,17.48,20.34,5910,-40.64,44.0,0.991
2025-04-11T23:53:03.000,11.18,9.52,13.97,17.48,20.34,5911,-40.67,44.0,0.991
2025-04-11T23:54:03.000,11.19,9.48,14.0,17.48,20.34,5912,-40.7,43.0,0.991
2025-04-11T23:55:04.000,11.18,9.45,13.84,17.49,20.34,5913,-40.73,43.0,0.991
2025-04-11T23:56:04.000,11.19,9.43,14.17,17.46,20.34,5914,-40.76,43.0,0.991
2025-04-11T23:57:04.000,11.17,9.26,14.86,17.41,20.34,5915,-40.79,43.0,0.991
2025-04-11T23:58:04.000,11.13,9.04,17.58,17.23,20.34,5916,-40.82,43.0,0.991
2025-04-11T23:59:04.000,11.15,9.04,18.42,17.18,20.34,5917,-40.85,43.0,0.991
2025-04-12T00:00:04.000,11.21,9.1,15.96,17.33,20.34,5918,-40.87,43.0,0.991
2025-04-12T00:01:04.000,11.23,8.9,14.41,17.44,20.34,5919,-40.9,43.0,0.991
2025-04-12T00:02:05.000,11.22,8.73,14.09,17.47,20.34,5920,-40.92,43.0,0.991
2025-04-12T00:03:05.000,11.23,8.66,14.18,17.46,20.34,5921,-40.95,43.0,0.991
2025-04-12T00:04:05.000,11.22,8.51,14.17,17.46,20.34,5922,-40.97,43.0,0.991
2025-04-12T00:05:05.000,11.2,8.31,14.01,17.47,20.34,5923,-40.99,43.0,0.991
2025-04-12T00:06:05.000,11.17,8.24,14.0,17.47,20.34,5924,-41.01,43.0,0.991
2025-04-12T00:07:05.000,11.16,8.15,14.03,17.47,20.34,5925,-41.02,43.0,0.991
2025-04-12T00:08:06.000,11.13,8.04,14.03,17.47,20.34,5926,-41.04,43.0,0.991
2025-04-12T00:09:06.000,11.09,7.86,14.03,17.47,20.34,5927,-41.06,43.0,0.991
2025-04-12T00:10:06.000,11.07,7.82,14.01,17.47,20.34,5928,-41.07,43.0,0.991
2025-04-12T00:11:06.000,11.06,7.74,13.99,17.48,20.34,5929,-41.09,43.0,0.991
2025-04-12T00:12:06.000,11.03,7.56,14.04,17.47,20.34,5930,-41.1,43.0,0.991
2025-04-12T00:13:06.000,11.01,7.47,14.14,17.46,20.34,5931,-41.11,43.0,0.991
2025-04-12T00:14:07.000,11.01,7.46,14.2,17.46,20.34,5932,-41.12,43.0,0.991
2025-04-12T00:15:07.000,10.99,7.33,14.21,17.46,20.34,5933,-41.13,43.0,0.991
2025-04-12T00:16:07.000,10.97,7.27,14.16,17.46,20.34,5934,-41.14,43.0,0.991
2025-04-12T00:17:07.000,10.96,7.19,14.28,17.45,20.34,5935,-41.15,43.0,0.991
2025-04-12T00:18:07.000,10.94,7.08,14.24,17.46,20.34,5936,-41.15,43.0,0.991
2025-04-12T00:19:07.000,10.89,6.93,14.19,17.46,20.34,5937,-41.16,43.0,0.991
2025-04-12T00:20:08.000,10.87,6.85,14.27,17.45,20.34,5938,-41.16,43.0,0.991
2025-04-12T00:21:08.000,10.85,6.74,14.42,17.44,20.34,5939,-41.17,43.0,0.991
2025-04-12T00:22:15.000,10.84,6.66,14.64,17.43,20.34,5940,-41.17,43.0,0.991
2025-04-12T00:23:14.000,10.83,6.66,15.2,17.39,20.34,5941,-41.17,42.0,0.991
2025-04-12T00:24:14.000,10.83,6.64,14.13,17.47,20.34,5942,-41.17,42.0,0.991
2025-04-12T00:25:15.000,10.83,6.66,15.58,17.36,20.34,5943,-41.17,42.0,0.991
2025-04-12T00:26:15.000,10.85,6.88,19.98,17.09,20.34,5944,-41.17,42.0,0.991
2025-04-12T00:27:15.000,10.88,7.16,21.69,17.0,20.34,5945,-41.16,42.0,0.991
2025-04-12T00:28:15.000,10.94,7.51,22.39,16.97,20.34,5946,-41.16,42.0,0.991
2025-04-12T00:29:15.000,10.99,7.61,21.46,17.01,20.34,5947,-41.15,42.0,0.991
2025-04-12T00:30:15.000,11.05,7.56,20.58,17.06,20.34,5948,-41.14,42.0,0.991
2025-04-12T00:31:15.000,11.11,7.53,26.75,16.77,20.34,5949,-41.14,42.0,0.991
2025-04-12T00:32:15.000,11.13,7.42,28.55,16.7,20.34,5950,-41.13,42.0,0.991
2025-04-12T00:33:15.000,11.16,7.13,17.78,17.24,20.34,5951,-41.12,42.0,0.991
2025-04-12T00:34:16.000,11.17,6.97,15.43,17.37,20.34,5952,-41.11,42.0,0.991
2025-04-12T00:35:16.000,11.16,6.85,12.9,17.57,20.34,5953,-41.09,42.0,0.991
2025-04-12T00:36:16.000,11.18,6.82,10.39,17.8,20.34,5954,-41.08,42.0,0.991
2025-04-12T00:37:16.000,11.21,6.91,13.31,17.54,20.34,5955,-41.06,42.0,0.991
2025-04-12T00:38:16.000,11.25,7.15,18.58,17.18,20.34,5956,-41.05,42.0,0.991
2025-04-12T00:39:16.000,11.28,7.52,21.01,17.03,20.34,5957,-41.03,42.0,0.991
2025-04-12T00:40:17.000,11.36,8.17,26.16,16.8,20.34,5958,-41.01,41.0,0.991
2025-04-12T00:41:17.000,11.45,8.81,30.95,16.61,20.34,5959,-40.99,41.0,0.991
2025-04-12T00:42:17.000,11.55,9.24,30.63,16.62,20.34,5960,-40.97,41.0,0.991
2025-04-12T00:43:17.000,11.66,9.39,33.03,16.54,20.34,5961,-40.95,41.0,0.991
2025-04-12T00:44:17.000,11.72,9.36,31.84,16.58,20.34,5962,-40.93,41.0,0.991
2025-04-12T00:45:17.000,11.8,9.55,31.27,16.6,20.34,5963,-40.91,41.0,0.991
2025-04-12T00:46:17.000,11.91,9.71,34.86,16.48,20.34,5964,-40.88,41.0,0.991
2025-04-12T00:47:17.000,11.98,9.68,33.48,16.53,20.34,5965,-40.86,41.0,0.991
2025-04-12T00:48:17.000,12.08,9.84,31.25,16.6,20.34,5966,-40.83,41.0,0.991
2025-04-12T00:49:18.000,12.17,9.97,31.41,16.6,20.34,5967,-40.8,41.0,0.991
