ecsv/stars945/stars945_2024-04.ecsv
# %ECSV 1.0
# ---
# datatype:
# - {name: time, datatype: string}
# - {name: Enclosure Temperature, unit: deg_C, datatype: float64}
# - {name: Sky Temperature, unit: deg_C, datatype: float64}
# - {name: Frequency, unit: Hz, datatype: float64}
# - {name: MSAS, unit: mag / arcsec2, datatype: float64}
# - {name: ZP, datatype: float64}
# - {name: Sequence Number, datatype: int64}
# - {name: Sun Alt, unit: deg, datatype: float64}
# - {name: Moon Alt, unit: deg, datatype: float64}
# - {name: Moon Illumination, datatype: float64}
# delimiter: ','
# meta: !!omap
# - ida:
#     Data supplier: {affiliation: Aldeanueva de la Vera, observer: null}
#     Device type: TESS-W
#     Field of view: 17.0
#     Filters per channel: None
#     Instrument ID: stars945
#     License: ODbL 1.0 http://opendatacommons.org/licenses/odbl/summary/
#     Local timezone: Europe/Madrid
#     Location name: {country: Spain, place: "Observatorio Jard\xEDn", region: Extremadura, sub_region: La Vera, town: "Aldeanueva de\
#         \ la Vera, C\xE1ceres"}
#     Measurement direction per channel: {azimuth: 0.0, zenital: 0.0}
#     Moving / Fixed look direction: FIXED
#     Moving / Stationary position: STATIONARY
#     Number of channels: 1
#     Number of fields per line: 8
#     Number of header lines: 35
#     Position: {height: 0.0, latitude: 40.130726, longitude: -5.6966}
#     TESS MAC address: 4C:75:25:27:F7:24
#     TESS cover offset value: 0.0
#     TESS firmware version: '1.0'
#     TESS zero point: 20.34
#     Time Synchronization: timestamp added by MQTT subscriber
#     URL: http://www.darksky.org/NSBM/sdf1.0.pdf
# - __serialized_columns__:
#     Enclosure Temperature:
#       __class__: astropy.units.quantity.Quantity
#       unit: &id001 !astropy.units.Unit {unit: deg_C}
#       value: !astropy.table.SerializedColumn {name: Enclosure Temperature}
#     Frequency:
#       __class__: astropy.units.quantity.Quantity
#       unit: !astropy.units.Unit {unit: Hz}
#       value: !astropy.table.SerializedColumn {name: Frequency}
#     MSAS:
#       __class__: astropy.units.quantity.Quantity
#       unit: !astropy.units.Unit {unit: mag / arcsec2}
#       value: !astropy.table.SerializedColumn {name: MSAS}
#     Moon Alt:
#       __class__: astropy.units.quantity.Quantity
#       unit: &id002 !astropy.units.Unit {unit: deg}
#       value: !astropy.table.SerializedColumn {name: Moon Alt}
#     Sky Temperature:
#       __class__: astropy.units.quantity.Quantity
#       unit: *id001
#       value: !astropy.table.SerializedColumn {name: Sky Temperature}
#     Sun Alt:
#       __class__: astropy.units.quantity.Quantity
#       unit: *id002
#       value: !astropy.table.SerializedColumn {name: Sun Alt}
#     time:
#       __class__: astropy.time.core.Time
#       format: isot
#       in_subfmt: '*'
#       out_subfmt: '*'
#       precision: 3
#       scale: utc
#       value: !astropy.table.SerializedColumn {name: time}
# schema: astropy-2.0
time,Enclosure Temperature,Sky Temperature,Frequency,MSAS,ZP,Sequence Number,Sun Alt,Moon Alt,Moon Illumination
[from data line 6306]
2024-04-10T21:09:30.000,14.27,-4.78,4.24,18.77,20.34,1368,-23.99,2.0,0.064
2024-04-10T21:10:30.000,14.27,-4.7,4.28,18.76,20.34,1369,-24.14,2.0,0.064
2024-04-10T21:11:30.000,14.28,-4.66,4.28,18.76,20.34,1370,-24.29,2.0,0.064
2024-04-10T21:12:30.000,14.26,-4.57,4.27,18.77,20.34,1371,-24.45,2.0,0.064
2024-04-10T21:13:30.000,14.25,-4.55,4.26,18.77,20.34,1372,-24.6,2.0,0.064
2024-04-10T21:14:30.000,14.22,-4.63,4.24,18.77,20.34,1373,-24.76,1.0,0.064
2024-04-10T21:15:30.000,14.21,-4.48,4.22,18.78,20.34,1374,-24.91,1.0,0.064
2024-04-10T21:16:30.000,14.22,-4.44,4.22,18.78,20.34,1375,-25.06,1.0,0.064
2024-04-10T21:17:30.000,14.24,-4.45,4.22,18.78,20.34,1376,-25.21,1.0,0.064
2024-04-10T21:18:30.000,14.25,-4.41,4.24,18.77,20.34,1377,-25.36,1.0,0.064
2024-04-10T21:19:30.000,14.26,-4.48,4.24,18.77,20.34,1378,-25.51,1.0,0.065
2024-04-10T21:20:30.000,14.26,-4.47,4.27,18.76,20.34,1379,-25.67,0.0,0.065
2024-04-10T21:21:30.000,14.24,-4.53,4.23,18.77,20.34,1380,-25.82,0.0,0.065
2024-04-10T21:22:30.000,14.24,-4.47,4.06,18.89,20.34,1381,-25.96,0.0,0.065
2024-04-10T21:23:31.000,14.24,-4.42,0.86,20.5,20.34,1382,-26.12,-0.0,0.065
2024-04-10T21:24:31.000,14.25,-4.33,0.86,20.51,20.34,1383,-26.27,-0.0,0.065
2024-04-10T21:25:31.000,14.25,-4.42,0.86,20.5,20.34,1384,-26.41,-0.0,0.065
2024-04-10T21:26:31.000,14.25,-4.38,0.88,20.49,20.34,1385,-26.56,-1.0,0.065
2024-04-10T21:27:31.000,14.26,-4.3,0.88,20.48,20.34,1386,-26.71,-1.0,0.065
2024-04-10T21:28:31.000,14.27,-4.39,0.89,20.46,20.34,1387,-26.86,-1.0,0.065
2024-04-10T21:29:31.000,14.27,-4.38,0.89,20.47,20.34,1388,-27.0,-1.0,0.065
2024-04-10T21:30:31.000,14.27,-4.32,0.88,20.48,20.34,1389,-27.15,-1.0,0.065
2024-04-10T21:31:31.000,14.29,-4.23,0.87,20.5,20.34,1390,-27.29,-1.0,0.065
2024-04-10T21:32:31.000,14.33,-4.28,0.86,20.51,20.34,1391,-27.44,-1.0,0.065
2024-04-10T21:33:31.000,14.35,-4.42,0.85,20.52,20.34,1392,-27.58,-2.0,0.065
2024-04-10T21:34:31.000,14.34,-4.6,0.84,20.53,20.34,1393,-27.73,-2.0,0.065
2024-04-10T21:35:31.000,14.32,-4.65,0.83,20.54,20.34,1394,-27.87,-2.0,0.065
2024-04-10T21:36:31.000,14.29,-4.67,0.83,20.55,20.34,1395,-28.01,-2.0,0.065
2024-04-10T21:37:31.000,14.26,-4.69,0.82,20.55,20.34,1396,-28.16,-2.0,0.065
2024-04-10T21:38:32.000,14.25,-4.73,0.83,20.55,20.34,1397,-28.3,-2.0,0.065
2024-04-10T21:39:34.000,14.23,-4.78,0.83,20.54,20.34,1398,-28.45,-3.0,0.065
2024-04-10T21:40:33.000,14.22,-4.75,0.83,20.54,20.34,1399,-28.58,-3.0,0.065
2024-04-10T21:41:33.000,14.22,-4.7,0.83,20.55,20.34,1400,-28.72,-3.0,0.065
2024-04-10T21:42:34.000,14.22,-4.68,0.83,20.55,20.34,1401,-28.87,-3.0,0.065
2024-04-10T21:43:33.000,14.22,-4.71,0.82,20.55,20.34,1402,-29.0,-3.0,0.065
2024-04-10T21:44:34.000,14.22,-4.72,0.82,20.56,20.34,1403,-29.14,-3.0,0.066
2024-04-10T21:45:36.000,14.2,-4.69,0.82,20.56,20.34,1404,-29.29,-4.0,0.066
2024-04-10T21:46:35.000,14.2,-4.7,0.83,20.55,20.34,1405,-29.42,-4.0,0.066
2024-04-10T21:47:35.000,14.18,-4.78,0.84,20.53,20.34,1406,-29.56,-4.0,0.066
2024-04-10T21:48:35.000,14.16,-4.76,0.85,20.53,20.34,1407,-29.7,-4.0,0.066
2024-04-10T21:49:35.000,14.14,-4.62,0.84,20.53,20.34,1408,-29.83,-4.0,0.066
2024-04-10T21:50:35.000,14.13,-4.57,0.83,20.54,20.34,1409,-29.97,-4.0,0.066
2024-04-10T21:51:35.000,14.16,-4.51,0.82,20.56,20.34,1410,-30.1,-4.0,0.066
2024-04-10T21:52:35.000,14.17,-4.64,0.81,20.57,20.34,1411,-30.24,-5.0,0.066
2024-04-10T21:53:35.000,14.18,-4.82,0.8,20.58,20.34,1412,-30.37,-5.0,0.066
2024-04-10T21:54:35.000,14.19,-4.99,0.79,20.6,20.34,1413,-30.5,-5.0,0.066
2024-04-10T21:55:36.000,14.17,-5.24,0.78,20.61,20.34,1414,-30.64,-5.0,0.066
2024-04-10T21:56:39.000,14.15,-5.57,0.77,20.62,20.34,1415,-30.78,-5.0,0.066
2024-04-10T21:57:39.000,14.12,-5.76,0.77,20.63,20.34,1416,-30.91,-5.0,0.066
2024-04-10T21:58:39.000,14.1,-5.7,0.76,20.64,20.34,1417,-31.04,-6.0,0.066
2024-04-10T21:59:46.000,14.09,-5.7,0.76,20.64,20.34,1418,-31.18,-6.0,0.066
2024-04-10T22:00:45.000,14.04,-5.64,0.77,20.63,20.34,1419,-31.31,-6.0,0.066
2024-04-10T22:01:45.000,14.01,-5.53,0.77,20.63,20.34,1420,-31.44,-6.0,0.066
2024-04-10T22:02:45.000,13.98,-5.59,0.77,20.62,20.34,1421,-31.57,-6.0,0.066
2024-04-10T22:03:46.000,13.96,-5.47,0.77,20.62,20.34,1422,-31.7,-6.0,0.066
2024-04-10T22:04:46.000,13.96,-5.38,0.77,20.63,20.34,1423,-31.83,-6.0,0.066
2024-04-10T22:05:46.000,13.96,-5.59,0.76,20.63,20.34,1424,-31.95,-7.0,0.066
2024-04-10T22:06:47.000,13.95,-5.76,0.77,20.62,20.34,1425,-32.08,-7.0,0.066
2024-04-10T22:07:48.000,13.92,-5.67,0.77,20.62,20.34,1426,-32.21,-7.0,0.066
2024-04-10T22:08:47.000,13.91,-5.55,0.78,20.62,20.34,1427,-32.33,-7.0,0.066
2024-04-10T22:09:49.000,13.89,-5.55,0.78,20.62,20.34,1428,-32.46,-7.0,0.067
2024-04-10T22:10:48.000,13.87,-5.53,0.77,20.63,20.34,1429,-32.58,-7.0,0.067
2024-04-10T22:11:48.000,13.83,-5.53,0.77,20.63,20.34,1430,-32.7,-8.0,0.067
2024-04-10T22:12:48.000,13.81,-5.61,0.77,20.63,20.34,1431,-32.82,-8.0,0.067
2024-04-10T22:13:49.000,13.8,-5.59,0.76,20.64,20.34,1432,-32.95,-8.0,0.067
2024-04-10T22:14:48.000,13.79,-5.48,0.75,20.65,20.34,1433,-33.07,-8.0,0.067
2024-04-10T22:15:50.000,13.78,-5.48,0.75,20.65,20.34,1434,-33.19,-8.0,0.067
2024-04-10T22:16:49.000,13.77,-5.45,0.75,20.66,20.34,1435,-33.31,-8.0,0.067
2024-04-10T22:17:50.000,13.77,-5.34,0.74,20.67,20.34,1436,-33.43,-8.0,0.067
2024-04-10T22:18:49.000,13.77,-5.42,0.74,20.67,20.34,1437,-33.54,-9.0,0.067
2024-04-10T22:19:49.000,13.78,-5.44,0.74,20.68,20.34,1438,-33.66,-9.0,0.067
2024-04-10T22:20:49.000,13.79,-5.29,0.74,20.68,20.34,1439,-33.78,-9.0,0.067
2024-04-10T22:21:49.000,13.82,-5.26,0.74,20.67,20.34,1440,-33.89,-9.0,0.067
2024-04-10T22:22:50.000,13.83,-5.17,0.74,20.67,20.34,1441,-34.01,-9.0,0.067
2024-04-10T22:23:50.000,13.85,-5.1,0.75,20.66,20.34,1442,-34.12,-9.0,0.067
2024-04-10T22:24:50.000,13.86,-5.06,0.75,20.66,20.34,1443,-34.24,-9.0,0.067
2024-04-10T22:25:50.000,13.87,-5.23,0.75,20.65,20.34,1444,-34.35,-10.0,0.067
2024-04-10T22:26:50.000,13.86,-5.43,0.75,20.66,20.34,1445,-34.46,-10.0,0.067
2024-04-10T22:27:50.000,13.85,-5.45,0.74,20.67,20.34,1446,-34.57,-10.0,0.067
2024-04-10T22:28:50.000,13.83,-5.47,0.74,20.67,20.34,1447,-34.68,-10.0,0.067
2024-04-10T22:29:50.000,13.81,-5.51,0.73,20.68,20.34,1448,-34.79,-10.0,0.067
2024-04-10T22:30:50.000,13.79,-5.42,0.73,20.68,20.34,1449,-34.9,-10.0,0.067
2024-04-10T22:31:50.000,13.81,-5.26,0.73,20.69,20.34,1450,-35.01,-10.0,0.067
2024-04-10T22:32:50.000,13.84,-5.14,0.73,20.69,20.34,1451,-35.12,-11.0,0.067
2024-04-10T22:33:50.000,13.9,-5.18,0.72,20.7,20.34,1452,-35.23,-11.0,0.068
2024-04-10T22:34:51.000,13.94,-5.28,0.72,20.7,20.34,1453,-35.34,-11.0,0.068
2024-04-10T22:35:51.000,13.97,-5.31,0.71,20.71,20.34,1454,-35.44,-11.0,0.068
2024-04-10T22:36:51.000,13.99,-5.44,0.71,20.72,20.34,1455,-35.55,-11.0,0.068
2024-04-10T22:37:51.000,14.0,-5.57,0.74,20.68,20.34,1456,-35.65,-11.0,0.068
2024-04-10T22:38:51.000,14.03,-5.64,0.72,20.7,20.34,1457,-35.75,-11.0,0.068
2024-04-10T22:39:51.000,14.07,-5.62,0.71,20.71,20.34,1458,-35.86,-12.0,0.068
2024-04-10T22:40:51.000,14.1,-5.53,0.71,20.71,20.34,1459,-35.96,-12.0,0.068
2024-04-10T22:41:51.000,14.11,-5.44,0.71,20.71,20.34,1460,-36.06,-12.0,0.068
2024-04-10T22:42:51.000,14.12,-5.34,0.71,20.71,20.34,1461,-36.16,-12.0,0.068
2024-04-10T22:43:51.000,14.11,-5.3,0.71,20.72,20.34,1462,-36.26,-12.0,0.068
2024-04-10T22:44:51.000,14.12,-5.27,0.71,20.72,20.34,1463,-36.36,-12.0,0.068
2024-04-10T22:45:51.000,14.12,-5.29,0.71,20.71,20.34,1464,-36.45,-12.0,0.068
2024-04-10T22:46:51.000,14.12,-5.3,0.71,20.71,20.34,1465,-36.55,-13.0,0.068
2024-04-10T22:47:51.000,14.12,-5.34,0.71,20.72,20.34,1466,-36.65,-13.0,0.068
2024-04-10T22:48:52.000,14.13,-5.19,0.7,20.72,20.34,1467,-36.74,-13.0,0.068
2024-04-10T22:49:52.000,14.14,-5.0,0.7,20.73,20.34,1468,-36.84,-13.0,0.068
2024-04-10T22:50:52.000,14.17,-4.81,0.7,20.73,20.34,1469,-36.93,-13.0,0.068
2024-04-10T22:51:52.000,14.19,-4.84,0.7,20.73,20.34,1470,-37.02,-13.0,0.068
2024-04-10T22:52:52.000,14.21,-4.84,0.7,20.73,20.34,1471,-37.12,-13.0,0.068
2024-04-10T22:53:52.000,14.23,-5.09,0.7,20.72,20.34,1472,-37.21,-13.0,0.068
2024-04-10T22:54:52.000,14.21,-5.8,0.7,20.72,20.34,1473,-37.3,-14.0,0.068
2024-04-10T22:55:52.000,14.15,-6.06,0.7,20.72,20.34,1474,-37.39,-14.0,0.068
2024-04-10T22:56:52.000,14.1,-5.95,0.7,20.73,20.34,1475,-37.47,-14.0,0.068
2024-04-10T22:57:52.000,14.06,-5.86,0.7,20.73,20.34,1476,-37.56,-14.0,0.068
2024-04-10T22:58:52.000,14.01,-5.82,0.7,20.73,20.34,1477,-37.65,-14.0,0.069
2024-04-10T22:59:52.000,13.98,-5.73,0.7,20.73,20.34,1478,-37.73,-14.0,0.069
2024-04-10T23:00:52.000,13.95,-5.62,0.7,20.73,20.34,1479,-37.82,-14.0,0.069
2024-04-10T23:01:52.000,13.94,-5.6,0.7,20.73,20.34,1480,-37.9,-15.0,0.069
2024-04-10T23:02:52.000,13.93,-5.51,0.7,20.73,20.34,1481,-37.99,-15.0,0.069
2024-04-10T23:03:53.000,13.91,-5.44,0.71,20.71,20.34,1482,-38.07,-15.0,0.069
2024-04-10T23:04:53.000,13.9,-5.53,0.71,20.71,20.34,1483,-38.15,-15.0,0.069
2024-04-10T23:05:53.000,13.89,-5.47,0.72,20.7,20.34,1484,-38.23,-15.0,0.069
2024-04-10T23:06:53.000,13.86,-5.46,0.72,20.7,20.34,1485,-38.31,-15.0,0.069
2024-04-10T23:07:53.000,13.82,-5.51,0.72,20.7,20.34,1486,-38.39,-15.0,0.069
2024-04-10T23:08:53.000,13.82,-5.38,0.72,20.7,20.34,1487,-38.47,-15.0,0.069
2024-04-10T23:09:53.000,13.8,-5.28,0.72,20.7,20.34,1488,-38.55,-16.0,0.069
2024-04-10T23:10:53.000,13.8,-5.34,0.71,20.71,20.34,1489,-38.62,-16.0,0.069
2024-04-10T23:11:53.000,13.8,-5.21,0.72,20.7,20.34,1490,-38.7,-16.0,0.069
2024-04-10T23:12:53.000,13.8,-5.13,0.72,20.69,20.34,1491,-38.77,-16.0,0.069
2024-04-10T23:13:53.000,13.8,-5.12,0.73,20.68,20.34,1492,-38.84,-16.0,0.069
2024-04-10T23:14:53.000,13.8,-5.06,0.73,20.68,20.34,1493,-38.92,-16.0,0.069
2024-04-10T23:15:53.000,13.81,-4.92,0.73,20.68,20.34,1494,-38.99,-16.0,0.069
2024-04-10T23:16:53.000,13.84,-4.79,0.73,20.68,20.34,1495,-39.06,-16.0,0.069
2024-04-10T23:17:54.000,13.88,-4.79,0.74,20.68,20.34,1496,-39.13,-17.0,0.069
2024-04-10T23:18:54.000,13.88,-5.04,0.74,20.66,20.34,1497,-39.2,-17.0,0.069
2024-04-10T23:19:54.000,13.89,-4.93,0.74,20.66,20.34,1498,-39.26,-17.0,0.069
2024-04-10T23:20:54.000,13.9,-4.83,0.75,20.66,20.34,1499,-39.33,-17.0,0.069
2024-04-10T23:21:54.000,13.91,-4.81,0.75,20.66,20.34,1500,-39.4,-17.0,0.069
2024-04-10T23:22:54.000,13.92,-4.84,0.75,20.66,20.34,1501,-39.46,-17.0,0.07
2024-04-10T23:23:54.000,13.92,-4.87,0.75,20.65,20.34,1502,-39.52,-17.0,0.07
2024-04-10T23:24:54.000,13.91,-4.85,0.76,20.65,20.34,1503,-39.59,-17.0,0.07
2024-04-10T23:25:54.000,13.9,-4.7,0.76,20.64,20.34,1504,-39.65,-18.0,0.07
2024-04-10T23:26:54.000,13.92,-4.55,0.75,20.65,20.34,1505,-39.71,-18.0,0.07
2024-04-10T23:27:54.000,13.96,-4.49,0.74,20.66,20.34,1506,-39.77,-18.0,0.07
2024-04-10T23:28:54.000,13.99,-4.65,0.74,20.67,20.34,1507,-39.83,-18.0,0.07
2024-04-10T23:29:54.000,14.0,-5.09,0.74,20.67,20.34,1508,-39.89,-18.0,0.07
2024-04-10T23:30:54.000,14.0,-4.82,0.74,20.68,20.34,1509,-39.94,-18.0,0.07
2024-04-10T23:31:55.000,14.0,-4.89,0.73,20.68,20.34,1510,-40.0,-18.0,0.07
2024-04-10T23:32:55.000,14.01,-4.86,0.73,20.68,20.34,1511,-40.05,-18.0,0.07
2024-04-10T23:33:55.000,14.02,-4.81,0.73,20.68,20.34,1512,-40.11,-18.0,0.07
2024-04-10T23:34:55.000,14.03,-5.17,0.73,20.68,20.34,1513,-40.16,-19.0,0.07
2024-04-10T23:35:55.000,14.01,-5.47,0.73,20.68,20.34,1514,-40.21,-19.0,0.07
2024-04-10T23:36:55.000,14.01,-5.47,0.73,20.68,20.34,1515,-40.26,-19.0,0.07
2024-04-10T23:37:55.000,14.0,-5.53,0.73,20.69,20.34,1516,-40.31,-19.0,0.07
2024-04-10T23:38:55.000,13.98,-5.56,0.72,20.69,20.34,1517,-40.36,-19.0,0.07
2024-04-10T23:39:55.000,13.96,-5.51,0.73,20.69,20.34,1518,-40.41,-19.0,0.07
2024-04-10T23:40:55.000,13.93,-5.37,0.72,20.69,20.34,1519,-40.45,-19.0,0.07
2024-04-10T23:41:55.000,13.9,-5.52,0.73,20.69,20.34,1520,-40.5,-19.0,0.07
2024-04-10T23:42:55.000,13.86,-5.4,0.73,20.69,20.34,1521,-40.54,-19.0,0.07
2024-04-10T23:43:55.000,13.82,-5.33,0.74,20.67,20.34,1522,-40.59,-20.0,0.07
2024-04-10T23:44:55.000,13.79,-5.11,0.75,20.65,20.34,1523,-40.63,-20.0,0.07
2024-04-10T23:45:55.000,13.79,-4.9,0.77,20.63,20.34,1524,-40.67,-20.0,0.07
2024-04-10T23:46:56.000,13.8,-4.65,0.77,20.63,20.34,1525,-40.71,-20.0,0.071
2024-04-10T23:47:56.000,13.85,-4.54,0.77,20.63,20.34,1526,-40.75,-20.0,0.071
2024-04-10T23:48:56.000,13.93,-4.42,0.77,20.62,20.34,1527,-40.79,-20.0,0.071
2024-04-10T23:49:56.000,14.01,-4.26,0.78,20.62,20.34,1528,-40.83,-20.0,0.071
2024-04-10T23:50:56.000,14.12,-4.5,0.77,20.62,20.34,1529,-40.86,-20.0,0.071
2024-04-10T23:51:56.000,14.16,-4.85,0.78,20.62,20.34,1530,-40.9,-20.0,0.071
2024-04-10T23:52:56.000,14.17,-4.96,0.77,20.63,20.34,1531,-40.93,-21.0,0.071
2024-04-10T23:53:56.000,14.16,-5.05,0.77,20.63,20.34,1532,-40.96,-21.0,0.071
2024-04-10T23:54:56.000,14.16,-5.09,0.77,20.63,20.34,1533,-41.0,-21.0,0.071
2024-04-10T23:55:56.000,14.16,-5.16,0.76,20.64,20.34,1534,-41.03,-21.0,0.071
2024-04-10T23:56:56.000,14.14,-5.2,0.76,20.65,20.34,1535,-41.06,-21.0,0.071
2024-04-10T23:57:56.000,14.13,-5.01,0.74,20.67,20.34,1536,-41.09,-21.0,0.071
2024-04-10T23:58:56.000,14.15,-4.73,0.72,20.69,20.34,1537,-41.11,-21.0,0.071
2024-04-10T23:59:56.000,14.18,-4.66,0.72,20.7,20.34,1538,-41.14,-21.0,0.071
2024-04-11T00:00:56.000,14.2,-4.74,0.72,20.71,20.34,1539,-41.16,-21.0,0.071
2024-04-11T00:01:56.000,14.24,-4.54,0.71,20.71,20.34,1540,-41.19,-21.0,0.071
2024-04-11T00:02:57.000,14.31,-4.69,0.71,20.71,20.34,1541,-41.21,-22.0,0.071
2024-04-11T00:03:57.000,14.34,-5.1,0.7,20.73,20.34,1542,-41.23,-22.0,0.071
2024-04-11T00:04:57.000,14.34,-5.26,0.69,20.74,20.34,1543,-41.26,-22.0,0.071
2024-04-11T00:05:57.000,14.35,-5.32,0.68,20.75,20.34,1544,-41.28,-22.0,0.071
2024-04-11T00:06:57.000,14.33,-5.31,0.68,20.77,20.34,1545,-41.29,-22.0,0.071
2024-04-11T00:07:57.000,14.34,-5.14,0.67,20.77,20.34,1546,-41.31,-22.0,0.071
2024-04-11T00:08:57.000,14.35,-5.06,0.67,20.77,20.34,1547,-41.33,-22.0,0.071
2024-04-11T00:09:57.000,14.37,-5.12,0.67,20.77,20.34,1548,-41.34,-22.0,0.071
2024-04-11T00:10:57.000,14.4,-5.05,0.67,20.78,20.34,1549,-41.36,-22.0,0.072
2024-04-11T00:11:57.000,14.44,-5.14,0.67,20.78,20.34,1550,-41.37,-22.0,0.072
2024-04-11T00:12:57.000,14.46,-5.4,0.67,20.78,20.34,1551,-41.38,-23.0,0.072
2024-04-11T00:13:57.000,14.44,-5.39,0.67,20.77,20.34,1552,-41.4,-23.0,0.072
2024-04-11T00:14:57.000,14.42,-5.28,0.67,20.77,20.34,1553,-41.41,-23.0,0.072
2024-04-11T00:15:57.000,14.4,-5.23,0.68,20.77,20.34,1554,-41.41,-23.0,0.072
2024-04-11T00:16:57.000,14.41,-4.99,0.68,20.76,20.34,1555,-41.42,-23.0,0.072
2024-04-11T00:17:58.000,14.43,-4.93,0.68,20.76,20.34,1556,-41.43,-23.0,0.072
2024-04-11T00:18:58.000,14.44,-5.04,0.69,20.75,20.34,1557,-41.43,-23.0,0.072
2024-04-11T00:19:58.000,14.48,-4.97,0.69,20.75,20.34,1558,-41.44,-23.0,0.072
2024-04-11T00:20:58.000,14.5,-4.65,0.69,20.74,20.34,1559,-41.44,-23.0,0.072
2024-04-11T00:21:58.000,14.59,-4.3,0.69,20.74,20.34,1560,-41.44,-23.0,0.072
2024-04-11T00:22:58.000,14.68,-4.28,0.7,20.74,20.34,1561,-41.45,-23.0,0.072
2024-04-11T00:23:58.000,14.79,-4.25,0.7,20.73,20.34,1562,-41.45,-24.0,0.072
2024-04-11T00:24:58.000,14.87,-4.71,0.7,20.73,20.34,1563,-41.45,-24.0,0.072
2024-04-11T00:25:58.000,14.86,-5.47,0.7,20.73,20.34,1564,-41.44,-24.0,0.072
2024-04-11T00:26:58.000,14.82,-5.61,0.71,20.72,20.34,1565,-41.44,-24.0,0.072
2024-04-11T00:27:58.000,14.77,-5.65,0.72,20.71,20.34,1566,-41.44,-24.0,0.072
2024-04-11T00:28:58.000,14.71,-5.63,0.73,20.69,20.34,1567,-41.43,-24.0,0.072
2024-04-11T00:29:58.000,14.65,-5.58,0.74,20.67,20.34,1568,-41.42,-24.0,0.072
2024-04-11T00:30:58.000,14.57,-5.44,0.74,20.67,20.34,1569,-41.42,-24.0,0.072
2024-04-11T00:31:59.000,14.48,-5.22,0.74,20.66,20.34,1570,-41.41,-24.0,0.072
2024-04-11T00:32:59.000,14.43,-5.09,0.75,20.66,20.34,1571,-41.4,-24.0,0.072
2024-04-11T00:33:59.000,14.39,-4.98,0.75,20.65,20.34,1572,-41.39,-24.0,0.073
2024-04-11T00:34:59.000,14.37,-4.93,0.75,20.66,20.34,1573,-41.37,-24.0,0.073
2024-04-11T00:35:59.000,14.34,-4.94,0.73,20.68,20.34,1574,-41.36,-25.0,0.073
2024-04-11T00:36:59.000,14.28,-5.06,0.73,20.69,20.34,1575,-41.35,-25.0,0.073
2024-04-11T00:37:59.000,14.25,-5.23,0.72,20.69,20.34,1576,-41.33,-25.0,0.073
2024-04-11T00:38:59.000,14.21,-5.28,0.71,20.71,20.34,1577,-41.32,-25.0,0.073
