ecsv/stars945/stars945_2025-04.ecsv
# %ECSV 1.0
# ---
# datatype:
# - {name: time, datatype: string}
# - {name: Enclosure Temperature, unit: deg_C, datatype: float64}
# - {name: Sky Temperature, unit: deg_C, datatype: float64}
# - {name: Frequency, unit: Hz, datatype: float64}
# - {name: MSAS, unit: mag / arcsec2, datatype: float64}
# - {name: ZP, datatype: float64}
# - {name: Sequence Number, datatype: int64}
# - {name: Sun Alt, unit: deg, datatype: float64}
# - {name: Moon Alt, unit: deg, datatype: float64}
# - {name: Moon Illumination, datatype: float64}
# delimiter: ','
# meta: !!omap
# - ida:
#     Data supplier: {affiliation: Aldeanueva de la Vera, observer: null}
#     Device type: TESS-W
#     Field of view: 17.0
#     Filters per channel: None
#     Instrument ID: stars945
#     License: ODbL 1.0 http://opendatacommons.org/licenses/odbl/summary/
#     Local timezone: Europe/Madrid
#     Location name: {country: Spain, place: "Observatorio Jard\xEDn", region: Extremadura, sub_region: La Vera, town: "Aldeanueva de\
#         \ la Vera, C\xE1ceres"}
#     Measurement direction per channel: {azimuth: 0.0, zenital: 0.0}
#     Moving / Fixed look direction: FIXED
#     Moving / Stationary position: STATIONARY
#     Number of channels: 1
#     Number of fields per line: 8
#     Number of header lines: 35
#     Position: {height: 0.0, latitude: 40.130726, longitude: -5.6966}
#     TESS MAC address: 4C:75:25:27:F7:24
#     TESS cover offset value: 0.0
#     TESS firmware version: '1.0'
#     TESS zero point: 20.34
#     Time Synchronization: timestamp added by MQTT subscriber
#     URL: http://www.darksky.org/NSBM/sdf1.0.pdf
# - __serialized_columns__:
#     Enclosure Temperature:
#       __class__: astropy.units.quantity.Quantity
#       unit: &id001 !astropy.units.Unit {unit: deg_C}
#       value: !astropy.table.SerializedColumn {name: Enclosure Temperature}
#     Frequency:
#       __class__: astropy.units.quantity.Quantity
#       unit: !astropy.units.Unit {unit: Hz}
#       value: !astropy.table.SerializedColumn {name: Frequency}
#     MSAS:
#       __class__: astropy.units.quantity.Quantity
#       unit: !astropy.units.Unit {unit: mag / arcsec2}
#       value: !astropy.table.SerializedColumn {name: MSAS}
#     Moon Alt:
#       __class__: astropy.units.quantity.Quantity
#       unit: &id002 !astropy.units.Unit {unit: deg}
#       value: !astropy.table.SerializedColumn {name: Moon Alt}
#     Sky Temperature:
#       __class__: astropy.units.quantity.Quantity
#       unit: *id001
#       value: !astropy.table.SerializedColumn {name: Sky Temperature}
#     Sun Alt:
#       __class__: astropy.units.quantity.Quantity
#       unit: *id002
#       value: !astropy.table.SerializedColumn {name: Sun Alt}
#     time:
#       __class__: astropy.time.core.Time
#       format: isot
#       in_subfmt: '*'
#       out_subfmt: '*'
#       precision: 3
#       scale: utc
#       value: !astropy.table.SerializedColumn {name: time}
# schema: astropy-2.0
time,Enclosure Temperature,Sky Temperature,Frequency,MSAS,ZP,Sequence Number,Sun Alt,Moon Alt,Moon Illumination
[from data line 5574]
2025-04-08T04:24:30.000,13.39,-7.61,0.74,20.67,20.34,437,-17.33,-4.0,0.799
2025-04-08T04:25:30.000,13.36,-7.43,0.74,20.67,20.34,438,-17.16,-5.0,0.799
2025-04-08T04:26:30.000,13.38,-7.34,0.74,20.67,20.34,439,-16.99,-5.0,0.799
2025-04-08T04:27:30.000,13.39,-7.45,0.74,20.67,20.34,440,-16.81,-5.0,0.799
2025-04-08T04:28:30.000,13.4,-7.3,0.74,20.66,20.34,441,-16.64,-5.0,0.799
2025-04-08T04:29:30.000,13.41,-7.42,0.75,20.66,20.34,442,-16.47,-5.0,0.799
2025-04-08T04:30:30.000,13.41,-7.26,0.75,20.65,20.34,443,-16.29,-5.0,0.799
2025-04-08T04:31:30.000,13.45,-7.32,0.76,20.65,20.34,444,-16.12,-6.0,0.799
2025-04-08T04:32:30.000,13.46,-7.57,0.76,20.64,20.34,445,-15.95,-6.0,0.799
2025-04-08T04:33:30.000,13.46,-7.48,0.77,20.63,20.34,446,-15.77,-6.0,0.799
2025-04-08T04:34:30.000,13.46,-7.6,0.77,20.62,20.34,447,-15.6,-6.0,0.799
2025-04-08T04:35:31.000,13.45,-7.67,0.78,20.61,20.34,448,-15.42,-6.0,0.8
2025-04-08T04:36:31.000,13.42,-7.73,0.79,20.59,20.34,449,-15.24,-6.0,0.8
2025-04-08T04:37:31.000,13.39,-7.64,0.8,20.58,20.34,450,-15.07,-7.0,0.8
2025-04-08T04:38:31.000,13.37,-7.87,0.82,20.56,20.34,451,-14.89,-7.0,0.8
2025-04-08T04:39:31.000,13.33,-8.09,0.83,20.54,20.34,452,-14.72,-7.0,0.8
2025-04-08T04:40:31.000,13.31,-8.09,0.85,20.51,20.34,453,-14.54,-7.0,0.8
2025-04-08T04:41:31.000,13.27,-8.29,0.87,20.49,20.34,454,-14.36,-7.0,0.8
2025-04-08T04:42:31.000,13.21,-8.31,0.9,20.46,20.34,455,-14.19,-7.0,0.8
2025-04-08T04:43:31.000,13.13,-8.53,0.93,20.42,20.34,456,-14.01,-8.0,0.8
2025-04-08T04:44:31.000,13.05,-8.56,0.96,20.39,20.34,457,-13.83,-8.0,0.8
2025-04-08T04:45:31.000,12.98,-8.69,1.0,20.34,20.34,458,-13.66,-8.0,0.8
2025-04-08T04:46:31.000,12.89,-8.49,1.05,20.29,20.34,459,-13.48,-8.0,0.8
2025-04-08T04:47:31.000,12.87,-8.4,1.11,20.23,20.34,460,-13.3,-8.0,0.8
2025-04-08T04:48:31.000,12.84,-8.41,1.17,20.17,20.34,461,-13.12,-8.0,0.8
2025-04-08T04:49:31.000,12.81,-8.51,1.25,20.1,20.34,462,-12.95,-9.0,0.8
2025-04-08T04:50:31.000,12.78,-8.62,1.34,20.02,20.34,463,-12.77,-9.0,0.8
2025-04-08T04:51:32.000,12.71,-8.69,1.46,19.93,20.34,464,-12.59,-9.0,0.8
2025-04-08T04:52:32.000,12.68,-8.56,1.58,19.84,20.34,465,-12.41,-9.0,0.8
2025-04-08T04:53:32.000,12.66,-8.58,1.75,19.74,20.34,466,-12.23,-9.0,0.801
2025-04-08T04:54:32.000,12.65,-8.45,1.93,19.63,20.34,467,-12.05,-9.0,0.801
2025-04-08T04:55:32.000,12.65,-8.37,2.14,19.51,20.34,468,-11.87,-10.0,0.801
2025-04-08T04:56:32.000,12.65,-8.43,2.39,19.39,20.34,469,-11.69,-10.0,0.801
2025-04-08T04:57:32.000,12.65,-8.37,2.7,19.26,20.34,470,-11.51,-10.0,0.801
2025-04-08T04:58:32.000,12.65,-8.34,3.08,19.12,20.34,471,-11.33,-10.0,0.801
2025-04-08T04:59:32.000,12.66,-8.43,3.5,18.98,20.34,472,-11.15,-10.0,0.801
2025-04-08T05:00:32.000,12.65,-8.57,4.02,18.83,20.34,473,-10.97,-10.0,0.801
2025-04-08T05:01:33.000,12.62,-8.61,4.63,18.68,20.34,474,-10.79,-11.0,0.801
2025-04-08T05:02:33.000,12.58,-8.67,5.36,18.52,20.34,475,-10.6,-11.0,0.801
2025-04-08T05:03:33.000,12.54,-8.67,6.2,18.36,20.34,476,-10.42,-11.0,0.801
2025-04-08T05:04:33.000,12.51,-8.65,7.25,18.19,20.34,477,-10.24,-11.0,0.801
2025-04-08T05:05:33.000,12.46,-8.68,8.47,18.02,20.34,478,-10.06,-11.0,0.801
2025-04-08T05:06:33.000,12.43,-8.67,9.94,17.85,20.34,479,-9.88,-11.0,0.801
2025-04-08T05:07:33.000,12.4,-8.78,11.63,17.68,20.34,480,-9.7,-12.0,0.801
2025-04-08T05:08:34.000,12.35,-8.85,13.65,17.5,20.34,481,-9.51,-12.0,0.801
2025-04-08T05:09:34.000,12.29,-8.87,16.28,17.31,20.34,482,-9.33,-12.0,0.801
2025-04-08T05:10:34.000,12.24,-8.8,19.23,17.13,20.34,483,-9.15,-12.0,0.801
2025-04-08T05:11:34.000,12.19,-8.76,22.85,16.94,20.34,484,-8.97,-12.0,0.802
2025-04-08T05:12:34.000,12.15,-8.69,27.22,16.75,20.34,485,-8.78,-12.0,0.802
2025-04-08T05:13:34.000,12.12,-8.73,32.5,16.56,20.34,486,-8.6,-13.0,0.802
2025-04-08T05:14:34.000,12.09,-8.75,39.06,16.36,20.34,487,-8.42,-13.0,0.802
2025-04-08T05:15:35.000,12.05,-8.86,46.18,16.18,20.34,488,-8.23,-13.0,0.802
2025-04-08T05:16:35.000,12.01,-8.94,56.55,15.96,20.34,489,-8.05,-13.0,0.802
2025-04-08T05:17:35.000,11.96,-8.93,69.03,15.74,20.34,490,-7.87,-13.0,0.802
2025-04-08T05:18:35.000,11.92,-8.79,84.68,15.52,20.34,491,-7.68,-13.0,0.802
2025-04-08T05:19:35.000,11.89,-8.86,104.76,15.29,20.34,492,-7.5,-13.0,0.802
2025-04-08T05:20:35.000,11.86,-8.86,130.14,15.06,20.34,493,-7.31,-14.0,0.802
2025-04-08T05:21:35.000,11.83,-8.82,161.93,14.82,20.34,494,-7.13,-14.0,0.802
2025-04-08T05:22:35.000,11.79,-8.94,202.83,14.57,20.34,495,-6.95,-14.0,0.802
2025-04-08T05:23:35.000,11.76,-8.75,254.38,14.33,20.34,496,-6.76,-14.0,0.802
2025-04-08T05:24:35.000,11.76,-8.6,319.37,14.08,20.34,497,-6.58,-14.0,0.802
2025-04-08T05:25:35.000,11.76,-8.69,401.57,13.83,20.34,498,-6.39,-14.0,0.802
2025-04-08T05:26:35.000,11.74,-8.72,505.87,13.58,20.34,499,-6.21,-15.0,0.802
2025-04-08T05:27:35.000,11.73,-8.72,637.17,13.33,20.34,500,-6.02,-15.0,0.802
2025-04-08T05:28:36.000,11.71,-8.69,801.35,13.08,20.34,501,-5.83,-15.0,0.802
2025-04-08T05:29:36.000,11.71,-8.74,1009.89,12.83,20.34,502,-5.65,-15.0,0.803
2025-04-08T05:30:36.000,11.69,-8.76,1272.45,12.58,20.34,503,-5.46,-15.0,0.803
2025-04-08T05:31:36.000,11.68,-8.64,1602.71,12.33,20.34,504,-5.28,-15.0,0.803
2025-04-08T05:32:36.000,11.7,-8.53,2017.78,12.08,20.34,505,-5.09,-15.0,0.803
2025-04-08T05:33:36.000,11.73,-8.42,2539.09,11.83,20.34,506,-4.91,-16.0,0.803
2025-04-08T05:34:36.000,11.75,-8.6,3190.79,11.58,20.34,507,-4.72,-16.0,0.803
2025-04-08T05:35:36.000,11.77,-8.52,4000.53,11.34,20.34,508,-4.54,-16.0,0.803
2025-04-08T05:36:36.000,11.81,-8.48,4997.42,11.1,20.34,509,-4.35,-16.0,0.803
2025-04-08T05:37:36.000,11.86,-8.49,6209.71,10.86,20.34,510,-4.16,-16.0,0.803
2025-04-08T05:38:36.000,11.88,-8.65,7689.82,10.63,20.34,511,-3.98,-16.0,0.803
2025-04-08T05:39:37.000,11.89,-8.76,9473.84,10.4,20.34,512,-3.79,-17.0,0.803
2025-04-08T05:40:37.000,11.89,-8.7,11599.56,10.18,20.34,513,-3.6,-17.0,0.803
2025-04-08T05:41:37.000,11.89,-8.63,14107.57,9.97,20.34,514,-3.41,-17.0,0.803
2025-04-08T05:42:37.000,11.89,-8.51,17031.1,9.76,20.34,515,-3.23,-17.0,0.803
2025-04-08T05:43:37.000,11.9,-8.57,20454.76,9.56,20.34,516,-3.04,-17.0,0.803
2025-04-08T05:44:37.000,11.9,-8.66,24143.84,9.45,20.34,517,-2.85,-17.0,0.803
2025-04-08T05:45:37.000,11.88,-8.72,28656.27,9.26,20.34,518,-2.67,-17.0,0.803
2025-04-08T05:46:37.000,11.87,-8.8,34092.25,9.01,20.34,519,-2.48,-18.0,0.803
2025-04-08T05:47:37.000,11.85,-8.8,39851.46,8.84,20.34,520,-2.29,-18.0,0.804
2025-04-08T05:48:37.000,11.82,-8.86,46327.35,8.68,20.34,521,-2.1,-18.0,0.804
2025-04-08T05:49:37.000,11.8,-8.62,53591.12,8.52,20.34,522,-1.92,-18.0,0.804
2025-04-08T05:50:37.000,11.83,-8.49,59968.49,7.44,20.34,523,-1.73,-18.0,0.804
2025-04-08T05:51:37.000,11.86,-8.53,50000.0,0.0,20.34,524,-1.54,-18.0,0.804
2025-04-08T05:52:37.000,11.87,-8.53,50000.0,0.0,20.34,525,-1.35,-18.0,0.804
2025-04-08T05:53:38.000,11.88,-8.83,50000.0,0.0,20.34,526,-1.16,-19.0,0.804
2025-04-08T06:09:39.000,11.67,-8.93,50000.0,0.0,20.34,542,1.86,-21.0,0.805
2025-04-08T06:10:39.000,11.69,-8.83,50000.0,0.0,20.34,543,2.05,-21.0,0.805
2025-04-08T06:11:39.000,11.71,-9.0,50000.0,0.0,20.34,544,2.24,-21.0,0.805
2025-04-08T06:12:39.000,11.72,-9.05,49723.91,0.09,20.34,545,2.43,-21.0,0.805
2025-04-08T06:13:40.000,11.73,-8.92,50000.0,0.0,20.34,546,2.62,-21.0,0.805
2025-04-08T06:14:40.000,11.75,-8.91,50000.0,0.0,20.34,547,2.81,-22.0,0.805
2025-04-08T06:15:40.000,11.76,-9.02,50000.0,0.0,20.34,548,3.0,-22.0,0.805
2025-04-08T06:16:40.000,11.77,-8.92,50000.0,0.0,20.34,549,3.19,-22.0,0.805
2025-04-08T06:17:40.000,11.78,-8.79,49728.52,0.09,20.34,550,3.38,-22.0,0.805
2025-04-08T06:18:40.000,11.8,-8.73,50000.0,0.0,20.34,551,3.57,-22.0,0.805
2025-04-08T06:19:40.000,11.82,-8.78,50000.0,0.0,20.34,552,3.76,-22.0,0.805
2025-04-08T06:20:40.000,11.86,-8.64,50000.0,0.0,20.34,553,3.95,-22.0,0.805
2025-04-08T14:03:39.000,34.67,2.24,50000.0,0.0,20.34,1015,50.51,-7.0,0.83
2025-04-08T14:04:39.000,34.8,2.2,50000.0,0.0,20.34,1016,50.38,-7.0,0.83
2025-04-08T14:05:39.000,34.91,2.26,50000.0,0.0,20.34,1017,50.26,-7.0,0.83
2025-04-08T14:07:45.000,34.92,2.91,50000.0,0.0,20.34,1019,49.99,-7.0,0.83
2025-04-08T14:08:45.000,35.1,3.31,50000.0,0.0,20.34,1020,49.86,-7.0,0.83
2025-04-08T14:09:45.000,35.16,2.38,50000.0,0.0,20.34,1021,49.73,-6.0,0.83
2025-04-08T18:25:17.000,20.55,-3.03,50000.0,0.0,20.34,1276,4.67,40.0,0.843
2025-04-08T18:26:17.000,20.48,-3.02,50000.0,0.0,20.34,1277,4.48,40.0,0.843
2025-04-08T18:27:18.000,20.4,-3.09,50000.0,0.0,20.34,1278,4.29,40.0,0.843
2025-04-08T18:28:18.000,20.32,-3.15,49706.15,0.1,20.34,1279,4.1,40.0,0.843
2025-04-08T18:29:18.000,20.25,-3.15,50000.0,0.0,20.34,1280,3.91,40.0,0.843
2025-04-08T18:30:18.000,20.15,-3.28,50000.0,0.0,20.34,1281,3.72,40.0,0.843
2025-04-08T18:31:18.000,20.05,-3.39,50000.0,0.0,20.34,1282,3.53,41.0,0.843
2025-04-08T18:54:21.000,18.31,-4.15,50000.0,0.0,20.34,1305,-0.82,45.0,0.845
2025-04-08T18:55:21.000,18.25,-4.14,50000.0,0.0,20.34,1306,-1.01,45.0,0.845
2025-04-08T18:56:21.000,18.17,-4.16,50000.0,0.0,20.34,1307,-1.2,45.0,0.845
2025-04-08T18:57:21.000,18.1,-4.05,60676.59,7.52,20.34,1308,-1.38,45.0,0.845
2025-04-08T18:58:21.000,18.03,-3.9,55421.1,8.48,20.34,1309,-1.57,45.0,0.845
2025-04-08T18:59:21.000,17.97,-4.04,48940.29,8.62,20.34,1310,-1.76,45.0,0.845
2025-04-08T19:00:21.000,17.91,-4.27,42847.44,8.76,20.34,1311,-1.95,46.0,0.845
2025-04-08T19:01:21.000,17.87,-4.36,37196.02,8.91,20.34,1312,-2.13,46.0,0.845
2025-04-08T19:02:21.000,17.83,-4.19,31933.0,9.08,20.34,1313,-2.32,46.0,0.845
2025-04-08T19:03:21.000,17.79,-4.27,27119.1,9.26,20.34,1314,-2.51,46.0,0.845
2025-04-08T19:04:21.000,17.75,-4.15,22784.84,9.45,20.34,1315,-2.69,46.0,0.845
2025-04-08T19:05:22.000,17.73,-4.09,18989.93,9.65,20.34,1316,-2.88,46.0,0.845
2025-04-08T19:06:21.000,17.7,-3.92,15782.45,9.85,20.34,1317,-3.07,47.0,0.845
2025-04-08T19:07:22.000,17.72,-3.95,13084.87,10.05,20.34,1318,-3.26,47.0,0.845
2025-04-08T19:08:22.000,17.74,-4.01,10802.87,10.26,20.34,1319,-3.44,47.0,0.845
2025-04-08T19:09:22.000,17.75,-3.99,8880.81,10.47,20.34,1320,-3.63,47.0,0.845
2025-04-08T19:10:22.000,17.77,-3.81,7272.38,10.69,20.34,1321,-3.82,47.0,0.845
2025-04-08T19:11:22.000,17.79,-3.92,5920.58,10.91,20.34,1322,-4.0,47.0,0.845
2025-04-08T19:12:22.000,17.8,-4.02,4797.96,11.14,20.34,1323,-4.19,47.0,0.845
2025-04-08T19:13:22.000,17.79,-4.16,3876.62,11.37,20.34,1324,-4.37,48.0,0.846
2025-04-08T19:14:22.000,17.79,-3.96,3123.98,11.61,20.34,1325,-4.56,48.0,0.846
2025-04-08T19:15:22.000,17.79,-4.07,2514.0,11.84,20.34,1326,-4.74,48.0,0.846
2025-04-08T19:16:22.000,17.78,-4.19,2015.69,12.08,20.34,1327,-4.93,48.0,0.846
2025-04-08T19:17:22.000,17.77,-4.09,1611.08,12.32,20.34,1328,-5.11,48.0,0.846
2025-04-08T19:18:23.000,17.75,-4.19,1285.47,12.57,20.34,1329,-5.3,48.0,0.846
2025-04-08T19:19:23.000,17.72,-4.2,1023.71,12.82,20.34,1330,-5.49,49.0,0.846
2025-04-08T19:20:23.000,17.72,-3.98,814.88,13.06,20.34,1331,-5.67,49.0,0.846
2025-04-08T19:21:23.000,17.72,-4.1,646.82,13.32,20.34,1332,-5.86,49.0,0.846
2025-04-08T19:22:23.000,17.74,-3.93,512.0,13.57,20.34,1333,-6.04,49.0,0.846
2025-04-08T19:23:23.000,17.77,-3.83,405.06,13.82,20.34,1334,-6.23,49.0,0.846
2025-04-08T19:24:23.000,17.8,-4.07,319.51,14.08,20.34,1335,-6.41,49.0,0.846
2025-04-08T19:25:23.000,17.81,-4.08,251.36,14.34,20.34,1336,-6.59,49.0,0.846
2025-04-08T19:26:23.000,17.81,-4.03,197.66,14.6,20.34,1337,-6.78,50.0,0.846
2025-04-08T19:27:23.000,17.81,-4.05,155.87,14.86,20.34,1338,-6.96,50.0,0.846
2025-04-08T19:28:23.000,17.83,-3.91,123.34,15.11,20.34,1339,-7.14,50.0,0.846
2025-04-08T19:29:24.000,17.82,-4.04,98.31,15.36,20.34,1340,-7.33,50.0,0.846
2025-04-08T19:30:24.000,17.83,-3.91,78.7,15.6,20.34,1341,-7.51,50.0,0.846
2025-04-08T19:31:24.000,17.87,-4.0,64.07,15.83,20.34,1342,-7.7,50.0,0.846
2025-04-08T19:32:24.000,17.88,-3.93,51.99,16.05,20.34,1343,-7.88,51.0,0.846
2025-04-08T19:33:24.000,17.9,-4.06,44.23,16.23,20.34,1344,-8.06,51.0,0.847
2025-04-08T19:34:24.000,17.95,-3.57,37.6,16.4,20.34,1345,-8.25,51.0,0.847
2025-04-08T19:35:24.000,18.03,-3.57,32.4,16.56,20.34,1346,-8.43,51.0,0.847
2025-04-08T19:36:24.000,18.08,-3.79,28.38,16.71,20.34,1347,-8.61,51.0,0.847
2025-04-08T19:37:24.000,18.09,-3.98,25.25,16.83,20.34,1348,-8.79,51.0,0.847
2025-04-08T19:38:25.000,18.08,-3.81,22.59,16.96,20.34,1349,-8.98,51.0,0.847
2025-04-08T19:39:25.000,18.09,-3.77,20.51,17.06,20.34,1350,-9.16,52.0,0.847
2025-04-08T19:40:25.000,18.1,-4.14,18.89,17.15,20.34,1351,-9.34,52.0,0.847
2025-04-08T19:41:25.000,18.09,-3.83,17.45,17.24,20.34,1352,-9.52,52.0,0.847
2025-04-08T19:42:25.000,18.15,-3.59,16.27,17.31,20.34,1353,-9.7,52.0,0.847
2025-04-08T19:43:25.000,18.19,-3.77,15.29,17.38,20.34,1354,-9.88,52.0,0.847
2025-04-08T19:44:25.000,18.19,-3.9,14.55,17.43,20.34,1355,-10.06,52.0,0.847
2025-04-08T19:45:25.000,18.16,-3.9,13.96,17.48,20.34,1356,-10.25,52.0,0.847
2025-04-08T19:46:25.000,18.16,-3.91,13.38,17.52,20.34,1357,-10.43,53.0,0.847
2025-04-08T19:47:26.000,18.15,-3.82,12.91,17.56,20.34,1358,-10.61,53.0,0.847
2025-04-08T19:48:26.000,18.14,-3.83,12.45,17.6,20.34,1359,-10.79,53.0,0.847
2025-04-08T19:49:26.000,18.15,-3.73,12.11,17.63,20.34,1360,-10.97,53.0,0.847
2025-04-08T19:50:26.000,18.15,-4.0,11.83,17.66,20.34,1361,-11.15,53.0,0.847
2025-04-08T19:51:26.000,18.11,-3.98,11.62,17.68,20.34,1362,-11.33,53.0,0.847
2025-04-08T19:52:26.000,18.07,-4.01,11.54,17.69,20.34,1363,-11.51,53.0,0.847
2025-04-08T19:53:26.000,18.04,-3.82,11.46,17.69,20.34,1364,-11.69,54.0,0.848
2025-04-08T19:54:27.000,18.04,-3.71,11.46,17.69,20.34,1365,-11.87,54.0,0.848
2025-04-08T19:55:27.000,18.07,-3.75,11.45,17.69,20.34,1366,-12.05,54.0,0.848
2025-04-08T19:56:27.000,18.09,-4.02,11.43,17.7,20.34,1367,-12.23,54.0,0.848
2025-04-08T19:57:27.000,18.08,-4.08,11.4,17.7,20.34,1368,-12.4,54.0,0.848
2025-04-08T19:58:27.000,18.08,-3.98,11.33,17.7,20.34,1369,-12.58,54.0,0.848
2025-04-08T19:59:27.000,18.07,-4.05,11.35,17.7,20.34,1370,-12.76,54.0,0.848
2025-04-08T20:00:28.000,18.06,-4.0,11.38,17.7,20.34,1371,-12.94,54.0,0.848
2025-04-08T20:01:28.000,18.07,-3.86,11.47,17.69,20.34,1372,-13.12,55.0,0.848
2025-04-08T20:02:28.000,18.09,-3.88,11.55,17.68,20.34,1373,-13.29,55.0,0.848
2025-04-08T20:03:28.000,18.11,-3.96,11.59,17.68,20.34,1374,-13.47,55.0,0.848
2025-04-08T20:04:28.000,18.12,-4.05,11.82,17.66,20.34,1375,-13.65,55.0,0.848
2025-04-08T20:05:28.000,18.09,-4.15,11.97,17.65,20.34,1376,-13.82,55.0,0.848
2025-04-08T20:06:28.000,18.08,-4.02,12.04,17.64,20.34,1377,-14.0,55.0,0.848
2025-04-08T20:07:28.000,18.08,-3.83,12.13,17.63,20.34,1378,-14.18,55.0,0.848
2025-04-08T20:08:28.000,18.08,-3.83,12.3,17.62,20.34,1379,-14.35,55.0,0.848
2025-04-08T20:09:28.000,18.08,-3.73,12.37,17.61,20.34,1380,-14.53,56.0,0.848
2025-04-08T20:10:28.000,18.09,-3.82,12.44,17.6,20.34,1381,-14.7,56.0,0.848
2025-04-08T20:11:29.000,18.09,-3.77,12.67,17.58,20.34,1382,-14.88,56.0,0.848
2025-04-08T20:12:29.000,18.11,-3.93,12.78,17.57,20.34,1383,-15.06,56.0,0.848
2025-04-08T20:13:29.000,18.11,-3.99,12.84,17.57,20.34,1384,-15.23,56.0,0.848
2025-04-08T20:14:29.000,18.12,-3.92,12.89,17.56,20.34,1385,-15.41,56.0,0.849
2025-04-08T20:15:29.000,18.12,-3.95,12.98,17.56,20.34,1386,-15.58,56.0,0.849
2025-04-08T20:16:29.000,18.11,-3.82,13.1,17.55,20.34,1387,-15.75,56.0,0.849
2025-04-08T20:17:30.000,18.11,-3.74,13.2,17.54,20.34,1388,-15.93,56.0,0.849
2025-04-08T20:18:30.000,18.09,-3.87,13.28,17.53,20.34,1389,-16.1,57.0,0.849
2025-04-08T20:19:30.000,18.07,-3.9,13.33,17.53,20.34,1390,-16.28,57.0,0.849
2025-04-08T20:20:30.000,18.05,-3.88,13.35,17.53,20.34,1391,-16.45,57.0,0.849
2025-04-08T20:21:30.000,18.05,-3.83,13.42,17.52,20.34,1392,-16.62,57.0,0.849
2025-04-08T20:22:30.000,18.04,-3.82,13.52,17.51,20.34,1393,-16.79,57.0,0.849
2025-04-08T20:23:31.000,18.06,-3.69,13.67,17.5,20.34,1394,-16.97,57.0,0.849
2025-04-08T20:24:31.000,18.06,-3.76,13.76,17.49,20.34,1395,-17.14,57.0,0.849
2025-04-08T20:25:31.000,18.06,-3.66,13.88,17.48,20.34,1396,-17.31,57.0,0.849
2025-04-08T20:26:31.000,18.07,-3.57,13.97,17.48,20.34,1397,-17.48,57.0,0.849
2025-04-08T20:27:32.000,18.08,-3.59,14.0,17.48,20.34,1398,-17.66,58.0,0.849
2025-04-08T20:28:32.000,18.1,-3.63,14.11,17.47,20.34,1399,-17.83,58.0,0.849
