ecsv/stars945/stars945_2024-04.ecsv
# %ECSV 1.0
# ---
# datatype:
# - {name: time, datatype: string}
# - {name: Enclosure Temperature, unit: deg_C, datatype: float64}
# - {name: Sky Temperature, unit: deg_C, datatype: float64}
# - {name: Frequency, unit: Hz, datatype: float64}
# - {name: MSAS, unit: mag / arcsec2, datatype: float64}
# - {name: ZP, datatype: float64}
# - {name: Sequence Number, datatype: int64}
# - {name: Sun Alt, unit: deg, datatype: float64}
# - {name: Moon Alt, unit: deg, datatype: float64}
# - {name: Moon Illumination, datatype: float64}
# delimiter: ','
# meta: !!omap
# - ida:
#     Data supplier: {affiliation: Aldeanueva de la Vera, observer: null}
#     Device type: TESS-W
#     Field of view: 17.0
#     Filters per channel: None
#     Instrument ID: stars945
#     License: ODbL 1.0 http://opendatacommons.org/licenses/odbl/summary/
#     Local timezone: Europe/Madrid
#     Location name: {country: Spain, place: "Observatorio Jard\xEDn", region: Extremadura, sub_region: La Vera, town: "Aldeanueva de\
#         \ la Vera, C\xE1ceres"}
#     Measurement direction per channel: {azimuth: 0.0, zenital: 0.0}
#     Moving / Fixed look direction: FIXED
#     Moving / Stationary position: STATIONARY
#     Number of channels: 1
#     Number of fields per line: 8
#     Number of header lines: 35
#     Position: {height: 0.0, latitude: 40.130726, longitude: -5.6966}
#     TESS MAC address: 4C:75:25:27:F7:24
#     TESS cover offset value: 0.0
#     TESS firmware version: '1.0'
#     TESS zero point: 20.34
#     Time Synchronization: timestamp added by MQTT subscriber
#     URL: http://www.darksky.org/NSBM/sdf1.0.pdf
# - __serialized_columns__:
#     Enclosure Temperature:
#       __class__: astropy.units.quantity.Quantity
#       unit: &id001 !astropy.units.Unit {unit: deg_C}
#       value: !astropy.table.SerializedColumn {name: Enclosure Temperature}
#     Frequency:
#       __class__: astropy.units.quantity.Quantity
#       unit: !astropy.units.Unit {unit: Hz}
#       value: !astropy.table.SerializedColumn {name: Frequency}
#     MSAS:
#       __class__: astropy.units.quantity.Quantity
#       unit: !astropy.units.Unit {unit: mag / arcsec2}
#       value: !astropy.table.SerializedColumn {name: MSAS}
#     Moon Alt:
#       __class__: astropy.units.quantity.Quantity
#       unit: &id002 !astropy.units.Unit {unit: deg}
#       value: !astropy.table.SerializedColumn {name: Moon Alt}
#     Sky Temperature:
#       __class__: astropy.units.quantity.Quantity
#       unit: *id001
#       value: !astropy.table.SerializedColumn {name: Sky Temperature}
#     Sun Alt:
#       __class__: astropy.units.quantity.Quantity
#       unit: *id002
#       value: !astropy.table.SerializedColumn {name: Sun Alt}
#     time:
#       __class__: astropy.time.core.Time
#       format: isot
#       in_subfmt: '*'
#       out_subfmt: '*'
#       precision: 3
#       scale: utc
#       value: !astropy.table.SerializedColumn {name: time}
# schema: astropy-2.0
time,Enclosure Temperature,Sky Temperature,Frequency,MSAS,ZP,Sequence Number,Sun Alt,Moon Alt,Moon Illumination
[from data line 6726]
2024-04-11T04:10:13.000,12.51,-7.37,0.73,20.68,20.34,1788,-18.73,-24.0,0.082
2024-04-11T04:11:13.000,12.48,-7.38,0.74,20.68,20.34,1789,-18.56,-24.0,0.082
2024-04-11T04:12:13.000,12.47,-7.45,0.74,20.67,20.34,1790,-18.4,-24.0,0.082
2024-04-11T04:13:13.000,12.44,-7.48,0.74,20.67,20.34,1791,-18.23,-24.0,0.082
2024-04-11T04:14:13.000,12.42,-7.43,0.74,20.67,20.34,1792,-18.06,-24.0,0.082
2024-04-11T04:15:13.000,12.41,-7.52,0.74,20.67,20.34,1793,-17.89,-24.0,0.082
2024-04-11T04:16:14.000,12.39,-7.69,0.74,20.66,20.34,1794,-17.72,-24.0,0.082
2024-04-11T04:17:14.000,12.36,-7.62,0.75,20.65,20.34,1795,-17.55,-24.0,0.082
2024-04-11T04:18:14.000,12.35,-7.54,0.75,20.65,20.34,1796,-17.38,-24.0,0.082
2024-04-11T04:19:14.000,12.34,-7.49,0.75,20.65,20.34,1797,-17.21,-24.0,0.082
2024-04-11T04:20:14.000,12.34,-7.49,0.75,20.65,20.34,1798,-17.04,-23.0,0.082
2024-04-11T04:21:14.000,12.34,-7.37,0.75,20.65,20.34,1799,-16.87,-23.0,0.082
2024-04-11T04:22:14.000,12.35,-7.31,0.76,20.64,20.34,1800,-16.7,-23.0,0.082
2024-04-11T04:23:14.000,12.36,-7.34,0.76,20.64,20.34,1801,-16.53,-23.0,0.082
2024-04-11T04:24:14.000,12.35,-7.45,0.76,20.64,20.34,1802,-16.36,-23.0,0.082
2024-04-11T04:25:14.000,12.34,-7.61,0.77,20.63,20.34,1803,-16.19,-23.0,0.083
2024-04-11T04:26:14.000,12.33,-7.47,0.77,20.63,20.34,1804,-16.02,-23.0,0.083
2024-04-11T04:27:14.000,12.33,-7.39,0.77,20.63,20.34,1805,-15.85,-23.0,0.083
2024-04-11T04:28:14.000,12.33,-7.4,0.78,20.61,20.34,1806,-15.68,-23.0,0.083
2024-04-11T04:29:14.000,12.34,-7.41,0.79,20.6,20.34,1807,-15.5,-23.0,0.083
2024-04-11T04:30:14.000,12.34,-7.49,0.8,20.59,20.34,1808,-15.33,-23.0,0.083
2024-04-11T04:31:15.000,12.33,-7.57,0.81,20.57,20.34,1809,-15.16,-22.0,0.083
2024-04-11T04:32:15.000,12.31,-7.62,0.82,20.56,20.34,1810,-14.98,-22.0,0.083
2024-04-11T04:33:15.000,12.31,-7.62,0.83,20.55,20.34,1811,-14.81,-22.0,0.083
2024-04-11T04:34:15.000,12.3,-7.55,0.84,20.53,20.34,1812,-14.64,-22.0,0.083
2024-04-11T04:35:15.000,12.3,-7.42,0.85,20.51,20.34,1813,-14.46,-22.0,0.083
2024-04-11T04:36:15.000,12.31,-7.53,0.87,20.49,20.34,1814,-14.29,-22.0,0.083
2024-04-11T04:37:15.000,12.31,-7.66,0.89,20.47,20.34,1815,-14.11,-22.0,0.083
2024-04-11T04:38:15.000,12.29,-7.76,0.91,20.44,20.34,1816,-13.94,-22.0,0.083
2024-04-11T04:39:15.000,12.26,-7.74,0.95,20.4,20.34,1817,-13.76,-22.0,0.083
2024-04-11T04:40:15.000,12.24,-7.78,0.98,20.36,20.34,1818,-13.59,-22.0,0.083
2024-04-11T04:41:15.000,12.22,-7.79,1.03,20.31,20.34,1819,-13.41,-21.0,0.083
2024-04-11T04:57:02.000,10.44,-7.19,3.38,19.06,20.34,2,-10.62,-20.0,0.084
2024-04-11T04:58:02.000,10.94,-7.33,5.36,18.52,20.34,3,-10.44,-20.0,0.084
2024-04-11T04:59:02.000,11.07,-7.39,6.2,18.36,20.34,4,-10.26,-20.0,0.084
2024-04-11T05:00:02.000,11.2,-7.59,7.22,18.19,20.34,5,-10.08,-19.0,0.084
2024-04-11T05:01:02.000,11.29,-7.59,8.39,18.03,20.34,6,-9.9,-19.0,0.084
2024-04-11T05:02:02.000,11.4,-7.48,9.85,17.86,20.34,7,-9.72,-19.0,0.084
2024-04-11T05:03:02.000,11.53,-7.38,11.56,17.68,20.34,8,-9.54,-19.0,0.084
2024-04-11T05:04:03.000,11.68,-7.26,13.59,17.51,20.34,9,-9.36,-19.0,0.084
2024-04-11T05:05:03.000,11.79,-7.18,16.32,17.31,20.34,10,-9.18,-19.0,0.084
2024-04-11T05:06:03.000,11.9,-7.14,19.32,17.13,20.34,11,-9.0,-19.0,0.084
2024-04-11T05:07:03.000,11.97,-7.37,22.99,16.94,20.34,12,-8.81,-19.0,0.084
2024-04-11T05:08:03.000,12.03,-7.62,27.51,16.74,20.34,13,-8.63,-19.0,0.084
2024-04-11T05:09:03.000,12.1,-7.56,32.93,16.55,20.34,14,-8.45,-18.0,0.084
2024-04-11T05:10:04.000,12.16,-7.6,40.09,16.33,20.34,15,-8.27,-18.0,0.085
2024-04-11T05:11:04.000,12.19,-7.72,47.32,16.15,20.34,16,-8.09,-18.0,0.085
2024-04-11T05:12:04.000,12.21,-7.71,59.57,15.9,20.34,17,-7.9,-18.0,0.085
2024-04-11T05:13:04.000,12.2,-7.83,73.48,15.68,20.34,18,-7.72,-18.0,0.085
2024-04-11T05:14:04.000,12.19,-7.95,90.11,15.46,20.34,19,-7.54,-18.0,0.085
2024-04-11T05:15:04.000,12.16,-8.02,111.21,15.23,20.34,20,-7.36,-18.0,0.085
2024-04-11T05:16:04.000,12.15,-7.89,138.47,14.99,20.34,21,-7.18,-18.0,0.085
2024-04-11T05:17:04.000,12.15,-7.89,172.83,14.75,20.34,22,-6.99,-18.0,0.085
2024-04-11T05:18:04.000,12.13,-7.86,216.38,14.5,20.34,23,-6.81,-17.0,0.085
2024-04-11T05:19:04.000,12.12,-7.84,271.19,14.26,20.34,24,-6.63,-17.0,0.085
2024-04-11T05:20:04.000,12.1,-7.84,339.84,14.01,20.34,25,-6.44,-17.0,0.085
2024-04-11T05:21:04.000,12.07,-7.83,425.57,13.77,20.34,26,-6.26,-17.0,0.085
2024-04-11T05:22:04.000,12.08,-7.84,531.84,13.53,20.34,27,-6.08,-17.0,0.085
2024-04-11T05:23:04.000,12.08,-7.75,665.73,13.28,20.34,28,-5.89,-17.0,0.085
2024-04-11T05:24:05.000,12.08,-7.78,832.99,13.04,20.34,29,-5.71,-17.0,0.085
2024-04-11T05:25:05.000,12.08,-7.8,1040.07,12.8,20.34,30,-5.52,-17.0,0.085
2024-04-11T05:26:05.000,12.08,-7.68,1299.29,12.56,20.34,31,-5.34,-16.0,0.085
2024-04-11T05:27:05.000,12.08,-7.5,1623.66,12.32,20.34,32,-5.16,-16.0,0.085
2024-04-11T05:28:05.000,12.07,-7.61,2031.01,12.07,20.34,33,-4.97,-16.0,0.085
2024-04-11T05:29:05.000,12.06,-7.72,2551.36,11.83,20.34,34,-4.79,-16.0,0.085
2024-04-11T05:30:05.000,12.05,-7.52,3210.2,11.58,20.34,35,-4.6,-16.0,0.085
2024-04-11T05:31:05.000,12.06,-7.42,4050.38,11.32,20.34,36,-4.42,-16.0,0.085
2024-04-11T05:32:05.000,12.07,-7.31,5123.19,11.07,20.34,37,-4.23,-16.0,0.086
2024-04-11T05:33:05.000,12.08,-7.29,6476.38,10.81,20.34,38,-4.05,-16.0,0.086
2024-04-11T05:34:05.000,12.1,-7.44,8166.56,10.56,20.34,39,-3.86,-15.0,0.086
2024-04-11T05:35:05.000,12.1,-7.79,10166.04,10.32,20.34,40,-3.68,-15.0,0.086
2024-04-11T05:36:06.000,12.09,-7.76,12514.98,10.1,20.34,41,-3.49,-15.0,0.086
2024-04-11T05:37:06.000,12.08,-7.68,15254.34,9.88,20.34,42,-3.3,-15.0,0.086
2024-04-11T05:38:06.000,12.06,-7.71,18208.66,9.75,20.34,43,-3.12,-15.0,0.086
2024-04-11T05:39:06.000,12.04,-7.87,22496.49,9.46,20.34,44,-2.93,-15.0,0.086
2024-04-11T05:40:06.000,12.03,-7.91,26436.38,9.44,20.34,45,-2.75,-15.0,0.086
2024-04-11T05:41:06.000,12.0,-7.83,30892.89,9.12,20.34,46,-2.56,-15.0,0.086
2024-04-11T05:42:06.000,11.98,-7.72,35053.91,9.05,20.34,47,-2.37,-14.0,0.086
2024-04-11T05:43:06.000,11.95,-7.78,42895.26,8.76,20.34,48,-2.19,-14.0,0.086
2024-04-11T05:44:06.000,11.96,-7.71,53090.71,8.53,20.34,49,-2.0,-14.0,0.086
2024-04-11T05:45:06.000,11.97,-7.6,57044.29,4.98,20.34,50,-1.81,-14.0,0.086
2024-04-11T05:46:06.000,11.98,-7.49,50000.0,0.0,20.34,51,-1.63,-14.0,0.086
2024-04-11T05:47:06.000,11.98,-7.29,50000.0,0.0,20.34,52,-1.44,-14.0,0.086
2024-04-11T05:48:07.000,12.0,-7.39,50000.0,0.0,20.34,53,-1.25,-14.0,0.086
2024-04-11T18:36:21.000,21.01,-0.29,50000.0,0.0,20.34,820,3.18,42.0,0.124
2024-04-11T18:37:21.000,20.96,-0.23,50000.0,0.0,20.34,821,2.99,42.0,0.124
2024-04-11T18:38:21.000,20.92,-0.26,50000.0,0.0,20.34,822,2.81,42.0,0.124
2024-04-11T18:39:21.000,20.87,-0.32,49716.18,0.09,20.34,823,2.62,42.0,0.124
2024-04-11T18:40:21.000,20.81,-0.37,50000.0,0.0,20.34,824,2.43,42.0,0.124
2024-04-11T18:41:21.000,20.76,-0.44,50000.0,0.0,20.34,825,2.24,41.0,0.124
2024-04-11T18:42:21.000,20.7,-0.47,50000.0,0.0,20.34,826,2.05,41.0,0.124
2024-04-11T18:43:21.000,20.63,-0.49,49679.78,0.1,20.34,827,1.86,41.0,0.124
2024-04-11T18:44:22.000,20.57,-0.44,50000.0,0.0,20.34,828,1.67,41.0,0.124
2024-04-11T18:45:22.000,20.52,-0.4,50000.0,0.0,20.34,829,1.48,41.0,0.124
2024-04-11T18:46:22.000,20.47,-0.38,50000.0,0.0,20.34,830,1.3,41.0,0.124
2024-04-11T18:58:23.000,19.9,-0.4,50000.0,0.0,20.34,842,-0.95,38.0,0.125
2024-04-11T18:59:23.000,19.85,-0.38,50000.0,0.0,20.34,843,-1.14,38.0,0.125
2024-04-11T19:00:23.000,19.81,-0.53,50000.0,0.0,20.34,844,-1.33,38.0,0.125
2024-04-11T19:01:23.000,19.75,-0.57,53086.7,1.78,20.34,845,-1.51,38.0,0.125
2024-04-11T19:02:23.000,19.68,-0.54,61671.98,8.37,20.34,846,-1.7,38.0,0.125
2024-04-11T19:03:23.000,19.64,-0.43,55493.78,8.48,20.34,847,-1.89,37.0,0.125
2024-04-11T19:04:23.000,19.59,-0.33,47497.77,8.65,20.34,848,-2.07,37.0,0.125
2024-04-11T19:05:23.000,19.55,-0.17,40692.09,8.82,20.34,849,-2.26,37.0,0.125
2024-04-11T19:06:23.000,19.49,-0.06,34579.41,9.15,20.34,850,-2.44,37.0,0.125
2024-04-11T19:07:23.000,19.46,0.03,31001.44,9.11,20.34,851,-2.63,37.0,0.125
2024-04-11T19:08:23.000,19.43,0.25,28112.84,9.22,20.34,852,-2.82,36.0,0.125
2024-04-11T19:09:24.000,19.4,0.31,25853.57,9.31,20.34,853,-3.0,36.0,0.125
2024-04-11T19:10:24.000,19.37,0.42,22131.02,9.48,20.34,854,-3.19,36.0,0.126
2024-04-11T19:11:24.000,19.34,0.42,17594.09,9.73,20.34,855,-3.37,36.0,0.126
2024-04-11T19:12:24.000,19.31,0.51,13550.62,10.01,20.34,856,-3.56,36.0,0.126
2024-04-11T19:13:24.000,19.27,0.48,10652.83,10.27,20.34,857,-3.74,36.0,0.126
2024-04-11T19:14:24.000,19.24,0.56,8570.13,10.51,20.34,858,-3.93,35.0,0.126
2024-04-11T19:15:24.000,19.23,0.61,6919.87,10.74,20.34,859,-4.11,35.0,0.126
2024-04-11T19:16:24.000,19.21,0.52,5595.12,10.97,20.34,860,-4.3,35.0,0.126
2024-04-11T19:17:25.000,19.19,0.25,4518.87,11.2,20.34,861,-4.48,35.0,0.126
2024-04-11T19:18:25.000,19.15,-0.01,3641.13,11.44,20.34,862,-4.67,35.0,0.126
2024-04-11T19:19:25.000,19.13,-0.2,2936.65,11.67,20.34,863,-4.85,34.0,0.126
2024-04-11T19:20:25.000,19.09,-0.42,2367.75,11.91,20.34,864,-5.04,34.0,0.126
2024-04-11T19:21:25.000,19.04,-0.61,1888.67,12.15,20.34,865,-5.22,34.0,0.126
2024-04-11T19:22:25.000,19.01,-0.92,1490.16,12.41,20.34,866,-5.4,34.0,0.126
2024-04-11T19:23:25.000,18.98,-1.08,1154.98,12.69,20.34,867,-5.59,34.0,0.126
2024-04-11T19:24:25.000,18.96,-1.2,875.08,12.99,20.34,868,-5.77,34.0,0.126
2024-04-11T19:25:25.000,18.94,-1.34,682.88,13.26,20.34,869,-5.95,33.0,0.126
2024-04-11T19:26:26.000,18.9,-1.48,540.51,13.51,20.34,870,-6.14,33.0,0.126
2024-04-11T19:27:26.000,18.87,-1.63,422.79,13.78,20.34,871,-6.32,33.0,0.126
2024-04-11T19:28:26.000,18.82,-1.62,327.09,14.06,20.34,872,-6.5,33.0,0.126
2024-04-11T19:29:26.000,18.81,-1.65,256.02,14.32,20.34,873,-6.69,33.0,0.127
2024-04-11T19:30:26.000,18.78,-1.89,203.3,14.57,20.34,874,-6.87,32.0,0.127
2024-04-11T19:31:26.000,18.75,-1.96,162.77,14.81,20.34,875,-7.05,32.0,0.127
2024-04-11T19:32:26.000,18.71,-1.93,130.58,15.05,20.34,876,-7.23,32.0,0.127
2024-04-11T19:33:26.000,18.69,-1.98,104.38,15.3,20.34,877,-7.42,32.0,0.127
2024-04-11T19:34:26.000,18.66,-2.13,83.5,15.54,20.34,878,-7.6,32.0,0.127
2024-04-11T19:35:26.000,18.6,-2.14,67.18,15.77,20.34,879,-7.78,31.0,0.127
2024-04-11T19:36:27.000,18.55,-2.21,53.93,16.01,20.34,880,-7.96,31.0,0.127
2024-04-11T19:37:27.000,18.51,-2.25,44.37,16.22,20.34,881,-8.14,31.0,0.127
2024-04-11T19:38:27.000,18.46,-2.3,36.59,16.43,20.34,882,-8.32,31.0,0.127
2024-04-11T19:39:27.000,18.42,-2.33,30.03,16.65,20.34,883,-8.5,31.0,0.127
2024-04-11T19:40:27.000,18.37,-2.28,24.97,16.85,20.34,884,-8.68,31.0,0.127
2024-04-11T19:41:28.000,18.34,-2.29,20.94,17.04,20.34,885,-8.87,30.0,0.127
2024-04-11T19:42:28.000,18.31,-2.19,17.68,17.22,20.34,886,-9.05,30.0,0.127
2024-04-11T19:43:28.000,18.31,-2.23,14.85,17.41,20.34,887,-9.23,30.0,0.127
2024-04-11T19:44:28.000,18.3,-2.23,12.65,17.59,20.34,888,-9.41,30.0,0.127
2024-04-11T19:45:28.000,18.28,-2.22,10.7,17.77,20.34,889,-9.59,30.0,0.127
2024-04-11T19:46:28.000,18.27,-2.24,9.15,17.94,20.34,890,-9.77,29.0,0.127
2024-04-11T19:47:29.000,18.26,-2.26,7.85,18.1,20.34,891,-9.95,29.0,0.127
2024-04-11T19:48:29.000,18.25,-2.29,6.75,18.27,20.34,892,-10.13,29.0,0.128
2024-04-11T19:49:29.000,18.24,-2.28,5.81,18.43,20.34,893,-10.31,29.0,0.128
2024-04-11T19:50:29.000,18.24,-2.35,5.03,18.59,20.34,894,-10.48,29.0,0.128
2024-04-11T19:51:29.000,18.23,-2.42,4.38,18.74,20.34,895,-10.66,29.0,0.128
2024-04-11T19:52:29.000,18.2,-2.4,3.83,18.88,20.34,896,-10.84,28.0,0.128
2024-04-11T19:53:29.000,18.18,-2.35,3.36,19.03,20.34,897,-11.02,28.0,0.128
2024-04-11T19:54:29.000,18.15,-2.38,2.98,19.16,20.34,898,-11.2,28.0,0.128
2024-04-11T19:55:29.000,18.12,-2.53,2.65,19.28,20.34,899,-11.37,28.0,0.128
2024-04-11T19:56:29.000,18.1,-2.52,2.36,19.41,20.34,900,-11.55,28.0,0.128
2024-04-11T19:57:29.000,18.07,-2.65,2.14,19.52,20.34,901,-11.73,27.0,0.128
2024-04-11T19:58:30.000,18.03,-2.74,1.96,19.61,20.34,902,-11.91,27.0,0.128
2024-04-11T19:59:30.000,17.99,-2.78,1.77,19.72,20.34,903,-12.08,27.0,0.128
2024-04-11T20:00:30.000,17.95,-2.78,1.63,19.81,20.34,904,-12.26,27.0,0.128
2024-04-11T20:01:30.000,17.89,-2.84,1.51,19.9,20.34,905,-12.44,27.0,0.128
2024-04-11T20:02:30.000,17.86,-2.8,1.4,19.98,20.34,906,-12.61,27.0,0.128
2024-04-11T20:03:30.000,17.82,-2.82,1.31,20.05,20.34,907,-12.79,26.0,0.128
2024-04-11T20:04:30.000,17.79,-2.86,1.24,20.11,20.34,908,-12.96,26.0,0.128
2024-04-11T20:05:30.000,17.75,-2.9,1.17,20.17,20.34,909,-13.14,26.0,0.128
2024-04-11T20:06:30.000,17.72,-2.88,1.12,20.22,20.34,910,-13.31,26.0,0.128
2024-04-11T20:07:30.000,17.68,-2.84,1.08,20.26,20.34,911,-13.49,26.0,0.129
2024-04-11T20:08:30.000,17.65,-2.82,1.02,20.32,20.34,912,-13.66,25.0,0.129
2024-04-11T20:09:30.000,17.64,-2.76,0.99,20.35,20.34,913,-13.84,25.0,0.129
2024-04-11T20:10:30.000,17.64,-2.65,0.96,20.39,20.34,914,-14.01,25.0,0.129
2024-04-11T20:11:31.000,17.63,-2.61,0.94,20.41,20.34,915,-14.19,25.0,0.129
2024-04-11T20:12:31.000,17.63,-2.72,0.92,20.43,20.34,916,-14.36,25.0,0.129
2024-04-11T20:13:31.000,17.61,-2.6,0.9,20.46,20.34,917,-14.53,25.0,0.129
2024-04-11T20:14:31.000,17.61,-2.69,0.88,20.48,20.34,918,-14.71,24.0,0.129
2024-04-11T20:15:31.000,17.6,-2.81,0.87,20.5,20.34,919,-14.88,24.0,0.129
2024-04-11T20:16:31.000,17.59,-2.77,0.86,20.51,20.34,920,-15.05,24.0,0.129
2024-04-11T20:17:31.000,17.58,-2.72,0.85,20.53,20.34,921,-15.22,24.0,0.129
2024-04-11T20:18:31.000,17.56,-2.68,0.84,20.54,20.34,922,-15.4,24.0,0.129
2024-04-11T20:19:31.000,17.55,-2.78,0.83,20.54,20.34,923,-15.57,24.0,0.129
2024-04-11T20:20:31.000,17.54,-2.79,0.83,20.55,20.34,924,-15.74,23.0,0.129
2024-04-11T20:21:31.000,17.52,-2.82,0.82,20.56,20.34,925,-15.91,23.0,0.129
2024-04-11T20:22:31.000,17.49,-2.75,0.82,20.56,20.34,926,-16.08,23.0,0.129
2024-04-11T20:23:31.000,17.49,-2.8,0.81,20.57,20.34,927,-16.25,23.0,0.129
2024-04-11T20:24:32.000,17.46,-2.81,0.81,20.57,20.34,928,-16.42,23.0,0.129
2024-04-11T20:25:32.000,17.44,-2.77,0.8,20.58,20.34,929,-16.59,22.0,0.129
2024-04-11T20:26:32.000,17.43,-2.72,0.8,20.59,20.34,930,-16.76,22.0,0.13
2024-04-11T20:27:32.000,17.44,-2.71,0.8,20.59,20.34,931,-16.93,22.0,0.13
2024-04-11T20:28:32.000,17.44,-2.69,0.79,20.59,20.34,932,-17.1,22.0,0.13
2024-04-11T20:29:32.000,17.45,-2.7,0.79,20.6,20.34,933,-17.27,22.0,0.13
2024-04-11T20:30:32.000,17.47,-2.7,0.79,20.6,20.34,934,-17.44,22.0,0.13
2024-04-11T20:31:32.000,17.49,-2.7,0.79,20.6,20.34,935,-17.61,21.0,0.13
2024-04-11T20:32:32.000,17.52,-2.64,0.79,20.6,20.34,936,-17.77,21.0,0.13
2024-04-11T20:33:35.000,17.54,-2.6,0.79,20.6,20.34,937,-17.95,21.0,0.13
2024-04-11T20:34:35.000,17.56,-2.61,0.78,20.61,20.34,938,-18.12,21.0,0.13
2024-04-11T20:35:35.000,17.59,-2.64,0.78,20.61,20.34,939,-18.28,21.0,0.13
2024-04-11T20:36:35.000,17.61,-2.63,0.78,20.62,20.34,940,-18.45,20.0,0.13
2024-04-11T20:37:36.000,17.63,-2.7,0.78,20.62,20.34,941,-18.62,20.0,0.13
2024-04-11T20:38:35.000,17.64,-2.77,0.78,20.61,20.34,942,-18.78,20.0,0.13
2024-04-11T20:39:35.000,17.63,-2.81,0.77,20.62,20.34,943,-18.95,20.0,0.13
2024-04-11T20:40:35.000,17.62,-2.84,0.77,20.63,20.34,944,-19.11,20.0,0.13
2024-04-11T20:41:35.000,17.61,-2.82,0.77,20.63,20.34,945,-19.28,20.0,0.13
2024-04-11T20:42:35.000,17.6,-2.74,0.77,20.63,20.34,946,-19.44,19.0,0.13
2024-04-11T20:43:35.000,17.58,-2.86,0.76,20.63,20.34,947,-19.61,19.0,0.13
2024-04-11T20:44:35.000,17.54,-2.94,0.76,20.64,20.34,948,-19.77,19.0,0.131
2024-04-11T20:45:36.000,17.51,-2.96,0.76,20.65,20.34,949,-19.94,19.0,0.131
2024-04-11T20:46:36.000,17.46,-2.98,0.75,20.66,20.34,950,-20.1,19.0,0.131
2024-04-11T20:47:36.000,17.42,-2.96,0.75,20.65,20.34,951,-20.26,19.0,0.131
2024-04-11T20:48:36.000,17.4,-2.9,0.75,20.65,20.34,952,-20.43,18.0,0.131
2024-04-11T20:49:36.000,17.38,-2.88,0.76,20.64,20.34,953,-20.59,18.0,0.131
2024-04-11T20:50:36.000,17.36,-2.93,0.76,20.65,20.34,954,-20.75,18.0,0.131
2024-04-11T20:51:36.000,17.34,-2.9,0.75,20.65,20.34,955,-20.91,18.0,0.131
2024-04-11T20:52:36.000,17.32,-2.89,0.75,20.65,20.34,956,-21.07,18.0,0.131
2024-04-11T20:53:36.000,17.3,-2.83,0.75,20.65,20.34,957,-21.23,17.0,0.131
2024-04-11T20:54:37.000,17.29,-2.81,0.75,20.65,20.34,958,-21.4,17.0,0.131
