ecsv/stars945/stars945_2025-04.ecsv
# %ECSV 1.0
# ---
# datatype:
# - {name: time, datatype: string}
# - {name: Enclosure Temperature, unit: deg_C, datatype: float64}
# - {name: Sky Temperature, unit: deg_C, datatype: float64}
# - {name: Frequency, unit: Hz, datatype: float64}
# - {name: MSAS, unit: mag / arcsec2, datatype: float64}
# - {name: ZP, datatype: float64}
# - {name: Sequence Number, datatype: int64}
# - {name: Sun Alt, unit: deg, datatype: float64}
# - {name: Moon Alt, unit: deg, datatype: float64}
# - {name: Moon Illumination, datatype: float64}
# delimiter: ','
# meta: !!omap
# - ida:
#     Data supplier: {affiliation: Aldeanueva de la Vera, observer: null}
#     Device type: TESS-W
#     Field of view: 17.0
#     Filters per channel: None
#     Instrument ID: stars945
#     License: ODbL 1.0 http://opendatacommons.org/licenses/odbl/summary/
#     Local timezone: Europe/Madrid
#     Location name: {country: Spain, place: "Observatorio Jard\xEDn", region: Extremadura, sub_region: La Vera, town: "Aldeanueva de\
#         \ la Vera, C\xE1ceres"}
#     Measurement direction per channel: {azimuth: 0.0, zenital: 0.0}
#     Moving / Fixed look direction: FIXED
#     Moving / Stationary position: STATIONARY
#     Number of channels: 1
#     Number of fields per line: 8
#     Number of header lines: 35
#     Position: {height: 0.0, latitude: 40.130726, longitude: -5.6966}
#     TESS MAC address: 4C:75:25:27:F7:24
#     TESS cover offset value: 0.0
#     TESS firmware version: '1.0'
#     TESS zero point: 20.34
#     Time Synchronization: timestamp added by MQTT subscriber
#     URL: http://www.darksky.org/NSBM/sdf1.0.pdf
# - __serialized_columns__:
#     Enclosure Temperature:
#       __class__: astropy.units.quantity.Quantity
#       unit: &id001 !astropy.units.Unit {unit: deg_C}
#       value: !astropy.table.SerializedColumn {name: Enclosure Temperature}
#     Frequency:
#       __class__: astropy.units.quantity.Quantity
#       unit: !astropy.units.Unit {unit: Hz}
#       value: !astropy.table.SerializedColumn {name: Frequency}
#     MSAS:
#       __class__: astropy.units.quantity.Quantity
#       unit: !astropy.units.Unit {unit: mag / arcsec2}
#       value: !astropy.table.SerializedColumn {name: MSAS}
#     Moon Alt:
#       __class__: astropy.units.quantity.Quantity
#       unit: &id002 !astropy.units.Unit {unit: deg}
#       value: !astropy.table.SerializedColumn {name: Moon Alt}
#     Sky Temperature:
#       __class__: astropy.units.quantity.Quantity
#       unit: *id001
#       value: !astropy.table.SerializedColumn {name: Sky Temperature}
#     Sun Alt:
#       __class__: astropy.units.quantity.Quantity
#       unit: *id002
#       value: !astropy.table.SerializedColumn {name: Sun Alt}
#     time:
#       __class__: astropy.time.core.Time
#       format: isot
#       in_subfmt: '*'
#       out_subfmt: '*'
#       precision: 3
#       scale: utc
#       value: !astropy.table.SerializedColumn {name: time}
# schema: astropy-2.0
time,Enclosure Temperature,Sky Temperature,Frequency,MSAS,ZP,Sequence Number,Sun Alt,Moon Alt,Moon Illumination
[from data line 13578]
2025-04-18T21:06:55.000,10.45,8.71,4.1,18.82,20.34,15620,-21.71,-38.0,0.716
2025-04-18T21:07:55.000,10.4,8.7,4.53,18.71,20.34,15621,-21.87,-37.0,0.716
2025-04-18T21:08:55.000,10.45,8.78,4.45,18.72,20.34,15622,-22.02,-37.0,0.715
2025-04-18T21:28:19.000,11.05,9.73,4.28,18.81,20.34,15639,-24.86,-34.0,0.714
2025-04-18T21:29:19.000,11.06,9.77,2.65,19.3,20.34,15640,-25.0,-34.0,0.714
2025-04-18T21:30:19.000,11.02,9.37,1.39,20.02,20.34,15641,-25.14,-33.0,0.714
2025-04-18T21:31:19.000,10.73,8.62,1.23,20.15,20.34,15642,-25.28,-33.0,0.714
2025-04-18T21:32:19.000,10.58,8.52,2.16,19.52,20.34,15643,-25.42,-33.0,0.714
2025-04-18T21:33:19.000,10.58,8.9,1.6,19.84,20.34,15644,-25.56,-33.0,0.714
2025-04-18T21:34:19.000,10.64,9.33,2.5,19.35,20.34,15645,-25.7,-33.0,0.714
2025-04-18T21:35:19.000,10.63,8.88,2.68,19.27,20.34,15646,-25.84,-32.0,0.714
2025-04-18T21:36:19.000,10.64,9.01,2.52,19.34,20.34,15647,-25.98,-32.0,0.714
2025-04-18T21:37:20.000,10.66,9.29,1.7,19.78,20.34,15648,-26.12,-32.0,0.714
2025-04-18T21:38:20.000,10.82,9.7,1.11,20.24,20.34,15649,-26.25,-32.0,0.714
2025-04-18T21:39:20.000,10.83,9.34,1.54,19.9,20.34,15650,-26.39,-32.0,0.714
2025-04-18T21:40:20.000,10.75,9.12,2.4,19.44,20.34,15651,-26.53,-32.0,0.714
2025-04-18T21:41:20.000,10.79,9.35,3.5,18.98,20.34,15652,-26.66,-31.0,0.713
2025-04-18T21:42:20.000,10.76,9.23,2.71,19.27,20.34,15653,-26.8,-31.0,0.713
2025-04-18T21:43:20.000,10.72,9.12,1.69,19.79,20.34,15654,-26.93,-31.0,0.713
2025-04-18T21:44:20.000,10.78,9.48,1.93,19.63,20.34,15655,-27.06,-31.0,0.713
2025-04-18T21:45:20.000,10.83,9.54,2.92,19.18,20.34,15656,-27.2,-31.0,0.713
2025-04-18T21:46:20.000,10.81,9.13,2.27,19.49,20.34,15657,-27.33,-31.0,0.713
2025-04-18T21:47:20.000,10.77,9.31,0.84,20.54,20.34,15658,-27.46,-30.0,0.713
2025-04-18T21:48:20.000,10.81,9.36,1.38,20.01,20.34,15659,-27.59,-30.0,0.713
2025-04-18T21:49:20.000,10.67,8.78,1.11,20.23,20.34,15660,-27.72,-30.0,0.713
2025-04-18T21:50:21.000,10.55,8.76,0.84,20.53,20.34,15661,-27.86,-30.0,0.713
2025-04-18T21:51:21.000,10.53,9.09,1.87,19.69,20.34,15662,-27.99,-30.0,0.713
2025-04-18T21:52:21.000,10.57,9.1,1.1,20.29,20.34,15663,-28.12,-29.0,0.713
2025-04-18T21:53:21.000,10.55,9.15,0.85,20.52,20.34,15664,-28.24,-29.0,0.713
2025-04-18T21:54:21.000,10.56,9.14,1.0,20.34,20.34,15665,-28.37,-29.0,0.713
2025-04-18T21:55:21.000,10.54,8.93,1.16,20.19,20.34,15666,-28.5,-29.0,0.713
2025-04-18T21:56:21.000,10.56,9.36,1.6,19.84,20.34,15667,-28.63,-29.0,0.713
2025-04-18T21:57:21.000,10.61,9.32,2.12,19.52,20.34,15668,-28.75,-29.0,0.712
2025-04-18T21:58:21.000,10.56,8.92,2.07,19.56,20.34,15669,-28.88,-28.0,0.712
2025-04-18T21:59:21.000,10.51,9.07,1.52,19.89,20.34,15670,-29.0,-28.0,0.712
2025-04-18T22:00:21.000,10.47,8.99,2.33,19.44,20.34,15671,-29.13,-28.0,0.712
2025-04-18T22:01:21.000,10.44,8.92,2.66,19.31,20.34,15672,-29.25,-28.0,0.712
2025-04-18T22:02:22.000,10.5,9.28,2.08,19.55,20.34,15673,-29.38,-28.0,0.712
2025-04-18T22:03:22.000,10.52,9.01,2.74,19.26,20.34,15674,-29.5,-28.0,0.712
2025-04-18T22:04:22.000,10.46,8.98,1.14,20.22,20.34,15675,-29.62,-27.0,0.712
2025-04-18T22:05:22.000,10.44,8.94,1.33,20.09,20.34,15676,-29.74,-27.0,0.712
2025-04-18T22:06:22.000,10.45,9.18,1.8,19.76,20.34,15677,-29.86,-27.0,0.712
2025-04-18T22:07:22.000,10.53,9.18,1.9,19.67,20.34,15678,-29.98,-27.0,0.712
2025-04-18T22:08:22.000,10.46,9.02,2.88,19.2,20.34,15679,-30.1,-27.0,0.712
2025-04-18T22:09:22.000,10.53,9.26,2.98,19.19,20.34,15680,-30.22,-26.0,0.712
2025-04-18T22:10:22.000,10.47,8.91,4.37,18.75,20.34,15681,-30.34,-26.0,0.712
2025-04-18T22:11:22.000,10.55,9.4,2.51,19.35,20.34,15682,-30.46,-26.0,0.712
2025-04-18T22:12:22.000,10.6,9.3,2.28,19.47,20.34,15683,-30.58,-26.0,0.712
2025-04-18T22:13:23.000,10.56,9.09,1.49,19.92,20.34,15684,-30.69,-26.0,0.712
2025-04-18T22:14:23.000,10.58,9.44,2.73,19.26,20.34,15685,-30.81,-26.0,0.711
2025-04-18T22:15:23.000,10.65,9.5,3.44,19.0,20.34,15686,-30.92,-25.0,0.711
2025-04-18T22:16:23.000,10.56,8.96,3.68,18.93,20.34,15687,-31.04,-25.0,0.711
2025-04-18T22:17:23.000,10.63,9.59,5.71,18.46,20.34,15688,-31.15,-25.0,0.711
2025-04-18T22:18:23.000,10.62,9.25,7.55,18.15,20.34,15689,-31.26,-25.0,0.711
2025-04-18T22:19:23.000,10.69,9.49,8.12,18.07,20.34,15690,-31.38,-25.0,0.711
2025-04-18T22:20:23.000,10.77,9.73,5.78,18.44,20.34,15691,-31.49,-25.0,0.711
2025-04-18T22:40:07.000,10.0,8.29,1.51,19.9,20.34,15708,-33.54,-21.0,0.71
2025-04-18T22:41:07.000,10.03,8.32,1.73,19.75,20.34,15709,-33.63,-21.0,0.71
2025-04-18T22:42:07.000,10.21,8.32,1.21,20.14,20.34,15710,-33.73,-21.0,0.71
2025-04-18T22:43:07.000,10.24,8.29,1.08,20.26,20.34,15711,-33.82,-21.0,0.71
2025-04-18T22:44:07.000,10.17,8.35,1.1,20.24,20.34,15712,-33.92,-20.0,0.71
2025-04-18T22:45:07.000,10.1,8.27,1.31,20.05,20.34,15713,-34.01,-20.0,0.71
2025-04-18T22:46:07.000,10.09,8.39,1.08,20.26,20.34,15714,-34.1,-20.0,0.709
2025-04-18T22:47:08.000,10.01,8.1,1.45,19.94,20.34,15715,-34.2,-20.0,0.709
2025-04-18T22:48:08.000,9.98,7.86,1.01,20.34,20.34,15716,-34.29,-20.0,0.709
2025-04-18T22:49:08.000,10.11,7.84,2.1,19.57,20.34,15717,-34.38,-20.0,0.709
2025-04-18T22:50:08.000,10.11,7.78,2.31,19.44,20.34,15718,-34.46,-19.0,0.709
2025-04-18T23:09:37.000,10.14,5.82,3.6,18.95,20.34,15735,-36.03,-16.0,0.708
2025-04-18T23:10:37.000,10.08,5.73,4.03,18.83,20.34,15736,-36.1,-16.0,0.708
2025-04-18T23:11:37.000,10.1,5.7,3.62,18.95,20.34,15737,-36.17,-16.0,0.708
2025-04-18T23:12:38.000,10.12,5.66,4.19,18.79,20.34,15738,-36.24,-16.0,0.708
2025-04-18T23:13:38.000,10.15,5.83,4.5,18.71,20.34,15739,-36.31,-15.0,0.708
2025-04-18T23:14:38.000,10.13,5.86,4.58,18.69,20.34,15740,-36.38,-15.0,0.708
2025-04-18T23:15:38.000,10.14,5.9,5.34,18.52,20.34,15741,-36.44,-15.0,0.708
2025-04-18T23:16:38.000,10.16,5.96,5.88,18.42,20.34,15742,-36.51,-15.0,0.708
2025-04-18T23:17:38.000,10.22,6.3,6.24,18.35,20.34,15743,-36.57,-15.0,0.708
2025-04-18T23:18:38.000,10.33,6.62,6.2,18.36,20.34,15744,-36.64,-15.0,0.707
2025-04-18T23:19:39.000,10.47,7.22,7.89,18.1,20.34,15745,-36.7,-14.0,0.707
2025-04-18T23:20:39.000,10.58,7.02,6.25,18.36,20.34,15746,-36.76,-14.0,0.707
2025-04-18T23:21:39.000,10.6,6.97,7.17,18.22,20.34,15747,-36.83,-14.0,0.707
2025-04-18T23:22:39.000,10.63,7.13,7.96,18.1,20.34,15748,-36.89,-14.0,0.707
2025-04-18T23:23:39.000,10.7,6.98,7.84,18.11,20.34,15749,-36.94,-14.0,0.707
2025-04-18T23:24:39.000,10.68,7.06,7.49,18.16,20.34,15750,-37.0,-14.0,0.707
2025-04-18T23:25:39.000,10.78,7.21,8.66,18.0,20.34,15751,-37.06,-13.0,0.707
2025-04-18T23:26:39.000,10.85,7.33,9.22,17.93,20.34,15752,-37.12,-13.0,0.707
2025-04-18T23:27:39.000,10.89,7.05,10.07,17.83,20.34,15753,-37.17,-13.0,0.707
2025-04-18T23:28:40.000,10.82,7.16,10.69,17.77,20.34,15754,-37.23,-13.0,0.707
2025-04-18T23:29:40.000,10.99,7.62,11.45,17.69,20.34,15755,-37.28,-13.0,0.707
2025-04-18T23:30:40.000,11.11,7.59,11.18,17.72,20.34,15756,-37.33,-13.0,0.707
2025-04-18T23:31:40.000,11.22,7.35,9.96,17.85,20.34,15757,-37.39,-13.0,0.707
2025-04-18T23:32:41.000,11.15,6.69,9.98,17.84,20.34,15758,-37.44,-12.0,0.707
2025-04-18T23:33:41.000,11.03,6.62,8.27,18.05,20.34,15759,-37.49,-12.0,0.706
2025-04-18T23:34:41.000,11.0,6.72,8.28,18.05,20.34,15760,-37.54,-12.0,0.706
2025-04-18T23:35:41.000,11.01,6.88,11.08,17.74,20.34,15761,-37.58,-12.0,0.706
2025-04-18T23:36:41.000,11.05,7.16,12.0,17.64,20.34,15762,-37.63,-12.0,0.706
2025-04-18T23:37:41.000,11.04,6.59,10.31,17.81,20.34,15763,-37.68,-12.0,0.706
2025-04-18T23:38:41.000,10.97,6.57,10.84,17.75,20.34,15764,-37.72,-11.0,0.706
2025-04-18T23:39:41.000,10.96,6.8,9.92,17.86,20.34,15765,-37.76,-11.0,0.706
2025-04-18T23:40:42.000,10.98,6.73,10.3,17.81,20.34,15766,-37.81,-11.0,0.706
2025-04-18T23:41:42.000,11.04,6.92,13.47,17.52,20.34,15767,-37.85,-11.0,0.706
2025-04-18T23:42:42.000,10.98,6.7,13.24,17.54,20.34,15768,-37.89,-11.0,0.706
2025-04-18T23:43:42.000,11.09,7.15,12.48,17.6,20.34,15769,-37.93,-11.0,0.706
2025-04-18T23:44:42.000,11.1,6.7,13.38,17.52,20.34,15770,-37.97,-10.0,0.706
2025-04-18T23:57:06.000,10.74,9.5,10.12,17.83,20.34,15781,-38.36,-8.0,0.705
2025-04-19T00:16:10.000,10.42,8.88,10.99,17.74,20.34,15798,-38.66,-5.0,0.704
2025-04-19T00:17:09.000,10.3,8.91,7.36,18.18,20.34,15799,-38.67,-5.0,0.704
2025-04-19T00:18:09.000,10.23,8.64,8.73,18.0,20.34,15800,-38.67,-5.0,0.704
2025-04-19T00:19:09.000,10.36,9.47,10.56,17.78,20.34,15801,-38.68,-5.0,0.704
2025-04-19T00:20:09.000,10.51,9.53,12.12,17.63,20.34,15802,-38.68,-5.0,0.704
2025-04-19T00:21:10.000,10.53,9.54,13.29,17.53,20.34,15803,-38.68,-5.0,0.704
2025-04-19T00:22:10.000,10.61,9.56,15.04,17.4,20.34,15804,-38.68,-5.0,0.703
2025-04-19T00:23:10.000,10.6,9.39,14.33,17.46,20.34,15805,-38.68,-4.0,0.703
2025-04-19T00:24:10.000,10.53,8.99,10.42,17.8,20.34,15806,-38.68,-4.0,0.703
2025-04-19T00:25:10.000,10.39,8.51,10.27,17.82,20.34,15807,-38.67,-4.0,0.703
2025-04-19T00:26:10.000,10.26,8.66,8.34,18.04,20.34,15808,-38.67,-4.0,0.703
2025-04-19T00:27:11.000,10.3,9.01,9.93,17.85,20.34,15809,-38.66,-4.0,0.703
2025-04-19T00:28:11.000,10.31,8.93,10.36,17.8,20.34,15810,-38.66,-4.0,0.703
2025-04-19T00:29:11.000,10.38,9.24,10.9,17.75,20.34,15811,-38.65,-3.0,0.703
2025-04-19T00:30:11.000,10.41,9.16,11.73,17.67,20.34,15812,-38.64,-3.0,0.703
2025-04-19T00:31:11.000,10.23,8.35,12.24,17.62,20.34,15813,-38.63,-3.0,0.703
2025-04-19T00:32:11.000,10.23,8.5,13.96,17.48,20.34,15814,-38.62,-3.0,0.703
2025-04-19T00:33:11.000,10.13,8.59,16.35,17.31,20.34,15815,-38.61,-3.0,0.703
2025-04-19T00:34:11.000,10.23,8.98,15.45,17.37,20.34,15816,-38.6,-3.0,0.703
2025-04-19T00:35:11.000,10.32,9.14,18.12,17.2,20.34,15817,-38.59,-3.0,0.703
2025-04-19T00:36:11.000,10.42,9.31,18.0,17.2,20.34,15818,-38.57,-2.0,0.703
2025-04-19T00:37:11.000,10.28,8.45,15.05,17.4,20.34,15819,-38.56,-2.0,0.703
2025-04-19T00:38:12.000,10.19,8.2,15.18,17.39,20.34,15820,-38.54,-2.0,0.702
2025-04-19T00:39:12.000,10.14,8.51,15.69,17.35,20.34,15821,-38.52,-2.0,0.702
2025-04-19T00:40:12.000,10.17,8.79,13.1,17.55,20.34,15822,-38.5,-2.0,0.702
2025-04-19T00:41:12.000,10.28,9.17,9.61,17.92,20.34,15823,-38.48,-2.0,0.702
2025-04-19T00:42:12.000,10.45,9.52,9.46,17.91,20.34,15824,-38.46,-2.0,0.702
2025-04-19T00:43:12.000,10.52,9.44,9.41,17.91,20.34,15825,-38.44,-1.0,0.702
2025-04-19T00:44:12.000,10.46,9.0,6.98,18.23,20.34,15826,-38.42,-1.0,0.702
2025-04-19T00:45:13.000,10.43,8.97,7.66,18.13,20.34,15827,-38.39,-1.0,0.702
2025-04-19T00:46:13.000,10.32,8.4,9.2,17.93,20.34,15828,-38.37,-1.0,0.702
2025-04-19T00:47:13.000,10.14,8.14,10.29,17.81,20.34,15829,-38.34,-1.0,0.702
2025-04-19T00:48:13.000,10.06,8.18,10.95,17.74,20.34,15830,-38.31,-1.0,0.702
2025-04-19T00:49:13.000,10.15,8.91,11.53,17.69,20.34,15831,-38.29,-1.0,0.702
2025-04-19T00:50:13.000,10.26,8.88,12.52,17.6,20.34,15832,-38.26,-0.0,0.702
2025-04-19T00:51:13.000,10.25,8.65,9.01,17.96,20.34,15833,-38.23,-0.0,0.702
2025-04-19T00:52:14.000,10.11,8.15,7.4,18.17,20.34,15834,-38.19,-0.0,0.702
2025-04-19T00:53:14.000,10.17,8.77,7.36,18.17,20.34,15835,-38.16,0.0,0.702
2025-04-19T00:54:14.000,10.17,8.54,7.46,18.16,20.34,15836,-38.13,0.0,0.701
2025-04-19T00:55:14.000,10.16,8.57,7.08,18.22,20.34,15837,-38.09,0.0,0.701
2025-04-19T00:56:14.000,10.16,8.6,6.72,18.27,20.34,15838,-38.06,0.0,0.701
2025-04-19T00:57:14.000,10.14,8.45,6.83,18.25,20.34,15839,-38.02,1.0,0.701
2025-04-19T00:58:14.000,10.17,8.72,7.18,18.2,20.34,15840,-37.99,1.0,0.701
2025-04-19T00:59:14.000,10.24,8.75,7.92,18.09,20.34,15841,-37.95,1.0,0.701
2025-04-19T01:00:14.000,10.2,8.49,8.92,17.97,20.34,15842,-37.91,1.0,0.701
2025-04-19T01:01:14.000,10.24,8.68,10.47,17.79,20.34,15843,-37.87,1.0,0.701
2025-04-19T01:02:14.000,10.26,8.63,8.24,18.06,20.34,15844,-37.83,1.0,0.701
2025-04-19T01:03:14.000,10.26,8.49,6.34,18.33,20.34,15845,-37.78,1.0,0.701
2025-04-19T01:04:15.000,10.21,8.48,7.48,18.16,20.34,15846,-37.74,2.0,0.701
2025-04-19T01:05:15.000,10.19,8.5,5.66,18.46,20.34,15847,-37.7,2.0,0.701
2025-04-19T01:06:15.000,10.13,8.28,4.96,18.6,20.34,15848,-37.65,2.0,0.701
2025-04-19T01:07:15.000,10.16,8.76,4.5,18.71,20.34,15849,-37.6,2.0,0.701
2025-04-19T01:08:15.000,10.24,8.92,5.72,18.46,20.34,15850,-37.56,2.0,0.701
2025-04-19T01:09:15.000,10.24,8.62,10.14,17.83,20.34,15851,-37.51,2.0,0.701
2025-04-19T01:10:16.000,10.23,8.94,8.49,18.02,20.34,15852,-37.46,2.0,0.7
2025-04-19T01:11:16.000,10.24,8.59,6.95,18.24,20.34,15853,-37.41,3.0,0.7
2025-04-19T01:30:48.000,10.15,8.88,3.73,18.91,20.34,15870,-36.24,5.0,0.699
2025-04-19T01:31:48.000,10.18,8.25,4.18,18.79,20.34,15871,-36.17,5.0,0.699
2025-04-19T01:32:48.000,10.19,8.79,4.23,18.78,20.34,15872,-36.1,5.0,0.699
2025-04-19T01:33:48.000,10.17,8.53,5.37,18.52,20.34,15873,-36.03,6.0,0.699
2025-04-19T01:34:48.000,10.23,8.93,5.3,18.53,20.34,15874,-35.95,6.0,0.699
2025-04-19T01:35:48.000,10.26,8.76,5.57,18.48,20.34,15875,-35.88,6.0,0.699
2025-04-19T01:36:49.000,10.29,8.98,4.69,18.66,20.34,15876,-35.81,6.0,0.699
2025-04-19T01:37:49.000,10.38,9.23,4.73,18.65,20.34,15877,-35.73,6.0,0.699
2025-04-19T01:38:49.000,10.46,9.45,5.18,18.56,20.34,15878,-35.66,6.0,0.699
2025-04-19T01:39:49.000,10.55,9.52,7.24,18.2,20.34,15879,-35.58,6.0,0.699
2025-04-19T01:40:49.000,10.5,9.07,7.88,18.1,20.34,15880,-35.5,6.0,0.699
2025-04-19T01:41:49.000,10.47,9.25,6.12,18.38,20.34,15881,-35.42,7.0,0.698
2025-04-19T01:42:49.000,10.4,8.72,7.2,18.2,20.34,15882,-35.34,7.0,0.698
2025-04-19T01:43:50.000,10.4,9.27,8.16,18.06,20.34,15883,-35.26,7.0,0.698
2025-04-19T01:44:50.000,10.45,9.31,6.85,18.26,20.34,15884,-35.18,7.0,0.698
2025-04-19T01:45:50.000,10.47,9.31,5.05,18.59,20.34,15885,-35.1,7.0,0.698
2025-04-19T01:46:50.000,10.52,9.4,6.17,18.37,20.34,15886,-35.02,7.0,0.698
2025-04-19T01:47:50.000,10.51,9.27,6.78,18.27,20.34,15887,-34.93,7.0,0.698
2025-04-19T01:48:50.000,10.51,9.26,5.23,18.54,20.34,15888,-34.85,7.0,0.698
2025-04-19T01:49:50.000,10.49,9.26,5.19,18.55,20.34,15889,-34.76,8.0,0.698
2025-04-19T01:50:50.000,10.21,7.89,6.72,18.28,20.34,15890,-34.68,8.0,0.698
2025-04-19T01:51:51.000,10.14,8.88,7.29,18.18,20.34,15891,-34.59,8.0,0.698
2025-04-19T01:52:51.000,10.24,8.97,6.09,18.38,20.34,15892,-34.5,8.0,0.698
2025-04-19T01:53:51.000,10.29,9.2,5.3,18.53,20.34,15893,-34.41,8.0,0.698
2025-04-19T01:54:51.000,10.39,9.3,4.95,18.6,20.34,15894,-34.32,8.0,0.698
2025-04-19T01:55:51.000,10.44,9.37,5.52,18.49,20.34,15895,-34.23,8.0,0.698
2025-04-19T01:56:51.000,10.46,9.26,6.4,18.33,20.34,15896,-34.14,8.0,0.698
2025-04-19T01:57:52.000,10.47,9.22,6.85,18.25,20.34,15897,-34.05,8.0,0.697
2025-04-19T01:58:52.000,10.33,8.59,6.8,18.26,20.34,15898,-33.96,9.0,0.697
2025-04-19T01:59:52.000,10.11,7.98,6.98,18.23,20.34,15899,-33.86,9.0,0.697
2025-04-19T02:00:53.000,9.99,8.27,6.88,18.25,20.34,15900,-33.77,9.0,0.697
2025-04-19T02:01:53.000,10.06,8.03,6.37,18.33,20.34,15901,-33.67,9.0,0.697
2025-04-19T02:02:53.000,10.14,8.28,5.59,18.47,20.34,15902,-33.58,9.0,0.697
2025-04-19T02:03:53.000,10.16,8.2,5.48,18.49,20.34,15903,-33.48,9.0,0.697
2025-04-19T02:04:53.000,10.23,8.85,4.83,18.63,20.34,15904,-33.38,9.0,0.697
2025-04-19T02:05:53.000,10.31,8.83,6.59,18.3,20.34,15905,-33.28,9.0,0.697
2025-04-19T02:06:54.000,10.28,8.91,7.83,18.11,20.34,15906,-33.18,10.0,0.697
2025-04-19T02:07:54.000,10.32,8.99,5.48,18.54,20.34,15907,-33.08,10.0,0.697
2025-04-19T02:08:54.000,10.28,8.88,4.81,18.67,20.34,15908,-32.98,10.0,0.697
2025-04-19T02:09:54.000,10.31,9.12,6.73,18.27,20.34,15909,-32.88,10.0,0.697
2025-04-19T02:10:54.000,10.37,9.25,6.48,18.32,20.34,15910,-32.78,10.0,0.697
2025-04-19T02:11:54.000,10.43,9.32,7.98,18.09,20.34,15911,-32.68,10.0,0.697
2025-04-19T02:12:54.000,10.47,9.26,6.74,18.27,20.34,15912,-32.57,10.0,0.696
2025-04-19T02:13:54.000,10.47,9.16,7.01,18.23,20.34,15913,-32.47,10.0,0.696
2025-04-19T02:14:54.000,10.45,9.19,6.31,18.34,20.34,15914,-32.36,10.0,0.696
2025-04-19T02:15:55.000,10.46,9.17,5.19,18.55,20.34,15915,-32.26,11.0,0.696
2025-04-19T02:16:55.000,10.5,9.28,6.1,18.38,20.34,15916,-32.15,11.0,0.696
2025-04-19T02:17:55.000,10.51,9.27,6.85,18.25,20.34,15917,-32.04,11.0,0.696
2025-04-19T02:18:55.000,10.49,9.13,7.12,18.21,20.34,15918,-31.94,11.0,0.696
2025-04-19T02:19:55.000,10.46,9.08,6.12,18.38,20.34,15919,-31.83,11.0,0.696
