ecsv/stars660/stars660_2025-04.ecsv
# %ECSV 1.0
# ---
# datatype:
# - {name: time, datatype: string}
# - {name: Enclosure Temperature, unit: deg_C, datatype: float64}
# - {name: Sky Temperature, unit: deg_C, datatype: float64}
# - {name: Frequency, unit: Hz, datatype: float64}
# - {name: MSAS, unit: mag / arcsec2, datatype: float64}
# - {name: ZP, datatype: float64}
# - {name: Sequence Number, datatype: int64}
# - {name: Sun Alt, unit: deg, datatype: float64}
# - {name: Moon Alt, unit: deg, datatype: float64}
# - {name: Moon Illumination, datatype: float64}
# delimiter: ','
# meta: !!omap
# - ida:
#     Data supplier: {affiliation: Ardoz, observer: null}
#     Device type: TESS-W
#     Field of view: 17.0
#     Filters per channel: None
#     Instrument ID: stars660
#     License: ODbL 1.0 http://opendatacommons.org/licenses/odbl/summary/
#     Local timezone: Europe/Madrid
#     Location name: {country: Spain, place: Arzoz, region: Navarre, sub_region: Montejurra, town: Arzoz (Navarra)}
#     Measurement direction per channel: {azimuth: 0.0, zenital: 0.0}
#     Moving / Fixed look direction: FIXED
#     Moving / Stationary position: STATIONARY
#     Number of channels: 1
#     Number of fields per line: 8
#     Number of header lines: 35
#     Position: {height: 0.0, latitude: 42.745234, longitude: -1.898673}
#     TESS MAC address: 98:F4:AB:B2:7B:16
#     TESS cover offset value: 0.0
#     TESS firmware version: '1.0'
#     TESS zero point: 20.34
#     Time Synchronization: timestamp added by MQTT subscriber
#     URL: http://www.darksky.org/NSBM/sdf1.0.pdf
# - __serialized_columns__:
#     Enclosure Temperature:
#       __class__: astropy.units.quantity.Quantity
#       unit: &id001 !astropy.units.Unit {unit: deg_C}
#       value: !astropy.table.SerializedColumn {name: Enclosure Temperature}
#     Frequency:
#       __class__: astropy.units.quantity.Quantity
#       unit: !astropy.units.Unit {unit: Hz}
#       value: !astropy.table.SerializedColumn {name: Frequency}
#     MSAS:
#       __class__: astropy.units.quantity.Quantity
#       unit: !astropy.units.Unit {unit: mag / arcsec2}
#       value: !astropy.table.SerializedColumn {name: MSAS}
#     Moon Alt:
#       __class__: astropy.units.quantity.Quantity
#       unit: &id002 !astropy.units.Unit {unit: deg}
#       value: !astropy.table.SerializedColumn {name: Moon Alt}
#     Sky Temperature:
#       __class__: astropy.units.quantity.Quantity
#       unit: *id001
#       value: !astropy.table.SerializedColumn {name: Sky Temperature}
#     Sun Alt:
#       __class__: astropy.units.quantity.Quantity
#       unit: *id002
#       value: !astropy.table.SerializedColumn {name: Sun Alt}
#     time:
#       __class__: astropy.time.core.Time
#       format: isot
#       in_subfmt: '*'
#       out_subfmt: '*'
#       precision: 3
#       scale: utc
#       value: !astropy.table.SerializedColumn {name: time}
# schema: astropy-2.0
time,Enclosure Temperature,Sky Temperature,Frequency,MSAS,ZP,Sequence Number,Sun Alt,Moon Alt,Moon Illumination
[from data line 23023]
2025-04-30T00:51:53.000,12.97,1.4,0.49,21.11,20.34,485,-31.45,-19.0,0.076
2025-04-30T00:52:53.000,13.0,1.58,0.49,21.11,20.34,486,-31.41,-19.0,0.076
2025-04-30T00:53:54.000,13.05,1.62,0.49,21.11,20.34,487,-31.37,-19.0,0.076
2025-04-30T00:54:54.000,13.06,1.52,0.49,21.11,20.34,488,-31.32,-19.0,0.076
2025-04-30T00:55:54.000,13.07,1.49,0.49,21.11,20.34,489,-31.28,-19.0,0.076
2025-04-30T00:56:54.000,13.09,1.61,0.49,21.11,20.34,490,-31.23,-19.0,0.076
2025-04-30T00:57:54.000,13.11,1.54,0.49,21.11,20.34,491,-31.18,-19.0,0.076
2025-04-30T00:58:54.000,13.1,1.5,0.49,21.11,20.34,492,-31.13,-19.0,0.076
2025-04-30T00:59:54.000,13.06,1.24,0.49,21.11,20.34,493,-31.08,-19.0,0.076
2025-04-30T01:00:54.000,13.01,1.25,0.49,21.11,20.34,494,-31.03,-19.0,0.076
2025-04-30T01:01:54.000,12.98,1.43,0.49,21.11,20.34,495,-30.98,-19.0,0.076
2025-04-30T01:02:54.000,12.96,1.22,0.49,21.11,20.34,496,-30.93,-19.0,0.076
2025-04-30T01:03:54.000,12.94,1.33,0.49,21.11,20.34,497,-30.88,-19.0,0.076
2025-04-30T01:04:54.000,12.89,1.2,0.49,21.11,20.34,498,-30.83,-19.0,0.076
2025-04-30T01:05:55.000,12.94,1.5,0.49,21.12,20.34,499,-30.77,-19.0,0.076
2025-04-30T01:06:55.000,13.02,1.63,0.49,21.12,20.34,500,-30.72,-20.0,0.076
2025-04-30T01:07:55.000,13.05,1.48,0.49,21.12,20.34,501,-30.66,-20.0,0.076
2025-04-30T01:08:55.000,13.08,1.55,0.49,21.12,20.34,502,-30.6,-20.0,0.076
2025-04-30T01:09:55.000,13.09,1.54,0.49,21.12,20.34,503,-30.55,-20.0,0.076
2025-04-30T01:10:55.000,13.1,1.47,0.49,21.12,20.34,504,-30.49,-20.0,0.076
2025-04-30T01:11:55.000,13.1,1.5,0.49,21.12,20.34,505,-30.43,-20.0,0.076
2025-04-30T01:12:55.000,13.11,1.4,0.49,21.12,20.34,506,-30.37,-20.0,0.076
2025-04-30T01:13:55.000,13.09,1.57,0.49,21.11,20.34,507,-30.31,-20.0,0.076
2025-04-30T01:14:55.000,13.15,1.52,0.49,21.11,20.34,508,-30.25,-20.0,0.077
2025-04-30T01:15:55.000,13.12,1.43,0.49,21.11,20.34,509,-30.18,-20.0,0.077
2025-04-30T01:16:55.000,13.08,1.4,0.49,21.11,20.34,510,-30.12,-20.0,0.077
2025-04-30T01:17:56.000,13.09,1.55,0.49,21.11,20.34,511,-30.05,-20.0,0.077
2025-04-30T01:18:56.000,13.1,1.47,0.49,21.11,20.34,512,-29.99,-20.0,0.077
2025-04-30T01:19:56.000,13.01,1.03,0.49,21.11,20.34,513,-29.92,-20.0,0.077
2025-04-30T01:20:56.000,12.9,1.05,0.49,21.12,20.34,514,-29.86,-20.0,0.077
2025-04-30T01:21:56.000,12.83,0.95,0.49,21.12,20.34,515,-29.79,-20.0,0.077
2025-04-30T01:22:56.000,12.82,1.3,0.49,21.12,20.34,516,-29.72,-20.0,0.077
2025-04-30T01:23:56.000,12.87,1.39,0.49,21.12,20.34,517,-29.65,-20.0,0.077
2025-04-30T01:24:56.000,12.9,1.38,0.48,21.13,20.34,518,-29.58,-20.0,0.077
2025-04-30T01:25:56.000,12.94,1.41,0.48,21.13,20.34,519,-29.51,-20.0,0.077
2025-04-30T01:26:56.000,12.94,1.27,0.48,21.13,20.34,520,-29.44,-20.0,0.077
2025-04-30T01:27:56.000,12.94,1.27,0.48,21.13,20.34,521,-29.37,-20.0,0.077
2025-04-30T01:28:56.000,12.92,1.3,0.48,21.13,20.34,522,-29.3,-20.0,0.077
2025-04-30T01:29:57.000,12.88,1.05,0.48,21.13,20.34,523,-29.22,-20.0,0.077
2025-04-30T01:30:57.000,12.86,1.16,0.48,21.14,20.34,524,-29.15,-20.0,0.077
2025-04-30T01:31:57.000,12.81,0.96,0.48,21.14,20.34,525,-29.07,-20.0,0.077
2025-04-30T01:32:57.000,12.69,0.67,0.48,21.14,20.34,526,-29.0,-20.0,0.077
2025-04-30T01:33:57.000,12.6,0.79,0.48,21.14,20.34,527,-28.92,-20.0,0.077
2025-04-30T01:34:57.000,12.57,0.77,0.48,21.14,20.34,528,-28.84,-21.0,0.077
2025-04-30T01:35:57.000,12.45,0.58,0.48,21.14,20.34,529,-28.76,-21.0,0.077
2025-04-30T01:36:57.000,12.43,0.89,0.48,21.14,20.34,530,-28.68,-21.0,0.078
2025-04-30T01:37:57.000,12.44,0.91,0.48,21.14,20.34,531,-28.6,-21.0,0.078
2025-04-30T01:38:57.000,12.43,0.89,0.48,21.14,20.34,532,-28.52,-21.0,0.078
2025-04-30T01:39:57.000,12.43,0.99,0.48,21.14,20.34,533,-28.44,-21.0,0.078
2025-04-30T01:40:57.000,12.48,1.09,0.48,21.14,20.34,534,-28.36,-21.0,0.078
2025-04-30T01:41:57.000,12.46,0.92,0.48,21.14,20.34,535,-28.28,-21.0,0.078
2025-04-30T01:42:57.000,12.49,1.07,0.48,21.14,20.34,536,-28.2,-21.0,0.078
2025-04-30T01:43:58.000,12.52,1.09,0.48,21.14,20.34,537,-28.11,-21.0,0.078
2025-04-30T01:44:58.000,12.51,0.9,0.48,21.15,20.34,538,-28.02,-21.0,0.078
2025-04-30T01:45:58.000,12.45,0.72,0.47,21.15,20.34,539,-27.94,-21.0,0.078
2025-04-30T01:46:58.000,12.4,0.69,0.47,21.15,20.34,540,-27.85,-21.0,0.078
2025-04-30T01:47:58.000,12.36,0.69,0.47,21.16,20.34,541,-27.77,-21.0,0.078
2025-04-30T01:48:58.000,12.3,0.42,0.47,21.16,20.34,542,-27.68,-21.0,0.078
2025-04-30T01:49:58.000,12.26,0.66,0.47,21.16,20.34,543,-27.59,-21.0,0.078
2025-04-30T01:50:58.000,12.24,0.55,0.47,21.16,20.34,544,-27.5,-21.0,0.078
2025-04-30T01:51:58.000,12.25,0.78,0.47,21.16,20.34,545,-27.41,-21.0,0.078
2025-04-30T01:52:59.000,12.25,0.67,0.47,21.17,20.34,546,-27.32,-21.0,0.078
2025-04-30T01:53:59.000,12.29,0.83,0.47,21.17,20.34,547,-27.23,-21.0,0.078
2025-04-30T01:54:59.000,12.33,0.8,0.47,21.17,20.34,548,-27.13,-21.0,0.078
2025-04-30T01:55:59.000,12.32,0.83,0.47,21.17,20.34,549,-27.04,-21.0,0.078
2025-04-30T01:56:59.000,12.36,0.94,0.47,21.17,20.34,550,-26.95,-21.0,0.078
2025-04-30T01:57:59.000,12.4,1.08,0.47,21.17,20.34,551,-26.85,-21.0,0.078
2025-04-30T01:58:59.000,12.44,1.08,0.46,21.17,20.34,552,-26.76,-21.0,0.079
2025-04-30T01:59:59.000,12.48,1.11,0.46,21.17,20.34,553,-26.66,-21.0,0.079
2025-04-30T02:01:00.000,12.56,1.26,0.47,21.17,20.34,554,-26.57,-21.0,0.079
2025-04-30T02:02:00.000,12.6,1.21,0.47,21.17,20.34,555,-26.47,-21.0,0.079
2025-04-30T02:03:00.000,12.65,1.26,0.47,21.17,20.34,556,-26.37,-21.0,0.079
2025-04-30T02:04:00.000,12.66,1.19,0.47,21.17,20.34,557,-26.27,-21.0,0.079
2025-04-30T02:05:00.000,12.66,1.11,0.47,21.17,20.34,558,-26.17,-21.0,0.079
2025-04-30T02:06:00.000,12.67,1.18,0.47,21.16,20.34,559,-26.07,-21.0,0.079
2025-04-30T02:07:00.000,12.66,1.12,0.47,21.16,20.34,560,-25.97,-21.0,0.079
2025-04-30T02:08:01.000,12.69,1.33,0.47,21.16,20.34,561,-25.87,-21.0,0.079
2025-04-30T02:09:01.000,12.73,1.23,0.47,21.16,20.34,562,-25.77,-21.0,0.079
2025-04-30T02:10:01.000,12.66,1.01,0.47,21.16,20.34,563,-25.67,-21.0,0.079
2025-04-30T02:11:01.000,12.69,1.33,0.47,21.15,20.34,564,-25.57,-21.0,0.079
2025-04-30T02:12:01.000,12.74,1.28,0.48,21.15,20.34,565,-25.46,-21.0,0.079
2025-04-30T02:13:01.000,12.75,1.24,0.47,21.15,20.34,566,-25.36,-21.0,0.079
2025-04-30T02:14:01.000,12.7,1.01,0.47,21.15,20.34,567,-25.25,-21.0,0.079
2025-04-30T02:15:01.000,12.66,1.12,0.48,21.15,20.34,568,-25.15,-21.0,0.079
2025-04-30T02:16:01.000,12.61,0.99,0.48,21.15,20.34,569,-25.04,-21.0,0.079
2025-04-30T02:17:01.000,12.62,1.2,0.48,21.14,20.34,570,-24.93,-21.0,0.079
2025-04-30T02:18:01.000,12.64,1.15,0.48,21.14,20.34,571,-24.83,-21.0,0.079
2025-04-30T02:19:01.000,12.68,1.43,0.48,21.14,20.34,572,-24.72,-21.0,0.079
2025-04-30T02:20:02.000,12.76,1.44,0.48,21.14,20.34,573,-24.61,-21.0,0.079
2025-04-30T02:21:02.000,12.77,1.28,0.48,21.14,20.34,574,-24.5,-21.0,0.079
2025-04-30T02:22:02.000,12.76,1.24,0.48,21.14,20.34,575,-24.39,-21.0,0.08
2025-04-30T02:23:02.000,12.7,1.1,0.48,21.14,20.34,576,-24.28,-21.0,0.08
2025-04-30T02:24:02.000,12.71,1.3,0.48,21.14,20.34,577,-24.17,-21.0,0.08
2025-04-30T02:25:02.000,12.75,1.34,0.48,21.14,20.34,578,-24.06,-21.0,0.08
2025-04-30T02:26:02.000,12.74,1.25,0.48,21.14,20.34,579,-23.95,-21.0,0.08
2025-04-30T02:27:02.000,12.7,1.22,0.48,21.14,20.34,580,-23.83,-21.0,0.08
2025-04-30T02:28:02.000,12.68,1.24,0.48,21.14,20.34,581,-23.72,-21.0,0.08
2025-04-30T02:29:02.000,12.71,1.38,0.48,21.13,20.34,582,-23.61,-21.0,0.08
2025-04-30T02:30:03.000,12.71,1.37,0.48,21.13,20.34,583,-23.49,-21.0,0.08
2025-04-30T02:31:03.000,12.73,1.26,0.49,21.12,20.34,584,-23.37,-21.0,0.08
2025-04-30T02:32:03.000,12.67,1.27,0.48,21.13,20.34,585,-23.26,-21.0,0.08
2025-04-30T02:33:03.000,12.63,1.18,0.49,21.12,20.34,586,-23.14,-21.0,0.08
2025-04-30T02:34:03.000,12.59,1.23,0.49,21.12,20.34,587,-23.03,-21.0,0.08
2025-04-30T02:35:03.000,12.61,1.36,0.49,21.12,20.34,588,-22.91,-21.0,0.08
2025-04-30T02:36:03.000,12.6,1.2,0.49,21.12,20.34,589,-22.79,-21.0,0.08
2025-04-30T02:37:03.000,12.57,1.17,0.49,21.12,20.34,590,-22.67,-21.0,0.08
2025-04-30T02:38:03.000,12.59,1.39,0.49,21.12,20.34,591,-22.55,-21.0,0.08
2025-04-30T02:39:03.000,12.6,1.15,0.49,21.12,20.34,592,-22.43,-21.0,0.08
2025-04-30T02:40:03.000,12.51,1.02,0.49,21.12,20.34,593,-22.31,-21.0,0.08
2025-04-30T02:41:04.000,12.53,1.27,0.49,21.12,20.34,594,-22.19,-21.0,0.08
2025-04-30T02:42:04.000,12.53,1.28,0.49,21.12,20.34,595,-22.07,-21.0,0.08
2025-04-30T02:43:04.000,12.58,1.44,0.49,21.12,20.34,596,-21.95,-21.0,0.08
2025-04-30T02:44:04.000,12.62,1.42,0.49,21.12,20.34,597,-21.82,-21.0,0.081
2025-04-30T02:45:04.000,12.63,1.28,0.49,21.12,20.34,598,-21.7,-21.0,0.081
2025-04-30T02:46:04.000,12.63,1.38,0.49,21.12,20.34,599,-21.58,-21.0,0.081
2025-04-30T02:47:04.000,12.65,1.4,0.49,21.12,20.34,600,-21.45,-21.0,0.081
2025-04-30T02:48:04.000,12.63,1.14,0.48,21.13,20.34,601,-21.33,-21.0,0.081
2025-04-30T02:49:04.000,12.53,0.92,0.48,21.13,20.34,602,-21.21,-21.0,0.081
2025-04-30T02:50:04.000,12.43,0.81,0.49,21.13,20.34,603,-21.08,-20.0,0.081
2025-04-30T02:51:05.000,12.32,0.65,0.49,21.13,20.34,604,-20.95,-20.0,0.081
2025-04-30T02:52:04.000,12.24,0.84,0.49,21.12,20.34,605,-20.83,-20.0,0.081
2025-04-30T02:53:05.000,12.25,1.04,0.49,21.12,20.34,606,-20.7,-20.0,0.081
2025-04-30T02:54:05.000,12.32,1.16,0.49,21.12,20.34,607,-20.57,-20.0,0.081
2025-04-30T02:55:05.000,12.28,0.78,0.49,21.12,20.34,608,-20.44,-20.0,0.081
2025-04-30T02:56:05.000,12.21,0.72,0.49,21.11,20.34,609,-20.31,-20.0,0.081
2025-04-30T02:57:05.000,12.17,0.81,0.49,21.11,20.34,610,-20.18,-20.0,0.081
2025-04-30T02:58:05.000,12.12,0.75,0.49,21.11,20.34,611,-20.06,-20.0,0.081
2025-04-30T02:59:05.000,12.15,1.0,0.49,21.11,20.34,612,-19.93,-20.0,0.081
2025-04-30T03:00:05.000,12.15,0.9,0.49,21.11,20.34,613,-19.79,-20.0,0.081
2025-04-30T03:01:05.000,12.18,1.01,0.5,21.1,20.34,614,-19.66,-20.0,0.081
2025-04-30T03:02:05.000,12.17,0.9,0.5,21.1,20.34,615,-19.53,-20.0,0.081
2025-04-30T03:03:05.000,12.14,0.89,0.5,21.1,20.34,616,-19.4,-20.0,0.081
2025-04-30T03:04:06.000,12.15,0.95,0.5,21.1,20.34,617,-19.27,-20.0,0.081
2025-04-30T03:05:07.000,12.18,1.07,0.5,21.09,20.34,618,-19.13,-20.0,0.081
2025-04-30T03:06:07.000,12.16,0.81,0.5,21.09,20.34,619,-19.0,-20.0,0.082
2025-04-30T03:07:07.000,12.14,0.78,0.5,21.09,20.34,620,-18.86,-20.0,0.082
2025-04-30T03:08:07.000,12.11,0.77,0.5,21.09,20.34,621,-18.73,-20.0,0.082
2025-04-30T03:09:07.000,12.09,0.84,0.51,21.08,20.34,622,-18.59,-20.0,0.082
2025-04-30T03:10:07.000,12.08,0.87,0.51,21.08,20.34,623,-18.46,-20.0,0.082
2025-04-30T03:11:07.000,12.12,1.07,0.51,21.08,20.34,624,-18.32,-20.0,0.082
2025-04-30T03:12:07.000,12.19,1.14,0.51,21.08,20.34,625,-18.19,-20.0,0.082
2025-04-30T03:13:08.000,12.21,1.07,0.51,21.08,20.34,626,-18.05,-20.0,0.082
2025-04-30T03:14:08.000,12.23,1.05,0.51,21.07,20.34,627,-17.91,-20.0,0.082
2025-04-30T03:15:08.000,12.21,0.98,0.51,21.07,20.34,628,-17.77,-20.0,0.082
2025-04-30T03:16:08.000,12.22,1.02,0.51,21.07,20.34,629,-17.63,-20.0,0.082
2025-04-30T03:17:08.000,12.22,0.94,0.51,21.07,20.34,630,-17.5,-20.0,0.082
2025-04-30T03:18:08.000,12.15,0.76,0.51,21.06,20.34,631,-17.36,-20.0,0.082
2025-04-30T03:19:08.000,12.05,0.64,0.51,21.06,20.34,632,-17.22,-19.0,0.082
2025-04-30T03:20:08.000,12.02,0.81,0.52,21.06,20.34,633,-17.08,-19.0,0.082
2025-04-30T03:21:08.000,11.99,0.52,0.52,21.06,20.34,634,-16.94,-19.0,0.082
2025-04-30T03:22:08.000,11.86,0.44,0.52,21.05,20.34,635,-16.8,-19.0,0.082
2025-04-30T03:23:08.000,11.83,0.76,0.52,21.04,20.34,636,-16.66,-19.0,0.082
2025-04-30T03:24:09.000,11.83,0.73,0.53,21.03,20.34,637,-16.51,-19.0,0.082
2025-04-30T03:25:09.000,11.85,0.87,0.53,21.03,20.34,638,-16.37,-19.0,0.082
2025-04-30T03:26:09.000,11.87,0.83,0.54,21.01,20.34,639,-16.23,-19.0,0.082
2025-04-30T03:27:09.000,11.87,0.77,0.54,21.0,20.34,640,-16.09,-19.0,0.083
2025-04-30T03:28:09.000,11.88,0.94,0.55,20.99,20.34,641,-15.94,-19.0,0.083
2025-04-30T03:29:09.000,11.89,0.77,0.55,20.99,20.34,642,-15.8,-19.0,0.083
2025-04-30T03:30:09.000,11.82,0.61,0.56,20.97,20.34,643,-15.66,-19.0,0.083
2025-04-30T03:31:09.000,11.85,0.76,0.56,20.96,20.34,644,-15.51,-19.0,0.083
2025-04-30T03:32:09.000,11.85,0.81,0.57,20.95,20.34,645,-15.37,-19.0,0.083
2025-04-30T03:33:09.000,11.86,0.77,0.58,20.93,20.34,646,-15.22,-19.0,0.083
2025-04-30T03:34:10.000,11.83,0.59,0.59,20.91,20.34,647,-15.07,-19.0,0.083
2025-04-30T03:35:10.000,11.77,0.44,0.6,20.89,20.34,648,-14.93,-19.0,0.083
2025-04-30T03:36:10.000,11.72,0.57,0.61,20.87,20.34,649,-14.78,-19.0,0.083
2025-04-30T03:37:10.000,11.77,0.77,0.63,20.85,20.34,650,-14.63,-19.0,0.083
2025-04-30T03:38:10.000,11.79,0.73,0.64,20.82,20.34,651,-14.49,-18.0,0.083
2025-04-30T03:39:10.000,11.8,0.79,0.66,20.79,20.34,652,-14.34,-18.0,0.083
2025-04-30T03:40:10.000,11.83,0.78,0.69,20.75,20.34,653,-14.19,-18.0,0.083
2025-04-30T03:41:10.000,11.84,0.76,0.71,20.72,20.34,654,-14.04,-18.0,0.083
2025-04-30T03:42:10.000,11.82,0.74,0.74,20.67,20.34,655,-13.9,-18.0,0.083
2025-04-30T03:43:11.000,11.84,0.79,0.77,20.63,20.34,656,-13.74,-18.0,0.083
2025-04-30T03:44:11.000,11.83,0.65,0.8,20.58,20.34,657,-13.6,-18.0,0.083
2025-04-30T03:45:11.000,11.8,0.65,0.84,20.52,20.34,658,-13.45,-18.0,0.083
2025-04-30T03:46:11.000,11.8,0.67,0.89,20.47,20.34,659,-13.3,-18.0,0.083
2025-04-30T03:47:11.000,11.78,0.55,0.94,20.4,20.34,660,-13.15,-18.0,0.083
2025-04-30T03:48:11.000,11.74,0.56,1.01,20.33,20.34,661,-12.99,-18.0,0.083
2025-04-30T03:49:11.000,11.73,0.63,1.08,20.26,20.34,662,-12.84,-18.0,0.084
2025-04-30T03:50:12.000,11.69,0.51,1.16,20.18,20.34,663,-12.69,-18.0,0.084
2025-04-30T03:51:12.000,11.66,0.54,1.26,20.09,20.34,664,-12.54,-18.0,0.084
2025-04-30T03:52:12.000,11.63,0.51,1.37,20.0,20.34,665,-12.39,-18.0,0.084
2025-04-30T03:53:12.000,11.6,0.45,1.5,19.9,20.34,666,-12.23,-18.0,0.084
2025-04-30T03:54:12.000,11.57,0.41,1.66,19.79,20.34,667,-12.08,-17.0,0.084
2025-04-30T03:55:13.000,11.56,0.49,1.83,19.69,20.34,668,-11.92,-17.0,0.084
2025-04-30T03:56:12.000,11.57,0.45,2.02,19.58,20.34,669,-11.77,-17.0,0.084
2025-04-30T03:57:13.000,11.56,0.4,2.23,19.47,20.34,670,-11.62,-17.0,0.084
2025-04-30T03:58:13.000,11.52,0.37,2.53,19.33,20.34,671,-11.46,-17.0,0.084
2025-04-30T03:59:13.000,11.46,0.95,3.09,19.12,20.34,672,-11.31,-17.0,0.084
2025-04-30T04:00:13.000,11.42,2.06,3.85,18.88,20.34,673,-11.15,-17.0,0.084
2025-04-30T04:01:13.000,11.41,2.07,3.94,18.85,20.34,674,-11.0,-17.0,0.084
2025-04-30T04:02:13.000,11.42,2.37,4.76,18.65,20.34,675,-10.84,-17.0,0.084
2025-04-30T04:03:13.000,11.44,3.53,6.08,18.38,20.34,676,-10.69,-17.0,0.084
2025-04-30T04:04:13.000,11.47,4.22,7.34,18.18,20.34,677,-10.53,-17.0,0.084
2025-04-30T04:05:13.000,11.48,4.25,8.16,18.06,20.34,678,-10.37,-17.0,0.084
2025-04-30T04:06:14.000,11.5,3.77,9.44,17.9,20.34,679,-10.22,-17.0,0.084
2025-04-30T04:07:14.000,11.54,3.41,10.76,17.76,20.34,680,-10.06,-17.0,0.084
2025-04-30T04:08:14.000,11.57,3.0,12.18,17.63,20.34,681,-9.9,-17.0,0.084
2025-04-30T04:09:14.000,11.59,2.84,12.09,17.64,20.34,682,-9.74,-16.0,0.084
2025-04-30T04:10:14.000,11.59,2.93,14.91,17.41,20.34,683,-9.59,-16.0,0.084
2025-04-30T04:11:14.000,11.59,2.66,16.7,17.29,20.34,684,-9.43,-16.0,0.085
2025-04-30T04:12:14.000,11.6,3.02,20.82,17.05,20.34,685,-9.27,-16.0,0.085
2025-04-30T04:13:14.000,11.61,3.21,24.13,16.88,20.34,686,-9.11,-16.0,0.085
2025-04-30T04:14:15.000,11.64,2.46,26.53,16.78,20.34,687,-8.95,-16.0,0.085
2025-04-30T04:15:15.000,11.7,1.75,25.98,16.8,20.34,688,-8.79,-16.0,0.085
2025-04-30T04:16:15.000,11.73,1.13,29.93,16.65,20.34,689,-8.63,-16.0,0.085
2025-04-30T04:17:15.000,11.74,0.78,34.56,16.5,20.34,690,-8.47,-16.0,0.085
2025-04-30T04:18:15.000,11.74,0.84,41.37,16.3,20.34,691,-8.31,-16.0,0.085
2025-04-30T04:19:15.000,11.76,1.57,49.62,16.11,20.34,692,-8.15,-16.0,0.085
2025-04-30T04:20:15.000,11.84,4.16,78.2,15.62,20.34,693,-7.99,-16.0,0.085
2025-04-30T04:21:15.000,11.92,6.21,108.47,15.26,20.34,694,-7.83,-15.0,0.085
2025-04-30T04:22:15.000,12.0,6.71,127.41,15.08,20.34,695,-7.66,-15.0,0.085
2025-04-30T04:23:16.000,12.08,6.84,152.11,14.89,20.34,696,-7.5,-15.0,0.085
2025-04-30T04:24:16.000,12.15,7.19,177.78,14.72,20.34,697,-7.34,-15.0,0.085
2025-04-30T04:25:24.000,12.16,6.55,246.9,14.37,20.34,698,-7.15,-15.0,0.085
