ecsv/stars660/stars660_2025-04.ecsv
# %ECSV 1.0
# ---
# datatype:
# - {name: time, datatype: string}
# - {name: Enclosure Temperature, unit: deg_C, datatype: float64}
# - {name: Sky Temperature, unit: deg_C, datatype: float64}
# - {name: Frequency, unit: Hz, datatype: float64}
# - {name: MSAS, unit: mag / arcsec2, datatype: float64}
# - {name: ZP, datatype: float64}
# - {name: Sequence Number, datatype: int64}
# - {name: Sun Alt, unit: deg, datatype: float64}
# - {name: Moon Alt, unit: deg, datatype: float64}
# - {name: Moon Illumination, datatype: float64}
# delimiter: ','
# meta: !!omap
# - ida:
#     Data supplier: {affiliation: Ardoz, observer: null}
#     Device type: TESS-W
#     Field of view: 17.0
#     Filters per channel: None
#     Instrument ID: stars660
#     License: ODbL 1.0 http://opendatacommons.org/licenses/odbl/summary/
#     Local timezone: Europe/Madrid
#     Location name: {country: Spain, place: Arzoz, region: Navarre, sub_region: Montejurra, town: Arzoz (Navarra)}
#     Measurement direction per channel: {azimuth: 0.0, zenital: 0.0}
#     Moving / Fixed look direction: FIXED
#     Moving / Stationary position: STATIONARY
#     Number of channels: 1
#     Number of fields per line: 8
#     Number of header lines: 35
#     Position: {height: 0.0, latitude: 42.745234, longitude: -1.898673}
#     TESS MAC address: 98:F4:AB:B2:7B:16
#     TESS cover offset value: 0.0
#     TESS firmware version: '1.0'
#     TESS zero point: 20.34
#     Time Synchronization: timestamp added by MQTT subscriber
#     URL: http://www.darksky.org/NSBM/sdf1.0.pdf
# - __serialized_columns__:
#     Enclosure Temperature:
#       __class__: astropy.units.quantity.Quantity
#       unit: &id001 !astropy.units.Unit {unit: deg_C}
#       value: !astropy.table.SerializedColumn {name: Enclosure Temperature}
#     Frequency:
#       __class__: astropy.units.quantity.Quantity
#       unit: !astropy.units.Unit {unit: Hz}
#       value: !astropy.table.SerializedColumn {name: Frequency}
#     MSAS:
#       __class__: astropy.units.quantity.Quantity
#       unit: !astropy.units.Unit {unit: mag / arcsec2}
#       value: !astropy.table.SerializedColumn {name: MSAS}
#     Moon Alt:
#       __class__: astropy.units.quantity.Quantity
#       unit: &id002 !astropy.units.Unit {unit: deg}
#       value: !astropy.table.SerializedColumn {name: Moon Alt}
#     Sky Temperature:
#       __class__: astropy.units.quantity.Quantity
#       unit: *id001
#       value: !astropy.table.SerializedColumn {name: Sky Temperature}
#     Sun Alt:
#       __class__: astropy.units.quantity.Quantity
#       unit: *id002
#       value: !astropy.table.SerializedColumn {name: Sun Alt}
#     time:
#       __class__: astropy.time.core.Time
#       format: isot
#       in_subfmt: '*'
#       out_subfmt: '*'
#       precision: 3
#       scale: utc
#       value: !astropy.table.SerializedColumn {name: time}
# schema: astropy-2.0
time,Enclosure Temperature,Sky Temperature,Frequency,MSAS,ZP,Sequence Number,Sun Alt,Moon Alt,Moon Illumination
[from data line 210]
2025-04-01T03:31:50.000,13.22,2.02,0.49,21.12,20.34,42384,-24.53,-25.0,0.107
2025-04-01T03:32:50.000,13.26,2.11,0.49,21.12,20.34,42385,-24.37,-25.0,0.107
2025-04-01T03:33:50.000,13.29,2.08,0.49,21.12,20.34,42386,-24.22,-25.0,0.107
2025-04-01T03:34:50.000,13.33,2.08,0.49,21.12,20.34,42387,-24.06,-25.0,0.107
2025-04-01T03:35:51.000,13.37,2.1,0.49,21.11,20.34,42388,-23.9,-25.0,0.107
2025-04-01T03:36:51.000,13.41,2.15,0.49,21.11,20.34,42389,-23.75,-25.0,0.107
2025-04-01T03:37:51.000,13.43,2.11,0.49,21.11,20.34,42390,-23.59,-25.0,0.107
2025-04-01T03:38:51.000,13.43,2.03,0.49,21.11,20.34,42391,-23.43,-25.0,0.107
2025-04-01T03:39:51.000,13.38,1.83,0.49,21.11,20.34,42392,-23.27,-25.0,0.108
2025-04-01T03:40:51.000,13.31,1.84,0.49,21.11,20.34,42393,-23.12,-25.0,0.108
2025-04-01T03:41:51.000,13.28,1.89,0.49,21.11,20.34,42394,-22.96,-25.0,0.108
2025-04-01T03:42:51.000,13.29,1.96,0.49,21.11,20.34,42395,-22.8,-24.0,0.108
2025-04-01T03:43:51.000,13.28,1.96,0.49,21.11,20.34,42396,-22.64,-24.0,0.108
2025-04-01T03:44:51.000,13.32,2.13,0.49,21.11,20.34,42397,-22.48,-24.0,0.108
2025-04-01T03:45:51.000,13.39,2.26,0.49,21.11,20.34,42398,-22.32,-24.0,0.108
2025-04-01T03:46:51.000,13.47,2.35,0.49,21.11,20.34,42399,-22.16,-24.0,0.108
2025-04-01T03:47:52.000,13.52,2.35,0.49,21.12,20.34,42400,-22.0,-24.0,0.108
2025-04-01T03:48:52.000,13.57,2.38,0.49,21.12,20.34,42401,-21.84,-24.0,0.108
2025-04-01T03:49:52.000,13.62,2.37,0.49,21.12,20.34,42402,-21.68,-24.0,0.108
2025-04-01T03:50:52.000,13.64,2.34,0.49,21.12,20.34,42403,-21.52,-24.0,0.108
2025-04-01T03:51:52.000,13.67,2.39,0.49,21.11,20.34,42404,-21.36,-24.0,0.108
2025-04-01T03:52:52.000,13.71,2.47,0.49,21.11,20.34,42405,-21.2,-24.0,0.108
2025-04-01T03:53:52.000,13.73,2.46,0.49,21.11,20.34,42406,-21.04,-24.0,0.108
2025-04-01T03:54:52.000,13.74,2.38,0.5,21.1,20.34,42407,-20.87,-24.0,0.108
2025-04-01T03:55:52.000,13.74,2.31,0.5,21.1,20.34,42408,-20.71,-24.0,0.108
2025-04-01T03:56:53.000,13.69,2.09,0.5,21.09,20.34,42409,-20.55,-24.0,0.108
2025-04-01T03:57:53.000,13.67,2.14,0.5,21.09,20.34,42410,-20.38,-24.0,0.108
2025-04-01T03:58:53.000,13.62,2.01,0.5,21.08,20.34,42411,-20.22,-23.0,0.109
2025-04-01T03:59:53.000,13.59,1.99,0.51,21.08,20.34,42412,-20.06,-23.0,0.109
2025-04-01T04:00:53.000,13.55,1.98,0.51,21.07,20.34,42413,-19.89,-23.0,0.109
2025-04-01T04:01:53.000,13.56,2.12,0.51,21.06,20.34,42414,-19.73,-23.0,0.109
2025-04-01T04:02:53.000,13.58,2.14,0.52,21.06,20.34,42415,-19.56,-23.0,0.109
2025-04-01T04:03:53.000,13.64,2.28,0.52,21.06,20.34,42416,-19.4,-23.0,0.109
2025-04-01T04:04:53.000,13.67,2.18,0.52,21.05,20.34,42417,-19.23,-23.0,0.109
2025-04-01T04:05:53.000,13.67,2.17,0.52,21.04,20.34,42418,-19.07,-23.0,0.109
2025-04-01T04:06:54.000,13.64,1.96,0.53,21.04,20.34,42419,-18.9,-23.0,0.109
2025-04-01T04:07:54.000,13.57,1.86,0.53,21.03,20.34,42420,-18.73,-23.0,0.109
2025-04-01T04:08:54.000,13.49,1.74,0.53,21.03,20.34,42421,-18.57,-23.0,0.109
2025-04-01T04:09:54.000,13.43,1.85,0.53,21.03,20.34,42422,-18.4,-23.0,0.109
2025-04-01T04:10:54.000,13.36,1.6,0.54,21.02,20.34,42423,-18.23,-23.0,0.109
2025-04-01T04:11:54.000,13.3,1.7,0.53,21.02,20.34,42424,-18.07,-23.0,0.109
2025-04-01T04:12:54.000,13.24,1.62,0.54,21.01,20.34,42425,-17.9,-22.0,0.109
2025-04-01T04:13:54.000,13.27,1.92,0.54,21.01,20.34,42426,-17.73,-22.0,0.109
2025-04-01T04:14:55.000,13.33,1.82,0.54,21.01,20.34,42427,-17.56,-22.0,0.109
2025-04-01T04:15:55.000,13.21,1.45,0.55,21.0,20.34,42428,-17.39,-22.0,0.109
2025-04-01T04:16:55.000,13.18,1.58,0.55,20.99,20.34,42429,-17.22,-22.0,0.109
2025-04-01T04:17:55.000,13.14,1.38,0.55,20.99,20.34,42430,-17.06,-22.0,0.11
2025-04-01T04:18:55.000,13.01,1.23,0.55,20.98,20.34,42431,-16.89,-22.0,0.11
2025-04-01T04:19:55.000,12.97,1.41,0.56,20.98,20.34,42432,-16.72,-22.0,0.11
2025-04-01T04:20:55.000,12.97,1.5,0.56,20.97,20.34,42433,-16.55,-22.0,0.11
2025-04-01T04:21:55.000,13.03,1.89,0.56,20.97,20.34,42434,-16.38,-22.0,0.11
2025-04-01T04:22:55.000,13.1,1.79,0.56,20.96,20.34,42435,-16.21,-22.0,0.11
2025-04-01T04:23:55.000,13.12,1.77,0.57,20.96,20.34,42436,-16.04,-22.0,0.11
2025-04-01T04:24:55.000,13.14,1.69,0.57,20.95,20.34,42437,-15.87,-22.0,0.11
2025-04-01T04:25:55.000,13.14,1.64,0.57,20.94,20.34,42438,-15.7,-21.0,0.11
2025-04-01T04:26:55.000,13.15,1.9,0.58,20.93,20.34,42439,-15.53,-21.0,0.11
2025-04-01T04:27:55.000,13.22,2.01,0.59,20.92,20.34,42440,-15.36,-21.0,0.11
2025-04-01T04:28:56.000,13.34,2.25,0.6,20.9,20.34,42441,-15.18,-21.0,0.11
2025-04-01T04:29:56.000,13.41,2.07,0.61,20.88,20.34,42442,-15.01,-21.0,0.11
2025-04-01T04:30:56.000,13.42,2.02,0.62,20.86,20.34,42443,-14.84,-21.0,0.11
2025-04-01T04:31:56.000,13.46,1.96,0.64,20.83,20.34,42444,-14.67,-21.0,0.11
2025-04-01T04:32:56.000,13.43,1.85,0.66,20.8,20.34,42445,-14.5,-21.0,0.11
2025-04-01T04:33:57.000,13.38,1.6,0.68,20.76,20.34,42446,-14.32,-21.0,0.11
2025-04-01T04:34:57.000,13.27,1.29,0.7,20.72,20.34,42447,-14.15,-21.0,0.11
2025-04-01T04:35:57.000,13.17,1.28,0.73,20.68,20.34,42448,-13.98,-21.0,0.11
2025-04-01T04:36:57.000,13.07,1.27,0.77,20.63,20.34,42449,-13.81,-20.0,0.111
2025-04-01T04:37:57.000,12.99,1.09,0.81,20.57,20.34,42450,-13.63,-20.0,0.111
2025-04-01T04:38:57.000,12.88,1.04,0.86,20.51,20.34,42451,-13.46,-20.0,0.111
2025-04-01T04:39:57.000,12.81,0.94,0.91,20.44,20.34,42452,-13.29,-20.0,0.111
2025-04-01T04:40:57.000,12.7,0.66,0.98,20.37,20.34,42453,-13.11,-20.0,0.111
2025-04-01T04:41:57.000,12.51,0.33,1.05,20.28,20.34,42454,-12.94,-20.0,0.111
2025-04-01T04:42:57.000,12.39,0.39,1.14,20.19,20.34,42455,-12.76,-20.0,0.111
2025-04-01T04:43:57.000,12.28,0.3,1.25,20.1,20.34,42456,-12.59,-20.0,0.111
2025-04-01T04:44:57.000,12.14,0.21,1.38,19.99,20.34,42457,-12.42,-20.0,0.111
2025-04-01T04:45:58.000,12.04,0.27,1.53,19.88,20.34,42458,-12.24,-20.0,0.111
2025-04-01T04:46:58.000,11.95,0.18,1.71,19.76,20.34,42459,-12.06,-20.0,0.111
2025-04-01T04:47:58.000,11.88,0.25,1.92,19.63,20.34,42460,-11.89,-19.0,0.111
2025-04-01T04:48:58.000,11.86,0.45,2.18,19.49,20.34,42461,-11.71,-19.0,0.111
2025-04-01T04:49:58.000,11.88,0.55,2.46,19.36,20.34,42462,-11.54,-19.0,0.111
2025-04-01T04:50:58.000,11.92,0.69,2.82,19.21,20.34,42463,-11.36,-19.0,0.111
2025-04-01T04:51:58.000,11.95,0.64,3.23,19.07,20.34,42464,-11.19,-19.0,0.111
2025-04-01T04:52:59.000,11.9,0.41,3.74,18.91,20.34,42465,-11.01,-19.0,0.111
2025-04-01T04:53:59.000,11.82,0.32,4.33,18.75,20.34,42466,-10.83,-19.0,0.111
2025-04-01T04:54:59.000,11.8,0.52,5.03,18.59,20.34,42467,-10.66,-19.0,0.111
2025-04-01T04:55:59.000,11.81,0.54,5.87,18.42,20.34,42468,-10.48,-19.0,0.112
2025-04-01T04:56:59.000,11.81,0.6,6.88,18.25,20.34,42469,-10.3,-19.0,0.112
2025-04-01T04:57:59.000,11.83,0.68,8.0,18.08,20.34,42470,-10.13,-18.0,0.112
2025-04-01T04:58:59.000,11.85,0.68,9.38,17.91,20.34,42471,-9.95,-18.0,0.112
2025-04-01T04:59:59.000,11.84,0.66,11.0,17.74,20.34,42472,-9.77,-18.0,0.112
2025-04-01T05:00:59.000,11.82,0.57,12.9,17.56,20.34,42473,-9.6,-18.0,0.112
2025-04-01T05:02:00.000,11.79,0.52,15.28,17.38,20.34,42474,-9.42,-18.0,0.112
2025-04-01T05:03:00.000,11.75,0.49,18.09,17.2,20.34,42475,-9.24,-18.0,0.112
2025-04-01T05:04:00.000,11.72,0.5,21.25,17.02,20.34,42476,-9.06,-18.0,0.112
2025-04-01T05:05:00.000,11.7,0.55,25.01,16.85,20.34,42477,-8.88,-18.0,0.112
2025-04-01T05:06:00.000,11.67,0.56,29.6,16.66,20.34,42478,-8.71,-18.0,0.112
2025-04-01T05:07:00.000,11.65,0.54,35.53,16.47,20.34,42479,-8.53,-18.0,0.112
2025-04-01T05:08:00.000,11.63,0.53,42.35,16.28,20.34,42480,-8.35,-17.0,0.112
2025-04-01T05:09:01.000,11.61,0.53,48.93,16.12,20.34,42481,-8.17,-17.0,0.112
2025-04-01T05:10:02.000,11.59,0.55,60.2,15.89,20.34,42482,-7.99,-17.0,0.112
2025-04-01T05:11:02.000,11.59,0.61,72.97,15.68,20.34,42483,-7.81,-17.0,0.112
2025-04-01T05:12:02.000,11.58,0.6,89.17,15.47,20.34,42484,-7.63,-17.0,0.112
2025-04-01T05:13:02.000,11.59,0.64,109.39,15.24,20.34,42485,-7.45,-17.0,0.112
2025-04-01T05:14:02.000,11.59,0.67,134.92,15.02,20.34,42486,-7.27,-17.0,0.112
2025-04-01T05:15:02.000,11.62,0.79,167.16,14.78,20.34,42487,-7.09,-17.0,0.113
2025-04-01T05:16:03.000,11.67,0.82,207.53,14.55,20.34,42488,-6.91,-17.0,0.113
2025-04-01T05:17:03.000,11.7,0.86,258.18,14.31,20.34,42489,-6.73,-16.0,0.113
2025-04-01T05:18:03.000,11.75,0.93,321.19,14.08,20.34,42490,-6.55,-16.0,0.113
2025-04-01T05:19:04.000,11.8,0.96,398.84,13.84,20.34,42491,-6.37,-16.0,0.113
2025-04-01T05:20:05.000,11.83,0.97,496.02,13.6,20.34,42492,-6.19,-16.0,0.113
2025-04-01T05:21:05.000,11.89,1.07,617.67,13.37,20.34,42493,-6.01,-16.0,0.113
2025-04-01T05:22:06.000,11.94,1.07,771.36,13.12,20.34,42494,-5.83,-16.0,0.113
2025-04-01T05:23:06.000,11.97,1.08,966.84,12.88,20.34,42495,-5.65,-16.0,0.113
2025-04-01T05:24:07.000,12.0,1.03,1217.0,12.63,20.34,42496,-5.46,-16.0,0.113
2025-04-01T05:25:07.000,12.01,1.09,1536.91,12.38,20.34,42497,-5.28,-15.0,0.113
2025-04-01T05:26:08.000,12.04,1.04,1946.27,12.12,20.34,42498,-5.1,-15.0,0.113
2025-04-01T05:27:08.000,12.04,0.98,2469.87,11.86,20.34,42499,-4.92,-15.0,0.113
2025-04-01T05:28:08.000,12.04,0.99,3139.33,11.6,20.34,42500,-4.74,-15.0,0.113
2025-04-01T05:29:09.000,12.04,0.93,3991.36,11.34,20.34,42501,-4.55,-15.0,0.113
2025-04-01T05:30:09.000,12.06,1.11,5059.56,11.08,20.34,42502,-4.37,-15.0,0.113
2025-04-01T05:31:10.000,12.1,1.1,6371.49,10.83,20.34,42503,-4.19,-15.0,0.113
2025-04-01T05:32:10.000,12.12,1.04,7955.51,10.59,20.34,42504,-4.01,-15.0,0.113
2025-04-01T05:33:11.000,12.12,1.11,9853.73,10.36,20.34,42505,-3.83,-15.0,0.113
2025-04-01T05:34:11.000,12.17,1.32,12112.71,10.13,20.34,42506,-3.64,-14.0,0.114
2025-04-01T05:35:12.000,12.23,1.36,14771.02,9.92,20.34,42507,-3.46,-14.0,0.114
2025-04-01T05:36:12.000,12.27,1.36,17866.78,9.71,20.34,42508,-3.28,-14.0,0.114
2025-04-01T05:37:13.000,12.33,1.41,21440.8,9.51,20.34,42509,-3.09,-14.0,0.114
2025-04-01T05:38:13.000,12.37,1.43,25537.42,9.32,20.34,42510,-2.91,-14.0,0.114
2025-04-01T05:39:14.000,12.4,1.42,30214.67,9.14,20.34,42511,-2.73,-14.0,0.114
2025-04-01T05:40:14.000,12.42,1.44,34381.94,9.21,20.34,42512,-2.55,-14.0,0.114
2025-04-01T05:41:14.000,12.46,1.58,41490.54,8.8,20.34,42513,-2.36,-14.0,0.114
2025-04-01T05:44:40.000,12.67,1.87,53842.24,2.35,20.34,42516,-1.74,-13.0,0.114
2025-04-01T05:45:40.000,12.76,1.98,50000.0,0.0,20.34,42517,-1.56,-13.0,0.114
2025-04-01T05:46:40.000,12.84,2.03,50000.0,0.0,20.34,42518,-1.38,-13.0,0.114
2025-04-01T05:47:41.000,12.92,2.04,50000.0,0.0,20.34,42519,-1.19,-13.0,0.114
2025-04-01T05:48:41.000,12.99,2.12,49444.97,0.18,20.34,42520,-1.01,-13.0,0.114
2025-04-01T05:49:41.000,13.07,2.22,50000.0,0.0,20.34,42521,-0.83,-13.0,0.114
2025-04-01T05:50:42.000,13.15,2.18,50000.0,0.0,20.34,42522,-0.64,-12.0,0.114
2025-04-01T05:51:42.000,13.19,2.1,50000.0,0.0,20.34,42523,-0.46,-12.0,0.114
2025-04-01T06:02:43.000,13.63,2.52,50000.0,0.0,20.34,42534,1.56,-11.0,0.115
2025-04-01T06:03:43.000,13.69,2.6,50000.0,0.0,20.34,42535,1.74,-11.0,0.115
2025-04-01T06:04:44.000,13.77,2.78,50000.0,0.0,20.34,42536,1.93,-11.0,0.115
2025-04-01T06:05:43.000,13.87,2.88,49712.89,0.09,20.34,42537,2.11,-10.0,0.115
2025-04-01T06:06:44.000,13.92,2.74,50000.0,0.0,20.34,42538,2.29,-10.0,0.115
2025-04-01T06:07:44.000,13.92,2.54,50000.0,0.0,20.34,42539,2.48,-10.0,0.115
2025-04-01T06:08:44.000,13.89,2.35,49462.57,0.18,20.34,42540,2.66,-10.0,0.115
2025-04-01T06:09:44.000,13.81,2.22,50000.0,0.0,20.34,42541,2.84,-10.0,0.115
2025-04-01T06:10:44.000,13.79,2.3,50000.0,0.0,20.34,42542,3.03,-10.0,0.116
2025-04-01T06:11:44.000,13.72,2.09,50000.0,0.0,20.34,42543,3.21,-10.0,0.116
2025-04-01T10:07:16.000,21.59,9.85,50000.0,0.0,20.34,42778,43.07,29.0,0.129
2025-04-01T10:08:16.000,21.76,10.51,50000.0,0.0,20.34,42779,43.2,29.0,0.129
2025-04-01T10:09:16.000,22.14,10.82,50000.0,0.0,20.34,42780,43.33,29.0,0.129
2025-04-01T10:10:16.000,21.87,9.26,49383.23,0.2,20.34,42781,43.46,29.0,0.129
2025-04-01T10:11:16.000,21.8,9.98,50000.0,0.0,20.34,42782,43.59,29.0,0.129
2025-04-01T10:13:29.000,21.62,9.92,50000.0,0.0,20.34,42784,43.87,30.0,0.129
2025-04-01T10:14:29.000,21.75,9.86,50000.0,0.0,20.34,42785,43.99,30.0,0.129
2025-04-01T10:15:29.000,21.5,8.88,50000.0,0.0,20.34,42786,44.11,30.0,0.129
2025-04-01T10:16:29.000,21.37,9.22,50000.0,0.0,20.34,42787,44.24,30.0,0.129
2025-04-01T10:17:29.000,21.39,9.62,49383.27,0.2,20.34,42788,44.36,31.0,0.129
2025-04-01T10:18:29.000,21.43,10.01,50000.0,0.0,20.34,42789,44.48,31.0,0.129
2025-04-01T10:19:30.000,21.41,9.29,50000.0,0.0,20.34,42790,44.61,31.0,0.129
2025-04-01T10:20:30.000,21.34,9.5,50000.0,0.0,20.34,42791,44.73,31.0,0.129
2025-04-01T10:27:31.000,21.86,10.84,50000.0,0.0,20.34,42798,45.55,32.0,0.13
2025-04-01T10:28:31.000,21.97,10.25,50000.0,0.0,20.34,42799,45.66,33.0,0.13
2025-04-01T10:29:31.000,21.93,10.11,50000.0,0.0,20.34,42800,45.78,33.0,0.13
2025-04-01T10:30:31.000,22.0,10.58,49689.66,0.1,20.34,42801,45.89,33.0,0.13
2025-04-01T10:31:31.000,21.92,9.45,50000.0,0.0,20.34,42802,46.0,33.0,0.13
2025-04-01T10:32:31.000,21.75,9.95,49689.64,0.1,20.34,42803,46.11,33.0,0.13
2025-04-01T10:33:31.000,22.27,12.65,50000.0,0.0,20.34,42804,46.22,33.0,0.13
2025-04-01T10:34:31.000,23.07,13.04,50000.0,0.0,20.34,42805,46.33,34.0,0.13
2025-04-01T10:35:32.000,23.46,12.8,50000.0,0.0,20.34,42806,46.44,34.0,0.13
2025-04-01T10:39:32.000,23.71,12.45,50000.0,0.0,20.34,42810,46.87,35.0,0.13
2025-04-01T10:40:32.000,24.03,12.67,50000.0,0.0,20.34,42811,46.97,35.0,0.13
2025-04-01T10:41:32.000,24.07,12.3,50000.0,0.0,20.34,42812,47.08,35.0,0.13
2025-04-01T10:42:32.000,24.34,13.29,49691.59,0.1,20.34,42813,47.18,35.0,0.13
2025-04-01T10:43:33.000,24.41,11.72,50000.0,0.0,20.34,42814,47.28,35.0,0.131
2025-04-01T10:44:33.000,24.01,11.27,50000.0,0.0,20.34,42815,47.38,35.0,0.131
2025-04-01T10:45:33.000,24.02,12.18,50000.0,0.0,20.34,42816,47.48,36.0,0.131
2025-04-01T10:46:35.000,24.35,12.94,50000.0,0.0,20.34,42817,47.58,36.0,0.131
2025-04-01T10:47:34.000,24.36,11.99,50000.0,0.0,20.34,42818,47.68,36.0,0.131
2025-04-01T10:48:35.000,23.98,10.4,50000.0,0.0,20.34,42819,47.78,36.0,0.131
2025-04-01T10:49:35.000,23.8,11.91,49689.56,0.11,20.34,42820,47.88,36.0,0.131
2025-04-01T10:50:35.000,24.0,12.14,50000.0,0.0,20.34,42821,47.97,37.0,0.131
2025-04-01T10:51:35.000,24.12,12.15,50000.0,0.0,20.34,42822,48.06,37.0,0.131
2025-04-01T10:52:35.000,23.95,11.31,50000.0,0.0,20.34,42823,48.16,37.0,0.131
2025-04-01T10:56:36.000,23.38,10.9,50000.0,0.0,20.34,42827,48.52,38.0,0.131
2025-04-01T10:57:36.000,23.6,12.01,50000.0,0.0,20.34,42828,48.61,38.0,0.131
2025-04-01T10:58:36.000,23.71,12.65,50000.0,0.0,20.34,42829,48.7,38.0,0.131
2025-04-01T10:59:36.000,24.24,13.23,49691.53,0.1,20.34,42830,48.78,38.0,0.131
2025-04-01T11:00:36.000,24.4,12.5,50000.0,0.0,20.34,42831,48.87,38.0,0.132
2025-04-01T11:01:36.000,24.16,11.59,50000.0,0.0,20.34,42832,48.95,38.0,0.132
2025-04-01T11:02:36.000,24.25,12.79,50000.0,0.0,20.34,42833,49.04,39.0,0.132
2025-04-01T11:03:37.000,24.29,12.26,50000.0,0.0,20.34,42834,49.12,39.0,0.132
2025-04-01T11:04:37.000,24.62,14.01,49383.08,0.21,20.34,42835,49.2,39.0,0.132
2025-04-01T11:05:37.000,24.96,13.28,50000.0,0.0,20.34,42836,49.28,39.0,0.132
2025-04-01T11:06:37.000,24.63,11.38,50000.0,0.0,20.34,42837,49.36,39.0,0.132
2025-04-01T11:07:37.000,24.47,12.31,50000.0,0.0,20.34,42838,49.44,40.0,0.132
2025-04-01T11:08:37.000,24.75,13.94,49691.6,0.1,20.34,42839,49.52,40.0,0.132
2025-04-01T11:09:37.000,25.0,12.64,50000.0,0.0,20.34,42840,49.59,40.0,0.132
2025-04-01T11:10:37.000,24.79,12.52,49689.6,0.1,20.34,42841,49.67,40.0,0.132
2025-04-01T11:11:38.000,25.09,14.08,49689.69,0.1,20.34,42842,49.74,40.0,0.132
2025-04-01T11:12:38.000,25.37,13.24,50000.0,0.0,20.34,42843,49.82,40.0,0.132
2025-04-01T11:13:38.000,25.16,12.53,50000.0,0.0,20.34,42844,49.89,41.0,0.132
2025-04-01T11:14:38.000,25.15,13.59,49691.64,0.1,20.34,42845,49.96,41.0,0.132
2025-04-01T11:15:38.000,25.57,14.37,49689.74,0.1,20.34,42846,50.03,41.0,0.132
2025-04-01T11:16:38.000,26.11,15.74,49379.27,0.21,20.34,42847,50.1,41.0,0.132
2025-04-01T11:17:38.000,26.45,14.5,49383.31,0.2,20.34,42848,50.16,41.0,0.132
2025-04-01T11:18:38.000,26.52,14.71,49383.05,0.21,20.34,42849,50.23,42.0,0.133
