ecsv/stars660/stars660_2024-04.ecsv
# %ECSV 1.0
# ---
# datatype:
# - {name: time, datatype: string}
# - {name: Enclosure Temperature, unit: deg_C, datatype: float64}
# - {name: Sky Temperature, unit: deg_C, datatype: float64}
# - {name: Frequency, unit: Hz, datatype: float64}
# - {name: MSAS, unit: mag / arcsec2, datatype: float64}
# - {name: ZP, datatype: float64}
# - {name: Sequence Number, datatype: int64}
# - {name: Sun Alt, unit: deg, datatype: float64}
# - {name: Moon Alt, unit: deg, datatype: float64}
# - {name: Moon Illumination, datatype: float64}
# delimiter: ','
# meta: !!omap
# - ida:
#     Data supplier: {affiliation: Ardoz, observer: null}
#     Device type: TESS-W
#     Field of view: 17.0
#     Filters per channel: None
#     Instrument ID: stars660
#     License: ODbL 1.0 http://opendatacommons.org/licenses/odbl/summary/
#     Local timezone: Europe/Madrid
#     Location name: {country: '- Arzoz', place: Arzoz (Navarra), region: Spain, sub_region: Navarre, town: Montejurra}
#     Measurement direction per channel: {azimuth: 0.0, zenital: 0.0}
#     Moving / Fixed look direction: FIXED
#     Moving / Stationary position: STATIONARY
#     Number of channels: 1
#     Number of fields per line: 8
#     Number of header lines: 35
#     Position: {height: 0.0, latitude: 42.745234, longitude: -1.898673}
#     TESS MAC address: 98:F4:AB:B2:7B:16
#     TESS cover offset value: 0.0
#     TESS firmware version: '1.0'
#     TESS zero point: 20.34
#     Time Synchronization: timestamp added by MQTT subscriber
#     URL: http://www.darksky.org/NSBM/sdf1.0.pdf
# - __serialized_columns__:
#     Enclosure Temperature:
#       __class__: astropy.units.quantity.Quantity
#       unit: &id001 !astropy.units.Unit {unit: deg_C}
#       value: !astropy.table.SerializedColumn {name: Enclosure Temperature}
#     Frequency:
#       __class__: astropy.units.quantity.Quantity
#       unit: !astropy.units.Unit {unit: Hz}
#       value: !astropy.table.SerializedColumn {name: Frequency}
#     MSAS:
#       __class__: astropy.units.quantity.Quantity
#       unit: !astropy.units.Unit {unit: mag / arcsec2}
#       value: !astropy.table.SerializedColumn {name: MSAS}
#     Moon Alt:
#       __class__: astropy.units.quantity.Quantity
#       unit: &id002 !astropy.units.Unit {unit: deg}
#       value: !astropy.table.SerializedColumn {name: Moon Alt}
#     Sky Temperature:
#       __class__: astropy.units.quantity.Quantity
#       unit: *id001
#       value: !astropy.table.SerializedColumn {name: Sky Temperature}
#     Sun Alt:
#       __class__: astropy.units.quantity.Quantity
#       unit: *id002
#       value: !astropy.table.SerializedColumn {name: Sun Alt}
#     time:
#       __class__: astropy.time.core.Time
#       format: isot
#       in_subfmt: '*'
#       out_subfmt: '*'
#       precision: 3
#       scale: utc
#       value: !astropy.table.SerializedColumn {name: time}
# schema: astropy-2.0
time,Enclosure Temperature,Sky Temperature,Frequency,MSAS,ZP,Sequence Number,Sun Alt,Moon Alt,Moon Illumination
[from data line 9548]
2024-04-09T16:21:41.000,8.26,4.63,50000.0,0.0,20.34,8806,24.95,37.0,0.013
2024-04-09T17:16:48.000,9.74,1.81,50000.0,0.0,20.34,8861,14.95,27.0,0.014
2024-04-09T17:17:48.000,9.68,2.02,50000.0,0.0,20.34,8862,14.76,27.0,0.014
2024-04-09T17:18:48.000,9.77,2.63,50000.0,0.0,20.34,8863,14.58,27.0,0.014
2024-04-09T17:19:48.000,9.86,2.24,49691.57,0.1,20.34,8864,14.4,27.0,0.014
2024-04-09T17:20:48.000,9.92,2.01,50000.0,0.0,20.34,8865,14.21,26.0,0.014
2024-04-09T17:21:48.000,9.82,1.19,49691.52,0.1,20.34,8866,14.03,26.0,0.014
2024-04-09T17:22:48.000,9.82,1.46,50000.0,0.0,20.34,8867,13.85,26.0,0.014
2024-04-09T17:23:48.000,9.78,1.41,50000.0,0.0,20.34,8868,13.66,26.0,0.014
2024-04-09T17:24:49.000,9.62,0.54,49691.48,0.11,20.34,8869,13.48,26.0,0.014
2024-04-09T17:25:49.000,9.47,0.65,49689.63,0.1,20.34,8870,13.29,26.0,0.014
2024-04-09T17:26:49.000,9.34,0.58,50000.0,0.0,20.34,8871,13.11,25.0,0.014
2024-04-09T17:27:49.000,9.24,0.62,50000.0,0.0,20.34,8872,12.93,25.0,0.014
2024-04-09T17:28:49.000,9.21,1.58,50000.0,0.0,20.34,8873,12.74,25.0,0.014
2024-04-09T17:50:52.000,9.27,1.79,50000.0,0.0,20.34,8895,8.7,21.0,0.014
2024-04-09T17:51:52.000,9.27,2.46,50000.0,0.0,20.34,8896,8.52,21.0,0.014
2024-04-09T17:52:52.000,9.29,3.14,50000.0,0.0,20.34,8897,8.33,21.0,0.014
2024-04-09T17:53:52.000,9.29,3.85,49691.49,0.1,20.34,8898,8.15,21.0,0.014
2024-04-09T17:54:52.000,9.16,3.71,50000.0,0.0,20.34,8899,7.97,20.0,0.014
2024-04-09T17:55:52.000,8.7,3.28,50000.0,0.0,20.34,8900,7.78,20.0,0.014
2024-04-09T17:56:52.000,8.21,2.92,50000.0,0.0,20.34,8901,7.6,20.0,0.014
2024-04-09T18:12:54.000,8.49,0.87,50000.0,0.0,20.34,8917,4.67,17.0,0.015
2024-04-09T18:13:55.000,8.5,0.46,50000.0,0.0,20.34,8918,4.49,17.0,0.015
2024-04-09T18:14:55.000,8.46,0.11,50000.0,0.0,20.34,8919,4.3,17.0,0.015
2024-04-09T18:15:55.000,8.47,0.1,49716.17,0.09,20.34,8920,4.12,17.0,0.015
2024-04-09T18:16:55.000,8.43,-0.02,50000.0,0.0,20.34,8921,3.94,17.0,0.015
2024-04-09T18:17:55.000,8.42,0.13,49454.05,0.18,20.34,8922,3.76,16.0,0.015
2024-04-09T18:18:55.000,8.39,-0.07,50000.0,0.0,20.34,8923,3.58,16.0,0.015
2024-04-09T18:19:55.000,8.37,0.04,50000.0,0.0,20.34,8924,3.4,16.0,0.015
2024-04-09T18:20:55.000,8.38,0.27,50000.0,0.0,20.34,8925,3.21,16.0,0.015
2024-04-09T18:21:56.000,8.4,0.22,50000.0,0.0,20.34,8926,3.03,16.0,0.015
2024-04-09T18:22:56.000,8.34,-0.02,50000.0,0.0,20.34,8927,2.85,16.0,0.015
2024-04-09T18:23:56.000,8.3,0.06,49731.44,0.09,20.34,8928,2.67,15.0,0.015
2024-04-09T18:24:56.000,8.25,-0.25,50000.0,0.0,20.34,8929,2.48,15.0,0.015
2024-04-09T18:25:56.000,8.25,-0.15,50000.0,0.0,20.34,8930,2.3,15.0,0.015
2024-04-09T18:26:56.000,8.27,-0.25,50000.0,0.0,20.34,8931,2.12,15.0,0.015
2024-04-09T18:29:56.000,8.22,-0.27,50000.0,0.0,20.34,8934,1.58,14.0,0.015
2024-04-09T18:30:57.000,8.22,-0.27,50000.0,0.0,20.34,8935,1.39,14.0,0.015
2024-04-09T18:31:57.000,8.2,-0.31,50000.0,0.0,20.34,8936,1.21,14.0,0.015
2024-04-09T18:35:02.000,8.22,-0.06,50000.0,0.0,20.34,8938,0.66,13.0,0.015
2024-04-09T18:36:02.000,8.25,0.13,50000.0,0.0,20.34,8939,0.48,13.0,0.015
2024-04-09T18:37:02.000,8.24,-0.03,50000.0,0.0,20.34,8940,0.3,13.0,0.015
2024-04-09T18:40:02.000,8.19,-0.1,50000.0,0.0,20.34,8943,-0.25,13.0,0.015
2024-04-09T18:41:02.000,8.18,-0.18,50000.0,0.0,20.34,8944,-0.43,12.0,0.015
2024-04-09T18:42:02.000,8.19,0.02,50000.0,0.0,20.34,8945,-0.6,12.0,0.015
2024-04-09T18:43:03.000,8.2,0.21,48901.92,0.36,20.34,8946,-0.79,12.0,0.015
2024-04-09T18:44:03.000,8.19,0.22,50000.0,0.0,20.34,8947,-0.97,12.0,0.015
2024-04-09T18:45:04.000,8.22,-0.13,50000.0,0.0,20.34,8948,-1.15,12.0,0.015
2024-04-09T18:46:04.000,8.19,-0.35,50000.0,0.0,20.34,8949,-1.33,11.0,0.015
2024-04-09T18:47:04.000,8.17,-0.34,50000.0,0.0,20.34,8950,-1.51,11.0,0.015
2024-04-09T18:48:05.000,8.14,-0.4,54560.78,2.78,20.34,8951,-1.69,11.0,0.016
2024-04-09T18:49:05.000,8.12,-0.38,58621.87,8.42,20.34,8952,-1.87,11.0,0.016
2024-04-09T18:50:05.000,8.12,-0.29,50913.21,8.57,20.34,8953,-2.05,11.0,0.016
2024-04-09T18:51:05.000,8.14,-0.29,44149.62,8.73,20.34,8954,-2.23,11.0,0.016
2024-04-09T18:52:06.000,8.14,-0.27,37994.29,8.89,20.34,8955,-2.41,10.0,0.016
2024-04-09T18:53:06.000,8.15,-0.26,32368.42,9.07,20.34,8956,-2.59,10.0,0.016
2024-04-09T18:54:06.000,8.14,-0.18,27394.94,9.25,20.34,8957,-2.77,10.0,0.016
2024-04-09T18:55:07.000,8.17,-0.19,23064.24,9.43,20.34,8958,-2.95,10.0,0.016
2024-04-09T18:56:07.000,8.14,-0.33,19325.51,9.63,20.34,8959,-3.13,10.0,0.016
2024-04-09T18:57:07.000,8.11,-0.22,16329.12,9.81,20.34,8960,-3.3,10.0,0.016
2024-04-09T18:58:08.000,8.09,-0.24,13659.91,10.0,20.34,8961,-3.48,9.0,0.016
2024-04-09T18:59:08.000,8.25,-0.1,11464.8,10.19,20.34,8962,-3.66,9.0,0.016
2024-04-09T19:00:09.000,8.69,-0.43,9416.47,10.41,20.34,8963,-3.84,9.0,0.016
2024-04-09T19:01:09.000,9.08,-0.91,7382.76,10.67,20.34,8964,-4.02,9.0,0.016
2024-04-09T19:02:10.000,9.48,-0.67,6003.44,10.9,20.34,8965,-4.2,9.0,0.016
2024-04-09T19:03:10.000,9.8,-1.05,4878.93,11.12,20.34,8966,-4.38,9.0,0.016
2024-04-09T19:04:10.000,9.99,-1.11,3965.13,11.35,20.34,8967,-4.55,8.0,0.016
2024-04-09T19:05:10.000,9.97,-1.29,3228.58,11.57,20.34,8968,-4.73,8.0,0.016
2024-04-09T19:06:11.000,9.93,-0.94,2629.2,11.79,20.34,8969,-4.91,8.0,0.016
2024-04-09T19:07:11.000,10.02,-1.15,2139.07,12.02,20.34,8970,-5.09,8.0,0.016
2024-04-09T19:08:12.000,9.95,-1.03,1736.96,12.24,20.34,8971,-5.27,8.0,0.016
2024-04-09T19:09:12.000,10.03,-0.73,1402.2,12.48,20.34,8972,-5.44,8.0,0.016
2024-04-09T19:10:13.000,9.96,-0.78,1126.76,12.71,20.34,8973,-5.62,7.0,0.016
2024-04-09T19:11:13.000,9.93,-1.09,903.49,12.95,20.34,8974,-5.8,7.0,0.016
2024-04-09T19:12:13.000,9.99,-1.3,725.07,13.19,20.34,8975,-5.97,7.0,0.016
2024-04-09T19:13:14.000,9.99,-1.31,584.2,13.43,20.34,8976,-6.15,7.0,0.016
2024-04-09T19:14:15.000,9.84,-1.12,487.58,13.62,20.34,8977,-6.33,7.0,0.016
2024-04-09T19:15:15.000,9.94,-1.23,399.04,13.84,20.34,8978,-6.51,6.0,0.016
2024-04-09T19:16:16.000,10.04,-1.32,301.01,14.15,20.34,8979,-6.69,6.0,0.016
2024-04-09T19:17:16.000,9.94,-1.1,238.8,14.4,20.34,8980,-6.86,6.0,0.016
2024-04-09T19:18:16.000,9.86,-1.4,190.07,14.64,20.34,8981,-7.03,6.0,0.016
2024-04-09T19:19:17.000,9.99,-1.37,152.4,14.88,20.34,8982,-7.21,6.0,0.016
2024-04-09T19:20:17.000,9.94,-1.6,121.75,15.13,20.34,8983,-7.39,6.0,0.016
2024-04-09T19:21:17.000,10.01,-1.18,97.75,15.37,20.34,8984,-7.56,5.0,0.016
2024-04-09T19:22:18.000,9.95,-1.2,78.73,15.6,20.34,8985,-7.74,5.0,0.016
2024-04-09T19:23:22.000,9.92,-0.94,63.96,15.83,20.34,8986,-7.92,5.0,0.016
2024-04-09T19:24:21.000,10.06,-0.82,50.38,16.09,20.34,8987,-8.09,5.0,0.016
2024-04-09T19:25:21.000,9.96,-0.48,42.58,16.27,20.34,8988,-8.27,5.0,0.016
2024-04-09T19:26:21.000,9.83,-0.75,37.88,16.4,20.34,8989,-8.44,5.0,0.016
2024-04-09T19:27:21.000,9.95,-0.32,31.53,16.6,20.34,8990,-8.61,4.0,0.016
2024-04-09T19:28:22.000,10.07,-0.49,25.16,16.84,20.34,8991,-8.79,4.0,0.016
2024-04-09T19:29:22.000,9.93,-0.5,20.77,17.05,20.34,8992,-8.96,4.0,0.016
2024-04-09T19:30:22.000,9.88,-0.67,19.11,17.14,20.34,8993,-9.14,4.0,0.016
2024-04-09T19:31:22.000,10.05,-0.73,14.17,17.46,20.34,8994,-9.31,4.0,0.016
2024-04-09T19:32:22.000,10.02,-0.6,12.22,17.62,20.34,8995,-9.48,4.0,0.016
2024-04-09T19:33:22.000,9.92,-0.02,10.59,17.78,20.34,8996,-9.65,3.0,0.016
2024-04-09T19:34:22.000,10.04,0.57,10.38,17.8,20.34,8997,-9.82,3.0,0.016
2024-04-09T19:35:22.000,10.04,1.45,11.55,17.69,20.34,8998,-10.0,3.0,0.017
2024-04-09T19:36:23.000,9.84,0.14,7.68,18.14,20.34,8999,-10.17,3.0,0.017
2024-04-09T19:37:22.000,9.85,-0.82,5.9,18.41,20.34,9000,-10.34,3.0,0.017
2024-04-09T19:38:23.000,9.98,-1.12,5.1,18.57,20.34,9001,-10.51,3.0,0.017
2024-04-09T19:39:23.000,9.96,-1.21,4.43,18.73,20.34,9002,-10.68,2.0,0.017
2024-04-09T19:40:23.000,9.94,-1.03,3.9,18.86,20.34,9003,-10.85,2.0,0.017
2024-04-09T19:41:23.000,10.04,-0.93,3.45,19.0,20.34,9004,-11.02,2.0,0.017
2024-04-09T19:42:23.000,9.86,-0.91,3.03,19.14,20.34,9005,-11.19,2.0,0.017
2024-04-09T19:43:23.000,9.95,-0.28,2.76,19.24,20.34,9006,-11.36,2.0,0.017
2024-04-09T19:44:23.000,10.03,-0.07,2.64,19.28,20.34,9007,-11.53,2.0,0.017
2024-04-09T19:45:23.000,9.93,0.04,2.64,19.3,20.34,9008,-11.7,1.0,0.017
2024-04-09T19:46:23.000,9.99,-0.2,1.92,19.63,20.34,9009,-11.87,1.0,0.017
2024-04-09T19:47:23.000,10.02,0.2,1.84,19.68,20.34,9010,-12.04,1.0,0.017
2024-04-09T19:48:24.000,9.86,1.34,2.02,19.58,20.34,9011,-12.21,1.0,0.017
2024-04-09T19:49:24.000,10.12,3.08,2.05,19.56,20.34,9012,-12.38,1.0,0.017
2024-04-09T19:50:24.000,10.17,3.28,2.12,19.53,20.34,9013,-12.55,1.0,0.017
2024-04-09T19:51:24.000,9.89,2.89,1.93,19.63,20.34,9014,-12.72,0.0,0.017
2024-04-09T19:52:24.000,9.87,1.63,1.26,20.1,20.34,9015,-12.89,0.0,0.017
2024-04-09T19:53:25.000,9.96,1.37,1.51,19.9,20.34,9016,-13.06,0.0,0.017
2024-04-09T19:54:25.000,10.19,2.31,1.58,19.86,20.34,9017,-13.22,-0.0,0.017
2024-04-09T19:55:25.000,10.18,1.46,0.96,20.38,20.34,9018,-13.39,-0.0,0.017
2024-04-09T19:56:25.000,9.93,0.72,0.9,20.45,20.34,9019,-13.56,-0.0,0.017
2024-04-09T19:57:25.000,9.83,0.59,0.96,20.39,20.34,9020,-13.72,-1.0,0.017
2024-04-09T19:58:25.000,9.99,0.87,0.85,20.51,20.34,9021,-13.89,-1.0,0.017
2024-04-09T19:59:25.000,10.06,0.87,0.89,20.47,20.34,9022,-14.06,-1.0,0.017
2024-04-09T20:00:25.000,9.94,1.22,0.84,20.53,20.34,9023,-14.22,-1.0,0.017
2024-04-09T20:01:25.000,9.99,1.34,0.93,20.42,20.34,9024,-14.39,-1.0,0.017
2024-04-09T20:02:25.000,9.95,0.71,0.84,20.53,20.34,9025,-14.55,-1.0,0.017
2024-04-09T20:03:25.000,10.02,0.76,0.85,20.52,20.34,9026,-14.72,-2.0,0.017
2024-04-09T20:04:26.000,10.01,0.88,0.8,20.59,20.34,9027,-14.88,-2.0,0.017
2024-04-09T20:05:26.000,9.84,0.03,0.68,20.76,20.34,9028,-15.05,-2.0,0.017
2024-04-09T20:06:26.000,9.97,0.39,0.71,20.71,20.34,9029,-15.21,-2.0,0.017
2024-04-09T20:07:26.000,10.08,0.47,0.81,20.58,20.34,9030,-15.38,-2.0,0.017
2024-04-09T20:08:26.000,9.87,-0.34,0.67,20.78,20.34,9031,-15.54,-2.0,0.017
2024-04-09T20:09:26.000,9.8,-0.77,0.63,20.84,20.34,9032,-15.7,-2.0,0.017
2024-04-09T20:10:26.000,9.98,-0.42,0.64,20.82,20.34,9033,-15.87,-3.0,0.017
2024-04-09T20:11:26.000,10.09,-1.0,0.64,20.83,20.34,9034,-16.03,-3.0,0.017
2024-04-09T20:12:27.000,9.81,-1.1,0.63,20.85,20.34,9035,-16.19,-3.0,0.017
2024-04-09T20:13:27.000,9.82,-1.23,0.61,20.87,20.34,9036,-16.36,-3.0,0.017
2024-04-09T20:14:27.000,9.97,-1.24,0.61,20.88,20.34,9037,-16.52,-3.0,0.017
2024-04-09T20:15:27.000,10.02,-1.31,0.6,20.89,20.34,9038,-16.68,-3.0,0.017
2024-04-09T20:16:27.000,9.79,-1.45,0.6,20.89,20.34,9039,-16.84,-4.0,0.017
2024-04-09T20:17:27.000,9.72,-1.82,0.59,20.91,20.34,9040,-17.0,-4.0,0.017
2024-04-09T20:18:27.000,9.89,-1.09,0.6,20.9,20.34,9041,-17.16,-4.0,0.017
2024-04-09T20:19:28.000,10.08,-1.23,0.59,20.92,20.34,9042,-17.33,-4.0,0.017
2024-04-09T20:20:27.000,9.93,-1.14,0.58,20.93,20.34,9043,-17.48,-4.0,0.017
2024-04-09T20:21:28.000,9.87,-1.31,0.58,20.94,20.34,9044,-17.65,-4.0,0.018
2024-04-09T20:22:28.000,10.01,-1.33,0.57,20.94,20.34,9045,-17.81,-5.0,0.018
2024-04-09T20:23:28.000,9.98,-1.42,0.57,20.94,20.34,9046,-17.96,-5.0,0.018
2024-04-09T20:24:28.000,9.81,-1.34,0.57,20.94,20.34,9047,-18.12,-5.0,0.018
2024-04-09T20:25:28.000,9.99,-0.79,0.58,20.94,20.34,9048,-18.28,-5.0,0.018
2024-04-09T20:26:28.000,10.09,-0.88,0.58,20.94,20.34,9049,-18.44,-5.0,0.018
2024-04-09T20:27:29.000,9.81,-1.28,0.58,20.94,20.34,9050,-18.6,-5.0,0.018
2024-04-09T20:28:29.000,9.73,-1.36,0.58,20.94,20.34,9051,-18.76,-6.0,0.018
2024-04-09T20:29:29.000,9.91,-0.91,0.58,20.93,20.34,9052,-18.92,-6.0,0.018
2024-04-09T20:30:29.000,10.21,-0.14,0.59,20.92,20.34,9053,-19.07,-6.0,0.018
2024-04-09T20:31:29.000,9.98,-1.36,0.57,20.95,20.34,9054,-19.23,-6.0,0.018
2024-04-09T20:32:29.000,9.85,-0.93,0.57,20.95,20.34,9055,-19.38,-6.0,0.018
2024-04-09T20:33:29.000,9.9,-1.0,0.57,20.94,20.34,9056,-19.54,-6.0,0.018
2024-04-09T20:34:29.000,10.07,-1.16,0.57,20.94,20.34,9057,-19.7,-6.0,0.018
2024-04-09T20:35:30.000,9.93,-1.37,0.58,20.93,20.34,9058,-19.85,-7.0,0.018
2024-04-09T20:36:30.000,9.89,-0.42,0.59,20.9,20.34,9059,-20.01,-7.0,0.018
2024-04-09T20:37:31.000,10.06,-0.46,0.59,20.91,20.34,9060,-20.17,-7.0,0.018
2024-04-09T20:38:31.000,9.98,-0.2,0.68,20.75,20.34,9061,-20.32,-7.0,0.018
2024-04-09T20:39:31.000,10.07,0.05,0.62,20.87,20.34,9062,-20.47,-7.0,0.018
2024-04-09T20:40:31.000,9.86,-0.97,0.58,20.94,20.34,9063,-20.63,-7.0,0.018
2024-04-09T20:41:31.000,9.74,-1.5,0.58,20.94,20.34,9064,-20.78,-8.0,0.018
2024-04-09T20:42:32.000,9.88,-1.41,0.58,20.94,20.34,9065,-20.93,-8.0,0.018
2024-04-09T20:43:32.000,10.01,-1.43,0.58,20.94,20.34,9066,-21.09,-8.0,0.018
2024-04-09T20:44:33.000,9.94,-1.37,0.58,20.93,20.34,9067,-21.24,-8.0,0.018
2024-04-09T20:45:33.000,9.79,-1.47,0.57,20.94,20.34,9068,-21.39,-8.0,0.018
2024-04-09T20:46:35.000,9.91,-1.56,0.58,20.93,20.34,9069,-21.55,-8.0,0.018
2024-04-09T20:47:35.000,10.0,-1.49,0.58,20.94,20.34,9070,-21.7,-8.0,0.018
2024-04-09T20:48:35.000,10.05,-1.14,0.58,20.93,20.34,9071,-21.85,-9.0,0.018
2024-04-09T20:49:35.000,9.86,-1.31,0.58,20.94,20.34,9072,-22.0,-9.0,0.018
2024-04-09T20:50:35.000,10.04,-0.47,0.58,20.94,20.34,9073,-22.15,-9.0,0.018
2024-04-09T20:51:35.000,10.08,-1.21,0.58,20.94,20.34,9074,-22.3,-9.0,0.018
2024-04-09T20:52:36.000,9.84,-1.06,0.58,20.94,20.34,9075,-22.45,-9.0,0.018
2024-04-09T20:53:36.000,9.89,-1.2,0.57,20.94,20.34,9076,-22.6,-9.0,0.018
2024-04-09T20:54:36.000,10.03,-1.15,0.57,20.94,20.34,9077,-22.75,-10.0,0.018
2024-04-09T20:55:36.000,9.97,-1.03,0.58,20.94,20.34,9078,-22.89,-10.0,0.018
2024-04-09T20:56:37.000,9.84,-1.49,0.58,20.94,20.34,9079,-23.04,-10.0,0.018
2024-04-09T20:57:36.000,9.89,-1.57,0.57,20.94,20.34,9080,-23.19,-10.0,0.018
2024-04-09T20:58:36.000,9.98,-1.76,0.58,20.94,20.34,9081,-23.33,-10.0,0.018
2024-04-09T20:59:36.000,9.97,-1.66,0.58,20.94,20.34,9082,-23.48,-10.0,0.018
2024-04-09T21:00:37.000,10.16,-0.63,0.57,20.94,20.34,9083,-23.63,-10.0,0.018
2024-04-09T21:01:38.000,10.06,-0.8,0.57,20.95,20.34,9084,-23.77,-11.0,0.018
2024-04-09T21:02:38.000,9.85,-1.09,0.57,20.95,20.34,9085,-23.92,-11.0,0.018
2024-04-09T21:03:38.000,9.73,-1.76,0.57,20.96,20.34,9086,-24.06,-11.0,0.018
2024-04-09T21:04:38.000,9.88,-1.2,0.57,20.95,20.34,9087,-24.21,-11.0,0.018
2024-04-09T21:05:38.000,10.07,-1.37,0.57,20.95,20.34,9088,-24.35,-11.0,0.018
2024-04-09T21:06:38.000,9.93,-1.36,0.57,20.95,20.34,9089,-24.49,-11.0,0.019
2024-04-09T21:07:38.000,9.89,-1.36,0.57,20.95,20.34,9090,-24.63,-11.0,0.019
2024-04-09T21:08:38.000,10.01,-1.2,0.57,20.95,20.34,9091,-24.78,-12.0,0.019
2024-04-09T21:09:39.000,9.96,-1.5,0.57,20.95,20.34,9092,-24.92,-12.0,0.019
2024-04-09T21:10:39.000,9.76,-1.54,0.57,20.95,20.34,9093,-25.06,-12.0,0.019
2024-04-09T21:11:39.000,9.89,-1.4,0.57,20.96,20.34,9094,-25.2,-12.0,0.019
2024-04-09T21:12:41.000,9.96,-1.87,0.56,20.96,20.34,9095,-25.35,-12.0,0.019
2024-04-09T21:13:41.000,9.98,-2.01,0.57,20.96,20.34,9096,-25.48,-12.0,0.019
2024-04-09T21:14:41.000,9.71,-2.21,0.57,20.96,20.34,9097,-25.62,-12.0,0.019
2024-04-09T21:15:41.000,9.72,-1.98,0.56,20.96,20.34,9098,-25.76,-13.0,0.019
2024-04-09T21:16:41.000,9.86,-1.76,0.56,20.96,20.34,9099,-25.9,-13.0,0.019
2024-04-09T21:17:42.000,10.02,-1.72,0.56,20.97,20.34,9100,-26.04,-13.0,0.019
2024-04-09T21:18:41.000,9.89,-1.94,0.56,20.96,20.34,9101,-26.17,-13.0,0.019
2024-04-09T21:19:41.000,9.75,-2.16,0.57,20.95,20.34,9102,-26.31,-13.0,0.019
2024-04-09T21:20:42.000,9.82,-1.86,0.56,20.97,20.34,9103,-26.45,-13.0,0.019
2024-04-09T21:21:42.000,9.96,-1.78,0.56,20.98,20.34,9104,-26.59,-13.0,0.019
2024-04-09T21:22:42.000,10.04,-1.55,0.56,20.98,20.34,9105,-26.72,-14.0,0.019
2024-04-09T21:23:42.000,9.82,-1.75,0.56,20.96,20.34,9106,-26.85,-14.0,0.019
2024-04-09T21:24:43.000,9.77,-1.88,0.56,20.98,20.34,9107,-26.99,-14.0,0.019
2024-04-09T21:25:43.000,9.82,-2.03,0.56,20.98,20.34,9108,-27.12,-14.0,0.019
2024-04-09T21:26:43.000,9.92,-1.91,0.56,20.98,20.34,9109,-27.26,-14.0,0.019
2024-04-09T21:27:43.000,9.97,-2.12,0.56,20.98,20.34,9110,-27.39,-14.0,0.019
2024-04-09T21:28:43.000,10.05,-1.64,0.56,20.97,20.34,9111,-27.52,-14.0,0.019
2024-04-09T21:29:43.000,9.89,-1.71,0.56,20.97,20.34,9112,-27.65,-15.0,0.019
2024-04-09T21:30:44.000,9.75,-1.9,0.56,20.97,20.34,9113,-27.79,-15.0,0.019
2024-04-09T21:31:43.000,9.88,-1.7,0.56,20.97,20.34,9114,-27.91,-15.0,0.019
