ecsv/stars660/stars660_2024-04.ecsv
# %ECSV 1.0
# ---
# datatype:
# - {name: time, datatype: string}
# - {name: Enclosure Temperature, unit: deg_C, datatype: float64}
# - {name: Sky Temperature, unit: deg_C, datatype: float64}
# - {name: Frequency, unit: Hz, datatype: float64}
# - {name: MSAS, unit: mag / arcsec2, datatype: float64}
# - {name: ZP, datatype: float64}
# - {name: Sequence Number, datatype: int64}
# - {name: Sun Alt, unit: deg, datatype: float64}
# - {name: Moon Alt, unit: deg, datatype: float64}
# - {name: Moon Illumination, datatype: float64}
# delimiter: ','
# meta: !!omap
# - ida:
#     Data supplier: {affiliation: Ardoz, observer: null}
#     Device type: TESS-W
#     Field of view: 17.0
#     Filters per channel: None
#     Instrument ID: stars660
#     License: ODbL 1.0 http://opendatacommons.org/licenses/odbl/summary/
#     Local timezone: Europe/Madrid
#     Location name: {country: '- Arzoz', place: Arzoz (Navarra), region: Spain, sub_region: Navarre, town: Montejurra}
#     Measurement direction per channel: {azimuth: 0.0, zenital: 0.0}
#     Moving / Fixed look direction: FIXED
#     Moving / Stationary position: STATIONARY
#     Number of channels: 1
#     Number of fields per line: 8
#     Number of header lines: 35
#     Position: {height: 0.0, latitude: 42.745234, longitude: -1.898673}
#     TESS MAC address: 98:F4:AB:B2:7B:16
#     TESS cover offset value: 0.0
#     TESS firmware version: '1.0'
#     TESS zero point: 20.34
#     Time Synchronization: timestamp added by MQTT subscriber
#     URL: http://www.darksky.org/NSBM/sdf1.0.pdf
# - __serialized_columns__:
#     Enclosure Temperature:
#       __class__: astropy.units.quantity.Quantity
#       unit: &id001 !astropy.units.Unit {unit: deg_C}
#       value: !astropy.table.SerializedColumn {name: Enclosure Temperature}
#     Frequency:
#       __class__: astropy.units.quantity.Quantity
#       unit: !astropy.units.Unit {unit: Hz}
#       value: !astropy.table.SerializedColumn {name: Frequency}
#     MSAS:
#       __class__: astropy.units.quantity.Quantity
#       unit: !astropy.units.Unit {unit: mag / arcsec2}
#       value: !astropy.table.SerializedColumn {name: MSAS}
#     Moon Alt:
#       __class__: astropy.units.quantity.Quantity
#       unit: &id002 !astropy.units.Unit {unit: deg}
#       value: !astropy.table.SerializedColumn {name: Moon Alt}
#     Sky Temperature:
#       __class__: astropy.units.quantity.Quantity
#       unit: *id001
#       value: !astropy.table.SerializedColumn {name: Sky Temperature}
#     Sun Alt:
#       __class__: astropy.units.quantity.Quantity
#       unit: *id002
#       value: !astropy.table.SerializedColumn {name: Sun Alt}
#     time:
#       __class__: astropy.time.core.Time
#       format: isot
#       in_subfmt: '*'
#       out_subfmt: '*'
#       precision: 3
#       scale: utc
#       value: !astropy.table.SerializedColumn {name: time}
# schema: astropy-2.0
time,Enclosure Temperature,Sky Temperature,Frequency,MSAS,ZP,Sequence Number,Sun Alt,Moon Alt,Moon Illumination
[from data line 5732]
2024-04-06T11:13:47.000,20.26,13.68,49074.83,0.3,20.34,4204,51.92,36.0,0.078
2024-04-06T11:14:46.000,20.54,15.02,49074.87,0.3,20.34,4205,51.99,36.0,0.078
2024-04-06T11:15:47.000,20.86,14.67,50000.0,0.0,20.34,4206,52.06,36.0,0.078
2024-04-06T11:16:47.000,20.9,14.47,50000.0,0.0,20.34,4207,52.13,36.0,0.078
2024-04-06T11:17:47.000,20.97,13.93,49689.69,0.1,20.34,4208,52.2,36.0,0.078
2024-04-06T11:18:48.000,20.77,13.4,50000.0,0.0,20.34,4209,52.27,36.0,0.078
2024-04-06T11:19:48.000,20.54,12.68,49383.12,0.2,20.34,4210,52.33,36.0,0.078
2024-04-06T11:20:48.000,20.27,12.94,49689.65,0.1,20.34,4211,52.4,36.0,0.078
2024-04-06T11:21:48.000,20.4,13.99,49689.73,0.1,20.34,4212,52.46,36.0,0.078
2024-04-06T11:22:48.000,20.42,13.4,49689.71,0.1,20.34,4213,52.52,36.0,0.078
2024-04-06T11:23:49.000,20.33,12.62,49074.71,0.31,20.34,4214,52.58,36.0,0.078
2024-04-06T11:24:49.000,20.23,13.46,50000.0,0.0,20.34,4215,52.64,36.0,0.078
2024-04-06T11:25:49.000,20.58,14.69,49689.7,0.1,20.34,4216,52.7,36.0,0.078
2024-04-06T11:26:49.000,20.95,15.38,49080.51,0.3,20.34,4217,52.76,36.0,0.078
2024-04-06T11:27:50.000,21.32,15.28,50000.0,0.0,20.34,4218,52.81,35.0,0.077
2024-04-06T11:28:49.000,21.47,15.24,49074.59,0.31,20.34,4219,52.87,35.0,0.077
2024-04-06T11:29:50.000,21.87,16.32,49689.59,0.11,20.34,4220,52.92,35.0,0.077
2024-04-06T11:30:50.000,22.03,15.18,50000.0,0.0,20.34,4221,52.97,35.0,0.077
2024-04-06T11:31:50.000,22.05,15.36,50000.0,0.0,20.34,4222,53.03,35.0,0.077
2024-04-06T11:32:50.000,22.37,16.97,49383.28,0.2,20.34,4223,53.08,35.0,0.077
2024-04-06T11:33:50.000,23.01,18.31,49691.64,0.1,20.34,4224,53.12,35.0,0.077
2024-04-06T11:34:51.000,23.66,18.81,50000.0,0.0,20.34,4225,53.17,35.0,0.077
2024-04-06T11:35:50.000,23.9,16.94,50000.0,0.0,20.34,4226,53.22,35.0,0.077
2024-04-06T11:36:51.000,23.37,14.23,50000.0,0.0,20.34,4227,53.26,35.0,0.077
2024-04-06T11:37:51.000,22.72,13.73,50000.0,0.0,20.34,4228,53.31,35.0,0.077
2024-04-06T11:38:51.000,22.27,14.0,49691.53,0.1,20.34,4229,53.35,35.0,0.077
2024-04-06T11:39:51.000,22.23,15.47,50000.0,0.0,20.34,4230,53.39,35.0,0.077
2024-04-06T11:40:51.000,22.54,16.11,50000.0,0.0,20.34,4231,53.43,35.0,0.077
2024-04-06T11:41:52.000,22.63,16.46,50000.0,0.0,20.34,4232,53.47,34.0,0.077
2024-04-06T11:42:52.000,22.7,15.88,50000.0,0.0,20.34,4233,53.5,34.0,0.077
2024-04-06T11:43:53.000,22.71,16.03,49383.28,0.2,20.34,4234,53.54,34.0,0.077
2024-04-06T11:44:53.000,22.58,15.25,50000.0,0.0,20.34,4235,53.57,34.0,0.077
2024-04-06T11:45:53.000,22.17,13.5,50000.0,0.0,20.34,4236,53.61,34.0,0.077
2024-04-06T11:46:54.000,21.72,13.87,50000.0,0.0,20.34,4237,53.64,34.0,0.077
2024-04-06T11:48:57.000,21.94,15.79,50000.0,0.0,20.34,4239,53.7,34.0,0.077
2024-04-06T11:49:57.000,22.1,15.28,50000.0,0.0,20.34,4240,53.73,34.0,0.076
2024-04-06T11:50:58.000,22.11,15.46,50000.0,0.0,20.34,4241,53.75,34.0,0.076
2024-04-06T11:51:58.000,22.3,16.03,49689.58,0.11,20.34,4242,53.78,34.0,0.076
2024-04-06T11:52:58.000,22.3,15.2,50000.0,0.0,20.34,4243,53.8,34.0,0.076
2024-04-06T11:53:58.000,22.4,16.22,49689.72,0.1,20.34,4244,53.83,34.0,0.076
2024-04-06T11:54:58.000,22.72,16.88,49691.51,0.1,20.34,4245,53.85,33.0,0.076
2024-04-06T11:55:58.000,22.69,15.78,50000.0,0.0,20.34,4246,53.87,33.0,0.076
2024-04-06T11:56:58.000,22.68,16.7,50000.0,0.0,20.34,4247,53.88,33.0,0.076
2024-04-06T11:57:59.000,22.99,17.29,50000.0,0.0,20.34,4248,53.9,33.0,0.076
2024-04-06T11:58:59.000,23.09,15.99,49689.63,0.1,20.34,4249,53.92,33.0,0.076
2024-04-06T12:00:01.000,22.92,15.61,50000.0,0.0,20.34,4250,53.93,33.0,0.076
2024-04-06T12:01:00.000,22.88,15.19,50000.0,0.0,20.34,4251,53.95,33.0,0.076
2024-04-06T12:02:03.000,22.64,15.33,50000.0,0.0,20.34,4252,53.96,33.0,0.076
2024-04-06T12:03:02.000,22.65,15.42,49691.56,0.1,20.34,4253,53.97,33.0,0.076
2024-04-06T12:04:02.000,22.73,16.1,50000.0,0.0,20.34,4254,53.98,33.0,0.076
2024-04-06T12:05:02.000,22.88,16.32,50000.0,0.0,20.34,4255,53.98,33.0,0.076
2024-04-06T12:06:04.000,22.67,14.91,49689.61,0.1,20.34,4256,53.99,32.0,0.076
2024-04-06T12:07:03.000,22.54,15.71,49691.56,0.1,20.34,4257,53.99,32.0,0.076
2024-04-06T12:08:03.000,22.72,16.23,49383.18,0.2,20.34,4258,54.0,32.0,0.076
2024-04-06T12:09:03.000,22.85,16.28,50000.0,0.0,20.34,4259,54.0,32.0,0.076
2024-04-06T12:10:03.000,22.97,16.5,50000.0,0.0,20.34,4260,54.0,32.0,0.076
2024-04-06T12:11:04.000,22.95,15.87,50000.0,0.0,20.34,4261,54.0,32.0,0.076
2024-04-06T12:17:05.000,21.92,15.63,50000.0,0.0,20.34,4267,53.97,31.0,0.075
2024-04-06T12:18:06.000,21.87,15.48,50000.0,0.0,20.34,4268,53.96,31.0,0.075
2024-04-06T12:19:05.000,21.79,15.28,50000.0,0.0,20.34,4269,53.95,31.0,0.075
2024-04-06T12:20:05.000,21.7,15.84,49379.34,0.2,20.34,4270,53.93,31.0,0.075
2024-04-06T12:21:06.000,21.65,16.2,50000.0,0.0,20.34,4271,53.92,31.0,0.075
2024-04-06T12:22:06.000,21.64,15.88,50000.0,0.0,20.34,4272,53.9,31.0,0.075
2024-04-06T12:23:06.000,21.57,16.17,50000.0,0.0,20.34,4273,53.89,31.0,0.075
2024-04-06T12:24:06.000,21.62,16.22,49689.75,0.1,20.34,4274,53.87,31.0,0.075
2024-04-06T12:25:06.000,21.54,15.74,50000.0,0.0,20.34,4275,53.85,31.0,0.075
2024-04-06T12:26:06.000,21.45,16.16,50000.0,0.0,20.34,4276,53.83,30.0,0.075
2024-04-06T12:27:07.000,21.51,15.93,49689.68,0.1,20.34,4277,53.8,30.0,0.075
2024-04-06T12:28:09.000,21.34,15.62,49691.59,0.1,20.34,4278,53.78,30.0,0.075
2024-04-06T12:29:09.000,21.29,15.61,50000.0,0.0,20.34,4279,53.75,30.0,0.075
2024-04-06T12:30:08.000,21.3,16.13,49689.71,0.1,20.34,4280,53.73,30.0,0.075
2024-04-06T12:31:09.000,21.3,15.76,50000.0,0.0,20.34,4281,53.7,30.0,0.075
2024-04-06T12:32:09.000,21.27,15.83,50000.0,0.0,20.34,4282,53.67,30.0,0.075
2024-04-06T12:33:09.000,21.38,16.29,50000.0,0.0,20.34,4283,53.64,30.0,0.075
2024-04-06T12:34:11.000,21.46,16.29,50000.0,0.0,20.34,4284,53.61,30.0,0.074
2024-04-06T12:35:11.000,21.55,16.27,50000.0,0.0,20.34,4285,53.58,29.0,0.074
2024-04-06T12:36:11.000,21.39,15.66,50000.0,0.0,20.34,4286,53.54,29.0,0.074
2024-04-06T12:37:11.000,21.39,16.0,49383.14,0.2,20.34,4287,53.51,29.0,0.074
2024-04-06T12:38:11.000,21.43,16.45,50000.0,0.0,20.34,4288,53.47,29.0,0.074
2024-04-06T12:39:12.000,21.57,16.46,50000.0,0.0,20.34,4289,53.43,29.0,0.074
2024-04-06T12:40:12.000,21.43,15.48,50000.0,0.0,20.34,4290,53.39,29.0,0.074
2024-04-06T12:41:12.000,21.25,15.83,50000.0,0.0,20.34,4291,53.35,29.0,0.074
2024-04-06T12:42:13.000,21.27,16.28,49687.74,0.1,20.34,4292,53.31,29.0,0.074
2024-04-06T12:43:14.000,21.49,16.97,50000.0,0.0,20.34,4293,53.26,29.0,0.074
2024-04-06T12:44:13.000,21.68,17.05,50000.0,0.0,20.34,4294,53.22,28.0,0.074
2024-04-06T12:45:14.000,21.75,16.63,50000.0,0.0,20.34,4295,53.17,28.0,0.074
2024-04-06T12:51:15.000,20.97,15.57,50000.0,0.0,20.34,4301,52.87,28.0,0.074
2024-04-06T12:52:15.000,20.82,15.19,50000.0,0.0,20.34,4302,52.81,27.0,0.074
2024-04-06T12:53:15.000,20.66,15.26,50000.0,0.0,20.34,4303,52.76,27.0,0.074
2024-04-06T12:54:15.000,20.85,16.41,49689.73,0.1,20.34,4304,52.7,27.0,0.074
2024-04-06T12:55:18.000,20.95,15.97,50000.0,0.0,20.34,4305,52.64,27.0,0.074
2024-04-06T12:56:18.000,21.04,16.54,50000.0,0.0,20.34,4306,52.58,27.0,0.073
2024-04-06T12:57:18.000,21.29,16.83,50000.0,0.0,20.34,4307,52.52,27.0,0.073
2024-04-06T12:58:18.000,21.37,16.35,49689.68,0.1,20.34,4308,52.46,27.0,0.073
2024-04-06T12:59:19.000,21.37,16.31,50000.0,0.0,20.34,4309,52.39,27.0,0.073
2024-04-06T13:00:19.000,21.38,16.42,49691.61,0.1,20.34,4310,52.33,26.0,0.073
2024-04-06T13:01:19.000,21.44,16.65,49689.72,0.1,20.34,4311,52.26,26.0,0.073
2024-04-06T13:02:19.000,21.5,16.53,50000.0,0.0,20.34,4312,52.2,26.0,0.073
2024-04-06T13:03:19.000,21.49,16.29,50000.0,0.0,20.34,4313,52.13,26.0,0.073
2024-04-06T13:04:19.000,21.37,16.06,50000.0,0.0,20.34,4314,52.06,26.0,0.073
2024-04-06T13:12:20.000,21.59,17.01,50000.0,0.0,20.34,4322,51.47,25.0,0.073
2024-04-06T13:13:20.000,21.63,16.84,50000.0,0.0,20.34,4323,51.39,25.0,0.073
2024-04-06T13:14:21.000,21.57,16.32,50000.0,0.0,20.34,4324,51.31,25.0,0.073
2024-04-06T13:15:21.000,21.56,16.57,49691.54,0.1,20.34,4325,51.22,25.0,0.073
2024-04-06T13:16:21.000,21.62,16.9,49689.66,0.1,20.34,4326,51.14,24.0,0.073
2024-04-06T13:17:21.000,21.66,16.75,50000.0,0.0,20.34,4327,51.06,24.0,0.073
2024-04-06T13:18:21.000,21.62,16.64,49689.69,0.1,20.34,4328,50.97,24.0,0.073
2024-04-06T13:19:21.000,21.59,16.56,50000.0,0.0,20.34,4329,50.89,24.0,0.072
2024-04-06T13:20:21.000,21.46,16.2,49689.56,0.11,20.34,4330,50.8,24.0,0.072
2024-04-06T13:21:21.000,21.25,15.92,49074.8,0.3,20.34,4331,50.71,24.0,0.072
2024-04-06T13:22:22.000,21.06,15.85,50000.0,0.0,20.34,4332,50.62,24.0,0.072
2024-04-06T13:23:22.000,21.07,16.05,50000.0,0.0,20.34,4333,50.53,23.0,0.072
2024-04-06T13:24:22.000,20.96,15.91,50000.0,0.0,20.34,4334,50.44,23.0,0.072
2024-04-06T13:25:22.000,20.83,15.75,50000.0,0.0,20.34,4335,50.35,23.0,0.072
2024-04-06T13:26:22.000,20.84,16.07,49689.75,0.1,20.34,4336,50.26,23.0,0.072
2024-04-06T13:27:22.000,20.75,15.76,49691.52,0.1,20.34,4337,50.16,23.0,0.072
2024-04-06T13:28:22.000,20.76,16.11,50000.0,0.0,20.34,4338,50.07,23.0,0.072
2024-04-06T13:29:23.000,20.83,16.3,50000.0,0.0,20.34,4339,49.97,23.0,0.072
2024-04-06T13:30:23.000,20.95,16.64,50000.0,0.0,20.34,4340,49.88,23.0,0.072
2024-04-06T13:54:26.000,20.79,15.83,50000.0,0.0,20.34,4364,47.28,19.0,0.071
2024-04-06T13:55:26.000,20.74,15.84,50000.0,0.0,20.34,4365,47.16,19.0,0.071
2024-04-06T13:56:26.000,20.72,15.97,50000.0,0.0,20.34,4366,47.04,19.0,0.071
2024-04-06T13:57:27.000,20.77,16.05,49689.58,0.11,20.34,4367,46.92,19.0,0.071
2024-04-06T13:58:27.000,20.83,16.33,49689.7,0.1,20.34,4368,46.8,18.0,0.071
2024-04-06T13:59:27.000,20.86,16.04,50000.0,0.0,20.34,4369,46.67,18.0,0.071
2024-04-06T14:00:27.000,20.8,15.82,50000.0,0.0,20.34,4370,46.55,18.0,0.071
2024-04-06T14:01:27.000,20.74,15.76,50000.0,0.0,20.34,4371,46.43,18.0,0.071
2024-04-06T14:02:28.000,20.63,15.47,49691.57,0.1,20.34,4372,46.3,18.0,0.071
2024-04-06T14:03:28.000,20.47,15.45,50000.0,0.0,20.34,4373,46.18,18.0,0.071
2024-04-06T14:04:28.000,20.6,15.54,50000.0,0.0,20.34,4374,46.05,18.0,0.07
2024-04-06T14:05:28.000,20.57,15.43,50000.0,0.0,20.34,4375,45.93,17.0,0.07
2024-04-06T14:06:28.000,20.6,15.51,49689.65,0.1,20.34,4376,45.8,17.0,0.07
2024-04-06T14:07:28.000,20.67,15.67,50000.0,0.0,20.34,4377,45.67,17.0,0.07
2024-04-06T14:08:30.000,20.7,15.85,50000.0,0.0,20.34,4378,45.54,17.0,0.07
2024-04-06T14:09:30.000,20.85,16.23,50000.0,0.0,20.34,4379,45.41,17.0,0.07
2024-04-06T14:10:30.000,20.88,15.94,49383.08,0.21,20.34,4380,45.28,17.0,0.07
2024-04-06T14:11:31.000,20.93,16.29,50000.0,0.0,20.34,4381,45.15,17.0,0.07
2024-04-06T14:12:31.000,20.99,16.38,50000.0,0.0,20.34,4382,45.02,16.0,0.07
2024-04-06T14:13:31.000,21.2,17.06,50000.0,0.0,20.34,4383,44.89,16.0,0.07
2024-04-06T14:19:33.000,20.93,16.1,50000.0,0.0,20.34,4389,44.08,15.0,0.07
2024-04-06T14:20:32.000,20.88,16.09,50000.0,0.0,20.34,4390,43.94,15.0,0.07
2024-04-06T14:21:33.000,20.83,16.05,50000.0,0.0,20.34,4391,43.8,15.0,0.07
2024-04-06T14:22:33.000,20.77,15.88,49691.63,0.1,20.34,4392,43.67,15.0,0.07
2024-04-06T14:23:33.000,20.69,15.78,49689.75,0.1,20.34,4393,43.53,15.0,0.07
2024-04-06T14:24:33.000,20.62,15.75,50000.0,0.0,20.34,4394,43.39,15.0,0.07
2024-04-06T14:25:33.000,20.62,15.94,50000.0,0.0,20.34,4395,43.25,14.0,0.07
2024-04-06T14:26:33.000,20.64,15.98,50000.0,0.0,20.34,4396,43.11,14.0,0.07
2024-04-06T14:27:33.000,20.63,15.95,49691.59,0.1,20.34,4397,42.97,14.0,0.069
2024-04-06T14:28:33.000,20.58,15.82,50000.0,0.0,20.34,4398,42.83,14.0,0.069
2024-04-06T14:29:33.000,20.63,16.16,49689.56,0.11,20.34,4399,42.69,14.0,0.069
2024-04-06T14:30:34.000,20.66,16.12,50000.0,0.0,20.34,4400,42.54,14.0,0.069
2024-04-06T14:31:34.000,20.71,16.12,50000.0,0.0,20.34,4401,42.4,13.0,0.069
2024-04-06T14:32:34.000,20.68,16.01,50000.0,0.0,20.34,4402,42.26,13.0,0.069
2024-04-06T14:33:34.000,20.73,16.21,49689.75,0.1,20.34,4403,42.11,13.0,0.069
2024-04-06T14:34:34.000,20.79,16.41,50000.0,0.0,20.34,4404,41.97,13.0,0.069
2024-04-06T14:35:34.000,20.83,16.35,49689.73,0.1,20.34,4405,41.82,13.0,0.069
2024-04-06T14:36:34.000,20.85,16.27,50000.0,0.0,20.34,4406,41.68,13.0,0.069
2024-04-06T14:37:37.000,20.88,16.37,50000.0,0.0,20.34,4407,41.53,12.0,0.069
2024-04-06T14:38:37.000,20.96,16.41,50000.0,0.0,20.34,4408,41.38,12.0,0.069
2024-04-06T14:39:38.000,20.94,16.04,49383.12,0.21,20.34,4409,41.23,12.0,0.069
2024-04-06T14:40:38.000,20.87,16.03,50000.0,0.0,20.34,4410,41.08,12.0,0.069
2024-04-06T14:41:38.000,20.9,16.17,50000.0,0.0,20.34,4411,40.93,12.0,0.069
2024-04-06T14:42:39.000,20.93,16.1,50000.0,0.0,20.34,4412,40.78,12.0,0.069
2024-04-06T14:53:42.000,21.43,15.05,50000.0,0.0,20.34,4423,39.11,10.0,0.068
2024-04-06T14:54:42.000,21.31,15.05,50000.0,0.0,20.34,4424,38.96,10.0,0.068
2024-04-06T14:55:43.000,21.23,14.9,50000.0,0.0,20.34,4425,38.8,10.0,0.068
2024-04-06T14:56:43.000,21.08,14.76,49689.72,0.1,20.34,4426,38.64,9.0,0.068
2024-04-06T14:57:43.000,21.01,14.74,50000.0,0.0,20.34,4427,38.49,9.0,0.068
2024-04-06T14:58:43.000,20.96,15.05,50000.0,0.0,20.34,4428,38.33,9.0,0.068
2024-04-06T14:59:43.000,20.96,15.23,50000.0,0.0,20.34,4429,38.18,9.0,0.068
2024-04-06T15:38:51.000,21.19,15.05,50000.0,0.0,20.34,4468,31.78,2.0,0.066
2024-04-06T15:39:52.000,21.22,15.05,50000.0,0.0,20.34,4469,31.61,2.0,0.066
2024-04-06T15:40:52.000,21.31,15.43,50000.0,0.0,20.34,4470,31.44,2.0,0.066
2024-04-06T15:41:52.000,21.43,15.59,49383.24,0.2,20.34,4471,31.27,2.0,0.066
2024-04-06T15:42:52.000,21.58,15.74,50000.0,0.0,20.34,4472,31.1,2.0,0.066
2024-04-06T15:43:52.000,21.66,15.76,50000.0,0.0,20.34,4473,30.93,1.0,0.066
2024-04-06T15:44:52.000,21.68,15.63,50000.0,0.0,20.34,4474,30.76,1.0,0.066
2024-04-06T16:33:07.000,21.33,15.33,50000.0,0.0,20.34,4522,22.28,-7.0,0.064
2024-04-06T16:34:07.000,21.32,14.98,50000.0,0.0,20.34,4523,22.1,-7.0,0.064
2024-04-06T16:35:08.000,21.34,14.99,50000.0,0.0,20.34,4524,21.91,-7.0,0.064
2024-04-06T16:36:11.000,21.35,14.9,49689.75,0.1,20.34,4525,21.73,-8.0,0.064
2024-04-06T16:37:11.000,21.34,15.01,50000.0,0.0,20.34,4526,21.55,-8.0,0.064
2024-04-06T16:38:10.000,21.3,14.85,50000.0,0.0,20.34,4527,21.37,-8.0,0.064
2024-04-06T16:39:11.000,21.23,14.85,50000.0,0.0,20.34,4528,21.19,-8.0,0.064
2024-04-06T16:40:11.000,21.23,15.06,50000.0,0.0,20.34,4529,21.0,-8.0,0.064
2024-04-06T16:41:11.000,21.23,15.13,50000.0,0.0,20.34,4530,20.82,-8.0,0.064
2024-04-06T16:42:11.000,21.24,15.34,49691.62,0.1,20.34,4531,20.64,-9.0,0.064
2024-04-06T16:43:13.000,21.29,15.65,50000.0,0.0,20.34,4532,20.46,-9.0,0.064
2024-04-06T16:44:14.000,21.27,14.99,50000.0,0.0,20.34,4533,20.27,-9.0,0.064
2024-04-06T16:45:13.000,21.28,14.92,50000.0,0.0,20.34,4534,20.1,-9.0,0.064
2024-04-06T16:46:14.000,21.39,15.19,49687.75,0.1,20.34,4535,19.91,-9.0,0.064
2024-04-06T16:48:09.000,21.46,15.07,50000.0,0.0,20.34,4536,19.56,-10.0,0.064
2024-04-06T16:49:09.000,21.4,14.79,50000.0,0.0,20.34,4537,19.38,-10.0,0.063
2024-04-06T16:50:10.000,21.37,14.98,50000.0,0.0,20.34,4538,19.2,-10.0,0.063
2024-04-06T16:58:11.000,21.73,16.26,50000.0,0.0,20.34,4546,17.74,-11.0,0.063
2024-04-06T16:59:11.000,21.74,15.84,50000.0,0.0,20.34,4547,17.56,-11.0,0.063
2024-04-06T17:00:12.000,21.73,15.7,50000.0,0.0,20.34,4548,17.38,-12.0,0.063
2024-04-06T17:01:14.000,21.8,15.73,49691.66,0.1,20.34,4549,17.19,-12.0,0.063
2024-04-06T17:02:13.000,21.67,15.13,49691.61,0.1,20.34,4550,17.01,-12.0,0.063
2024-04-06T17:03:13.000,21.64,15.34,50000.0,0.0,20.34,4551,16.83,-12.0,0.063
2024-04-06T17:04:13.000,21.56,14.72,50000.0,0.0,20.34,4552,16.64,-12.0,0.063
2024-04-06T17:05:14.000,21.4,14.68,50000.0,0.0,20.34,4553,16.46,-13.0,0.063
2024-04-06T17:09:14.000,21.43,14.7,50000.0,0.0,20.34,4557,15.73,-13.0,0.063
2024-04-06T17:10:14.000,21.37,14.66,50000.0,0.0,20.34,4558,15.54,-13.0,0.063
2024-04-06T17:11:14.000,21.32,14.65,50000.0,0.0,20.34,4559,15.36,-14.0,0.063
2024-04-06T17:12:14.000,21.29,14.86,49689.65,0.1,20.34,4560,15.18,-14.0,0.063
2024-04-06T17:13:16.000,21.29,15.09,50000.0,0.0,20.34,4561,14.99,-14.0,0.062
2024-04-06T17:14:17.000,21.3,15.22,50000.0,0.0,20.34,4562,14.8,-14.0,0.062
2024-04-06T17:15:18.000,21.29,15.16,50000.0,0.0,20.34,4563,14.62,-14.0,0.062
2024-04-06T17:16:17.000,21.29,15.08,49685.79,0.1,20.34,4564,14.44,-14.0,0.062
