ecsv/stars660/stars660_2024-04.ecsv
# %ECSV 1.0
# ---
# datatype:
# - {name: time, datatype: string}
# - {name: Enclosure Temperature, unit: deg_C, datatype: float64}
# - {name: Sky Temperature, unit: deg_C, datatype: float64}
# - {name: Frequency, unit: Hz, datatype: float64}
# - {name: MSAS, unit: mag / arcsec2, datatype: float64}
# - {name: ZP, datatype: float64}
# - {name: Sequence Number, datatype: int64}
# - {name: Sun Alt, unit: deg, datatype: float64}
# - {name: Moon Alt, unit: deg, datatype: float64}
# - {name: Moon Illumination, datatype: float64}
# delimiter: ','
# meta: !!omap
# - ida:
#     Data supplier: {affiliation: Ardoz, observer: null}
#     Device type: TESS-W
#     Field of view: 17.0
#     Filters per channel: None
#     Instrument ID: stars660
#     License: ODbL 1.0 http://opendatacommons.org/licenses/odbl/summary/
#     Local timezone: Europe/Madrid
#     Location name: {country: '- Arzoz', place: Arzoz (Navarra), region: Spain, sub_region: Navarre, town: Montejurra}
#     Measurement direction per channel: {azimuth: 0.0, zenital: 0.0}
#     Moving / Fixed look direction: FIXED
#     Moving / Stationary position: STATIONARY
#     Number of channels: 1
#     Number of fields per line: 8
#     Number of header lines: 35
#     Position: {height: 0.0, latitude: 42.745234, longitude: -1.898673}
#     TESS MAC address: 98:F4:AB:B2:7B:16
#     TESS cover offset value: 0.0
#     TESS firmware version: '1.0'
#     TESS zero point: 20.34
#     Time Synchronization: timestamp added by MQTT subscriber
#     URL: http://www.darksky.org/NSBM/sdf1.0.pdf
# - __serialized_columns__:
#     Enclosure Temperature:
#       __class__: astropy.units.quantity.Quantity
#       unit: &id001 !astropy.units.Unit {unit: deg_C}
#       value: !astropy.table.SerializedColumn {name: Enclosure Temperature}
#     Frequency:
#       __class__: astropy.units.quantity.Quantity
#       unit: !astropy.units.Unit {unit: Hz}
#       value: !astropy.table.SerializedColumn {name: Frequency}
#     MSAS:
#       __class__: astropy.units.quantity.Quantity
#       unit: !astropy.units.Unit {unit: mag / arcsec2}
#       value: !astropy.table.SerializedColumn {name: MSAS}
#     Moon Alt:
#       __class__: astropy.units.quantity.Quantity
#       unit: &id002 !astropy.units.Unit {unit: deg}
#       value: !astropy.table.SerializedColumn {name: Moon Alt}
#     Sky Temperature:
#       __class__: astropy.units.quantity.Quantity
#       unit: *id001
#       value: !astropy.table.SerializedColumn {name: Sky Temperature}
#     Sun Alt:
#       __class__: astropy.units.quantity.Quantity
#       unit: *id002
#       value: !astropy.table.SerializedColumn {name: Sun Alt}
#     time:
#       __class__: astropy.time.core.Time
#       format: isot
#       in_subfmt: '*'
#       out_subfmt: '*'
#       precision: 3
#       scale: utc
#       value: !astropy.table.SerializedColumn {name: time}
# schema: astropy-2.0
time,Enclosure Temperature,Sky Temperature,Frequency,MSAS,ZP,Sequence Number,Sun Alt,Moon Alt,Moon Illumination
[from data line 25947]
2024-04-29T21:40:08.000,9.99,1.58,1.95,19.62,20.34,2249,-23.54,-34.0,0.672
2024-04-29T21:41:08.000,10.06,1.48,1.95,19.62,20.34,2250,-23.66,-34.0,0.672
2024-04-29T21:42:08.000,10.09,1.62,1.95,19.62,20.34,2251,-23.77,-33.0,0.672
2024-04-29T21:43:09.000,10.0,1.47,1.95,19.62,20.34,2252,-23.88,-33.0,0.672
2024-04-29T21:44:09.000,10.01,1.39,1.95,19.62,20.34,2253,-24.0,-33.0,0.672
2024-04-29T21:45:09.000,10.12,1.25,1.95,19.62,20.34,2254,-24.11,-33.0,0.671
2024-04-29T21:46:09.000,10.01,1.1,1.95,19.62,20.34,2255,-24.22,-33.0,0.671
2024-04-29T21:47:09.000,9.99,1.15,1.95,19.61,20.34,2256,-24.33,-33.0,0.671
2024-04-29T21:48:09.000,10.09,1.11,1.95,19.61,20.34,2257,-24.44,-32.0,0.671
2024-04-29T21:49:09.000,10.06,1.39,1.95,19.61,20.34,2258,-24.55,-32.0,0.671
2024-04-29T21:50:09.000,9.98,1.39,1.95,19.62,20.34,2259,-24.65,-32.0,0.671
2024-04-29T21:51:09.000,10.07,1.39,1.95,19.62,20.34,2260,-24.76,-32.0,0.671
2024-04-29T21:52:09.000,10.08,1.45,1.95,19.62,20.34,2261,-24.87,-32.0,0.671
2024-04-29T21:53:09.000,9.95,1.13,1.95,19.62,20.34,2262,-24.98,-31.0,0.671
2024-04-29T21:54:10.000,10.05,1.35,1.95,19.62,20.34,2263,-25.08,-31.0,0.671
2024-04-29T21:55:10.000,10.2,1.33,1.95,19.62,20.34,2264,-25.19,-31.0,0.671
2024-04-29T21:56:10.000,10.13,1.33,1.94,19.62,20.34,2265,-25.29,-31.0,0.671
2024-04-29T21:57:10.000,10.0,1.33,1.94,19.62,20.34,2266,-25.4,-31.0,0.671
2024-04-29T21:58:10.000,9.99,1.34,1.94,19.62,20.34,2267,-25.5,-31.0,0.671
2024-04-29T21:59:10.000,10.17,1.37,1.94,19.62,20.34,2268,-25.6,-30.0,0.67
2024-04-29T22:00:10.000,10.12,1.23,1.94,19.62,20.34,2269,-25.71,-30.0,0.67
2024-04-29T22:01:10.000,9.99,1.35,1.94,19.62,20.34,2270,-25.81,-30.0,0.67
2024-04-29T22:02:11.000,10.02,1.33,1.93,19.62,20.34,2271,-25.91,-30.0,0.67
2024-04-29T22:03:11.000,10.13,1.32,1.94,19.62,20.34,2272,-26.01,-30.0,0.67
2024-04-29T22:04:12.000,10.08,1.34,1.94,19.62,20.34,2273,-26.11,-30.0,0.67
2024-04-29T22:05:11.000,9.97,1.3,1.93,19.62,20.34,2274,-26.21,-29.0,0.67
2024-04-29T22:06:11.000,10.09,1.41,1.94,19.62,20.34,2275,-26.31,-29.0,0.67
2024-04-29T22:07:11.000,10.14,1.42,1.94,19.62,20.34,2276,-26.4,-29.0,0.67
2024-04-29T22:08:12.000,10.02,1.23,1.93,19.62,20.34,2277,-26.5,-29.0,0.67
2024-04-29T22:09:12.000,10.04,1.57,1.93,19.63,20.34,2278,-26.6,-29.0,0.67
2024-04-29T22:10:20.000,10.12,1.41,1.93,19.63,20.34,2279,-26.71,-29.0,0.67
2024-04-29T22:11:20.000,10.03,1.45,1.93,19.63,20.34,2280,-26.8,-28.0,0.67
2024-04-29T22:13:33.000,10.14,1.23,1.93,19.62,20.34,2282,-27.01,-28.0,0.669
2024-04-29T22:14:33.000,10.21,1.25,1.94,19.62,20.34,2283,-27.1,-28.0,0.669
2024-04-29T22:15:33.000,10.05,1.16,1.93,19.63,20.34,2284,-27.19,-28.0,0.669
2024-04-29T22:16:33.000,9.99,1.28,1.93,19.63,20.34,2285,-27.28,-27.0,0.669
2024-04-29T22:17:34.000,10.17,1.42,1.93,19.62,20.34,2286,-27.37,-27.0,0.669
2024-04-29T22:18:34.000,10.13,1.28,1.93,19.63,20.34,2287,-27.46,-27.0,0.669
2024-04-29T22:19:34.000,10.03,1.32,1.93,19.63,20.34,2288,-27.55,-27.0,0.669
2024-04-29T22:20:34.000,9.97,1.14,1.92,19.63,20.34,2289,-27.64,-27.0,0.669
2024-04-29T22:21:34.000,10.1,1.21,1.93,19.63,20.34,2290,-27.73,-27.0,0.669
2024-04-29T22:22:34.000,10.08,1.25,1.93,19.63,20.34,2291,-27.82,-26.0,0.669
2024-04-29T22:23:34.000,9.99,1.32,1.93,19.63,20.34,2292,-27.9,-26.0,0.669
2024-04-29T22:24:34.000,10.01,1.09,1.93,19.63,20.34,2293,-27.99,-26.0,0.669
2024-04-29T22:25:34.000,10.14,1.14,1.93,19.62,20.34,2294,-28.07,-26.0,0.669
2024-04-29T22:26:34.000,10.06,1.14,1.93,19.62,20.34,2295,-28.16,-26.0,0.669
2024-04-29T22:27:35.000,9.96,1.08,1.93,19.62,20.34,2296,-28.24,-26.0,0.668
2024-04-29T22:28:35.000,10.09,1.18,1.93,19.62,20.34,2297,-28.32,-25.0,0.668
2024-04-29T22:29:35.000,10.12,1.01,1.93,19.62,20.34,2298,-28.4,-25.0,0.668
2024-04-29T22:30:35.000,10.02,1.11,1.93,19.63,20.34,2299,-28.48,-25.0,0.668
2024-04-29T22:31:35.000,9.98,1.28,1.93,19.63,20.34,2300,-28.56,-25.0,0.668
2024-04-29T22:32:35.000,10.12,1.25,1.93,19.63,20.34,2301,-28.64,-25.0,0.668
2024-04-29T22:33:35.000,10.04,1.16,1.93,19.63,20.34,2302,-28.72,-25.0,0.668
2024-04-29T22:34:35.000,9.93,1.05,1.92,19.63,20.34,2303,-28.8,-24.0,0.668
2024-04-29T22:35:35.000,10.05,0.96,1.92,19.63,20.34,2304,-28.88,-24.0,0.668
2024-04-29T22:36:35.000,10.08,0.91,1.93,19.63,20.34,2305,-28.95,-24.0,0.668
2024-04-29T22:37:36.000,9.96,0.89,1.92,19.63,20.34,2306,-29.03,-24.0,0.668
2024-04-29T22:38:36.000,10.08,1.11,1.93,19.63,20.34,2307,-29.11,-24.0,0.668
2024-04-29T22:39:36.000,10.23,1.57,1.93,19.63,20.34,2308,-29.18,-24.0,0.668
2024-04-29T22:40:36.000,10.3,1.81,1.92,19.63,20.34,2309,-29.25,-23.0,0.668
2024-04-29T22:41:36.000,10.13,1.19,1.91,19.64,20.34,2310,-29.33,-23.0,0.667
2024-04-29T22:42:36.000,10.07,1.92,1.91,19.64,20.34,2311,-29.4,-23.0,0.667
2024-04-29T22:43:36.000,10.07,1.93,1.9,19.64,20.34,2312,-29.47,-23.0,0.667
2024-04-29T22:44:36.000,10.05,1.84,1.89,19.65,20.34,2313,-29.54,-23.0,0.667
2024-04-29T22:45:36.000,9.94,1.33,1.9,19.65,20.34,2314,-29.61,-23.0,0.667
2024-04-29T22:46:36.000,10.07,1.43,1.9,19.65,20.34,2315,-29.68,-22.0,0.667
2024-04-29T22:47:37.000,10.27,1.67,1.89,19.65,20.34,2316,-29.75,-22.0,0.667
2024-04-29T22:48:37.000,10.26,1.55,1.89,19.65,20.34,2317,-29.81,-22.0,0.667
2024-04-29T22:49:37.000,10.13,1.56,1.89,19.65,20.34,2318,-29.88,-22.0,0.667
2024-04-29T22:50:37.000,10.06,1.77,1.88,19.65,20.34,2319,-29.94,-22.0,0.667
2024-04-29T22:51:37.000,10.07,2.18,1.88,19.66,20.34,2320,-30.01,-22.0,0.667
2024-04-29T22:52:37.000,10.08,1.94,1.87,19.66,20.34,2321,-30.07,-21.0,0.667
2024-04-29T22:53:37.000,10.0,1.79,1.87,19.66,20.34,2322,-30.13,-21.0,0.667
2024-04-29T22:54:38.000,10.1,2.01,1.84,19.68,20.34,2323,-30.2,-21.0,0.667
2024-04-29T22:55:38.000,10.2,1.99,1.86,19.67,20.34,2324,-30.26,-21.0,0.666
2024-04-29T22:56:38.000,10.23,2.21,1.86,19.67,20.34,2325,-30.32,-21.0,0.666
2024-04-29T22:57:38.000,10.21,2.17,1.86,19.67,20.34,2326,-30.38,-21.0,0.666
2024-04-29T22:58:38.000,10.16,2.16,1.85,19.67,20.34,2327,-30.44,-20.0,0.666
2024-04-29T22:59:38.000,10.15,2.25,1.85,19.67,20.34,2328,-30.5,-20.0,0.666
2024-04-29T23:00:38.000,10.09,2.07,1.85,19.67,20.34,2329,-30.55,-20.0,0.666
2024-04-29T23:01:38.000,10.03,2.03,1.85,19.67,20.34,2330,-30.61,-20.0,0.666
2024-04-29T23:02:39.000,10.0,1.94,1.85,19.67,20.34,2331,-30.67,-20.0,0.666
2024-04-29T23:03:39.000,10.09,1.94,1.86,19.67,20.34,2332,-30.72,-20.0,0.666
2024-04-29T23:04:39.000,10.13,1.94,1.86,19.67,20.34,2333,-30.77,-19.0,0.666
2024-04-29T23:05:39.000,10.01,1.52,1.86,19.67,20.34,2334,-30.83,-19.0,0.666
2024-04-29T23:06:39.000,10.04,1.93,1.86,19.67,20.34,2335,-30.88,-19.0,0.666
2024-04-29T23:07:39.000,10.25,1.94,1.87,19.66,20.34,2336,-30.93,-19.0,0.666
2024-04-29T23:08:40.000,10.22,1.84,1.86,19.67,20.34,2337,-30.98,-19.0,0.666
2024-04-29T23:09:40.000,10.21,2.12,1.86,19.67,20.34,2338,-31.03,-19.0,0.665
2024-04-29T23:10:40.000,10.14,1.94,1.85,19.67,20.34,2339,-31.08,-18.0,0.665
2024-04-29T23:11:40.000,10.06,1.82,1.85,19.67,20.34,2340,-31.13,-18.0,0.665
2024-04-29T23:12:40.000,10.01,1.87,1.85,19.67,20.34,2341,-31.18,-18.0,0.665
2024-04-29T23:13:40.000,10.0,1.69,1.85,19.67,20.34,2342,-31.22,-18.0,0.665
2024-04-29T23:14:40.000,10.2,1.83,1.85,19.67,20.34,2343,-31.27,-18.0,0.665
2024-04-29T23:15:40.000,10.27,1.75,1.85,19.67,20.34,2344,-31.31,-18.0,0.665
2024-04-29T23:16:40.000,10.21,1.91,1.84,19.68,20.34,2345,-31.35,-17.0,0.665
2024-04-29T23:17:41.000,10.07,1.34,1.84,19.68,20.34,2346,-31.4,-17.0,0.665
2024-04-29T23:18:41.000,9.88,0.99,1.84,19.68,20.34,2347,-31.44,-17.0,0.665
2024-04-29T23:19:41.000,10.08,1.27,1.85,19.67,20.34,2348,-31.48,-17.0,0.665
2024-04-29T23:20:41.000,10.31,1.52,1.85,19.67,20.34,2349,-31.52,-17.0,0.665
2024-04-29T23:21:41.000,10.29,1.5,1.85,19.67,20.34,2350,-31.56,-17.0,0.665
2024-04-29T23:22:41.000,10.21,1.56,1.84,19.68,20.34,2351,-31.6,-16.0,0.665
2024-04-29T23:23:41.000,10.0,1.08,1.85,19.67,20.34,2352,-31.64,-16.0,0.664
2024-04-29T23:24:41.000,9.9,0.86,1.85,19.67,20.34,2353,-31.67,-16.0,0.664
2024-04-29T23:25:41.000,10.03,0.49,1.85,19.67,20.34,2354,-31.71,-16.0,0.664
2024-04-29T23:26:41.000,10.05,0.78,1.86,19.67,20.34,2355,-31.74,-16.0,0.664
2024-04-29T23:27:41.000,9.97,0.93,1.86,19.67,20.34,2356,-31.78,-16.0,0.664
2024-04-29T23:28:42.000,10.07,1.09,1.86,19.67,20.34,2357,-31.81,-15.0,0.664
2024-04-29T23:29:42.000,10.09,1.1,1.86,19.67,20.34,2358,-31.84,-15.0,0.664
2024-04-29T23:30:42.000,10.02,1.4,1.85,19.67,20.34,2359,-31.87,-15.0,0.664
2024-04-29T23:31:42.000,10.04,1.75,1.85,19.67,20.34,2360,-31.9,-15.0,0.664
2024-04-29T23:32:42.000,10.03,1.54,1.85,19.67,20.34,2361,-31.93,-15.0,0.664
2024-04-29T23:33:42.000,9.87,0.76,1.85,19.67,20.34,2362,-31.96,-15.0,0.664
2024-04-29T23:34:42.000,9.99,1.03,1.85,19.67,20.34,2363,-31.99,-14.0,0.664
2024-04-29T23:35:42.000,10.28,1.41,1.89,19.65,20.34,2364,-32.02,-14.0,0.664
2024-04-29T23:36:42.000,10.33,1.66,1.83,19.68,20.34,2365,-32.04,-14.0,0.664
2024-04-29T23:37:42.000,10.25,1.62,1.84,19.68,20.34,2366,-32.07,-14.0,0.663
2024-04-29T23:38:43.000,10.11,1.61,1.83,19.68,20.34,2367,-32.09,-14.0,0.663
2024-04-29T23:39:43.000,9.97,1.53,1.84,19.68,20.34,2368,-32.11,-14.0,0.663
2024-04-29T23:40:43.000,10.08,1.75,1.83,19.68,20.34,2369,-32.14,-13.0,0.663
2024-04-29T23:41:43.000,10.2,1.48,1.84,19.68,20.34,2370,-32.16,-13.0,0.663
2024-04-29T23:42:43.000,10.01,1.32,1.84,19.68,20.34,2371,-32.18,-13.0,0.663
2024-04-29T23:43:43.000,10.11,1.92,1.83,19.68,20.34,2372,-32.2,-13.0,0.663
2024-04-29T23:44:43.000,10.15,1.88,1.83,19.69,20.34,2373,-32.22,-13.0,0.663
2024-04-29T23:45:43.000,10.09,1.7,1.82,19.69,20.34,2374,-32.23,-13.0,0.663
2024-04-29T23:46:44.000,10.0,1.76,1.82,19.69,20.34,2375,-32.25,-12.0,0.663
2024-04-29T23:47:44.000,10.07,1.92,1.82,19.69,20.34,2376,-32.27,-12.0,0.663
2024-04-29T23:48:44.000,10.14,1.84,1.82,19.69,20.34,2377,-32.28,-12.0,0.663
2024-04-29T23:49:44.000,10.09,1.79,1.82,19.69,20.34,2378,-32.3,-12.0,0.663
2024-04-29T23:50:44.000,9.99,1.65,1.82,19.69,20.34,2379,-32.31,-12.0,0.663
2024-04-29T23:51:44.000,10.08,1.72,1.82,19.69,20.34,2380,-32.32,-12.0,0.662
2024-04-29T23:52:44.000,10.14,1.48,1.83,19.68,20.34,2381,-32.33,-12.0,0.662
2024-04-29T23:53:44.000,9.99,1.09,1.83,19.68,20.34,2382,-32.34,-11.0,0.662
2024-04-29T23:54:44.000,9.75,0.6,1.83,19.68,20.34,2383,-32.35,-11.0,0.662
2024-04-29T23:55:45.000,10.1,1.53,1.83,19.68,20.34,2384,-32.36,-11.0,0.662
2024-04-29T23:56:45.000,10.33,1.42,1.84,19.68,20.34,2385,-32.37,-11.0,0.662
2024-04-29T23:57:45.000,10.29,1.63,1.83,19.68,20.34,2386,-32.38,-11.0,0.662
2024-04-29T23:58:45.000,10.24,1.75,1.84,19.68,20.34,2387,-32.38,-11.0,0.662
2024-04-29T23:59:45.000,10.14,1.87,1.84,19.68,20.34,2388,-32.39,-10.0,0.662
2024-04-30T00:00:45.000,10.06,1.8,1.83,19.68,20.34,2389,-32.39,-10.0,0.662
2024-04-30T00:01:45.000,9.97,1.57,1.83,19.68,20.34,2390,-32.39,-10.0,0.662
2024-04-30T00:02:45.000,10.09,1.74,1.83,19.68,20.34,2391,-32.4,-10.0,0.662
2024-04-30T00:03:45.000,10.14,1.24,1.83,19.68,20.34,2392,-32.4,-10.0,0.662
2024-04-30T00:04:45.000,9.96,0.95,1.83,19.68,20.34,2393,-32.4,-10.0,0.662
2024-04-30T00:05:45.000,9.89,0.76,1.83,19.69,20.34,2394,-32.4,-10.0,0.661
2024-04-30T00:06:46.000,10.25,1.58,1.83,19.68,20.34,2395,-32.4,-9.0,0.661
2024-04-30T00:07:46.000,10.39,1.53,1.83,19.68,20.34,2396,-32.39,-9.0,0.661
2024-04-30T00:08:46.000,10.39,1.79,1.83,19.68,20.34,2397,-32.39,-9.0,0.661
2024-04-30T00:09:46.000,10.2,1.43,1.83,19.69,20.34,2398,-32.39,-9.0,0.661
2024-04-30T00:10:46.000,10.07,1.52,1.83,19.68,20.34,2399,-32.38,-9.0,0.661
2024-04-30T00:11:46.000,9.81,0.56,1.83,19.68,20.34,2400,-32.37,-9.0,0.661
2024-04-30T00:12:46.000,9.88,0.88,1.85,19.67,20.34,2401,-32.37,-8.0,0.661
2024-04-30T00:13:46.000,10.15,0.8,1.85,19.67,20.34,2402,-32.36,-8.0,0.661
2024-04-30T00:14:47.000,9.96,0.08,1.86,19.67,20.34,2403,-32.35,-8.0,0.661
2024-04-30T00:15:47.000,9.84,0.14,1.86,19.66,20.34,2404,-32.34,-8.0,0.661
2024-04-30T00:16:47.000,10.11,0.87,1.87,19.66,20.34,2405,-32.33,-8.0,0.661
2024-04-30T00:17:47.000,10.3,1.12,1.87,19.66,20.34,2406,-32.32,-8.0,0.661
2024-04-30T00:18:47.000,10.23,1.13,1.87,19.66,20.34,2407,-32.3,-8.0,0.661
2024-04-30T00:19:47.000,9.99,0.81,1.87,19.66,20.34,2408,-32.29,-7.0,0.66
2024-04-30T00:20:47.000,9.86,0.61,1.86,19.66,20.34,2409,-32.28,-7.0,0.66
2024-04-30T00:21:47.000,10.02,0.42,1.87,19.66,20.34,2410,-32.26,-7.0,0.66
2024-04-30T00:22:47.000,10.07,0.44,1.87,19.66,20.34,2411,-32.25,-7.0,0.66
2024-04-30T00:23:48.000,9.96,0.7,1.87,19.66,20.34,2412,-32.23,-7.0,0.66
2024-04-30T00:24:48.000,9.99,0.77,1.87,19.66,20.34,2413,-32.21,-7.0,0.66
2024-04-30T00:25:48.000,10.04,0.34,1.87,19.66,20.34,2414,-32.19,-6.0,0.66
2024-04-30T00:26:48.000,9.96,0.59,1.87,19.66,20.34,2415,-32.17,-6.0,0.66
2024-04-30T00:27:48.000,10.18,1.21,1.87,19.66,20.34,2416,-32.15,-6.0,0.66
2024-04-30T00:28:48.000,10.37,1.59,1.87,19.66,20.34,2417,-32.13,-6.0,0.66
2024-04-30T00:29:48.000,10.24,1.26,1.86,19.66,20.34,2418,-32.11,-6.0,0.66
2024-04-30T00:30:48.000,10.05,1.11,1.86,19.67,20.34,2419,-32.08,-6.0,0.66
2024-04-30T00:31:49.000,10.0,1.48,1.85,19.67,20.34,2420,-32.06,-6.0,0.66
2024-04-30T00:32:49.000,10.16,1.6,1.85,19.67,20.34,2421,-32.03,-5.0,0.66
2024-04-30T00:33:49.000,10.25,1.94,1.86,19.67,20.34,2422,-32.01,-5.0,0.659
2024-04-30T00:34:49.000,10.18,1.55,1.83,19.68,20.34,2423,-31.98,-5.0,0.659
2024-04-30T00:35:49.000,10.02,1.43,1.84,19.68,20.34,2424,-31.95,-5.0,0.659
2024-04-30T00:36:49.000,10.02,1.58,1.83,19.68,20.34,2425,-31.92,-5.0,0.659
2024-04-30T00:37:49.000,10.15,1.54,1.83,19.68,20.34,2426,-31.89,-5.0,0.659
2024-04-30T00:38:49.000,10.07,1.34,1.83,19.68,20.34,2427,-31.86,-4.0,0.659
2024-04-30T00:39:50.000,9.96,1.28,1.83,19.68,20.34,2428,-31.83,-4.0,0.659
2024-04-30T00:40:50.000,10.12,1.4,1.83,19.68,20.34,2429,-31.8,-4.0,0.659
2024-04-30T00:41:50.000,10.13,1.16,1.83,19.68,20.34,2430,-31.76,-4.0,0.659
2024-04-30T00:42:50.000,10.03,1.32,1.83,19.68,20.34,2431,-31.73,-4.0,0.659
2024-04-30T00:43:50.000,9.94,1.07,1.83,19.69,20.34,2432,-31.69,-4.0,0.659
2024-04-30T00:44:50.000,10.08,0.93,1.83,19.69,20.34,2433,-31.66,-4.0,0.659
2024-04-30T00:45:51.000,10.02,0.55,1.83,19.68,20.34,2434,-31.62,-3.0,0.659
2024-04-30T00:46:51.000,9.89,0.4,1.83,19.68,20.34,2435,-31.58,-3.0,0.659
2024-04-30T00:47:51.000,10.03,0.4,1.83,19.68,20.34,2436,-31.54,-3.0,0.658
2024-04-30T00:48:51.000,10.06,0.34,1.88,19.66,20.34,2437,-31.51,-3.0,0.658
2024-04-30T00:49:51.000,9.96,0.69,1.85,19.67,20.34,2438,-31.47,-3.0,0.658
2024-04-30T00:50:51.000,10.19,1.41,1.85,19.68,20.34,2439,-31.42,-3.0,0.658
2024-04-30T00:51:51.000,10.4,1.86,1.84,19.68,20.34,2440,-31.38,-3.0,0.658
2024-04-30T00:52:51.000,10.41,1.94,1.85,19.67,20.34,2441,-31.34,-2.0,0.658
2024-04-30T00:53:52.000,10.31,1.55,1.84,19.68,20.34,2442,-31.29,-2.0,0.658
2024-04-30T00:54:52.000,10.06,1.19,1.83,19.68,20.34,2443,-31.25,-2.0,0.658
2024-04-30T00:55:52.000,9.96,1.39,1.83,19.68,20.34,2444,-31.2,-2.0,0.658
2024-04-30T00:56:52.000,10.13,1.37,1.83,19.69,20.34,2445,-31.16,-2.0,0.658
2024-04-30T00:57:52.000,10.08,1.14,1.83,19.69,20.34,2446,-31.11,-2.0,0.658
2024-04-30T00:58:52.000,9.92,1.02,1.85,19.67,20.34,2447,-31.06,-2.0,0.658
2024-04-30T00:59:53.000,10.01,0.95,1.85,19.67,20.34,2448,-31.01,-1.0,0.658
2024-04-30T01:00:53.000,10.1,0.94,1.86,19.66,20.34,2449,-30.96,-1.0,0.658
2024-04-30T01:01:53.000,9.98,0.92,20.84,19.13,20.34,2450,-30.91,-1.0,0.657
2024-04-30T01:02:53.000,9.93,0.71,1.88,19.66,20.34,2451,-30.86,-1.0,0.657
2024-04-30T01:03:53.000,10.06,0.5,1.88,19.66,20.34,2452,-30.81,-1.0,0.657
2024-04-30T01:04:53.000,9.94,0.15,1.89,19.65,20.34,2453,-30.75,-1.0,0.657
2024-04-30T01:05:53.000,9.94,0.55,1.89,19.65,20.34,2454,-30.7,-1.0,0.657
2024-04-30T01:06:53.000,10.11,0.71,1.9,19.65,20.34,2455,-30.64,-0.0,0.657
2024-04-30T01:07:53.000,10.04,0.71,1.9,19.64,20.34,2456,-30.59,-0.0,0.657
2024-04-30T01:08:53.000,9.95,0.85,1.9,19.64,20.34,2457,-30.53,-0.0,0.657
2024-04-30T01:09:54.000,10.16,1.28,1.91,19.64,20.34,2458,-30.47,-0.0,0.657
2024-04-30T01:10:54.000,10.26,1.37,1.91,19.64,20.34,2459,-30.42,0.0,0.657
2024-04-30T01:11:54.000,10.0,0.4,1.91,19.64,20.34,2460,-30.36,0.0,0.657
2024-04-30T01:12:54.000,9.78,0.36,1.91,19.64,20.34,2461,-30.3,0.0,0.657
2024-04-30T01:13:54.000,10.08,1.16,1.91,19.64,20.34,2462,-30.24,1.0,0.657
