ecsv/stars660/stars660_2024-04.ecsv
# %ECSV 1.0
# ---
# datatype:
# - {name: time, datatype: string}
# - {name: Enclosure Temperature, unit: deg_C, datatype: float64}
# - {name: Sky Temperature, unit: deg_C, datatype: float64}
# - {name: Frequency, unit: Hz, datatype: float64}
# - {name: MSAS, unit: mag / arcsec2, datatype: float64}
# - {name: ZP, datatype: float64}
# - {name: Sequence Number, datatype: int64}
# - {name: Sun Alt, unit: deg, datatype: float64}
# - {name: Moon Alt, unit: deg, datatype: float64}
# - {name: Moon Illumination, datatype: float64}
# delimiter: ','
# meta: !!omap
# - ida:
#     Data supplier: {affiliation: Ardoz, observer: null}
#     Device type: TESS-W
#     Field of view: 17.0
#     Filters per channel: None
#     Instrument ID: stars660
#     License: ODbL 1.0 http://opendatacommons.org/licenses/odbl/summary/
#     Local timezone: Europe/Madrid
#     Location name: {country: '- Arzoz', place: Arzoz (Navarra), region: Spain, sub_region: Navarre, town: Montejurra}
#     Measurement direction per channel: {azimuth: 0.0, zenital: 0.0}
#     Moving / Fixed look direction: FIXED
#     Moving / Stationary position: STATIONARY
#     Number of channels: 1
#     Number of fields per line: 8
#     Number of header lines: 35
#     Position: {height: 0.0, latitude: 42.745234, longitude: -1.898673}
#     TESS MAC address: 98:F4:AB:B2:7B:16
#     TESS cover offset value: 0.0
#     TESS firmware version: '1.0'
#     TESS zero point: 20.34
#     Time Synchronization: timestamp added by MQTT subscriber
#     URL: http://www.darksky.org/NSBM/sdf1.0.pdf
# - __serialized_columns__:
#     Enclosure Temperature:
#       __class__: astropy.units.quantity.Quantity
#       unit: &id001 !astropy.units.Unit {unit: deg_C}
#       value: !astropy.table.SerializedColumn {name: Enclosure Temperature}
#     Frequency:
#       __class__: astropy.units.quantity.Quantity
#       unit: !astropy.units.Unit {unit: Hz}
#       value: !astropy.table.SerializedColumn {name: Frequency}
#     MSAS:
#       __class__: astropy.units.quantity.Quantity
#       unit: !astropy.units.Unit {unit: mag / arcsec2}
#       value: !astropy.table.SerializedColumn {name: MSAS}
#     Moon Alt:
#       __class__: astropy.units.quantity.Quantity
#       unit: &id002 !astropy.units.Unit {unit: deg}
#       value: !astropy.table.SerializedColumn {name: Moon Alt}
#     Sky Temperature:
#       __class__: astropy.units.quantity.Quantity
#       unit: *id001
#       value: !astropy.table.SerializedColumn {name: Sky Temperature}
#     Sun Alt:
#       __class__: astropy.units.quantity.Quantity
#       unit: *id002
#       value: !astropy.table.SerializedColumn {name: Sun Alt}
#     time:
#       __class__: astropy.time.core.Time
#       format: isot
#       in_subfmt: '*'
#       out_subfmt: '*'
#       precision: 3
#       scale: utc
#       value: !astropy.table.SerializedColumn {name: time}
# schema: astropy-2.0
time,Enclosure Temperature,Sky Temperature,Frequency,MSAS,ZP,Sequence Number,Sun Alt,Moon Alt,Moon Illumination
[from data line 16159]
2024-04-16T09:42:39.000,15.15,10.67,50000.0,0.0,20.34,8496,44.86,-14.0,0.561
2024-04-16T09:43:39.000,15.5,9.91,50000.0,0.0,20.34,8497,45.01,-14.0,0.561
2024-04-16T09:44:39.000,15.47,9.08,49691.65,0.1,20.34,8498,45.16,-14.0,0.561
2024-04-16T09:45:40.000,15.56,8.7,50000.0,0.0,20.34,8499,45.31,-14.0,0.561
2024-04-16T09:46:40.000,15.26,8.52,49691.63,0.1,20.34,8500,45.46,-13.0,0.561
2024-04-16T09:47:40.000,15.21,9.05,50000.0,0.0,20.34,8501,45.61,-13.0,0.561
2024-04-16T09:48:40.000,14.65,8.13,50000.0,0.0,20.34,8502,45.75,-13.0,0.561
2024-04-16T09:49:40.000,14.47,9.08,50000.0,0.0,20.34,8503,45.9,-13.0,0.561
2024-04-16T09:50:40.000,14.06,8.01,50000.0,0.0,20.34,8504,46.05,-13.0,0.561
2024-04-16T09:51:40.000,13.72,6.96,50000.0,0.0,20.34,8505,46.19,-13.0,0.561
2024-04-16T09:52:40.000,13.51,7.93,50000.0,0.0,20.34,8506,46.34,-13.0,0.561
2024-04-16T09:53:41.000,13.61,9.18,49689.61,0.1,20.34,8507,46.49,-13.0,0.561
2024-04-16T09:54:41.000,13.79,9.54,49691.6,0.1,20.34,8508,46.63,-12.0,0.561
2024-04-16T09:55:41.000,13.61,6.77,50000.0,0.0,20.34,8509,46.77,-12.0,0.562
2024-04-16T09:56:41.000,13.35,6.6,49689.63,0.1,20.34,8510,46.92,-12.0,0.562
2024-04-16T09:57:41.000,13.33,6.44,49383.12,0.21,20.34,8511,47.06,-12.0,0.562
2024-04-16T09:58:41.000,13.24,6.43,50000.0,0.0,20.34,8512,47.2,-12.0,0.562
2024-04-16T09:59:41.000,13.48,7.11,49383.1,0.2,20.34,8513,47.34,-12.0,0.562
2024-04-16T10:00:41.000,14.28,9.87,50000.0,0.0,20.34,8514,47.48,-12.0,0.562
2024-04-16T10:01:42.000,14.62,9.97,50000.0,0.0,20.34,8515,47.63,-12.0,0.562
2024-04-16T10:02:42.000,14.71,8.49,49687.7,0.1,20.34,8516,47.77,-12.0,0.562
2024-04-16T10:03:42.000,14.7,7.62,49689.6,0.1,20.34,8517,47.9,-11.0,0.562
2024-04-16T10:04:42.000,14.86,8.24,50000.0,0.0,20.34,8518,48.04,-11.0,0.562
2024-04-16T10:05:42.000,14.59,7.31,49383.16,0.2,20.34,8519,48.18,-11.0,0.562
2024-04-16T10:06:42.000,14.27,7.21,49383.14,0.2,20.34,8520,48.32,-11.0,0.562
2024-04-16T10:07:42.000,14.04,6.99,49687.66,0.11,20.34,8521,48.45,-11.0,0.562
2024-04-16T10:08:42.000,14.19,8.74,50000.0,0.0,20.34,8522,48.59,-11.0,0.562
2024-04-16T10:09:42.000,14.43,8.11,50000.0,0.0,20.34,8523,48.72,-11.0,0.563
2024-04-16T10:10:43.000,14.64,9.22,49689.71,0.1,20.34,8524,48.86,-11.0,0.563
2024-04-16T10:11:43.000,14.8,9.75,50000.0,0.0,20.34,8525,48.99,-11.0,0.563
2024-04-16T10:12:43.000,14.48,7.15,49689.7,0.1,20.34,8526,49.13,-10.0,0.563
2024-04-16T10:13:43.000,14.3,8.22,49691.48,0.11,20.34,8527,49.26,-10.0,0.563
2024-04-16T10:14:43.000,14.07,7.98,50000.0,0.0,20.34,8528,49.39,-10.0,0.563
2024-04-16T10:15:43.000,13.91,7.86,50000.0,0.0,20.34,8529,49.52,-10.0,0.563
2024-04-16T10:16:43.000,13.98,9.14,49691.64,0.1,20.34,8530,49.65,-10.0,0.563
2024-04-16T10:17:44.000,14.07,9.35,50000.0,0.0,20.34,8531,49.78,-10.0,0.563
2024-04-16T10:18:44.000,14.01,8.06,50000.0,0.0,20.34,8532,49.91,-10.0,0.563
2024-04-16T10:19:44.000,13.64,6.83,50000.0,0.0,20.34,8533,50.04,-10.0,0.563
2024-04-16T10:20:44.000,13.33,6.31,50000.0,0.0,20.34,8534,50.17,-9.0,0.563
2024-04-16T10:21:44.000,13.11,6.22,49687.75,0.1,20.34,8535,50.29,-9.0,0.563
2024-04-16T10:22:44.000,12.94,5.47,50000.0,0.0,20.34,8536,50.42,-9.0,0.563
2024-04-16T10:23:44.000,13.09,7.25,50000.0,0.0,20.34,8537,50.54,-9.0,0.563
2024-04-16T10:24:45.000,13.76,8.38,50000.0,0.0,20.34,8538,50.67,-9.0,0.564
2024-04-16T10:25:45.000,13.72,6.95,49691.61,0.1,20.34,8539,50.79,-9.0,0.564
2024-04-16T10:26:45.000,13.95,9.66,50000.0,0.0,20.34,8540,50.91,-9.0,0.564
2024-04-16T10:27:45.000,14.59,10.41,50000.0,0.0,20.34,8541,51.04,-9.0,0.564
2024-04-16T10:28:45.000,14.68,10.72,50000.0,0.0,20.34,8542,51.16,-8.0,0.564
2024-04-16T10:29:45.000,14.68,11.5,50000.0,0.0,20.34,8543,51.28,-8.0,0.564
2024-04-16T10:30:45.000,14.56,10.99,49691.61,0.1,20.34,8544,51.39,-8.0,0.564
2024-04-16T10:31:45.000,14.11,9.1,50000.0,0.0,20.34,8545,51.51,-8.0,0.564
2024-04-16T10:32:45.000,13.62,9.08,50000.0,0.0,20.34,8546,51.63,-8.0,0.564
2024-04-16T10:33:46.000,13.39,9.13,50000.0,0.0,20.34,8547,51.75,-8.0,0.564
2024-04-16T10:34:46.000,13.0,7.96,49383.27,0.2,20.34,8548,51.86,-8.0,0.564
2024-04-16T10:35:46.000,12.76,6.06,49383.14,0.21,20.34,8549,51.98,-7.0,0.564
2024-04-16T10:36:46.000,12.56,5.94,49689.68,0.1,20.34,8550,52.09,-7.0,0.564
2024-04-16T10:37:46.000,12.62,5.88,49689.71,0.1,20.34,8551,52.21,-7.0,0.564
2024-04-16T10:38:46.000,12.72,6.62,50000.0,0.0,20.34,8552,52.32,-7.0,0.564
2024-04-16T10:39:47.000,13.49,12.9,50000.0,0.0,20.34,8553,52.43,-7.0,0.565
2024-04-16T10:40:47.000,13.8,9.5,50000.0,0.0,20.34,8554,52.54,-7.0,0.565
2024-04-16T10:41:47.000,13.47,7.58,49689.7,0.1,20.34,8555,52.65,-7.0,0.565
2024-04-16T10:42:47.000,13.35,7.32,50000.0,0.0,20.34,8556,52.76,-7.0,0.565
2024-04-16T10:43:47.000,13.15,7.07,50000.0,0.0,20.34,8557,52.87,-6.0,0.565
2024-04-16T10:44:47.000,12.88,7.56,50000.0,0.0,20.34,8558,52.97,-6.0,0.565
2024-04-16T10:45:47.000,12.7,8.65,49080.44,0.3,20.34,8559,53.08,-6.0,0.565
2024-04-16T10:46:47.000,12.85,7.95,49379.44,0.2,20.34,8560,53.18,-6.0,0.565
2024-04-16T10:47:48.000,12.84,8.52,49691.61,0.1,20.34,8561,53.29,-6.0,0.565
2024-04-16T10:48:48.000,12.83,7.38,50000.0,0.0,20.34,8562,53.39,-6.0,0.565
2024-04-16T10:49:48.000,12.67,5.58,50000.0,0.0,20.34,8563,53.49,-6.0,0.565
2024-04-16T10:50:48.000,12.85,7.02,50000.0,0.0,20.34,8564,53.59,-5.0,0.565
2024-04-16T10:51:48.000,13.57,9.78,50000.0,0.0,20.34,8565,53.69,-5.0,0.565
2024-04-16T10:52:48.000,13.68,8.69,50000.0,0.0,20.34,8566,53.79,-5.0,0.565
2024-04-16T10:53:48.000,13.76,8.78,50000.0,0.0,20.34,8567,53.89,-5.0,0.565
2024-04-16T10:54:48.000,13.55,7.84,49691.57,0.1,20.34,8568,53.98,-5.0,0.566
2024-04-16T10:55:49.000,13.6,9.31,50000.0,0.0,20.34,8569,54.08,-5.0,0.566
2024-04-16T10:56:49.000,13.7,10.04,49689.66,0.1,20.34,8570,54.17,-5.0,0.566
2024-04-16T10:57:49.000,13.73,10.09,50000.0,0.0,20.34,8571,54.27,-5.0,0.566
2024-04-16T10:58:49.000,13.73,10.57,49689.68,0.1,20.34,8572,54.36,-4.0,0.566
2024-04-16T10:59:49.000,13.7,10.55,50000.0,0.0,20.34,8573,54.45,-4.0,0.566
2024-04-16T11:00:49.000,13.64,10.05,50000.0,0.0,20.34,8574,54.54,-4.0,0.566
2024-04-16T11:01:49.000,13.39,9.09,50000.0,0.0,20.34,8575,54.63,-4.0,0.566
2024-04-16T11:05:50.000,13.71,10.49,50000.0,0.0,20.34,8579,54.97,-3.0,0.566
2024-04-16T11:06:50.000,13.99,11.73,50000.0,0.0,20.34,8580,55.06,-3.0,0.566
2024-04-16T11:07:50.000,14.41,12.54,50000.0,0.0,20.34,8581,55.14,-3.0,0.566
2024-04-16T11:08:50.000,14.47,11.1,49379.2,0.21,20.34,8582,55.22,-3.0,0.566
2024-04-16T11:09:50.000,14.22,10.7,50000.0,0.0,20.34,8583,55.3,-3.0,0.567
2024-04-16T11:10:50.000,14.16,10.79,50000.0,0.0,20.34,8584,55.38,-3.0,0.567
2024-04-16T11:11:50.000,14.04,10.6,49689.68,0.1,20.34,8585,55.45,-3.0,0.567
2024-04-16T11:12:51.000,14.07,11.15,50000.0,0.0,20.34,8586,55.53,-2.0,0.567
2024-04-16T11:13:51.000,14.28,11.73,49689.72,0.1,20.34,8587,55.61,-2.0,0.567
2024-04-16T11:14:51.000,14.19,10.29,49689.71,0.1,20.34,8588,55.68,-2.0,0.567
2024-04-16T11:15:51.000,14.09,10.97,50000.0,0.0,20.34,8589,55.75,-2.0,0.567
2024-04-16T11:16:51.000,13.96,9.95,50000.0,0.0,20.34,8590,55.82,-2.0,0.567
2024-04-16T11:17:51.000,13.71,9.98,49383.14,0.2,20.34,8591,55.89,-2.0,0.567
2024-04-16T11:18:52.000,13.55,9.7,49691.59,0.1,20.34,8592,55.96,-2.0,0.567
2024-04-16T11:19:52.000,13.64,10.97,49689.66,0.1,20.34,8593,56.03,-1.0,0.567
2024-04-16T11:20:52.000,13.87,11.01,50000.0,0.0,20.34,8594,56.1,-1.0,0.567
2024-04-16T11:21:52.000,13.81,10.1,50000.0,0.0,20.34,8595,56.16,-1.0,0.567
2024-04-16T11:22:52.000,13.65,9.99,49383.09,0.21,20.34,8596,56.22,-1.0,0.567
2024-04-16T11:23:52.000,13.58,10.12,50000.0,0.0,20.34,8597,56.29,-1.0,0.567
2024-04-16T11:24:52.000,13.26,8.88,50000.0,0.0,20.34,8598,56.35,-1.0,0.568
2024-04-16T11:25:53.000,13.11,9.59,50000.0,0.0,20.34,8599,56.41,-1.0,0.568
2024-04-16T11:26:53.000,13.34,11.04,49383.3,0.2,20.34,8600,56.47,-0.0,0.568
2024-04-16T11:27:53.000,13.74,11.46,49689.68,0.1,20.34,8601,56.52,-0.0,0.568
2024-04-16T11:28:53.000,13.91,11.0,49689.64,0.1,20.34,8602,56.58,-0.0,0.568
2024-04-16T11:29:53.000,13.99,11.01,49691.66,0.1,20.34,8603,56.63,0.0,0.568
2024-04-16T11:30:53.000,13.99,10.67,50000.0,0.0,20.34,8604,56.68,0.0,0.568
2024-04-16T11:31:53.000,13.81,10.21,49383.24,0.2,20.34,8605,56.74,0.0,0.568
2024-04-16T11:32:53.000,13.66,10.0,50000.0,0.0,20.34,8606,56.79,1.0,0.568
2024-04-16T11:34:01.000,13.52,9.82,49689.74,0.1,20.34,8607,56.84,1.0,0.568
2024-04-16T11:35:00.000,13.43,10.11,50000.0,0.0,20.34,8608,56.89,1.0,0.568
2024-04-16T11:36:00.000,13.45,10.5,50000.0,0.0,20.34,8609,56.93,1.0,0.568
2024-04-16T11:37:00.000,13.46,10.17,49379.43,0.2,20.34,8610,56.98,1.0,0.568
2024-04-16T11:38:01.000,13.5,10.49,49689.68,0.1,20.34,8611,57.02,1.0,0.568
2024-04-16T11:39:01.000,13.67,11.08,49691.66,0.1,20.34,8612,57.06,1.0,0.569
2024-04-16T11:40:01.000,13.69,10.04,49379.4,0.2,20.34,8613,57.11,2.0,0.569
2024-04-16T11:41:01.000,13.55,9.38,50000.0,0.0,20.34,8614,57.14,2.0,0.569
2024-04-16T11:42:01.000,13.67,11.52,50000.0,0.0,20.34,8615,57.18,2.0,0.569
2024-04-16T11:43:01.000,13.87,10.25,49689.73,0.1,20.34,8616,57.22,2.0,0.569
2024-04-16T11:44:01.000,13.55,9.37,50000.0,0.0,20.34,8617,57.25,2.0,0.569
2024-04-16T11:45:02.000,13.61,10.73,50000.0,0.0,20.34,8618,57.29,2.0,0.569
2024-04-16T11:46:02.000,13.22,7.48,49691.59,0.1,20.34,8619,57.32,3.0,0.569
2024-04-16T11:47:02.000,12.83,8.3,50000.0,0.0,20.34,8620,57.35,3.0,0.569
2024-04-16T11:48:02.000,13.14,10.2,50000.0,0.0,20.34,8621,57.38,3.0,0.569
2024-04-16T11:49:02.000,13.48,7.6,50000.0,0.0,20.34,8622,57.41,3.0,0.569
2024-04-16T11:50:02.000,13.15,6.77,50000.0,0.0,20.34,8623,57.43,3.0,0.569
2024-04-16T11:51:02.000,12.93,5.79,50000.0,0.0,20.34,8624,57.46,3.0,0.569
2024-04-16T11:52:03.000,12.91,6.35,49691.64,0.1,20.34,8625,57.48,3.0,0.569
2024-04-16T11:53:03.000,12.87,6.31,49689.75,0.1,20.34,8626,57.5,4.0,0.569
2024-04-16T11:54:03.000,13.0,6.11,50000.0,0.0,20.34,8627,57.52,4.0,0.57
2024-04-16T11:55:03.000,12.82,6.35,50000.0,0.0,20.34,8628,57.54,4.0,0.57
2024-04-16T11:56:03.000,13.35,10.13,49689.56,0.11,20.34,8629,57.56,4.0,0.57
2024-04-16T11:57:03.000,13.72,8.31,50000.0,0.0,20.34,8630,57.57,4.0,0.57
2024-04-16T11:58:03.000,14.18,11.53,50000.0,0.0,20.34,8631,57.59,4.0,0.57
2024-04-16T11:59:04.000,14.09,6.77,50000.0,0.0,20.34,8632,57.6,5.0,0.57
2024-04-16T12:00:04.000,13.74,6.84,49689.66,0.1,20.34,8633,57.61,5.0,0.57
2024-04-16T12:01:04.000,13.54,6.87,50000.0,0.0,20.34,8634,57.62,5.0,0.57
2024-04-16T12:02:04.000,13.75,8.85,50000.0,0.0,20.34,8635,57.63,5.0,0.57
2024-04-16T12:03:04.000,14.01,8.99,50000.0,0.0,20.34,8636,57.64,5.0,0.57
2024-04-16T12:22:07.000,13.55,9.41,50000.0,0.0,20.34,8655,57.5,8.0,0.571
2024-04-16T12:23:08.000,13.61,10.24,50000.0,0.0,20.34,8656,57.47,8.0,0.571
2024-04-16T12:24:08.000,13.78,10.67,50000.0,0.0,20.34,8657,57.45,8.0,0.572
2024-04-16T12:25:08.000,13.96,10.69,49691.66,0.1,20.34,8658,57.42,9.0,0.572
2024-04-16T12:26:08.000,14.06,9.91,50000.0,0.0,20.34,8659,57.4,9.0,0.572
2024-04-16T12:27:08.000,13.98,9.43,50000.0,0.0,20.34,8660,57.37,9.0,0.572
2024-04-16T12:28:08.000,13.98,8.41,50000.0,0.0,20.34,8661,57.34,9.0,0.572
2024-04-16T12:29:08.000,14.02,7.2,50000.0,0.0,20.34,8662,57.31,9.0,0.572
2024-04-16T12:30:08.000,13.96,7.9,50000.0,0.0,20.34,8663,57.28,9.0,0.572
2024-04-16T12:31:09.000,14.43,9.42,50000.0,0.0,20.34,8664,57.24,10.0,0.572
2024-04-16T12:32:10.000,14.45,9.45,49689.66,0.1,20.34,8665,57.21,10.0,0.572
2024-04-16T12:33:10.000,14.32,8.58,50000.0,0.0,20.34,8666,57.17,10.0,0.572
2024-04-16T12:34:09.000,13.92,7.4,50000.0,0.0,20.34,8667,57.13,10.0,0.572
2024-04-16T12:35:10.000,13.78,8.13,49383.16,0.2,20.34,8668,57.09,10.0,0.572
2024-04-16T12:36:10.000,13.7,9.37,50000.0,0.0,20.34,8669,57.05,10.0,0.572
2024-04-16T12:37:10.000,13.34,8.72,50000.0,0.0,20.34,8670,57.01,11.0,0.572
2024-04-16T12:38:10.000,13.36,8.88,50000.0,0.0,20.34,8671,56.97,11.0,0.572
2024-04-16T13:02:14.000,14.37,10.18,50000.0,0.0,20.34,8695,55.52,15.0,0.574
2024-04-16T13:03:14.000,14.11,9.24,50000.0,0.0,20.34,8696,55.44,15.0,0.574
2024-04-16T13:04:14.000,13.64,8.56,50000.0,0.0,20.34,8697,55.36,15.0,0.574
2024-04-16T13:05:14.000,13.27,8.89,49383.2,0.2,20.34,8698,55.28,15.0,0.574
2024-04-16T13:06:14.000,13.01,8.3,49689.75,0.1,20.34,8699,55.2,15.0,0.574
2024-04-16T13:07:14.000,12.63,8.25,50000.0,0.0,20.34,8700,55.12,16.0,0.574
2024-04-16T13:08:14.000,12.55,8.62,50000.0,0.0,20.34,8701,55.04,16.0,0.574
2024-04-16T13:09:15.000,12.57,9.06,50000.0,0.0,20.34,8702,54.96,16.0,0.575
2024-04-16T13:16:15.000,12.4,9.1,50000.0,0.0,20.34,8709,54.34,17.0,0.575
2024-04-16T13:17:16.000,12.38,8.91,50000.0,0.0,20.34,8710,54.25,17.0,0.575
2024-04-16T13:18:16.000,12.27,8.84,50000.0,0.0,20.34,8711,54.16,17.0,0.575
2024-04-16T13:19:16.000,12.15,8.83,49691.57,0.1,20.34,8712,54.06,18.0,0.575
2024-04-16T13:20:16.000,12.17,8.66,50000.0,0.0,20.34,8713,53.97,18.0,0.575
2024-04-16T13:21:16.000,11.96,7.46,49691.64,0.1,20.34,8714,53.87,18.0,0.575
2024-04-16T13:22:16.000,11.94,8.35,50000.0,0.0,20.34,8715,53.77,18.0,0.575
2024-04-16T13:23:16.000,11.94,8.24,49689.74,0.1,20.34,8716,53.67,18.0,0.576
2024-04-16T13:24:16.000,11.74,7.97,50000.0,0.0,20.34,8717,53.57,18.0,0.576
2024-04-16T13:25:17.000,11.77,9.06,50000.0,0.0,20.34,8718,53.47,19.0,0.576
2024-04-16T13:26:17.000,11.84,8.65,50000.0,0.0,20.34,8719,53.37,19.0,0.576
2024-04-16T13:27:17.000,11.8,7.73,49689.66,0.1,20.34,8720,53.27,19.0,0.576
2024-04-16T13:28:17.000,11.86,7.3,50000.0,0.0,20.34,8721,53.16,19.0,0.576
2024-04-16T13:39:59.000,12.42,8.61,50000.0,0.0,20.34,8732,51.88,21.0,0.577
2024-04-16T13:40:59.000,12.42,9.16,50000.0,0.0,20.34,8733,51.77,21.0,0.577
2024-04-16T13:41:59.000,12.5,9.69,50000.0,0.0,20.34,8734,51.65,22.0,0.577
2024-04-16T13:45:00.000,12.33,8.88,50000.0,0.0,20.34,8737,51.29,22.0,0.577
2024-04-16T13:46:00.000,12.22,8.4,50000.0,0.0,20.34,8738,51.17,22.0,0.577
2024-04-16T13:47:00.000,12.14,8.48,50000.0,0.0,20.34,8739,51.05,22.0,0.577
2024-04-16T13:48:00.000,11.87,7.31,49080.59,0.3,20.34,8740,50.93,23.0,0.577
2024-04-16T13:49:00.000,11.61,7.33,50000.0,0.0,20.34,8741,50.81,23.0,0.577
2024-04-16T13:50:00.000,11.49,6.87,50000.0,0.0,20.34,8742,50.69,23.0,0.577
2024-04-16T13:51:00.000,11.5,7.61,50000.0,0.0,20.34,8743,50.56,23.0,0.577
2024-04-16T13:56:01.000,11.56,7.37,50000.0,0.0,20.34,8748,49.93,24.0,0.578
2024-04-16T13:57:01.000,11.6,6.7,50000.0,0.0,20.34,8749,49.8,24.0,0.578
2024-04-16T13:58:01.000,11.45,6.36,50000.0,0.0,20.34,8750,49.67,24.0,0.578
2024-04-16T13:59:02.000,11.43,7.22,49383.21,0.2,20.34,8751,49.54,25.0,0.578
2024-04-16T14:00:02.000,11.46,7.27,49691.59,0.1,20.34,8752,49.41,25.0,0.578
2024-04-16T14:01:02.000,11.34,4.94,49689.66,0.1,20.34,8753,49.28,25.0,0.578
2024-04-16T14:02:02.000,11.17,4.08,49379.43,0.2,20.34,8754,49.15,25.0,0.578
2024-04-16T14:03:02.000,11.78,7.47,50000.0,0.0,20.34,8755,49.01,25.0,0.578
2024-04-16T14:04:02.000,12.6,8.37,50000.0,0.0,20.34,8756,48.88,25.0,0.578
2024-04-16T14:05:02.000,12.93,7.93,50000.0,0.0,20.34,8757,48.75,26.0,0.578
2024-04-16T14:06:03.000,12.74,5.89,49689.58,0.11,20.34,8758,48.61,26.0,0.578
2024-04-16T14:07:03.000,12.28,6.58,49379.26,0.21,20.34,8759,48.47,26.0,0.578
2024-04-16T14:08:03.000,12.15,6.7,50000.0,0.0,20.34,8760,48.34,26.0,0.579
2024-04-16T14:09:03.000,11.85,5.49,49689.63,0.1,20.34,8761,48.2,26.0,0.579
2024-04-16T14:10:03.000,11.86,7.36,50000.0,0.0,20.34,8762,48.06,26.0,0.579
2024-04-16T14:11:03.000,12.03,9.28,49689.65,0.1,20.34,8763,47.93,27.0,0.579
2024-04-16T14:12:03.000,12.32,9.34,50000.0,0.0,20.34,8764,47.79,27.0,0.579
2024-04-16T14:13:04.000,12.38,9.73,49689.75,0.1,20.34,8765,47.65,27.0,0.579
2024-04-16T14:14:04.000,12.96,12.17,49689.71,0.1,20.34,8766,47.51,27.0,0.579
2024-04-16T14:15:04.000,13.64,12.06,49689.63,0.1,20.34,8767,47.37,27.0,0.579
2024-04-16T14:16:04.000,13.88,10.52,48774.0,0.4,20.34,8768,47.22,28.0,0.579
2024-04-16T14:17:04.000,14.54,10.99,50000.0,0.0,20.34,8769,47.08,28.0,0.579
2024-04-16T14:18:04.000,13.93,9.06,50000.0,0.0,20.34,8770,46.94,28.0,0.579
2024-04-16T14:19:04.000,13.91,9.7,50000.0,0.0,20.34,8771,46.8,28.0,0.579
2024-04-16T14:20:04.000,13.41,7.84,50000.0,0.0,20.34,8772,46.65,28.0,0.579
2024-04-16T14:21:04.000,13.16,9.21,49689.58,0.11,20.34,8773,46.51,28.0,0.579
