ecsv/stars660/stars660_2025-04.ecsv
# %ECSV 1.0
# ---
# datatype:
# - {name: time, datatype: string}
# - {name: Enclosure Temperature, unit: deg_C, datatype: float64}
# - {name: Sky Temperature, unit: deg_C, datatype: float64}
# - {name: Frequency, unit: Hz, datatype: float64}
# - {name: MSAS, unit: mag / arcsec2, datatype: float64}
# - {name: ZP, datatype: float64}
# - {name: Sequence Number, datatype: int64}
# - {name: Sun Alt, unit: deg, datatype: float64}
# - {name: Moon Alt, unit: deg, datatype: float64}
# - {name: Moon Illumination, datatype: float64}
# delimiter: ','
# meta: !!omap
# - ida:
#     Data supplier: {affiliation: Ardoz, observer: null}
#     Device type: TESS-W
#     Field of view: 17.0
#     Filters per channel: None
#     Instrument ID: stars660
#     License: ODbL 1.0 http://opendatacommons.org/licenses/odbl/summary/
#     Local timezone: Europe/Madrid
#     Location name: {country: Spain, place: Arzoz, region: Navarre, sub_region: Montejurra, town: Arzoz (Navarra)}
#     Measurement direction per channel: {azimuth: 0.0, zenital: 0.0}
#     Moving / Fixed look direction: FIXED
#     Moving / Stationary position: STATIONARY
#     Number of channels: 1
#     Number of fields per line: 8
#     Number of header lines: 35
#     Position: {height: 0.0, latitude: 42.745234, longitude: -1.898673}
#     TESS MAC address: 98:F4:AB:B2:7B:16
#     TESS cover offset value: 0.0
#     TESS firmware version: '1.0'
#     TESS zero point: 20.34
#     Time Synchronization: timestamp added by MQTT subscriber
#     URL: http://www.darksky.org/NSBM/sdf1.0.pdf
# - __serialized_columns__:
#     Enclosure Temperature:
#       __class__: astropy.units.quantity.Quantity
#       unit: &id001 !astropy.units.Unit {unit: deg_C}
#       value: !astropy.table.SerializedColumn {name: Enclosure Temperature}
#     Frequency:
#       __class__: astropy.units.quantity.Quantity
#       unit: !astropy.units.Unit {unit: Hz}
#       value: !astropy.table.SerializedColumn {name: Frequency}
#     MSAS:
#       __class__: astropy.units.quantity.Quantity
#       unit: !astropy.units.Unit {unit: mag / arcsec2}
#       value: !astropy.table.SerializedColumn {name: MSAS}
#     Moon Alt:
#       __class__: astropy.units.quantity.Quantity
#       unit: &id002 !astropy.units.Unit {unit: deg}
#       value: !astropy.table.SerializedColumn {name: Moon Alt}
#     Sky Temperature:
#       __class__: astropy.units.quantity.Quantity
#       unit: *id001
#       value: !astropy.table.SerializedColumn {name: Sky Temperature}
#     Sun Alt:
#       __class__: astropy.units.quantity.Quantity
#       unit: *id002
#       value: !astropy.table.SerializedColumn {name: Sun Alt}
#     time:
#       __class__: astropy.time.core.Time
#       format: isot
#       in_subfmt: '*'
#       out_subfmt: '*'
#       precision: 3
#       scale: utc
#       value: !astropy.table.SerializedColumn {name: time}
# schema: astropy-2.0
time,Enclosure Temperature,Sky Temperature,Frequency,MSAS,ZP,Sequence Number,Sun Alt,Moon Alt,Moon Illumination
[from data line 5280]
2025-04-07T03:16:34.000,13.38,1.62,0.69,20.74,20.34,50868,-24.74,1.0,0.708
2025-04-07T03:17:34.000,13.38,1.7,0.68,20.75,20.34,50869,-24.59,1.0,0.709
2025-04-07T03:18:34.000,13.41,1.65,0.68,20.77,20.34,50870,-24.45,1.0,0.709
2025-04-07T03:19:34.000,13.42,1.63,0.67,20.78,20.34,50871,-24.3,1.0,0.709
2025-04-07T03:20:34.000,13.42,1.63,0.66,20.79,20.34,50872,-24.15,1.0,0.709
2025-04-07T03:21:34.000,13.43,1.6,0.65,20.8,20.34,50873,-24.0,0.0,0.709
2025-04-07T03:22:35.000,13.43,1.71,0.65,20.81,20.34,50874,-23.85,0.0,0.709
2025-04-07T03:23:35.000,13.44,1.75,0.64,20.82,20.34,50875,-23.7,0.0,0.709
2025-04-07T03:24:35.000,13.45,1.62,0.63,20.83,20.34,50876,-23.55,-0.0,0.709
2025-04-07T03:25:35.000,13.41,1.41,0.63,20.85,20.34,50877,-23.4,-0.0,0.709
2025-04-07T03:26:35.000,13.37,1.52,0.62,20.86,20.34,50878,-23.25,-0.0,0.709
2025-04-07T03:27:35.000,13.33,1.44,0.62,20.87,20.34,50879,-23.1,-1.0,0.709
2025-04-07T03:28:35.000,13.36,1.81,0.61,20.88,20.34,50880,-22.95,-1.0,0.709
2025-04-07T03:29:35.000,13.4,1.6,0.6,20.89,20.34,50881,-22.8,-1.0,0.709
2025-04-07T03:30:36.000,13.34,1.34,0.6,20.9,20.34,50882,-22.65,-1.0,0.709
2025-04-07T03:31:36.000,13.25,1.29,0.59,20.91,20.34,50883,-22.49,-1.0,0.709
2025-04-07T03:32:36.000,13.25,1.56,0.59,20.92,20.34,50884,-22.34,-1.0,0.71
2025-04-07T03:33:36.000,13.27,1.52,0.58,20.93,20.34,50885,-22.19,-1.0,0.71
2025-04-07T03:34:36.000,13.34,1.79,0.58,20.94,20.34,50886,-22.04,-2.0,0.71
2025-04-07T03:35:36.000,13.39,1.77,0.57,20.94,20.34,50887,-21.88,-2.0,0.71
2025-04-07T03:36:37.000,13.42,1.57,0.57,20.95,20.34,50888,-21.73,-2.0,0.71
2025-04-07T03:37:37.000,13.39,1.6,0.57,20.96,20.34,50889,-21.57,-2.0,0.71
2025-04-07T03:38:37.000,13.41,1.7,0.56,20.96,20.34,50890,-21.42,-2.0,0.71
2025-04-07T03:39:37.000,13.44,1.64,0.56,20.97,20.34,50891,-21.26,-2.0,0.71
2025-04-07T03:40:37.000,13.44,1.67,0.56,20.97,20.34,50892,-21.11,-3.0,0.71
2025-04-07T03:41:37.000,13.45,1.6,0.56,20.97,20.34,50893,-20.95,-3.0,0.71
2025-04-07T03:42:37.000,13.46,1.67,0.56,20.97,20.34,50894,-20.79,-3.0,0.71
2025-04-07T03:43:37.000,13.46,1.59,0.55,20.98,20.34,50895,-20.64,-3.0,0.71
2025-04-07T03:44:37.000,13.48,1.72,0.55,20.98,20.34,50896,-20.48,-3.0,0.71
2025-04-07T03:45:37.000,13.51,1.8,0.55,20.98,20.34,50897,-20.32,-3.0,0.71
2025-04-07T03:46:37.000,13.51,1.59,0.55,20.99,20.34,50898,-20.16,-4.0,0.71
2025-04-07T03:47:37.000,13.47,1.45,0.55,20.99,20.34,50899,-20.01,-4.0,0.71
2025-04-07T03:48:38.000,13.45,1.54,0.55,20.99,20.34,50900,-19.85,-4.0,0.711
2025-04-07T03:49:38.000,13.43,1.53,0.55,20.98,20.34,50901,-19.69,-4.0,0.711
2025-04-07T03:50:38.000,13.4,1.51,0.55,20.99,20.34,50902,-19.53,-4.0,0.711
2025-04-07T03:51:38.000,13.4,1.47,0.55,20.98,20.34,50903,-19.37,-4.0,0.711
2025-04-07T03:52:38.000,13.39,1.6,0.55,20.98,20.34,50904,-19.21,-4.0,0.711
2025-04-07T03:53:38.000,13.4,1.58,0.56,20.98,20.34,50905,-19.05,-5.0,0.711
2025-04-07T03:54:38.000,13.41,1.66,0.56,20.97,20.34,50906,-18.89,-5.0,0.711
2025-04-07T03:55:38.000,13.41,1.46,0.56,20.97,20.34,50907,-18.73,-5.0,0.711
2025-04-07T03:56:38.000,13.36,1.4,0.56,20.97,20.34,50908,-18.57,-5.0,0.711
2025-04-07T03:57:38.000,13.35,1.52,0.56,20.97,20.34,50909,-18.41,-5.0,0.711
2025-04-07T03:58:39.000,13.36,1.67,0.56,20.96,20.34,50910,-18.24,-5.0,0.711
2025-04-07T03:59:39.000,13.41,1.61,0.57,20.96,20.34,50911,-18.08,-5.0,0.711
2025-04-07T04:00:39.000,13.4,1.52,0.57,20.95,20.34,50912,-17.92,-6.0,0.711
2025-04-07T04:01:39.000,13.38,1.47,0.57,20.94,20.34,50913,-17.76,-6.0,0.711
2025-04-07T04:02:39.000,13.4,1.66,0.58,20.94,20.34,50914,-17.59,-6.0,0.711
2025-04-07T04:03:39.000,13.39,1.41,0.58,20.93,20.34,50915,-17.43,-6.0,0.711
2025-04-07T04:04:39.000,13.4,1.66,0.58,20.93,20.34,50916,-17.27,-6.0,0.712
2025-04-07T04:05:39.000,13.4,1.47,0.59,20.92,20.34,50917,-17.1,-6.0,0.712
2025-04-07T04:06:39.000,13.41,1.66,0.59,20.91,20.34,50918,-16.94,-7.0,0.712
2025-04-07T04:07:40.000,13.43,1.6,0.59,20.91,20.34,50919,-16.77,-7.0,0.712
2025-04-07T04:08:40.000,13.43,1.37,0.59,20.9,20.34,50920,-16.61,-7.0,0.712
2025-04-07T04:09:40.000,13.38,1.3,0.6,20.9,20.34,50921,-16.45,-7.0,0.712
2025-04-07T04:10:40.000,13.36,1.43,0.6,20.89,20.34,50922,-16.28,-7.0,0.712
2025-04-07T04:11:40.000,13.31,1.3,0.61,20.88,20.34,50923,-16.12,-7.0,0.712
2025-04-07T04:12:41.000,13.3,1.39,0.61,20.87,20.34,50924,-15.95,-7.0,0.712
2025-04-07T04:13:41.000,13.29,1.39,0.62,20.86,20.34,50925,-15.78,-8.0,0.712
2025-04-07T04:14:41.000,13.3,1.45,0.63,20.85,20.34,50926,-15.62,-8.0,0.712
2025-04-07T04:15:41.000,13.29,1.46,0.63,20.84,20.34,50927,-15.45,-8.0,0.712
2025-04-07T04:16:41.000,13.3,1.36,0.64,20.82,20.34,50928,-15.28,-8.0,0.712
2025-04-07T04:17:41.000,13.28,1.45,0.65,20.8,20.34,50929,-15.12,-8.0,0.712
2025-04-07T04:18:41.000,13.28,1.41,0.66,20.78,20.34,50930,-14.95,-8.0,0.712
2025-04-07T04:19:41.000,13.3,1.53,0.68,20.76,20.34,50931,-14.78,-8.0,0.713
2025-04-07T04:20:41.000,13.34,1.49,0.7,20.73,20.34,50932,-14.61,-9.0,0.713
2025-04-07T04:21:42.000,13.33,1.42,0.71,20.71,20.34,50933,-14.44,-9.0,0.713
2025-04-07T04:22:42.000,13.29,1.26,0.74,20.67,20.34,50934,-14.28,-9.0,0.713
2025-04-07T04:23:42.000,13.28,1.4,0.77,20.63,20.34,50935,-14.11,-9.0,0.713
2025-04-07T04:24:42.000,13.28,1.38,0.8,20.59,20.34,50936,-13.94,-9.0,0.713
2025-04-07T04:25:42.000,13.28,1.4,0.83,20.54,20.34,50937,-13.77,-9.0,0.713
2025-04-07T04:26:42.000,13.29,1.52,0.87,20.49,20.34,50938,-13.6,-9.0,0.713
2025-04-07T04:27:42.000,13.32,1.46,0.93,20.42,20.34,50939,-13.43,-10.0,0.713
2025-04-07T04:28:42.000,13.27,1.22,0.98,20.36,20.34,50940,-13.26,-10.0,0.713
2025-04-07T04:29:42.000,13.24,1.3,1.06,20.28,20.34,50941,-13.09,-10.0,0.713
2025-04-07T04:30:43.000,13.24,1.36,1.14,20.2,20.34,50942,-12.92,-10.0,0.713
2025-04-07T04:31:43.000,13.2,1.21,1.23,20.11,20.34,50943,-12.75,-10.0,0.713
2025-04-07T04:32:43.000,13.2,1.41,1.34,20.02,20.34,50944,-12.58,-10.0,0.713
2025-04-07T04:33:43.000,13.19,1.3,1.47,19.92,20.34,50945,-12.41,-10.0,0.713
2025-04-07T04:34:43.000,13.19,1.26,1.62,19.81,20.34,50946,-12.24,-11.0,0.713
2025-04-07T04:35:43.000,13.16,1.13,1.8,19.7,20.34,50947,-12.07,-11.0,0.714
2025-04-07T04:36:43.000,13.12,1.08,2.01,19.58,20.34,50948,-11.9,-11.0,0.714
2025-04-07T04:37:43.000,13.07,1.11,2.23,19.47,20.34,50949,-11.72,-11.0,0.714
2025-04-07T04:38:43.000,13.09,1.39,2.52,19.34,20.34,50950,-11.55,-11.0,0.714
2025-04-07T04:39:44.000,13.11,1.28,2.87,19.2,20.34,50951,-11.38,-11.0,0.714
2025-04-07T04:40:44.000,13.11,1.23,3.26,19.06,20.34,50952,-11.21,-11.0,0.714
2025-04-07T04:41:44.000,13.09,1.16,3.69,18.92,20.34,50953,-11.03,-12.0,0.714
2025-04-07T04:42:44.000,13.08,1.23,4.26,18.77,20.34,50954,-10.86,-12.0,0.714
2025-04-07T04:43:44.000,13.13,1.34,4.88,18.62,20.34,50955,-10.69,-12.0,0.714
2025-04-07T04:44:44.000,13.14,1.33,5.64,18.46,20.34,50956,-10.51,-12.0,0.714
2025-04-07T04:45:45.000,13.13,1.12,6.5,18.31,20.34,50957,-10.34,-12.0,0.714
2025-04-07T04:46:45.000,13.09,1.11,7.56,18.15,20.34,50958,-10.17,-12.0,0.714
2025-04-07T04:47:45.000,13.08,1.11,8.76,17.99,20.34,50959,-9.99,-12.0,0.714
2025-04-07T04:48:45.000,13.06,1.02,10.25,17.82,20.34,50960,-9.82,-12.0,0.714
2025-04-07T04:49:45.000,13.02,1.0,11.91,17.65,20.34,50961,-9.64,-13.0,0.714
2025-04-07T04:50:45.000,13.0,1.02,13.98,17.48,20.34,50962,-9.47,-13.0,0.715
2025-04-07T04:51:45.000,12.99,1.02,16.63,17.29,20.34,50963,-9.3,-13.0,0.715
2025-04-07T04:52:45.000,12.99,1.14,19.56,17.11,20.34,50964,-9.12,-13.0,0.715
2025-04-07T04:53:46.000,13.0,1.17,23.0,16.94,20.34,50965,-8.94,-13.0,0.715
2025-04-07T04:54:46.000,13.04,1.26,27.27,16.75,20.34,50966,-8.77,-13.0,0.715
2025-04-07T04:55:46.000,13.08,1.3,32.38,16.57,20.34,50967,-8.59,-13.0,0.715
2025-04-07T04:56:46.000,13.12,1.29,38.94,16.37,20.34,50968,-8.42,-14.0,0.715
2025-04-07T04:57:46.000,13.1,1.02,45.61,16.19,20.34,50969,-8.24,-14.0,0.715
2025-04-07T04:58:46.000,13.07,1.15,55.38,15.98,20.34,50970,-8.07,-14.0,0.715
2025-04-07T04:59:46.000,13.09,1.17,67.57,15.77,20.34,50971,-7.89,-14.0,0.715
2025-04-07T05:00:47.000,13.07,1.17,82.18,15.56,20.34,50972,-7.71,-14.0,0.715
2025-04-07T05:01:47.000,13.08,1.05,100.64,15.34,20.34,50973,-7.54,-14.0,0.715
2025-04-07T05:02:47.000,13.03,0.89,123.75,15.11,20.34,50974,-7.36,-14.0,0.715
2025-04-07T05:03:47.000,12.98,0.96,152.7,14.88,20.34,50975,-7.19,-14.0,0.715
2025-04-07T05:04:48.000,13.0,1.14,188.96,14.65,20.34,50976,-7.01,-15.0,0.715
2025-04-07T05:05:48.000,12.99,0.92,234.65,14.42,20.34,50977,-6.83,-15.0,0.715
2025-04-07T05:06:48.000,12.98,1.3,291.53,14.18,20.34,50978,-6.65,-15.0,0.716
2025-04-07T05:07:48.000,13.06,1.21,363.1,13.94,20.34,50979,-6.48,-15.0,0.716
2025-04-07T05:12:02.000,12.97,1.16,929.05,12.92,20.34,50983,-5.73,-15.0,0.716
2025-04-07T05:13:02.000,13.01,1.2,1167.0,12.67,20.34,50984,-5.55,-16.0,0.716
2025-04-07T05:14:03.000,13.04,1.17,1462.38,12.43,20.34,50985,-5.37,-16.0,0.716
2025-04-07T05:15:03.000,13.03,1.01,1831.64,12.19,20.34,50986,-5.19,-16.0,0.716
2025-04-07T05:16:04.000,13.04,1.09,2294.16,11.94,20.34,50987,-5.01,-16.0,0.716
2025-04-07T05:17:04.000,13.01,0.96,2868.99,11.7,20.34,50988,-4.83,-16.0,0.716
2025-04-07T05:18:04.000,13.0,1.11,3588.53,11.46,20.34,50989,-4.65,-16.0,0.716
2025-04-07T05:19:05.000,13.01,1.03,4490.27,11.21,20.34,50990,-4.47,-16.0,0.716
2025-04-07T05:20:05.000,13.04,1.35,5595.93,10.97,20.34,50991,-4.29,-16.0,0.716
2025-04-07T05:21:06.000,13.08,1.13,6936.73,10.74,20.34,50992,-4.11,-17.0,0.716
2025-04-07T05:22:06.000,13.07,1.17,8550.98,10.51,20.34,50993,-3.93,-17.0,0.717
2025-04-07T05:23:06.000,13.09,1.19,10480.13,10.29,20.34,50994,-3.75,-17.0,0.717
2025-04-07T05:24:07.000,13.1,1.31,12778.07,10.08,20.34,50995,-3.57,-17.0,0.717
2025-04-07T05:25:07.000,13.1,1.03,15500.27,9.87,20.34,50996,-3.39,-17.0,0.717
2025-04-07T05:26:08.000,13.07,1.06,18695.47,9.66,20.34,50997,-3.21,-17.0,0.717
2025-04-07T05:27:08.000,13.02,0.92,22397.02,9.47,20.34,50998,-3.03,-17.0,0.717
2025-04-07T05:28:09.000,12.94,0.82,26376.36,9.35,20.34,50999,-2.85,-17.0,0.717
2025-04-07T05:29:09.000,12.91,1.0,31531.64,9.09,20.34,51000,-2.67,-17.0,0.717
2025-04-07T05:30:10.000,12.94,1.24,36612.5,9.01,20.34,51001,-2.48,-18.0,0.717
2025-04-07T05:31:10.000,12.96,1.06,43209.55,8.75,20.34,51002,-2.3,-18.0,0.717
2025-04-07T05:32:11.000,12.98,1.25,50178.67,8.59,20.34,51003,-2.12,-18.0,0.717
2025-04-07T05:33:11.000,13.01,1.15,57928.89,8.43,20.34,51004,-1.94,-18.0,0.717
2025-04-07T05:34:11.000,13.0,1.17,54513.42,2.78,20.34,51005,-1.76,-18.0,0.717
2025-04-07T05:35:12.000,13.0,1.02,50000.0,0.0,20.34,51006,-1.58,-18.0,0.717
2025-04-07T05:36:12.000,12.98,1.06,50000.0,0.0,20.34,51007,-1.4,-18.0,0.717
2025-04-07T05:37:13.000,12.94,0.92,50000.0,0.0,20.34,51008,-1.21,-18.0,0.717
2025-04-07T05:52:16.000,12.62,0.88,50000.0,0.0,20.34,51023,1.52,-20.0,0.718
2025-04-07T05:53:16.000,12.63,0.89,50000.0,0.0,20.34,51024,1.7,-20.0,0.718
2025-04-07T05:54:16.000,12.61,0.72,50000.0,0.0,20.34,51025,1.88,-20.0,0.719
2025-04-07T05:55:16.000,12.6,0.74,49720.92,0.09,20.34,51026,2.06,-20.0,0.719
2025-04-07T05:56:16.000,12.57,0.71,49453.88,0.18,20.34,51027,2.25,-20.0,0.719
2025-04-07T05:57:16.000,12.56,0.79,50000.0,0.0,20.34,51028,2.43,-21.0,0.719
2025-04-07T05:58:16.000,12.59,1.01,50000.0,0.0,20.34,51029,2.61,-21.0,0.719
2025-04-07T05:59:16.000,12.63,0.95,50000.0,0.0,20.34,51030,2.79,-21.0,0.719
2025-04-07T07:20:27.000,14.72,1.24,50000.0,0.0,20.34,51111,17.68,-27.0,0.724
2025-04-07T07:21:27.000,14.34,1.06,50000.0,0.0,20.34,51112,17.86,-27.0,0.724
2025-04-07T07:22:27.000,14.16,1.78,50000.0,0.0,20.34,51113,18.04,-27.0,0.724
2025-04-07T07:24:33.000,14.31,2.46,50000.0,0.0,20.34,51115,18.43,-27.0,0.724
2025-04-07T07:25:33.000,14.47,2.96,50000.0,0.0,20.34,51116,18.61,-27.0,0.724
2025-04-07T07:26:33.000,14.6,2.73,50000.0,0.0,20.34,51117,18.79,-27.0,0.724
2025-04-07T09:44:50.000,24.54,12.94,50000.0,0.0,20.34,51255,42.13,-26.0,0.733
2025-04-07T09:45:50.000,24.34,10.21,50000.0,0.0,20.34,51256,42.27,-26.0,0.733
2025-04-07T09:46:51.000,24.12,10.92,50000.0,0.0,20.34,51257,42.42,-25.0,0.733
2025-04-07T09:47:51.000,23.79,9.94,49689.66,0.1,20.34,51258,42.56,-25.0,0.733
2025-04-07T09:48:51.000,23.65,10.73,50000.0,0.0,20.34,51259,42.71,-25.0,0.733
2025-04-07T09:49:51.000,23.71,10.93,50000.0,0.0,20.34,51260,42.85,-25.0,0.733
2025-04-07T09:50:51.000,23.76,11.01,50000.0,0.0,20.34,51261,42.99,-25.0,0.733
2025-04-07T09:51:51.000,23.44,9.52,50000.0,0.0,20.34,51262,43.13,-25.0,0.733
2025-04-07T09:52:51.000,22.93,9.07,49691.54,0.1,20.34,51263,43.28,-25.0,0.734
2025-04-07T09:53:51.000,22.61,8.75,50000.0,0.0,20.34,51264,43.42,-25.0,0.734
2025-04-07T09:54:52.000,22.52,10.6,50000.0,0.0,20.34,51265,43.56,-25.0,0.734
2025-04-07T09:55:52.000,22.61,10.15,49383.15,0.2,20.34,51266,43.7,-25.0,0.734
2025-04-07T09:56:52.000,22.61,9.91,49383.01,0.21,20.34,51267,43.84,-25.0,0.734
2025-04-07T09:57:52.000,22.62,10.91,50000.0,0.0,20.34,51268,43.98,-25.0,0.734
2025-04-07T09:58:52.000,22.67,9.78,50000.0,0.0,20.34,51269,44.11,-25.0,0.734
2025-04-07T09:59:52.000,22.52,9.88,50000.0,0.0,20.34,51270,44.25,-25.0,0.734
2025-04-07T10:13:54.000,21.89,9.9,50000.0,0.0,20.34,51284,46.11,-23.0,0.735
2025-04-07T10:14:54.000,21.91,10.04,50000.0,0.0,20.34,51285,46.23,-23.0,0.735
2025-04-07T10:15:54.000,21.99,10.31,50000.0,0.0,20.34,51286,46.36,-23.0,0.735
2025-04-07T10:16:54.000,22.07,10.55,49691.62,0.1,20.34,51287,46.48,-23.0,0.735
2025-04-07T10:17:54.000,22.23,10.43,50000.0,0.0,20.34,51288,46.61,-23.0,0.735
2025-04-07T10:18:55.000,22.13,10.15,50000.0,0.0,20.34,51289,46.74,-23.0,0.735
2025-04-07T10:19:55.000,22.19,10.69,50000.0,0.0,20.34,51290,46.86,-23.0,0.735
2025-04-07T10:20:55.000,22.42,11.25,50000.0,0.0,20.34,51291,46.98,-23.0,0.735
2025-04-07T10:21:55.000,22.51,10.5,49691.48,0.11,20.34,51292,47.1,-23.0,0.735
2025-04-07T10:22:55.000,21.91,6.86,49383.04,0.21,20.34,51293,47.22,-23.0,0.735
2025-04-07T10:23:55.000,21.78,10.72,49689.75,0.1,20.34,51294,47.34,-23.0,0.735
2025-04-07T10:24:55.000,22.19,11.47,49691.58,0.1,20.34,51295,47.46,-23.0,0.736
2025-04-07T10:25:56.000,22.28,10.05,50000.0,0.0,20.34,51296,47.59,-22.0,0.736
2025-04-07T10:26:56.000,21.95,9.51,50000.0,0.0,20.34,51297,47.7,-22.0,0.736
2025-04-07T10:27:56.000,21.83,9.86,50000.0,0.0,20.34,51298,47.82,-22.0,0.736
2025-04-07T10:44:58.000,22.21,10.7,50000.0,0.0,20.34,51315,49.69,-21.0,0.737
2025-04-07T10:45:58.000,22.25,10.7,50000.0,0.0,20.34,51316,49.79,-21.0,0.737
2025-04-07T10:46:58.000,22.07,10.06,50000.0,0.0,20.34,51317,49.89,-20.0,0.737
2025-04-07T10:47:58.000,22.13,10.97,49689.68,0.1,20.34,51318,49.99,-20.0,0.737
2025-04-07T10:48:58.000,22.06,9.73,50000.0,0.0,20.34,51319,50.09,-20.0,0.737
2025-04-07T10:49:59.000,22.06,10.68,50000.0,0.0,20.34,51320,50.19,-20.0,0.737
2025-04-07T10:50:59.000,22.14,10.77,50000.0,0.0,20.34,51321,50.28,-20.0,0.737
2025-04-07T10:51:59.000,22.34,11.45,50000.0,0.0,20.34,51322,50.38,-20.0,0.737
2025-04-07T10:52:59.000,22.5,11.19,50000.0,0.0,20.34,51323,50.47,-20.0,0.737
2025-04-07T10:53:59.000,22.68,11.63,49689.67,0.1,20.34,51324,50.57,-20.0,0.737
2025-04-07T10:54:59.000,22.71,10.64,49691.59,0.1,20.34,51325,50.66,-20.0,0.737
2025-04-07T10:55:59.000,22.61,11.06,50000.0,0.0,20.34,51326,50.75,-19.0,0.737
2025-04-07T10:57:00.000,22.6,10.78,50000.0,0.0,20.34,51327,50.84,-19.0,0.737
2025-04-07T10:58:00.000,22.64,11.0,50000.0,0.0,20.34,51328,50.93,-19.0,0.738
2025-04-07T10:59:00.000,22.55,10.51,50000.0,0.0,20.34,51329,51.02,-19.0,0.738
2025-04-07T11:00:00.000,22.42,10.45,49689.58,0.11,20.34,51330,51.11,-19.0,0.738
2025-04-07T11:01:00.000,22.34,10.23,49689.66,0.1,20.34,51331,51.2,-19.0,0.738
2025-04-07T11:02:00.000,22.29,10.81,50000.0,0.0,20.34,51332,51.28,-19.0,0.738
2025-04-07T11:03:00.000,22.54,11.44,49689.73,0.1,20.34,51333,51.37,-19.0,0.738
2025-04-07T11:04:01.000,22.71,11.6,50000.0,0.0,20.34,51334,51.45,-19.0,0.738
2025-04-07T11:05:01.000,22.69,10.8,49691.59,0.1,20.34,51335,51.53,-18.0,0.738
2025-04-07T11:06:01.000,22.49,10.0,50000.0,0.0,20.34,51336,51.62,-18.0,0.738
2025-04-07T11:07:01.000,22.27,10.21,50000.0,0.0,20.34,51337,51.7,-18.0,0.738
2025-04-07T11:08:01.000,22.42,11.48,50000.0,0.0,20.34,51338,51.77,-18.0,0.738
2025-04-07T11:09:01.000,22.83,12.08,50000.0,0.0,20.34,51339,51.85,-18.0,0.738
