ecsv/stars660/stars660_2025-04.ecsv
# %ECSV 1.0
# ---
# datatype:
# - {name: time, datatype: string}
# - {name: Enclosure Temperature, unit: deg_C, datatype: float64}
# - {name: Sky Temperature, unit: deg_C, datatype: float64}
# - {name: Frequency, unit: Hz, datatype: float64}
# - {name: MSAS, unit: mag / arcsec2, datatype: float64}
# - {name: ZP, datatype: float64}
# - {name: Sequence Number, datatype: int64}
# - {name: Sun Alt, unit: deg, datatype: float64}
# - {name: Moon Alt, unit: deg, datatype: float64}
# - {name: Moon Illumination, datatype: float64}
# delimiter: ','
# meta: !!omap
# - ida:
#     Data supplier: {affiliation: Ardoz, observer: null}
#     Device type: TESS-W
#     Field of view: 17.0
#     Filters per channel: None
#     Instrument ID: stars660
#     License: ODbL 1.0 http://opendatacommons.org/licenses/odbl/summary/
#     Local timezone: Europe/Madrid
#     Location name: {country: Spain, place: Arzoz, region: Navarre, sub_region: Montejurra, town: Arzoz (Navarra)}
#     Measurement direction per channel: {azimuth: 0.0, zenital: 0.0}
#     Moving / Fixed look direction: FIXED
#     Moving / Stationary position: STATIONARY
#     Number of channels: 1
#     Number of fields per line: 8
#     Number of header lines: 35
#     Position: {height: 0.0, latitude: 42.745234, longitude: -1.898673}
#     TESS MAC address: 98:F4:AB:B2:7B:16
#     TESS cover offset value: 0.0
#     TESS firmware version: '1.0'
#     TESS zero point: 20.34
#     Time Synchronization: timestamp added by MQTT subscriber
#     URL: http://www.darksky.org/NSBM/sdf1.0.pdf
# - __serialized_columns__:
#     Enclosure Temperature:
#       __class__: astropy.units.quantity.Quantity
#       unit: &id001 !astropy.units.Unit {unit: deg_C}
#       value: !astropy.table.SerializedColumn {name: Enclosure Temperature}
#     Frequency:
#       __class__: astropy.units.quantity.Quantity
#       unit: !astropy.units.Unit {unit: Hz}
#       value: !astropy.table.SerializedColumn {name: Frequency}
#     MSAS:
#       __class__: astropy.units.quantity.Quantity
#       unit: !astropy.units.Unit {unit: mag / arcsec2}
#       value: !astropy.table.SerializedColumn {name: MSAS}
#     Moon Alt:
#       __class__: astropy.units.quantity.Quantity
#       unit: &id002 !astropy.units.Unit {unit: deg}
#       value: !astropy.table.SerializedColumn {name: Moon Alt}
#     Sky Temperature:
#       __class__: astropy.units.quantity.Quantity
#       unit: *id001
#       value: !astropy.table.SerializedColumn {name: Sky Temperature}
#     Sun Alt:
#       __class__: astropy.units.quantity.Quantity
#       unit: *id002
#       value: !astropy.table.SerializedColumn {name: Sun Alt}
#     time:
#       __class__: astropy.time.core.Time
#       format: isot
#       in_subfmt: '*'
#       out_subfmt: '*'
#       precision: 3
#       scale: utc
#       value: !astropy.table.SerializedColumn {name: time}
# schema: astropy-2.0
time,Enclosure Temperature,Sky Temperature,Frequency,MSAS,ZP,Sequence Number,Sun Alt,Moon Alt,Moon Illumination
2025-04-01T00:01:24.000,14.26,2.46,0.49,21.12,20.34,42174,-42.65,-19.0,0.096
2025-04-01T00:02:24.000,14.26,2.5,0.49,21.12,20.34,42175,-42.66,-19.0,0.096
2025-04-01T00:03:24.000,14.29,2.64,0.49,21.12,20.34,42176,-42.67,-20.0,0.096
2025-04-01T00:04:24.000,14.31,2.56,0.49,21.12,20.34,42177,-42.67,-20.0,0.096
2025-04-01T00:05:24.000,14.32,2.55,0.49,21.12,20.34,42178,-42.68,-20.0,0.097
2025-04-01T00:06:24.000,14.32,2.52,0.49,21.12,20.34,42179,-42.69,-20.0,0.097
2025-04-01T00:07:24.000,14.34,2.64,0.49,21.12,20.34,42180,-42.69,-20.0,0.097
2025-04-01T00:08:24.000,14.34,2.47,0.49,21.12,20.34,42181,-42.69,-20.0,0.097
2025-04-01T00:09:24.000,14.32,2.45,0.49,21.13,20.34,42182,-42.7,-20.0,0.097
2025-04-01T00:10:24.000,14.33,2.65,0.48,21.13,20.34,42183,-42.7,-20.0,0.097
2025-04-01T00:11:25.000,14.42,2.84,0.48,21.13,20.34,42184,-42.7,-20.0,0.097
2025-04-01T00:12:24.000,14.45,2.76,0.48,21.14,20.34,42185,-42.7,-20.0,0.097
2025-04-01T00:13:25.000,14.49,2.83,0.48,21.14,20.34,42186,-42.7,-20.0,0.097
2025-04-01T00:14:25.000,14.56,2.97,0.48,21.14,20.34,42187,-42.69,-21.0,0.097
2025-04-01T00:15:25.000,14.62,2.94,0.48,21.14,20.34,42188,-42.69,-21.0,0.097
2025-04-01T00:16:25.000,14.66,2.94,0.48,21.15,20.34,42189,-42.68,-21.0,0.097
2025-04-01T00:17:25.000,14.7,3.04,0.48,21.15,20.34,42190,-42.68,-21.0,0.097
2025-04-01T00:18:25.000,14.75,3.07,0.48,21.15,20.34,42191,-42.67,-21.0,0.097
2025-04-01T00:19:25.000,14.77,2.95,0.47,21.15,20.34,42192,-42.66,-21.0,0.097
2025-04-01T00:20:25.000,14.75,2.86,0.47,21.15,20.34,42193,-42.65,-21.0,0.097
2025-04-01T00:21:25.000,14.75,2.93,0.47,21.15,20.34,42194,-42.64,-21.0,0.097
2025-04-01T00:22:25.000,14.73,2.66,0.47,21.15,20.34,42195,-42.63,-21.0,0.097
2025-04-01T00:23:26.000,14.64,2.38,0.47,21.15,20.34,42196,-42.62,-21.0,0.097
2025-04-01T00:24:26.000,14.54,2.36,0.47,21.15,20.34,42197,-42.61,-21.0,0.098
2025-04-01T00:25:26.000,14.49,2.41,0.47,21.15,20.34,42198,-42.59,-22.0,0.098
2025-04-01T00:26:26.000,14.47,2.56,0.47,21.15,20.34,42199,-42.57,-22.0,0.098
2025-04-01T00:27:26.000,14.46,2.57,0.47,21.15,20.34,42200,-42.56,-22.0,0.098
2025-04-01T00:28:26.000,14.49,2.69,0.47,21.15,20.34,42201,-42.54,-22.0,0.098
2025-04-01T00:29:26.000,14.51,2.78,0.47,21.15,20.34,42202,-42.52,-22.0,0.098
2025-04-01T00:30:26.000,14.54,2.83,0.47,21.15,20.34,42203,-42.5,-22.0,0.098
2025-04-01T00:31:26.000,14.58,2.88,0.47,21.15,20.34,42204,-42.48,-22.0,0.098
2025-04-01T00:32:26.000,14.62,2.93,0.47,21.15,20.34,42205,-42.46,-22.0,0.098
2025-04-01T00:33:27.000,14.67,3.03,0.47,21.15,20.34,42206,-42.43,-22.0,0.098
2025-04-01T00:34:27.000,14.71,3.01,0.47,21.15,20.34,42207,-42.41,-22.0,0.098
2025-04-01T00:35:27.000,14.73,2.96,0.47,21.15,20.34,42208,-42.38,-22.0,0.098
2025-04-01T00:36:27.000,14.73,2.94,0.47,21.15,20.34,42209,-42.36,-22.0,0.098
2025-04-01T00:37:27.000,14.73,2.82,0.47,21.16,20.34,42210,-42.33,-22.0,0.098
2025-04-01T00:38:27.000,14.72,2.94,0.47,21.16,20.34,42211,-42.3,-23.0,0.098
2025-04-01T00:39:27.000,14.71,2.71,0.47,21.16,20.34,42212,-42.27,-23.0,0.098
2025-04-01T00:40:27.000,14.67,2.74,0.47,21.16,20.34,42213,-42.24,-23.0,0.098
2025-04-01T00:41:27.000,14.6,2.38,0.47,21.16,20.34,42214,-42.21,-23.0,0.098
2025-04-01T00:42:27.000,14.46,2.34,0.47,21.16,20.34,42215,-42.17,-23.0,0.098
2025-04-01T00:43:28.000,14.4,2.35,0.47,21.16,20.34,42216,-42.14,-23.0,0.098
2025-04-01T00:44:28.000,14.35,2.41,0.47,21.16,20.34,42217,-42.1,-23.0,0.099
2025-04-01T00:45:28.000,14.32,2.36,0.47,21.16,20.34,42218,-42.07,-23.0,0.099
2025-04-01T00:46:28.000,14.28,2.29,0.47,21.16,20.34,42219,-42.03,-23.0,0.099
2025-04-01T00:47:28.000,14.25,2.29,0.47,21.16,20.34,42220,-41.99,-23.0,0.099
2025-04-01T00:48:28.000,14.23,2.38,0.47,21.16,20.34,42221,-41.95,-23.0,0.099
2025-04-01T00:49:28.000,14.24,2.47,0.47,21.16,20.34,42222,-41.91,-23.0,0.099
2025-04-01T00:50:28.000,14.23,2.33,0.47,21.16,20.34,42223,-41.87,-23.0,0.099
2025-04-01T00:51:28.000,14.15,2.14,0.47,21.17,20.34,42224,-41.83,-23.0,0.099
2025-04-01T00:52:28.000,14.09,2.12,0.47,21.16,20.34,42225,-41.79,-24.0,0.099
2025-04-01T00:53:29.000,14.06,2.17,0.47,21.16,20.34,42226,-41.74,-24.0,0.099
2025-04-01T00:54:29.000,14.04,2.23,0.47,21.16,20.34,42227,-41.69,-24.0,0.099
2025-04-01T00:55:29.000,14.0,2.08,0.47,21.16,20.34,42228,-41.65,-24.0,0.099
2025-04-01T00:56:29.000,13.96,2.12,0.47,21.16,20.34,42229,-41.6,-24.0,0.099
2025-04-01T00:57:29.000,13.94,2.09,0.47,21.16,20.34,42230,-41.55,-24.0,0.099
2025-04-01T00:58:29.000,13.93,2.21,0.47,21.16,20.34,42231,-41.5,-24.0,0.099
2025-04-01T00:59:29.000,13.98,2.32,0.47,21.16,20.34,42232,-41.45,-24.0,0.099
2025-04-01T01:00:30.000,14.03,2.34,0.47,21.16,20.34,42233,-41.4,-24.0,0.099
2025-04-01T01:01:30.000,14.05,2.35,0.47,21.16,20.34,42234,-41.35,-24.0,0.099
2025-04-01T01:02:30.000,14.05,2.22,0.47,21.16,20.34,42235,-41.29,-24.0,0.099
2025-04-01T01:03:30.000,14.04,2.16,0.47,21.16,20.34,42236,-41.24,-24.0,0.099
2025-04-01T01:04:30.000,14.03,2.22,0.47,21.17,20.34,42237,-41.18,-24.0,0.1
2025-04-01T01:05:30.000,14.04,2.24,0.47,21.16,20.34,42238,-41.13,-24.0,0.1
2025-04-01T01:06:30.000,14.04,2.19,0.47,21.16,20.34,42239,-41.07,-24.0,0.1
2025-04-01T01:07:31.000,14.05,2.26,0.47,21.16,20.34,42240,-41.01,-24.0,0.1
2025-04-01T01:08:31.000,14.07,2.29,0.47,21.16,20.34,42241,-40.95,-25.0,0.1
2025-04-01T01:09:31.000,14.08,2.24,0.47,21.16,20.34,42242,-40.89,-25.0,0.1
2025-04-01T01:10:31.000,14.09,2.35,0.47,21.17,20.34,42243,-40.83,-25.0,0.1
2025-04-01T01:11:31.000,14.13,2.39,0.47,21.17,20.34,42244,-40.77,-25.0,0.1
2025-04-01T01:12:31.000,14.16,2.45,0.47,21.16,20.34,42245,-40.7,-25.0,0.1
2025-04-01T01:13:31.000,14.21,2.48,0.47,21.17,20.34,42246,-40.64,-25.0,0.1
2025-04-01T01:14:31.000,14.25,2.49,0.47,21.16,20.34,42247,-40.57,-25.0,0.1
2025-04-01T01:15:32.000,14.27,2.39,0.47,21.17,20.34,42248,-40.51,-25.0,0.1
2025-04-01T01:16:32.000,14.27,2.51,0.47,21.17,20.34,42249,-40.44,-25.0,0.1
2025-04-01T01:17:32.000,14.3,2.51,0.47,21.17,20.34,42250,-40.37,-25.0,0.1
2025-04-01T01:18:32.000,14.31,2.47,0.47,21.17,20.34,42251,-40.3,-25.0,0.1
2025-04-01T01:19:32.000,14.33,2.55,0.47,21.17,20.34,42252,-40.23,-25.0,0.1
2025-04-01T01:20:33.000,14.38,2.67,0.47,21.16,20.34,42253,-40.16,-25.0,0.1
2025-04-01T01:21:32.000,14.45,2.69,0.47,21.16,20.34,42254,-40.09,-25.0,0.1
2025-04-01T01:22:32.000,14.48,2.69,0.47,21.16,20.34,42255,-40.02,-25.0,0.1
2025-04-01T01:23:33.000,14.47,2.46,0.47,21.16,20.34,42256,-39.94,-25.0,0.1
2025-04-01T01:24:33.000,14.43,2.35,0.47,21.16,20.34,42257,-39.87,-25.0,0.101
2025-04-01T01:25:33.000,14.44,2.65,0.47,21.15,20.34,42258,-39.79,-25.0,0.101
2025-04-01T01:26:33.000,14.45,2.42,0.47,21.15,20.34,42259,-39.72,-25.0,0.101
2025-04-01T01:27:33.000,14.37,2.22,0.47,21.15,20.34,42260,-39.64,-25.0,0.101
2025-04-01T01:28:33.000,14.27,2.08,0.47,21.15,20.34,42261,-39.56,-26.0,0.101
2025-04-01T01:29:33.000,14.2,2.09,0.48,21.15,20.34,42262,-39.48,-26.0,0.101
2025-04-01T01:30:33.000,14.1,1.81,0.48,21.15,20.34,42263,-39.4,-26.0,0.101
2025-04-01T01:31:34.000,13.94,1.65,0.48,21.15,20.34,42264,-39.32,-26.0,0.101
2025-04-01T01:32:34.000,13.89,1.97,0.48,21.15,20.34,42265,-39.24,-26.0,0.101
2025-04-01T01:33:34.000,13.93,2.3,0.48,21.15,20.34,42266,-39.16,-26.0,0.101
2025-04-01T01:34:34.000,14.05,2.57,0.48,21.15,20.34,42267,-39.07,-26.0,0.101
2025-04-01T01:35:34.000,14.13,2.53,0.47,21.15,20.34,42268,-38.99,-26.0,0.101
2025-04-01T01:36:34.000,14.21,2.56,0.47,21.15,20.34,42269,-38.9,-26.0,0.101
2025-04-01T01:37:34.000,14.26,2.6,0.47,21.15,20.34,42270,-38.82,-26.0,0.101
2025-04-01T01:38:34.000,14.29,2.55,0.47,21.16,20.34,42271,-38.73,-26.0,0.101
2025-04-01T01:39:34.000,14.29,2.5,0.47,21.16,20.34,42272,-38.64,-26.0,0.101
2025-04-01T01:40:34.000,14.25,2.32,0.47,21.16,20.34,42273,-38.55,-26.0,0.101
2025-04-01T01:41:34.000,14.18,2.17,0.47,21.16,20.34,42274,-38.46,-26.0,0.101
2025-04-01T01:42:34.000,14.08,1.99,0.47,21.16,20.34,42275,-38.37,-26.0,0.101
2025-04-01T01:43:34.000,14.0,2.03,0.47,21.16,20.34,42276,-38.28,-26.0,0.102
2025-04-01T01:44:35.000,13.94,2.1,0.47,21.16,20.34,42277,-38.19,-26.0,0.102
2025-04-01T01:45:35.000,13.9,2.05,0.47,21.16,20.34,42278,-38.1,-26.0,0.102
2025-04-01T01:46:35.000,13.87,2.02,0.47,21.17,20.34,42279,-38.0,-26.0,0.102
2025-04-01T01:47:35.000,13.86,2.13,0.47,21.17,20.34,42280,-37.91,-26.0,0.102
2025-04-01T01:48:35.000,13.85,2.11,0.47,21.16,20.34,42281,-37.81,-26.0,0.102
2025-04-01T01:49:35.000,13.85,2.09,0.47,21.17,20.34,42282,-37.72,-26.0,0.102
2025-04-01T01:50:36.000,13.84,2.14,0.47,21.17,20.34,42283,-37.62,-26.0,0.102
2025-04-01T01:51:36.000,13.86,2.23,0.47,21.17,20.34,42284,-37.52,-26.0,0.102
2025-04-01T01:52:36.000,13.88,2.23,0.47,21.16,20.34,42285,-37.42,-26.0,0.102
2025-04-01T01:53:36.000,13.88,2.23,0.47,21.16,20.34,42286,-37.32,-26.0,0.102
2025-04-01T01:54:36.000,13.9,2.31,0.47,21.16,20.34,42287,-37.23,-26.0,0.102
2025-04-01T01:55:36.000,13.92,2.32,0.47,21.16,20.34,42288,-37.12,-26.0,0.102
2025-04-01T01:56:36.000,13.95,2.4,0.47,21.16,20.34,42289,-37.02,-26.0,0.102
2025-04-01T01:57:36.000,14.01,2.51,0.47,21.16,20.34,42290,-36.92,-26.0,0.102
2025-04-01T01:58:37.000,14.05,2.53,0.47,21.16,20.34,42291,-36.82,-26.0,0.102
2025-04-01T01:59:36.000,14.1,2.58,0.47,21.16,20.34,42292,-36.71,-26.0,0.102
2025-04-01T02:00:37.000,14.13,2.6,0.47,21.16,20.34,42293,-36.61,-27.0,0.102
2025-04-01T02:01:37.000,14.19,2.59,0.47,21.16,20.34,42294,-36.5,-27.0,0.102
2025-04-01T02:02:37.000,14.22,2.57,0.47,21.16,20.34,42295,-36.4,-27.0,0.102
2025-04-01T02:03:37.000,14.22,2.36,0.47,21.16,20.34,42296,-36.29,-27.0,0.103
2025-04-01T02:04:37.000,14.13,2.21,0.47,21.16,20.34,42297,-36.18,-27.0,0.103
2025-04-01T02:05:37.000,14.11,2.25,0.47,21.15,20.34,42298,-36.08,-27.0,0.103
2025-04-01T02:06:37.000,14.08,2.15,0.47,21.16,20.34,42299,-35.97,-27.0,0.103
2025-04-01T02:07:37.000,14.05,2.35,0.47,21.15,20.34,42300,-35.86,-27.0,0.103
2025-04-01T02:08:37.000,14.07,2.44,0.47,21.15,20.34,42301,-35.75,-27.0,0.103
2025-04-01T02:09:37.000,14.1,2.52,0.47,21.15,20.34,42302,-35.64,-27.0,0.103
2025-04-01T02:10:38.000,14.15,2.55,0.47,21.15,20.34,42303,-35.52,-27.0,0.103
2025-04-01T02:11:38.000,14.13,2.25,0.48,21.15,20.34,42304,-35.41,-27.0,0.103
2025-04-01T02:12:38.000,14.09,2.34,0.48,21.15,20.34,42305,-35.3,-27.0,0.103
2025-04-01T02:13:38.000,14.08,2.38,0.48,21.15,20.34,42306,-35.18,-27.0,0.103
2025-04-01T02:14:38.000,14.07,2.39,0.48,21.15,20.34,42307,-35.07,-27.0,0.103
2025-04-01T02:15:38.000,14.06,2.27,0.48,21.15,20.34,42308,-34.95,-27.0,0.103
2025-04-01T02:16:38.000,14.01,2.2,0.48,21.14,20.34,42309,-34.84,-27.0,0.103
2025-04-01T02:17:38.000,13.97,2.24,0.48,21.14,20.34,42310,-34.72,-27.0,0.103
2025-04-01T02:18:38.000,13.96,2.27,0.48,21.14,20.34,42311,-34.61,-27.0,0.103
2025-04-01T02:19:39.000,13.96,2.35,0.48,21.14,20.34,42312,-34.49,-27.0,0.103
2025-04-01T02:20:39.000,13.99,2.36,0.48,21.14,20.34,42313,-34.37,-27.0,0.103
2025-04-01T02:21:39.000,13.98,2.37,0.48,21.14,20.34,42314,-34.25,-27.0,0.103
2025-04-01T02:22:39.000,14.01,2.41,0.48,21.15,20.34,42315,-34.13,-27.0,0.104
2025-04-01T02:23:39.000,14.03,2.44,0.48,21.15,20.34,42316,-34.01,-27.0,0.104
2025-04-01T02:24:39.000,14.08,2.59,0.48,21.15,20.34,42317,-33.89,-27.0,0.104
2025-04-01T02:25:39.000,14.12,2.53,0.47,21.15,20.34,42318,-33.77,-27.0,0.104
2025-04-01T02:26:39.000,14.11,2.35,0.48,21.15,20.34,42319,-33.64,-27.0,0.104
2025-04-01T02:27:39.000,14.09,2.4,0.47,21.15,20.34,42320,-33.52,-27.0,0.104
2025-04-01T02:28:39.000,14.08,2.33,0.47,21.15,20.34,42321,-33.4,-27.0,0.104
2025-04-01T02:29:39.000,14.06,2.3,0.47,21.15,20.34,42322,-33.27,-27.0,0.104
2025-04-01T02:30:39.000,14.02,2.24,0.47,21.15,20.34,42323,-33.15,-27.0,0.104
2025-04-01T02:31:39.000,13.96,2.2,0.47,21.15,20.34,42324,-33.02,-27.0,0.104
2025-04-01T02:32:40.000,13.94,2.24,0.47,21.16,20.34,42325,-32.9,-27.0,0.104
2025-04-01T02:33:40.000,13.92,2.23,0.47,21.16,20.34,42326,-32.77,-27.0,0.104
2025-04-01T02:34:40.000,13.9,2.2,0.47,21.16,20.34,42327,-32.64,-27.0,0.104
2025-04-01T02:35:40.000,13.89,2.22,0.47,21.16,20.34,42328,-32.51,-27.0,0.104
2025-04-01T02:36:40.000,13.9,2.28,0.47,21.16,20.34,42329,-32.39,-27.0,0.104
2025-04-01T02:37:40.000,13.89,2.27,0.47,21.16,20.34,42330,-32.26,-27.0,0.104
2025-04-01T02:38:40.000,13.9,2.34,0.47,21.16,20.34,42331,-32.13,-27.0,0.104
2025-04-01T02:39:43.000,13.91,2.41,0.47,21.16,20.34,42332,-31.99,-27.0,0.104
2025-04-01T02:40:43.000,13.9,2.26,0.47,21.16,20.34,42333,-31.86,-27.0,0.104
2025-04-01T02:41:43.000,13.87,2.19,0.47,21.17,20.34,42334,-31.73,-27.0,0.104
2025-04-01T02:42:43.000,13.84,2.21,0.47,21.17,20.34,42335,-31.6,-27.0,0.105
2025-04-01T02:43:43.000,13.84,2.23,0.47,21.17,20.34,42336,-31.47,-27.0,0.105
2025-04-01T02:44:44.000,13.83,2.28,0.46,21.17,20.34,42337,-31.33,-27.0,0.105
2025-04-01T02:45:44.000,13.86,2.31,0.46,21.17,20.34,42338,-31.2,-27.0,0.105
2025-04-01T02:46:43.000,13.87,2.36,0.46,21.17,20.34,42339,-31.07,-27.0,0.105
2025-04-01T02:47:44.000,13.87,2.28,0.46,21.18,20.34,42340,-30.93,-27.0,0.105
2025-04-01T02:48:44.000,13.83,2.12,0.46,21.18,20.34,42341,-30.79,-27.0,0.105
2025-04-01T02:49:44.000,13.81,2.19,0.46,21.18,20.34,42342,-30.66,-27.0,0.105
2025-04-01T02:50:44.000,13.82,2.24,0.46,21.18,20.34,42343,-30.52,-26.0,0.105
2025-04-01T02:51:44.000,13.76,1.88,0.46,21.18,20.34,42344,-30.39,-26.0,0.105
2025-04-01T02:52:44.000,13.69,1.95,0.46,21.18,20.34,42345,-30.25,-26.0,0.105
2025-04-01T02:53:44.000,13.65,1.87,0.46,21.17,20.34,42346,-30.11,-26.0,0.105
2025-04-01T02:54:44.000,13.63,2.02,0.46,21.17,20.34,42347,-29.97,-26.0,0.105
2025-04-01T02:55:45.000,13.62,1.96,0.46,21.17,20.34,42348,-29.83,-26.0,0.105
2025-04-01T02:56:45.000,13.57,1.84,0.47,21.17,20.34,42349,-29.69,-26.0,0.105
2025-04-01T02:57:45.000,13.51,1.71,0.47,21.16,20.34,42350,-29.55,-26.0,0.105
2025-04-01T02:58:45.000,13.41,1.54,0.47,21.16,20.34,42351,-29.41,-26.0,0.105
2025-04-01T02:59:45.000,13.34,1.66,0.47,21.16,20.34,42352,-29.27,-26.0,0.105
2025-04-01T03:00:45.000,13.29,1.63,0.47,21.16,20.34,42353,-29.13,-26.0,0.105
2025-04-01T03:01:45.000,13.25,1.54,0.47,21.16,20.34,42354,-28.99,-26.0,0.106
2025-04-01T03:02:46.000,13.21,1.57,0.47,21.15,20.34,42355,-28.85,-26.0,0.106
2025-04-01T03:03:46.000,13.19,1.6,0.48,21.15,20.34,42356,-28.7,-26.0,0.106
2025-04-01T03:04:46.000,13.18,1.75,0.48,21.15,20.34,42357,-28.56,-26.0,0.106
2025-04-01T03:05:46.000,13.2,1.77,0.48,21.14,20.34,42358,-28.42,-26.0,0.106
2025-04-01T03:06:46.000,13.21,1.73,0.48,21.14,20.34,42359,-28.27,-26.0,0.106
2025-04-01T03:07:46.000,13.19,1.56,0.48,21.14,20.34,42360,-28.13,-26.0,0.106
2025-04-01T03:08:46.000,13.1,1.44,0.48,21.13,20.34,42361,-27.98,-26.0,0.106
2025-04-01T03:09:46.000,13.05,1.45,0.48,21.13,20.34,42362,-27.84,-26.0,0.106
2025-04-01T03:10:46.000,12.97,1.35,0.48,21.13,20.34,42363,-27.69,-26.0,0.106
2025-04-01T03:11:46.000,12.9,1.38,0.48,21.14,20.34,42364,-27.55,-26.0,0.106
2025-04-01T03:12:46.000,12.86,1.39,0.48,21.13,20.34,42365,-27.4,-26.0,0.106
2025-04-01T03:13:46.000,12.87,1.54,0.48,21.13,20.34,42366,-27.25,-26.0,0.106
2025-04-01T03:14:46.000,12.9,1.59,0.48,21.13,20.34,42367,-27.11,-26.0,0.106
2025-04-01T03:15:47.000,12.91,1.5,0.48,21.13,20.34,42368,-26.96,-26.0,0.106
2025-04-01T03:16:47.000,12.92,1.56,0.48,21.13,20.34,42369,-26.81,-26.0,0.106
2025-04-01T03:17:47.000,12.92,1.55,0.48,21.13,20.34,42370,-26.66,-26.0,0.106
2025-04-01T03:18:47.000,12.92,1.53,0.48,21.13,20.34,42371,-26.51,-26.0,0.106
2025-04-01T03:19:47.000,12.92,1.54,0.48,21.14,20.34,42372,-26.36,-26.0,0.106
2025-04-01T03:20:47.000,12.93,1.54,0.48,21.14,20.34,42373,-26.21,-26.0,0.107
2025-04-01T03:21:47.000,12.93,1.54,0.48,21.13,20.34,42374,-26.06,-26.0,0.107
2025-04-01T03:22:47.000,12.95,1.69,0.48,21.13,20.34,42375,-25.91,-25.0,0.107
2025-04-01T03:23:47.000,12.98,1.68,0.48,21.13,20.34,42376,-25.76,-25.0,0.107
2025-04-01T03:24:47.000,13.01,1.73,0.48,21.13,20.34,42377,-25.61,-25.0,0.107
2025-04-01T03:25:48.000,13.03,1.72,0.48,21.13,20.34,42378,-25.45,-25.0,0.107
2025-04-01T03:26:48.000,13.05,1.74,0.49,21.12,20.34,42379,-25.3,-25.0,0.107
2025-04-01T03:27:48.000,13.07,1.8,0.49,21.12,20.34,42380,-25.15,-25.0,0.107
2025-04-01T03:28:51.000,13.1,1.88,0.49,21.12,20.34,42381,-24.98,-25.0,0.107
2025-04-01T03:29:50.000,13.14,1.9,0.49,21.12,20.34,42382,-24.83,-25.0,0.107
