ecsv/stars17/stars17_2024-04.ecsv
# %ECSV 1.0
# ---
# datatype:
# - {name: time, datatype: string}
# - {name: Enclosure Temperature, unit: deg_C, datatype: float64}
# - {name: Sky Temperature, unit: deg_C, datatype: float64}
# - {name: Frequency, unit: Hz, datatype: float64}
# - {name: MSAS, unit: mag / arcsec2, datatype: float64}
# - {name: ZP, datatype: float64}
# - {name: Sequence Number, datatype: int64}
# - {name: Sun Alt, unit: deg, datatype: float64}
# - {name: Moon Alt, unit: deg, datatype: float64}
# - {name: Moon Illumination, datatype: float64}
# delimiter: ','
# meta: !!omap
# - ida:
#     Data supplier: {affiliation: null, observer: Amaranta Martin}
#     Device type: TESS-W
#     Field of view: 17.0
#     Filters per channel: None
#     Instrument ID: stars17
#     License: ODbL 1.0 http://opendatacommons.org/licenses/odbl/summary/
#     Local timezone: Europe/Madrid
#     Location name: {country: '- Palacio Viejo de las Corchuelas', place: "Torrej\xF3n el Rubio, C\xE1ceres", region: Spain, sub_region: null,
#       town: null}
#     Measurement direction per channel: {azimuth: 0.0, zenital: 0.0}
#     Moving / Fixed look direction: FIXED
#     Moving / Stationary position: STATIONARY
#     Number of channels: 1
#     Number of fields per line: 8
#     Number of header lines: 35
#     Position: {height: 0.0, latitude: 39.8136576, longitude: -6.0051528}
#     TESS MAC address: 98:F4:AB:B2:7B:53
#     TESS cover offset value: 0.0
#     TESS firmware version: '1.0'
#     TESS zero point: 20.27
#     Time Synchronization: timestamp added by MQTT subscriber
#     URL: http://www.darksky.org/NSBM/sdf1.0.pdf
# - __serialized_columns__:
#     Enclosure Temperature:
#       __class__: astropy.units.quantity.Quantity
#       unit: &id001 !astropy.units.Unit {unit: deg_C}
#       value: !astropy.table.SerializedColumn {name: Enclosure Temperature}
#     Frequency:
#       __class__: astropy.units.quantity.Quantity
#       unit: !astropy.units.Unit {unit: Hz}
#       value: !astropy.table.SerializedColumn {name: Frequency}
#     MSAS:
#       __class__: astropy.units.quantity.Quantity
#       unit: !astropy.units.Unit {unit: mag / arcsec2}
#       value: !astropy.table.SerializedColumn {name: MSAS}
#     Moon Alt:
#       __class__: astropy.units.quantity.Quantity
#       unit: &id002 !astropy.units.Unit {unit: deg}
#       value: !astropy.table.SerializedColumn {name: Moon Alt}
#     Sky Temperature:
#       __class__: astropy.units.quantity.Quantity
#       unit: *id001
#       value: !astropy.table.SerializedColumn {name: Sky Temperature}
#     Sun Alt:
#       __class__: astropy.units.quantity.Quantity
#       unit: *id002
#       value: !astropy.table.SerializedColumn {name: Sun Alt}
#     time:
#       __class__: astropy.time.core.Time
#       format: isot
#       in_subfmt: '*'
#       out_subfmt: '*'
#       precision: 3
#       scale: utc
#       value: !astropy.table.SerializedColumn {name: time}
# schema: astropy-2.0
time,Enclosure Temperature,Sky Temperature,Frequency,MSAS,ZP,Sequence Number,Sun Alt,Moon Alt,Moon Illumination
[from data line 1035]
2024-04-02T05:51:38.000,8.62,-12.32,50000.0,0.0,20.27,43575,-3.56,20.0,0.489
2024-04-02T05:52:38.000,8.59,-12.47,49693.46,0.1,20.27,43576,-3.37,20.0,0.489
2024-04-02T05:53:38.000,8.58,-12.54,50000.0,0.0,20.27,43577,-3.18,20.0,0.489
2024-04-02T05:54:38.000,8.57,-12.79,50000.0,0.0,20.27,43578,-2.99,20.0,0.489
2024-04-02T05:55:38.000,8.52,-12.91,49732.73,0.09,20.27,43579,-2.8,20.0,0.489
2024-04-02T05:56:38.000,8.52,-12.82,50000.0,0.0,20.27,43580,-2.61,20.0,0.489
2024-04-02T05:57:39.000,8.52,-12.83,49719.34,0.09,20.27,43581,-2.42,20.0,0.489
2024-04-02T05:58:39.000,8.53,-12.96,50000.0,0.0,20.27,43582,-2.23,21.0,0.489
2024-04-02T05:59:39.000,8.54,-13.07,50000.0,0.0,20.27,43583,-2.04,21.0,0.489
2024-04-02T06:00:39.000,8.59,-13.23,50000.0,0.0,20.27,43584,-1.85,21.0,0.489
2024-04-02T16:27:42.000,22.33,1.5,50000.0,0.0,20.27,44210,26.14,-55.0,0.441
2024-04-02T16:28:42.000,22.33,0.42,50000.0,0.0,20.27,44211,25.95,-55.0,0.441
2024-04-02T16:29:42.000,22.27,-0.2,50000.0,0.0,20.27,44212,25.77,-55.0,0.441
2024-04-02T16:31:48.000,22.18,-0.31,50000.0,0.0,20.27,44214,25.38,-56.0,0.441
2024-04-02T16:32:48.000,22.1,-0.37,50000.0,0.0,20.27,44215,25.19,-56.0,0.441
2024-04-02T16:33:48.000,21.96,-0.56,50000.0,0.0,20.27,44216,25.01,-56.0,0.44
2024-04-02T18:08:56.000,16.08,-8.55,50000.0,0.0,20.27,44311,6.93,-72.0,0.433
2024-04-02T18:09:56.000,15.94,-9.31,50000.0,0.0,20.27,44312,6.74,-72.0,0.433
2024-04-02T18:10:56.000,15.8,-9.97,50000.0,0.0,20.27,44313,6.55,-72.0,0.433
2024-04-02T18:11:56.000,15.67,-10.55,49729.88,0.09,20.27,44314,6.36,-72.0,0.433
2024-04-02T18:12:56.000,15.54,-10.95,50000.0,0.0,20.27,44315,6.17,-72.0,0.433
2024-04-02T18:13:57.000,15.44,-11.27,49727.03,0.09,20.27,44316,5.97,-72.0,0.433
2024-04-02T18:14:57.000,15.35,-11.49,49716.02,0.1,20.27,44317,5.78,-73.0,0.433
2024-04-02T18:15:57.000,15.23,-11.83,50000.0,0.0,20.27,44318,5.59,-73.0,0.433
2024-04-02T18:16:57.000,15.12,-11.94,50000.0,0.0,20.27,44319,5.4,-73.0,0.433
2024-04-02T18:17:57.000,15.03,-12.0,50000.0,0.0,20.27,44320,5.21,-73.0,0.433
2024-04-02T18:31:59.000,14.33,-10.22,50000.0,0.0,20.27,44334,2.52,-75.0,0.431
2024-04-02T18:33:00.000,14.28,-10.24,50000.0,0.0,20.27,44335,2.32,-75.0,0.431
2024-04-02T18:34:00.000,14.24,-10.31,50000.0,0.0,20.27,44336,2.13,-75.0,0.431
2024-04-02T18:35:01.000,14.16,-10.25,50818.75,0.46,20.27,44337,1.94,-75.0,0.431
2024-04-02T18:36:01.000,14.08,-10.14,59747.31,8.33,20.27,44338,1.75,-75.0,0.431
2024-04-02T18:37:02.000,14.03,-10.05,49782.18,8.53,20.27,44339,1.55,-75.0,0.431
2024-04-02T18:38:02.000,14.0,-10.0,42832.91,8.69,20.27,44340,1.36,-75.0,0.431
2024-04-02T18:39:02.000,13.95,-10.05,38768.46,8.8,20.27,44341,1.17,-75.0,0.431
2024-04-02T18:40:03.000,13.9,-10.04,34787.75,8.92,20.27,44342,0.98,-75.0,0.431
2024-04-02T18:41:03.000,13.88,-10.02,29599.62,9.09,20.27,44343,0.79,-76.0,0.431
2024-04-02T18:42:04.000,13.88,-10.06,24534.25,9.36,20.27,44344,0.59,-76.0,0.431
2024-04-02T18:43:04.000,13.89,-10.1,20908.84,9.47,20.27,44345,0.4,-76.0,0.431
2024-04-02T18:44:05.000,13.87,-10.17,17569.33,9.74,20.27,44346,0.21,-76.0,0.431
2024-04-02T18:45:05.000,13.85,-10.07,15154.82,9.82,20.27,44347,0.02,-76.0,0.43
2024-04-02T18:46:06.000,13.83,-9.94,12610.76,10.02,20.27,44348,-0.18,-76.0,0.43
2024-04-02T18:47:06.000,13.79,-9.8,10237.36,10.25,20.27,44349,-0.37,-76.0,0.43
2024-04-02T18:48:07.000,13.77,-9.56,8333.16,10.47,20.27,44350,-0.56,-76.0,0.43
2024-04-02T18:49:07.000,13.74,-9.45,6835.02,10.69,20.27,44351,-0.75,-76.0,0.43
2024-04-02T18:50:07.000,13.69,-9.34,5547.71,10.91,20.27,44352,-0.94,-76.0,0.43
2024-04-02T18:51:08.000,13.64,-9.21,4569.58,11.12,20.27,44353,-1.13,-76.0,0.43
2024-04-02T18:52:08.000,13.58,-8.92,3759.78,11.33,20.27,44354,-1.32,-76.0,0.43
2024-04-02T18:53:09.000,13.54,-8.5,3183.07,11.51,20.27,44355,-1.52,-76.0,0.43
2024-04-02T18:54:09.000,13.51,-7.93,2746.91,11.67,20.27,44356,-1.71,-77.0,0.43
2024-04-02T18:55:10.000,13.48,-7.44,2381.44,11.83,20.27,44357,-1.9,-77.0,0.43
2024-04-02T18:56:10.000,13.45,-7.18,1968.84,12.04,20.27,44358,-2.09,-77.0,0.43
2024-04-02T18:57:10.000,13.42,-7.04,1553.33,12.29,20.27,44359,-2.28,-77.0,0.43
2024-04-02T18:58:11.000,13.4,-7.11,1232.07,12.55,20.27,44360,-2.47,-77.0,0.429
2024-04-02T18:59:12.000,13.37,-6.94,964.13,12.81,20.27,44361,-2.66,-77.0,0.429
2024-04-02T19:00:12.000,13.35,-6.7,748.13,13.09,20.27,44362,-2.85,-77.0,0.429
2024-04-02T19:01:12.000,13.34,-5.89,570.0,13.38,20.27,44363,-3.04,-77.0,0.429
2024-04-02T19:02:13.000,13.33,-5.17,475.84,13.58,20.27,44364,-3.24,-77.0,0.429
2024-04-02T19:03:13.000,13.32,-4.92,412.98,13.73,20.27,44365,-3.42,-77.0,0.429
2024-04-02T19:04:13.000,13.32,-5.56,327.3,13.99,20.27,44366,-3.61,-77.0,0.429
2024-04-02T19:05:13.000,13.31,-6.8,252.11,14.27,20.27,44367,-3.8,-77.0,0.429
2024-04-02T19:06:14.000,13.28,-7.8,199.89,14.52,20.27,44368,-3.99,-77.0,0.429
2024-04-02T19:07:14.000,13.24,-8.63,160.11,14.76,20.27,44369,-4.18,-77.0,0.429
2024-04-02T19:08:14.000,13.19,-9.09,127.42,15.01,20.27,44370,-4.37,-77.0,0.429
2024-04-02T19:09:14.000,13.16,-9.09,96.84,15.31,20.27,44371,-4.56,-77.0,0.429
2024-04-02T19:10:14.000,13.11,-8.14,70.93,15.65,20.27,44372,-4.75,-77.0,0.429
2024-04-02T19:11:15.000,13.09,-6.41,51.41,16.0,20.27,44373,-4.94,-77.0,0.428
2024-04-02T19:12:15.000,13.09,-4.94,45.09,16.14,20.27,44374,-5.13,-77.0,0.428
2024-04-02T19:13:15.000,13.12,-3.41,39.27,16.29,20.27,44375,-5.32,-77.0,0.428
2024-04-02T19:14:15.000,13.16,-1.98,32.11,16.5,20.27,44376,-5.5,-77.0,0.428
2024-04-02T19:15:15.000,13.23,-0.66,27.73,16.66,20.27,44377,-5.69,-77.0,0.428
2024-04-02T19:16:15.000,13.32,0.27,22.69,16.88,20.27,44378,-5.88,-77.0,0.428
2024-04-02T19:17:15.000,13.4,0.68,18.19,17.12,20.27,44379,-6.07,-77.0,0.428
2024-04-02T19:18:15.000,13.49,0.86,15.27,17.31,20.27,44380,-6.26,-77.0,0.428
2024-04-02T19:19:16.000,13.56,1.04,13.26,17.46,20.27,44381,-6.45,-77.0,0.428
2024-04-02T19:20:16.000,13.66,1.3,10.88,17.68,20.27,44382,-6.63,-77.0,0.428
2024-04-02T19:21:16.000,13.72,1.69,8.77,17.91,20.27,44383,-6.82,-77.0,0.428
2024-04-02T19:22:16.000,13.79,2.17,7.65,18.06,20.27,44384,-7.01,-77.0,0.428
2024-04-02T19:23:16.000,13.86,2.62,6.49,18.24,20.27,44385,-7.19,-77.0,0.428
2024-04-02T19:24:16.000,13.91,2.62,5.52,18.42,20.27,44386,-7.38,-77.0,0.427
2024-04-02T19:25:16.000,13.97,2.67,4.77,18.58,20.27,44387,-7.57,-77.0,0.427
2024-04-02T19:26:16.000,14.04,2.78,4.23,18.71,20.27,44388,-7.75,-77.0,0.427
2024-04-02T19:27:16.000,14.09,2.83,3.76,18.83,20.27,44389,-7.94,-77.0,0.427
2024-04-02T19:28:16.000,14.13,2.83,3.39,18.94,20.27,44390,-8.13,-77.0,0.427
2024-04-02T19:29:17.000,14.15,2.6,3.15,19.03,20.27,44391,-8.32,-77.0,0.427
2024-04-02T19:30:17.000,14.15,2.04,2.8,19.15,20.27,44392,-8.5,-77.0,0.427
2024-04-02T19:31:17.000,14.14,1.15,2.52,19.27,20.27,44393,-8.69,-77.0,0.427
2024-04-02T19:32:17.000,14.11,-0.47,2.02,19.51,20.27,44394,-8.87,-77.0,0.427
2024-04-02T19:33:17.000,14.06,-2.35,1.88,19.58,20.27,44395,-9.06,-77.0,0.427
2024-04-02T19:34:17.000,13.99,-4.22,1.42,19.89,20.27,44396,-9.25,-77.0,0.427
2024-04-02T19:35:17.000,13.93,-5.71,1.17,20.1,20.27,44397,-9.43,-77.0,0.427
2024-04-02T19:36:17.000,13.85,-6.39,1.09,20.18,20.27,44398,-9.62,-77.0,0.427
2024-04-02T19:37:18.000,13.77,-6.35,1.08,20.19,20.27,44399,-9.8,-77.0,0.426
2024-04-02T19:38:17.000,13.7,-5.21,1.08,20.18,20.27,44400,-9.99,-76.0,0.426
2024-04-02T19:39:18.000,13.66,-3.08,1.32,19.97,20.27,44401,-10.17,-76.0,0.426
2024-04-02T19:40:18.000,13.65,-1.34,1.37,19.93,20.27,44402,-10.36,-76.0,0.426
2024-04-02T19:41:18.000,13.65,-0.66,1.48,19.84,20.27,44403,-10.54,-76.0,0.426
2024-04-02T19:42:18.000,13.67,-1.1,1.21,20.06,20.27,44404,-10.73,-76.0,0.426
2024-04-02T19:43:18.000,13.67,-1.98,1.12,20.15,20.27,44405,-10.91,-76.0,0.426
2024-04-02T19:44:18.000,13.68,-2.85,1.32,19.97,20.27,44406,-11.09,-76.0,0.426
2024-04-02T19:45:18.000,13.67,-3.83,1.01,20.27,20.27,44407,-11.28,-76.0,0.426
2024-04-02T19:46:18.000,13.65,-4.62,0.77,20.55,20.27,44408,-11.46,-76.0,0.426
2024-04-02T19:47:18.000,13.6,-4.14,0.82,20.49,20.27,44409,-11.64,-76.0,0.426
2024-04-02T19:48:19.000,13.61,-2.45,1.28,20.01,20.27,44410,-11.83,-76.0,0.426
2024-04-02T19:49:19.000,13.63,-1.0,1.59,19.77,20.27,44411,-12.01,-76.0,0.426
2024-04-02T19:50:19.000,13.66,0.01,1.23,20.05,20.27,44412,-12.2,-76.0,0.425
2024-04-02T19:51:19.000,13.72,1.01,1.18,20.11,20.27,44413,-12.38,-75.0,0.425
2024-04-02T19:52:19.000,13.79,2.56,1.96,19.54,20.27,44414,-12.56,-75.0,0.425
2024-04-02T19:53:19.000,13.84,4.03,2.11,19.46,20.27,44415,-12.74,-75.0,0.425
2024-04-02T19:54:20.000,13.92,4.7,2.1,19.46,20.27,44416,-12.93,-75.0,0.425
2024-04-02T19:55:20.000,14.02,4.69,1.9,19.57,20.27,44417,-13.11,-75.0,0.425
2024-04-02T19:56:20.000,14.07,4.1,1.45,19.87,20.27,44418,-13.29,-75.0,0.425
2024-04-02T19:57:20.000,14.1,3.46,1.44,19.88,20.27,44419,-13.48,-75.0,0.425
2024-04-02T19:58:20.000,14.12,3.18,1.8,19.63,20.27,44420,-13.66,-75.0,0.425
2024-04-02T19:59:20.000,14.17,3.42,1.83,19.61,20.27,44421,-13.84,-75.0,0.425
2024-04-02T20:00:20.000,14.21,4.04,1.79,19.64,20.27,44422,-14.02,-75.0,0.425
2024-04-02T20:01:20.000,14.26,4.51,1.89,19.58,20.27,44423,-14.2,-74.0,0.425
2024-04-02T20:02:20.000,14.3,4.96,1.87,19.59,20.27,44424,-14.38,-74.0,0.425
2024-04-02T20:03:21.000,14.34,5.32,1.86,19.6,20.27,44425,-14.56,-74.0,0.424
2024-04-02T20:04:21.000,14.39,5.43,1.75,19.66,20.27,44426,-14.74,-74.0,0.424
2024-04-02T20:05:21.000,14.45,5.51,1.59,19.76,20.27,44427,-14.92,-74.0,0.424
2024-04-02T20:06:21.000,14.5,5.39,1.49,19.84,20.27,44428,-15.1,-74.0,0.424
2024-04-02T20:07:21.000,14.56,5.37,1.48,19.84,20.27,44429,-15.28,-74.0,0.424
2024-04-02T20:08:21.000,14.59,5.35,1.63,19.74,20.27,44430,-15.46,-74.0,0.424
2024-04-02T20:09:21.000,14.62,5.35,1.67,19.72,20.27,44431,-15.64,-73.0,0.424
2024-04-02T20:10:21.000,14.64,5.12,1.61,19.75,20.27,44432,-15.82,-73.0,0.424
2024-04-02T20:11:22.000,14.66,4.72,1.58,19.77,20.27,44433,-16.0,-73.0,0.424
2024-04-02T20:12:22.000,14.67,4.13,1.7,19.69,20.27,44434,-16.18,-73.0,0.424
2024-04-02T20:13:22.000,14.67,3.36,1.76,19.65,20.27,44435,-16.36,-73.0,0.424
2024-04-02T20:14:22.000,14.65,2.11,1.64,19.74,20.27,44436,-16.54,-73.0,0.424
2024-04-02T20:15:22.000,14.6,0.22,1.23,20.05,20.27,44437,-16.71,-73.0,0.424
2024-04-02T20:16:22.000,14.51,-1.84,0.99,20.28,20.27,44438,-16.89,-73.0,0.423
2024-04-02T20:17:22.000,14.43,-3.45,0.83,20.47,20.27,44439,-17.07,-72.0,0.423
2024-04-02T20:18:23.000,14.33,-4.72,0.7,20.67,20.27,44440,-17.25,-72.0,0.423
2024-04-02T20:19:23.000,14.23,-5.08,0.7,20.66,20.27,44441,-17.43,-72.0,0.423
2024-04-02T20:20:23.000,14.13,-4.43,0.78,20.54,20.27,44442,-17.6,-72.0,0.423
2024-04-02T20:21:23.000,14.07,-3.4,0.86,20.43,20.27,44443,-17.78,-72.0,0.423
2024-04-02T20:22:23.000,14.02,-2.52,0.78,20.54,20.27,44444,-17.96,-72.0,0.423
2024-04-02T20:23:23.000,14.01,-1.91,0.79,20.53,20.27,44445,-18.13,-72.0,0.423
2024-04-02T20:24:23.000,13.99,-1.03,0.93,20.35,20.27,44446,-18.31,-71.0,0.423
2024-04-02T20:25:23.000,14.0,0.45,1.27,20.01,20.27,44447,-18.48,-71.0,0.423
2024-04-02T20:26:23.000,14.03,1.97,1.46,19.86,20.27,44448,-18.66,-71.0,0.423
2024-04-02T20:27:24.000,14.09,3.27,1.52,19.81,20.27,44449,-18.84,-71.0,0.423
2024-04-02T20:28:24.000,14.18,4.21,1.76,19.66,20.27,44450,-19.01,-71.0,0.423
2024-04-02T20:29:24.000,14.26,4.89,1.82,19.62,20.27,44451,-19.18,-71.0,0.422
2024-04-02T20:30:24.000,14.35,5.23,1.79,19.64,20.27,44452,-19.36,-71.0,0.422
2024-04-02T20:31:24.000,14.42,5.07,1.72,19.68,20.27,44453,-19.53,-70.0,0.422
2024-04-02T20:32:24.000,14.48,4.31,1.47,19.86,20.27,44454,-19.71,-70.0,0.422
2024-04-02T20:33:25.000,14.48,3.25,1.27,20.01,20.27,44455,-19.88,-70.0,0.422
2024-04-02T20:34:24.000,14.48,2.37,1.2,20.07,20.27,44456,-20.05,-70.0,0.422
2024-04-02T20:35:25.000,14.44,0.89,1.08,20.19,20.27,44457,-20.23,-70.0,0.422
2024-04-02T20:36:25.000,14.37,-1.28,0.85,20.45,20.27,44458,-20.4,-70.0,0.422
2024-04-02T20:37:25.000,14.25,-4.09,0.65,20.75,20.27,44459,-20.57,-70.0,0.422
2024-04-02T20:38:25.000,14.12,-6.38,0.6,20.83,20.27,44460,-20.74,-69.0,0.422
2024-04-02T20:39:25.000,14.0,-7.84,0.64,20.76,20.27,44461,-20.92,-69.0,0.422
2024-04-02T20:40:25.000,13.83,-8.67,0.67,20.71,20.27,44462,-21.09,-69.0,0.422
2024-04-02T20:41:25.000,13.67,-9.35,0.62,20.79,20.27,44463,-21.26,-69.0,0.422
2024-04-02T20:42:26.000,13.52,-10.29,0.62,20.79,20.27,44464,-21.43,-69.0,0.421
2024-04-02T20:43:26.000,13.34,-11.49,0.58,20.87,20.27,44465,-21.6,-69.0,0.421
2024-04-02T20:44:26.000,13.14,-12.48,0.54,20.94,20.27,44466,-21.77,-68.0,0.421
2024-04-02T20:45:26.000,12.96,-13.02,0.53,20.96,20.27,44467,-21.94,-68.0,0.421
2024-04-02T20:46:26.000,12.78,-13.56,0.52,20.97,20.27,44468,-22.11,-68.0,0.421
2024-04-02T20:47:26.000,12.62,-14.0,0.52,20.97,20.27,44469,-22.28,-68.0,0.421
2024-04-02T20:48:26.000,12.47,-14.11,0.52,20.97,20.27,44470,-22.45,-68.0,0.421
2024-04-02T20:49:26.000,12.33,-13.94,0.54,20.95,20.27,44471,-22.62,-68.0,0.421
2024-04-02T20:50:26.000,12.22,-13.62,0.58,20.87,20.27,44472,-22.79,-67.0,0.421
2024-04-02T20:51:27.000,12.1,-13.32,0.64,20.76,20.27,44473,-22.96,-67.0,0.421
2024-04-02T20:52:27.000,12.02,-13.12,0.62,20.78,20.27,44474,-23.13,-67.0,0.421
2024-04-02T20:53:27.000,11.95,-12.95,0.6,20.83,20.27,44475,-23.29,-67.0,0.421
2024-04-02T20:54:27.000,11.89,-12.74,0.61,20.82,20.27,44476,-23.46,-67.0,0.421
2024-04-02T20:55:27.000,11.85,-12.45,0.66,20.72,20.27,44477,-23.63,-67.0,0.42
2024-04-02T20:56:27.000,11.82,-12.11,0.72,20.63,20.27,44478,-23.79,-66.0,0.42
2024-04-02T20:57:27.000,11.8,-11.91,0.78,20.54,20.27,44479,-23.96,-66.0,0.42
2024-04-02T20:58:27.000,11.77,-11.98,0.75,20.58,20.27,44480,-24.12,-66.0,0.42
2024-04-02T20:59:27.000,11.74,-12.15,0.66,20.71,20.27,44481,-24.29,-66.0,0.42
2024-04-02T21:00:28.000,11.72,-12.44,0.59,20.85,20.27,44482,-24.46,-66.0,0.42
2024-04-02T21:01:28.000,11.69,-12.66,0.56,20.9,20.27,44483,-24.62,-66.0,0.42
2024-04-02T21:02:28.000,11.66,-12.72,0.55,20.92,20.27,44484,-24.79,-65.0,0.42
2024-04-02T21:03:28.000,11.65,-12.64,0.55,20.91,20.27,44485,-24.95,-65.0,0.42
2024-04-02T21:04:28.000,11.65,-12.55,0.58,20.87,20.27,44486,-25.11,-65.0,0.42
2024-04-02T21:05:28.000,11.65,-12.46,0.61,20.8,20.27,44487,-25.28,-65.0,0.42
2024-04-02T21:06:28.000,11.67,-12.32,0.59,20.83,20.27,44488,-25.44,-65.0,0.42
2024-04-02T21:07:28.000,11.69,-12.08,0.61,20.82,20.27,44489,-25.6,-65.0,0.42
2024-04-02T21:08:28.000,11.73,-11.54,0.68,20.69,20.27,44490,-25.76,-64.0,0.419
2024-04-02T21:09:28.000,11.78,-11.11,0.83,20.48,20.27,44491,-25.92,-64.0,0.419
2024-04-02T21:10:29.000,11.81,-11.06,0.93,20.35,20.27,44492,-26.09,-64.0,0.419
2024-04-02T21:11:29.000,11.83,-10.88,0.98,20.3,20.27,44493,-26.25,-64.0,0.419
2024-04-02T21:12:29.000,11.83,-10.92,0.89,20.4,20.27,44494,-26.41,-64.0,0.419
2024-04-02T21:13:29.000,11.84,-11.11,0.72,20.62,20.27,44495,-26.57,-64.0,0.419
2024-04-02T21:14:29.000,11.85,-11.22,0.77,20.55,20.27,44496,-26.73,-63.0,0.419
2024-04-02T21:15:29.000,11.85,-11.45,0.8,20.51,20.27,44497,-26.89,-63.0,0.419
2024-04-02T21:16:29.000,11.82,-11.56,0.72,20.62,20.27,44498,-27.05,-63.0,0.419
2024-04-02T21:17:29.000,11.78,-12.05,0.64,20.75,20.27,44499,-27.21,-63.0,0.419
2024-04-02T21:18:30.000,11.72,-12.49,0.62,20.79,20.27,44500,-27.37,-63.0,0.419
2024-04-02T21:19:30.000,11.67,-12.97,0.59,20.84,20.27,44501,-27.52,-63.0,0.419
2024-04-02T21:20:30.000,11.58,-13.4,0.58,20.87,20.27,44502,-27.68,-62.0,0.419
2024-04-02T21:21:30.000,11.51,-13.59,0.54,20.94,20.27,44503,-27.84,-62.0,0.418
2024-04-02T21:22:30.000,11.46,-13.8,0.55,20.93,20.27,44504,-27.99,-62.0,0.418
2024-04-02T21:23:30.000,11.39,-13.85,0.57,20.87,20.27,44505,-28.15,-62.0,0.418
2024-04-02T21:24:30.000,11.34,-13.89,0.59,20.85,20.27,44506,-28.3,-62.0,0.418
2024-04-02T21:25:30.000,11.31,-13.91,0.57,20.87,20.27,44507,-28.46,-62.0,0.418
2024-04-02T21:26:30.000,11.26,-13.94,0.53,20.96,20.27,44508,-28.61,-61.0,0.418
2024-04-02T21:27:30.000,11.22,-13.95,0.51,20.99,20.27,44509,-28.77,-61.0,0.418
2024-04-02T21:28:31.000,11.19,-13.94,0.53,20.96,20.27,44510,-28.92,-61.0,0.418
2024-04-02T21:29:31.000,11.17,-13.99,0.58,20.87,20.27,44511,-29.08,-61.0,0.418
2024-04-02T21:30:31.000,11.14,-13.99,0.57,20.87,20.27,44512,-29.23,-61.0,0.418
