ecsv/stars17/stars17_2025-04.ecsv
# %ECSV 1.0
# ---
# datatype:
# - {name: time, datatype: string}
# - {name: Enclosure Temperature, unit: deg_C, datatype: float64}
# - {name: Sky Temperature, unit: deg_C, datatype: float64}
# - {name: Frequency, unit: Hz, datatype: float64}
# - {name: MSAS, unit: mag / arcsec2, datatype: float64}
# - {name: ZP, datatype: float64}
# - {name: Sequence Number, datatype: int64}
# - {name: Sun Alt, unit: deg, datatype: float64}
# - {name: Moon Alt, unit: deg, datatype: float64}
# - {name: Moon Illumination, datatype: float64}
# delimiter: ','
# meta: !!omap
# - ida:
#     Data supplier: {affiliation: null, observer: Amaranta Martin}
#     Device type: TESS-W
#     Field of view: 17.0
#     Filters per channel: None
#     Instrument ID: stars17
#     License: ODbL 1.0 http://opendatacommons.org/licenses/odbl/summary/
#     Local timezone: Europe/Madrid
#     Location name: {country: Spain, place: Palacio Viejo de las Corchuelas, region: null, sub_region: null, town: "Torrej\xF3n el Rubio,\
#         \ C\xE1ceres"}
#     Measurement direction per channel: {azimuth: 0.0, zenital: 0.0}
#     Moving / Fixed look direction: FIXED
#     Moving / Stationary position: STATIONARY
#     Number of channels: 1
#     Number of fields per line: 8
#     Number of header lines: 35
#     Position: {height: 0.0, latitude: 39.8136576, longitude: -6.0051528}
#     TESS MAC address: 98:F4:AB:B2:7B:53
#     TESS cover offset value: 0.0
#     TESS firmware version: '1.0'
#     TESS zero point: 20.27
#     Time Synchronization: timestamp added by MQTT subscriber
#     URL: http://www.darksky.org/NSBM/sdf1.0.pdf
# - __serialized_columns__:
#     Enclosure Temperature:
#       __class__: astropy.units.quantity.Quantity
#       unit: &id001 !astropy.units.Unit {unit: deg_C}
#       value: !astropy.table.SerializedColumn {name: Enclosure Temperature}
#     Frequency:
#       __class__: astropy.units.quantity.Quantity
#       unit: !astropy.units.Unit {unit: Hz}
#       value: !astropy.table.SerializedColumn {name: Frequency}
#     MSAS:
#       __class__: astropy.units.quantity.Quantity
#       unit: !astropy.units.Unit {unit: mag / arcsec2}
#       value: !astropy.table.SerializedColumn {name: MSAS}
#     Moon Alt:
#       __class__: astropy.units.quantity.Quantity
#       unit: &id002 !astropy.units.Unit {unit: deg}
#       value: !astropy.table.SerializedColumn {name: Moon Alt}
#     Sky Temperature:
#       __class__: astropy.units.quantity.Quantity
#       unit: *id001
#       value: !astropy.table.SerializedColumn {name: Sky Temperature}
#     Sun Alt:
#       __class__: astropy.units.quantity.Quantity
#       unit: *id002
#       value: !astropy.table.SerializedColumn {name: Sun Alt}
#     time:
#       __class__: astropy.time.core.Time
#       format: isot
#       in_subfmt: '*'
#       out_subfmt: '*'
#       precision: 3
#       scale: utc
#       value: !astropy.table.SerializedColumn {name: time}
# schema: astropy-2.0
time,Enclosure Temperature,Sky Temperature,Frequency,MSAS,ZP,Sequence Number,Sun Alt,Moon Alt,Moon Illumination
[from data line 17847]
2025-04-27T19:55:35.000,14.95,1.12,3.15,19.02,20.27,192671,-8.11,-7.0,0.001
2025-04-27T19:56:35.000,14.95,1.08,2.84,19.14,20.27,192672,-8.28,-8.0,0.001
2025-04-27T19:57:35.000,14.95,1.01,2.59,19.24,20.27,192673,-8.46,-8.0,0.001
2025-04-27T19:58:35.000,14.92,0.88,2.33,19.35,20.27,192674,-8.63,-8.0,0.001
2025-04-27T19:59:35.000,14.93,0.7,2.02,19.5,20.27,192675,-8.8,-8.0,0.001
2025-04-27T20:00:35.000,14.93,0.41,1.79,19.64,20.27,192676,-8.97,-8.0,0.001
2025-04-27T20:01:35.000,14.92,0.15,1.62,19.74,20.27,192677,-9.14,-8.0,0.001
2025-04-27T20:02:36.000,14.9,-0.22,1.49,19.84,20.27,192678,-9.31,-9.0,0.001
2025-04-27T20:03:43.000,14.89,-0.46,1.35,19.95,20.27,192679,-9.5,-9.0,0.001
2025-04-27T20:04:42.000,14.89,-0.75,1.25,20.03,20.27,192680,-9.67,-9.0,0.001
2025-04-27T20:05:43.000,14.83,-1.15,1.2,20.07,20.27,192681,-9.84,-9.0,0.001
2025-04-27T20:06:43.000,14.8,-1.52,1.16,20.11,20.27,192682,-10.01,-9.0,0.001
2025-04-27T20:07:43.000,14.78,-2.13,1.06,20.21,20.27,192683,-10.18,-9.0,0.001
2025-04-27T20:08:43.000,14.75,-2.75,0.95,20.33,20.27,192684,-10.35,-9.0,0.001
2025-04-27T20:09:43.000,14.7,-3.29,0.9,20.39,20.27,192685,-10.52,-10.0,0.001
2025-04-27T20:10:43.000,14.66,-3.58,0.86,20.44,20.27,192686,-10.69,-10.0,0.001
2025-04-27T20:11:44.000,14.62,-3.82,0.81,20.51,20.27,192687,-10.86,-10.0,0.001
2025-04-27T20:12:44.000,14.59,-4.08,0.76,20.57,20.27,192688,-11.03,-10.0,0.001
2025-04-27T20:13:44.000,14.52,-4.5,0.72,20.62,20.27,192689,-11.2,-10.0,0.001
2025-04-27T20:14:44.000,14.45,-4.73,0.7,20.65,20.27,192690,-11.36,-10.0,0.001
2025-04-27T20:15:44.000,14.41,-4.92,0.68,20.69,20.27,192691,-11.53,-11.0,0.001
2025-04-27T20:16:44.000,14.33,-5.21,0.65,20.73,20.27,192692,-11.7,-11.0,0.001
2025-04-27T20:17:45.000,14.28,-5.45,0.64,20.76,20.27,192693,-11.87,-11.0,0.001
2025-04-27T20:18:45.000,14.22,-5.66,0.64,20.76,20.27,192694,-12.03,-11.0,0.001
2025-04-27T20:19:45.000,14.15,-5.86,0.64,20.75,20.27,192695,-12.2,-11.0,0.001
2025-04-27T20:20:45.000,14.08,-6.04,0.63,20.77,20.27,192696,-12.36,-11.0,0.001
2025-04-27T20:21:45.000,14.01,-6.23,0.62,20.79,20.27,192697,-12.53,-11.0,0.001
2025-04-27T20:22:45.000,13.96,-6.42,0.6,20.83,20.27,192698,-12.69,-12.0,0.001
2025-04-27T20:23:45.000,13.92,-6.56,0.59,20.85,20.27,192699,-12.86,-12.0,0.001
2025-04-27T20:24:45.000,13.89,-6.53,0.58,20.86,20.27,192700,-13.02,-12.0,0.001
2025-04-27T20:25:46.000,13.86,-6.35,0.6,20.83,20.27,192701,-13.19,-12.0,0.001
2025-04-27T20:26:46.000,13.81,-6.1,0.62,20.79,20.27,192702,-13.35,-12.0,0.001
2025-04-27T20:27:46.000,13.79,-5.84,0.62,20.79,20.27,192703,-13.51,-12.0,0.001
2025-04-27T20:28:46.000,13.75,-5.83,0.62,20.8,20.27,192704,-13.68,-13.0,0.001
2025-04-27T20:29:46.000,13.71,-5.79,0.61,20.81,20.27,192705,-13.84,-13.0,0.001
2025-04-27T20:30:46.000,13.67,-5.7,0.6,20.83,20.27,192706,-14.0,-13.0,0.001
2025-04-27T20:31:46.000,13.63,-5.7,0.6,20.82,20.27,192707,-14.16,-13.0,0.001
2025-04-27T20:32:47.000,13.58,-5.82,0.59,20.84,20.27,192708,-14.33,-13.0,0.001
2025-04-27T20:33:46.000,13.55,-6.02,0.57,20.88,20.27,192709,-14.49,-13.0,0.001
2025-04-27T20:34:47.000,13.53,-6.28,0.55,20.93,20.27,192710,-14.65,-13.0,0.001
2025-04-27T20:35:47.000,13.51,-6.41,0.55,20.92,20.27,192711,-14.81,-14.0,0.001
2025-04-27T20:36:47.000,13.49,-6.38,0.55,20.92,20.27,192712,-14.97,-14.0,0.001
2025-04-27T20:37:47.000,13.47,-6.37,0.54,20.95,20.27,192713,-15.13,-14.0,0.001
2025-04-27T20:38:47.000,13.43,-6.44,0.53,20.95,20.27,192714,-15.29,-14.0,0.001
2025-04-27T20:39:47.000,13.39,-6.52,0.53,20.97,20.27,192715,-15.45,-14.0,0.001
2025-04-27T20:40:47.000,13.36,-6.67,0.52,20.98,20.27,192716,-15.61,-14.0,0.001
2025-04-27T20:41:47.000,13.34,-6.8,0.52,20.98,20.27,192717,-15.77,-14.0,0.001
2025-04-27T20:42:47.000,13.31,-6.73,0.52,20.98,20.27,192718,-15.93,-15.0,0.001
2025-04-27T20:43:47.000,13.28,-6.59,0.53,20.96,20.27,192719,-16.08,-15.0,0.001
2025-04-27T20:44:47.000,13.26,-6.4,0.56,20.9,20.27,192720,-16.24,-15.0,0.001
2025-04-27T20:45:48.000,13.22,-6.23,0.58,20.87,20.27,192721,-16.4,-15.0,0.001
2025-04-27T20:46:48.000,13.2,-6.14,0.56,20.9,20.27,192722,-16.56,-15.0,0.001
2025-04-27T20:47:48.000,13.18,-6.09,0.55,20.92,20.27,192723,-16.71,-15.0,0.001
2025-04-27T20:48:48.000,13.17,-6.01,0.56,20.9,20.27,192724,-16.87,-15.0,0.001
2025-04-27T20:49:48.000,13.15,-5.95,0.57,20.88,20.27,192725,-17.02,-16.0,0.001
2025-04-27T20:50:48.000,13.15,-5.67,0.56,20.9,20.27,192726,-17.18,-16.0,0.001
2025-04-27T20:51:48.000,13.13,-5.34,0.54,20.95,20.27,192727,-17.33,-16.0,0.001
2025-04-27T20:52:48.000,13.12,-4.76,0.53,20.97,20.27,192728,-17.49,-16.0,0.001
2025-04-27T20:53:49.000,13.12,-4.24,0.54,20.95,20.27,192729,-17.64,-16.0,0.001
2025-04-27T20:54:49.000,13.11,-3.82,0.56,20.91,20.27,192730,-17.8,-16.0,0.001
2025-04-27T20:55:49.000,13.13,-3.52,0.58,20.86,20.27,192731,-17.95,-16.0,0.001
2025-04-27T20:56:49.000,13.13,-3.33,0.61,20.81,20.27,192732,-18.1,-17.0,0.001
2025-04-27T20:57:49.000,13.14,-3.12,0.63,20.77,20.27,192733,-18.26,-17.0,0.001
2025-04-27T20:58:49.000,13.15,-2.76,0.66,20.72,20.27,192734,-18.41,-17.0,0.001
2025-04-27T20:59:49.000,13.16,-2.28,0.7,20.66,20.27,192735,-18.56,-17.0,0.001
2025-04-27T21:00:50.000,13.19,-1.86,0.71,20.64,20.27,192736,-18.71,-17.0,0.001
2025-04-27T21:01:50.000,13.22,-1.59,0.7,20.66,20.27,192737,-18.86,-17.0,0.001
2025-04-27T21:02:50.000,13.27,-1.41,0.7,20.65,20.27,192738,-19.01,-17.0,0.001
2025-04-27T21:03:50.000,13.3,-1.35,0.74,20.59,20.27,192739,-19.16,-17.0,0.001
2025-04-27T21:04:50.000,13.35,-1.28,0.76,20.57,20.27,192740,-19.31,-18.0,0.001
2025-04-27T21:05:50.000,13.37,-1.29,0.76,20.57,20.27,192741,-19.46,-18.0,0.001
2025-04-27T21:06:50.000,13.4,-1.35,0.73,20.62,20.27,192742,-19.61,-18.0,0.001
2025-04-27T21:07:50.000,13.41,-1.36,0.7,20.66,20.27,192743,-19.76,-18.0,0.001
2025-04-27T21:08:50.000,13.44,-1.33,0.69,20.68,20.27,192744,-19.91,-18.0,0.001
2025-04-27T21:09:50.000,13.47,-1.34,0.67,20.7,20.27,192745,-20.05,-18.0,0.001
2025-04-27T21:10:51.000,13.48,-1.37,0.65,20.74,20.27,192746,-20.2,-18.0,0.001
2025-04-27T21:11:51.000,13.5,-1.42,0.63,20.77,20.27,192747,-20.35,-19.0,0.001
2025-04-27T21:12:51.000,13.51,-1.49,0.62,20.78,20.27,192748,-20.5,-19.0,0.001
2025-04-27T21:13:51.000,13.5,-1.54,0.63,20.77,20.27,192749,-20.64,-19.0,0.001
2025-04-27T21:14:51.000,13.52,-1.52,0.64,20.75,20.27,192750,-20.79,-19.0,0.001
2025-04-27T21:15:51.000,13.52,-1.48,0.66,20.71,20.27,192751,-20.93,-19.0,0.001
2025-04-27T21:16:51.000,13.5,-1.49,0.69,20.68,20.27,192752,-21.07,-19.0,0.001
2025-04-27T21:17:52.000,13.49,-1.4,0.7,20.66,20.27,192753,-21.22,-19.0,0.001
2025-04-27T21:18:52.000,13.46,-1.45,0.71,20.64,20.27,192754,-21.36,-19.0,0.001
2025-04-27T21:19:52.000,13.46,-1.44,0.71,20.65,20.27,192755,-21.51,-20.0,0.001
2025-04-27T21:20:52.000,13.47,-1.56,0.73,20.62,20.27,192756,-21.65,-20.0,0.001
2025-04-27T21:21:52.000,13.47,-1.84,0.73,20.62,20.27,192757,-21.79,-20.0,0.001
2025-04-27T21:22:52.000,13.46,-2.11,0.69,20.67,20.27,192758,-21.93,-20.0,0.001
2025-04-27T21:23:52.000,13.45,-2.37,0.64,20.75,20.27,192759,-22.07,-20.0,0.001
2025-04-27T21:24:52.000,13.45,-2.57,0.62,20.8,20.27,192760,-22.21,-20.0,0.001
2025-04-27T21:25:52.000,13.43,-2.86,0.62,20.79,20.27,192761,-22.35,-20.0,0.001
2025-04-27T21:26:52.000,13.4,-3.02,0.63,20.77,20.27,192762,-22.49,-20.0,0.001
2025-04-27T21:27:53.000,13.36,-3.0,0.64,20.75,20.27,192763,-22.63,-21.0,0.001
2025-04-27T21:28:53.000,13.34,-2.8,0.65,20.73,20.27,192764,-22.77,-21.0,0.001
2025-04-27T21:29:53.000,13.3,-2.63,0.68,20.69,20.27,192765,-22.91,-21.0,0.001
2025-04-27T21:30:53.000,13.27,-2.29,0.7,20.66,20.27,192766,-23.05,-21.0,0.001
2025-04-27T21:31:53.000,13.26,-2.08,0.66,20.72,20.27,192767,-23.18,-21.0,0.001
2025-04-27T21:32:53.000,13.24,-2.01,0.65,20.73,20.27,192768,-23.32,-21.0,0.001
2025-04-27T21:33:53.000,13.23,-1.92,0.7,20.66,20.27,192769,-23.45,-21.0,0.001
2025-04-27T21:34:53.000,13.22,-1.72,0.73,20.61,20.27,192770,-23.59,-21.0,0.001
2025-04-27T21:35:54.000,13.22,-1.56,0.67,20.7,20.27,192771,-23.73,-22.0,0.001
2025-04-27T21:36:54.000,13.22,-1.41,0.63,20.77,20.27,192772,-23.86,-22.0,0.001
2025-04-27T21:37:54.000,13.22,-1.38,0.65,20.73,20.27,192773,-23.99,-22.0,0.001
2025-04-27T21:38:54.000,13.23,-1.45,0.71,20.64,20.27,192774,-24.13,-22.0,0.001
2025-04-27T21:39:54.000,13.22,-1.73,0.76,20.57,20.27,192775,-24.26,-22.0,0.001
2025-04-27T21:40:54.000,13.21,-2.16,0.73,20.62,20.27,192776,-24.39,-22.0,0.001
2025-04-27T21:41:54.000,13.2,-2.74,0.68,20.69,20.27,192777,-24.52,-22.0,0.001
2025-04-27T21:42:55.000,13.15,-3.44,0.65,20.74,20.27,192778,-24.66,-22.0,0.001
2025-04-27T21:43:55.000,13.07,-3.92,0.61,20.8,20.27,192779,-24.79,-23.0,0.001
2025-04-27T21:44:55.000,13.03,-4.2,0.6,20.83,20.27,192780,-24.92,-23.0,0.001
2025-04-27T21:45:55.000,12.99,-4.47,0.59,20.84,20.27,192781,-25.04,-23.0,0.001
2025-04-27T21:46:55.000,12.97,-4.71,0.57,20.88,20.27,192782,-25.17,-23.0,0.001
2025-04-27T21:47:55.000,12.93,-4.92,0.54,20.93,20.27,192783,-25.3,-23.0,0.001
2025-04-27T21:48:56.000,12.9,-5.19,0.53,20.96,20.27,192784,-25.43,-23.0,0.001
2025-04-27T21:49:56.000,12.83,-5.5,0.52,20.97,20.27,192785,-25.56,-23.0,0.001
2025-04-27T21:50:56.000,12.79,-5.66,0.54,20.95,20.27,192786,-25.68,-23.0,0.001
2025-04-27T21:51:56.000,12.75,-5.65,0.56,20.91,20.27,192787,-25.81,-23.0,0.001
2025-04-27T21:52:56.000,12.71,-5.62,0.58,20.87,20.27,192788,-25.94,-24.0,0.001
2025-04-27T21:53:56.000,12.66,-5.63,0.58,20.86,20.27,192789,-26.06,-24.0,0.001
2025-04-27T21:54:56.000,12.64,-5.76,0.58,20.85,20.27,192790,-26.18,-24.0,0.001
2025-04-27T21:55:56.000,12.61,-5.99,0.59,20.85,20.27,192791,-26.31,-24.0,0.001
2025-04-27T21:56:57.000,12.55,-6.21,0.57,20.88,20.27,192792,-26.43,-24.0,0.001
2025-04-27T21:57:57.000,12.5,-6.36,0.55,20.91,20.27,192793,-26.55,-24.0,0.001
2025-04-27T21:58:57.000,12.46,-6.57,0.56,20.9,20.27,192794,-26.68,-24.0,0.001
2025-04-27T21:59:57.000,12.41,-6.91,0.57,20.89,20.27,192795,-26.8,-24.0,0.001
2025-04-27T22:00:57.000,12.33,-7.21,0.55,20.91,20.27,192796,-26.92,-24.0,0.001
2025-04-27T22:01:57.000,12.27,-7.53,0.52,20.98,20.27,192797,-27.04,-25.0,0.001
2025-04-27T22:02:57.000,12.21,-8.12,0.5,21.03,20.27,192798,-27.16,-25.0,0.001
2025-04-27T22:03:57.000,12.12,-8.52,0.48,21.06,20.27,192799,-27.27,-25.0,0.001
2025-04-27T22:04:57.000,12.07,-8.81,0.47,21.09,20.27,192800,-27.39,-25.0,0.001
2025-04-27T22:05:58.000,12.04,-9.01,0.47,21.1,20.27,192801,-27.51,-25.0,0.001
2025-04-27T22:06:58.000,12.0,-9.32,0.46,21.11,20.27,192802,-27.63,-25.0,0.001
2025-04-27T22:07:58.000,11.96,-9.57,0.46,21.12,20.27,192803,-27.74,-25.0,0.001
2025-04-27T22:08:58.000,11.9,-9.73,0.45,21.13,20.27,192804,-27.86,-25.0,0.001
2025-04-27T22:09:58.000,11.85,-9.84,0.45,21.13,20.27,192805,-27.97,-25.0,0.001
2025-04-27T22:10:58.000,11.79,-9.85,0.45,21.14,20.27,192806,-28.09,-25.0,0.001
2025-04-27T22:11:58.000,11.74,-9.84,0.45,21.14,20.27,192807,-28.2,-26.0,0.001
2025-04-27T22:12:58.000,11.7,-9.91,0.45,21.13,20.27,192808,-28.31,-26.0,0.001
2025-04-27T22:13:58.000,11.65,-9.92,0.46,21.12,20.27,192809,-28.43,-26.0,0.001
2025-04-27T22:14:58.000,11.59,-9.9,0.46,21.12,20.27,192810,-28.54,-26.0,0.001
2025-04-27T22:15:58.000,11.51,-10.04,0.45,21.13,20.27,192811,-28.65,-26.0,0.001
2025-04-27T22:16:58.000,11.43,-10.0,0.45,21.14,20.27,192812,-28.76,-26.0,0.001
2025-04-27T22:17:59.000,11.37,-9.94,0.45,21.14,20.27,192813,-28.87,-26.0,0.001
2025-04-27T22:18:59.000,11.36,-9.94,0.45,21.14,20.27,192814,-28.98,-26.0,0.001
2025-04-27T22:19:59.000,11.33,-10.14,0.45,21.14,20.27,192815,-29.09,-26.0,0.001
2025-04-27T22:20:59.000,11.28,-10.15,0.45,21.14,20.27,192816,-29.19,-26.0,0.001
2025-04-27T22:21:59.000,11.26,-10.22,0.45,21.14,20.27,192817,-29.3,-27.0,0.001
2025-04-27T22:23:00.000,11.23,-10.19,0.45,21.14,20.27,192818,-29.41,-27.0,0.001
2025-04-27T22:23:59.000,11.23,-10.27,0.45,21.14,20.27,192819,-29.51,-27.0,0.001
2025-04-27T22:24:59.000,11.22,-10.27,0.45,21.14,20.27,192820,-29.62,-27.0,0.001
2025-04-27T22:25:59.000,11.22,-10.29,0.45,21.15,20.27,192821,-29.72,-27.0,0.001
2025-04-27T22:26:59.000,11.21,-10.29,0.44,21.15,20.27,192822,-29.82,-27.0,0.001
2025-04-27T22:28:00.000,11.19,-10.35,0.44,21.15,20.27,192823,-29.93,-27.0,0.001
2025-04-27T22:29:00.000,11.19,-10.28,0.44,21.15,20.27,192824,-30.03,-27.0,0.001
2025-04-27T22:30:00.000,11.18,-10.37,0.44,21.15,20.27,192825,-30.13,-27.0,0.001
2025-04-27T22:31:00.000,11.18,-10.34,0.44,21.15,20.27,192826,-30.23,-27.0,0.001
2025-04-27T22:32:00.000,11.15,-10.39,0.44,21.16,20.27,192827,-30.33,-27.0,0.001
2025-04-27T22:33:00.000,11.13,-10.33,0.44,21.16,20.27,192828,-30.43,-28.0,0.001
2025-04-27T22:34:00.000,11.13,-10.29,0.44,21.16,20.27,192829,-30.52,-28.0,0.001
2025-04-27T22:35:00.000,11.13,-10.22,0.44,21.16,20.27,192830,-30.62,-28.0,0.001
2025-04-27T22:36:00.000,11.13,-10.3,0.44,21.16,20.27,192831,-30.72,-28.0,0.001
2025-04-27T22:37:01.000,11.11,-10.2,0.45,21.15,20.27,192832,-30.82,-28.0,0.001
2025-04-27T22:38:01.000,11.08,-9.99,0.46,21.11,20.27,192833,-30.91,-28.0,0.001
2025-04-27T22:39:01.000,11.05,-9.81,0.49,21.05,20.27,192834,-31.0,-28.0,0.001
2025-04-27T22:40:01.000,11.05,-9.57,0.5,21.01,20.27,192835,-31.1,-28.0,0.001
2025-04-27T22:41:01.000,11.07,-9.41,0.5,21.01,20.27,192836,-31.19,-28.0,0.001
2025-04-27T22:42:01.000,11.09,-9.36,0.49,21.03,20.27,192837,-31.28,-28.0,0.001
2025-04-27T22:43:01.000,11.13,-9.53,0.48,21.07,20.27,192838,-31.37,-28.0,0.001
2025-04-27T22:44:01.000,11.13,-9.82,0.47,21.09,20.27,192839,-31.46,-28.0,0.001
2025-04-27T22:45:02.000,11.09,-10.15,0.46,21.11,20.27,192840,-31.55,-29.0,0.001
2025-04-27T22:46:01.000,11.06,-10.21,0.45,21.14,20.27,192841,-31.64,-29.0,0.001
2025-04-27T22:47:02.000,11.0,-10.41,0.44,21.16,20.27,192842,-31.73,-29.0,0.001
2025-04-27T22:48:02.000,10.96,-10.46,0.44,21.17,20.27,192843,-31.82,-29.0,0.001
2025-04-27T22:49:02.000,10.89,-10.47,0.43,21.18,20.27,192844,-31.9,-29.0,0.001
2025-04-27T22:50:02.000,10.83,-10.45,0.43,21.18,20.27,192845,-31.99,-29.0,0.001
2025-04-27T22:51:02.000,10.81,-10.32,0.43,21.18,20.27,192846,-32.08,-29.0,0.001
2025-04-27T22:52:02.000,10.82,-10.38,0.43,21.18,20.27,192847,-32.16,-29.0,0.001
2025-04-27T22:53:02.000,10.82,-10.44,0.43,21.18,20.27,192848,-32.24,-29.0,0.001
2025-04-27T22:54:02.000,10.81,-10.4,0.43,21.17,20.27,192849,-32.32,-29.0,0.001
2025-04-27T22:55:02.000,10.82,-10.34,0.44,21.16,20.27,192850,-32.41,-29.0,0.001
2025-04-27T22:56:02.000,10.82,-10.14,0.46,21.12,20.27,192851,-32.49,-29.0,0.001
2025-04-27T22:57:03.000,10.81,-9.75,0.49,21.05,20.27,192852,-32.57,-29.0,0.001
2025-04-27T22:58:03.000,10.8,-9.3,0.51,21.01,20.27,192853,-32.65,-29.0,0.001
2025-04-27T22:59:03.000,10.79,-9.0,0.5,21.01,20.27,192854,-32.72,-30.0,0.001
2025-04-27T23:00:03.000,10.79,-9.09,0.49,21.05,20.27,192855,-32.8,-30.0,0.001
2025-04-27T23:01:03.000,10.79,-9.43,0.47,21.09,20.27,192856,-32.88,-30.0,0.001
2025-04-27T23:02:03.000,10.77,-9.89,0.46,21.12,20.27,192857,-32.95,-30.0,0.001
2025-04-27T23:03:03.000,10.75,-10.19,0.45,21.13,20.27,192858,-33.03,-30.0,0.001
2025-04-27T23:04:03.000,10.68,-10.34,0.44,21.16,20.27,192859,-33.1,-30.0,0.001
2025-04-27T23:05:03.000,10.64,-10.46,0.43,21.18,20.27,192860,-33.18,-30.0,0.001
2025-04-27T23:06:03.000,10.6,-10.42,0.43,21.19,20.27,192861,-33.25,-30.0,0.001
2025-04-27T23:07:03.000,10.58,-10.35,0.43,21.2,20.27,192862,-33.32,-30.0,0.001
2025-04-27T23:08:04.000,10.61,-10.25,0.42,21.2,20.27,192863,-33.39,-30.0,0.001
2025-04-27T23:09:04.000,10.62,-10.26,0.42,21.2,20.27,192864,-33.46,-30.0,0.001
2025-04-27T23:10:04.000,10.61,-10.35,0.42,21.2,20.27,192865,-33.53,-30.0,0.001
2025-04-27T23:11:04.000,10.6,-10.23,0.42,21.2,20.27,192866,-33.6,-30.0,0.001
2025-04-27T23:12:04.000,10.59,-10.21,0.42,21.2,20.27,192867,-33.66,-30.0,0.001
2025-04-27T23:13:04.000,10.57,-10.28,0.42,21.2,20.27,192868,-33.73,-30.0,0.001
2025-04-27T23:14:04.000,10.55,-10.13,0.43,21.19,20.27,192869,-33.8,-30.0,0.001
2025-04-27T23:15:04.000,10.55,-9.98,0.43,21.18,20.27,192870,-33.86,-31.0,0.001
2025-04-27T23:16:04.000,10.56,-9.79,0.45,21.15,20.27,192871,-33.92,-31.0,0.001
2025-04-27T23:17:04.000,10.59,-9.71,0.47,21.1,20.27,192872,-33.99,-31.0,0.001
2025-04-27T23:18:05.000,10.58,-9.8,0.47,21.09,20.27,192873,-34.05,-31.0,0.001
