ecsv/stars17/stars17_2025-04.ecsv
# %ECSV 1.0
# ---
# datatype:
# - {name: time, datatype: string}
# - {name: Enclosure Temperature, unit: deg_C, datatype: float64}
# - {name: Sky Temperature, unit: deg_C, datatype: float64}
# - {name: Frequency, unit: Hz, datatype: float64}
# - {name: MSAS, unit: mag / arcsec2, datatype: float64}
# - {name: ZP, datatype: float64}
# - {name: Sequence Number, datatype: int64}
# - {name: Sun Alt, unit: deg, datatype: float64}
# - {name: Moon Alt, unit: deg, datatype: float64}
# - {name: Moon Illumination, datatype: float64}
# delimiter: ','
# meta: !!omap
# - ida:
#     Data supplier: {affiliation: null, observer: Amaranta Martin}
#     Device type: TESS-W
#     Field of view: 17.0
#     Filters per channel: None
#     Instrument ID: stars17
#     License: ODbL 1.0 http://opendatacommons.org/licenses/odbl/summary/
#     Local timezone: Europe/Madrid
#     Location name: {country: Spain, place: Palacio Viejo de las Corchuelas, region: null, sub_region: null, town: "Torrej\xF3n el Rubio,\
#         \ C\xE1ceres"}
#     Measurement direction per channel: {azimuth: 0.0, zenital: 0.0}
#     Moving / Fixed look direction: FIXED
#     Moving / Stationary position: STATIONARY
#     Number of channels: 1
#     Number of fields per line: 8
#     Number of header lines: 35
#     Position: {height: 0.0, latitude: 39.8136576, longitude: -6.0051528}
#     TESS MAC address: 98:F4:AB:B2:7B:53
#     TESS cover offset value: 0.0
#     TESS firmware version: '1.0'
#     TESS zero point: 20.27
#     Time Synchronization: timestamp added by MQTT subscriber
#     URL: http://www.darksky.org/NSBM/sdf1.0.pdf
# - __serialized_columns__:
#     Enclosure Temperature:
#       __class__: astropy.units.quantity.Quantity
#       unit: &id001 !astropy.units.Unit {unit: deg_C}
#       value: !astropy.table.SerializedColumn {name: Enclosure Temperature}
#     Frequency:
#       __class__: astropy.units.quantity.Quantity
#       unit: !astropy.units.Unit {unit: Hz}
#       value: !astropy.table.SerializedColumn {name: Frequency}
#     MSAS:
#       __class__: astropy.units.quantity.Quantity
#       unit: !astropy.units.Unit {unit: mag / arcsec2}
#       value: !astropy.table.SerializedColumn {name: MSAS}
#     Moon Alt:
#       __class__: astropy.units.quantity.Quantity
#       unit: &id002 !astropy.units.Unit {unit: deg}
#       value: !astropy.table.SerializedColumn {name: Moon Alt}
#     Sky Temperature:
#       __class__: astropy.units.quantity.Quantity
#       unit: *id001
#       value: !astropy.table.SerializedColumn {name: Sky Temperature}
#     Sun Alt:
#       __class__: astropy.units.quantity.Quantity
#       unit: *id002
#       value: !astropy.table.SerializedColumn {name: Sun Alt}
#     time:
#       __class__: astropy.time.core.Time
#       format: isot
#       in_subfmt: '*'
#       out_subfmt: '*'
#       precision: 3
#       scale: utc
#       value: !astropy.table.SerializedColumn {name: time}
# schema: astropy-2.0
time,Enclosure Temperature,Sky Temperature,Frequency,MSAS,ZP,Sequence Number,Sun Alt,Moon Alt,Moon Illumination
[from data line 19280]
2025-04-30T03:36:43.000,14.31,5.35,0.66,20.73,20.27,195940,-18.94,-22.0,0.083
2025-04-30T03:37:43.000,14.32,4.22,0.57,20.87,20.27,195941,-18.79,-22.0,0.083
2025-04-30T03:38:43.000,14.26,2.99,0.61,20.81,20.27,195942,-18.64,-22.0,0.083
2025-04-30T03:39:43.000,14.23,3.33,0.59,20.85,20.27,195943,-18.49,-22.0,0.083
2025-04-30T03:40:44.000,14.22,5.69,0.75,20.59,20.27,195944,-18.34,-22.0,0.083
2025-04-30T03:41:44.000,14.26,7.62,0.88,20.4,20.27,195945,-18.19,-22.0,0.083
2025-04-30T03:42:44.000,14.33,8.34,0.94,20.34,20.27,195946,-18.04,-22.0,0.083
2025-04-30T03:43:44.000,14.41,8.76,0.9,20.38,20.27,195947,-17.89,-22.0,0.083
2025-04-30T03:44:44.000,14.46,8.58,0.81,20.49,20.27,195948,-17.74,-22.0,0.083
2025-04-30T03:45:44.000,14.49,8.42,0.78,20.54,20.27,195949,-17.59,-22.0,0.083
2025-04-30T03:46:44.000,14.51,8.34,0.84,20.46,20.27,195950,-17.44,-22.0,0.083
2025-04-30T03:47:44.000,14.55,8.24,0.91,20.37,20.27,195951,-17.28,-22.0,0.083
2025-04-30T03:48:45.000,14.6,7.75,0.95,20.33,20.27,195952,-17.13,-22.0,0.083
2025-04-30T03:49:45.000,14.65,7.88,0.92,20.37,20.27,195953,-16.97,-22.0,0.084
2025-04-30T03:50:45.000,14.67,8.18,0.97,20.31,20.27,195954,-16.82,-21.0,0.084
2025-04-30T03:51:45.000,14.65,8.28,1.03,20.24,20.27,195955,-16.67,-21.0,0.084
2025-04-30T03:52:45.000,14.67,8.19,1.19,20.09,20.27,195956,-16.51,-21.0,0.084
2025-04-30T03:53:45.000,14.64,7.86,1.29,20.0,20.27,195957,-16.36,-21.0,0.084
2025-04-30T03:54:45.000,14.63,7.25,1.25,20.03,20.27,195958,-16.2,-21.0,0.084
2025-04-30T03:55:45.000,14.53,6.76,1.23,20.04,20.27,195959,-16.05,-21.0,0.084
2025-04-30T03:56:46.000,14.48,6.92,1.35,19.95,20.27,195960,-15.89,-21.0,0.084
2025-04-30T03:57:46.000,14.51,7.08,1.41,19.9,20.27,195961,-15.73,-21.0,0.084
2025-04-30T03:58:46.000,14.5,6.69,1.61,19.75,20.27,195962,-15.58,-21.0,0.084
2025-04-30T03:59:46.000,14.44,5.57,1.84,19.61,20.27,195963,-15.42,-21.0,0.084
2025-04-30T04:00:46.000,14.37,5.37,1.99,19.52,20.27,195964,-15.26,-21.0,0.084
2025-04-30T04:01:46.000,14.35,5.6,2.06,19.49,20.27,195965,-15.1,-21.0,0.084
2025-04-30T04:02:46.000,14.32,5.34,2.29,19.37,20.27,195966,-14.95,-21.0,0.084
2025-04-30T04:03:46.000,14.24,5.38,2.84,19.14,20.27,195967,-14.79,-21.0,0.084
2025-04-30T04:04:47.000,14.24,5.75,3.14,19.03,20.27,195968,-14.63,-21.0,0.084
2025-04-30T04:05:47.000,14.25,5.82,3.47,18.92,20.27,195969,-14.47,-21.0,0.084
2025-04-30T04:06:47.000,14.2,4.59,4.01,18.76,20.27,195970,-14.31,-20.0,0.084
2025-04-30T04:07:47.000,14.18,4.4,4.33,18.68,20.27,195971,-14.15,-20.0,0.084
2025-04-30T04:08:47.000,14.15,7.06,4.43,18.65,20.27,195972,-13.99,-20.0,0.084
2025-04-30T04:09:47.000,14.18,8.46,4.81,18.57,20.27,195973,-13.83,-20.0,0.084
2025-04-30T04:10:47.000,14.22,8.4,5.64,18.39,20.27,195974,-13.67,-20.0,0.085
2025-04-30T04:11:47.000,14.27,8.3,6.59,18.23,20.27,195975,-13.5,-20.0,0.085
2025-04-30T04:12:47.000,14.28,7.59,7.8,18.04,20.27,195976,-13.34,-20.0,0.085
2025-04-30T04:13:47.000,14.34,6.15,11.61,17.61,20.27,195977,-13.18,-20.0,0.085
2025-04-30T04:14:48.000,14.37,5.28,13.25,17.47,20.27,195978,-13.02,-20.0,0.085
2025-04-30T04:15:48.000,14.39,5.63,15.86,17.27,20.27,195979,-12.85,-20.0,0.085
2025-04-30T04:16:48.000,14.4,6.08,18.79,17.09,20.27,195980,-12.69,-20.0,0.085
2025-04-30T04:17:48.000,14.41,7.25,19.14,17.07,20.27,195981,-12.53,-20.0,0.085
2025-04-30T04:18:48.000,14.4,8.13,18.87,17.08,20.27,195982,-12.36,-20.0,0.085
2025-04-30T04:19:48.000,14.45,8.76,21.29,16.96,20.27,195983,-12.2,-20.0,0.085
2025-04-30T04:20:48.000,14.44,8.39,28.51,16.63,20.27,195984,-12.04,-19.0,0.085
2025-04-30T04:21:49.000,14.46,8.32,32.25,16.5,20.27,195985,-11.87,-19.0,0.085
2025-04-30T04:22:49.000,14.48,7.63,41.15,16.24,20.27,195986,-11.7,-19.0,0.085
2025-04-30T04:23:49.000,14.46,6.19,53.77,15.94,20.27,195987,-11.54,-19.0,0.085
2025-04-30T04:24:49.000,14.49,6.07,63.43,15.77,20.27,195988,-11.37,-19.0,0.085
2025-04-30T04:25:49.000,14.48,7.85,60.23,15.82,20.27,195989,-11.21,-19.0,0.085
2025-04-30T04:26:49.000,14.5,9.0,56.5,15.89,20.27,195990,-11.04,-19.0,0.085
2025-04-30T04:27:50.000,14.52,9.02,62.2,15.79,20.27,195991,-10.87,-19.0,0.085
2025-04-30T04:28:50.000,14.47,8.82,82.98,15.48,20.27,195992,-10.7,-19.0,0.085
2025-04-30T04:29:50.000,14.45,8.93,113.78,15.13,20.27,195993,-10.54,-19.0,0.085
2025-04-30T04:30:50.000,14.49,8.85,138.07,14.92,20.27,195994,-10.37,-19.0,0.085
2025-04-30T04:31:50.000,14.49,8.2,226.43,14.4,20.27,195995,-10.2,-19.0,0.085
2025-04-30T04:32:51.000,14.46,7.19,319.44,14.01,20.27,195996,-10.03,-19.0,0.086
2025-04-30T04:33:51.000,14.47,6.09,448.53,13.64,20.27,195997,-9.86,-18.0,0.086
2025-04-30T04:34:52.000,14.5,4.6,545.56,13.43,20.27,195998,-9.69,-18.0,0.086
2025-04-30T04:35:52.000,14.49,4.92,596.67,13.33,20.27,195999,-9.52,-18.0,0.086
2025-04-30T04:36:53.000,14.47,7.09,502.56,13.52,20.27,196000,-9.35,-18.0,0.086
2025-04-30T04:37:53.000,14.5,8.4,581.44,13.39,20.27,196001,-9.18,-18.0,0.086
2025-04-30T04:38:54.000,14.56,8.6,851.96,12.95,20.27,196002,-9.01,-18.0,0.086
2025-04-30T04:39:54.000,14.59,8.57,831.89,12.97,20.27,196003,-8.84,-18.0,0.086
2025-04-30T04:40:54.000,14.62,8.1,1424.93,12.41,20.27,196004,-8.67,-18.0,0.086
2025-04-30T04:41:55.000,14.67,7.88,2063.53,11.98,20.27,196005,-8.5,-18.0,0.086
2025-04-30T04:42:55.000,14.73,8.43,1909.44,12.07,20.27,196006,-8.33,-18.0,0.086
2025-04-30T04:43:56.000,14.71,8.77,1916.91,12.07,20.27,196007,-8.15,-18.0,0.086
2025-04-30T04:44:56.000,14.68,8.94,1797.42,12.14,20.27,196008,-7.98,-17.0,0.086
2025-04-30T04:45:57.000,14.66,9.18,1982.62,12.03,20.27,196009,-7.81,-17.0,0.086
2025-04-30T04:46:57.000,14.7,9.14,2895.84,11.65,20.27,196010,-7.64,-17.0,0.086
2025-04-30T04:47:58.000,14.69,8.72,5618.76,10.9,20.27,196011,-7.46,-17.0,0.086
2025-04-30T04:48:58.000,14.71,8.2,8562.64,10.46,20.27,196012,-7.29,-17.0,0.086
2025-04-30T04:49:59.000,14.7,8.11,10689.2,10.2,20.27,196013,-7.11,-17.0,0.086
2025-04-30T04:50:59.000,14.77,8.73,10122.56,10.26,20.27,196014,-6.94,-17.0,0.086
2025-04-30T04:51:59.000,14.86,9.08,9979.29,10.28,20.27,196015,-6.77,-17.0,0.086
2025-04-30T04:53:00.000,14.96,9.26,9883.2,10.28,20.27,196016,-6.59,-17.0,0.086
2025-04-30T04:54:00.000,14.98,9.12,15369.09,9.83,20.27,196017,-6.42,-17.0,0.087
2025-04-30T04:55:01.000,14.98,9.06,20448.47,9.5,20.27,196018,-6.24,-17.0,0.087
2025-04-30T04:56:01.000,14.92,8.86,22679.36,9.38,20.27,196019,-6.07,-16.0,0.087
2025-04-30T04:57:02.000,14.85,8.78,24664.91,9.31,20.27,196020,-5.89,-16.0,0.087
2025-04-30T04:58:02.000,14.87,8.84,33091.87,8.97,20.27,196021,-5.72,-16.0,0.087
2025-04-30T04:59:03.000,14.89,9.01,29018.0,9.11,20.27,196022,-5.54,-16.0,0.087
2025-04-30T05:00:04.000,14.89,8.85,35869.64,8.89,20.27,196023,-5.36,-16.0,0.087
2025-04-30T05:01:04.000,14.83,8.99,36763.84,8.86,20.27,196024,-5.19,-16.0,0.087
2025-04-30T05:02:04.000,14.79,8.87,40076.04,8.77,20.27,196025,-5.01,-16.0,0.087
2025-04-30T05:03:05.000,14.78,9.05,54009.93,4.75,20.27,196026,-4.83,-16.0,0.087
2025-04-30T05:04:05.000,14.78,8.73,50000.0,0.0,20.27,196027,-4.66,-16.0,0.087
2025-04-30T05:05:06.000,14.73,8.51,50000.0,0.0,20.27,196028,-4.48,-16.0,0.087
2025-04-30T05:06:06.000,14.71,8.56,50000.0,0.0,20.27,196029,-4.3,-15.0,0.087
2025-04-30T05:24:09.000,14.67,8.33,50000.0,0.0,20.27,196047,-1.08,-13.0,0.088
2025-04-30T05:25:09.000,14.64,8.51,50000.0,0.0,20.27,196048,-0.9,-13.0,0.088
2025-04-30T05:26:09.000,14.69,8.88,50000.0,0.0,20.27,196049,-0.72,-13.0,0.088
2025-04-30T05:27:09.000,14.71,8.69,49725.44,0.09,20.27,196050,-0.54,-13.0,0.088
2025-04-30T05:28:09.000,14.68,8.44,50000.0,0.0,20.27,196051,-0.36,-13.0,0.088
2025-04-30T05:29:09.000,14.63,8.67,50000.0,0.0,20.27,196052,-0.18,-13.0,0.088
2025-04-30T05:30:10.000,14.65,9.19,50000.0,0.0,20.27,196053,0.0,-13.0,0.088
2025-04-30T05:32:10.000,14.68,8.79,50000.0,0.0,20.27,196055,0.37,-13.0,0.088
2025-04-30T05:33:10.000,14.7,8.97,50000.0,0.0,20.27,196056,0.55,-12.0,0.088
2025-04-30T05:34:10.000,14.71,8.87,50000.0,0.0,20.27,196057,0.73,-12.0,0.088
2025-04-30T05:35:10.000,14.76,8.94,49720.85,0.09,20.27,196058,0.91,-12.0,0.088
2025-04-30T05:36:10.000,14.8,8.87,50000.0,0.0,20.27,196059,1.09,-12.0,0.089
2025-04-30T05:37:10.000,14.77,8.6,50000.0,0.0,20.27,196060,1.28,-12.0,0.089
2025-04-30T05:38:10.000,14.77,8.8,50000.0,0.0,20.27,196061,1.46,-12.0,0.089
2025-04-30T05:39:11.000,14.82,8.9,50000.0,0.0,20.27,196062,1.64,-12.0,0.089
2025-04-30T05:40:11.000,14.87,8.96,49714.56,0.09,20.27,196063,1.83,-12.0,0.089
2025-04-30T05:41:11.000,14.87,8.56,50000.0,0.0,20.27,196064,2.01,-12.0,0.089
2025-04-30T05:42:11.000,14.87,8.82,50000.0,0.0,20.27,196065,2.19,-11.0,0.089
2025-04-30T05:43:11.000,14.93,8.84,50000.0,0.0,20.27,196066,2.38,-11.0,0.089
2025-04-30T18:41:21.000,16.41,4.11,50000.0,0.0,20.27,196843,5.78,45.0,0.129
2025-04-30T18:42:21.000,16.29,3.27,50000.0,0.0,20.27,196844,5.59,45.0,0.129
2025-04-30T18:43:21.000,16.23,2.47,50000.0,0.0,20.27,196845,5.41,45.0,0.129
2025-04-30T18:44:21.000,16.1,3.53,49729.84,0.09,20.27,196846,5.22,45.0,0.129
2025-04-30T18:45:21.000,16.15,5.12,50000.0,0.0,20.27,196847,5.03,45.0,0.129
2025-04-30T18:46:22.000,16.14,4.59,50000.0,0.0,20.27,196848,4.85,44.0,0.129
2025-04-30T18:47:22.000,16.11,3.09,50000.0,0.0,20.27,196849,4.66,44.0,0.129
2025-04-30T19:00:25.000,15.69,4.2,50000.0,0.0,20.27,196862,2.26,42.0,0.13
2025-04-30T19:01:25.000,15.63,1.54,50000.0,0.0,20.27,196863,2.08,42.0,0.13
2025-04-30T19:02:25.000,15.59,1.28,50000.0,0.0,20.27,196864,1.9,42.0,0.13
2025-04-30T19:03:26.000,15.58,3.18,57396.87,5.35,20.27,196865,1.71,41.0,0.13
2025-04-30T19:04:26.000,15.59,6.71,48425.93,8.56,20.27,196866,1.53,41.0,0.13
2025-04-30T19:05:27.000,15.62,4.61,46336.2,8.61,20.27,196867,1.35,41.0,0.13
2025-04-30T19:06:27.000,15.64,2.75,41886.04,8.72,20.27,196868,1.16,41.0,0.13
2025-04-30T19:07:28.000,15.63,3.22,34565.46,8.99,20.27,196869,0.98,41.0,0.13
2025-04-30T19:08:28.000,15.62,5.04,29125.2,9.11,20.27,196870,0.8,40.0,0.13
2025-04-30T19:09:28.000,15.6,4.89,24064.55,9.39,20.27,196871,0.62,40.0,0.13
2025-04-30T19:10:29.000,15.62,5.74,19903.31,9.52,20.27,196872,0.43,40.0,0.13
2025-04-30T19:11:29.000,15.6,7.18,14374.18,9.88,20.27,196873,0.25,40.0,0.13
2025-04-30T19:12:30.000,15.6,7.69,10585.69,10.21,20.27,196874,0.07,40.0,0.13
2025-04-30T19:13:30.000,15.65,6.5,8532.87,10.44,20.27,196875,-0.11,39.0,0.13
2025-04-30T19:14:31.000,15.65,3.49,8084.87,10.5,20.27,196876,-0.3,39.0,0.13
2025-04-30T19:15:31.000,15.59,0.12,6969.87,10.66,20.27,196877,-0.48,39.0,0.131
2025-04-30T19:16:32.000,15.54,0.16,5856.56,10.85,20.27,196878,-0.66,39.0,0.131
2025-04-30T19:17:32.000,15.49,0.84,4639.02,11.11,20.27,196879,-0.84,39.0,0.131
2025-04-30T19:18:33.000,15.46,0.41,3703.78,11.35,20.27,196880,-1.02,39.0,0.131
2025-04-30T19:19:33.000,15.42,1.37,3099.6,11.54,20.27,196881,-1.2,38.0,0.131
2025-04-30T19:20:33.000,15.38,1.63,2475.16,11.79,20.27,196882,-1.38,38.0,0.131
2025-04-30T19:21:34.000,15.36,2.18,1970.11,12.04,20.27,196883,-1.56,38.0,0.131
2025-04-30T19:22:34.000,15.4,2.78,1623.73,12.25,20.27,196884,-1.74,38.0,0.131
2025-04-30T19:23:35.000,15.43,3.38,1296.67,12.49,20.27,196885,-1.92,38.0,0.131
2025-04-30T19:24:35.000,15.41,5.76,1047.29,12.72,20.27,196886,-2.1,37.0,0.131
2025-04-30T19:25:36.000,15.41,8.46,742.31,13.1,20.27,196887,-2.28,37.0,0.131
2025-04-30T19:26:36.000,15.52,7.7,604.93,13.32,20.27,196888,-2.46,37.0,0.131
2025-04-30T19:27:37.000,15.57,6.8,528.58,13.46,20.27,196889,-2.64,37.0,0.131
2025-04-30T19:28:38.000,15.61,6.98,429.22,13.69,20.27,196890,-2.82,37.0,0.131
2025-04-30T19:29:38.000,15.61,7.56,335.53,13.96,20.27,196891,-3.0,36.0,0.131
2025-04-30T19:30:38.000,15.67,8.24,243.8,14.31,20.27,196892,-3.18,36.0,0.131
2025-04-30T19:31:38.000,15.73,6.53,231.71,14.36,20.27,196893,-3.35,36.0,0.131
2025-04-30T19:32:39.000,15.71,6.61,183.71,14.61,20.27,196894,-3.53,36.0,0.132
2025-04-30T19:33:39.000,15.65,6.49,142.09,14.89,20.27,196895,-3.71,36.0,0.132
2025-04-30T19:34:39.000,15.59,6.81,120.22,15.07,20.27,196896,-3.89,36.0,0.132
2025-04-30T19:35:39.000,15.63,8.72,88.25,15.41,20.27,196897,-4.06,35.0,0.132
2025-04-30T19:36:40.000,15.71,9.11,75.36,15.58,20.27,196898,-4.24,35.0,0.132
2025-04-30T19:37:40.000,15.71,9.07,61.2,15.8,20.27,196899,-4.42,35.0,0.132
2025-04-30T19:38:40.000,15.79,9.99,48.44,16.06,20.27,196900,-4.59,35.0,0.132
2025-04-30T19:39:40.000,15.85,10.24,37.87,16.33,20.27,196901,-4.77,35.0,0.132
2025-04-30T19:40:40.000,15.91,9.56,33.24,16.47,20.27,196902,-4.94,34.0,0.132
2025-04-30T19:41:40.000,15.97,6.82,37.72,16.33,20.27,196903,-5.12,34.0,0.132
2025-04-30T19:42:40.000,15.99,5.88,39.88,16.27,20.27,196904,-5.29,34.0,0.132
2025-04-30T19:43:40.000,15.99,7.75,31.32,16.53,20.27,196905,-5.47,34.0,0.132
2025-04-30T19:44:41.000,15.95,8.22,28.59,16.64,20.27,196906,-5.65,34.0,0.132
2025-04-30T19:45:41.000,15.94,8.31,21.3,16.95,20.27,196907,-5.82,34.0,0.132
2025-04-30T19:46:41.000,15.96,8.58,19.19,17.06,20.27,196908,-5.99,33.0,0.132
2025-04-30T19:47:41.000,15.98,8.08,16.0,17.27,20.27,196909,-6.17,33.0,0.132
2025-04-30T19:48:41.000,15.94,6.02,12.95,17.49,20.27,196910,-6.34,33.0,0.132
2025-04-30T19:49:41.000,15.87,5.89,11.04,17.66,20.27,196911,-6.51,33.0,0.132
2025-04-30T19:50:41.000,15.81,6.83,9.08,17.88,20.27,196912,-6.68,33.0,0.132
2025-04-30T19:51:41.000,15.75,6.98,8.01,18.01,20.27,196913,-6.86,32.0,0.133
2025-04-30T19:52:42.000,15.72,7.74,6.6,18.23,20.27,196914,-7.03,32.0,0.133
2025-04-30T19:53:42.000,15.72,6.95,5.42,18.43,20.27,196915,-7.2,32.0,0.133
2025-04-30T19:54:42.000,15.67,4.87,5.05,18.51,20.27,196916,-7.38,32.0,0.133
2025-04-30T19:55:42.000,15.59,4.49,5.02,18.52,20.27,196917,-7.55,32.0,0.133
2025-04-30T19:56:42.000,15.56,5.62,4.16,18.72,20.27,196918,-7.72,32.0,0.133
2025-04-30T19:57:42.000,15.56,6.44,3.64,18.87,20.27,196919,-7.89,31.0,0.133
2025-04-30T19:58:45.000,15.56,6.01,3.22,19.0,20.27,196920,-8.07,31.0,0.133
2025-04-30T19:59:45.000,15.54,5.28,3.19,19.01,20.27,196921,-8.24,31.0,0.133
2025-04-30T20:00:45.000,15.56,5.98,2.82,19.14,20.27,196922,-8.41,31.0,0.133
2025-04-30T20:01:45.000,15.61,6.89,2.33,19.35,20.27,196923,-8.58,31.0,0.133
2025-04-30T20:02:45.000,15.55,5.46,1.93,19.56,20.27,196924,-8.75,30.0,0.133
2025-04-30T20:03:45.000,15.54,3.8,1.64,19.74,20.27,196925,-8.92,30.0,0.133
2025-04-30T20:04:45.000,15.53,4.58,1.56,19.79,20.27,196926,-9.09,30.0,0.133
2025-04-30T20:05:46.000,15.55,5.07,1.58,19.77,20.27,196927,-9.26,30.0,0.133
2025-04-30T20:06:46.000,15.58,6.23,1.56,19.79,20.27,196928,-9.43,30.0,0.133
2025-04-30T20:07:46.000,15.64,7.06,1.49,19.84,20.27,196929,-9.59,30.0,0.133
2025-04-30T20:08:46.000,15.62,6.91,1.36,19.93,20.27,196930,-9.76,29.0,0.134
2025-04-30T20:09:46.000,15.67,7.07,1.29,20.0,20.27,196931,-9.93,29.0,0.134
2025-04-30T20:10:46.000,15.66,6.18,1.19,20.08,20.27,196932,-10.1,29.0,0.134
2025-04-30T20:11:47.000,15.68,4.77,1.02,20.25,20.27,196933,-10.27,29.0,0.134
2025-04-30T20:12:47.000,15.68,4.67,0.97,20.3,20.27,196934,-10.43,29.0,0.134
2025-04-30T20:13:47.000,15.7,3.92,0.9,20.38,20.27,196935,-10.6,28.0,0.134
2025-04-30T20:14:47.000,15.68,1.91,0.8,20.52,20.27,196936,-10.77,28.0,0.134
2025-04-30T20:15:47.000,15.65,2.71,0.77,20.55,20.27,196937,-10.93,28.0,0.134
2025-04-30T20:16:47.000,15.65,5.76,0.91,20.37,20.27,196938,-11.1,28.0,0.134
2025-04-30T20:17:47.000,15.63,6.42,0.97,20.31,20.27,196939,-11.26,28.0,0.134
2025-04-30T20:18:47.000,15.64,6.52,0.93,20.35,20.27,196940,-11.43,28.0,0.134
2025-04-30T20:19:47.000,15.68,7.99,0.9,20.39,20.27,196941,-11.59,27.0,0.134
2025-04-30T20:20:48.000,15.73,8.8,0.93,20.35,20.27,196942,-11.76,27.0,0.134
2025-04-30T20:21:48.000,15.8,9.37,0.93,20.35,20.27,196943,-11.92,27.0,0.134
2025-04-30T20:22:48.000,15.88,9.34,0.92,20.36,20.27,196944,-12.09,27.0,0.134
2025-04-30T20:23:48.000,15.9,8.72,0.92,20.36,20.27,196945,-12.25,27.0,0.134
2025-04-30T20:24:48.000,15.93,8.24,0.89,20.4,20.27,196946,-12.41,26.0,0.134
2025-04-30T20:25:48.000,15.93,8.09,0.88,20.41,20.27,196947,-12.57,26.0,0.134
2025-04-30T20:26:49.000,15.93,6.83,0.81,20.49,20.27,196948,-12.74,26.0,0.135
2025-04-30T20:27:49.000,15.89,5.27,0.8,20.51,20.27,196949,-12.9,26.0,0.135
2025-04-30T20:28:49.000,15.86,3.78,0.75,20.58,20.27,196950,-13.06,26.0,0.135
2025-04-30T20:29:49.000,15.77,2.92,0.72,20.63,20.27,196951,-13.22,26.0,0.135
