ecsv/stars17/stars17_2024-04.ecsv
# %ECSV 1.0
# ---
# datatype:
# - {name: time, datatype: string}
# - {name: Enclosure Temperature, unit: deg_C, datatype: float64}
# - {name: Sky Temperature, unit: deg_C, datatype: float64}
# - {name: Frequency, unit: Hz, datatype: float64}
# - {name: MSAS, unit: mag / arcsec2, datatype: float64}
# - {name: ZP, datatype: float64}
# - {name: Sequence Number, datatype: int64}
# - {name: Sun Alt, unit: deg, datatype: float64}
# - {name: Moon Alt, unit: deg, datatype: float64}
# - {name: Moon Illumination, datatype: float64}
# delimiter: ','
# meta: !!omap
# - ida:
#     Data supplier: {affiliation: null, observer: Amaranta Martin}
#     Device type: TESS-W
#     Field of view: 17.0
#     Filters per channel: None
#     Instrument ID: stars17
#     License: ODbL 1.0 http://opendatacommons.org/licenses/odbl/summary/
#     Local timezone: Europe/Madrid
#     Location name: {country: '- Palacio Viejo de las Corchuelas', place: "Torrej\xF3n el Rubio, C\xE1ceres", region: Spain, sub_region: null,
#       town: null}
#     Measurement direction per channel: {azimuth: 0.0, zenital: 0.0}
#     Moving / Fixed look direction: FIXED
#     Moving / Stationary position: STATIONARY
#     Number of channels: 1
#     Number of fields per line: 8
#     Number of header lines: 35
#     Position: {height: 0.0, latitude: 39.8136576, longitude: -6.0051528}
#     TESS MAC address: 98:F4:AB:B2:7B:53
#     TESS cover offset value: 0.0
#     TESS firmware version: '1.0'
#     TESS zero point: 20.27
#     Time Synchronization: timestamp added by MQTT subscriber
#     URL: http://www.darksky.org/NSBM/sdf1.0.pdf
# - __serialized_columns__:
#     Enclosure Temperature:
#       __class__: astropy.units.quantity.Quantity
#       unit: &id001 !astropy.units.Unit {unit: deg_C}
#       value: !astropy.table.SerializedColumn {name: Enclosure Temperature}
#     Frequency:
#       __class__: astropy.units.quantity.Quantity
#       unit: !astropy.units.Unit {unit: Hz}
#       value: !astropy.table.SerializedColumn {name: Frequency}
#     MSAS:
#       __class__: astropy.units.quantity.Quantity
#       unit: !astropy.units.Unit {unit: mag / arcsec2}
#       value: !astropy.table.SerializedColumn {name: MSAS}
#     Moon Alt:
#       __class__: astropy.units.quantity.Quantity
#       unit: &id002 !astropy.units.Unit {unit: deg}
#       value: !astropy.table.SerializedColumn {name: Moon Alt}
#     Sky Temperature:
#       __class__: astropy.units.quantity.Quantity
#       unit: *id001
#       value: !astropy.table.SerializedColumn {name: Sky Temperature}
#     Sun Alt:
#       __class__: astropy.units.quantity.Quantity
#       unit: *id002
#       value: !astropy.table.SerializedColumn {name: Sun Alt}
#     time:
#       __class__: astropy.time.core.Time
#       format: isot
#       in_subfmt: '*'
#       out_subfmt: '*'
#       precision: 3
#       scale: utc
#       value: !astropy.table.SerializedColumn {name: time}
# schema: astropy-2.0
time,Enclosure Temperature,Sky Temperature,Frequency,MSAS,ZP,Sequence Number,Sun Alt,Moon Alt,Moon Illumination
[from data line 5379]
2024-04-08T21:53:13.000,14.43,-13.88,0.47,21.08,20.27,53154,-30.93,-30.0,0.0
2024-04-08T21:54:13.000,14.45,-13.77,0.47,21.08,20.27,53155,-31.06,-30.0,0.0
2024-04-08T21:55:13.000,14.44,-13.92,0.47,21.09,20.27,53156,-31.2,-30.0,0.0
2024-04-08T21:56:13.000,14.39,-13.86,0.47,21.09,20.27,53157,-31.33,-30.0,0.0
2024-04-08T21:57:13.000,14.41,-13.86,0.47,21.09,20.27,53158,-31.47,-30.0,0.0
2024-04-08T21:58:13.000,14.39,-13.86,0.47,21.09,20.27,53159,-31.6,-30.0,0.0
2024-04-08T21:59:14.000,14.41,-13.88,0.47,21.09,20.27,53160,-31.74,-31.0,0.0
2024-04-08T22:00:14.000,14.39,-13.87,0.47,21.09,20.27,53161,-31.87,-31.0,0.0
2024-04-08T22:01:14.000,14.32,-13.91,0.47,21.1,20.27,53162,-32.0,-31.0,0.0
2024-04-08T22:02:14.000,14.27,-13.91,0.47,21.1,20.27,53163,-32.13,-31.0,0.0
2024-04-08T22:03:15.000,14.24,-13.98,0.47,21.1,20.27,53164,-32.27,-31.0,0.0
2024-04-08T22:04:14.000,14.24,-13.89,0.47,21.1,20.27,53165,-32.4,-31.0,0.0
2024-04-08T22:05:15.000,14.23,-13.95,0.47,21.1,20.27,53166,-32.53,-31.0,0.0
2024-04-08T22:06:15.000,14.19,-14.01,0.46,21.1,20.27,53167,-32.66,-31.0,0.0
2024-04-08T22:07:15.000,14.13,-14.03,0.46,21.11,20.27,53168,-32.79,-32.0,0.0
2024-04-08T22:08:15.000,14.08,-14.11,0.46,21.11,20.27,53169,-32.91,-32.0,0.0
2024-04-08T22:09:15.000,14.06,-14.19,0.46,21.11,20.27,53170,-33.04,-32.0,0.0
2024-04-08T22:10:15.000,14.02,-14.16,0.46,21.11,20.27,53171,-33.17,-32.0,0.0
2024-04-08T22:11:15.000,13.96,-14.22,0.46,21.11,20.27,53172,-33.29,-32.0,0.0
2024-04-08T22:12:15.000,13.91,-14.28,0.46,21.11,20.27,53173,-33.42,-32.0,0.0
2024-04-08T22:13:15.000,13.86,-14.29,0.46,21.11,20.27,53174,-33.54,-32.0,0.0
2024-04-08T22:14:16.000,13.84,-14.28,0.46,21.11,20.27,53175,-33.67,-32.0,0.0
2024-04-08T22:15:16.000,13.87,-14.25,0.46,21.11,20.27,53176,-33.79,-32.0,0.0
2024-04-08T22:16:16.000,13.87,-14.23,0.46,21.11,20.27,53177,-33.92,-33.0,0.0
2024-04-08T22:17:16.000,13.89,-14.21,0.46,21.11,20.27,53178,-34.04,-33.0,0.0
2024-04-08T22:18:16.000,13.92,-14.18,0.46,21.11,20.27,53179,-34.16,-33.0,0.0
2024-04-08T22:19:16.000,13.94,-14.24,0.46,21.11,20.27,53180,-34.28,-33.0,0.0
2024-04-08T22:20:16.000,13.95,-14.37,0.46,21.12,20.27,53181,-34.4,-33.0,0.0
2024-04-08T22:21:16.000,13.97,-14.37,0.46,21.12,20.27,53182,-34.52,-33.0,0.0
2024-04-08T22:22:16.000,14.02,-14.37,0.46,21.12,20.27,53183,-34.64,-33.0,0.0
2024-04-08T22:23:16.000,13.99,-14.54,0.46,21.12,20.27,53184,-34.76,-33.0,0.0
2024-04-08T22:24:17.000,13.94,-14.37,0.46,21.12,20.27,53185,-34.88,-34.0,0.0
2024-04-08T22:25:17.000,13.91,-14.35,0.46,21.12,20.27,53186,-34.99,-34.0,0.0
2024-04-08T22:26:17.000,13.89,-14.43,0.46,21.12,20.27,53187,-35.11,-34.0,0.0
2024-04-08T22:27:17.000,13.85,-14.4,0.45,21.13,20.27,53188,-35.22,-34.0,0.0
2024-04-08T22:28:17.000,13.82,-14.4,0.45,21.13,20.27,53189,-35.34,-34.0,0.0
2024-04-08T22:29:17.000,13.83,-14.33,0.45,21.13,20.27,53190,-35.45,-34.0,0.0
2024-04-08T22:30:17.000,13.83,-14.36,0.45,21.13,20.27,53191,-35.57,-34.0,0.0
2024-04-08T22:31:17.000,13.78,-14.48,0.45,21.13,20.27,53192,-35.68,-34.0,0.0
2024-04-08T22:32:17.000,13.8,-14.44,0.45,21.14,20.27,53193,-35.79,-34.0,0.0
2024-04-08T22:33:17.000,13.8,-14.49,0.45,21.14,20.27,53194,-35.9,-34.0,0.0
2024-04-08T22:34:17.000,13.78,-14.51,0.45,21.14,20.27,53195,-36.01,-35.0,0.0
2024-04-08T22:35:18.000,13.75,-14.47,0.45,21.14,20.27,53196,-36.12,-35.0,0.0
2024-04-08T22:36:18.000,13.74,-14.39,0.45,21.14,20.27,53197,-36.23,-35.0,0.0
2024-04-08T22:37:18.000,13.77,-14.42,0.45,21.15,20.27,53198,-36.34,-35.0,0.001
2024-04-08T22:38:18.000,13.81,-14.47,0.45,21.15,20.27,53199,-36.44,-35.0,0.001
2024-04-08T22:39:18.000,13.81,-14.57,0.45,21.15,20.27,53200,-36.55,-35.0,0.001
2024-04-08T22:40:18.000,13.77,-14.63,0.45,21.15,20.27,53201,-36.66,-35.0,0.001
2024-04-08T22:41:18.000,13.74,-14.47,0.44,21.15,20.27,53202,-36.76,-35.0,0.001
2024-04-08T22:42:18.000,13.75,-14.48,0.44,21.15,20.27,53203,-36.86,-35.0,0.001
2024-04-08T22:43:18.000,13.76,-14.57,0.44,21.16,20.27,53204,-36.97,-36.0,0.001
2024-04-08T22:44:18.000,13.76,-14.57,0.44,21.16,20.27,53205,-37.07,-36.0,0.001
2024-04-08T22:45:19.000,13.74,-14.64,0.44,21.17,20.27,53206,-37.17,-36.0,0.001
2024-04-08T22:46:19.000,13.74,-14.71,0.44,21.16,20.27,53207,-37.27,-36.0,0.001
2024-04-08T22:47:19.000,13.74,-14.79,0.44,21.17,20.27,53208,-37.37,-36.0,0.001
2024-04-08T22:48:19.000,13.72,-14.8,0.44,21.17,20.27,53209,-37.47,-36.0,0.001
2024-04-08T22:49:19.000,13.7,-14.85,0.44,21.17,20.27,53210,-37.57,-36.0,0.001
2024-04-08T22:50:19.000,13.68,-14.89,0.44,21.17,20.27,53211,-37.67,-36.0,0.001
2024-04-08T22:51:19.000,13.61,-14.89,0.43,21.18,20.27,53212,-37.76,-36.0,0.001
2024-04-08T22:52:20.000,13.57,-14.9,0.43,21.18,20.27,53213,-37.86,-36.0,0.001
2024-04-08T22:53:19.000,13.5,-14.92,0.43,21.18,20.27,53214,-37.95,-36.0,0.001
2024-04-08T22:54:20.000,13.42,-14.95,0.43,21.18,20.27,53215,-38.05,-37.0,0.001
2024-04-08T22:55:20.000,13.38,-15.03,0.43,21.18,20.27,53216,-38.14,-37.0,0.001
2024-04-08T22:56:20.000,13.36,-15.06,0.43,21.19,20.27,53217,-38.24,-37.0,0.001
2024-04-08T22:57:20.000,13.33,-15.02,0.43,21.19,20.27,53218,-38.33,-37.0,0.001
2024-04-08T22:58:20.000,13.28,-15.12,0.43,21.19,20.27,53219,-38.42,-37.0,0.001
2024-04-08T22:59:20.000,13.31,-15.12,0.43,21.19,20.27,53220,-38.51,-37.0,0.001
2024-04-08T23:00:20.000,13.29,-15.26,0.43,21.19,20.27,53221,-38.6,-37.0,0.001
2024-04-08T23:01:20.000,13.27,-15.24,0.43,21.19,20.27,53222,-38.68,-37.0,0.001
2024-04-08T23:02:20.000,13.22,-15.26,0.43,21.19,20.27,53223,-38.77,-37.0,0.001
2024-04-08T23:03:20.000,13.19,-15.25,0.43,21.19,20.27,53224,-38.86,-37.0,0.001
2024-04-08T23:04:20.000,13.17,-15.33,0.43,21.18,20.27,53225,-38.94,-37.0,0.001
2024-04-08T23:05:20.000,13.18,-15.38,0.43,21.19,20.27,53226,-39.03,-37.0,0.001
2024-04-08T23:06:21.000,13.14,-15.56,0.43,21.19,20.27,53227,-39.11,-38.0,0.001
2024-04-08T23:07:21.000,13.1,-15.51,0.43,21.18,20.27,53228,-39.19,-38.0,0.001
2024-04-08T23:08:21.000,13.09,-15.43,0.43,21.18,20.27,53229,-39.27,-38.0,0.001
2024-04-08T23:09:21.000,13.11,-15.52,0.43,21.18,20.27,53230,-39.35,-38.0,0.001
2024-04-08T23:10:21.000,13.11,-15.53,0.43,21.18,20.27,53231,-39.43,-38.0,0.001
2024-04-08T23:11:21.000,13.06,-15.53,0.43,21.17,20.27,53232,-39.51,-38.0,0.001
2024-04-08T23:12:21.000,13.04,-15.58,0.44,21.17,20.27,53233,-39.59,-38.0,0.001
2024-04-08T23:13:21.000,13.02,-15.57,0.44,21.17,20.27,53234,-39.67,-38.0,0.001
2024-04-08T23:14:21.000,13.03,-15.57,0.44,21.17,20.27,53235,-39.74,-38.0,0.001
2024-04-08T23:15:21.000,13.07,-15.58,0.44,21.17,20.27,53236,-39.82,-38.0,0.001
2024-04-08T23:16:21.000,13.08,-15.58,0.44,21.17,20.27,53237,-39.89,-38.0,0.001
2024-04-08T23:17:21.000,13.12,-15.58,0.44,21.17,20.27,53238,-39.97,-38.0,0.001
2024-04-08T23:18:22.000,13.13,-15.71,0.44,21.17,20.27,53239,-40.04,-38.0,0.001
2024-04-08T23:19:22.000,13.13,-15.7,0.44,21.17,20.27,53240,-40.11,-39.0,0.001
2024-04-08T23:20:22.000,13.08,-15.79,0.44,21.17,20.27,53241,-40.18,-39.0,0.001
2024-04-08T23:21:22.000,13.03,-15.84,0.44,21.17,20.27,53242,-40.25,-39.0,0.001
2024-04-08T23:22:22.000,13.0,-15.76,0.44,21.17,20.27,53243,-40.32,-39.0,0.001
2024-04-08T23:23:22.000,12.98,-15.8,0.44,21.17,20.27,53244,-40.39,-39.0,0.001
2024-04-08T23:24:22.000,12.97,-15.91,0.44,21.17,20.27,53245,-40.45,-39.0,0.001
2024-04-08T23:25:22.000,12.95,-15.93,0.44,21.17,20.27,53246,-40.52,-39.0,0.001
2024-04-08T23:26:23.000,12.91,-16.02,0.44,21.17,20.27,53247,-40.58,-39.0,0.001
2024-04-08T23:27:23.000,12.86,-15.93,0.44,21.17,20.27,53248,-40.65,-39.0,0.001
2024-04-08T23:28:23.000,12.85,-15.98,0.44,21.16,20.27,53249,-40.71,-39.0,0.001
2024-04-08T23:29:23.000,12.82,-15.98,0.44,21.16,20.27,53250,-40.77,-39.0,0.001
2024-04-08T23:30:23.000,12.77,-16.03,0.44,21.17,20.27,53251,-40.83,-39.0,0.001
2024-04-08T23:31:23.000,12.72,-16.05,0.44,21.16,20.27,53252,-40.89,-39.0,0.001
2024-04-08T23:32:23.000,12.68,-15.98,0.44,21.16,20.27,53253,-40.95,-39.0,0.001
2024-04-08T23:33:24.000,12.66,-16.01,0.44,21.16,20.27,53254,-41.01,-39.0,0.001
2024-04-08T23:34:24.000,12.65,-15.94,0.44,21.17,20.27,53255,-41.06,-40.0,0.001
2024-04-08T23:35:24.000,12.65,-15.99,0.44,21.17,20.27,53256,-41.12,-40.0,0.001
2024-04-08T23:36:24.000,12.64,-15.96,0.44,21.17,20.27,53257,-41.17,-40.0,0.001
2024-04-08T23:37:24.000,12.63,-15.99,0.44,21.17,20.27,53258,-41.22,-40.0,0.001
2024-04-08T23:38:24.000,12.61,-15.91,0.44,21.16,20.27,53259,-41.28,-40.0,0.001
2024-04-08T23:39:24.000,12.6,-15.95,0.44,21.17,20.27,53260,-41.33,-40.0,0.001
2024-04-08T23:40:24.000,12.58,-16.03,0.44,21.17,20.27,53261,-41.38,-40.0,0.001
2024-04-08T23:41:24.000,12.51,-16.08,0.43,21.17,20.27,53262,-41.43,-40.0,0.001
2024-04-08T23:42:25.000,12.48,-15.95,0.43,21.18,20.27,53263,-41.47,-40.0,0.001
2024-04-08T23:43:25.000,12.5,-15.98,0.43,21.18,20.27,53264,-41.52,-40.0,0.001
2024-04-08T23:44:25.000,12.5,-16.17,0.43,21.18,20.27,53265,-41.57,-40.0,0.001
2024-04-08T23:45:25.000,12.47,-16.01,0.43,21.18,20.27,53266,-41.61,-40.0,0.001
2024-04-08T23:46:25.000,12.46,-15.99,0.43,21.19,20.27,53267,-41.66,-40.0,0.001
2024-04-08T23:47:25.000,12.46,-15.89,0.43,21.19,20.27,53268,-41.7,-40.0,0.001
2024-04-08T23:48:25.000,12.5,-15.99,0.43,21.19,20.27,53269,-41.74,-40.0,0.001
2024-04-08T23:49:25.000,12.49,-16.1,0.43,21.19,20.27,53270,-41.78,-40.0,0.001
2024-04-08T23:50:25.000,12.47,-16.07,0.43,21.19,20.27,53271,-41.82,-40.0,0.001
2024-04-08T23:51:26.000,12.46,-16.0,0.43,21.19,20.27,53272,-41.86,-40.0,0.001
2024-04-08T23:52:26.000,12.45,-16.02,0.43,21.19,20.27,53273,-41.9,-40.0,0.001
2024-04-08T23:53:26.000,12.46,-15.93,0.43,21.2,20.27,53274,-41.93,-40.0,0.001
2024-04-08T23:54:26.000,12.46,-16.0,0.43,21.2,20.27,53275,-41.97,-40.0,0.001
2024-04-08T23:55:26.000,12.44,-16.09,0.43,21.2,20.27,53276,-42.0,-41.0,0.001
2024-04-08T23:56:26.000,12.43,-16.09,0.42,21.2,20.27,53277,-42.03,-41.0,0.001
2024-04-08T23:57:26.000,12.4,-16.17,0.42,21.2,20.27,53278,-42.06,-41.0,0.001
2024-04-08T23:58:26.000,12.36,-16.2,0.42,21.2,20.27,53279,-42.1,-41.0,0.001
2024-04-08T23:59:26.000,12.31,-16.2,0.42,21.21,20.27,53280,-42.12,-41.0,0.001
2024-04-09T00:00:26.000,12.33,-16.0,0.42,21.21,20.27,53281,-42.15,-41.0,0.001
2024-04-09T00:01:26.000,12.37,-16.14,0.42,21.21,20.27,53282,-42.18,-41.0,0.001
2024-04-09T00:02:26.000,12.37,-16.11,0.42,21.21,20.27,53283,-42.21,-41.0,0.001
2024-04-09T00:03:26.000,12.37,-16.04,0.42,21.21,20.27,53284,-42.23,-41.0,0.001
2024-04-09T00:04:27.000,12.33,-16.11,0.42,21.21,20.27,53285,-42.26,-41.0,0.001
2024-04-09T00:05:27.000,12.31,-16.1,0.42,21.21,20.27,53286,-42.28,-41.0,0.001
2024-04-09T00:06:27.000,12.29,-16.07,0.42,21.21,20.27,53287,-42.3,-41.0,0.001
2024-04-09T00:07:27.000,12.26,-16.06,0.42,21.21,20.27,53288,-42.32,-41.0,0.001
2024-04-09T00:08:27.000,12.24,-16.02,0.42,21.21,20.27,53289,-42.34,-41.0,0.001
2024-04-09T00:09:27.000,12.24,-15.9,0.42,21.21,20.27,53290,-42.36,-41.0,0.001
2024-04-09T00:10:27.000,12.26,-15.85,0.42,21.21,20.27,53291,-42.38,-41.0,0.001
2024-04-09T00:11:27.000,12.24,-15.88,0.42,21.21,20.27,53292,-42.39,-41.0,0.001
2024-04-09T00:12:27.000,12.21,-15.87,0.42,21.21,20.27,53293,-42.41,-41.0,0.001
2024-04-09T00:13:27.000,12.17,-15.81,0.42,21.21,20.27,53294,-42.42,-41.0,0.001
2024-04-09T00:14:27.000,12.14,-15.84,0.42,21.21,20.27,53295,-42.43,-41.0,0.001
2024-04-09T00:15:27.000,12.1,-15.86,0.42,21.21,20.27,53296,-42.45,-41.0,0.001
2024-04-09T00:16:27.000,12.11,-15.87,0.42,21.21,20.27,53297,-42.46,-41.0,0.001
2024-04-09T00:17:28.000,12.1,-15.92,0.42,21.21,20.27,53298,-42.47,-41.0,0.001
2024-04-09T00:18:28.000,12.08,-15.99,0.42,21.21,20.27,53299,-42.47,-41.0,0.001
2024-04-09T00:19:28.000,12.05,-15.97,0.42,21.21,20.27,53300,-42.48,-41.0,0.001
2024-04-09T00:20:28.000,12.03,-15.88,0.42,21.21,20.27,53301,-42.49,-41.0,0.001
2024-04-09T00:21:28.000,12.0,-15.94,0.42,21.21,20.27,53302,-42.49,-41.0,0.001
2024-04-09T00:22:28.000,11.97,-15.94,0.42,21.21,20.27,53303,-42.5,-41.0,0.001
2024-04-09T00:23:28.000,11.93,-16.04,0.42,21.21,20.27,53304,-42.5,-41.0,0.001
2024-04-09T00:24:28.000,11.89,-16.04,0.42,21.21,20.27,53305,-42.5,-41.0,0.001
2024-04-09T00:25:28.000,11.83,-16.07,0.42,21.2,20.27,53306,-42.5,-41.0,0.001
2024-04-09T00:26:28.000,11.76,-16.18,0.42,21.2,20.27,53307,-42.5,-41.0,0.001
2024-04-09T00:27:29.000,11.71,-16.17,0.42,21.2,20.27,53308,-42.5,-41.0,0.001
2024-04-09T00:28:29.000,11.67,-16.27,0.42,21.2,20.27,53309,-42.5,-41.0,0.001
2024-04-09T00:29:29.000,11.59,-16.33,0.42,21.2,20.27,53310,-42.49,-41.0,0.001
2024-04-09T00:30:29.000,11.54,-16.37,0.42,21.2,20.27,53311,-42.49,-41.0,0.001
2024-04-09T00:31:29.000,11.51,-16.25,0.42,21.2,20.27,53312,-42.48,-41.0,0.001
2024-04-09T00:32:29.000,11.51,-16.23,0.42,21.2,20.27,53313,-42.47,-41.0,0.001
2024-04-09T00:33:29.000,11.52,-16.19,0.43,21.2,20.27,53314,-42.46,-41.0,0.001
2024-04-09T00:34:29.000,11.54,-16.1,0.43,21.19,20.27,53315,-42.45,-41.0,0.001
2024-04-09T00:35:29.000,11.55,-16.05,0.43,21.19,20.27,53316,-42.44,-41.0,0.001
2024-04-09T00:36:29.000,11.55,-16.01,0.43,21.19,20.27,53317,-42.43,-41.0,0.001
2024-04-09T00:37:30.000,11.56,-16.05,0.43,21.19,20.27,53318,-42.42,-41.0,0.001
2024-04-09T00:38:30.000,11.55,-16.03,0.43,21.19,20.27,53319,-42.4,-41.0,0.001
2024-04-09T00:39:30.000,11.54,-15.84,0.43,21.19,20.27,53320,-42.39,-41.0,0.001
2024-04-09T00:40:30.000,11.54,-15.72,0.43,21.19,20.27,53321,-42.37,-41.0,0.001
2024-04-09T00:41:30.000,11.53,-15.87,0.43,21.19,20.27,53322,-42.35,-41.0,0.001
2024-04-09T00:42:30.000,11.53,-16.05,0.43,21.19,20.27,53323,-42.34,-41.0,0.001
2024-04-09T00:43:30.000,11.54,-16.21,0.43,21.19,20.27,53324,-42.32,-41.0,0.001
2024-04-09T00:44:30.000,11.55,-16.34,0.43,21.2,20.27,53325,-42.3,-41.0,0.001
2024-04-09T00:45:30.000,11.53,-16.33,0.43,21.2,20.27,53326,-42.27,-41.0,0.001
2024-04-09T00:46:30.000,11.52,-16.37,0.43,21.2,20.27,53327,-42.25,-41.0,0.001
2024-04-09T00:47:31.000,11.5,-16.45,0.43,21.2,20.27,53328,-42.23,-41.0,0.001
2024-04-09T00:48:31.000,11.45,-16.5,0.43,21.2,20.27,53329,-42.2,-41.0,0.001
2024-04-09T00:49:31.000,11.42,-16.57,0.43,21.2,20.27,53330,-42.17,-41.0,0.001
2024-04-09T00:50:31.000,11.39,-16.6,0.42,21.2,20.27,53331,-42.15,-41.0,0.001
2024-04-09T00:51:31.000,11.37,-16.66,0.42,21.21,20.27,53332,-42.12,-41.0,0.001
2024-04-09T00:52:31.000,11.34,-16.8,0.43,21.2,20.27,53333,-42.09,-41.0,0.001
2024-04-09T00:53:31.000,11.32,-16.83,0.43,21.2,20.27,53334,-42.06,-41.0,0.001
2024-04-09T00:54:31.000,11.31,-16.84,0.43,21.2,20.27,53335,-42.02,-41.0,0.001
2024-04-09T00:55:31.000,11.29,-16.96,0.43,21.19,20.27,53336,-41.99,-41.0,0.001
2024-04-09T00:56:31.000,11.28,-17.03,0.43,21.19,20.27,53337,-41.96,-41.0,0.001
2024-04-09T00:57:31.000,11.29,-17.1,0.43,21.19,20.27,53338,-41.92,-41.0,0.001
2024-04-09T00:58:31.000,11.28,-17.17,0.43,21.19,20.27,53339,-41.89,-41.0,0.001
2024-04-09T00:59:32.000,11.26,-17.19,0.43,21.19,20.27,53340,-41.85,-41.0,0.001
2024-04-09T01:00:32.000,11.26,-17.16,0.43,21.19,20.27,53341,-41.81,-41.0,0.001
2024-04-09T01:01:32.000,11.27,-17.35,0.43,21.19,20.27,53342,-41.77,-41.0,0.001
2024-04-09T01:02:32.000,11.24,-17.41,0.43,21.19,20.27,53343,-41.73,-41.0,0.001
2024-04-09T01:03:32.000,11.25,-17.4,0.43,21.19,20.27,53344,-41.69,-41.0,0.001
2024-04-09T01:04:32.000,11.29,-17.3,0.43,21.19,20.27,53345,-41.64,-41.0,0.001
2024-04-09T01:05:32.000,11.31,-17.54,0.43,21.19,20.27,53346,-41.6,-41.0,0.001
2024-04-09T01:06:32.000,11.29,-17.54,0.43,21.19,20.27,53347,-41.56,-41.0,0.001
2024-04-09T01:07:32.000,11.27,-17.58,0.43,21.19,20.27,53348,-41.51,-41.0,0.001
2024-04-09T01:08:32.000,11.21,-17.56,0.43,21.19,20.27,53349,-41.46,-41.0,0.001
2024-04-09T01:09:33.000,11.14,-17.64,0.43,21.19,20.27,53350,-41.41,-41.0,0.001
2024-04-09T01:10:33.000,11.04,-17.78,0.43,21.19,20.27,53351,-41.36,-41.0,0.001
2024-04-09T01:11:33.000,10.99,-17.73,0.43,21.19,20.27,53352,-41.31,-41.0,0.001
2024-04-09T01:12:33.000,10.97,-17.79,0.43,21.19,20.27,53353,-41.26,-40.0,0.001
2024-04-09T01:13:33.000,10.98,-17.83,0.43,21.19,20.27,53354,-41.21,-40.0,0.001
2024-04-09T01:14:33.000,11.0,-17.76,0.43,21.19,20.27,53355,-41.16,-40.0,0.001
2024-04-09T01:15:33.000,11.03,-17.79,0.43,21.19,20.27,53356,-41.1,-40.0,0.001
2024-04-09T01:16:33.000,11.07,-17.81,0.43,21.2,20.27,53357,-41.05,-40.0,0.001
