ecsv/stars17/stars17_2024-04.ecsv
# %ECSV 1.0
# ---
# datatype:
# - {name: time, datatype: string}
# - {name: Enclosure Temperature, unit: deg_C, datatype: float64}
# - {name: Sky Temperature, unit: deg_C, datatype: float64}
# - {name: Frequency, unit: Hz, datatype: float64}
# - {name: MSAS, unit: mag / arcsec2, datatype: float64}
# - {name: ZP, datatype: float64}
# - {name: Sequence Number, datatype: int64}
# - {name: Sun Alt, unit: deg, datatype: float64}
# - {name: Moon Alt, unit: deg, datatype: float64}
# - {name: Moon Illumination, datatype: float64}
# delimiter: ','
# meta: !!omap
# - ida:
#     Data supplier: {affiliation: null, observer: Amaranta Martin}
#     Device type: TESS-W
#     Field of view: 17.0
#     Filters per channel: None
#     Instrument ID: stars17
#     License: ODbL 1.0 http://opendatacommons.org/licenses/odbl/summary/
#     Local timezone: Europe/Madrid
#     Location name: {country: '- Palacio Viejo de las Corchuelas', place: "Torrej\xF3n el Rubio, C\xE1ceres", region: Spain, sub_region: null,
#       town: null}
#     Measurement direction per channel: {azimuth: 0.0, zenital: 0.0}
#     Moving / Fixed look direction: FIXED
#     Moving / Stationary position: STATIONARY
#     Number of channels: 1
#     Number of fields per line: 8
#     Number of header lines: 35
#     Position: {height: 0.0, latitude: 39.8136576, longitude: -6.0051528}
#     TESS MAC address: 98:F4:AB:B2:7B:53
#     TESS cover offset value: 0.0
#     TESS firmware version: '1.0'
#     TESS zero point: 20.27
#     Time Synchronization: timestamp added by MQTT subscriber
#     URL: http://www.darksky.org/NSBM/sdf1.0.pdf
# - __serialized_columns__:
#     Enclosure Temperature:
#       __class__: astropy.units.quantity.Quantity
#       unit: &id001 !astropy.units.Unit {unit: deg_C}
#       value: !astropy.table.SerializedColumn {name: Enclosure Temperature}
#     Frequency:
#       __class__: astropy.units.quantity.Quantity
#       unit: !astropy.units.Unit {unit: Hz}
#       value: !astropy.table.SerializedColumn {name: Frequency}
#     MSAS:
#       __class__: astropy.units.quantity.Quantity
#       unit: !astropy.units.Unit {unit: mag / arcsec2}
#       value: !astropy.table.SerializedColumn {name: MSAS}
#     Moon Alt:
#       __class__: astropy.units.quantity.Quantity
#       unit: &id002 !astropy.units.Unit {unit: deg}
#       value: !astropy.table.SerializedColumn {name: Moon Alt}
#     Sky Temperature:
#       __class__: astropy.units.quantity.Quantity
#       unit: *id001
#       value: !astropy.table.SerializedColumn {name: Sky Temperature}
#     Sun Alt:
#       __class__: astropy.units.quantity.Quantity
#       unit: *id002
#       value: !astropy.table.SerializedColumn {name: Sun Alt}
#     time:
#       __class__: astropy.time.core.Time
#       format: isot
#       in_subfmt: '*'
#       out_subfmt: '*'
#       precision: 3
#       scale: utc
#       value: !astropy.table.SerializedColumn {name: time}
# schema: astropy-2.0
time,Enclosure Temperature,Sky Temperature,Frequency,MSAS,ZP,Sequence Number,Sun Alt,Moon Alt,Moon Illumination
[from data line 1446]
2024-04-03T00:57:54.000,12.13,-13.67,0.37,21.34,20.27,44719,-44.21,-23.0,0.402
2024-04-03T00:58:54.000,12.09,-13.61,0.37,21.34,20.27,44720,-44.17,-23.0,0.402
2024-04-03T00:59:55.000,12.05,-13.67,0.37,21.34,20.27,44721,-44.14,-23.0,0.402
2024-04-03T01:00:55.000,11.97,-13.73,0.37,21.34,20.27,44722,-44.1,-23.0,0.402
2024-04-03T01:01:55.000,11.94,-13.67,0.37,21.34,20.27,44723,-44.06,-22.0,0.402
2024-04-03T01:02:55.000,11.9,-13.56,0.37,21.34,20.27,44724,-44.02,-22.0,0.402
2024-04-03T01:03:55.000,11.9,-13.64,0.37,21.34,20.27,44725,-43.97,-22.0,0.402
2024-04-03T01:04:55.000,11.86,-13.84,0.37,21.34,20.27,44726,-43.93,-22.0,0.401
2024-04-03T01:05:55.000,11.82,-13.79,0.37,21.34,20.27,44727,-43.89,-22.0,0.401
2024-04-03T01:06:55.000,11.77,-13.82,0.37,21.34,20.27,44728,-43.84,-22.0,0.401
2024-04-03T01:07:55.000,11.72,-13.93,0.37,21.34,20.27,44729,-43.79,-21.0,0.401
2024-04-03T01:08:55.000,11.67,-14.01,0.37,21.34,20.27,44730,-43.75,-21.0,0.401
2024-04-03T01:09:55.000,11.62,-13.97,0.37,21.34,20.27,44731,-43.7,-21.0,0.401
2024-04-03T01:10:56.000,11.62,-13.95,0.37,21.34,20.27,44732,-43.65,-21.0,0.401
2024-04-03T01:11:56.000,11.62,-13.89,0.37,21.34,20.27,44733,-43.6,-21.0,0.401
2024-04-03T01:12:56.000,11.61,-13.94,0.37,21.34,20.27,44734,-43.55,-20.0,0.401
2024-04-03T01:13:56.000,11.58,-13.88,0.38,21.33,20.27,44735,-43.49,-20.0,0.401
2024-04-03T01:14:56.000,11.6,-13.76,0.37,21.34,20.27,44736,-43.44,-20.0,0.401
2024-04-03T01:15:56.000,11.65,-13.88,0.37,21.34,20.27,44737,-43.38,-20.0,0.401
2024-04-03T01:16:56.000,11.68,-13.71,0.37,21.34,20.27,44738,-43.33,-20.0,0.401
2024-04-03T01:17:56.000,11.68,-13.9,0.37,21.33,20.27,44739,-43.27,-20.0,0.4
2024-04-03T01:18:56.000,11.67,-13.75,0.37,21.34,20.27,44740,-43.21,-19.0,0.4
2024-04-03T01:19:56.000,11.67,-13.75,0.38,21.33,20.27,44741,-43.15,-19.0,0.4
2024-04-03T01:20:57.000,11.66,-13.79,0.38,21.33,20.27,44742,-43.09,-19.0,0.4
2024-04-03T01:21:57.000,11.67,-13.66,0.38,21.33,20.27,44743,-43.03,-19.0,0.4
2024-04-03T01:22:57.000,11.67,-13.7,0.38,21.33,20.27,44744,-42.97,-19.0,0.4
2024-04-03T01:23:57.000,11.68,-13.69,0.38,21.32,20.27,44745,-42.9,-19.0,0.4
2024-04-03T01:24:57.000,11.7,-13.6,0.38,21.32,20.27,44746,-42.84,-18.0,0.4
2024-04-03T01:25:57.000,11.73,-13.64,0.38,21.32,20.27,44747,-42.77,-18.0,0.4
2024-04-03T01:26:57.000,11.74,-13.58,0.38,21.32,20.27,44748,-42.7,-18.0,0.4
2024-04-03T01:27:57.000,11.76,-13.44,0.38,21.32,20.27,44749,-42.64,-18.0,0.4
2024-04-03T01:28:57.000,11.86,-13.35,0.38,21.32,20.27,44750,-42.57,-18.0,0.4
2024-04-03T01:29:57.000,11.9,-13.56,0.38,21.31,20.27,44751,-42.5,-17.0,0.4
2024-04-03T01:30:57.000,11.92,-13.58,0.38,21.32,20.27,44752,-42.43,-17.0,0.399
2024-04-03T01:31:57.000,11.93,-13.53,0.38,21.32,20.27,44753,-42.36,-17.0,0.399
2024-04-03T01:32:58.000,11.94,-13.57,0.38,21.32,20.27,44754,-42.28,-17.0,0.399
2024-04-03T01:33:58.000,11.93,-13.6,0.38,21.32,20.27,44755,-42.21,-17.0,0.399
2024-04-03T01:34:58.000,11.92,-13.47,0.38,21.32,20.27,44756,-42.13,-17.0,0.399
2024-04-03T01:35:58.000,11.94,-13.6,0.38,21.32,20.27,44757,-42.06,-16.0,0.399
2024-04-03T01:36:58.000,11.97,-13.61,0.38,21.32,20.27,44758,-41.98,-16.0,0.399
2024-04-03T01:37:58.000,11.98,-13.57,0.38,21.33,20.27,44759,-41.9,-16.0,0.399
2024-04-03T01:38:58.000,12.0,-13.5,0.38,21.33,20.27,44760,-41.82,-16.0,0.399
2024-04-03T01:39:58.000,12.03,-13.44,0.38,21.33,20.27,44761,-41.74,-16.0,0.399
2024-04-03T01:40:58.000,12.08,-13.31,0.38,21.33,20.27,44762,-41.66,-16.0,0.399
2024-04-03T01:41:58.000,12.16,-13.27,0.37,21.34,20.27,44763,-41.58,-15.0,0.399
2024-04-03T01:42:59.000,12.26,-13.3,0.37,21.34,20.27,44764,-41.5,-15.0,0.399
2024-04-03T01:43:59.000,12.34,-13.36,0.37,21.34,20.27,44765,-41.41,-15.0,0.398
2024-04-03T01:44:59.000,12.38,-13.36,0.37,21.34,20.27,44766,-41.33,-15.0,0.398
2024-04-03T01:45:59.000,12.39,-13.43,0.37,21.34,20.27,44767,-41.24,-15.0,0.398
2024-04-03T01:46:59.000,12.37,-13.51,0.37,21.34,20.27,44768,-41.16,-15.0,0.398
2024-04-03T01:47:59.000,12.34,-13.53,0.37,21.34,20.27,44769,-41.07,-14.0,0.398
2024-04-03T01:48:59.000,12.29,-13.55,0.37,21.34,20.27,44770,-40.98,-14.0,0.398
2024-04-03T01:49:59.000,12.26,-13.66,0.37,21.34,20.27,44771,-40.89,-14.0,0.398
2024-04-03T01:50:59.000,12.2,-13.67,0.37,21.35,20.27,44772,-40.8,-14.0,0.398
2024-04-03T01:51:59.000,12.16,-13.6,0.37,21.35,20.27,44773,-40.71,-14.0,0.398
2024-04-03T01:52:59.000,12.14,-13.42,0.37,21.35,20.27,44774,-40.62,-14.0,0.398
2024-04-03T01:54:00.000,12.13,-13.56,0.37,21.34,20.27,44775,-40.53,-13.0,0.398
2024-04-03T01:55:00.000,12.1,-13.49,0.37,21.34,20.27,44776,-40.43,-13.0,0.398
2024-04-03T01:56:00.000,12.08,-13.46,0.37,21.34,20.27,44777,-40.34,-13.0,0.398
2024-04-03T01:57:00.000,12.11,-13.35,0.38,21.33,20.27,44778,-40.24,-13.0,0.397
2024-04-03T01:58:00.000,12.17,-13.46,0.37,21.34,20.27,44779,-40.15,-13.0,0.397
2024-04-03T01:59:00.000,12.21,-13.59,0.38,21.33,20.27,44780,-40.05,-13.0,0.397
2024-04-03T02:00:00.000,12.19,-13.69,0.38,21.33,20.27,44781,-39.95,-12.0,0.397
2024-04-03T02:01:00.000,12.15,-13.75,0.38,21.33,20.27,44782,-39.85,-12.0,0.397
2024-04-03T02:02:00.000,12.12,-13.59,0.38,21.33,20.27,44783,-39.75,-12.0,0.397
2024-04-03T02:03:01.000,12.1,-13.58,0.38,21.33,20.27,44784,-39.65,-12.0,0.397
2024-04-03T02:04:01.000,12.07,-13.54,0.38,21.33,20.27,44785,-39.55,-12.0,0.397
2024-04-03T02:05:01.000,12.11,-13.32,0.38,21.33,20.27,44786,-39.45,-12.0,0.397
2024-04-03T02:06:01.000,12.16,-13.52,0.38,21.33,20.27,44787,-39.34,-11.0,0.397
2024-04-03T02:07:01.000,12.18,-13.4,0.38,21.33,20.27,44788,-39.24,-11.0,0.397
2024-04-03T02:08:01.000,12.2,-13.44,0.38,21.33,20.27,44789,-39.14,-11.0,0.397
2024-04-03T02:09:01.000,12.23,-13.45,0.38,21.32,20.27,44790,-39.03,-11.0,0.397
2024-04-03T02:10:01.000,12.26,-13.5,0.38,21.32,20.27,44791,-38.92,-11.0,0.396
2024-04-03T02:11:01.000,12.27,-13.56,0.38,21.32,20.27,44792,-38.82,-11.0,0.396
2024-04-03T02:12:02.000,12.26,-13.65,0.38,21.32,20.27,44793,-38.71,-10.0,0.396
2024-04-03T02:13:02.000,12.24,-13.67,0.38,21.31,20.27,44794,-38.6,-10.0,0.396
2024-04-03T02:14:02.000,12.24,-13.6,0.38,21.32,20.27,44795,-38.49,-10.0,0.396
2024-04-03T02:15:02.000,12.25,-13.62,0.38,21.31,20.27,44796,-38.38,-10.0,0.396
2024-04-03T02:16:02.000,12.26,-13.67,0.38,21.31,20.27,44797,-38.27,-10.0,0.396
2024-04-03T02:17:02.000,12.24,-13.76,0.38,21.32,20.27,44798,-38.15,-10.0,0.396
2024-04-03T02:18:02.000,12.18,-13.85,0.38,21.32,20.27,44799,-38.04,-9.0,0.396
2024-04-03T02:19:02.000,12.11,-13.89,0.38,21.32,20.27,44800,-37.93,-9.0,0.396
2024-04-03T02:20:02.000,12.05,-13.86,0.38,21.32,20.27,44801,-37.81,-9.0,0.396
2024-04-03T02:21:02.000,11.96,-13.94,0.38,21.32,20.27,44802,-37.7,-9.0,0.396
2024-04-03T02:22:02.000,11.87,-13.96,0.38,21.32,20.27,44803,-37.58,-9.0,0.396
2024-04-03T02:23:03.000,11.77,-13.88,0.38,21.32,20.27,44804,-37.47,-9.0,0.395
2024-04-03T02:24:03.000,11.72,-13.87,0.38,21.32,20.27,44805,-37.35,-8.0,0.395
2024-04-03T02:25:03.000,11.66,-13.9,0.38,21.31,20.27,44806,-37.23,-8.0,0.395
2024-04-03T02:26:03.000,11.62,-13.84,0.38,21.31,20.27,44807,-37.11,-8.0,0.395
2024-04-03T02:27:03.000,11.56,-13.98,0.38,21.31,20.27,44808,-36.99,-8.0,0.395
2024-04-03T02:28:03.000,11.49,-13.94,0.38,21.31,20.27,44809,-36.87,-8.0,0.395
2024-04-03T02:29:03.000,11.42,-13.89,0.38,21.31,20.27,44810,-36.75,-8.0,0.395
2024-04-03T02:30:03.000,11.36,-13.9,0.38,21.31,20.27,44811,-36.63,-7.0,0.395
2024-04-03T02:31:03.000,11.33,-13.72,0.38,21.31,20.27,44812,-36.51,-7.0,0.395
2024-04-03T02:32:03.000,11.29,-13.79,0.39,21.31,20.27,44813,-36.38,-7.0,0.395
2024-04-03T02:33:03.000,11.22,-13.79,0.39,21.31,20.27,44814,-36.26,-7.0,0.395
2024-04-03T02:34:04.000,11.19,-13.72,0.39,21.31,20.27,44815,-36.13,-7.0,0.395
2024-04-03T02:35:04.000,11.16,-13.82,0.39,21.3,20.27,44816,-36.01,-7.0,0.395
2024-04-03T02:36:04.000,11.15,-13.48,0.39,21.3,20.27,44817,-35.88,-6.0,0.394
2024-04-03T02:37:04.000,11.22,-13.41,0.39,21.3,20.27,44818,-35.76,-6.0,0.394
2024-04-03T02:38:04.000,11.32,-13.38,0.39,21.3,20.27,44819,-35.63,-6.0,0.394
2024-04-03T02:39:04.000,11.37,-13.66,0.39,21.3,20.27,44820,-35.5,-6.0,0.394
2024-04-03T02:40:04.000,11.43,-13.49,0.39,21.3,20.27,44821,-35.37,-6.0,0.394
2024-04-03T02:41:04.000,11.46,-13.5,0.39,21.3,20.27,44822,-35.25,-6.0,0.394
2024-04-03T02:42:04.000,11.5,-13.56,0.39,21.29,20.27,44823,-35.12,-5.0,0.394
2024-04-03T02:43:04.000,11.52,-13.58,0.39,21.29,20.27,44824,-34.99,-5.0,0.394
2024-04-03T02:44:05.000,11.55,-13.68,0.39,21.29,20.27,44825,-34.85,-5.0,0.394
2024-04-03T02:45:05.000,11.55,-13.78,0.39,21.29,20.27,44826,-34.72,-5.0,0.394
2024-04-03T02:46:05.000,11.54,-13.86,0.39,21.28,20.27,44827,-34.59,-5.0,0.394
2024-04-03T02:47:05.000,11.53,-13.92,0.39,21.28,20.27,44828,-34.46,-5.0,0.394
2024-04-03T02:48:05.000,11.49,-13.94,0.4,21.28,20.27,44829,-34.32,-4.0,0.394
2024-04-03T02:49:05.000,11.44,-13.99,0.4,21.27,20.27,44830,-34.19,-4.0,0.393
2024-04-03T02:50:05.000,11.39,-13.88,0.4,21.27,20.27,44831,-34.05,-4.0,0.393
2024-04-03T02:51:06.000,11.39,-13.74,0.4,21.26,20.27,44832,-33.92,-4.0,0.393
2024-04-03T02:52:06.000,11.41,-13.48,0.4,21.26,20.27,44833,-33.78,-4.0,0.393
2024-04-03T02:53:06.000,11.56,-13.43,0.4,21.26,20.27,44834,-33.64,-4.0,0.393
2024-04-03T02:54:06.000,11.61,-13.91,0.4,21.25,20.27,44835,-33.51,-4.0,0.393
2024-04-03T02:55:06.000,11.66,-13.76,0.4,21.25,20.27,44836,-33.37,-3.0,0.393
2024-04-03T02:56:06.000,11.66,-13.9,0.41,21.25,20.27,44837,-33.23,-3.0,0.393
2024-04-03T02:57:06.000,11.64,-13.91,0.41,21.24,20.27,44838,-33.09,-3.0,0.393
2024-04-03T02:58:07.000,11.59,-13.93,0.41,21.24,20.27,44839,-32.95,-3.0,0.393
2024-04-03T02:59:07.000,11.56,-13.96,0.41,21.23,20.27,44840,-32.81,-3.0,0.393
2024-04-03T03:00:07.000,11.53,-13.85,0.42,21.22,20.27,44841,-32.67,-3.0,0.393
2024-04-03T03:01:07.000,11.5,-13.99,0.42,21.22,20.27,44842,-32.53,-2.0,0.393
2024-04-03T03:02:07.000,11.44,-14.01,0.42,21.21,20.27,44843,-32.39,-2.0,0.393
2024-04-03T03:03:07.000,11.4,-13.92,0.42,21.2,20.27,44844,-32.25,-2.0,0.392
2024-04-03T03:04:07.000,11.39,-13.9,0.42,21.2,20.27,44845,-32.1,-2.0,0.392
2024-04-03T03:05:07.000,11.37,-13.92,0.43,21.19,20.27,44846,-31.96,-2.0,0.392
2024-04-03T03:06:07.000,11.36,-13.91,0.43,21.19,20.27,44847,-31.82,-2.0,0.392
2024-04-03T03:07:08.000,11.38,-13.89,0.43,21.18,20.27,44848,-31.67,-2.0,0.392
2024-04-03T03:08:08.000,11.37,-14.06,0.43,21.18,20.27,44849,-31.53,-1.0,0.392
2024-04-03T03:09:08.000,11.41,-13.75,0.44,21.17,20.27,44850,-31.38,-1.0,0.392
2024-04-03T03:10:08.000,11.5,-13.85,0.44,21.17,20.27,44851,-31.23,-1.0,0.392
2024-04-03T03:11:08.000,11.54,-14.0,0.44,21.16,20.27,44852,-31.09,-1.0,0.392
2024-04-03T03:12:08.000,11.53,-14.13,0.44,21.15,20.27,44853,-30.94,-1.0,0.392
2024-04-03T03:13:08.000,11.5,-14.22,0.45,21.15,20.27,44854,-30.79,-1.0,0.392
2024-04-03T03:14:08.000,11.45,-14.12,0.45,21.14,20.27,44855,-30.65,-0.0,0.392
2024-04-03T03:15:08.000,11.39,-14.11,0.45,21.13,20.27,44856,-30.5,-0.0,0.392
2024-04-03T03:16:08.000,11.34,-14.17,0.45,21.13,20.27,44857,-30.35,-0.0,0.391
2024-04-03T03:17:08.000,11.3,-14.14,0.46,21.11,20.27,44858,-30.2,0.0,0.391
2024-04-03T03:18:09.000,11.26,-14.09,0.47,21.09,20.27,44859,-30.05,0.0,0.391
2024-04-03T03:19:09.000,11.26,-13.85,0.48,21.07,20.27,44860,-29.9,0.0,0.391
2024-04-03T03:20:09.000,11.3,-13.69,0.48,21.06,20.27,44861,-29.75,0.0,0.391
2024-04-03T03:21:09.000,11.32,-13.54,0.49,21.05,20.27,44862,-29.59,1.0,0.391
2024-04-03T03:22:09.000,11.31,-13.45,0.49,21.04,20.27,44863,-29.44,1.0,0.391
2024-04-03T03:23:09.000,11.31,-13.35,0.5,21.03,20.27,44864,-29.29,1.0,0.391
2024-04-03T03:24:09.000,11.29,-13.39,0.5,21.02,20.27,44865,-29.14,1.0,0.391
2024-04-03T03:25:09.000,11.3,-13.11,0.5,21.02,20.27,44866,-28.98,1.0,0.391
2024-04-03T03:26:09.000,11.31,-13.09,0.5,21.01,20.27,44867,-28.83,1.0,0.391
2024-04-03T03:27:09.000,11.36,-13.09,0.51,21.01,20.27,44868,-28.68,2.0,0.391
2024-04-03T03:28:10.000,11.51,-13.13,0.51,21.0,20.27,44869,-28.52,2.0,0.391
2024-04-03T03:29:10.000,11.62,-13.45,0.51,21.0,20.27,44870,-28.37,2.0,0.39
2024-04-03T03:30:10.000,11.69,-13.58,0.51,20.99,20.27,44871,-28.21,2.0,0.39
2024-04-03T03:31:10.000,11.71,-13.54,0.52,20.98,20.27,44872,-28.05,2.0,0.39
2024-04-03T03:32:10.000,11.77,-13.13,0.52,20.97,20.27,44873,-27.9,2.0,0.39
2024-04-03T03:33:10.000,11.86,-12.53,0.53,20.95,20.27,44874,-27.74,2.0,0.39
2024-04-03T03:34:10.000,11.94,-12.11,0.55,20.93,20.27,44875,-27.58,3.0,0.39
2024-04-03T03:35:10.000,12.03,-11.99,0.55,20.92,20.27,44876,-27.43,3.0,0.39
2024-04-03T03:36:11.000,12.05,-12.2,0.55,20.92,20.27,44877,-27.27,3.0,0.39
2024-04-03T03:37:11.000,12.12,-12.46,0.56,20.9,20.27,44878,-27.11,3.0,0.39
2024-04-03T03:38:11.000,12.2,-12.64,0.55,20.91,20.27,44879,-26.95,3.0,0.39
2024-04-03T03:39:11.000,12.25,-12.47,0.56,20.9,20.27,44880,-26.79,3.0,0.39
2024-04-03T03:40:11.000,12.32,-12.01,0.59,20.85,20.27,44881,-26.63,3.0,0.39
2024-04-03T03:41:11.000,12.36,-11.54,0.62,20.79,20.27,44882,-26.47,4.0,0.39
2024-04-03T03:42:11.000,12.4,-11.4,0.6,20.82,20.27,44883,-26.31,4.0,0.389
2024-04-03T03:43:11.000,12.41,-11.76,0.59,20.85,20.27,44884,-26.15,4.0,0.389
2024-04-03T03:44:11.000,12.37,-12.13,0.59,20.84,20.27,44885,-25.99,4.0,0.389
2024-04-03T03:45:11.000,12.34,-12.59,0.61,20.82,20.27,44886,-25.83,4.0,0.389
2024-04-03T03:46:11.000,12.31,-12.98,0.58,20.86,20.27,44887,-25.66,4.0,0.389
2024-04-03T03:47:12.000,12.28,-13.18,0.58,20.86,20.27,44888,-25.5,4.0,0.389
2024-04-03T03:48:12.000,12.33,-12.93,0.58,20.87,20.27,44889,-25.34,5.0,0.389
2024-04-03T03:49:12.000,12.47,-13.09,0.58,20.86,20.27,44890,-25.17,5.0,0.389
2024-04-03T03:50:12.000,12.52,-13.22,0.58,20.86,20.27,44891,-25.01,5.0,0.389
2024-04-03T03:51:12.000,12.55,-13.06,0.6,20.83,20.27,44892,-24.85,5.0,0.389
2024-04-03T03:52:12.000,12.56,-12.66,0.6,20.82,20.27,44893,-24.68,5.0,0.389
2024-04-03T03:53:12.000,12.55,-12.17,0.61,20.81,20.27,44894,-24.52,5.0,0.389
2024-04-03T03:54:12.000,12.56,-11.95,0.64,20.76,20.27,44895,-24.35,5.0,0.389
2024-04-03T03:55:12.000,12.54,-11.41,0.69,20.67,20.27,44896,-24.19,6.0,0.388
2024-04-03T03:56:13.000,12.59,-10.62,0.69,20.67,20.27,44897,-24.02,6.0,0.388
2024-04-03T03:57:13.000,12.68,-10.66,0.68,20.69,20.27,44898,-23.85,6.0,0.388
2024-04-03T03:58:13.000,12.69,-10.71,0.74,20.59,20.27,44899,-23.69,6.0,0.388
2024-04-03T03:59:13.000,12.69,-10.71,0.7,20.66,20.27,44900,-23.52,6.0,0.388
2024-04-03T04:00:13.000,12.7,-11.04,0.66,20.73,20.27,44901,-23.35,6.0,0.388
2024-04-03T04:01:13.000,12.69,-11.12,0.66,20.73,20.27,44902,-23.19,6.0,0.388
2024-04-03T04:02:13.000,12.7,-10.68,0.75,20.59,20.27,44903,-23.02,7.0,0.388
2024-04-03T04:03:14.000,12.69,-10.08,0.75,20.58,20.27,44904,-22.85,7.0,0.388
2024-04-03T04:04:14.000,12.7,-9.97,0.64,20.75,20.27,44905,-22.68,7.0,0.388
2024-04-03T04:05:14.000,12.7,-10.42,0.65,20.73,20.27,44906,-22.51,7.0,0.388
2024-04-03T04:06:14.000,12.7,-10.94,0.66,20.73,20.27,44907,-22.34,7.0,0.388
2024-04-03T04:07:14.000,12.72,-11.69,0.63,20.77,20.27,44908,-22.17,7.0,0.388
2024-04-03T04:08:14.000,12.73,-12.11,0.64,20.75,20.27,44909,-22.01,7.0,0.387
2024-04-03T04:09:14.000,12.74,-12.25,0.64,20.76,20.27,44910,-21.84,7.0,0.387
2024-04-03T04:10:14.000,12.7,-12.38,0.64,20.75,20.27,44911,-21.67,8.0,0.387
2024-04-03T04:11:14.000,12.66,-12.72,0.67,20.71,20.27,44912,-21.49,8.0,0.387
2024-04-03T04:12:15.000,12.61,-12.57,0.73,20.61,20.27,44913,-21.32,8.0,0.387
2024-04-03T04:14:20.000,12.52,-12.5,0.67,20.7,20.27,44915,-20.96,8.0,0.387
2024-04-03T04:15:20.000,12.48,-12.64,0.67,20.71,20.27,44916,-20.79,8.0,0.387
2024-04-03T04:16:20.000,12.42,-12.89,0.67,20.7,20.27,44917,-20.62,8.0,0.387
2024-04-03T04:17:20.000,12.38,-12.72,0.67,20.7,20.27,44918,-20.45,9.0,0.387
2024-04-03T04:18:21.000,12.36,-12.92,0.67,20.7,20.27,44919,-20.27,9.0,0.387
2024-04-03T04:19:21.000,12.29,-13.22,0.69,20.68,20.27,44920,-20.1,9.0,0.387
2024-04-03T04:20:21.000,12.23,-13.35,0.69,20.67,20.27,44921,-19.93,9.0,0.387
2024-04-03T04:21:21.000,12.15,-13.57,0.69,20.67,20.27,44922,-19.75,9.0,0.386
2024-04-03T04:22:21.000,12.08,-13.65,0.7,20.66,20.27,44923,-19.58,9.0,0.386
2024-04-03T04:23:21.000,11.97,-13.36,0.71,20.64,20.27,44924,-19.41,9.0,0.386
2024-04-03T04:24:21.000,11.89,-12.69,0.73,20.61,20.27,44925,-19.23,9.0,0.386
