ecsv/stars17/stars17_2025-04.ecsv
# %ECSV 1.0
# ---
# datatype:
# - {name: time, datatype: string}
# - {name: Enclosure Temperature, unit: deg_C, datatype: float64}
# - {name: Sky Temperature, unit: deg_C, datatype: float64}
# - {name: Frequency, unit: Hz, datatype: float64}
# - {name: MSAS, unit: mag / arcsec2, datatype: float64}
# - {name: ZP, datatype: float64}
# - {name: Sequence Number, datatype: int64}
# - {name: Sun Alt, unit: deg, datatype: float64}
# - {name: Moon Alt, unit: deg, datatype: float64}
# - {name: Moon Illumination, datatype: float64}
# delimiter: ','
# meta: !!omap
# - ida:
#     Data supplier: {affiliation: null, observer: Amaranta Martin}
#     Device type: TESS-W
#     Field of view: 17.0
#     Filters per channel: None
#     Instrument ID: stars17
#     License: ODbL 1.0 http://opendatacommons.org/licenses/odbl/summary/
#     Local timezone: Europe/Madrid
#     Location name: {country: Spain, place: Palacio Viejo de las Corchuelas, region: null, sub_region: null, town: "Torrej\xF3n el Rubio,\
#         \ C\xE1ceres"}
#     Measurement direction per channel: {azimuth: 0.0, zenital: 0.0}
#     Moving / Fixed look direction: FIXED
#     Moving / Stationary position: STATIONARY
#     Number of channels: 1
#     Number of fields per line: 8
#     Number of header lines: 35
#     Position: {height: 0.0, latitude: 39.8136576, longitude: -6.0051528}
#     TESS MAC address: 98:F4:AB:B2:7B:53
#     TESS cover offset value: 0.0
#     TESS firmware version: '1.0'
#     TESS zero point: 20.27
#     Time Synchronization: timestamp added by MQTT subscriber
#     URL: http://www.darksky.org/NSBM/sdf1.0.pdf
# - __serialized_columns__:
#     Enclosure Temperature:
#       __class__: astropy.units.quantity.Quantity
#       unit: &id001 !astropy.units.Unit {unit: deg_C}
#       value: !astropy.table.SerializedColumn {name: Enclosure Temperature}
#     Frequency:
#       __class__: astropy.units.quantity.Quantity
#       unit: !astropy.units.Unit {unit: Hz}
#       value: !astropy.table.SerializedColumn {name: Frequency}
#     MSAS:
#       __class__: astropy.units.quantity.Quantity
#       unit: !astropy.units.Unit {unit: mag / arcsec2}
#       value: !astropy.table.SerializedColumn {name: MSAS}
#     Moon Alt:
#       __class__: astropy.units.quantity.Quantity
#       unit: &id002 !astropy.units.Unit {unit: deg}
#       value: !astropy.table.SerializedColumn {name: Moon Alt}
#     Sky Temperature:
#       __class__: astropy.units.quantity.Quantity
#       unit: *id001
#       value: !astropy.table.SerializedColumn {name: Sky Temperature}
#     Sun Alt:
#       __class__: astropy.units.quantity.Quantity
#       unit: *id002
#       value: !astropy.table.SerializedColumn {name: Sun Alt}
#     time:
#       __class__: astropy.time.core.Time
#       format: isot
#       in_subfmt: '*'
#       out_subfmt: '*'
#       precision: 3
#       scale: utc
#       value: !astropy.table.SerializedColumn {name: time}
# schema: astropy-2.0
time,Enclosure Temperature,Sky Temperature,Frequency,MSAS,ZP,Sequence Number,Sun Alt,Moon Alt,Moon Illumination
[from data line 17035]
2025-04-26T03:18:14.000,14.96,-5.96,0.48,21.07,20.27,190239,-22.7,-14.0,0.043
2025-04-26T03:19:14.000,14.93,-5.93,0.48,21.07,20.27,190240,-22.56,-14.0,0.043
2025-04-26T03:20:14.000,14.9,-5.93,0.48,21.07,20.27,190241,-22.42,-14.0,0.043
2025-04-26T03:21:14.000,14.88,-5.99,0.48,21.07,20.27,190242,-22.28,-14.0,0.043
2025-04-26T03:22:14.000,14.85,-5.94,0.48,21.07,20.27,190243,-22.14,-13.0,0.043
2025-04-26T03:23:14.000,14.85,-5.88,0.48,21.07,20.27,190244,-21.99,-13.0,0.043
2025-04-26T03:24:14.000,14.86,-5.93,0.48,21.07,20.27,190245,-21.85,-13.0,0.043
2025-04-26T03:25:15.000,14.87,-5.91,0.48,21.07,20.27,190246,-21.7,-13.0,0.043
2025-04-26T03:26:15.000,14.88,-5.91,0.48,21.07,20.27,190247,-21.56,-13.0,0.043
2025-04-26T03:27:15.000,14.88,-6.01,0.48,21.07,20.27,190248,-21.41,-13.0,0.043
2025-04-26T03:28:15.000,14.87,-6.06,0.48,21.06,20.27,190249,-21.27,-12.0,0.043
2025-04-26T03:29:15.000,14.86,-6.04,0.48,21.07,20.27,190250,-21.12,-12.0,0.042
2025-04-26T03:30:15.000,14.83,-5.96,0.48,21.06,20.27,190251,-20.97,-12.0,0.042
2025-04-26T03:31:15.000,14.82,-5.81,0.48,21.06,20.27,190252,-20.83,-12.0,0.042
2025-04-26T03:32:15.000,14.85,-5.76,0.48,21.06,20.27,190253,-20.68,-12.0,0.042
2025-04-26T03:33:15.000,14.86,-5.82,0.49,21.06,20.27,190254,-20.53,-11.0,0.042
2025-04-26T03:34:15.000,14.88,-5.87,0.49,21.06,20.27,190255,-20.38,-11.0,0.042
2025-04-26T03:35:16.000,14.91,-5.92,0.49,21.05,20.27,190256,-20.23,-11.0,0.042
2025-04-26T03:36:16.000,14.9,-6.05,0.49,21.05,20.27,190257,-20.08,-11.0,0.042
2025-04-26T03:37:16.000,14.89,-6.01,0.49,21.05,20.27,190258,-19.93,-11.0,0.042
2025-04-26T03:38:16.000,14.88,-6.03,0.49,21.04,20.27,190259,-19.78,-11.0,0.042
2025-04-26T03:39:16.000,14.86,-5.96,0.5,21.03,20.27,190260,-19.63,-10.0,0.042
2025-04-26T03:40:17.000,14.86,-5.94,0.5,21.02,20.27,190261,-19.48,-10.0,0.042
2025-04-26T03:41:17.000,14.84,-5.99,0.5,21.02,20.27,190262,-19.33,-10.0,0.042
2025-04-26T03:42:17.000,14.83,-5.91,0.51,21.01,20.27,190263,-19.18,-10.0,0.042
2025-04-26T03:43:17.000,14.83,-5.87,0.51,21.0,20.27,190264,-19.03,-10.0,0.042
2025-04-26T03:44:17.000,14.83,-5.85,0.52,20.99,20.27,190265,-18.87,-10.0,0.042
2025-04-26T03:45:17.000,14.82,-5.92,0.52,20.98,20.27,190266,-18.72,-9.0,0.042
2025-04-26T03:46:17.000,14.83,-5.92,0.53,20.96,20.27,190267,-18.57,-9.0,0.042
2025-04-26T03:47:17.000,14.84,-5.99,0.54,20.94,20.27,190268,-18.41,-9.0,0.042
2025-04-26T03:48:17.000,14.85,-6.06,0.54,20.93,20.27,190269,-18.26,-9.0,0.042
2025-04-26T03:49:17.000,14.85,-6.14,0.56,20.91,20.27,190270,-18.11,-9.0,0.042
2025-04-26T03:50:18.000,14.85,-6.06,0.57,20.89,20.27,190271,-17.95,-8.0,0.042
2025-04-26T03:51:18.000,14.83,-6.09,0.58,20.86,20.27,190272,-17.79,-8.0,0.042
2025-04-26T03:52:18.000,14.84,-5.99,0.6,20.83,20.27,190273,-17.64,-8.0,0.042
2025-04-26T03:53:18.000,14.85,-6.0,0.62,20.8,20.27,190274,-17.48,-8.0,0.042
2025-04-26T03:54:18.000,14.85,-6.03,0.64,20.76,20.27,190275,-17.32,-8.0,0.042
2025-04-26T03:55:18.000,14.85,-6.03,0.66,20.72,20.27,190276,-17.17,-8.0,0.042
2025-04-26T03:56:18.000,14.84,-6.03,0.7,20.66,20.27,190277,-17.01,-7.0,0.042
2025-04-26T03:57:19.000,14.84,-6.02,0.73,20.61,20.27,190278,-16.85,-7.0,0.042
2025-04-26T03:58:19.000,14.83,-6.18,0.77,20.55,20.27,190279,-16.69,-7.0,0.042
2025-04-26T03:59:19.000,14.83,-6.05,0.82,20.49,20.27,190280,-16.53,-7.0,0.041
2025-04-26T04:00:19.000,14.84,-6.08,0.89,20.4,20.27,190281,-16.38,-7.0,0.041
2025-04-26T04:01:19.000,14.83,-6.16,0.94,20.34,20.27,190282,-16.22,-6.0,0.041
2025-04-26T04:02:19.000,14.81,-6.26,1.02,20.25,20.27,190283,-16.06,-6.0,0.041
2025-04-26T04:03:19.000,14.79,-6.21,1.11,20.16,20.27,190284,-15.9,-6.0,0.041
2025-04-26T04:04:19.000,14.76,-6.28,1.21,20.07,20.27,190285,-15.74,-6.0,0.041
2025-04-26T04:05:19.000,14.73,-6.22,1.33,19.96,20.27,190286,-15.58,-6.0,0.041
2025-04-26T04:06:19.000,14.71,-6.24,1.47,19.85,20.27,190287,-15.42,-5.0,0.041
2025-04-26T04:07:20.000,14.69,-6.29,1.64,19.74,20.27,190288,-15.25,-5.0,0.041
2025-04-26T04:08:20.000,14.68,-6.26,1.83,19.61,20.27,190289,-15.09,-5.0,0.041
2025-04-26T04:09:20.000,14.66,-6.22,2.05,19.49,20.27,190290,-14.93,-5.0,0.041
2025-04-26T04:10:20.000,14.63,-6.33,2.3,19.37,20.27,190291,-14.77,-5.0,0.041
2025-04-26T04:11:20.000,14.6,-6.35,2.61,19.23,20.27,190292,-14.6,-5.0,0.041
2025-04-26T04:12:20.000,14.58,-6.33,2.96,19.09,20.27,190293,-14.44,-4.0,0.041
2025-04-26T04:13:20.000,14.56,-6.27,3.38,18.95,20.27,190294,-14.28,-4.0,0.041
2025-04-26T04:14:20.000,14.54,-6.27,3.89,18.8,20.27,190295,-14.12,-4.0,0.041
2025-04-26T04:15:21.000,14.52,-6.34,4.46,18.65,20.27,190296,-13.95,-4.0,0.041
2025-04-26T04:16:21.000,14.48,-6.48,5.14,18.49,20.27,190297,-13.78,-4.0,0.041
2025-04-26T04:17:21.000,14.45,-6.45,5.91,18.34,20.27,190298,-13.62,-3.0,0.041
2025-04-26T04:18:21.000,14.42,-6.35,6.93,18.17,20.27,190299,-13.46,-3.0,0.041
2025-04-26T04:19:21.000,14.38,-6.37,8.1,18.0,20.27,190300,-13.29,-3.0,0.041
2025-04-26T04:20:21.000,14.31,-6.38,9.4,17.84,20.27,190301,-13.12,-3.0,0.041
2025-04-26T04:21:21.000,14.27,-6.35,10.98,17.67,20.27,190302,-12.96,-3.0,0.041
2025-04-26T04:22:21.000,14.23,-6.32,12.81,17.5,20.27,190303,-12.79,-3.0,0.041
2025-04-26T04:23:21.000,14.2,-6.2,15.07,17.33,20.27,190304,-12.63,-2.0,0.041
2025-04-26T04:24:21.000,14.18,-6.21,17.74,17.15,20.27,190305,-12.46,-2.0,0.041
2025-04-26T04:25:22.000,14.17,-6.08,21.02,16.96,20.27,190306,-12.29,-2.0,0.041
2025-04-26T04:26:22.000,14.15,-6.05,24.98,16.78,20.27,190307,-12.12,-2.0,0.041
2025-04-26T04:27:22.000,14.13,-6.13,29.53,16.6,20.27,190308,-11.96,-2.0,0.041
2025-04-26T04:28:22.000,14.09,-6.25,35.48,16.4,20.27,190309,-11.79,-1.0,0.04
2025-04-26T04:29:22.000,14.05,-6.32,42.47,16.2,20.27,190310,-11.62,-1.0,0.04
2025-04-26T04:30:22.000,14.0,-6.36,49.58,16.03,20.27,190311,-11.45,-1.0,0.04
2025-04-26T04:31:22.000,13.99,-6.06,61.86,15.79,20.27,190312,-11.28,-1.0,0.04
2025-04-26T04:32:23.000,14.0,-6.35,75.87,15.57,20.27,190313,-11.11,-1.0,0.04
2025-04-26T04:33:23.000,13.93,-6.58,93.55,15.34,20.27,190314,-10.94,-0.0,0.04
2025-04-26T04:34:23.000,13.91,-6.38,115.3,15.12,20.27,190315,-10.77,-0.0,0.04
2025-04-26T04:35:23.000,13.92,-6.3,143.03,14.88,20.27,190316,-10.6,-0.0,0.04
2025-04-26T04:36:24.000,13.93,-6.17,178.07,14.65,20.27,190317,-10.43,0.0,0.04
2025-04-26T04:37:24.000,13.91,-6.41,221.98,14.41,20.27,190318,-10.26,0.0,0.04
2025-04-26T04:38:24.000,13.9,-6.3,276.27,14.17,20.27,190319,-10.09,0.0,0.04
2025-04-26T04:39:25.000,13.92,-6.21,343.82,13.93,20.27,190320,-9.91,1.0,0.04
2025-04-26T04:40:25.000,13.94,-6.11,427.96,13.69,20.27,190321,-9.74,1.0,0.04
2025-04-26T04:41:25.000,13.95,-6.47,532.2,13.46,20.27,190322,-9.57,1.0,0.04
2025-04-26T04:42:25.000,13.93,-6.54,660.2,13.22,20.27,190323,-9.4,1.0,0.04
2025-04-26T04:43:26.000,13.91,-6.28,818.29,12.99,20.27,190324,-9.23,1.0,0.04
2025-04-26T04:44:26.000,13.93,-6.23,1013.4,12.76,20.27,190325,-9.05,2.0,0.04
2025-04-26T04:45:27.000,13.98,-6.32,1256.31,12.52,20.27,190326,-8.88,2.0,0.04
2025-04-26T04:46:27.000,13.96,-6.48,1557.51,12.29,20.27,190327,-8.7,2.0,0.04
2025-04-26T04:47:28.000,13.92,-6.42,1925.02,12.06,20.27,190328,-8.53,2.0,0.04
2025-04-26T04:48:28.000,13.9,-6.34,2377.67,11.83,20.27,190329,-8.36,2.0,0.04
2025-04-26T04:49:28.000,13.89,-6.29,2943.53,11.6,20.27,190330,-8.18,3.0,0.04
2025-04-26T04:50:29.000,13.9,-6.22,3647.82,11.37,20.27,190331,-8.01,3.0,0.04
2025-04-26T04:51:29.000,13.92,-6.41,4514.88,11.14,20.27,190332,-7.83,3.0,0.04
2025-04-26T04:52:29.000,13.89,-6.47,5592.22,10.9,20.27,190333,-7.66,3.0,0.04
2025-04-26T04:53:30.000,13.87,-6.36,6938.98,10.67,20.27,190334,-7.48,3.0,0.04
2025-04-26T04:54:30.000,13.83,-6.48,8593.6,10.44,20.27,190335,-7.3,4.0,0.04
2025-04-26T04:55:31.000,13.8,-6.37,10597.44,10.21,20.27,190336,-7.13,4.0,0.04
2025-04-26T04:56:31.000,13.78,-6.33,12985.27,9.99,20.27,190337,-6.95,4.0,0.04
2025-04-26T04:57:32.000,13.78,-6.31,15794.4,9.78,20.27,190338,-6.77,4.0,0.04
2025-04-26T04:58:32.000,13.82,-6.15,19063.8,9.57,20.27,190339,-6.6,4.0,0.039
2025-04-26T04:59:33.000,13.79,-6.67,22848.78,9.37,20.27,190340,-6.42,4.0,0.039
2025-04-26T05:00:33.000,13.81,-6.23,27237.24,9.18,20.27,190341,-6.24,5.0,0.039
2025-04-26T05:01:34.000,13.9,-6.1,31970.36,9.09,20.27,190342,-6.06,5.0,0.039
2025-04-26T05:02:34.000,13.94,-6.3,38156.4,8.82,20.27,190343,-5.89,5.0,0.039
2025-04-26T05:03:35.000,13.94,-6.39,44737.73,8.64,20.27,190344,-5.71,5.0,0.039
2025-04-26T05:04:35.000,13.94,-6.36,52423.54,8.47,20.27,190345,-5.53,5.0,0.039
2025-04-26T05:05:35.000,13.93,-6.47,59732.91,7.48,20.27,190346,-5.35,6.0,0.039
2025-04-26T05:06:36.000,13.91,-6.52,50000.0,0.0,20.27,190347,-5.17,6.0,0.039
2025-04-26T05:07:36.000,13.88,-6.48,50000.0,0.0,20.27,190348,-4.99,6.0,0.039
2025-04-26T05:08:37.000,13.89,-6.3,50000.0,0.0,20.27,190349,-4.81,6.0,0.039
2025-04-26T18:29:53.000,17.43,-3.62,50000.0,0.0,20.27,191149,7.23,-7.0,0.017
2025-04-26T18:30:53.000,17.38,-3.88,50000.0,0.0,20.27,191150,7.04,-7.0,0.017
2025-04-26T18:31:53.000,17.32,-4.05,50000.0,0.0,20.27,191151,6.85,-7.0,0.017
2025-04-26T18:32:53.000,17.26,-4.07,49732.74,0.09,20.27,191152,6.66,-8.0,0.017
2025-04-26T18:33:53.000,17.21,-4.12,50000.0,0.0,20.27,191153,6.48,-8.0,0.017
2025-04-26T18:34:54.000,17.15,-4.18,50000.0,0.0,20.27,191154,6.29,-8.0,0.017
2025-04-26T18:35:54.000,17.07,-4.27,50000.0,0.0,20.27,191155,6.1,-8.0,0.017
2025-04-26T18:57:04.000,16.63,1.67,50000.0,0.0,20.27,191176,2.17,-12.0,0.017
2025-04-26T18:58:04.000,16.63,1.4,50000.0,0.0,20.27,191177,1.98,-12.0,0.017
2025-04-26T18:59:04.000,16.62,1.07,50000.0,0.0,20.27,191178,1.8,-12.0,0.017
2025-04-26T19:00:05.000,16.59,0.69,60266.58,7.38,20.27,191179,1.61,-12.0,0.017
2025-04-26T19:01:05.000,16.58,0.29,53342.51,8.45,20.27,191180,1.43,-12.0,0.016
2025-04-26T19:02:06.000,16.57,-0.1,44608.93,8.65,20.27,191181,1.24,-12.0,0.016
2025-04-26T19:03:06.000,16.54,-0.54,36385.62,8.95,20.27,191182,1.06,-13.0,0.016
2025-04-26T19:04:07.000,16.53,-1.15,30230.11,9.07,20.27,191183,0.87,-13.0,0.016
2025-04-26T19:05:07.000,16.51,-1.59,25263.93,9.27,20.27,191184,0.69,-13.0,0.016
2025-04-26T19:06:08.000,16.48,-2.06,20974.2,9.47,20.27,191185,0.5,-13.0,0.016
2025-04-26T19:07:08.000,16.45,-2.59,17368.64,9.67,20.27,191186,0.32,-13.0,0.016
2025-04-26T19:08:09.000,16.39,-3.08,14404.02,9.88,20.27,191187,0.14,-13.0,0.016
2025-04-26T19:09:09.000,16.35,-3.43,11808.22,10.09,20.27,191188,-0.05,-14.0,0.016
2025-04-26T19:10:09.000,16.31,-3.53,9676.49,10.31,20.27,191189,-0.23,-14.0,0.016
2025-04-26T19:11:10.000,16.27,-3.02,8243.6,10.48,20.27,191190,-0.41,-14.0,0.016
2025-04-26T19:12:10.000,16.26,-1.52,7280.96,10.62,20.27,191191,-0.6,-14.0,0.016
2025-04-26T19:13:11.000,16.27,0.47,6543.4,10.73,20.27,191192,-0.78,-14.0,0.016
2025-04-26T19:14:11.000,16.3,1.65,6015.07,10.82,20.27,191193,-0.96,-14.0,0.016
2025-04-26T19:15:11.000,16.31,1.45,4635.51,11.11,20.27,191194,-1.14,-15.0,0.016
2025-04-26T19:16:12.000,16.33,0.08,3043.47,11.57,20.27,191195,-1.33,-15.0,0.016
2025-04-26T19:17:12.000,16.32,-1.44,2184.69,11.92,20.27,191196,-1.51,-15.0,0.016
2025-04-26T19:18:13.000,16.32,-2.13,1706.42,12.19,20.27,191197,-1.69,-15.0,0.016
2025-04-26T19:19:13.000,16.3,-2.15,1351.2,12.45,20.27,191198,-1.87,-15.0,0.016
2025-04-26T19:20:14.000,16.28,-1.81,1094.36,12.67,20.27,191199,-2.06,-15.0,0.016
2025-04-26T19:21:14.000,16.25,-1.04,901.13,12.88,20.27,191200,-2.24,-16.0,0.016
2025-04-26T19:22:14.000,16.26,0.01,755.96,13.07,20.27,191201,-2.42,-16.0,0.016
2025-04-26T19:23:15.000,16.28,0.87,671.27,13.2,20.27,191202,-2.6,-16.0,0.016
2025-04-26T19:24:15.000,16.3,0.94,566.09,13.39,20.27,191203,-2.78,-16.0,0.016
2025-04-26T19:25:16.000,16.3,0.26,452.29,13.63,20.27,191204,-2.96,-16.0,0.016
2025-04-26T19:26:16.000,16.28,-0.58,375.11,13.84,20.27,191205,-3.14,-16.0,0.016
2025-04-26T19:27:16.000,16.24,-1.14,310.79,14.04,20.27,191206,-3.32,-16.0,0.016
2025-04-26T19:28:16.000,16.2,-1.58,211.1,14.46,20.27,191207,-3.5,-17.0,0.016
2025-04-26T19:29:17.000,16.14,-1.68,166.97,14.71,20.27,191208,-3.68,-17.0,0.016
2025-04-26T19:30:17.000,16.1,-0.9,143.66,14.88,20.27,191209,-3.86,-17.0,0.016
2025-04-26T19:31:17.000,16.08,0.6,119.78,15.08,20.27,191210,-4.04,-17.0,0.016
2025-04-26T19:32:17.000,16.09,2.34,100.11,15.27,20.27,191211,-4.22,-17.0,0.016
2025-04-26T19:33:17.000,16.12,4.12,86.57,15.43,20.27,191212,-4.4,-17.0,0.016
2025-04-26T19:34:18.000,16.19,5.67,73.33,15.61,20.27,191213,-4.58,-18.0,0.016
2025-04-26T19:35:18.000,16.27,7.09,58.5,15.85,20.27,191214,-4.75,-18.0,0.016
2025-04-26T19:36:18.000,16.36,8.68,47.07,16.09,20.27,191215,-4.93,-18.0,0.016
2025-04-26T19:37:18.000,16.47,9.63,41.04,16.24,20.27,191216,-5.11,-18.0,0.016
2025-04-26T19:38:18.000,16.59,10.0,35.49,16.4,20.27,191217,-5.29,-18.0,0.016
2025-04-26T19:39:18.000,16.67,9.51,29.9,16.58,20.27,191218,-5.46,-18.0,0.016
2025-04-26T19:40:18.000,16.75,8.1,23.76,16.83,20.27,191219,-5.64,-18.0,0.016
2025-04-26T19:41:19.000,16.77,5.35,18.54,17.1,20.27,191220,-5.82,-19.0,0.016
2025-04-26T19:42:19.000,16.72,2.24,14.89,17.34,20.27,191221,-5.99,-19.0,0.016
2025-04-26T19:43:19.000,16.66,-0.29,11.81,17.59,20.27,191222,-6.17,-19.0,0.016
2025-04-26T19:44:19.000,16.56,-1.92,9.89,17.78,20.27,191223,-6.35,-19.0,0.016
2025-04-26T19:45:19.000,16.46,-2.87,8.34,17.97,20.27,191224,-6.52,-19.0,0.016
2025-04-26T19:46:19.000,16.36,-3.7,6.85,18.18,20.27,191225,-6.7,-19.0,0.016
2025-04-26T19:47:19.000,16.26,-4.17,5.71,18.38,20.27,191226,-6.87,-20.0,0.016
2025-04-26T19:48:19.000,16.16,-3.87,4.95,18.53,20.27,191227,-7.05,-20.0,0.015
2025-04-26T19:49:19.000,16.09,-2.87,4.38,18.67,20.27,191228,-7.22,-20.0,0.015
2025-04-26T19:50:20.000,16.04,-2.01,4.0,18.77,20.27,191229,-7.4,-20.0,0.015
2025-04-26T19:51:20.000,15.98,-1.34,3.53,18.9,20.27,191230,-7.57,-20.0,0.015
2025-04-26T19:52:20.000,15.97,-0.54,3.34,18.96,20.27,191231,-7.75,-20.0,0.015
2025-04-26T19:53:20.000,15.95,-0.1,3.11,19.04,20.27,191232,-7.92,-20.0,0.015
2025-04-26T19:54:20.000,15.94,0.18,3.05,19.06,20.27,191233,-8.09,-21.0,0.015
2025-04-26T19:55:20.000,15.94,0.29,2.96,19.09,20.27,191234,-8.26,-21.0,0.015
2025-04-26T19:56:20.000,15.94,-0.16,2.59,19.24,20.27,191235,-8.44,-21.0,0.015
2025-04-26T19:57:20.000,15.91,-0.91,2.42,19.31,20.27,191236,-8.61,-21.0,0.015
2025-04-26T19:58:21.000,15.88,-1.63,2.25,19.39,20.27,191237,-8.78,-21.0,0.015
2025-04-26T19:59:21.000,15.83,-2.49,1.66,19.73,20.27,191238,-8.96,-21.0,0.015
2025-04-26T20:00:21.000,15.76,-3.73,1.27,20.01,20.27,191239,-9.13,-22.0,0.015
2025-04-26T20:01:21.000,15.69,-4.61,1.13,20.14,20.27,191240,-9.3,-22.0,0.015
2025-04-26T20:02:21.000,15.6,-5.03,1.05,20.22,20.27,191241,-9.47,-22.0,0.015
2025-04-26T20:03:21.000,15.53,-4.84,0.96,20.32,20.27,191242,-9.64,-22.0,0.015
2025-04-26T20:04:21.000,15.45,-4.34,0.89,20.4,20.27,191243,-9.81,-22.0,0.015
2025-04-26T20:05:21.000,15.39,-3.54,0.84,20.46,20.27,191244,-9.98,-22.0,0.015
2025-04-26T20:06:22.000,15.36,-2.88,0.81,20.5,20.27,191245,-10.16,-22.0,0.015
2025-04-26T20:07:22.000,15.33,-3.14,0.78,20.54,20.27,191246,-10.33,-23.0,0.015
2025-04-26T20:08:22.000,15.28,-3.6,0.72,20.62,20.27,191247,-10.49,-23.0,0.015
2025-04-26T20:09:22.000,15.23,-3.26,0.71,20.63,20.27,191248,-10.66,-23.0,0.015
2025-04-26T20:10:22.000,15.21,-2.59,0.75,20.58,20.27,191249,-10.83,-23.0,0.015
2025-04-26T20:11:22.000,15.19,-1.78,0.72,20.63,20.27,191250,-11.0,-23.0,0.015
2025-04-26T20:12:22.000,15.19,-1.32,0.72,20.63,20.27,191251,-11.17,-23.0,0.015
2025-04-26T20:13:22.000,15.2,-1.45,0.72,20.62,20.27,191252,-11.34,-23.0,0.015
2025-04-26T20:14:23.000,15.2,-1.76,0.69,20.68,20.27,191253,-11.51,-24.0,0.015
2025-04-26T20:15:23.000,15.19,-2.15,0.63,20.77,20.27,191254,-11.68,-24.0,0.015
2025-04-26T20:16:23.000,15.17,-2.43,0.62,20.79,20.27,191255,-11.84,-24.0,0.015
2025-04-26T20:17:23.000,15.16,-2.35,0.6,20.82,20.27,191256,-12.01,-24.0,0.015
2025-04-26T20:18:23.000,15.15,-2.3,0.57,20.87,20.27,191257,-12.18,-24.0,0.015
2025-04-26T20:19:23.000,15.14,-2.6,0.56,20.9,20.27,191258,-12.34,-24.0,0.015
2025-04-26T20:20:23.000,15.12,-2.89,0.56,20.91,20.27,191259,-12.51,-24.0,0.015
2025-04-26T20:21:23.000,15.09,-3.01,0.55,20.93,20.27,191260,-12.67,-24.0,0.015
2025-04-26T20:22:24.000,15.04,-3.24,0.52,20.98,20.27,191261,-12.84,-25.0,0.015
