ecsv/stars17/stars17_2024-04.ecsv
# %ECSV 1.0
# ---
# datatype:
# - {name: time, datatype: string}
# - {name: Enclosure Temperature, unit: deg_C, datatype: float64}
# - {name: Sky Temperature, unit: deg_C, datatype: float64}
# - {name: Frequency, unit: Hz, datatype: float64}
# - {name: MSAS, unit: mag / arcsec2, datatype: float64}
# - {name: ZP, datatype: float64}
# - {name: Sequence Number, datatype: int64}
# - {name: Sun Alt, unit: deg, datatype: float64}
# - {name: Moon Alt, unit: deg, datatype: float64}
# - {name: Moon Illumination, datatype: float64}
# delimiter: ','
# meta: !!omap
# - ida:
#     Data supplier: {affiliation: null, observer: Amaranta Martin}
#     Device type: TESS-W
#     Field of view: 17.0
#     Filters per channel: None
#     Instrument ID: stars17
#     License: ODbL 1.0 http://opendatacommons.org/licenses/odbl/summary/
#     Local timezone: Europe/Madrid
#     Location name: {country: '- Palacio Viejo de las Corchuelas', place: "Torrej\xF3n el Rubio, C\xE1ceres", region: Spain, sub_region: null,
#       town: null}
#     Measurement direction per channel: {azimuth: 0.0, zenital: 0.0}
#     Moving / Fixed look direction: FIXED
#     Moving / Stationary position: STATIONARY
#     Number of channels: 1
#     Number of fields per line: 8
#     Number of header lines: 35
#     Position: {height: 0.0, latitude: 39.8136576, longitude: -6.0051528}
#     TESS MAC address: 98:F4:AB:B2:7B:53
#     TESS cover offset value: 0.0
#     TESS firmware version: '1.0'
#     TESS zero point: 20.27
#     Time Synchronization: timestamp added by MQTT subscriber
#     URL: http://www.darksky.org/NSBM/sdf1.0.pdf
# - __serialized_columns__:
#     Enclosure Temperature:
#       __class__: astropy.units.quantity.Quantity
#       unit: &id001 !astropy.units.Unit {unit: deg_C}
#       value: !astropy.table.SerializedColumn {name: Enclosure Temperature}
#     Frequency:
#       __class__: astropy.units.quantity.Quantity
#       unit: !astropy.units.Unit {unit: Hz}
#       value: !astropy.table.SerializedColumn {name: Frequency}
#     MSAS:
#       __class__: astropy.units.quantity.Quantity
#       unit: !astropy.units.Unit {unit: mag / arcsec2}
#       value: !astropy.table.SerializedColumn {name: MSAS}
#     Moon Alt:
#       __class__: astropy.units.quantity.Quantity
#       unit: &id002 !astropy.units.Unit {unit: deg}
#       value: !astropy.table.SerializedColumn {name: Moon Alt}
#     Sky Temperature:
#       __class__: astropy.units.quantity.Quantity
#       unit: *id001
#       value: !astropy.table.SerializedColumn {name: Sky Temperature}
#     Sun Alt:
#       __class__: astropy.units.quantity.Quantity
#       unit: *id002
#       value: !astropy.table.SerializedColumn {name: Sun Alt}
#     time:
#       __class__: astropy.time.core.Time
#       format: isot
#       in_subfmt: '*'
#       out_subfmt: '*'
#       precision: 3
#       scale: utc
#       value: !astropy.table.SerializedColumn {name: time}
# schema: astropy-2.0
time,Enclosure Temperature,Sky Temperature,Frequency,MSAS,ZP,Sequence Number,Sun Alt,Moon Alt,Moon Illumination
[from data line 15107]
2024-04-28T04:23:48.000,9.94,-18.17,23.22,16.86,20.27,80368,-11.98,20.0,0.829
2024-04-28T04:24:49.000,10.05,-18.24,27.22,16.68,20.27,80369,-11.81,20.0,0.829
2024-04-28T04:25:49.000,10.04,-18.19,32.14,16.5,20.27,80370,-11.64,20.0,0.829
2024-04-28T04:26:49.000,9.95,-18.28,38.2,16.32,20.27,80371,-11.48,20.0,0.829
2024-04-28T04:27:49.000,9.96,-18.45,45.45,16.13,20.27,80372,-11.31,20.0,0.829
2024-04-28T04:28:49.000,10.05,-18.46,55.52,15.91,20.27,80373,-11.14,20.0,0.829
2024-04-28T04:29:49.000,10.02,-18.55,68.16,15.69,20.27,80374,-10.97,20.0,0.829
2024-04-28T04:30:49.000,9.91,-18.74,84.14,15.46,20.27,80375,-10.81,20.0,0.829
2024-04-28T04:31:50.000,9.97,-18.68,105.01,15.22,20.27,80376,-10.64,20.0,0.829
2024-04-28T04:32:50.000,10.06,-18.57,131.64,14.97,20.27,80377,-10.47,20.0,0.829
2024-04-28T04:33:50.000,10.0,-18.49,165.01,14.73,20.27,80378,-10.3,20.0,0.828
2024-04-28T04:34:50.000,9.89,-18.41,206.61,14.48,20.27,80379,-10.13,20.0,0.828
2024-04-28T04:35:51.000,9.97,-18.39,258.98,14.24,20.27,80380,-9.96,20.0,0.828
2024-04-28T04:36:51.000,10.09,-18.25,323.67,14.0,20.27,80381,-9.79,20.0,0.828
2024-04-28T04:37:52.000,10.02,-18.32,403.82,13.76,20.27,80382,-9.62,20.0,0.828
2024-04-28T04:38:52.000,9.92,-18.29,504.27,13.52,20.27,80383,-9.45,20.0,0.828
2024-04-28T04:39:52.000,10.0,-18.35,630.71,13.27,20.27,80384,-9.28,20.0,0.828
2024-04-28T04:40:53.000,10.06,-18.35,787.93,13.03,20.27,80385,-9.1,20.0,0.828
2024-04-28T04:41:53.000,9.96,-18.3,983.89,12.79,20.27,80386,-8.93,20.0,0.828
2024-04-28T04:42:54.000,9.94,-18.41,1228.51,12.55,20.27,80387,-8.76,20.0,0.828
2024-04-28T04:43:54.000,10.05,-18.32,1532.53,12.31,20.27,80388,-8.59,20.0,0.828
2024-04-28T04:44:55.000,10.05,-18.2,1917.04,12.07,20.27,80389,-8.41,20.0,0.828
2024-04-28T04:45:55.000,9.93,-18.28,2405.4,11.82,20.27,80390,-8.24,19.0,0.828
2024-04-28T04:46:56.000,9.89,-18.35,3023.09,11.57,20.27,80391,-8.06,19.0,0.828
2024-04-28T04:47:56.000,10.03,-18.37,3799.31,11.32,20.27,80392,-7.89,19.0,0.828
2024-04-28T04:48:57.000,10.06,-18.31,4760.87,11.08,20.27,80393,-7.72,19.0,0.828
2024-04-28T04:49:57.000,9.94,-18.28,5945.69,10.84,20.27,80394,-7.54,19.0,0.828
2024-04-28T04:50:57.000,9.94,-18.34,7382.45,10.6,20.27,80395,-7.37,19.0,0.828
2024-04-28T04:51:57.000,10.04,-18.41,9075.93,10.38,20.27,80396,-7.2,19.0,0.827
2024-04-28T04:52:58.000,9.99,-18.46,11056.16,10.16,20.27,80397,-7.02,19.0,0.827
2024-04-28T04:53:58.000,9.94,-18.51,13368.18,9.96,20.27,80398,-6.85,19.0,0.827
2024-04-28T04:54:59.000,9.89,-18.48,16032.87,9.76,20.27,80399,-6.67,19.0,0.827
2024-04-28T04:55:59.000,9.71,-18.52,19131.8,9.57,20.27,80400,-6.49,19.0,0.827
2024-04-28T04:57:00.000,9.46,-18.4,22653.51,9.38,20.27,80401,-6.32,19.0,0.827
2024-04-28T04:58:00.000,9.22,-18.25,26587.04,9.21,20.27,80402,-6.14,19.0,0.827
2024-04-28T04:59:01.000,9.0,-18.25,31082.42,9.04,20.27,80403,-5.96,19.0,0.827
2024-04-28T05:00:01.000,8.76,-18.12,36218.93,8.87,20.27,80404,-5.79,19.0,0.827
2024-04-28T05:01:02.000,8.56,-17.93,42088.49,8.71,20.27,80405,-5.61,19.0,0.827
2024-04-28T05:02:02.000,8.4,-17.88,48522.07,8.56,20.27,80406,-5.43,19.0,0.827
2024-04-28T05:03:02.000,8.25,-17.85,55240.02,8.42,20.27,80407,-5.26,19.0,0.827
2024-04-28T05:04:03.000,8.12,-17.83,60196.2,7.19,20.27,80408,-5.08,19.0,0.827
2024-04-28T05:05:03.000,8.02,-17.87,50000.0,0.0,20.27,80409,-4.9,18.0,0.827
2024-04-28T05:06:03.000,7.92,-17.9,50000.0,0.0,20.27,80410,-4.73,18.0,0.827
2024-04-28T05:07:04.000,7.84,-17.89,50000.0,0.0,20.27,80411,-4.55,18.0,0.827
2024-04-28T07:40:27.000,17.67,-9.11,50000.0,0.0,20.27,80564,24.2,3.0,0.818
2024-04-28T07:41:27.000,17.48,-8.76,50000.0,0.0,20.27,80565,24.4,2.0,0.818
2024-04-28T07:42:31.000,17.59,-7.7,50000.0,0.0,20.27,80566,24.6,2.0,0.818
2024-04-28T07:44:36.000,17.86,-7.46,50000.0,0.0,20.27,80568,25.0,2.0,0.818
2024-04-28T07:45:36.000,17.96,-7.25,50000.0,0.0,20.27,80569,25.19,2.0,0.818
2024-04-28T07:46:36.000,18.15,-6.7,50000.0,0.0,20.27,80570,25.39,2.0,0.818
2024-04-28T08:35:39.000,25.09,-6.62,50000.0,0.0,20.27,80619,34.75,-5.0,0.815
2024-04-28T08:36:40.000,24.88,-7.46,50000.0,0.0,20.27,80620,34.94,-6.0,0.815
2024-04-28T08:37:40.000,24.92,-6.53,50000.0,0.0,20.27,80621,35.13,-6.0,0.815
2024-04-28T08:39:50.000,25.86,-5.38,50000.0,0.0,20.27,80623,35.54,-6.0,0.815
2024-04-28T08:40:49.000,26.39,-6.8,50000.0,0.0,20.27,80624,35.72,-6.0,0.815
2024-04-28T08:41:50.000,26.62,-7.94,50000.0,0.0,20.27,80625,35.91,-6.0,0.815
2024-04-28T08:46:50.000,27.89,-8.09,50000.0,0.0,20.27,80630,36.85,-7.0,0.814
2024-04-28T08:47:50.000,28.09,-8.65,50000.0,0.0,20.27,80631,37.04,-7.0,0.814
2024-04-28T08:48:50.000,28.18,-8.84,50000.0,0.0,20.27,80632,37.23,-7.0,0.814
2024-04-28T08:52:01.000,29.0,-8.66,50000.0,0.0,20.27,80635,37.82,-8.0,0.814
2024-04-28T08:53:02.000,29.21,-8.22,50000.0,0.0,20.27,80636,38.01,-8.0,0.814
2024-04-28T08:54:02.000,29.33,-8.87,50000.0,0.0,20.27,80637,38.2,-8.0,0.814
2024-04-28T10:46:36.000,37.72,-0.74,50000.0,0.0,20.27,80749,57.17,-27.0,0.807
2024-04-28T10:47:37.000,38.06,-0.07,50000.0,0.0,20.27,80750,57.31,-27.0,0.807
2024-04-28T10:48:37.000,38.42,-1.11,50000.0,0.0,20.27,80751,57.45,-28.0,0.807
2024-04-28T10:50:44.000,38.99,-1.76,50000.0,0.0,20.27,80753,57.73,-28.0,0.807
2024-04-28T10:51:43.000,39.23,-0.74,50000.0,0.0,20.27,80754,57.86,-28.0,0.807
2024-04-28T10:52:43.000,38.99,-5.53,50000.0,0.0,20.27,80755,58.0,-28.0,0.807
2024-04-28T11:45:49.000,23.89,4.34,50000.0,0.0,20.27,80808,63.41,-38.0,0.804
2024-04-28T11:46:49.000,23.78,3.73,50000.0,0.0,20.27,80809,63.47,-38.0,0.804
2024-04-28T11:47:50.000,23.6,3.7,50000.0,0.0,20.27,80810,63.53,-38.0,0.804
2024-04-28T11:49:56.000,23.94,4.53,50000.0,0.0,20.27,80812,63.66,-39.0,0.804
2024-04-28T11:50:56.000,24.14,4.04,50000.0,0.0,20.27,80813,63.71,-39.0,0.804
2024-04-28T11:51:56.000,24.05,3.57,50000.0,0.0,20.27,80814,63.77,-39.0,0.804
2024-04-28T13:43:14.000,32.18,3.82,50000.0,0.0,20.27,80925,58.92,-59.0,0.797
2024-04-28T13:44:15.000,30.7,2.76,50000.0,0.0,20.27,80926,58.79,-59.0,0.797
2024-04-28T13:45:15.000,29.62,4.2,50000.0,0.0,20.27,80927,58.67,-59.0,0.797
2024-04-28T13:48:26.000,27.19,3.21,50000.0,0.0,20.27,80930,58.25,-60.0,0.797
2024-04-28T13:49:26.000,26.45,3.41,50000.0,0.0,20.27,80931,58.12,-60.0,0.797
2024-04-28T13:50:26.000,26.2,4.89,50000.0,0.0,20.27,80932,57.99,-60.0,0.797
2024-04-28T14:38:30.000,19.96,5.83,50000.0,0.0,20.27,80980,50.74,-69.0,0.794
2024-04-28T14:39:30.000,19.93,5.5,50000.0,0.0,20.27,80981,50.57,-69.0,0.794
2024-04-28T14:40:31.000,19.81,5.19,50000.0,0.0,20.27,80982,50.41,-69.0,0.794
2024-04-28T14:42:36.000,19.59,5.26,50000.0,0.0,20.27,80984,50.06,-69.0,0.794
2024-04-28T14:43:36.000,19.56,5.53,50000.0,0.0,20.27,80985,49.89,-70.0,0.794
2024-04-28T14:44:36.000,19.53,5.31,50000.0,0.0,20.27,80986,49.72,-70.0,0.793
2024-04-28T15:29:39.000,19.44,5.32,50000.0,0.0,20.27,81031,41.79,-76.0,0.791
2024-04-28T15:30:39.000,19.44,5.61,50000.0,0.0,20.27,81032,41.61,-76.0,0.791
2024-04-28T15:31:41.000,19.5,5.63,50000.0,0.0,20.27,81033,41.42,-76.0,0.791
2024-04-28T15:33:47.000,19.45,5.27,50000.0,0.0,20.27,81035,41.03,-77.0,0.791
2024-04-28T15:34:47.000,19.34,5.05,50000.0,0.0,20.27,81036,40.85,-77.0,0.79
2024-04-28T15:35:47.000,19.23,5.11,50000.0,0.0,20.27,81037,40.67,-77.0,0.79
2024-04-28T16:17:50.000,19.2,4.98,50000.0,0.0,20.27,81079,32.8,-79.0,0.788
2024-04-28T16:18:50.000,19.15,5.1,50000.0,0.0,20.27,81080,32.61,-79.0,0.788
2024-04-28T16:19:55.000,19.06,5.03,50000.0,0.0,20.27,81081,32.4,-79.0,0.788
2024-04-28T16:22:00.000,19.01,5.34,50000.0,0.0,20.27,81083,32.01,-79.0,0.788
2024-04-28T16:22:59.000,19.01,5.35,50000.0,0.0,20.27,81084,31.82,-79.0,0.788
2024-04-28T16:24:00.000,19.04,5.52,50000.0,0.0,20.27,81085,31.63,-79.0,0.788
2024-04-28T17:05:03.000,18.25,3.98,50000.0,0.0,20.27,81126,23.77,-75.0,0.785
2024-04-28T17:06:03.000,18.27,4.08,50000.0,0.0,20.27,81127,23.58,-75.0,0.785
2024-04-28T17:07:04.000,18.32,4.01,50000.0,0.0,20.27,81128,23.38,-75.0,0.785
2024-04-28T17:09:09.000,18.47,3.76,50000.0,0.0,20.27,81130,22.99,-74.0,0.785
2024-04-28T17:10:09.000,18.51,3.6,50000.0,0.0,20.27,81131,22.79,-74.0,0.785
2024-04-28T17:11:09.000,18.5,3.15,50000.0,0.0,20.27,81132,22.6,-74.0,0.785
2024-04-28T17:51:12.000,17.69,2.1,50000.0,0.0,20.27,81172,14.93,-68.0,0.782
2024-04-28T17:52:12.000,17.71,1.71,50000.0,0.0,20.27,81173,14.74,-68.0,0.782
2024-04-28T17:53:12.000,17.72,1.45,50000.0,0.0,20.27,81174,14.55,-67.0,0.782
2024-04-28T17:55:18.000,17.68,0.7,50000.0,0.0,20.27,81176,14.15,-67.0,0.782
2024-04-28T17:56:18.000,17.62,0.47,50000.0,0.0,20.27,81177,13.96,-67.0,0.782
2024-04-28T17:57:18.000,17.53,0.29,50000.0,0.0,20.27,81178,13.77,-67.0,0.782
2024-04-28T18:34:21.000,15.74,-4.04,50000.0,0.0,20.27,81215,6.78,-60.0,0.78
2024-04-28T18:35:21.000,15.73,-3.75,50000.0,0.0,20.27,81216,6.59,-60.0,0.78
2024-04-28T18:36:21.000,15.71,-3.45,50000.0,0.0,20.27,81217,6.41,-60.0,0.78
2024-04-28T18:39:32.000,15.65,-2.38,50000.0,0.0,20.27,81220,5.81,-59.0,0.779
2024-04-28T18:40:32.000,15.66,-2.0,50000.0,0.0,20.27,81221,5.63,-59.0,0.779
2024-04-28T18:41:32.000,15.67,-1.69,50000.0,0.0,20.27,81222,5.44,-59.0,0.779
2024-04-28T18:44:33.000,15.61,-0.87,50000.0,0.0,20.27,81225,4.88,-58.0,0.779
2024-04-28T18:45:33.000,15.6,-0.73,50000.0,0.0,20.27,81226,4.69,-58.0,0.779
2024-04-28T18:46:33.000,15.59,-0.55,50000.0,0.0,20.27,81227,4.51,-58.0,0.779
2024-04-28T18:47:33.000,15.58,-0.58,49675.62,0.1,20.27,81228,4.32,-58.0,0.779
2024-04-28T18:48:34.000,15.55,-0.63,50000.0,0.0,20.27,81229,4.14,-58.0,0.779
2024-04-28T18:49:34.000,15.57,-0.65,50000.0,0.0,20.27,81230,3.95,-57.0,0.779
2024-04-28T18:50:34.000,15.54,-0.97,50000.0,0.0,20.27,81231,3.77,-57.0,0.779
2024-04-28T18:53:34.000,15.46,-1.23,50000.0,0.0,20.27,81234,3.21,-57.0,0.778
2024-04-28T18:54:34.000,15.46,-1.24,50000.0,0.0,20.27,81235,3.03,-57.0,0.778
2024-04-28T18:55:35.000,15.44,-1.25,50000.0,0.0,20.27,81236,2.84,-56.0,0.778
2024-04-28T18:56:35.000,15.41,-1.12,49444.82,0.18,20.27,81237,2.66,-56.0,0.778
2024-04-28T18:57:35.000,15.39,-1.01,50000.0,0.0,20.27,81238,2.47,-56.0,0.778
2024-04-28T18:58:35.000,15.38,-0.89,50000.0,0.0,20.27,81239,2.29,-56.0,0.778
2024-04-28T18:59:36.000,15.36,-1.05,49450.88,0.18,20.27,81240,2.1,-56.0,0.778
2024-04-28T19:00:36.000,15.33,-1.32,61254.69,6.6,20.27,81241,1.92,-55.0,0.778
2024-04-28T19:01:37.000,15.3,-1.83,55284.27,3.02,20.27,81242,1.73,-55.0,0.778
2024-04-28T19:02:37.000,15.26,-2.58,53875.16,2.39,20.27,81243,1.55,-55.0,0.778
2024-04-28T19:03:38.000,15.22,-3.47,56203.67,8.4,20.27,81244,1.37,-55.0,0.778
2024-04-28T19:04:38.000,15.16,-4.46,44590.32,8.65,20.27,81245,1.18,-55.0,0.778
2024-04-28T19:05:38.000,15.07,-5.32,34951.0,8.91,20.27,81246,1.0,-55.0,0.778
2024-04-28T19:06:39.000,15.0,-5.94,29175.0,9.11,20.27,81247,0.81,-54.0,0.778
2024-04-28T19:07:39.000,14.93,-6.3,24484.02,9.37,20.27,81248,0.63,-54.0,0.778
2024-04-28T19:08:40.000,14.86,-6.38,21117.78,9.46,20.27,81249,0.45,-54.0,0.778
2024-04-28T19:09:40.000,14.81,-6.12,18456.59,9.67,20.27,81250,0.27,-54.0,0.777
2024-04-28T19:10:40.000,14.79,-5.59,17046.04,9.69,20.27,81251,0.08,-54.0,0.777
2024-04-28T19:11:41.000,14.78,-5.0,15634.44,9.79,20.27,81252,-0.1,-53.0,0.777
2024-04-28T19:12:41.000,14.77,-4.56,13506.36,9.94,20.27,81253,-0.28,-53.0,0.777
2024-04-28T19:13:41.000,14.75,-4.45,11644.47,10.11,20.27,81254,-0.46,-53.0,0.777
2024-04-28T19:14:42.000,14.71,-4.61,9470.29,10.33,20.27,81255,-0.65,-53.0,0.777
2024-04-28T19:15:42.000,14.7,-5.09,6690.25,10.71,20.27,81256,-0.83,-53.0,0.777
2024-04-28T19:16:42.000,14.69,-5.6,5085.18,11.01,20.27,81257,-1.01,-53.0,0.777
2024-04-28T19:17:43.000,14.65,-6.11,4621.6,11.11,20.27,81258,-1.19,-52.0,0.777
2024-04-28T19:18:43.000,14.61,-6.35,4077.71,11.25,20.27,81259,-1.37,-52.0,0.777
2024-04-28T19:19:45.000,14.58,-6.47,3157.0,11.53,20.27,81260,-1.56,-52.0,0.777
2024-04-28T19:21:53.000,14.5,-6.16,1879.89,12.09,20.27,81262,-1.94,-52.0,0.777
2024-04-28T19:22:53.000,14.47,-5.58,1626.64,12.24,20.27,81263,-2.12,-51.0,0.777
2024-04-28T19:23:53.000,14.47,-4.74,1535.49,12.3,20.27,81264,-2.3,-51.0,0.777
2024-04-28T19:24:53.000,14.46,-3.97,1311.24,12.48,20.27,81265,-2.48,-51.0,0.777
2024-04-28T19:25:53.000,14.47,-3.34,1008.22,12.77,20.27,81266,-2.66,-51.0,0.776
2024-04-28T19:26:54.000,14.49,-2.86,751.69,13.08,20.27,81267,-2.84,-51.0,0.776
2024-04-28T19:27:55.000,14.48,-2.34,590.13,13.35,20.27,81268,-3.02,-51.0,0.776
2024-04-28T19:28:55.000,14.53,-1.62,442.42,13.66,20.27,81269,-3.2,-50.0,0.776
2024-04-28T19:29:56.000,14.54,-1.47,323.04,14.0,20.27,81270,-3.38,-50.0,0.776
2024-04-28T19:30:56.000,14.56,-1.63,253.08,14.26,20.27,81271,-3.56,-50.0,0.776
2024-04-28T19:31:56.000,14.58,-2.32,198.2,14.53,20.27,81272,-3.73,-50.0,0.776
2024-04-28T19:32:56.000,14.58,-3.31,150.56,14.83,20.27,81273,-3.91,-50.0,0.776
2024-04-28T19:33:56.000,14.58,-4.35,118.09,15.09,20.27,81274,-4.09,-49.0,0.776
2024-04-28T19:34:57.000,14.54,-5.37,96.31,15.31,20.27,81275,-4.27,-49.0,0.776
2024-04-28T19:35:57.000,14.48,-6.44,76.36,15.57,20.27,81276,-4.44,-49.0,0.776
2024-04-28T19:36:57.000,14.42,-7.29,59.34,15.84,20.27,81277,-4.62,-49.0,0.776
2024-04-28T19:37:57.000,14.35,-7.71,46.64,16.1,20.27,81278,-4.8,-49.0,0.776
2024-04-28T19:38:57.000,14.3,-7.81,40.2,16.26,20.27,81279,-4.97,-48.0,0.776
2024-04-28T19:39:57.000,14.27,-7.74,34.75,16.42,20.27,81280,-5.15,-48.0,0.776
2024-04-28T19:40:57.000,14.23,-7.54,30.28,16.57,20.27,81281,-5.32,-48.0,0.776
2024-04-28T19:41:57.000,14.19,-7.17,26.62,16.71,20.27,81282,-5.5,-48.0,0.775
2024-04-28T19:42:57.000,14.13,-6.74,24.3,16.81,20.27,81283,-5.68,-48.0,0.775
2024-04-28T19:43:58.000,14.1,-6.11,21.04,16.96,20.27,81284,-5.85,-48.0,0.775
2024-04-28T19:44:58.000,14.1,-5.22,17.61,17.16,20.27,81285,-6.03,-47.0,0.775
2024-04-28T19:45:58.000,14.1,-4.18,15.14,17.32,20.27,81286,-6.2,-47.0,0.775
2024-04-28T19:46:58.000,14.12,-3.16,13.56,17.44,20.27,81287,-6.38,-47.0,0.775
2024-04-28T19:47:58.000,14.15,-2.28,11.81,17.59,20.27,81288,-6.55,-47.0,0.775
2024-04-28T19:48:58.000,14.21,-1.72,10.1,17.76,20.27,81289,-6.72,-47.0,0.775
2024-04-28T19:49:58.000,14.26,-1.37,8.72,17.92,20.27,81290,-6.9,-46.0,0.775
2024-04-28T19:50:58.000,14.31,-1.07,7.74,18.05,20.27,81291,-7.07,-46.0,0.775
2024-04-28T19:51:58.000,14.37,-0.95,6.75,18.2,20.27,81292,-7.24,-46.0,0.775
2024-04-28T19:52:59.000,14.4,-1.17,5.71,18.38,20.27,81293,-7.42,-46.0,0.775
2024-04-28T19:53:59.000,14.42,-1.67,4.88,18.55,20.27,81294,-7.59,-46.0,0.775
2024-04-28T19:54:59.000,14.45,-2.29,4.21,18.71,20.27,81295,-7.76,-46.0,0.775
2024-04-28T19:55:59.000,14.42,-2.78,3.77,18.83,20.27,81296,-7.94,-45.0,0.775
2024-04-28T19:56:59.000,14.41,-2.67,3.48,18.91,20.27,81297,-8.11,-45.0,0.775
2024-04-28T19:57:59.000,14.42,-2.43,3.15,19.03,20.27,81298,-8.28,-45.0,0.774
2024-04-28T19:58:59.000,14.43,-2.06,2.82,19.15,20.27,81299,-8.45,-45.0,0.774
2024-04-28T19:59:59.000,14.44,-1.76,2.61,19.23,20.27,81300,-8.62,-45.0,0.774
2024-04-28T20:03:11.000,14.38,-1.77,2.03,19.5,20.27,81303,-9.17,-44.0,0.774
2024-04-28T20:04:11.000,14.36,-2.11,1.85,19.61,20.27,81304,-9.34,-44.0,0.774
2024-04-28T20:05:11.000,14.32,-2.53,1.67,19.71,20.27,81305,-9.51,-44.0,0.774
2024-04-28T20:06:11.000,14.29,-2.94,1.56,19.79,20.27,81306,-9.67,-44.0,0.774
2024-04-28T20:07:11.000,14.29,-3.22,1.47,19.85,20.27,81307,-9.84,-43.0,0.774
2024-04-28T20:08:11.000,14.26,-3.42,1.36,19.94,20.27,81308,-10.01,-43.0,0.774
2024-04-28T20:09:11.000,14.24,-3.3,1.27,20.01,20.27,81309,-10.18,-43.0,0.774
2024-04-28T20:10:11.000,14.23,-3.0,1.21,20.06,20.27,81310,-10.35,-43.0,0.774
2024-04-28T20:11:12.000,14.23,-2.39,1.2,20.08,20.27,81311,-10.52,-43.0,0.774
2024-04-28T20:12:12.000,14.24,-1.59,1.2,20.07,20.27,81312,-10.69,-42.0,0.774
2024-04-28T20:13:12.000,14.28,-0.64,1.21,20.07,20.27,81313,-10.85,-42.0,0.774
2024-04-28T20:14:12.000,14.3,0.03,1.21,20.06,20.27,81314,-11.02,-42.0,0.773
2024-04-28T20:15:12.000,14.31,0.39,1.19,20.09,20.27,81315,-11.19,-42.0,0.773
2024-04-28T20:16:12.000,14.34,0.36,1.13,20.14,20.27,81316,-11.35,-42.0,0.773
2024-04-28T20:17:13.000,14.34,0.08,1.07,20.19,20.27,81317,-11.52,-42.0,0.773
2024-04-28T20:18:13.000,14.36,-0.27,1.03,20.23,20.27,81318,-11.69,-41.0,0.773
