ecsv/stars17/stars17_2025-04.ecsv
# %ECSV 1.0
# ---
# datatype:
# - {name: time, datatype: string}
# - {name: Enclosure Temperature, unit: deg_C, datatype: float64}
# - {name: Sky Temperature, unit: deg_C, datatype: float64}
# - {name: Frequency, unit: Hz, datatype: float64}
# - {name: MSAS, unit: mag / arcsec2, datatype: float64}
# - {name: ZP, datatype: float64}
# - {name: Sequence Number, datatype: int64}
# - {name: Sun Alt, unit: deg, datatype: float64}
# - {name: Moon Alt, unit: deg, datatype: float64}
# - {name: Moon Illumination, datatype: float64}
# delimiter: ','
# meta: !!omap
# - ida:
#     Data supplier: {affiliation: null, observer: Amaranta Martin}
#     Device type: TESS-W
#     Field of view: 17.0
#     Filters per channel: None
#     Instrument ID: stars17
#     License: ODbL 1.0 http://opendatacommons.org/licenses/odbl/summary/
#     Local timezone: Europe/Madrid
#     Location name: {country: Spain, place: Palacio Viejo de las Corchuelas, region: null, sub_region: null, town: "Torrej\xF3n el Rubio,\
#         \ C\xE1ceres"}
#     Measurement direction per channel: {azimuth: 0.0, zenital: 0.0}
#     Moving / Fixed look direction: FIXED
#     Moving / Stationary position: STATIONARY
#     Number of channels: 1
#     Number of fields per line: 8
#     Number of header lines: 35
#     Position: {height: 0.0, latitude: 39.8136576, longitude: -6.0051528}
#     TESS MAC address: 98:F4:AB:B2:7B:53
#     TESS cover offset value: 0.0
#     TESS firmware version: '1.0'
#     TESS zero point: 20.27
#     Time Synchronization: timestamp added by MQTT subscriber
#     URL: http://www.darksky.org/NSBM/sdf1.0.pdf
# - __serialized_columns__:
#     Enclosure Temperature:
#       __class__: astropy.units.quantity.Quantity
#       unit: &id001 !astropy.units.Unit {unit: deg_C}
#       value: !astropy.table.SerializedColumn {name: Enclosure Temperature}
#     Frequency:
#       __class__: astropy.units.quantity.Quantity
#       unit: !astropy.units.Unit {unit: Hz}
#       value: !astropy.table.SerializedColumn {name: Frequency}
#     MSAS:
#       __class__: astropy.units.quantity.Quantity
#       unit: !astropy.units.Unit {unit: mag / arcsec2}
#       value: !astropy.table.SerializedColumn {name: MSAS}
#     Moon Alt:
#       __class__: astropy.units.quantity.Quantity
#       unit: &id002 !astropy.units.Unit {unit: deg}
#       value: !astropy.table.SerializedColumn {name: Moon Alt}
#     Sky Temperature:
#       __class__: astropy.units.quantity.Quantity
#       unit: *id001
#       value: !astropy.table.SerializedColumn {name: Sky Temperature}
#     Sun Alt:
#       __class__: astropy.units.quantity.Quantity
#       unit: *id002
#       value: !astropy.table.SerializedColumn {name: Sun Alt}
#     time:
#       __class__: astropy.time.core.Time
#       format: isot
#       in_subfmt: '*'
#       out_subfmt: '*'
#       precision: 3
#       scale: utc
#       value: !astropy.table.SerializedColumn {name: time}
# schema: astropy-2.0
time,Enclosure Temperature,Sky Temperature,Frequency,MSAS,ZP,Sequence Number,Sun Alt,Moon Alt,Moon Illumination
[from data line 3918]
2025-04-06T05:35:40.000,9.83,-10.76,50000.0,0.0,20.27,161642,-5.43,-20.0,0.621
2025-04-06T05:36:41.000,9.79,-10.68,50000.0,0.0,20.27,161643,-5.24,-21.0,0.621
2025-04-06T05:37:41.000,9.83,-10.53,49490.27,0.16,20.27,161644,-5.05,-21.0,0.621
2025-04-06T05:38:41.000,9.87,-10.46,50000.0,0.0,20.27,161645,-4.86,-21.0,0.621
2025-04-06T05:39:41.000,9.94,-10.52,50000.0,0.0,20.27,161646,-4.67,-21.0,0.621
2025-04-06T05:40:41.000,9.97,-10.67,50000.0,0.0,20.27,161647,-4.49,-21.0,0.621
2025-04-06T05:45:42.000,9.99,-11.0,50000.0,0.0,20.27,161652,-3.54,-21.0,0.622
2025-04-06T05:46:42.000,9.98,-10.92,50000.0,0.0,20.27,161653,-3.35,-21.0,0.622
2025-04-06T05:47:42.000,9.98,-10.87,50000.0,0.0,20.27,161654,-3.17,-22.0,0.622
2025-04-06T05:48:42.000,10.04,-10.76,49700.89,0.1,20.27,161655,-2.98,-22.0,0.622
2025-04-06T05:49:42.000,10.08,-10.85,50000.0,0.0,20.27,161656,-2.79,-22.0,0.622
2025-04-06T05:50:42.000,10.13,-10.85,50000.0,0.0,20.27,161657,-2.6,-22.0,0.622
2025-04-06T05:51:42.000,10.17,-10.93,50000.0,0.0,20.27,161658,-2.41,-22.0,0.622
2025-04-06T05:53:43.000,10.23,-10.97,50000.0,0.0,20.27,161660,-2.03,-22.0,0.622
2025-04-06T05:54:43.000,10.26,-11.14,50000.0,0.0,20.27,161661,-1.84,-22.0,0.622
2025-04-06T05:55:43.000,10.28,-11.11,50000.0,0.0,20.27,161662,-1.65,-22.0,0.622
2025-04-06T05:56:43.000,10.34,-11.01,49719.28,0.09,20.27,161663,-1.46,-22.0,0.622
2025-04-06T05:57:43.000,10.37,-11.11,50000.0,0.0,20.27,161664,-1.27,-22.0,0.622
2025-04-06T05:58:43.000,10.41,-11.01,50000.0,0.0,20.27,161665,-1.08,-22.0,0.622
2025-04-06T05:59:43.000,10.43,-11.15,50000.0,0.0,20.27,161666,-0.89,-23.0,0.622
2025-04-06T18:36:00.000,19.04,7.19,50000.0,0.0,20.27,162421,2.46,64.0,0.674
2025-04-06T18:37:01.000,19.05,7.06,50000.0,0.0,20.27,162422,2.27,64.0,0.674
2025-04-06T18:38:01.000,19.05,7.03,50000.0,0.0,20.27,162423,2.07,64.0,0.674
2025-04-06T18:39:02.000,19.06,6.82,59514.89,7.67,20.27,162424,1.88,64.0,0.675
2025-04-06T18:40:02.000,18.99,6.56,51774.87,8.49,20.27,162425,1.69,64.0,0.675
2025-04-06T18:41:03.000,18.98,6.71,44637.11,8.65,20.27,162426,1.5,64.0,0.675
2025-04-06T18:42:03.000,18.99,6.65,38699.22,8.8,20.27,162427,1.31,64.0,0.675
2025-04-06T18:43:03.000,19.0,6.57,32837.05,9.06,20.27,162428,1.12,65.0,0.675
2025-04-06T18:44:04.000,18.99,6.33,28048.99,9.15,20.27,162429,0.92,65.0,0.675
2025-04-06T18:45:04.000,18.91,5.84,23314.69,9.35,20.27,162430,0.73,65.0,0.675
2025-04-06T18:46:05.000,18.84,5.71,19313.69,9.56,20.27,162431,0.54,65.0,0.675
2025-04-06T18:47:05.000,18.8,5.45,16035.58,9.76,20.27,162432,0.35,65.0,0.675
2025-04-06T18:48:05.000,18.71,5.05,13325.13,9.96,20.27,162433,0.16,65.0,0.675
2025-04-06T18:49:06.000,18.66,4.82,10945.2,10.17,20.27,162434,-0.03,65.0,0.675
2025-04-06T18:50:06.000,18.63,4.6,8923.56,10.4,20.27,162435,-0.22,66.0,0.675
2025-04-06T18:51:07.000,18.58,4.41,7288.29,10.62,20.27,162436,-0.41,66.0,0.675
2025-04-06T18:52:07.000,18.52,4.32,5943.89,10.84,20.27,162437,-0.6,66.0,0.675
2025-04-06T18:53:08.000,18.47,4.31,4794.96,11.07,20.27,162438,-0.8,66.0,0.675
2025-04-06T18:54:08.000,18.43,4.34,3841.27,11.31,20.27,162439,-0.99,66.0,0.676
2025-04-06T18:55:08.000,18.36,4.32,3104.11,11.54,20.27,162440,-1.17,66.0,0.676
2025-04-06T18:56:09.000,18.31,4.35,2491.22,11.78,20.27,162441,-1.37,66.0,0.676
2025-04-06T18:57:09.000,18.27,4.29,2001.04,12.02,20.27,162442,-1.56,67.0,0.676
2025-04-06T18:58:10.000,18.22,4.27,1604.71,12.26,20.27,162443,-1.75,67.0,0.676
2025-04-06T18:59:10.000,18.18,4.31,1283.18,12.5,20.27,162444,-1.94,67.0,0.676
2025-04-06T19:00:11.000,18.16,4.26,1030.04,12.74,20.27,162445,-2.13,67.0,0.676
2025-04-06T19:01:11.000,18.14,4.04,816.51,12.99,20.27,162446,-2.32,67.0,0.676
2025-04-06T19:02:12.000,18.11,3.94,657.76,13.23,20.27,162447,-2.51,67.0,0.676
2025-04-06T19:03:12.000,18.04,3.67,527.31,13.47,20.27,162448,-2.7,67.0,0.676
2025-04-06T19:04:13.000,18.01,3.71,427.38,13.69,20.27,162449,-2.89,67.0,0.676
2025-04-06T19:05:13.000,17.98,3.45,345.78,13.93,20.27,162450,-3.08,68.0,0.676
2025-04-06T19:06:14.000,17.96,3.17,282.78,14.14,20.27,162451,-3.27,68.0,0.676
2025-04-06T19:07:14.000,17.92,2.77,221.08,14.41,20.27,162452,-3.46,68.0,0.676
2025-04-06T19:08:14.000,17.86,2.49,182.61,14.62,20.27,162453,-3.64,68.0,0.676
2025-04-06T19:09:14.000,17.8,2.27,150.09,14.83,20.27,162454,-3.83,68.0,0.677
2025-04-06T19:10:14.000,17.75,2.04,138.0,14.92,20.27,162455,-4.02,68.0,0.677
2025-04-06T19:11:14.000,17.68,1.8,118.52,15.09,20.27,162456,-4.21,68.0,0.677
2025-04-06T19:12:15.000,17.6,1.52,99.21,15.28,20.27,162457,-4.4,68.0,0.677
2025-04-06T19:13:15.000,17.54,1.28,77.59,15.55,20.27,162458,-4.58,69.0,0.677
2025-04-06T19:14:15.000,17.48,0.93,78.25,15.54,20.27,162459,-4.77,69.0,0.677
2025-04-06T19:15:15.000,17.41,0.56,80.79,15.5,20.27,162460,-4.96,69.0,0.677
2025-04-06T19:16:15.000,17.34,0.04,76.43,15.57,20.27,162461,-5.14,69.0,0.677
2025-04-06T19:17:15.000,17.26,-0.48,62.75,15.78,20.27,162462,-5.33,69.0,0.677
2025-04-06T19:18:15.000,17.17,-1.09,50.86,16.04,20.27,162463,-5.52,69.0,0.677
2025-04-06T19:19:16.000,17.1,-1.59,40.62,16.26,20.27,162464,-5.71,69.0,0.677
2025-04-06T19:20:16.000,17.01,-2.23,67.7,15.7,20.27,162465,-5.89,69.0,0.677
2025-04-06T19:21:16.000,16.95,-2.66,34.73,16.43,20.27,162466,-6.08,69.0,0.677
2025-04-06T19:22:16.000,16.9,-2.98,52.97,16.02,20.27,162467,-6.27,69.0,0.677
2025-04-06T19:23:16.000,16.84,-3.39,77.77,15.54,20.27,162468,-6.45,70.0,0.677
2025-04-06T19:24:17.000,16.77,-3.64,74.94,15.58,20.27,162469,-6.64,70.0,0.678
2025-04-06T19:25:17.000,16.68,-3.89,78.91,15.53,20.27,162470,-6.83,70.0,0.678
2025-04-06T19:26:17.000,16.61,-4.12,78.54,15.53,20.27,162471,-7.01,70.0,0.678
2025-04-06T19:27:17.000,16.53,-4.23,79.75,15.52,20.27,162472,-7.2,70.0,0.678
2025-04-06T19:28:17.000,16.47,-4.26,80.02,15.51,20.27,162473,-7.38,70.0,0.678
2025-04-06T19:29:18.000,16.45,-4.32,82.25,15.48,20.27,162474,-7.57,70.0,0.678
2025-04-06T19:30:18.000,16.43,-4.43,82.63,15.48,20.27,162475,-7.76,70.0,0.678
2025-04-06T19:31:18.000,16.38,-4.54,75.91,15.58,20.27,162476,-7.94,70.0,0.678
2025-04-06T19:32:18.000,16.33,-4.5,31.83,16.53,20.27,162477,-8.12,70.0,0.678
2025-04-06T19:33:18.000,16.29,-4.4,35.96,16.4,20.27,162478,-8.31,70.0,0.678
2025-04-06T19:34:18.000,16.26,-4.32,53.04,15.96,20.27,162479,-8.49,71.0,0.678
2025-04-06T19:35:18.000,16.24,-4.03,47.6,16.08,20.27,162480,-8.68,71.0,0.678
2025-04-06T19:36:19.000,16.23,-3.8,57.91,15.89,20.27,162481,-8.86,71.0,0.678
2025-04-06T19:37:19.000,16.25,-3.43,42.82,16.22,20.27,162482,-9.05,71.0,0.678
2025-04-06T19:38:19.000,16.22,-3.24,83.78,15.46,20.27,162483,-9.23,71.0,0.678
2025-04-06T19:39:19.000,16.17,-2.92,65.02,15.75,20.27,162484,-9.42,71.0,0.679
2025-04-06T19:40:19.000,16.14,-2.67,86.16,15.43,20.27,162485,-9.6,71.0,0.679
2025-04-06T19:41:19.000,16.11,-2.48,88.11,15.41,20.27,162486,-9.78,71.0,0.679
2025-04-06T19:42:19.000,16.08,-2.17,90.98,15.37,20.27,162487,-9.97,71.0,0.679
2025-04-06T19:43:20.000,16.07,-1.75,94.52,15.33,20.27,162488,-10.15,71.0,0.679
2025-04-06T19:44:20.000,16.07,-1.28,85.09,15.46,20.27,162489,-10.33,71.0,0.679
2025-04-06T19:45:20.000,16.06,-0.77,42.52,16.21,20.27,162490,-10.52,71.0,0.679
2025-04-06T19:46:20.000,16.08,0.07,41.27,16.24,20.27,162491,-10.7,71.0,0.679
2025-04-06T19:47:20.000,16.15,0.91,73.64,15.61,20.27,162492,-10.88,71.0,0.679
2025-04-06T19:48:20.000,16.22,1.29,54.55,16.01,20.27,162493,-11.06,71.0,0.679
2025-04-06T19:49:21.000,16.27,1.83,34.31,16.49,20.27,162494,-11.25,71.0,0.679
2025-04-06T19:50:21.000,16.3,2.24,33.6,16.49,20.27,162495,-11.43,71.0,0.679
2025-04-06T19:51:21.000,16.33,2.59,29.95,16.59,20.27,162496,-11.61,72.0,0.679
2025-04-06T19:52:21.000,16.39,2.87,26.67,16.71,20.27,162497,-11.79,72.0,0.679
2025-04-06T19:53:21.000,16.42,2.92,22.11,16.91,20.27,162498,-11.97,72.0,0.679
2025-04-06T19:54:21.000,16.44,3.23,21.59,16.94,20.27,162499,-12.15,72.0,0.68
2025-04-06T19:55:21.000,16.48,3.31,21.86,16.92,20.27,162500,-12.33,72.0,0.68
2025-04-06T19:56:21.000,16.47,3.46,21.25,16.95,20.27,162501,-12.51,72.0,0.68
2025-04-06T19:57:21.000,16.49,3.83,18.45,17.11,20.27,162502,-12.69,72.0,0.68
2025-04-06T19:58:22.000,16.51,4.04,18.02,17.13,20.27,162503,-12.88,72.0,0.68
2025-04-06T19:59:22.000,16.52,4.21,18.08,17.13,20.27,162504,-13.06,72.0,0.68
2025-04-06T20:00:22.000,16.5,4.34,19.23,17.06,20.27,162505,-13.24,72.0,0.68
2025-04-06T20:01:22.000,16.53,4.45,20.7,16.98,20.27,162506,-13.42,72.0,0.68
2025-04-06T20:02:22.000,16.6,4.3,24.74,16.79,20.27,162507,-13.59,72.0,0.68
2025-04-06T20:03:22.000,16.62,3.96,39.54,16.29,20.27,162508,-13.77,72.0,0.68
2025-04-06T20:04:22.000,16.61,3.64,24.17,16.82,20.27,162509,-13.95,72.0,0.68
2025-04-06T20:05:22.000,16.6,3.53,20.8,16.97,20.27,162510,-14.13,72.0,0.68
2025-04-06T20:06:22.000,16.62,3.31,22.95,16.87,20.27,162511,-14.31,72.0,0.68
2025-04-06T20:07:22.000,16.61,3.19,27.63,16.67,20.27,162512,-14.49,72.0,0.68
2025-04-06T20:08:23.000,16.61,3.33,25.18,16.77,20.27,162513,-14.67,72.0,0.68
2025-04-06T20:09:23.000,16.62,3.37,23.54,16.84,20.27,162514,-14.85,72.0,0.681
2025-04-06T20:10:23.000,16.63,3.36,23.21,16.86,20.27,162515,-15.02,72.0,0.681
2025-04-06T20:11:23.000,16.65,3.2,21.53,16.94,20.27,162516,-15.2,72.0,0.681
2025-04-06T20:12:23.000,16.68,2.92,22.22,16.9,20.27,162517,-15.38,72.0,0.681
2025-04-06T20:13:23.000,16.71,2.58,24.95,16.78,20.27,162518,-15.55,72.0,0.681
2025-04-06T20:14:23.000,16.71,2.15,33.02,16.48,20.27,162519,-15.73,72.0,0.681
2025-04-06T20:15:23.000,16.68,1.67,31.91,16.52,20.27,162520,-15.91,72.0,0.681
2025-04-06T20:16:23.000,16.62,1.36,28.57,16.63,20.27,162521,-16.08,72.0,0.681
2025-04-06T20:17:24.000,16.56,1.2,30.56,16.56,20.27,162522,-16.26,72.0,0.681
2025-04-06T20:18:24.000,16.51,0.98,25.67,16.77,20.27,162523,-16.44,72.0,0.681
2025-04-06T20:19:24.000,16.45,0.6,20.47,16.99,20.27,162524,-16.61,72.0,0.681
2025-04-06T20:20:24.000,16.39,0.21,22.01,16.91,20.27,162525,-16.79,72.0,0.681
2025-04-06T20:21:24.000,16.3,-0.4,24.47,16.8,20.27,162526,-16.96,72.0,0.681
2025-04-06T20:22:24.000,16.21,-1.15,20.93,16.97,20.27,162527,-17.14,72.0,0.681
2025-04-06T20:23:24.000,16.11,-1.78,21.63,16.93,20.27,162528,-17.31,72.0,0.681
2025-04-06T20:24:24.000,16.04,-2.48,22.02,16.92,20.27,162529,-17.48,72.0,0.682
2025-04-06T20:25:25.000,15.97,-3.28,20.53,16.99,20.27,162530,-17.66,72.0,0.682
2025-04-06T20:26:25.000,15.89,-3.96,26.25,16.76,20.27,162531,-17.83,72.0,0.682
2025-04-06T20:27:25.000,15.79,-4.56,22.53,16.91,20.27,162532,-18.01,72.0,0.682
2025-04-06T20:28:25.000,15.69,-5.02,19.8,17.03,20.27,162533,-18.18,71.0,0.682
2025-04-06T20:29:25.000,15.6,-5.49,18.25,17.12,20.27,162534,-18.35,71.0,0.682
2025-04-06T20:30:25.000,15.52,-5.94,22.32,16.9,20.27,162535,-18.52,71.0,0.682
2025-04-06T20:31:25.000,15.44,-6.38,23.69,16.83,20.27,162536,-18.7,71.0,0.682
2025-04-06T20:32:25.000,15.37,-6.83,23.59,16.84,20.27,162537,-18.87,71.0,0.682
2025-04-06T20:33:26.000,15.29,-7.17,23.27,16.85,20.27,162538,-19.04,71.0,0.682
2025-04-06T20:34:26.000,15.19,-7.52,23.08,16.86,20.27,162539,-19.21,71.0,0.682
2025-04-06T20:35:26.000,15.1,-7.7,22.88,16.87,20.27,162540,-19.38,71.0,0.682
2025-04-06T20:36:26.000,15.02,-7.89,22.78,16.88,20.27,162541,-19.56,71.0,0.682
2025-04-06T20:37:26.000,14.95,-8.07,22.66,16.88,20.27,162542,-19.73,71.0,0.682
2025-04-06T20:38:26.000,14.85,-8.16,22.54,16.89,20.27,162543,-19.9,71.0,0.682
2025-04-06T20:39:26.000,14.77,-8.26,22.41,16.89,20.27,162544,-20.07,71.0,0.683
2025-04-06T20:40:26.000,14.65,-8.31,22.31,16.9,20.27,162545,-20.23,71.0,0.683
2025-04-06T20:41:27.000,14.56,-8.31,22.2,16.9,20.27,162546,-20.41,71.0,0.683
2025-04-06T20:42:27.000,14.47,-8.31,22.07,16.91,20.27,162547,-20.58,71.0,0.683
2025-04-06T20:43:27.000,14.38,-8.29,21.96,16.92,20.27,162548,-20.74,71.0,0.683
2025-04-06T20:44:27.000,14.3,-8.24,21.79,16.92,20.27,162549,-20.91,70.0,0.683
2025-04-06T20:45:27.000,14.23,-8.27,21.61,16.93,20.27,162550,-21.08,70.0,0.683
2025-04-06T20:46:27.000,14.13,-8.37,21.35,16.95,20.27,162551,-21.25,70.0,0.683
2025-04-06T20:47:27.000,14.08,-8.29,20.99,16.97,20.27,162552,-21.41,70.0,0.683
2025-04-06T20:48:27.000,14.04,-8.24,20.45,16.99,20.27,162553,-21.58,70.0,0.683
2025-04-06T20:49:27.000,13.99,-8.2,19.79,17.03,20.27,162554,-21.75,70.0,0.683
2025-04-06T20:50:28.000,13.94,-8.27,18.89,17.08,20.27,162555,-21.92,70.0,0.683
2025-04-06T20:51:28.000,13.89,-8.27,17.98,17.13,20.27,162556,-22.08,70.0,0.683
2025-04-06T20:52:28.000,13.85,-8.29,17.19,17.18,20.27,162557,-22.25,70.0,0.683
2025-04-06T20:53:28.000,13.81,-8.3,16.36,17.24,20.27,162558,-22.41,70.0,0.683
2025-04-06T20:54:28.000,13.77,-8.41,15.56,17.29,20.27,162559,-22.58,70.0,0.684
2025-04-06T20:55:28.000,13.72,-8.41,14.91,17.34,20.27,162560,-22.74,69.0,0.684
2025-04-06T20:56:28.000,13.67,-8.37,14.47,17.37,20.27,162561,-22.91,69.0,0.684
2025-04-06T20:57:29.000,13.63,-8.38,14.06,17.4,20.27,162562,-23.07,69.0,0.684
2025-04-06T20:58:29.000,13.59,-8.46,13.73,17.43,20.27,162563,-23.24,69.0,0.684
2025-04-06T20:59:29.000,13.54,-8.5,13.44,17.45,20.27,162564,-23.4,69.0,0.684
2025-04-06T21:00:29.000,13.49,-8.49,13.2,17.47,20.27,162565,-23.56,69.0,0.684
2025-04-06T21:01:29.000,13.47,-8.53,12.99,17.49,20.27,162566,-23.72,69.0,0.684
2025-04-06T21:02:29.000,13.46,-8.57,12.79,17.5,20.27,162567,-23.89,69.0,0.684
2025-04-06T21:03:29.000,13.47,-8.54,12.57,17.52,20.27,162568,-24.05,69.0,0.684
2025-04-06T21:04:29.000,13.46,-8.56,12.32,17.54,20.27,162569,-24.21,69.0,0.684
2025-04-06T21:05:29.000,13.48,-8.5,12.16,17.56,20.27,162570,-24.37,68.0,0.684
2025-04-06T21:06:30.000,13.5,-8.57,11.99,17.57,20.27,162571,-24.53,68.0,0.684
2025-04-06T21:07:30.000,13.49,-8.68,11.97,17.57,20.27,162572,-24.69,68.0,0.684
2025-04-06T21:08:30.000,13.44,-8.65,11.82,17.59,20.27,162573,-24.85,68.0,0.684
2025-04-06T21:09:30.000,13.39,-8.66,11.68,17.6,20.27,162574,-25.01,68.0,0.685
2025-04-06T21:10:30.000,13.36,-8.65,11.53,17.62,20.27,162575,-25.17,68.0,0.685
2025-04-06T21:11:30.000,13.33,-8.66,11.42,17.63,20.27,162576,-25.33,68.0,0.685
2025-04-06T21:12:30.000,13.3,-8.76,11.27,17.64,20.27,162577,-25.49,68.0,0.685
2025-04-06T21:13:30.000,13.24,-8.83,11.12,17.65,20.27,162578,-25.64,67.0,0.685
2025-04-06T21:14:30.000,13.17,-8.94,10.96,17.67,20.27,162579,-25.8,67.0,0.685
2025-04-06T21:15:30.000,13.11,-8.94,10.78,17.69,20.27,162580,-25.96,67.0,0.685
2025-04-06T21:16:31.000,13.03,-8.94,10.63,17.7,20.27,162581,-26.12,67.0,0.685
2025-04-06T21:17:31.000,12.98,-8.99,10.51,17.72,20.27,162582,-26.27,67.0,0.685
2025-04-06T21:18:31.000,12.92,-9.0,10.4,17.73,20.27,162583,-26.43,67.0,0.685
2025-04-06T21:19:31.000,12.85,-8.93,10.29,17.74,20.27,162584,-26.58,67.0,0.685
2025-04-06T21:20:31.000,12.8,-8.91,10.19,17.75,20.27,162585,-26.74,67.0,0.685
2025-04-06T21:21:31.000,12.76,-8.85,10.09,17.76,20.27,162586,-26.89,66.0,0.685
2025-04-06T21:22:31.000,12.74,-8.72,9.97,17.77,20.27,162587,-27.05,66.0,0.685
2025-04-06T21:23:31.000,12.74,-8.61,9.83,17.79,20.27,162588,-27.2,66.0,0.685
2025-04-06T21:24:32.000,12.75,-8.62,9.7,17.8,20.27,162589,-27.36,66.0,0.686
2025-04-06T21:25:32.000,12.79,-8.59,9.56,17.82,20.27,162590,-27.51,66.0,0.686
2025-04-06T21:26:32.000,12.77,-8.92,9.39,17.84,20.27,162591,-27.66,66.0,0.686
2025-04-06T21:27:32.000,12.76,-8.71,9.24,17.86,20.27,162592,-27.81,66.0,0.686
2025-04-06T21:28:32.000,12.77,-8.72,9.09,17.87,20.27,162593,-27.96,65.0,0.686
2025-04-06T21:29:32.000,12.74,-8.9,8.95,17.89,20.27,162594,-28.11,65.0,0.686
2025-04-06T21:30:32.000,12.69,-8.91,8.81,17.91,20.27,162595,-28.26,65.0,0.686
2025-04-06T21:31:32.000,12.68,-8.65,8.73,17.92,20.27,162596,-28.41,65.0,0.686
2025-04-06T21:32:32.000,12.7,-8.78,8.6,17.93,20.27,162597,-28.56,65.0,0.686
2025-04-06T21:33:32.000,12.66,-8.94,8.49,17.95,20.27,162598,-28.71,65.0,0.686
2025-04-06T21:34:33.000,12.61,-8.84,8.3,17.97,20.27,162599,-28.86,65.0,0.686
2025-04-06T21:35:33.000,12.59,-8.78,8.25,17.98,20.27,162600,-29.01,64.0,0.686
2025-04-06T21:36:33.000,12.55,-8.77,8.16,17.99,20.27,162601,-29.16,64.0,0.686
2025-04-06T21:37:33.000,12.53,-8.65,8.04,18.01,20.27,162602,-29.31,64.0,0.686
2025-04-06T21:38:33.000,12.51,-8.7,8.0,18.01,20.27,162603,-29.45,64.0,0.686
2025-04-06T21:39:33.000,12.49,-8.72,7.97,18.02,20.27,162604,-29.6,64.0,0.687
