ecsv/stars201/stars201_2025-04.ecsv
# %ECSV 1.0
# ---
# datatype:
# - {name: time, datatype: string}
# - {name: Enclosure Temperature, unit: deg_C, datatype: float64}
# - {name: Sky Temperature, unit: deg_C, datatype: float64}
# - {name: Frequency, unit: Hz, datatype: float64}
# - {name: MSAS, unit: mag / arcsec2, datatype: float64}
# - {name: ZP, datatype: float64}
# - {name: Sequence Number, datatype: int64}
# - {name: Sun Alt, unit: deg, datatype: float64}
# - {name: Moon Alt, unit: deg, datatype: float64}
# - {name: Moon Illumination, datatype: float64}
# delimiter: ','
# meta: !!omap
# - ida:
#     Data supplier: {affiliation: null, observer: Miquel Serra}
#     Device type: TESS-W
#     Field of view: 17.0
#     Filters per channel: None
#     Instrument ID: stars201
#     License: ODbL 1.0 http://opendatacommons.org/licenses/odbl/summary/
#     Local timezone: Europe/Madrid
#     Location name: {country: Spain, place: Finca La Cocosa, region: null, sub_region: Badajoz, town: Badajoz}
#     Measurement direction per channel: {azimuth: 0.0, zenital: 0.0}
#     Moving / Fixed look direction: FIXED
#     Moving / Stationary position: STATIONARY
#     Number of channels: 1
#     Number of fields per line: 8
#     Number of header lines: 35
#     Position: {height: 313.0, latitude: 38.7555, longitude: -6.9845}
#     TESS MAC address: 4C:75:25:27:43:56
#     TESS cover offset value: 0.0
#     TESS firmware version: '1.0'
#     TESS zero point: 20.3
#     Time Synchronization: timestamp added by MQTT subscriber
#     URL: http://www.darksky.org/NSBM/sdf1.0.pdf
# - __serialized_columns__:
#     Enclosure Temperature:
#       __class__: astropy.units.quantity.Quantity
#       unit: &id001 !astropy.units.Unit {unit: deg_C}
#       value: !astropy.table.SerializedColumn {name: Enclosure Temperature}
#     Frequency:
#       __class__: astropy.units.quantity.Quantity
#       unit: !astropy.units.Unit {unit: Hz}
#       value: !astropy.table.SerializedColumn {name: Frequency}
#     MSAS:
#       __class__: astropy.units.quantity.Quantity
#       unit: !astropy.units.Unit {unit: mag / arcsec2}
#       value: !astropy.table.SerializedColumn {name: MSAS}
#     Moon Alt:
#       __class__: astropy.units.quantity.Quantity
#       unit: &id002 !astropy.units.Unit {unit: deg}
#       value: !astropy.table.SerializedColumn {name: Moon Alt}
#     Sky Temperature:
#       __class__: astropy.units.quantity.Quantity
#       unit: *id001
#       value: !astropy.table.SerializedColumn {name: Sky Temperature}
#     Sun Alt:
#       __class__: astropy.units.quantity.Quantity
#       unit: *id002
#       value: !astropy.table.SerializedColumn {name: Sun Alt}
#     time:
#       __class__: astropy.time.core.Time
#       format: isot
#       in_subfmt: '*'
#       out_subfmt: '*'
#       precision: 3
#       scale: utc
#       value: !astropy.table.SerializedColumn {name: time}
# schema: astropy-2.0
time,Enclosure Temperature,Sky Temperature,Frequency,MSAS,ZP,Sequence Number,Sun Alt,Moon Alt,Moon Illumination
[from data line 2603]
2025-04-04T20:26:27.000,10.99,-8.61,7.01,18.28,20.3,499,-18.02,63.0,0.475
2025-04-04T20:27:27.000,11.0,-8.58,6.97,18.29,20.3,500,-18.2,63.0,0.475
2025-04-04T20:28:27.000,11.0,-8.54,6.94,18.29,20.3,501,-18.38,63.0,0.475
2025-04-04T20:29:27.000,11.0,-8.53,6.88,18.3,20.3,502,-18.56,63.0,0.475
2025-04-04T20:30:27.000,10.99,-8.55,6.83,18.31,20.3,503,-18.74,62.0,0.475
2025-04-04T20:31:27.000,10.99,-8.56,6.8,18.31,20.3,504,-18.91,62.0,0.475
2025-04-04T20:32:27.000,10.97,-8.61,6.69,18.33,20.3,505,-19.09,62.0,0.476
2025-04-04T20:33:27.000,10.94,-8.59,6.68,18.33,20.3,506,-19.27,62.0,0.476
2025-04-04T20:34:27.000,10.91,-8.61,6.61,18.34,20.3,507,-19.44,62.0,0.476
2025-04-04T20:35:28.000,10.89,-8.58,6.56,18.35,20.3,508,-19.62,61.0,0.476
2025-04-04T20:36:28.000,10.88,-8.59,6.53,18.36,20.3,509,-19.8,61.0,0.476
2025-04-04T20:37:28.000,10.86,-8.6,6.47,18.37,20.3,510,-19.97,61.0,0.476
2025-04-04T20:38:28.000,10.85,-8.57,6.42,18.37,20.3,511,-20.15,61.0,0.476
2025-04-04T20:39:28.000,10.85,-8.54,6.37,18.38,20.3,512,-20.32,61.0,0.476
2025-04-04T20:40:28.000,10.86,-8.55,6.34,18.39,20.3,513,-20.5,60.0,0.476
2025-04-04T20:41:28.000,10.87,-8.51,6.3,18.4,20.3,514,-20.67,60.0,0.476
2025-04-04T20:42:28.000,10.88,-8.43,6.26,18.4,20.3,515,-20.85,60.0,0.476
2025-04-04T20:43:28.000,10.9,-8.39,6.23,18.41,20.3,516,-21.02,60.0,0.476
2025-04-04T20:44:28.000,10.93,-8.4,6.16,18.42,20.3,517,-21.19,60.0,0.476
2025-04-04T20:45:28.000,10.96,-8.37,6.13,18.43,20.3,518,-21.37,60.0,0.477
2025-04-04T20:46:28.000,10.97,-8.48,6.06,18.44,20.3,519,-21.54,59.0,0.477
2025-04-04T20:47:28.000,10.98,-8.62,5.99,18.45,20.3,520,-21.71,59.0,0.477
2025-04-04T20:48:29.000,10.96,-8.66,5.94,18.46,20.3,521,-21.89,59.0,0.477
2025-04-04T20:49:29.000,10.96,-8.59,5.93,18.46,20.3,522,-22.06,59.0,0.477
2025-04-04T20:50:29.000,10.94,-8.58,5.92,18.46,20.3,523,-22.23,59.0,0.477
2025-04-04T20:51:29.000,10.93,-8.56,5.79,18.49,20.3,524,-22.4,58.0,0.477
2025-04-04T20:52:29.000,10.93,-8.56,5.69,18.51,20.3,525,-22.57,58.0,0.477
2025-04-04T20:53:29.000,10.96,-8.48,5.63,18.52,20.3,526,-22.74,58.0,0.477
2025-04-04T20:54:29.000,11.0,-8.46,5.58,18.53,20.3,527,-22.92,58.0,0.477
2025-04-04T20:55:29.000,11.03,-8.54,5.53,18.54,20.3,528,-23.09,58.0,0.477
2025-04-04T20:56:29.000,11.06,-8.57,5.47,18.55,20.3,529,-23.25,57.0,0.477
2025-04-04T20:57:29.000,11.08,-8.46,5.46,18.55,20.3,530,-23.42,57.0,0.477
2025-04-04T20:58:29.000,11.12,-7.36,6.05,18.44,20.3,531,-23.59,57.0,0.478
2025-04-04T20:59:29.000,11.19,-6.59,6.38,18.39,20.3,532,-23.76,57.0,0.478
2025-04-04T21:00:29.000,11.23,-7.92,5.3,18.58,20.3,533,-23.93,57.0,0.478
2025-04-04T21:01:29.000,11.24,-8.42,5.21,18.6,20.3,534,-24.1,57.0,0.478
2025-04-04T21:02:30.000,11.27,-8.39,5.14,18.62,20.3,535,-24.27,56.0,0.478
2025-04-04T21:03:30.000,11.28,-8.5,5.03,18.64,20.3,536,-24.44,56.0,0.478
2025-04-04T21:04:30.000,11.29,-8.52,5.0,18.65,20.3,537,-24.6,56.0,0.478
2025-04-04T21:05:30.000,11.29,-8.57,4.97,18.65,20.3,538,-24.77,56.0,0.478
2025-04-04T21:06:30.000,11.3,-8.61,4.9,18.67,20.3,539,-24.94,56.0,0.478
2025-04-04T21:07:30.000,11.3,-8.67,4.83,18.68,20.3,540,-25.1,55.0,0.478
2025-04-04T21:08:30.000,11.3,-8.62,4.81,18.69,20.3,541,-25.27,55.0,0.478
2025-04-04T21:09:30.000,11.3,-8.53,4.85,18.68,20.3,542,-25.43,55.0,0.478
2025-04-04T21:10:30.000,11.29,-8.6,4.79,18.69,20.3,543,-25.6,55.0,0.478
2025-04-04T21:11:30.000,11.28,-8.69,4.7,18.72,20.3,544,-25.76,55.0,0.479
2025-04-04T21:12:30.000,11.26,-8.68,4.66,18.72,20.3,545,-25.93,54.0,0.479
2025-04-04T21:13:30.000,11.24,-8.63,4.65,18.73,20.3,546,-26.09,54.0,0.479
2025-04-04T21:14:30.000,11.23,-8.66,4.61,18.74,20.3,547,-26.25,54.0,0.479
2025-04-04T21:15:31.000,11.2,-8.69,4.6,18.74,20.3,548,-26.42,54.0,0.479
2025-04-04T21:16:31.000,11.19,-8.61,4.57,18.75,20.3,549,-26.58,54.0,0.479
2025-04-04T21:17:31.000,11.21,-8.57,4.55,18.75,20.3,550,-26.74,54.0,0.479
2025-04-04T21:18:31.000,11.2,-8.62,4.53,18.76,20.3,551,-26.91,53.0,0.479
2025-04-04T21:19:31.000,11.2,-8.61,4.51,18.76,20.3,552,-27.07,53.0,0.479
2025-04-04T21:20:31.000,11.19,-8.56,4.5,18.76,20.3,553,-27.23,53.0,0.479
2025-04-04T21:21:31.000,11.18,-8.52,4.5,18.76,20.3,554,-27.39,53.0,0.479
2025-04-04T21:22:31.000,11.2,-8.41,4.54,18.75,20.3,555,-27.55,53.0,0.479
2025-04-04T21:23:31.000,11.2,-8.29,4.41,18.78,20.3,556,-27.71,52.0,0.479
2025-04-04T21:24:31.000,11.19,-8.1,4.8,18.69,20.3,557,-27.87,52.0,0.479
2025-04-04T21:25:31.000,11.19,-7.83,5.09,18.63,20.3,558,-28.03,52.0,0.48
2025-04-04T21:26:31.000,11.22,-7.71,4.75,18.7,20.3,559,-28.18,52.0,0.48
2025-04-04T21:27:31.000,11.25,-7.83,4.5,18.76,20.3,560,-28.34,52.0,0.48
2025-04-04T21:28:31.000,11.26,-7.97,4.39,18.79,20.3,561,-28.5,51.0,0.48
2025-04-04T21:29:31.000,11.26,-7.99,4.39,18.79,20.3,562,-28.66,51.0,0.48
2025-04-04T21:30:32.000,11.26,-8.12,4.41,18.78,20.3,563,-28.82,51.0,0.48
2025-04-04T21:31:32.000,11.27,-8.12,4.39,18.79,20.3,564,-28.97,51.0,0.48
2025-04-04T21:32:32.000,11.29,-8.02,4.44,18.78,20.3,565,-29.13,51.0,0.48
2025-04-04T21:33:32.000,11.31,-8.03,4.44,18.78,20.3,566,-29.28,50.0,0.48
2025-04-04T21:34:32.000,11.34,-8.09,4.46,18.77,20.3,567,-29.44,50.0,0.48
2025-04-04T21:35:32.000,11.36,-8.16,4.47,18.77,20.3,568,-29.59,50.0,0.48
2025-04-04T21:36:32.000,11.39,-8.19,4.5,18.76,20.3,569,-29.75,50.0,0.48
2025-04-04T21:37:32.000,11.4,-8.25,4.52,18.76,20.3,570,-29.9,50.0,0.48
2025-04-04T21:38:32.000,11.41,-8.27,4.54,18.75,20.3,571,-30.05,50.0,0.481
2025-04-04T21:39:32.000,11.42,-8.23,4.54,18.75,20.3,572,-30.21,49.0,0.481
2025-04-04T21:40:32.000,11.42,-8.2,4.55,18.75,20.3,573,-30.36,49.0,0.481
2025-04-04T21:41:32.000,11.43,-8.14,4.55,18.75,20.3,574,-30.51,49.0,0.481
2025-04-04T21:42:32.000,11.46,-8.08,4.55,18.75,20.3,575,-30.66,49.0,0.481
2025-04-04T21:43:32.000,11.48,-8.03,4.55,18.75,20.3,576,-30.81,49.0,0.481
2025-04-04T21:44:32.000,11.49,-8.03,4.53,18.76,20.3,577,-30.96,48.0,0.481
2025-04-04T21:45:32.000,11.51,-7.89,4.6,18.74,20.3,578,-31.11,48.0,0.481
2025-04-04T21:46:33.000,11.54,-7.51,4.78,18.7,20.3,579,-31.26,48.0,0.481
2025-04-04T21:47:33.000,11.56,-7.08,5.01,18.64,20.3,580,-31.41,48.0,0.481
2025-04-04T21:48:33.000,11.58,-6.65,4.76,18.7,20.3,581,-31.56,48.0,0.481
2025-04-04T21:49:33.000,11.62,-6.05,4.66,18.73,20.3,582,-31.71,47.0,0.481
2025-04-04T21:50:33.000,11.68,-4.93,4.33,18.81,20.3,583,-31.85,47.0,0.481
2025-04-04T21:51:33.000,11.75,-3.15,4.5,18.77,20.3,584,-32.0,47.0,0.482
2025-04-04T21:52:33.000,11.83,-1.29,4.91,18.67,20.3,585,-32.14,47.0,0.482
2025-04-04T21:53:33.000,11.93,0.16,5.1,18.63,20.3,586,-32.29,47.0,0.482
2025-04-04T21:54:33.000,12.03,1.07,6.46,18.37,20.3,587,-32.43,46.0,0.482
2025-04-04T21:55:33.000,12.14,1.63,6.59,18.35,20.3,588,-32.58,46.0,0.482
2025-04-04T21:56:33.000,12.25,2.19,6.26,18.4,20.3,589,-32.72,46.0,0.482
2025-04-04T21:57:33.000,12.34,3.02,6.79,18.32,20.3,590,-32.87,46.0,0.482
2025-04-04T21:58:34.000,12.44,3.59,7.65,18.19,20.3,591,-33.01,46.0,0.482
2025-04-04T21:59:34.000,12.52,3.41,8.82,18.03,20.3,592,-33.15,46.0,0.482
2025-04-04T22:00:34.000,12.59,2.47,8.23,18.11,20.3,593,-33.29,45.0,0.482
2025-04-04T22:01:34.000,12.63,1.37,6.74,18.32,20.3,594,-33.43,45.0,0.482
2025-04-04T22:02:34.000,12.66,-0.81,5.62,18.52,20.3,595,-33.57,45.0,0.482
2025-04-04T22:03:34.000,12.65,-2.96,4.75,18.7,20.3,596,-33.71,45.0,0.482
2025-04-04T22:04:34.000,12.62,-4.16,4.76,18.7,20.3,597,-33.85,45.0,0.483
2025-04-04T22:05:34.000,12.59,-4.39,4.86,18.68,20.3,598,-33.99,44.0,0.483
2025-04-04T22:06:34.000,12.55,-4.86,4.7,18.71,20.3,599,-34.13,44.0,0.483
2025-04-04T22:07:34.000,12.49,-5.5,4.6,18.74,20.3,600,-34.27,44.0,0.483
2025-04-04T22:08:34.000,12.43,-5.95,4.52,18.76,20.3,601,-34.4,44.0,0.483
2025-04-04T22:09:34.000,12.38,-6.19,4.52,18.76,20.3,602,-34.54,44.0,0.483
2025-04-04T22:10:35.000,12.33,-6.7,4.38,18.79,20.3,603,-34.68,43.0,0.483
2025-04-04T22:11:35.000,12.29,-6.74,4.16,18.85,20.3,604,-34.81,43.0,0.483
2025-04-04T22:12:35.000,12.26,-6.03,4.16,18.85,20.3,605,-34.95,43.0,0.483
2025-04-04T22:13:35.000,12.23,-5.68,3.95,18.91,20.3,606,-35.08,43.0,0.483
2025-04-04T22:14:35.000,12.22,-4.6,4.12,18.87,20.3,607,-35.21,43.0,0.483
2025-04-04T22:15:35.000,12.21,-6.14,4.24,18.83,20.3,608,-35.35,42.0,0.483
2025-04-04T22:16:35.000,12.19,-7.28,4.03,18.88,20.3,609,-35.48,42.0,0.483
2025-04-04T22:17:35.000,12.15,-7.42,3.98,18.9,20.3,610,-35.61,42.0,0.483
2025-04-04T22:18:35.000,12.11,-7.56,3.98,18.9,20.3,611,-35.74,42.0,0.484
2025-04-04T22:19:35.000,12.08,-7.58,3.94,18.91,20.3,612,-35.87,42.0,0.484
2025-04-04T22:20:35.000,12.06,-7.62,3.96,18.9,20.3,613,-36.0,42.0,0.484
2025-04-04T22:21:35.000,12.04,-7.72,3.86,18.93,20.3,614,-36.13,41.0,0.484
2025-04-04T22:22:35.000,12.01,-7.72,3.84,18.93,20.3,615,-36.25,41.0,0.484
2025-04-04T22:23:35.000,12.0,-7.76,3.81,18.94,20.3,616,-36.38,41.0,0.484
2025-04-04T22:24:35.000,11.99,-7.79,3.77,18.96,20.3,617,-36.51,41.0,0.484
2025-04-04T22:25:35.000,11.98,-7.79,3.74,18.96,20.3,618,-36.63,41.0,0.484
2025-04-04T22:26:35.000,11.97,-7.74,3.74,18.96,20.3,619,-36.76,40.0,0.484
2025-04-04T22:27:36.000,11.96,-7.79,3.72,18.97,20.3,620,-36.88,40.0,0.484
2025-04-04T22:28:36.000,11.95,-7.89,3.67,18.98,20.3,621,-37.01,40.0,0.484
2025-04-04T22:29:36.000,11.93,-7.93,3.64,18.99,20.3,622,-37.13,40.0,0.484
2025-04-04T22:30:36.000,11.91,-7.94,3.62,19.0,20.3,623,-37.25,40.0,0.484
2025-04-04T22:31:36.000,11.9,-7.93,3.59,19.01,20.3,624,-37.37,39.0,0.485
2025-04-04T22:32:36.000,11.88,-7.97,3.56,19.02,20.3,625,-37.49,39.0,0.485
2025-04-04T22:33:36.000,11.88,-7.91,3.53,19.03,20.3,626,-37.61,39.0,0.485
2025-04-04T22:34:36.000,11.92,-7.88,3.5,19.04,20.3,627,-37.73,39.0,0.485
2025-04-04T22:35:36.000,11.94,-7.92,3.48,19.04,20.3,628,-37.85,39.0,0.485
2025-04-04T22:36:36.000,11.96,-7.99,3.45,19.05,20.3,629,-37.97,38.0,0.485
2025-04-04T22:37:36.000,11.96,-7.96,3.43,19.06,20.3,630,-38.08,38.0,0.485
2025-04-04T22:38:36.000,11.97,-7.9,3.4,19.07,20.3,631,-38.2,38.0,0.485
2025-04-04T22:39:36.000,11.97,-7.74,3.37,19.08,20.3,632,-38.32,38.0,0.485
2025-04-04T22:40:36.000,11.96,-7.66,3.41,19.06,20.3,633,-38.43,38.0,0.485
2025-04-04T22:41:36.000,11.94,-7.64,3.17,19.15,20.3,634,-38.54,38.0,0.485
2025-04-04T22:42:36.000,11.93,-7.2,2.46,19.42,20.3,635,-38.66,37.0,0.485
2025-04-04T22:43:37.000,11.94,-5.35,2.9,19.24,20.3,636,-38.77,37.0,0.485
2025-04-04T22:44:37.000,11.98,-2.34,3.45,19.05,20.3,637,-38.88,37.0,0.486
2025-04-04T22:45:37.000,12.04,0.74,5.05,18.64,20.3,638,-38.99,37.0,0.486
2025-04-04T22:46:37.000,12.12,1.9,5.61,18.52,20.3,639,-39.1,37.0,0.486
2025-04-04T22:47:37.000,12.18,0.54,4.96,18.67,20.3,640,-39.21,36.0,0.486
2025-04-04T22:48:37.000,12.21,-1.77,3.3,19.1,20.3,641,-39.32,36.0,0.486
2025-04-04T22:49:37.000,12.22,-0.67,3.7,18.98,20.3,642,-39.43,36.0,0.486
2025-04-04T22:50:37.000,12.28,1.14,5.04,18.64,20.3,643,-39.53,36.0,0.486
2025-04-04T22:51:37.000,12.32,-0.46,4.71,18.71,20.3,644,-39.64,36.0,0.486
2025-04-04T22:52:37.000,12.34,-3.22,3.98,18.91,20.3,645,-39.74,35.0,0.486
2025-04-04T22:53:37.000,12.29,-6.38,3.17,19.15,20.3,646,-39.85,35.0,0.486
2025-04-04T22:54:37.000,12.23,-7.14,3.17,19.15,20.3,647,-39.95,35.0,0.486
2025-04-04T22:55:37.000,12.19,-5.91,3.43,19.06,20.3,648,-40.05,35.0,0.486
2025-04-04T22:56:37.000,12.16,-4.93,2.96,19.22,20.3,649,-40.16,35.0,0.486
2025-04-04T22:57:37.000,12.13,-4.89,2.89,19.25,20.3,650,-40.26,35.0,0.486
2025-04-04T22:58:37.000,12.12,-4.82,3.45,19.05,20.3,651,-40.36,34.0,0.487
2025-04-04T22:59:37.000,12.12,-4.44,3.83,18.94,20.3,652,-40.45,34.0,0.487
2025-04-04T23:00:38.000,12.14,-2.71,3.75,18.96,20.3,653,-40.55,34.0,0.487
2025-04-04T23:01:38.000,12.16,0.62,3.8,18.95,20.3,654,-40.65,34.0,0.487
2025-04-04T23:02:38.000,12.21,2.0,4.59,18.74,20.3,655,-40.75,34.0,0.487
2025-04-04T23:03:38.000,12.26,-0.28,4.11,18.86,20.3,656,-40.84,33.0,0.487
2025-04-04T23:04:38.000,12.26,-3.92,3.49,19.05,20.3,657,-40.94,33.0,0.487
2025-04-04T23:05:38.000,12.22,-6.51,2.84,19.26,20.3,658,-41.03,33.0,0.487
2025-04-04T23:06:38.000,12.17,-7.08,2.72,19.31,20.3,659,-41.12,33.0,0.487
2025-04-04T23:07:38.000,12.1,-7.35,3.01,19.21,20.3,660,-41.21,33.0,0.487
2025-04-04T23:08:38.000,12.04,-7.22,2.77,19.3,20.3,661,-41.3,32.0,0.487
2025-04-04T23:09:38.000,12.0,-6.17,2.54,19.39,20.3,662,-41.39,32.0,0.487
2025-04-04T23:10:38.000,11.99,-4.49,2.97,19.22,20.3,663,-41.48,32.0,0.487
2025-04-04T23:11:38.000,12.01,-3.46,3.0,19.21,20.3,664,-41.57,32.0,0.488
2025-04-04T23:12:38.000,12.05,-1.24,2.94,19.24,20.3,665,-41.66,32.0,0.488
2025-04-04T23:13:38.000,12.13,2.62,5.41,18.57,20.3,666,-41.74,32.0,0.488
2025-04-04T23:14:38.000,12.2,0.63,4.51,18.77,20.3,667,-41.83,31.0,0.488
2025-04-04T23:15:39.000,12.2,-4.57,2.78,19.29,20.3,668,-41.91,31.0,0.488
2025-04-04T23:16:39.000,12.18,-7.16,2.43,19.44,20.3,669,-42.0,31.0,0.488
2025-04-04T23:17:39.000,12.14,-7.77,2.32,19.49,20.3,670,-42.08,31.0,0.488
2025-04-04T23:18:39.000,12.1,-7.56,2.16,19.56,20.3,671,-42.16,31.0,0.488
2025-04-04T23:19:39.000,12.07,-7.08,2.2,19.54,20.3,672,-42.24,30.0,0.488
2025-04-04T23:20:39.000,12.05,-6.32,2.43,19.44,20.3,673,-42.32,30.0,0.488
2025-04-04T23:21:39.000,12.03,-5.54,2.43,19.44,20.3,674,-42.4,30.0,0.488
2025-04-04T23:22:39.000,12.02,-5.92,2.73,19.31,20.3,675,-42.48,30.0,0.488
2025-04-04T23:23:39.000,12.01,-5.5,2.89,19.25,20.3,676,-42.55,30.0,0.488
2025-04-04T23:24:39.000,12.01,-4.75,3.05,19.19,20.3,677,-42.63,30.0,0.489
2025-04-04T23:25:39.000,12.02,-5.27,3.26,19.11,20.3,678,-42.7,29.0,0.489
2025-04-04T23:26:39.000,12.02,-6.12,2.68,19.33,20.3,679,-42.77,29.0,0.489
2025-04-04T23:27:39.000,12.01,-6.58,2.54,19.39,20.3,680,-42.85,29.0,0.489
2025-04-04T23:28:39.000,11.99,-7.18,2.49,19.41,20.3,681,-42.92,29.0,0.489
2025-04-04T23:29:39.000,11.97,-7.32,2.84,19.27,20.3,682,-42.99,29.0,0.489
2025-04-04T23:30:40.000,11.95,-7.31,2.9,19.24,20.3,683,-43.06,28.0,0.489
2025-04-04T23:31:40.000,11.92,-7.61,2.65,19.34,20.3,684,-43.13,28.0,0.489
2025-04-04T23:32:40.000,11.91,-7.75,2.72,19.31,20.3,685,-43.19,28.0,0.489
2025-04-04T23:33:40.000,11.87,-7.78,2.06,19.62,20.3,686,-43.26,28.0,0.489
2025-04-04T23:34:40.000,11.86,-7.59,2.01,19.64,20.3,687,-43.32,28.0,0.489
2025-04-04T23:35:40.000,11.87,-7.18,2.01,19.64,20.3,688,-43.39,27.0,0.489
2025-04-04T23:36:40.000,11.89,-6.19,2.05,19.62,20.3,689,-43.45,27.0,0.489
2025-04-04T23:37:40.000,11.94,-4.08,2.11,19.59,20.3,690,-43.51,27.0,0.49
2025-04-04T23:38:40.000,12.02,-0.46,2.37,19.46,20.3,691,-43.57,27.0,0.49
2025-04-04T23:39:40.000,12.15,3.51,3.5,19.05,20.3,692,-43.63,27.0,0.49
2025-04-04T23:40:40.000,12.29,7.49,4.19,18.84,20.3,693,-43.69,27.0,0.49
2025-04-04T23:41:40.000,12.41,8.41,5.03,18.64,20.3,694,-43.75,26.0,0.49
2025-04-04T23:42:40.000,12.34,7.36,6.38,18.38,20.3,695,-43.8,26.0,0.49
2025-04-04T23:43:40.000,12.27,7.67,5.05,18.65,20.3,696,-43.86,26.0,0.49
2025-04-04T23:44:41.000,12.27,7.97,4.06,18.88,20.3,697,-43.91,26.0,0.49
2025-04-04T23:45:41.000,12.29,6.01,4.42,18.78,20.3,698,-43.97,26.0,0.49
2025-04-04T23:46:41.000,12.25,3.66,3.7,18.98,20.3,699,-44.02,25.0,0.49
2025-04-04T23:47:41.000,12.22,2.64,3.64,18.99,20.3,700,-44.07,25.0,0.49
2025-04-04T23:48:41.000,12.2,2.72,3.68,18.98,20.3,701,-44.12,25.0,0.49
2025-04-04T23:49:41.000,12.18,3.37,3.76,18.96,20.3,702,-44.17,25.0,0.49
2025-04-04T23:50:41.000,12.21,3.99,4.1,18.86,20.3,703,-44.21,25.0,0.49
2025-04-04T23:51:41.000,12.23,4.54,3.93,18.91,20.3,704,-44.26,25.0,0.491
2025-04-04T23:52:41.000,12.24,4.96,4.08,18.87,20.3,705,-44.3,24.0,0.491
2025-04-04T23:53:41.000,12.27,5.07,4.11,18.86,20.3,706,-44.35,24.0,0.491
2025-04-04T23:54:41.000,12.3,4.56,4.14,18.85,20.3,707,-44.39,24.0,0.491
2025-04-04T23:55:41.000,12.28,3.65,4.06,18.88,20.3,708,-44.43,24.0,0.491
2025-04-04T23:56:41.000,12.3,2.91,3.74,18.97,20.3,709,-44.47,24.0,0.491
2025-04-04T23:57:41.000,12.33,2.53,3.32,19.1,20.3,710,-44.51,23.0,0.491
2025-04-04T23:58:42.000,12.36,2.7,2.92,19.24,20.3,711,-44.55,23.0,0.491
2025-04-04T23:59:42.000,12.39,3.45,2.81,19.28,20.3,712,-44.59,23.0,0.491
2025-04-05T00:00:42.000,12.44,4.51,3.38,19.08,20.3,713,-44.62,23.0,0.491
2025-04-05T00:01:42.000,12.46,5.26,3.79,18.95,20.3,714,-44.66,23.0,0.491
2025-04-05T00:02:42.000,12.49,5.68,3.69,18.98,20.3,715,-44.69,23.0,0.491
2025-04-05T00:03:42.000,12.56,5.86,3.71,18.97,20.3,716,-44.72,22.0,0.491
