ecsv/stars201/stars201_2024-04.ecsv
# %ECSV 1.0
# ---
# datatype:
# - {name: time, datatype: string}
# - {name: Enclosure Temperature, unit: deg_C, datatype: float64}
# - {name: Sky Temperature, unit: deg_C, datatype: float64}
# - {name: Frequency, unit: Hz, datatype: float64}
# - {name: MSAS, unit: mag / arcsec2, datatype: float64}
# - {name: ZP, datatype: float64}
# - {name: Sequence Number, datatype: int64}
# - {name: Sun Alt, unit: deg, datatype: float64}
# - {name: Moon Alt, unit: deg, datatype: float64}
# - {name: Moon Illumination, datatype: float64}
# delimiter: ','
# meta: !!omap
# - ida:
#     Data supplier: {affiliation: null, observer: Miquel Serra}
#     Device type: TESS-W
#     Field of view: 17.0
#     Filters per channel: None
#     Instrument ID: stars201
#     License: ODbL 1.0 http://opendatacommons.org/licenses/odbl/summary/
#     Local timezone: Europe/Madrid
#     Location name: {country: Spain, place: Finca La Cocosa, region: null, sub_region: Badajoz, town: Badajoz}
#     Measurement direction per channel: {azimuth: 0.0, zenital: 0.0}
#     Moving / Fixed look direction: FIXED
#     Moving / Stationary position: STATIONARY
#     Number of channels: 1
#     Number of fields per line: 8
#     Number of header lines: 35
#     Position: {height: 313.0, latitude: 38.7555, longitude: -6.9845}
#     TESS MAC address: 4C:75:25:27:43:56
#     TESS cover offset value: 0.0
#     TESS firmware version: '1.0'
#     TESS zero point: 20.3
#     Time Synchronization: timestamp added by MQTT subscriber
#     URL: http://www.darksky.org/NSBM/sdf1.0.pdf
# - __serialized_columns__:
#     Enclosure Temperature:
#       __class__: astropy.units.quantity.Quantity
#       unit: &id001 !astropy.units.Unit {unit: deg_C}
#       value: !astropy.table.SerializedColumn {name: Enclosure Temperature}
#     Frequency:
#       __class__: astropy.units.quantity.Quantity
#       unit: !astropy.units.Unit {unit: Hz}
#       value: !astropy.table.SerializedColumn {name: Frequency}
#     MSAS:
#       __class__: astropy.units.quantity.Quantity
#       unit: !astropy.units.Unit {unit: mag / arcsec2}
#       value: !astropy.table.SerializedColumn {name: MSAS}
#     Moon Alt:
#       __class__: astropy.units.quantity.Quantity
#       unit: &id002 !astropy.units.Unit {unit: deg}
#       value: !astropy.table.SerializedColumn {name: Moon Alt}
#     Sky Temperature:
#       __class__: astropy.units.quantity.Quantity
#       unit: *id001
#       value: !astropy.table.SerializedColumn {name: Sky Temperature}
#     Sun Alt:
#       __class__: astropy.units.quantity.Quantity
#       unit: *id002
#       value: !astropy.table.SerializedColumn {name: Sun Alt}
#     time:
#       __class__: astropy.time.core.Time
#       format: isot
#       in_subfmt: '*'
#       out_subfmt: '*'
#       precision: 3
#       scale: utc
#       value: !astropy.table.SerializedColumn {name: time}
# schema: astropy-2.0
time,Enclosure Temperature,Sky Temperature,Frequency,MSAS,ZP,Sequence Number,Sun Alt,Moon Alt,Moon Illumination
[from data line 2390]
2024-04-07T03:32:14.000,14.31,12.13,0.52,21.15,20.3,923,-27.77,-22.0,0.039
2024-04-07T03:33:14.000,14.26,12.43,0.58,21.02,20.3,924,-27.61,-22.0,0.039
2024-04-07T03:34:14.000,14.32,13.0,0.59,21.0,20.3,925,-27.45,-22.0,0.039
2024-04-07T03:35:14.000,14.44,13.29,0.57,21.04,20.3,926,-27.3,-21.0,0.039
2024-04-07T03:36:14.000,14.47,13.05,0.58,21.02,20.3,927,-27.14,-21.0,0.039
2024-04-07T03:37:14.000,14.38,12.5,0.59,21.0,20.3,928,-26.98,-21.0,0.039
2024-04-07T03:38:14.000,14.18,12.0,0.52,21.22,20.3,929,-26.82,-21.0,0.039
2024-04-07T03:39:14.000,14.08,12.24,0.61,20.99,20.3,930,-26.66,-21.0,0.039
2024-04-07T03:40:14.000,14.0,11.99,0.65,20.88,20.3,931,-26.5,-21.0,0.039
2024-04-07T03:41:15.000,13.91,12.1,0.61,20.96,20.3,932,-26.34,-20.0,0.039
2024-04-07T03:42:15.000,13.97,12.5,0.5,21.18,20.3,933,-26.18,-20.0,0.039
2024-04-07T03:43:15.000,14.01,12.55,0.47,21.25,20.3,934,-26.02,-20.0,0.039
2024-04-07T03:44:15.000,14.01,12.37,0.55,21.09,20.3,935,-25.86,-20.0,0.039
2024-04-07T03:45:15.000,13.98,12.26,0.63,20.92,20.3,936,-25.69,-20.0,0.039
2024-04-07T03:46:15.000,13.96,12.22,0.67,20.86,20.3,937,-25.53,-19.0,0.039
2024-04-07T03:47:15.000,13.86,11.82,0.68,20.84,20.3,938,-25.37,-19.0,0.039
2024-04-07T03:48:15.000,13.86,11.93,0.75,20.74,20.3,939,-25.21,-19.0,0.039
2024-04-07T03:49:15.000,13.81,12.05,0.79,20.68,20.3,940,-25.04,-19.0,0.039
2024-04-07T03:50:15.000,13.74,11.89,0.83,20.62,20.3,941,-24.88,-19.0,0.039
2024-04-07T03:51:15.000,13.66,11.57,0.84,20.61,20.3,942,-24.72,-18.0,0.039
2024-04-07T03:52:15.000,13.62,11.99,0.81,20.65,20.3,943,-24.55,-18.0,0.039
2024-04-07T03:53:15.000,13.73,12.47,0.68,20.84,20.3,944,-24.39,-18.0,0.039
2024-04-07T03:54:16.000,13.81,12.55,0.71,20.8,20.3,945,-24.22,-18.0,0.039
2024-04-07T03:55:16.000,13.82,12.52,0.72,20.84,20.3,946,-24.05,-18.0,0.039
2024-04-07T03:56:16.000,13.78,12.19,0.73,20.83,20.3,947,-23.89,-18.0,0.039
2024-04-07T03:57:16.000,13.69,12.05,0.55,21.08,20.3,948,-23.72,-17.0,0.039
2024-04-07T03:58:16.000,13.66,12.06,0.66,20.96,20.3,949,-23.56,-17.0,0.038
2024-04-07T03:59:16.000,13.62,12.03,0.56,21.06,20.3,950,-23.39,-17.0,0.038
2024-04-07T04:00:16.000,13.62,11.85,0.54,21.1,20.3,951,-23.22,-17.0,0.038
2024-04-07T04:01:16.000,13.62,12.17,0.67,20.94,20.3,952,-23.05,-17.0,0.038
2024-04-07T04:02:16.000,13.73,12.59,0.74,20.75,20.3,953,-22.89,-16.0,0.038
2024-04-07T04:03:16.000,13.86,12.92,0.83,20.62,20.3,954,-22.72,-16.0,0.038
2024-04-07T04:04:16.000,13.88,12.43,0.85,20.59,20.3,955,-22.55,-16.0,0.038
2024-04-07T04:05:16.000,13.83,12.26,0.9,20.53,20.3,956,-22.38,-16.0,0.038
2024-04-07T04:06:16.000,13.82,12.25,0.94,20.48,20.3,957,-22.21,-16.0,0.038
2024-04-07T04:07:16.000,13.67,11.53,0.97,20.44,20.3,958,-22.04,-15.0,0.038
2024-04-07T04:08:16.000,13.67,12.18,1.0,20.41,20.3,959,-21.87,-15.0,0.038
2024-04-07T04:09:17.000,13.75,12.1,1.04,20.37,20.3,960,-21.7,-15.0,0.038
2024-04-07T04:10:17.000,13.73,11.79,1.06,20.35,20.3,961,-21.53,-15.0,0.038
2024-04-07T04:11:17.000,13.66,11.99,1.1,20.31,20.3,962,-21.36,-15.0,0.038
2024-04-07T04:12:17.000,13.65,11.24,1.09,20.32,20.3,963,-21.19,-14.0,0.038
2024-04-07T04:13:17.000,13.46,11.01,1.1,20.31,20.3,964,-21.01,-14.0,0.038
2024-04-07T04:14:17.000,13.39,11.07,1.12,20.28,20.3,965,-20.84,-14.0,0.038
2024-04-07T04:15:17.000,13.43,11.46,1.22,20.19,20.3,966,-20.67,-14.0,0.038
2024-04-07T04:16:17.000,13.48,11.63,1.28,20.14,20.3,967,-20.5,-14.0,0.038
2024-04-07T04:17:17.000,13.42,11.19,1.23,20.18,20.3,968,-20.33,-14.0,0.038
2024-04-07T04:18:17.000,13.33,10.68,1.21,20.2,20.3,969,-20.15,-13.0,0.038
2024-04-07T04:19:17.000,13.23,10.6,1.23,20.19,20.3,970,-19.98,-13.0,0.038
2024-04-07T04:20:17.000,13.21,10.65,1.21,20.2,20.3,971,-19.8,-13.0,0.038
2024-04-07T04:21:18.000,13.17,10.8,1.16,20.25,20.3,972,-19.63,-13.0,0.038
2024-04-07T04:22:18.000,13.13,10.52,1.18,20.23,20.3,973,-19.45,-13.0,0.038
2024-04-07T04:23:18.000,13.11,10.66,1.2,20.21,20.3,974,-19.28,-12.0,0.038
2024-04-07T04:24:18.000,13.23,11.43,1.21,20.2,20.3,975,-19.1,-12.0,0.038
2024-04-07T04:25:18.000,13.24,10.97,1.2,20.21,20.3,976,-18.93,-12.0,0.038
2024-04-07T04:26:18.000,13.38,11.85,1.22,20.19,20.3,977,-18.75,-12.0,0.038
2024-04-07T04:27:18.000,13.38,11.55,1.17,20.23,20.3,978,-18.58,-12.0,0.038
2024-04-07T04:28:18.000,13.59,12.3,1.14,20.27,20.3,979,-18.4,-11.0,0.037
2024-04-07T04:29:18.000,13.53,11.42,1.21,20.21,20.3,980,-18.23,-11.0,0.037
2024-04-07T04:30:18.000,13.33,10.72,1.26,20.16,20.3,981,-18.05,-11.0,0.037
2024-04-07T04:31:18.000,13.27,10.6,1.3,20.12,20.3,982,-17.87,-11.0,0.037
2024-04-07T04:32:18.000,13.28,11.14,1.35,20.08,20.3,983,-17.7,-11.0,0.037
2024-04-07T04:33:18.000,13.22,10.82,1.44,20.01,20.3,984,-17.52,-11.0,0.037
2024-04-07T04:34:18.000,13.15,10.45,1.44,20.01,20.3,985,-17.34,-10.0,0.037
2024-04-07T04:35:18.000,13.14,10.8,1.4,20.04,20.3,986,-17.16,-10.0,0.037
2024-04-07T04:36:19.000,13.17,11.02,1.52,19.95,20.3,987,-16.98,-10.0,0.037
2024-04-07T04:37:19.000,13.12,10.56,1.79,19.77,20.3,988,-16.8,-10.0,0.037
2024-04-07T04:38:19.000,13.12,11.0,1.87,19.72,20.3,989,-16.63,-10.0,0.037
2024-04-07T04:39:19.000,13.14,10.76,1.53,19.95,20.3,990,-16.45,-9.0,0.037
2024-04-07T04:40:19.000,13.17,11.19,1.41,20.03,20.3,991,-16.27,-9.0,0.037
2024-04-07T04:41:19.000,13.22,11.05,1.51,19.96,20.3,992,-16.09,-9.0,0.037
2024-04-07T04:42:19.000,13.16,11.04,1.55,19.93,20.3,993,-15.91,-9.0,0.037
2024-04-07T04:43:19.000,13.33,11.71,1.62,19.88,20.3,994,-15.73,-9.0,0.037
2024-04-07T04:44:19.000,13.19,10.86,2.15,19.58,20.3,995,-15.55,-8.0,0.037
2024-04-07T04:45:19.000,13.33,11.89,2.34,19.48,20.3,996,-15.37,-8.0,0.037
2024-04-07T04:46:20.000,13.42,11.71,2.06,19.62,20.3,997,-15.19,-8.0,0.037
2024-04-07T04:47:20.000,13.52,12.26,1.77,19.78,20.3,998,-15.01,-8.0,0.037
2024-04-07T04:48:20.000,13.27,10.21,1.56,19.92,20.3,999,-14.82,-8.0,0.037
2024-04-07T04:49:20.000,13.25,11.14,1.51,19.95,20.3,1000,-14.64,-7.0,0.037
2024-04-07T04:50:20.000,13.3,11.3,1.56,19.92,20.3,1001,-14.46,-7.0,0.037
2024-04-07T04:51:20.000,13.17,10.76,1.56,19.92,20.3,1002,-14.28,-7.0,0.037
2024-04-07T04:52:20.000,13.21,11.04,1.65,19.86,20.3,1003,-14.1,-7.0,0.037
2024-04-07T04:53:20.000,13.14,10.89,1.79,19.77,20.3,1004,-13.92,-7.0,0.037
2024-04-07T04:54:20.000,13.18,11.08,1.72,19.81,20.3,1005,-13.73,-6.0,0.037
2024-04-07T04:55:20.000,13.14,10.82,1.59,19.9,20.3,1006,-13.55,-6.0,0.037
2024-04-07T04:56:20.000,13.11,10.98,1.43,20.02,20.3,1007,-13.37,-6.0,0.037
2024-04-07T04:57:20.000,13.12,10.88,1.29,20.13,20.3,1008,-13.19,-6.0,0.037
2024-04-07T04:58:21.000,13.14,11.06,1.36,20.07,20.3,1009,-13.0,-6.0,0.037
2024-04-07T04:59:21.000,13.18,11.48,1.46,20.0,20.3,1010,-12.82,-6.0,0.036
2024-04-07T05:00:21.000,13.34,11.64,1.6,19.89,20.3,1011,-12.63,-5.0,0.036
2024-04-07T05:01:21.000,13.16,10.84,1.73,19.81,20.3,1012,-12.45,-5.0,0.036
2024-04-07T05:02:21.000,13.32,12.07,1.89,19.71,20.3,1013,-12.27,-5.0,0.036
2024-04-07T05:03:21.000,13.5,12.27,2.03,19.63,20.3,1014,-12.08,-5.0,0.036
2024-04-07T05:04:21.000,13.64,12.57,2.05,19.62,20.3,1015,-11.9,-5.0,0.036
2024-04-07T05:05:21.000,13.68,12.25,2.15,19.57,20.3,1016,-11.71,-4.0,0.036
2024-04-07T05:06:21.000,13.57,11.65,2.39,19.46,20.3,1017,-11.53,-4.0,0.036
2024-04-07T05:07:21.000,13.46,11.65,2.55,19.38,20.3,1018,-11.34,-4.0,0.036
2024-04-07T05:08:22.000,13.51,12.0,2.46,19.43,20.3,1019,-11.16,-4.0,0.036
2024-04-07T05:09:22.000,13.56,12.02,2.38,19.46,20.3,1020,-10.97,-4.0,0.036
2024-04-07T05:10:22.000,13.61,12.18,3.04,19.19,20.3,1021,-10.79,-3.0,0.036
2024-04-07T05:11:22.000,13.67,12.37,3.58,19.01,20.3,1022,-10.6,-3.0,0.036
2024-04-07T05:12:22.000,13.68,12.09,4.1,18.87,20.3,1023,-10.41,-3.0,0.036
2024-04-07T05:13:22.000,13.63,12.06,4.57,18.75,20.3,1024,-10.23,-3.0,0.036
2024-04-07T05:14:22.000,13.7,12.29,3.58,19.02,20.3,1025,-10.04,-3.0,0.036
2024-04-07T05:15:22.000,13.72,12.35,3.4,19.07,20.3,1026,-9.86,-2.0,0.036
2024-04-07T05:16:22.000,13.78,12.33,4.51,18.76,20.3,1027,-9.67,-2.0,0.036
2024-04-07T05:17:22.000,13.74,12.14,5.43,18.56,20.3,1028,-9.48,-2.0,0.036
2024-04-07T05:18:22.000,13.81,12.5,6.64,18.34,20.3,1029,-9.3,-2.0,0.036
2024-04-07T05:19:23.000,13.82,12.52,6.82,18.31,20.3,1030,-9.11,-2.0,0.036
2024-04-07T05:20:23.000,13.88,12.62,7.05,18.27,20.3,1031,-8.92,-2.0,0.036
2024-04-07T05:21:23.000,13.93,12.69,8.28,18.1,20.3,1032,-8.73,-1.0,0.036
2024-04-07T05:22:23.000,13.98,12.73,10.6,17.83,20.3,1033,-8.55,-1.0,0.036
2024-04-07T05:23:23.000,13.97,12.49,14.82,17.47,20.3,1034,-8.36,-1.0,0.036
2024-04-07T05:24:23.000,13.91,12.41,18.56,17.22,20.3,1035,-8.17,-1.0,0.036
2024-04-07T05:25:23.000,13.96,12.78,23.8,16.95,20.3,1036,-7.98,-1.0,0.036
2024-04-07T05:26:23.000,14.07,13.07,32.85,16.6,20.3,1037,-7.79,-0.0,0.036
2024-04-07T05:27:23.000,14.09,12.72,44.79,16.27,20.3,1038,-7.61,-0.0,0.036
2024-04-07T05:28:23.000,14.06,12.8,50.97,16.12,20.3,1039,-7.42,0.0,0.036
2024-04-07T05:29:24.000,14.11,12.86,73.73,15.73,20.3,1040,-7.23,0.0,0.036
2024-04-07T05:30:24.000,14.06,12.73,113.89,15.25,20.3,1041,-7.04,0.0,0.035
2024-04-07T05:31:24.000,14.11,12.96,162.18,14.87,20.3,1042,-6.85,1.0,0.035
2024-04-07T05:32:24.000,14.1,12.82,216.25,14.55,20.3,1043,-6.66,1.0,0.035
2024-04-07T05:33:24.000,14.02,12.57,268.07,14.32,20.3,1044,-6.47,1.0,0.035
2024-04-07T05:34:24.000,13.96,12.44,328.97,14.1,20.3,1045,-6.28,1.0,0.035
2024-04-07T05:35:24.000,13.92,12.57,416.94,13.84,20.3,1046,-6.09,1.0,0.035
2024-04-07T05:36:24.000,13.95,12.64,546.8,13.55,20.3,1047,-5.9,2.0,0.035
2024-04-07T05:37:24.000,13.95,12.68,682.76,13.31,20.3,1048,-5.71,2.0,0.035
2024-04-07T05:38:24.000,14.01,12.86,786.38,13.15,20.3,1049,-5.52,2.0,0.035
2024-04-07T05:39:24.000,14.04,12.94,926.93,12.97,20.3,1050,-5.34,2.0,0.035
2024-04-07T05:40:24.000,14.11,12.94,1216.07,12.68,20.3,1051,-5.15,2.0,0.035
2024-04-07T05:41:25.000,14.1,12.74,1716.72,12.31,20.3,1052,-4.95,2.0,0.035
2024-04-07T05:42:25.000,14.0,12.36,2216.22,12.03,20.3,1053,-4.76,3.0,0.035
2024-04-07T05:43:25.000,14.02,12.73,2703.12,11.81,20.3,1054,-4.57,3.0,0.035
2024-04-07T05:44:25.000,14.08,13.01,3147.27,11.65,20.3,1055,-4.38,3.0,0.035
2024-04-07T05:45:25.000,14.2,13.16,3544.7,11.52,20.3,1056,-4.19,3.0,0.035
2024-04-07T05:46:25.000,14.29,13.36,4458.67,11.27,20.3,1057,-4.0,3.0,0.035
2024-04-07T05:47:25.000,14.41,13.44,6533.48,10.86,20.3,1058,-3.81,4.0,0.035
2024-04-07T05:48:25.000,14.44,13.32,8705.33,10.54,20.3,1059,-3.62,4.0,0.035
2024-04-07T05:49:25.000,14.47,13.36,10423.91,10.35,20.3,1060,-3.43,4.0,0.035
2024-04-07T05:50:25.000,14.47,13.23,11368.29,10.25,20.3,1061,-3.24,4.0,0.035
2024-04-07T05:51:25.000,14.44,13.01,12052.31,10.19,20.3,1062,-3.05,4.0,0.035
2024-04-07T05:52:25.000,14.43,13.2,14645.89,9.98,20.3,1063,-2.85,5.0,0.035
2024-04-07T05:53:25.000,14.42,12.99,17579.55,9.78,20.3,1064,-2.66,5.0,0.035
2024-04-07T05:54:25.000,14.39,13.05,21562.98,9.56,20.3,1065,-2.47,5.0,0.035
2024-04-07T05:55:26.000,14.35,12.89,24883.19,9.63,20.3,1066,-2.28,5.0,0.035
2024-04-07T05:56:26.000,14.31,12.95,29427.1,9.22,20.3,1067,-2.08,5.0,0.035
2024-04-07T05:57:26.000,14.36,13.09,34859.84,9.04,20.3,1068,-1.89,6.0,0.035
2024-04-07T05:58:26.000,14.36,13.04,45805.82,8.74,20.3,1069,-1.7,6.0,0.035
2024-04-07T05:59:26.000,14.3,12.76,55311.96,8.54,20.3,1070,-1.51,6.0,0.035
2024-04-07T06:00:26.000,14.26,12.73,62735.05,7.72,20.3,1071,-1.32,6.0,0.035
2024-04-07T06:01:26.000,14.23,12.79,50000.0,0.0,20.3,1072,-1.12,6.0,0.035
2024-04-07T06:02:26.000,14.25,12.87,50000.0,0.0,20.3,1073,-0.93,6.0,0.034
2024-04-07T06:03:26.000,14.18,12.31,50000.0,0.0,20.3,1074,-0.74,7.0,0.034
2024-04-07T06:19:28.000,13.51,12.26,50000.0,0.0,20.3,1090,2.36,10.0,0.034
2024-04-07T06:20:28.000,13.56,12.34,50000.0,0.0,20.3,1091,2.55,10.0,0.034
2024-04-07T06:21:28.000,13.6,12.33,50000.0,0.0,20.3,1092,2.74,10.0,0.034
2024-04-07T06:22:28.000,13.59,12.21,49729.95,0.09,20.3,1093,2.94,10.0,0.034
2024-04-07T06:23:28.000,13.64,12.42,49459.83,0.18,20.3,1094,3.13,10.0,0.034
2024-04-07T06:24:28.000,13.69,12.48,50000.0,0.0,20.3,1095,3.32,11.0,0.034
2024-04-07T06:25:28.000,13.73,12.53,50000.0,0.0,20.3,1096,3.52,11.0,0.034
2024-04-07T06:26:28.000,13.75,12.53,50000.0,0.0,20.3,1097,3.71,11.0,0.034
2024-04-07T11:55:14.000,28.43,-5.84,50000.0,0.0,20.3,1425,57.41,49.0,0.024
2024-04-07T11:56:15.000,28.9,1.34,50000.0,0.0,20.3,1426,57.46,49.0,0.024
2024-04-07T11:57:15.000,29.95,2.6,50000.0,0.0,20.3,1427,57.52,49.0,0.024
2024-04-08T04:44:05.000,10.78,9.37,0.9,20.53,20.3,0,-15.28,-13.0,0.005
2024-04-08T04:45:05.000,11.0,9.18,0.84,20.61,20.3,1,-15.1,-13.0,0.005
2024-04-08T04:46:05.000,11.09,9.19,0.88,20.55,20.3,2,-14.92,-13.0,0.005
2024-04-08T04:47:11.000,11.18,9.32,1.01,20.4,20.3,3,-14.73,-13.0,0.005
2024-04-08T04:48:11.000,11.2,8.88,0.93,20.5,20.3,4,-14.55,-13.0,0.005
2024-04-08T04:49:11.000,11.23,8.62,0.92,20.5,20.3,5,-14.36,-12.0,0.005
2024-04-08T04:50:11.000,11.24,7.91,0.94,20.48,20.3,6,-14.18,-12.0,0.005
2024-04-08T04:51:11.000,11.17,7.4,0.86,20.58,20.3,7,-14.0,-12.0,0.005
2024-04-08T04:52:11.000,11.18,7.26,0.91,20.52,20.3,8,-13.82,-12.0,0.005
2024-04-08T04:53:11.000,11.19,7.73,1.04,20.37,20.3,9,-13.64,-12.0,0.005
2024-04-08T04:54:11.000,11.25,8.19,1.28,20.15,20.3,10,-13.46,-11.0,0.005
2024-04-08T04:55:11.000,11.32,8.97,1.57,19.92,20.3,11,-13.28,-11.0,0.005
2024-04-08T04:56:11.000,11.43,8.99,1.45,20.0,20.3,12,-13.09,-11.0,0.005
2024-04-08T04:57:11.000,11.52,9.08,1.71,19.82,20.3,13,-12.91,-11.0,0.005
2024-04-08T04:58:12.000,11.55,8.71,1.77,19.79,20.3,14,-12.72,-11.0,0.005
2024-04-08T04:59:12.000,11.55,8.17,1.68,19.84,20.3,15,-12.54,-11.0,0.005
2024-04-08T05:00:12.000,11.5,7.76,1.73,19.8,20.3,16,-12.36,-10.0,0.005
2024-04-08T05:01:12.000,11.48,7.75,1.94,19.69,20.3,17,-12.18,-10.0,0.005
2024-04-08T05:02:12.000,11.52,8.09,2.47,19.42,20.3,18,-11.99,-10.0,0.005
2024-04-08T05:03:12.000,11.54,8.3,3.35,19.08,20.3,19,-11.81,-10.0,0.005
2024-04-08T05:04:12.000,11.53,8.48,3.54,19.02,20.3,20,-11.62,-10.0,0.005
2024-04-08T05:05:12.000,11.55,8.83,3.84,18.94,20.3,21,-11.44,-9.0,0.005
2024-04-08T05:06:12.000,11.59,8.99,4.3,18.81,20.3,22,-11.26,-9.0,0.005
2024-04-08T05:07:12.000,11.65,9.11,5.11,18.63,20.3,23,-11.07,-9.0,0.005
2024-04-08T05:08:12.000,11.7,9.34,5.52,18.54,20.3,24,-10.89,-9.0,0.005
2024-04-08T05:09:12.000,11.71,9.09,6.23,18.41,20.3,25,-10.7,-9.0,0.005
2024-04-08T05:10:12.000,11.7,9.02,7.82,18.16,20.3,26,-10.52,-8.0,0.005
2024-04-08T05:11:12.000,11.7,8.99,8.87,18.02,20.3,27,-10.33,-8.0,0.005
2024-04-08T05:12:12.000,11.68,8.61,9.53,17.94,20.3,28,-10.15,-8.0,0.005
2024-04-08T05:13:12.000,11.64,8.39,11.37,17.76,20.3,29,-9.96,-8.0,0.005
2024-04-08T05:14:13.000,11.66,8.39,13.93,17.53,20.3,30,-9.77,-8.0,0.005
2024-04-08T05:15:13.000,11.66,8.5,16.35,17.36,20.3,31,-9.59,-8.0,0.004
2024-04-08T05:16:13.000,11.69,8.47,19.82,17.15,20.3,32,-9.4,-7.0,0.004
2024-04-08T05:17:13.000,11.68,8.42,24.08,16.94,20.3,33,-9.21,-7.0,0.004
2024-04-08T05:18:13.000,11.7,8.53,30.4,16.69,20.3,34,-9.03,-7.0,0.004
2024-04-08T05:19:13.000,11.73,8.93,37.48,16.46,20.3,35,-8.84,-7.0,0.004
2024-04-08T05:20:13.000,11.77,9.45,42.39,16.32,20.3,36,-8.65,-7.0,0.004
2024-04-08T05:21:13.000,11.82,9.63,50.9,16.13,20.3,37,-8.47,-6.0,0.004
2024-04-08T05:22:13.000,11.84,9.57,64.8,15.86,20.3,38,-8.28,-6.0,0.004
2024-04-08T05:23:13.000,11.85,9.55,77.32,15.67,20.3,39,-8.09,-6.0,0.004
2024-04-08T05:24:13.000,11.88,9.53,100.02,15.39,20.3,40,-7.9,-6.0,0.004
2024-04-08T05:25:13.000,11.93,9.71,117.93,15.21,20.3,41,-7.72,-6.0,0.004
2024-04-08T05:26:13.000,12.03,9.73,137.75,15.04,20.3,42,-7.53,-5.0,0.004
2024-04-08T05:27:13.000,12.01,9.18,174.56,14.79,20.3,43,-7.34,-5.0,0.004
2024-04-08T05:28:13.000,11.96,8.25,210.72,14.58,20.3,44,-7.15,-5.0,0.004
2024-04-08T05:29:13.000,11.88,7.03,240.36,14.44,20.3,45,-6.97,-5.0,0.004
2024-04-08T05:30:14.000,11.78,6.26,301.44,14.2,20.3,46,-6.77,-5.0,0.004
2024-04-08T05:31:14.000,11.78,7.52,436.34,13.8,20.3,47,-6.59,-4.0,0.004
2024-04-08T05:32:14.000,11.81,8.99,549.75,13.54,20.3,48,-6.4,-4.0,0.004
2024-04-08T05:33:14.000,11.9,9.35,671.01,13.33,20.3,49,-6.21,-4.0,0.004
2024-04-08T05:34:14.000,11.96,9.51,873.58,13.04,20.3,50,-6.02,-4.0,0.004
2024-04-08T05:35:14.000,12.03,9.73,1122.49,12.77,20.3,51,-5.83,-4.0,0.004
