ecsv/stars201/stars201_2024-04.ecsv
# %ECSV 1.0
# ---
# datatype:
# - {name: time, datatype: string}
# - {name: Enclosure Temperature, unit: deg_C, datatype: float64}
# - {name: Sky Temperature, unit: deg_C, datatype: float64}
# - {name: Frequency, unit: Hz, datatype: float64}
# - {name: MSAS, unit: mag / arcsec2, datatype: float64}
# - {name: ZP, datatype: float64}
# - {name: Sequence Number, datatype: int64}
# - {name: Sun Alt, unit: deg, datatype: float64}
# - {name: Moon Alt, unit: deg, datatype: float64}
# - {name: Moon Illumination, datatype: float64}
# delimiter: ','
# meta: !!omap
# - ida:
#     Data supplier: {affiliation: null, observer: Miquel Serra}
#     Device type: TESS-W
#     Field of view: 17.0
#     Filters per channel: None
#     Instrument ID: stars201
#     License: ODbL 1.0 http://opendatacommons.org/licenses/odbl/summary/
#     Local timezone: Europe/Madrid
#     Location name: {country: Spain, place: Finca La Cocosa, region: null, sub_region: Badajoz, town: Badajoz}
#     Measurement direction per channel: {azimuth: 0.0, zenital: 0.0}
#     Moving / Fixed look direction: FIXED
#     Moving / Stationary position: STATIONARY
#     Number of channels: 1
#     Number of fields per line: 8
#     Number of header lines: 35
#     Position: {height: 313.0, latitude: 38.7555, longitude: -6.9845}
#     TESS MAC address: 4C:75:25:27:43:56
#     TESS cover offset value: 0.0
#     TESS firmware version: '1.0'
#     TESS zero point: 20.3
#     Time Synchronization: timestamp added by MQTT subscriber
#     URL: http://www.darksky.org/NSBM/sdf1.0.pdf
# - __serialized_columns__:
#     Enclosure Temperature:
#       __class__: astropy.units.quantity.Quantity
#       unit: &id001 !astropy.units.Unit {unit: deg_C}
#       value: !astropy.table.SerializedColumn {name: Enclosure Temperature}
#     Frequency:
#       __class__: astropy.units.quantity.Quantity
#       unit: !astropy.units.Unit {unit: Hz}
#       value: !astropy.table.SerializedColumn {name: Frequency}
#     MSAS:
#       __class__: astropy.units.quantity.Quantity
#       unit: !astropy.units.Unit {unit: mag / arcsec2}
#       value: !astropy.table.SerializedColumn {name: MSAS}
#     Moon Alt:
#       __class__: astropy.units.quantity.Quantity
#       unit: &id002 !astropy.units.Unit {unit: deg}
#       value: !astropy.table.SerializedColumn {name: Moon Alt}
#     Sky Temperature:
#       __class__: astropy.units.quantity.Quantity
#       unit: *id001
#       value: !astropy.table.SerializedColumn {name: Sky Temperature}
#     Sun Alt:
#       __class__: astropy.units.quantity.Quantity
#       unit: *id002
#       value: !astropy.table.SerializedColumn {name: Sun Alt}
#     time:
#       __class__: astropy.time.core.Time
#       format: isot
#       in_subfmt: '*'
#       out_subfmt: '*'
#       precision: 3
#       scale: utc
#       value: !astropy.table.SerializedColumn {name: time}
# schema: astropy-2.0
time,Enclosure Temperature,Sky Temperature,Frequency,MSAS,ZP,Sequence Number,Sun Alt,Moon Alt,Moon Illumination
[from data line 1737]
2024-04-06T04:08:33.000,17.61,6.18,1.72,19.81,20.3,961,-22.15,-10.0,0.099
2024-04-06T04:09:34.000,17.63,6.19,1.74,19.8,20.3,962,-21.97,-10.0,0.098
2024-04-06T04:10:34.000,17.64,6.07,1.72,19.82,20.3,963,-21.8,-9.0,0.098
2024-04-06T04:11:34.000,17.66,6.01,1.74,19.8,20.3,964,-21.63,-9.0,0.098
2024-04-06T04:12:34.000,17.68,6.08,1.79,19.77,20.3,965,-21.46,-9.0,0.098
2024-04-06T04:13:34.000,17.68,6.17,1.82,19.75,20.3,966,-21.29,-9.0,0.098
2024-04-06T04:14:34.000,17.69,6.32,1.84,19.74,20.3,967,-21.11,-9.0,0.098
2024-04-06T04:15:34.000,17.68,6.23,1.85,19.74,20.3,968,-20.94,-9.0,0.098
2024-04-06T04:16:34.000,17.7,6.25,1.86,19.73,20.3,969,-20.77,-8.0,0.098
2024-04-06T04:17:34.000,17.7,6.01,1.82,19.75,20.3,970,-20.59,-8.0,0.098
2024-04-06T04:18:34.000,17.7,5.83,1.76,19.79,20.3,971,-20.42,-8.0,0.098
2024-04-06T04:19:34.000,17.72,5.44,1.69,19.83,20.3,972,-20.25,-8.0,0.098
2024-04-06T04:20:34.000,17.7,5.16,1.7,19.83,20.3,973,-20.07,-8.0,0.098
2024-04-06T04:21:34.000,17.68,4.99,1.71,19.82,20.3,974,-19.9,-7.0,0.098
2024-04-06T04:22:34.000,17.67,4.87,1.65,19.86,20.3,975,-19.72,-7.0,0.098
2024-04-06T04:23:34.000,17.64,4.66,1.61,19.88,20.3,976,-19.55,-7.0,0.098
2024-04-06T04:24:34.000,17.58,4.68,1.61,19.88,20.3,977,-19.37,-7.0,0.098
2024-04-06T04:25:35.000,17.58,4.97,1.63,19.87,20.3,978,-19.2,-7.0,0.098
2024-04-06T04:26:35.000,17.57,5.24,1.7,19.83,20.3,979,-19.02,-6.0,0.098
2024-04-06T04:27:35.000,17.57,5.44,1.73,19.81,20.3,980,-18.84,-6.0,0.098
2024-04-06T04:28:35.000,17.56,5.64,1.77,19.78,20.3,981,-18.67,-6.0,0.098
2024-04-06T04:29:35.000,17.55,5.58,1.79,19.77,20.3,982,-18.49,-6.0,0.097
2024-04-06T04:30:35.000,17.56,5.8,1.83,19.74,20.3,983,-18.31,-6.0,0.097
2024-04-06T04:31:35.000,17.59,5.99,1.93,19.69,20.3,984,-18.14,-6.0,0.097
2024-04-06T04:32:35.000,17.62,6.17,2.0,19.65,20.3,985,-17.96,-5.0,0.097
2024-04-06T04:33:35.000,17.64,6.26,2.0,19.65,20.3,986,-17.78,-5.0,0.097
2024-04-06T04:34:35.000,17.66,6.38,1.99,19.65,20.3,987,-17.6,-5.0,0.097
2024-04-06T04:35:35.000,17.69,6.55,2.03,19.63,20.3,988,-17.43,-5.0,0.097
2024-04-06T04:36:35.000,17.7,6.58,2.03,19.63,20.3,989,-17.25,-5.0,0.097
2024-04-06T04:37:35.000,17.69,6.52,2.07,19.61,20.3,990,-17.07,-4.0,0.097
2024-04-06T04:38:35.000,17.66,6.46,2.02,19.64,20.3,991,-16.89,-4.0,0.097
2024-04-06T04:39:35.000,17.66,6.54,2.05,19.62,20.3,992,-16.71,-4.0,0.097
2024-04-06T04:40:35.000,17.7,6.69,2.08,19.6,20.3,993,-16.53,-4.0,0.097
2024-04-06T04:41:36.000,17.74,6.66,2.1,19.59,20.3,994,-16.35,-4.0,0.097
2024-04-06T04:42:36.000,17.76,6.55,2.11,19.59,20.3,995,-16.17,-3.0,0.097
2024-04-06T04:43:36.000,17.73,6.37,2.1,19.6,20.3,996,-15.99,-3.0,0.097
2024-04-06T04:44:36.000,17.7,6.41,2.07,19.61,20.3,997,-15.81,-3.0,0.097
2024-04-06T04:45:36.000,17.66,6.45,2.08,19.6,20.3,998,-15.63,-3.0,0.097
2024-04-06T04:46:36.000,17.67,6.58,2.16,19.57,20.3,999,-15.45,-3.0,0.097
2024-04-06T04:47:36.000,17.67,6.55,2.16,19.56,20.3,1000,-15.27,-3.0,0.097
2024-04-06T04:48:36.000,17.68,6.67,2.28,19.5,20.3,1001,-15.08,-2.0,0.097
2024-04-06T04:49:36.000,17.71,6.8,2.31,19.49,20.3,1002,-14.9,-2.0,0.096
2024-04-06T04:50:36.000,17.72,6.83,2.31,19.49,20.3,1003,-14.72,-2.0,0.096
2024-04-06T04:51:36.000,17.73,6.72,2.29,19.5,20.3,1004,-14.54,-2.0,0.096
2024-04-06T04:52:36.000,17.71,6.73,2.26,19.52,20.3,1005,-14.36,-2.0,0.096
2024-04-06T04:53:36.000,17.74,6.8,2.28,19.51,20.3,1006,-14.17,-1.0,0.096
2024-04-06T04:54:36.000,17.77,6.87,2.39,19.45,20.3,1007,-13.99,-1.0,0.096
2024-04-06T04:55:36.000,17.8,6.87,2.48,19.41,20.3,1008,-13.81,-1.0,0.096
2024-04-06T04:56:36.000,17.83,6.92,2.49,19.41,20.3,1009,-13.63,-1.0,0.096
2024-04-06T04:57:36.000,17.85,6.87,2.54,19.39,20.3,1010,-13.44,-1.0,0.096
2024-04-06T04:58:37.000,17.82,6.92,2.58,19.37,20.3,1011,-13.26,-0.0,0.096
2024-04-06T04:59:37.000,17.8,6.78,2.65,19.34,20.3,1012,-13.07,-0.0,0.096
2024-04-06T05:00:37.000,17.69,6.56,2.79,19.29,20.3,1013,-12.89,-0.0,0.096
2024-04-06T05:01:37.000,17.63,6.55,2.85,19.26,20.3,1014,-12.71,0.0,0.096
2024-04-06T05:02:37.000,17.61,6.35,2.82,19.27,20.3,1015,-12.52,0.0,0.096
2024-04-06T05:03:37.000,17.58,5.81,2.7,19.32,20.3,1016,-12.34,0.0,0.096
2024-04-06T05:04:37.000,17.53,5.53,2.82,19.27,20.3,1017,-12.15,1.0,0.096
2024-04-06T05:05:37.000,17.49,5.25,2.9,19.24,20.3,1018,-11.97,1.0,0.096
2024-04-06T05:06:37.000,17.44,5.12,3.04,19.19,20.3,1019,-11.78,1.0,0.096
2024-04-06T05:07:37.000,17.43,5.21,3.11,19.17,20.3,1020,-11.6,1.0,0.096
2024-04-06T05:08:37.000,17.44,5.33,3.36,19.08,20.3,1021,-11.41,1.0,0.096
2024-04-06T05:09:37.000,17.46,5.34,3.64,18.99,20.3,1022,-11.23,2.0,0.095
2024-04-06T05:10:37.000,17.44,5.24,3.97,18.9,20.3,1023,-11.04,2.0,0.095
2024-04-06T05:11:37.000,17.4,5.02,4.31,18.81,20.3,1024,-10.86,2.0,0.095
2024-04-06T05:12:37.000,17.32,4.97,4.78,18.7,20.3,1025,-10.67,2.0,0.095
2024-04-06T05:13:37.000,17.23,4.96,5.24,18.6,20.3,1026,-10.48,2.0,0.095
2024-04-06T05:14:37.000,17.18,4.97,5.64,18.52,20.3,1027,-10.3,2.0,0.095
2024-04-06T05:15:38.000,17.15,4.64,6.11,18.43,20.3,1028,-10.11,3.0,0.095
2024-04-06T05:16:38.000,17.16,4.12,7.04,18.28,20.3,1029,-9.92,3.0,0.095
2024-04-06T05:17:38.000,17.22,3.73,8.11,18.12,20.3,1030,-9.73,3.0,0.095
2024-04-06T05:18:38.000,17.26,3.25,9.74,17.92,20.3,1031,-9.55,3.0,0.095
2024-04-06T05:19:38.000,17.22,2.85,11.85,17.71,20.3,1032,-9.36,3.0,0.095
2024-04-06T05:20:38.000,17.11,2.49,14.33,17.5,20.3,1033,-9.17,4.0,0.095
2024-04-06T05:21:38.000,16.96,2.26,17.6,17.28,20.3,1034,-8.99,4.0,0.095
2024-04-06T05:22:38.000,16.82,2.31,20.57,17.11,20.3,1035,-8.8,4.0,0.095
2024-04-06T05:23:38.000,16.73,2.53,24.03,16.94,20.3,1036,-8.61,4.0,0.095
2024-04-06T05:24:38.000,16.72,2.59,27.53,16.79,20.3,1037,-8.42,4.0,0.095
2024-04-06T05:25:38.000,16.75,2.7,31.39,16.65,20.3,1038,-8.23,5.0,0.095
2024-04-06T05:26:38.000,16.8,2.85,36.43,16.49,20.3,1039,-8.05,5.0,0.095
2024-04-06T05:27:38.000,16.86,2.93,44.25,16.28,20.3,1040,-7.86,5.0,0.095
2024-04-06T05:28:38.000,16.87,2.83,55.01,16.04,20.3,1041,-7.67,5.0,0.095
2024-04-06T05:29:38.000,16.87,2.67,72.72,15.74,20.3,1042,-7.48,5.0,0.094
2024-04-06T05:30:39.000,16.85,2.95,100.05,15.39,20.3,1043,-7.29,5.0,0.094
2024-04-06T05:31:39.000,16.79,3.57,132.47,15.09,20.3,1044,-7.1,6.0,0.094
2024-04-06T05:32:39.000,16.77,4.22,166.31,14.84,20.3,1045,-6.91,6.0,0.094
2024-04-06T05:33:39.000,16.74,4.71,197.48,14.65,20.3,1046,-6.72,6.0,0.094
2024-04-06T05:34:39.000,16.71,5.01,233.08,14.47,20.3,1047,-6.53,6.0,0.094
2024-04-06T05:35:39.000,16.66,5.11,290.18,14.24,20.3,1048,-6.34,6.0,0.094
2024-04-06T05:36:39.000,16.62,5.13,361.91,14.0,20.3,1049,-6.15,7.0,0.094
2024-04-06T05:37:39.000,16.6,5.06,445.53,13.77,20.3,1050,-5.96,7.0,0.094
2024-04-06T05:38:40.000,16.57,4.94,580.85,13.48,20.3,1051,-5.77,7.0,0.094
2024-04-06T05:39:40.000,16.56,4.59,711.07,13.26,20.3,1052,-5.58,7.0,0.094
2024-04-06T05:40:40.000,16.56,4.0,906.54,13.0,20.3,1053,-5.39,7.0,0.094
2024-04-06T05:41:40.000,16.54,3.21,1198.27,12.7,20.3,1054,-5.2,7.0,0.094
2024-04-06T05:42:40.000,16.51,2.36,1614.31,12.37,20.3,1055,-5.01,8.0,0.094
2024-04-06T05:43:40.000,16.47,1.74,2060.92,12.11,20.3,1056,-4.82,8.0,0.094
2024-04-06T05:44:40.000,16.43,1.74,2614.27,11.85,20.3,1057,-4.63,8.0,0.094
2024-04-06T05:45:40.000,16.37,2.31,3307.76,11.59,20.3,1058,-4.44,8.0,0.094
2024-04-06T05:46:40.000,16.34,3.22,4042.72,11.38,20.3,1059,-4.25,8.0,0.094
2024-04-06T05:47:40.000,16.35,3.8,5148.27,11.11,20.3,1060,-4.06,8.0,0.094
2024-04-06T05:48:40.000,16.39,3.88,6516.16,10.86,20.3,1061,-3.86,9.0,0.094
2024-04-06T05:49:41.000,16.44,3.63,8303.44,10.59,20.3,1062,-3.67,9.0,0.094
2024-04-06T05:50:41.000,16.47,3.45,10374.85,10.35,20.3,1063,-3.48,9.0,0.093
2024-04-06T05:51:41.000,16.5,3.35,12807.47,10.12,20.3,1064,-3.29,9.0,0.093
2024-04-06T05:52:41.000,16.53,3.37,15944.63,9.89,20.3,1065,-3.1,9.0,0.093
2024-04-06T05:53:41.000,16.57,3.87,19162.54,9.68,20.3,1066,-2.9,10.0,0.093
2024-04-06T05:54:41.000,16.62,4.69,21430.98,9.56,20.3,1067,-2.71,10.0,0.093
2024-04-06T05:55:41.000,16.65,5.35,24194.22,9.43,20.3,1068,-2.52,10.0,0.093
2024-04-06T05:56:41.000,16.7,5.83,25616.55,9.37,20.3,1069,-2.33,10.0,0.093
2024-04-06T05:57:41.000,16.74,6.13,26960.72,9.45,20.3,1070,-2.14,10.0,0.093
2024-04-06T05:58:41.000,16.79,6.07,32116.58,9.13,20.3,1071,-1.95,10.0,0.093
2024-04-06T05:59:41.000,16.83,5.79,41924.5,8.84,20.3,1072,-1.75,11.0,0.093
2024-04-06T06:00:41.000,16.85,5.41,51033.57,8.62,20.3,1073,-1.56,11.0,0.093
2024-04-06T06:01:41.000,16.82,4.79,55226.89,8.54,20.3,1074,-1.37,11.0,0.093
2024-04-06T06:02:41.000,16.78,3.88,55871.3,4.26,20.3,1075,-1.18,11.0,0.093
2024-04-06T06:03:41.000,16.73,2.89,50000.0,0.0,20.3,1076,-0.98,11.0,0.093
2024-04-06T06:04:42.000,16.69,2.58,49444.8,0.18,20.3,1077,-0.79,12.0,0.093
2024-04-06T06:05:42.000,16.68,2.88,50000.0,0.0,20.3,1078,-0.59,12.0,0.093
2024-04-06T06:06:42.000,16.68,3.37,50000.0,0.0,20.3,1079,-0.4,12.0,0.093
2024-04-06T06:07:42.000,16.69,4.26,50000.0,0.0,20.3,1080,-0.21,12.0,0.093
2024-04-06T11:57:36.000,26.73,6.09,50000.0,0.0,20.3,1429,57.15,39.0,0.076
2024-04-06T11:58:37.000,26.37,5.32,50000.0,0.0,20.3,1430,57.2,39.0,0.076
2024-04-06T11:59:37.000,26.13,5.92,50000.0,0.0,20.3,1431,57.25,38.0,0.076
2024-04-06T12:06:43.000,25.52,6.78,50000.0,0.0,20.3,0,57.55,38.0,0.076
2024-04-06T12:07:43.000,25.39,6.09,50000.0,0.0,20.3,1,57.59,38.0,0.076
2024-04-06T12:08:44.000,25.33,6.48,50000.0,0.0,20.3,2,57.63,38.0,0.076
2024-04-06T18:32:10.000,21.2,8.68,50000.0,0.0,20.3,384,3.88,-25.0,0.059
2024-04-06T18:33:10.000,21.18,8.48,50000.0,0.0,20.3,385,3.69,-25.0,0.059
2024-04-06T18:34:10.000,21.18,8.28,50000.0,0.0,20.3,386,3.49,-25.0,0.059
2024-04-06T18:35:10.000,21.14,8.13,49717.63,0.1,20.3,387,3.3,-25.0,0.059
2024-04-06T18:36:11.000,21.12,8.12,49729.93,0.09,20.3,388,3.1,-25.0,0.059
2024-04-06T18:37:11.000,21.06,8.1,49725.42,0.09,20.3,389,2.91,-25.0,0.059
2024-04-06T18:38:11.000,21.01,8.3,50000.0,0.0,20.3,390,2.71,-26.0,0.059
2024-04-06T18:39:11.000,20.98,8.31,50000.0,0.0,20.3,391,2.52,-26.0,0.059
2024-04-06T18:40:11.000,20.93,8.19,50000.0,0.0,20.3,392,2.33,-26.0,0.059
2024-04-06T18:53:12.000,20.36,8.19,50000.0,0.0,20.3,405,-0.18,-28.0,0.058
2024-04-06T18:54:13.000,20.38,8.12,50000.0,0.0,20.3,406,-0.38,-29.0,0.058
2024-04-06T18:55:13.000,20.4,8.1,50000.0,0.0,20.3,407,-0.57,-29.0,0.058
2024-04-06T18:56:13.000,20.41,8.17,57924.14,5.48,20.3,408,-0.76,-29.0,0.058
2024-04-06T18:57:13.000,20.41,8.32,55358.93,8.53,20.3,409,-0.96,-29.0,0.058
2024-04-06T18:58:13.000,20.42,8.52,47692.72,8.69,20.3,410,-1.15,-29.0,0.058
2024-04-06T18:59:13.000,20.39,8.66,42471.26,8.82,20.3,411,-1.34,-29.0,0.058
2024-04-06T19:00:13.000,20.38,8.83,40194.71,8.88,20.3,412,-1.53,-30.0,0.058
2024-04-06T19:01:13.000,20.37,8.9,38686.86,8.92,20.3,413,-1.72,-30.0,0.058
2024-04-06T19:02:13.000,20.35,8.87,34156.79,9.13,20.3,414,-1.92,-30.0,0.058
2024-04-06T19:03:13.000,20.34,8.89,29259.45,9.23,20.3,415,-2.11,-30.0,0.058
2024-04-06T19:04:13.000,20.33,8.81,25234.97,9.47,20.3,416,-2.3,-30.0,0.058
2024-04-06T19:05:13.000,20.32,8.71,24127.18,9.43,20.3,417,-2.49,-30.0,0.058
2024-04-06T19:06:14.000,20.31,8.64,21898.67,9.54,20.3,418,-2.68,-31.0,0.058
2024-04-06T19:07:15.000,20.31,8.53,19572.24,9.66,20.3,419,-2.88,-31.0,0.058
2024-04-06T19:08:16.000,20.31,8.48,17429.16,9.79,20.3,420,-3.07,-31.0,0.058
2024-04-06T19:09:16.000,20.31,8.44,14241.96,10.01,20.3,421,-3.26,-31.0,0.058
2024-04-06T19:10:16.000,20.3,8.41,10793.12,10.31,20.3,422,-3.46,-31.0,0.058
2024-04-06T19:11:16.000,20.3,8.26,9618.92,10.43,20.3,423,-3.65,-32.0,0.058
2024-04-06T19:12:16.000,20.3,8.02,7970.78,10.64,20.3,424,-3.84,-32.0,0.058
2024-04-06T19:13:16.000,20.29,7.97,6127.28,10.92,20.3,425,-4.03,-32.0,0.058
2024-04-06T19:14:16.000,20.29,7.79,5120.69,11.12,20.3,426,-4.22,-32.0,0.058
2024-04-06T19:15:20.000,20.28,7.56,4436.76,11.27,20.3,427,-4.42,-32.0,0.058
2024-04-06T19:16:20.000,20.26,7.32,3633.16,11.49,20.3,428,-4.61,-32.0,0.057
2024-04-06T19:17:20.000,20.24,7.26,2889.89,11.74,20.3,429,-4.8,-33.0,0.057
2024-04-06T19:18:20.000,20.21,7.15,2330.25,11.97,20.3,430,-4.99,-33.0,0.057
2024-04-06T19:19:20.000,20.14,7.14,1885.16,12.2,20.3,431,-5.18,-33.0,0.057
2024-04-06T19:20:20.000,20.1,7.34,1432.31,12.5,20.3,432,-5.37,-33.0,0.057
2024-04-06T19:21:20.000,20.07,7.56,1075.64,12.82,20.3,433,-5.56,-33.0,0.057
2024-04-06T19:22:20.000,20.06,7.74,788.09,13.15,20.3,434,-5.75,-33.0,0.057
2024-04-06T19:23:20.000,20.06,7.88,624.92,13.4,20.3,435,-5.94,-34.0,0.057
2024-04-06T19:24:21.000,20.05,8.01,488.42,13.67,20.3,436,-6.13,-34.0,0.057
2024-04-06T19:25:21.000,20.04,8.13,372.4,13.96,20.3,437,-6.32,-34.0,0.057
2024-04-06T19:26:21.000,20.02,8.16,303.06,14.19,20.3,438,-6.51,-34.0,0.057
2024-04-06T19:27:21.000,19.96,8.16,248.97,14.4,20.3,439,-6.7,-34.0,0.057
2024-04-06T19:28:21.000,19.92,8.16,199.08,14.64,20.3,440,-6.89,-34.0,0.057
2024-04-06T19:29:22.000,19.88,8.16,163.98,14.85,20.3,441,-7.08,-35.0,0.057
2024-04-06T19:30:22.000,19.88,8.15,128.64,15.12,20.3,442,-7.27,-35.0,0.057
2024-04-06T19:31:22.000,19.84,8.12,101.43,15.38,20.3,443,-7.45,-35.0,0.057
2024-04-06T19:32:26.000,19.82,8.23,83.35,15.59,20.3,444,-7.66,-35.0,0.057
2024-04-06T19:33:26.000,19.79,8.24,68.2,15.81,20.3,445,-7.84,-35.0,0.057
2024-04-06T19:34:27.000,19.78,8.17,57.3,16.0,20.3,446,-8.03,-35.0,0.057
2024-04-06T19:35:26.000,19.78,8.07,46.33,16.23,20.3,447,-8.22,-36.0,0.057
2024-04-06T19:36:27.000,19.77,8.02,39.04,16.41,20.3,448,-8.41,-36.0,0.057
2024-04-06T19:37:27.000,19.74,8.05,32.64,16.61,20.3,449,-8.6,-36.0,0.057
2024-04-06T19:38:27.000,19.72,8.11,27.13,16.81,20.3,450,-8.78,-36.0,0.057
2024-04-06T19:39:27.000,19.71,8.19,22.79,17.0,20.3,451,-8.97,-36.0,0.057
2024-04-06T19:40:27.000,19.71,8.2,19.76,17.15,20.3,452,-9.16,-36.0,0.057
2024-04-06T19:41:27.000,19.71,8.21,16.87,17.32,20.3,453,-9.34,-37.0,0.056
2024-04-06T19:42:28.000,19.69,8.27,14.69,17.47,20.3,454,-9.53,-37.0,0.056
2024-04-06T19:43:29.000,19.68,8.41,12.41,17.66,20.3,455,-9.72,-37.0,0.056
2024-04-06T19:44:29.000,19.68,8.57,10.71,17.82,20.3,456,-9.91,-37.0,0.056
2024-04-06T19:45:30.000,19.67,8.58,9.65,17.93,20.3,457,-10.1,-37.0,0.056
2024-04-06T19:46:30.000,19.65,8.63,8.62,18.05,20.3,458,-10.28,-37.0,0.056
2024-04-06T19:47:30.000,19.62,8.63,7.57,18.2,20.3,459,-10.47,-38.0,0.056
2024-04-06T19:48:30.000,19.58,8.57,6.94,18.29,20.3,460,-10.66,-38.0,0.056
2024-04-06T19:49:30.000,19.58,8.62,6.34,18.39,20.3,461,-10.84,-38.0,0.056
2024-04-06T19:50:30.000,19.57,8.61,5.86,18.48,20.3,462,-11.03,-38.0,0.056
2024-04-06T19:51:30.000,19.55,8.54,5.43,18.56,20.3,463,-11.21,-38.0,0.056
2024-04-06T19:52:30.000,19.52,8.5,5.05,18.64,20.3,464,-11.4,-38.0,0.056
2024-04-06T19:53:30.000,19.52,8.59,4.84,18.68,20.3,465,-11.58,-39.0,0.056
2024-04-06T19:54:30.000,19.54,8.65,4.71,18.71,20.3,466,-11.76,-39.0,0.056
2024-04-06T19:55:31.000,19.59,8.74,4.56,18.75,20.3,467,-11.95,-39.0,0.056
2024-04-06T19:56:32.000,19.62,8.8,4.38,18.79,20.3,468,-12.14,-39.0,0.056
2024-04-06T19:57:32.000,19.64,8.91,4.26,18.82,20.3,469,-12.32,-39.0,0.056
2024-04-06T19:58:32.000,19.68,9.05,4.12,18.86,20.3,470,-12.51,-39.0,0.056
2024-04-06T19:59:32.000,19.72,9.21,4.02,18.88,20.3,471,-12.69,-40.0,0.056
2024-04-06T20:00:33.000,19.72,9.28,3.89,18.92,20.3,472,-12.88,-40.0,0.056
2024-04-06T20:01:33.000,19.73,9.39,3.77,18.95,20.3,473,-13.06,-40.0,0.056
2024-04-06T20:02:33.000,19.77,9.62,3.62,19.0,20.3,474,-13.24,-40.0,0.056
2024-04-06T20:03:33.000,19.81,9.61,3.5,19.04,20.3,475,-13.42,-40.0,0.056
2024-04-06T20:04:33.000,19.83,9.55,3.42,19.06,20.3,476,-13.61,-40.0,0.056
2024-04-06T20:05:34.000,19.82,9.44,3.31,19.1,20.3,477,-13.79,-41.0,0.056
2024-04-06T20:06:34.000,19.8,9.47,3.35,19.08,20.3,478,-13.97,-41.0,0.055
2024-04-06T20:07:34.000,19.78,9.59,3.47,19.05,20.3,479,-14.16,-41.0,0.055
2024-04-06T20:08:34.000,19.76,9.67,3.4,19.07,20.3,480,-14.34,-41.0,0.055
2024-04-06T20:09:34.000,19.74,9.7,3.35,19.08,20.3,481,-14.52,-41.0,0.055
2024-04-06T20:10:34.000,19.7,9.56,3.2,19.13,20.3,482,-14.7,-41.0,0.055
2024-04-06T20:11:34.000,19.69,9.52,3.08,19.18,20.3,483,-14.88,-42.0,0.055
2024-04-06T20:12:34.000,19.69,9.45,3.1,19.17,20.3,484,-15.06,-42.0,0.055
2024-04-06T20:13:34.000,19.69,9.46,3.23,19.12,20.3,485,-15.24,-42.0,0.055
2024-04-06T20:14:35.000,19.67,9.43,3.22,19.13,20.3,486,-15.43,-42.0,0.055
