ecsv/stars201/stars201_2025-04.ecsv
# %ECSV 1.0
# ---
# datatype:
# - {name: time, datatype: string}
# - {name: Enclosure Temperature, unit: deg_C, datatype: float64}
# - {name: Sky Temperature, unit: deg_C, datatype: float64}
# - {name: Frequency, unit: Hz, datatype: float64}
# - {name: MSAS, unit: mag / arcsec2, datatype: float64}
# - {name: ZP, datatype: float64}
# - {name: Sequence Number, datatype: int64}
# - {name: Sun Alt, unit: deg, datatype: float64}
# - {name: Moon Alt, unit: deg, datatype: float64}
# - {name: Moon Illumination, datatype: float64}
# delimiter: ','
# meta: !!omap
# - ida:
#     Data supplier: {affiliation: null, observer: Miquel Serra}
#     Device type: TESS-W
#     Field of view: 17.0
#     Filters per channel: None
#     Instrument ID: stars201
#     License: ODbL 1.0 http://opendatacommons.org/licenses/odbl/summary/
#     Local timezone: Europe/Madrid
#     Location name: {country: Spain, place: Finca La Cocosa, region: null, sub_region: Badajoz, town: Badajoz}
#     Measurement direction per channel: {azimuth: 0.0, zenital: 0.0}
#     Moving / Fixed look direction: FIXED
#     Moving / Stationary position: STATIONARY
#     Number of channels: 1
#     Number of fields per line: 8
#     Number of header lines: 35
#     Position: {height: 313.0, latitude: 38.7555, longitude: -6.9845}
#     TESS MAC address: 4C:75:25:27:43:56
#     TESS cover offset value: 0.0
#     TESS firmware version: '1.0'
#     TESS zero point: 20.3
#     Time Synchronization: timestamp added by MQTT subscriber
#     URL: http://www.darksky.org/NSBM/sdf1.0.pdf
# - __serialized_columns__:
#     Enclosure Temperature:
#       __class__: astropy.units.quantity.Quantity
#       unit: &id001 !astropy.units.Unit {unit: deg_C}
#       value: !astropy.table.SerializedColumn {name: Enclosure Temperature}
#     Frequency:
#       __class__: astropy.units.quantity.Quantity
#       unit: !astropy.units.Unit {unit: Hz}
#       value: !astropy.table.SerializedColumn {name: Frequency}
#     MSAS:
#       __class__: astropy.units.quantity.Quantity
#       unit: !astropy.units.Unit {unit: mag / arcsec2}
#       value: !astropy.table.SerializedColumn {name: MSAS}
#     Moon Alt:
#       __class__: astropy.units.quantity.Quantity
#       unit: &id002 !astropy.units.Unit {unit: deg}
#       value: !astropy.table.SerializedColumn {name: Moon Alt}
#     Sky Temperature:
#       __class__: astropy.units.quantity.Quantity
#       unit: *id001
#       value: !astropy.table.SerializedColumn {name: Sky Temperature}
#     Sun Alt:
#       __class__: astropy.units.quantity.Quantity
#       unit: *id002
#       value: !astropy.table.SerializedColumn {name: Sun Alt}
#     time:
#       __class__: astropy.time.core.Time
#       format: isot
#       in_subfmt: '*'
#       out_subfmt: '*'
#       precision: 3
#       scale: utc
#       value: !astropy.table.SerializedColumn {name: time}
# schema: astropy-2.0
time,Enclosure Temperature,Sky Temperature,Frequency,MSAS,ZP,Sequence Number,Sun Alt,Moon Alt,Moon Illumination
[from data line 16050]
2025-04-24T21:47:48.000,19.29,1.54,1.59,19.9,20.3,580,-26.3,-54.0,0.122
2025-04-24T21:48:49.000,19.24,1.49,1.59,19.9,20.3,581,-26.43,-54.0,0.122
2025-04-24T21:49:49.000,19.2,1.46,1.59,19.9,20.3,582,-26.57,-54.0,0.122
2025-04-24T21:50:49.000,19.15,1.45,1.58,19.9,20.3,583,-26.7,-54.0,0.122
2025-04-24T21:51:49.000,19.08,1.39,1.58,19.9,20.3,584,-26.83,-54.0,0.122
2025-04-24T21:52:49.000,19.03,1.35,1.58,19.91,20.3,585,-26.96,-54.0,0.122
2025-04-24T21:53:49.000,18.98,1.3,1.58,19.9,20.3,586,-27.09,-54.0,0.122
2025-04-24T21:54:49.000,18.95,1.37,1.58,19.91,20.3,587,-27.23,-54.0,0.122
2025-04-24T21:55:49.000,18.93,1.44,1.58,19.91,20.3,588,-27.36,-54.0,0.122
2025-04-24T21:56:49.000,18.92,1.48,1.58,19.91,20.3,589,-27.49,-54.0,0.122
2025-04-24T21:57:49.000,18.89,1.45,1.58,19.91,20.3,590,-27.61,-54.0,0.122
2025-04-24T21:58:49.000,18.85,1.46,1.57,19.91,20.3,591,-27.74,-54.0,0.122
2025-04-24T21:59:50.000,18.82,1.46,1.57,19.91,20.3,592,-27.87,-54.0,0.122
2025-04-24T22:00:50.000,18.8,1.5,1.56,19.92,20.3,593,-28.0,-54.0,0.121
2025-04-24T22:01:50.000,18.79,1.54,1.56,19.92,20.3,594,-28.13,-54.0,0.121
2025-04-24T22:02:50.000,18.79,1.47,1.56,19.92,20.3,595,-28.25,-54.0,0.121
2025-04-24T22:03:50.000,18.79,1.41,1.55,19.93,20.3,596,-28.38,-54.0,0.121
2025-04-24T22:04:50.000,18.78,1.37,1.55,19.93,20.3,597,-28.5,-54.0,0.121
2025-04-24T22:05:50.000,18.77,1.42,1.55,19.93,20.3,598,-28.63,-54.0,0.121
2025-04-24T22:06:50.000,18.77,1.39,1.55,19.93,20.3,599,-28.75,-54.0,0.121
2025-04-24T22:07:50.000,18.75,1.39,1.55,19.93,20.3,600,-28.87,-54.0,0.121
2025-04-24T22:08:50.000,18.76,1.41,1.55,19.93,20.3,601,-29.0,-54.0,0.121
2025-04-24T22:09:50.000,18.75,1.43,1.55,19.93,20.3,602,-29.12,-54.0,0.121
2025-04-24T22:10:50.000,18.76,1.45,1.55,19.93,20.3,603,-29.24,-54.0,0.121
2025-04-24T22:11:51.000,18.77,1.48,1.55,19.93,20.3,604,-29.36,-54.0,0.121
2025-04-24T22:12:51.000,18.79,1.51,1.55,19.93,20.3,605,-29.48,-54.0,0.121
2025-04-24T22:13:51.000,18.79,1.53,1.55,19.93,20.3,606,-29.6,-54.0,0.121
2025-04-24T22:14:51.000,18.8,1.48,1.55,19.93,20.3,607,-29.72,-54.0,0.121
2025-04-24T22:15:51.000,18.79,1.47,1.55,19.93,20.3,608,-29.84,-54.0,0.121
2025-04-24T22:16:51.000,18.76,1.42,1.54,19.94,20.3,609,-29.95,-54.0,0.121
2025-04-24T22:17:51.000,18.73,1.4,1.52,19.95,20.3,610,-30.07,-54.0,0.121
2025-04-24T22:18:51.000,18.69,1.4,1.52,19.95,20.3,611,-30.19,-54.0,0.12
2025-04-24T22:19:51.000,18.66,1.4,1.52,19.95,20.3,612,-30.3,-54.0,0.12
2025-04-24T22:20:51.000,18.64,1.43,1.53,19.95,20.3,613,-30.42,-54.0,0.12
2025-04-24T22:21:52.000,18.63,1.44,1.52,19.95,20.3,614,-30.53,-54.0,0.12
2025-04-24T22:22:52.000,18.64,1.46,1.52,19.95,20.3,615,-30.65,-54.0,0.12
2025-04-24T22:23:52.000,18.64,1.47,1.52,19.95,20.3,616,-30.76,-54.0,0.12
2025-04-24T22:24:52.000,18.63,1.45,1.52,19.95,20.3,617,-30.87,-54.0,0.12
2025-04-24T22:25:52.000,18.62,1.45,1.52,19.95,20.3,618,-30.98,-54.0,0.12
2025-04-24T22:26:52.000,18.59,1.25,1.52,19.95,20.3,619,-31.09,-54.0,0.12
2025-04-24T22:27:52.000,18.54,1.07,1.52,19.95,20.3,620,-31.2,-53.0,0.12
2025-04-24T22:28:52.000,18.48,0.91,1.52,19.95,20.3,621,-31.31,-53.0,0.12
2025-04-24T22:29:52.000,18.39,0.68,1.52,19.95,20.3,622,-31.42,-53.0,0.12
2025-04-24T22:30:52.000,18.31,0.66,1.52,19.95,20.3,623,-31.52,-53.0,0.12
2025-04-24T22:31:52.000,18.23,0.7,1.52,19.95,20.3,624,-31.63,-53.0,0.12
2025-04-24T22:32:52.000,18.14,0.69,1.52,19.95,20.3,625,-31.74,-53.0,0.12
2025-04-24T22:33:52.000,18.06,0.73,1.52,19.95,20.3,626,-31.84,-53.0,0.12
2025-04-24T22:34:52.000,18.0,0.78,1.52,19.95,20.3,627,-31.95,-53.0,0.12
2025-04-24T22:35:53.000,17.93,0.63,1.52,19.95,20.3,628,-32.05,-53.0,0.12
2025-04-24T22:36:53.000,17.88,0.6,1.52,19.95,20.3,629,-32.15,-53.0,0.12
2025-04-24T22:37:53.000,17.82,0.63,1.52,19.95,20.3,630,-32.26,-53.0,0.119
2025-04-24T22:38:53.000,17.79,0.72,1.51,19.95,20.3,631,-32.36,-53.0,0.119
2025-04-24T22:39:53.000,17.74,0.79,1.51,19.96,20.3,632,-32.46,-53.0,0.119
2025-04-24T22:40:53.000,17.72,0.97,1.51,19.96,20.3,633,-32.56,-53.0,0.119
2025-04-24T22:41:53.000,17.71,0.98,1.51,19.96,20.3,634,-32.66,-53.0,0.119
2025-04-24T22:42:53.000,17.7,1.03,1.51,19.96,20.3,635,-32.76,-53.0,0.119
2025-04-24T22:43:53.000,17.69,1.08,1.51,19.96,20.3,636,-32.85,-53.0,0.119
2025-04-24T22:44:53.000,17.69,1.15,1.51,19.96,20.3,637,-32.95,-52.0,0.119
2025-04-24T22:45:54.000,17.7,1.13,1.51,19.96,20.3,638,-33.05,-52.0,0.119
2025-04-24T22:46:54.000,17.7,1.07,1.51,19.96,20.3,639,-33.14,-52.0,0.119
2025-04-24T22:47:54.000,17.71,1.01,1.51,19.96,20.3,640,-33.24,-52.0,0.119
2025-04-24T22:48:54.000,17.71,0.96,1.5,19.96,20.3,641,-33.33,-52.0,0.119
2025-04-24T22:49:54.000,17.7,0.96,1.5,19.96,20.3,642,-33.42,-52.0,0.119
2025-04-24T22:50:54.000,17.71,1.0,1.5,19.96,20.3,643,-33.51,-52.0,0.119
2025-04-24T22:51:54.000,17.71,1.02,1.5,19.96,20.3,644,-33.61,-52.0,0.119
2025-04-24T22:52:54.000,17.71,1.05,1.5,19.96,20.3,645,-33.7,-52.0,0.119
2025-04-24T22:53:54.000,17.73,1.07,1.5,19.96,20.3,646,-33.79,-52.0,0.119
2025-04-24T22:54:54.000,17.75,1.08,1.5,19.96,20.3,647,-33.87,-52.0,0.119
2025-04-24T22:55:54.000,17.8,1.11,1.5,19.97,20.3,648,-33.96,-52.0,0.118
2025-04-24T22:56:54.000,17.85,1.11,1.5,19.97,20.3,649,-34.05,-52.0,0.118
2025-04-24T22:57:54.000,17.92,1.22,1.5,19.97,20.3,650,-34.14,-51.0,0.118
2025-04-24T22:58:54.000,18.01,1.23,1.5,19.97,20.3,651,-34.22,-51.0,0.118
2025-04-24T22:59:55.000,18.08,1.24,1.5,19.97,20.3,652,-34.31,-51.0,0.118
2025-04-24T23:00:55.000,18.14,1.25,1.49,19.97,20.3,653,-34.39,-51.0,0.118
2025-04-24T23:01:55.000,18.21,1.23,1.49,19.97,20.3,654,-34.47,-51.0,0.118
2025-04-24T23:02:55.000,18.26,1.17,1.49,19.97,20.3,655,-34.55,-51.0,0.118
2025-04-24T23:03:55.000,18.28,1.2,1.49,19.97,20.3,656,-34.64,-51.0,0.118
2025-04-24T23:04:55.000,18.33,1.21,1.49,19.97,20.3,657,-34.72,-51.0,0.118
2025-04-24T23:05:55.000,18.37,1.18,1.49,19.97,20.3,658,-34.79,-51.0,0.118
2025-04-24T23:06:55.000,18.41,1.18,1.49,19.97,20.3,659,-34.87,-51.0,0.118
2025-04-24T23:07:55.000,18.44,1.22,1.49,19.97,20.3,660,-34.95,-51.0,0.118
2025-04-24T23:08:55.000,18.48,1.25,1.49,19.97,20.3,661,-35.03,-51.0,0.118
2025-04-24T23:09:56.000,18.51,1.21,1.49,19.97,20.3,662,-35.1,-50.0,0.118
2025-04-24T23:10:56.000,18.52,1.1,1.49,19.97,20.3,663,-35.18,-50.0,0.118
2025-04-24T23:11:56.000,18.53,1.14,1.48,19.98,20.3,664,-35.25,-50.0,0.118
2025-04-24T23:12:56.000,18.55,1.19,1.49,19.98,20.3,665,-35.33,-50.0,0.118
2025-04-24T23:13:56.000,18.57,1.2,1.49,19.98,20.3,666,-35.4,-50.0,0.118
2025-04-24T23:14:56.000,18.62,1.24,1.48,19.98,20.3,667,-35.47,-50.0,0.117
2025-04-24T23:15:56.000,18.67,1.18,1.48,19.98,20.3,668,-35.54,-50.0,0.117
2025-04-24T23:16:56.000,18.71,1.17,1.49,19.97,20.3,669,-35.61,-50.0,0.117
2025-04-24T23:17:56.000,18.74,1.18,1.49,19.97,20.3,670,-35.68,-50.0,0.117
2025-04-24T23:18:56.000,18.77,1.18,1.49,19.97,20.3,671,-35.75,-50.0,0.117
2025-04-24T23:19:56.000,18.77,1.11,1.49,19.98,20.3,672,-35.81,-49.0,0.117
2025-04-24T23:20:57.000,18.77,1.06,1.49,19.97,20.3,673,-35.88,-49.0,0.117
2025-04-24T23:21:57.000,18.75,1.07,1.49,19.97,20.3,674,-35.94,-49.0,0.117
2025-04-24T23:22:57.000,18.73,1.01,1.49,19.97,20.3,675,-36.01,-49.0,0.117
2025-04-24T23:23:57.000,18.72,1.03,1.49,19.97,20.3,676,-36.07,-49.0,0.117
2025-04-24T23:24:57.000,18.71,1.05,1.49,19.97,20.3,677,-36.13,-49.0,0.117
2025-04-24T23:25:57.000,18.71,1.05,1.49,19.97,20.3,678,-36.19,-49.0,0.117
2025-04-24T23:26:57.000,18.7,1.08,1.48,19.98,20.3,679,-36.25,-49.0,0.117
2025-04-24T23:27:57.000,18.7,0.99,1.48,19.98,20.3,680,-36.31,-49.0,0.117
2025-04-24T23:28:57.000,18.69,1.0,1.48,19.98,20.3,681,-36.37,-48.0,0.117
2025-04-24T23:29:57.000,18.67,0.95,1.48,19.98,20.3,682,-36.43,-48.0,0.117
2025-04-24T23:30:57.000,18.63,0.9,1.48,19.98,20.3,683,-36.49,-48.0,0.117
2025-04-24T23:31:58.000,18.59,0.88,1.48,19.98,20.3,684,-36.54,-48.0,0.117
2025-04-24T23:32:58.000,18.57,0.81,1.47,19.98,20.3,685,-36.6,-48.0,0.117
2025-04-24T23:33:58.000,18.54,0.74,1.48,19.98,20.3,686,-36.65,-48.0,0.116
2025-04-24T23:34:58.000,18.51,0.75,1.47,19.98,20.3,687,-36.7,-48.0,0.116
2025-04-24T23:35:58.000,18.47,0.7,1.47,19.98,20.3,688,-36.75,-48.0,0.116
2025-04-24T23:36:58.000,18.43,0.66,1.47,19.98,20.3,689,-36.8,-48.0,0.116
2025-04-24T23:37:58.000,18.36,0.65,1.47,19.98,20.3,690,-36.85,-47.0,0.116
2025-04-24T23:38:58.000,18.32,0.55,1.47,19.99,20.3,691,-36.9,-47.0,0.116
2025-04-24T23:39:58.000,18.27,0.5,1.47,19.99,20.3,692,-36.95,-47.0,0.116
2025-04-24T23:40:58.000,18.2,0.4,1.47,19.99,20.3,693,-37.0,-47.0,0.116
2025-04-24T23:41:58.000,18.13,0.45,1.47,19.99,20.3,694,-37.04,-47.0,0.116
2025-04-24T23:42:58.000,18.08,0.4,1.47,19.99,20.3,695,-37.09,-47.0,0.116
2025-04-24T23:43:58.000,18.04,0.45,1.47,19.99,20.3,696,-37.13,-47.0,0.116
2025-04-24T23:44:58.000,18.0,0.47,1.47,19.99,20.3,697,-37.17,-47.0,0.116
2025-04-24T23:45:58.000,17.97,0.45,1.47,19.99,20.3,698,-37.21,-46.0,0.116
2025-04-24T23:46:59.000,17.94,0.5,1.47,19.99,20.3,699,-37.26,-46.0,0.116
2025-04-24T23:47:59.000,17.92,0.49,1.47,19.99,20.3,700,-37.3,-46.0,0.116
2025-04-24T23:48:59.000,17.91,0.46,1.47,19.99,20.3,701,-37.33,-46.0,0.116
2025-04-24T23:49:59.000,17.88,0.43,1.47,19.99,20.3,702,-37.37,-46.0,0.116
2025-04-24T23:50:59.000,17.86,0.4,1.47,19.99,20.3,703,-37.41,-46.0,0.116
2025-04-24T23:51:59.000,17.84,0.45,1.47,19.99,20.3,704,-37.44,-46.0,0.116
2025-04-24T23:52:59.000,17.83,0.5,1.47,19.99,20.3,705,-37.48,-46.0,0.115
2025-04-24T23:53:59.000,17.81,0.48,1.47,19.99,20.3,706,-37.51,-45.0,0.115
2025-04-24T23:54:59.000,17.8,0.46,1.47,19.99,20.3,707,-37.54,-45.0,0.115
2025-04-24T23:55:59.000,17.78,0.45,1.47,19.99,20.3,708,-37.58,-45.0,0.115
2025-04-24T23:56:59.000,17.77,0.45,1.47,19.99,20.3,709,-37.61,-45.0,0.115
2025-04-24T23:57:59.000,17.76,0.46,1.47,19.99,20.3,710,-37.64,-45.0,0.115
2025-04-24T23:59:00.000,17.75,0.37,1.47,19.99,20.3,711,-37.66,-45.0,0.115
2025-04-25T00:00:00.000,17.72,0.17,1.47,19.99,20.3,712,-37.69,-45.0,0.115
2025-04-25T00:01:00.000,17.66,-0.04,1.45,20.0,20.3,713,-37.72,-44.0,0.115
2025-04-25T00:02:00.000,17.62,0.0,1.45,20.0,20.3,714,-37.74,-44.0,0.115
2025-04-25T00:03:00.000,17.58,0.07,1.46,20.0,20.3,715,-37.77,-44.0,0.115
2025-04-25T00:04:00.000,17.56,0.17,1.46,20.0,20.3,716,-37.79,-44.0,0.115
2025-04-25T00:05:00.000,17.53,0.15,1.46,20.0,20.3,717,-37.81,-44.0,0.115
2025-04-25T00:06:00.000,17.49,0.08,1.45,20.0,20.3,718,-37.83,-44.0,0.115
2025-04-25T00:07:00.000,17.45,0.07,1.45,20.0,20.3,719,-37.85,-44.0,0.115
2025-04-25T00:08:00.000,17.42,0.12,1.45,20.0,20.3,720,-37.87,-44.0,0.115
2025-04-25T00:09:00.000,17.41,0.15,1.45,20.0,20.3,721,-37.89,-43.0,0.115
2025-04-25T00:10:00.000,17.4,0.19,1.45,20.0,20.3,722,-37.91,-43.0,0.115
2025-04-25T00:11:00.000,17.38,0.1,1.46,20.0,20.3,723,-37.92,-43.0,0.115
2025-04-25T00:12:00.000,17.36,0.07,1.45,20.0,20.3,724,-37.94,-43.0,0.114
2025-04-25T00:13:01.000,17.34,0.02,1.46,20.0,20.3,725,-37.95,-43.0,0.114
2025-04-25T00:14:01.000,17.33,0.08,1.45,20.0,20.3,726,-37.97,-43.0,0.114
2025-04-25T00:15:01.000,17.31,0.11,1.45,20.0,20.3,727,-37.98,-43.0,0.114
2025-04-25T00:16:01.000,17.27,0.03,1.45,20.0,20.3,728,-37.99,-42.0,0.114
2025-04-25T00:17:01.000,17.25,-0.03,1.45,20.0,20.3,729,-38.0,-42.0,0.114
2025-04-25T00:18:01.000,17.24,-0.08,1.45,20.0,20.3,730,-38.01,-42.0,0.114
2025-04-25T00:19:01.000,17.22,-0.04,1.45,20.0,20.3,731,-38.01,-42.0,0.114
2025-04-25T00:20:01.000,17.21,-0.08,1.45,20.0,20.3,732,-38.02,-42.0,0.114
2025-04-25T00:21:01.000,17.18,-0.19,1.45,20.0,20.3,733,-38.03,-42.0,0.114
2025-04-25T00:22:01.000,17.17,-0.12,1.45,20.0,20.3,734,-38.03,-41.0,0.114
2025-04-25T00:23:01.000,17.17,0.02,1.45,20.0,20.3,735,-38.03,-41.0,0.114
2025-04-25T00:24:01.000,17.15,-0.01,1.45,20.0,20.3,736,-38.04,-41.0,0.114
2025-04-25T00:25:02.000,17.14,-0.04,1.45,20.0,20.3,737,-38.04,-41.0,0.114
2025-04-25T00:26:02.000,17.12,-0.04,1.45,20.0,20.3,738,-38.04,-41.0,0.114
2025-04-25T00:27:02.000,17.08,-0.11,1.45,20.0,20.3,739,-38.04,-41.0,0.114
2025-04-25T00:28:02.000,17.05,-0.15,1.45,20.0,20.3,740,-38.04,-41.0,0.114
2025-04-25T00:29:02.000,17.02,-0.2,1.45,20.0,20.3,741,-38.03,-40.0,0.114
2025-04-25T00:30:02.000,17.02,-0.07,1.45,20.01,20.3,742,-38.03,-40.0,0.114
2025-04-25T00:31:02.000,17.01,-0.01,1.44,20.01,20.3,743,-38.02,-40.0,0.113
2025-04-25T00:32:02.000,17.0,0.09,1.44,20.01,20.3,744,-38.02,-40.0,0.113
2025-04-25T00:33:02.000,16.99,0.08,1.43,20.02,20.3,745,-38.01,-40.0,0.113
2025-04-25T00:34:02.000,16.99,0.08,1.43,20.02,20.3,746,-38.0,-40.0,0.113
2025-04-25T00:35:02.000,16.99,0.04,1.45,20.0,20.3,747,-37.99,-40.0,0.113
2025-04-25T00:36:03.000,16.99,0.01,1.44,20.01,20.3,748,-37.98,-39.0,0.113
2025-04-25T00:37:03.000,16.98,0.0,1.44,20.01,20.3,749,-37.97,-39.0,0.113
2025-04-25T00:38:03.000,16.97,-0.06,1.43,20.01,20.3,750,-37.96,-39.0,0.113
2025-04-25T00:39:03.000,16.99,-0.09,1.44,20.01,20.3,751,-37.94,-39.0,0.113
2025-04-25T00:40:03.000,17.0,-0.28,1.44,20.01,20.3,752,-37.93,-39.0,0.113
2025-04-25T00:41:03.000,16.98,-0.39,1.43,20.01,20.3,753,-37.91,-39.0,0.113
2025-04-25T00:42:03.000,16.96,-0.34,1.43,20.01,20.3,754,-37.9,-38.0,0.113
2025-04-25T00:43:03.000,16.94,-0.37,1.43,20.01,20.3,755,-37.88,-38.0,0.113
2025-04-25T00:44:03.000,16.9,-0.47,1.43,20.01,20.3,756,-37.86,-38.0,0.113
2025-04-25T00:45:03.000,16.85,-0.47,1.43,20.01,20.3,757,-37.84,-38.0,0.113
2025-04-25T00:46:03.000,16.79,-0.34,1.43,20.02,20.3,758,-37.82,-38.0,0.113
2025-04-25T00:47:03.000,16.76,-0.33,1.43,20.02,20.3,759,-37.8,-38.0,0.113
2025-04-25T00:48:04.000,16.74,-0.39,1.43,20.02,20.3,760,-37.78,-37.0,0.113
2025-04-25T00:49:04.000,16.73,-0.4,1.43,20.02,20.3,761,-37.75,-37.0,0.113
2025-04-25T00:50:04.000,16.73,-0.42,1.43,20.02,20.3,762,-37.73,-37.0,0.112
2025-04-25T00:51:04.000,16.74,-0.43,1.43,20.02,20.3,763,-37.7,-37.0,0.112
2025-04-25T00:52:04.000,16.74,-0.49,1.43,20.02,20.3,764,-37.67,-37.0,0.112
2025-04-25T00:53:04.000,16.76,-0.5,1.43,20.02,20.3,765,-37.65,-37.0,0.112
2025-04-25T00:54:04.000,16.76,-0.54,1.43,20.02,20.3,766,-37.62,-37.0,0.112
2025-04-25T00:55:04.000,16.76,-0.55,1.43,20.02,20.3,767,-37.59,-36.0,0.112
2025-04-25T00:56:04.000,16.76,-0.51,1.43,20.02,20.3,768,-37.56,-36.0,0.112
2025-04-25T00:57:04.000,16.76,-0.54,1.43,20.02,20.3,769,-37.52,-36.0,0.112
2025-04-25T00:58:04.000,16.77,-0.59,1.43,20.02,20.3,770,-37.49,-36.0,0.112
2025-04-25T00:59:04.000,16.76,-0.69,1.43,20.02,20.3,771,-37.46,-36.0,0.112
2025-04-25T01:00:04.000,16.74,-0.69,1.43,20.02,20.3,772,-37.42,-36.0,0.112
2025-04-25T01:01:05.000,16.73,-0.66,1.43,20.02,20.3,773,-37.38,-35.0,0.112
2025-04-25T01:02:05.000,16.72,-0.63,1.43,20.02,20.3,774,-37.35,-35.0,0.112
2025-04-25T01:03:05.000,16.72,-0.58,1.42,20.02,20.3,775,-37.31,-35.0,0.112
2025-04-25T01:04:05.000,16.72,-0.7,1.42,20.02,20.3,776,-37.27,-35.0,0.112
2025-04-25T01:05:05.000,16.72,-0.9,1.42,20.02,20.3,777,-37.23,-35.0,0.112
2025-04-25T01:06:05.000,16.69,-1.02,1.43,20.02,20.3,778,-37.19,-35.0,0.112
2025-04-25T01:07:05.000,16.65,-0.99,1.43,20.02,20.3,779,-37.15,-34.0,0.112
2025-04-25T01:08:05.000,16.61,-0.98,1.43,20.02,20.3,780,-37.1,-34.0,0.112
2025-04-25T01:09:05.000,16.58,-1.05,1.43,20.02,20.3,781,-37.06,-34.0,0.111
2025-04-25T01:10:05.000,16.54,-1.07,1.43,20.02,20.3,782,-37.01,-34.0,0.111
2025-04-25T01:11:05.000,16.53,-1.01,1.43,20.02,20.3,783,-36.97,-34.0,0.111
2025-04-25T01:12:06.000,16.5,-0.95,1.43,20.02,20.3,784,-36.92,-34.0,0.111
2025-04-25T01:13:06.000,16.5,-0.87,1.43,20.02,20.3,785,-36.87,-33.0,0.111
2025-04-25T01:14:06.000,16.49,-0.81,1.43,20.02,20.3,786,-36.82,-33.0,0.111
2025-04-25T01:15:06.000,16.49,-0.8,1.43,20.02,20.3,787,-36.77,-33.0,0.111
2025-04-25T01:16:06.000,16.5,-0.77,1.43,20.02,20.3,788,-36.72,-33.0,0.111
2025-04-25T01:17:06.000,16.5,-0.85,1.43,20.02,20.3,789,-36.67,-33.0,0.111
2025-04-25T01:18:06.000,16.51,-0.82,1.43,20.02,20.3,790,-36.61,-33.0,0.111
2025-04-25T01:19:06.000,16.5,-0.85,1.43,20.02,20.3,791,-36.56,-32.0,0.111
2025-04-25T01:20:06.000,16.52,-0.93,1.43,20.02,20.3,792,-36.51,-32.0,0.111
2025-04-25T01:21:06.000,16.5,-0.96,1.43,20.02,20.3,793,-36.45,-32.0,0.111
2025-04-25T01:22:06.000,16.49,-0.98,1.43,20.02,20.3,794,-36.39,-32.0,0.111
2025-04-25T01:23:06.000,16.48,-1.01,1.43,20.02,20.3,795,-36.33,-32.0,0.111
