ecsv/stars201/stars201_2024-04.ecsv
# %ECSV 1.0
# ---
# datatype:
# - {name: time, datatype: string}
# - {name: Enclosure Temperature, unit: deg_C, datatype: float64}
# - {name: Sky Temperature, unit: deg_C, datatype: float64}
# - {name: Frequency, unit: Hz, datatype: float64}
# - {name: MSAS, unit: mag / arcsec2, datatype: float64}
# - {name: ZP, datatype: float64}
# - {name: Sequence Number, datatype: int64}
# - {name: Sun Alt, unit: deg, datatype: float64}
# - {name: Moon Alt, unit: deg, datatype: float64}
# - {name: Moon Illumination, datatype: float64}
# delimiter: ','
# meta: !!omap
# - ida:
#     Data supplier: {affiliation: null, observer: Miquel Serra}
#     Device type: TESS-W
#     Field of view: 17.0
#     Filters per channel: None
#     Instrument ID: stars201
#     License: ODbL 1.0 http://opendatacommons.org/licenses/odbl/summary/
#     Local timezone: Europe/Madrid
#     Location name: {country: Spain, place: Finca La Cocosa, region: null, sub_region: Badajoz, town: Badajoz}
#     Measurement direction per channel: {azimuth: 0.0, zenital: 0.0}
#     Moving / Fixed look direction: FIXED
#     Moving / Stationary position: STATIONARY
#     Number of channels: 1
#     Number of fields per line: 8
#     Number of header lines: 35
#     Position: {height: 313.0, latitude: 38.7555, longitude: -6.9845}
#     TESS MAC address: 4C:75:25:27:43:56
#     TESS cover offset value: 0.0
#     TESS firmware version: '1.0'
#     TESS zero point: 20.3
#     Time Synchronization: timestamp added by MQTT subscriber
#     URL: http://www.darksky.org/NSBM/sdf1.0.pdf
# - __serialized_columns__:
#     Enclosure Temperature:
#       __class__: astropy.units.quantity.Quantity
#       unit: &id001 !astropy.units.Unit {unit: deg_C}
#       value: !astropy.table.SerializedColumn {name: Enclosure Temperature}
#     Frequency:
#       __class__: astropy.units.quantity.Quantity
#       unit: !astropy.units.Unit {unit: Hz}
#       value: !astropy.table.SerializedColumn {name: Frequency}
#     MSAS:
#       __class__: astropy.units.quantity.Quantity
#       unit: !astropy.units.Unit {unit: mag / arcsec2}
#       value: !astropy.table.SerializedColumn {name: MSAS}
#     Moon Alt:
#       __class__: astropy.units.quantity.Quantity
#       unit: &id002 !astropy.units.Unit {unit: deg}
#       value: !astropy.table.SerializedColumn {name: Moon Alt}
#     Sky Temperature:
#       __class__: astropy.units.quantity.Quantity
#       unit: *id001
#       value: !astropy.table.SerializedColumn {name: Sky Temperature}
#     Sun Alt:
#       __class__: astropy.units.quantity.Quantity
#       unit: *id002
#       value: !astropy.table.SerializedColumn {name: Sun Alt}
#     time:
#       __class__: astropy.time.core.Time
#       format: isot
#       in_subfmt: '*'
#       out_subfmt: '*'
#       precision: 3
#       scale: utc
#       value: !astropy.table.SerializedColumn {name: time}
# schema: astropy-2.0
time,Enclosure Temperature,Sky Temperature,Frequency,MSAS,ZP,Sequence Number,Sun Alt,Moon Alt,Moon Illumination
[from data line 875]
2024-04-05T01:07:37.000,12.38,-11.13,0.48,21.22,20.3,779,-44.24,-38.0,0.193
2024-04-05T01:08:37.000,12.36,-11.11,0.49,21.22,20.3,780,-44.19,-38.0,0.193
2024-04-05T01:09:37.000,12.33,-11.14,0.49,21.21,20.3,781,-44.15,-37.0,0.193
2024-04-05T01:10:37.000,12.29,-11.07,0.49,21.21,20.3,782,-44.1,-37.0,0.193
2024-04-05T01:11:37.000,12.25,-11.06,0.49,21.21,20.3,783,-44.05,-37.0,0.193
2024-04-05T01:12:37.000,12.24,-11.0,0.49,21.21,20.3,784,-44.01,-37.0,0.193
2024-04-05T01:13:37.000,12.22,-11.02,0.5,21.2,20.3,785,-43.96,-37.0,0.193
2024-04-05T01:14:37.000,12.21,-11.01,0.5,21.19,20.3,786,-43.9,-37.0,0.193
2024-04-05T01:15:37.000,12.19,-10.89,0.5,21.18,20.3,787,-43.85,-36.0,0.193
2024-04-05T01:16:37.000,12.18,-10.81,0.51,21.17,20.3,788,-43.8,-36.0,0.192
2024-04-05T01:17:38.000,12.17,-10.89,0.51,21.16,20.3,789,-43.74,-36.0,0.192
2024-04-05T01:18:38.000,12.17,-10.79,0.51,21.16,20.3,790,-43.69,-36.0,0.192
2024-04-05T01:19:38.000,12.18,-10.69,0.51,21.16,20.3,791,-43.63,-36.0,0.192
2024-04-05T01:20:38.000,12.17,-10.66,0.51,21.16,20.3,792,-43.57,-35.0,0.192
2024-04-05T01:21:38.000,12.2,-10.55,0.52,21.15,20.3,793,-43.52,-35.0,0.192
2024-04-05T01:22:38.000,12.2,-10.61,0.52,21.14,20.3,794,-43.46,-35.0,0.192
2024-04-05T01:23:38.000,12.2,-10.44,0.53,21.13,20.3,795,-43.39,-35.0,0.192
2024-04-05T01:24:38.000,12.21,-10.48,0.54,21.11,20.3,796,-43.33,-35.0,0.192
2024-04-05T01:25:38.000,12.22,-10.4,0.55,21.08,20.3,797,-43.27,-34.0,0.192
2024-04-05T01:26:38.000,12.23,-10.3,0.56,21.07,20.3,798,-43.21,-34.0,0.192
2024-04-05T01:27:38.000,12.26,-10.31,0.56,21.06,20.3,799,-43.14,-34.0,0.192
2024-04-05T01:28:38.000,12.27,-10.41,0.57,21.05,20.3,800,-43.07,-34.0,0.192
2024-04-05T01:29:38.000,12.26,-10.48,0.57,21.05,20.3,801,-43.01,-34.0,0.192
2024-04-05T01:30:38.000,12.24,-10.56,0.57,21.04,20.3,802,-42.94,-34.0,0.192
2024-04-05T01:31:38.000,12.2,-10.63,0.57,21.04,20.3,803,-42.87,-33.0,0.192
2024-04-05T01:32:39.000,12.18,-10.64,0.58,21.02,20.3,804,-42.8,-33.0,0.191
2024-04-05T01:33:39.000,12.15,-10.66,0.59,21.0,20.3,805,-42.73,-33.0,0.191
2024-04-05T01:34:39.000,12.12,-10.66,0.59,21.0,20.3,806,-42.65,-33.0,0.191
2024-04-05T01:35:39.000,12.08,-10.52,0.58,21.01,20.3,807,-42.58,-33.0,0.191
2024-04-05T01:36:39.000,12.06,-10.53,0.58,21.02,20.3,808,-42.51,-32.0,0.191
2024-04-05T01:37:39.000,12.05,-10.45,0.58,21.03,20.3,809,-42.43,-32.0,0.191
2024-04-05T01:38:39.000,12.04,-10.49,0.58,21.02,20.3,810,-42.35,-32.0,0.191
2024-04-05T01:39:39.000,12.04,-10.47,0.58,21.01,20.3,811,-42.28,-32.0,0.191
2024-04-05T01:40:39.000,12.03,-10.41,0.59,21.01,20.3,812,-42.2,-32.0,0.191
2024-04-05T01:41:39.000,12.02,-10.4,0.59,21.01,20.3,813,-42.12,-31.0,0.191
2024-04-05T01:42:39.000,12.0,-10.4,0.59,21.0,20.3,814,-42.04,-31.0,0.191
2024-04-05T01:43:39.000,11.99,-10.35,0.59,21.0,20.3,815,-41.96,-31.0,0.191
2024-04-05T01:44:39.000,11.98,-10.33,0.59,20.99,20.3,816,-41.87,-31.0,0.191
2024-04-05T01:45:39.000,11.97,-10.32,0.6,20.99,20.3,817,-41.79,-31.0,0.191
2024-04-05T01:46:40.000,11.98,-10.38,0.6,20.99,20.3,818,-41.71,-31.0,0.191
2024-04-05T01:47:40.000,11.97,-10.42,0.6,20.99,20.3,819,-41.62,-30.0,0.19
2024-04-05T01:48:40.000,11.96,-10.48,0.6,20.98,20.3,820,-41.53,-30.0,0.19
2024-04-05T01:49:40.000,11.95,-10.58,0.6,20.98,20.3,821,-41.45,-30.0,0.19
2024-04-05T01:50:40.000,11.95,-10.62,0.6,20.98,20.3,822,-41.36,-30.0,0.19
2024-04-05T01:51:40.000,11.95,-10.64,0.6,20.98,20.3,823,-41.27,-30.0,0.19
2024-04-05T01:52:40.000,11.94,-10.65,0.59,21.0,20.3,824,-41.18,-29.0,0.19
2024-04-05T01:53:40.000,11.97,-10.84,0.58,21.02,20.3,825,-41.09,-29.0,0.19
2024-04-05T01:54:40.000,11.95,-10.88,0.57,21.04,20.3,826,-41.0,-29.0,0.19
2024-04-05T01:55:40.000,11.95,-10.89,0.57,21.04,20.3,827,-40.9,-29.0,0.19
2024-04-05T01:56:40.000,11.94,-10.9,0.57,21.03,20.3,828,-40.81,-29.0,0.19
2024-04-05T01:57:40.000,11.92,-10.83,0.57,21.03,20.3,829,-40.71,-28.0,0.19
2024-04-05T01:58:40.000,11.92,-10.81,0.57,21.03,20.3,830,-40.62,-28.0,0.19
2024-04-05T01:59:40.000,11.92,-10.76,0.58,21.03,20.3,831,-40.52,-28.0,0.19
2024-04-05T02:00:40.000,11.92,-10.66,0.59,21.0,20.3,832,-40.43,-28.0,0.19
2024-04-05T02:01:40.000,11.92,-10.58,0.62,20.94,20.3,833,-40.33,-28.0,0.19
2024-04-05T02:02:44.000,11.93,-10.53,0.64,20.91,20.3,834,-40.22,-27.0,0.189
2024-04-05T02:03:44.000,11.93,-10.51,0.64,20.91,20.3,835,-40.12,-27.0,0.189
2024-04-05T02:04:44.000,11.94,-10.53,0.64,20.91,20.3,836,-40.02,-27.0,0.189
2024-04-05T02:05:44.000,11.94,-10.54,0.64,20.9,20.3,837,-39.92,-27.0,0.189
2024-04-05T02:06:45.000,11.93,-10.56,0.65,20.89,20.3,838,-39.81,-27.0,0.189
2024-04-05T02:07:45.000,11.94,-10.59,0.65,20.89,20.3,839,-39.71,-27.0,0.189
2024-04-05T02:08:45.000,11.94,-10.57,0.65,20.89,20.3,840,-39.61,-26.0,0.189
2024-04-05T02:09:45.000,11.95,-10.55,0.65,20.9,20.3,841,-39.5,-26.0,0.189
2024-04-05T02:10:45.000,11.96,-10.59,0.64,20.91,20.3,842,-39.4,-26.0,0.189
2024-04-05T02:11:45.000,11.97,-10.62,0.63,20.93,20.3,843,-39.29,-26.0,0.189
2024-04-05T02:12:45.000,11.96,-10.7,0.62,20.94,20.3,844,-39.18,-26.0,0.189
2024-04-05T02:13:45.000,11.94,-10.73,0.62,20.94,20.3,845,-39.07,-25.0,0.189
2024-04-05T02:14:45.000,11.92,-10.71,0.62,20.94,20.3,846,-38.96,-25.0,0.189
2024-04-05T02:15:45.000,11.89,-10.7,0.62,20.94,20.3,847,-38.85,-25.0,0.189
2024-04-05T02:16:45.000,11.86,-10.69,0.62,20.94,20.3,848,-38.74,-25.0,0.189
2024-04-05T02:17:45.000,11.83,-10.65,0.64,20.92,20.3,849,-38.63,-25.0,0.189
2024-04-05T02:18:45.000,11.8,-10.6,0.66,20.87,20.3,850,-38.52,-24.0,0.188
2024-04-05T02:19:45.000,11.78,-10.55,0.71,20.8,20.3,851,-38.41,-24.0,0.188
2024-04-05T02:20:45.000,11.74,-10.54,0.77,20.71,20.3,852,-38.29,-24.0,0.188
2024-04-05T02:21:46.000,11.71,-10.61,0.84,20.61,20.3,853,-38.17,-24.0,0.188
2024-04-05T02:22:46.000,11.67,-10.59,0.87,20.57,20.3,854,-38.06,-24.0,0.188
2024-04-05T02:23:46.000,11.61,-10.64,0.82,20.63,20.3,855,-37.94,-24.0,0.188
2024-04-05T02:24:46.000,11.55,-10.75,0.74,20.75,20.3,856,-37.83,-23.0,0.188
2024-04-05T02:25:46.000,11.5,-10.86,0.68,20.84,20.3,857,-37.71,-23.0,0.188
2024-04-05T02:26:46.000,11.46,-10.92,0.65,20.89,20.3,858,-37.59,-23.0,0.188
2024-04-05T02:27:46.000,11.4,-11.02,0.64,20.91,20.3,859,-37.47,-23.0,0.188
2024-04-05T02:28:46.000,11.34,-11.14,0.64,20.91,20.3,860,-37.35,-23.0,0.188
2024-04-05T02:29:46.000,11.3,-11.28,0.62,20.94,20.3,861,-37.23,-22.0,0.188
2024-04-05T02:30:46.000,11.26,-11.49,0.6,20.97,20.3,862,-37.11,-22.0,0.188
2024-04-05T02:31:46.000,11.21,-11.56,0.6,20.98,20.3,863,-36.98,-22.0,0.188
2024-04-05T02:32:47.000,11.16,-11.63,0.6,20.99,20.3,864,-36.86,-22.0,0.188
2024-04-05T02:33:47.000,11.12,-11.69,0.59,20.99,20.3,865,-36.74,-22.0,0.187
2024-04-05T02:34:47.000,11.1,-11.67,0.59,21.0,20.3,866,-36.61,-21.0,0.187
2024-04-05T02:35:47.000,11.07,-11.68,0.59,21.0,20.3,867,-36.49,-21.0,0.187
2024-04-05T02:36:47.000,11.03,-11.71,0.59,21.0,20.3,868,-36.36,-21.0,0.187
2024-04-05T02:37:47.000,11.0,-11.69,0.58,21.01,20.3,869,-36.23,-21.0,0.187
2024-04-05T02:38:47.000,10.98,-11.6,0.58,21.02,20.3,870,-36.11,-21.0,0.187
2024-04-05T02:39:47.000,10.95,-11.61,0.59,21.01,20.3,871,-35.98,-20.0,0.187
2024-04-05T02:40:47.000,10.92,-11.52,0.59,21.01,20.3,872,-35.85,-20.0,0.187
2024-04-05T02:41:47.000,10.91,-11.45,0.6,20.98,20.3,873,-35.72,-20.0,0.187
2024-04-05T02:42:47.000,10.91,-11.35,0.61,20.96,20.3,874,-35.59,-20.0,0.187
2024-04-05T02:43:47.000,10.91,-11.3,0.61,20.96,20.3,875,-35.46,-20.0,0.187
2024-04-05T02:44:47.000,10.92,-11.25,0.62,20.95,20.3,876,-35.33,-20.0,0.187
2024-04-05T02:45:48.000,10.94,-11.21,0.6,20.99,20.3,877,-35.2,-19.0,0.187
2024-04-05T02:46:48.000,10.97,-11.26,0.59,21.0,20.3,878,-35.06,-19.0,0.187
2024-04-05T02:47:48.000,10.98,-11.3,0.61,20.96,20.3,879,-34.93,-19.0,0.187
2024-04-05T02:48:48.000,11.02,-11.3,0.62,20.94,20.3,880,-34.8,-19.0,0.187
2024-04-05T02:49:48.000,11.06,-11.29,0.62,20.94,20.3,881,-34.66,-19.0,0.186
2024-04-05T02:50:48.000,11.07,-11.29,0.62,20.94,20.3,882,-34.53,-18.0,0.186
2024-04-05T02:51:48.000,11.09,-11.24,0.62,20.94,20.3,883,-34.39,-18.0,0.186
2024-04-05T02:52:48.000,11.11,-11.21,0.62,20.95,20.3,884,-34.25,-18.0,0.186
2024-04-05T02:53:48.000,11.12,-11.14,0.62,20.94,20.3,885,-34.12,-18.0,0.186
2024-04-05T02:54:48.000,11.13,-11.06,0.64,20.92,20.3,886,-33.98,-18.0,0.186
2024-04-05T02:55:48.000,11.14,-11.03,0.66,20.87,20.3,887,-33.84,-17.0,0.186
2024-04-05T02:56:48.000,11.14,-11.01,0.7,20.81,20.3,888,-33.7,-17.0,0.186
2024-04-05T02:57:48.000,11.14,-10.83,0.72,20.78,20.3,889,-33.56,-17.0,0.186
2024-04-05T02:58:49.000,11.15,-10.79,0.71,20.8,20.3,890,-33.42,-17.0,0.186
2024-04-05T02:59:49.000,11.15,-10.67,0.69,20.83,20.3,891,-33.28,-17.0,0.186
2024-04-05T03:00:49.000,11.15,-10.62,0.67,20.86,20.3,892,-33.14,-17.0,0.186
2024-04-05T03:01:49.000,11.13,-10.61,0.67,20.86,20.3,893,-33.0,-16.0,0.186
2024-04-05T03:02:49.000,11.11,-10.58,0.74,20.75,20.3,894,-32.86,-16.0,0.186
2024-04-05T03:03:49.000,11.08,-10.47,0.81,20.65,20.3,895,-32.71,-16.0,0.186
2024-04-05T03:04:49.000,11.05,-10.4,0.8,20.66,20.3,896,-32.57,-16.0,0.185
2024-04-05T03:05:49.000,11.02,-10.34,0.77,20.7,20.3,897,-32.43,-16.0,0.185
2024-04-05T03:06:49.000,10.99,-10.24,0.73,20.77,20.3,898,-32.28,-15.0,0.185
2024-04-05T03:07:49.000,10.96,-10.06,0.7,20.81,20.3,899,-32.14,-15.0,0.185
2024-04-05T03:08:49.000,10.96,-10.0,0.71,20.79,20.3,900,-31.99,-15.0,0.185
2024-04-05T03:09:49.000,10.96,-9.86,0.73,20.77,20.3,901,-31.85,-15.0,0.185
2024-04-05T03:10:49.000,10.99,-9.73,0.77,20.7,20.3,902,-31.7,-15.0,0.185
2024-04-05T03:11:49.000,11.03,-9.76,0.87,20.57,20.3,903,-31.55,-15.0,0.185
2024-04-05T03:12:49.000,11.04,-10.01,0.88,20.56,20.3,904,-31.4,-14.0,0.185
2024-04-05T03:13:49.000,11.07,-10.23,0.75,20.74,20.3,905,-31.26,-14.0,0.185
2024-04-05T03:14:50.000,11.07,-10.54,0.64,20.92,20.3,906,-31.11,-14.0,0.185
2024-04-05T03:15:50.000,11.07,-10.87,0.6,20.99,20.3,907,-30.96,-14.0,0.185
2024-04-05T03:16:50.000,11.07,-11.2,0.6,20.99,20.3,908,-30.81,-14.0,0.185
2024-04-05T03:17:50.000,11.06,-11.53,0.58,21.02,20.3,909,-30.66,-13.0,0.185
2024-04-05T03:18:50.000,11.03,-11.72,0.56,21.06,20.3,910,-30.51,-13.0,0.185
2024-04-05T03:19:50.000,11.0,-11.8,0.55,21.08,20.3,911,-30.35,-13.0,0.185
2024-04-05T03:20:50.000,10.97,-11.79,0.55,21.08,20.3,912,-30.2,-13.0,0.184
2024-04-05T03:21:50.000,10.96,-11.56,0.56,21.07,20.3,913,-30.05,-13.0,0.184
2024-04-05T03:22:50.000,10.94,-11.34,0.57,21.04,20.3,914,-29.9,-12.0,0.184
2024-04-05T03:23:50.000,10.93,-11.12,0.63,20.94,20.3,915,-29.74,-12.0,0.184
2024-04-05T03:24:50.000,10.92,-10.88,0.72,20.78,20.3,916,-29.59,-12.0,0.184
2024-04-05T03:25:50.000,10.91,-10.79,0.83,20.63,20.3,917,-29.44,-12.0,0.184
2024-04-05T03:26:50.000,10.89,-10.78,0.81,20.64,20.3,918,-29.28,-12.0,0.184
2024-04-05T03:27:50.000,10.86,-10.93,0.72,20.78,20.3,919,-29.13,-12.0,0.184
2024-04-05T03:28:51.000,10.84,-11.13,0.64,20.91,20.3,920,-28.97,-11.0,0.184
2024-04-05T03:29:51.000,10.81,-11.39,0.61,20.97,20.3,921,-28.81,-11.0,0.184
2024-04-05T03:30:51.000,10.78,-11.57,0.58,21.02,20.3,922,-28.66,-11.0,0.184
2024-04-05T03:31:51.000,10.74,-11.63,0.57,21.04,20.3,923,-28.5,-11.0,0.184
2024-04-05T03:32:51.000,10.7,-11.65,0.56,21.05,20.3,924,-28.34,-11.0,0.184
2024-04-05T03:33:51.000,10.68,-11.51,0.56,21.05,20.3,925,-28.19,-10.0,0.184
2024-04-05T03:34:51.000,10.66,-11.26,0.58,21.01,20.3,926,-28.03,-10.0,0.184
2024-04-05T03:35:51.000,10.63,-11.16,0.67,20.86,20.3,927,-27.87,-10.0,0.183
2024-04-05T03:36:51.000,10.62,-11.01,0.74,20.75,20.3,928,-27.71,-10.0,0.183
2024-04-05T03:37:51.000,10.6,-10.98,0.73,20.77,20.3,929,-27.55,-10.0,0.183
2024-04-05T03:38:52.000,10.59,-11.08,0.71,20.79,20.3,930,-27.39,-10.0,0.183
2024-04-05T03:39:52.000,10.58,-11.26,0.7,20.81,20.3,931,-27.23,-9.0,0.183
2024-04-05T03:40:52.000,10.56,-11.46,0.63,20.94,20.3,932,-27.07,-9.0,0.183
2024-04-05T03:41:52.000,10.55,-11.6,0.57,21.04,20.3,933,-26.91,-9.0,0.183
2024-04-05T03:42:52.000,10.54,-11.85,0.55,21.08,20.3,934,-26.74,-9.0,0.183
2024-04-05T03:43:52.000,10.51,-12.02,0.55,21.08,20.3,935,-26.58,-9.0,0.183
2024-04-05T03:44:52.000,10.5,-12.15,0.55,21.09,20.3,936,-26.42,-8.0,0.183
2024-04-05T03:45:52.000,10.48,-12.23,0.54,21.1,20.3,937,-26.26,-8.0,0.183
2024-04-05T03:46:52.000,10.47,-12.27,0.54,21.1,20.3,938,-26.09,-8.0,0.183
2024-04-05T03:47:52.000,10.47,-12.26,0.55,21.09,20.3,939,-25.93,-8.0,0.183
2024-04-05T03:48:52.000,10.47,-12.21,0.55,21.07,20.3,940,-25.77,-8.0,0.183
2024-04-05T03:49:52.000,10.47,-12.14,0.56,21.05,20.3,941,-25.6,-7.0,0.183
2024-04-05T03:50:52.000,10.48,-11.97,0.59,21.0,20.3,942,-25.44,-7.0,0.183
2024-04-05T03:51:52.000,10.48,-11.77,0.61,20.96,20.3,943,-25.27,-7.0,0.182
2024-04-05T03:52:52.000,10.48,-11.58,0.61,20.96,20.3,944,-25.11,-7.0,0.182
2024-04-05T03:53:53.000,10.49,-11.39,0.61,20.97,20.3,945,-24.94,-7.0,0.182
2024-04-05T03:54:53.000,10.49,-11.15,0.61,20.96,20.3,946,-24.77,-7.0,0.182
2024-04-05T03:55:53.000,10.5,-10.99,0.67,20.87,20.3,947,-24.61,-6.0,0.182
2024-04-05T03:56:53.000,10.49,-10.9,0.7,20.81,20.3,948,-24.44,-6.0,0.182
2024-04-05T03:57:53.000,10.49,-10.88,0.68,20.84,20.3,949,-24.27,-6.0,0.182
2024-04-05T03:58:53.000,10.49,-10.99,0.66,20.88,20.3,950,-24.11,-6.0,0.182
2024-04-05T03:59:53.000,10.48,-11.25,0.65,20.89,20.3,951,-23.94,-6.0,0.182
2024-04-05T04:00:53.000,10.46,-11.55,0.63,20.93,20.3,952,-23.77,-5.0,0.182
2024-04-05T04:01:53.000,10.44,-11.82,0.61,20.96,20.3,953,-23.6,-5.0,0.182
2024-04-05T04:02:53.000,10.42,-12.07,0.6,20.98,20.3,954,-23.43,-5.0,0.182
2024-04-05T04:03:53.000,10.38,-12.29,0.58,21.02,20.3,955,-23.26,-5.0,0.182
2024-04-05T04:04:53.000,10.34,-12.44,0.56,21.05,20.3,956,-23.09,-5.0,0.182
2024-04-05T04:05:53.000,10.3,-12.53,0.56,21.06,20.3,957,-22.92,-5.0,0.182
2024-04-05T04:06:54.000,10.28,-12.61,0.56,21.07,20.3,958,-22.75,-4.0,0.182
2024-04-05T04:07:54.000,10.26,-12.62,0.57,21.05,20.3,959,-22.58,-4.0,0.181
2024-04-05T04:08:54.000,10.25,-12.6,0.59,21.01,20.3,960,-22.41,-4.0,0.181
2024-04-05T04:09:54.000,10.24,-12.57,0.57,21.05,20.3,961,-22.24,-4.0,0.181
2024-04-05T04:10:54.000,10.23,-12.55,0.57,21.05,20.3,962,-22.07,-4.0,0.181
2024-04-05T04:11:54.000,10.2,-12.54,0.57,21.04,20.3,963,-21.89,-4.0,0.181
2024-04-05T04:12:54.000,10.19,-12.52,0.57,21.03,20.3,964,-21.72,-3.0,0.181
2024-04-05T04:13:54.000,10.17,-12.56,0.58,21.02,20.3,965,-21.55,-3.0,0.181
2024-04-05T04:14:54.000,10.15,-12.64,0.58,21.02,20.3,966,-21.38,-3.0,0.181
2024-04-05T04:15:54.000,10.14,-12.7,0.58,21.01,20.3,967,-21.2,-3.0,0.181
2024-04-05T04:16:54.000,10.11,-12.74,0.58,21.01,20.3,968,-21.03,-3.0,0.181
2024-04-05T04:17:54.000,10.08,-12.72,0.59,21.0,20.3,969,-20.86,-2.0,0.181
2024-04-05T04:18:54.000,10.05,-12.68,0.59,21.0,20.3,970,-20.68,-2.0,0.181
2024-04-05T04:19:55.000,10.04,-12.65,0.6,20.99,20.3,971,-20.51,-2.0,0.181
2024-04-05T04:20:55.000,10.06,-12.72,0.6,20.97,20.3,972,-20.33,-2.0,0.181
2024-04-05T04:21:55.000,10.07,-12.67,0.61,20.96,20.3,973,-20.16,-2.0,0.181
2024-04-05T04:22:55.000,10.06,-12.7,0.61,20.96,20.3,974,-19.98,-2.0,0.18
2024-04-05T04:23:55.000,10.05,-12.66,0.61,20.97,20.3,975,-19.81,-1.0,0.18
2024-04-05T04:24:55.000,10.03,-12.7,0.6,20.97,20.3,976,-19.63,-1.0,0.18
2024-04-05T04:25:55.000,10.03,-12.69,0.6,20.98,20.3,977,-19.45,-1.0,0.18
2024-04-05T04:26:55.000,10.06,-12.75,0.59,20.99,20.3,978,-19.28,-1.0,0.18
2024-04-05T04:27:55.000,10.11,-12.68,0.6,20.98,20.3,979,-19.1,-1.0,0.18
2024-04-05T04:28:55.000,10.09,-12.65,0.59,20.99,20.3,980,-18.92,-0.0,0.18
2024-04-05T04:29:55.000,10.07,-12.68,0.59,21.0,20.3,981,-18.75,-0.0,0.18
2024-04-05T04:30:55.000,10.02,-12.69,0.6,20.98,20.3,982,-18.57,-0.0,0.18
2024-04-05T04:31:55.000,10.05,-12.8,0.61,20.95,20.3,983,-18.39,0.0,0.18
2024-04-05T04:32:55.000,10.13,-12.82,0.62,20.95,20.3,984,-18.21,0.0,0.18
2024-04-05T04:33:56.000,10.13,-12.8,0.62,20.95,20.3,985,-18.03,0.0,0.18
2024-04-05T04:34:56.000,10.1,-12.83,0.61,20.97,20.3,986,-17.86,1.0,0.18
2024-04-05T04:35:56.000,10.04,-12.92,0.6,20.98,20.3,987,-17.68,1.0,0.18
2024-04-05T04:36:56.000,10.01,-12.99,0.6,20.99,20.3,988,-17.5,1.0,0.18
2024-04-05T04:37:56.000,10.13,-13.09,0.6,20.98,20.3,989,-17.32,1.0,0.18
2024-04-05T04:38:56.000,10.18,-13.18,0.6,20.98,20.3,990,-17.14,1.0,0.179
2024-04-05T04:39:56.000,10.13,-13.25,0.66,20.9,20.3,991,-16.96,1.0,0.179
