ecsv/stars201/stars201_2024-04.ecsv
# %ECSV 1.0
# ---
# datatype:
# - {name: time, datatype: string}
# - {name: Enclosure Temperature, unit: deg_C, datatype: float64}
# - {name: Sky Temperature, unit: deg_C, datatype: float64}
# - {name: Frequency, unit: Hz, datatype: float64}
# - {name: MSAS, unit: mag / arcsec2, datatype: float64}
# - {name: ZP, datatype: float64}
# - {name: Sequence Number, datatype: int64}
# - {name: Sun Alt, unit: deg, datatype: float64}
# - {name: Moon Alt, unit: deg, datatype: float64}
# - {name: Moon Illumination, datatype: float64}
# delimiter: ','
# meta: !!omap
# - ida:
#     Data supplier: {affiliation: null, observer: Miquel Serra}
#     Device type: TESS-W
#     Field of view: 17.0
#     Filters per channel: None
#     Instrument ID: stars201
#     License: ODbL 1.0 http://opendatacommons.org/licenses/odbl/summary/
#     Local timezone: Europe/Madrid
#     Location name: {country: Spain, place: Finca La Cocosa, region: null, sub_region: Badajoz, town: Badajoz}
#     Measurement direction per channel: {azimuth: 0.0, zenital: 0.0}
#     Moving / Fixed look direction: FIXED
#     Moving / Stationary position: STATIONARY
#     Number of channels: 1
#     Number of fields per line: 8
#     Number of header lines: 35
#     Position: {height: 313.0, latitude: 38.7555, longitude: -6.9845}
#     TESS MAC address: 4C:75:25:27:43:56
#     TESS cover offset value: 0.0
#     TESS firmware version: '1.0'
#     TESS zero point: 20.3
#     Time Synchronization: timestamp added by MQTT subscriber
#     URL: http://www.darksky.org/NSBM/sdf1.0.pdf
# - __serialized_columns__:
#     Enclosure Temperature:
#       __class__: astropy.units.quantity.Quantity
#       unit: &id001 !astropy.units.Unit {unit: deg_C}
#       value: !astropy.table.SerializedColumn {name: Enclosure Temperature}
#     Frequency:
#       __class__: astropy.units.quantity.Quantity
#       unit: !astropy.units.Unit {unit: Hz}
#       value: !astropy.table.SerializedColumn {name: Frequency}
#     MSAS:
#       __class__: astropy.units.quantity.Quantity
#       unit: !astropy.units.Unit {unit: mag / arcsec2}
#       value: !astropy.table.SerializedColumn {name: MSAS}
#     Moon Alt:
#       __class__: astropy.units.quantity.Quantity
#       unit: &id002 !astropy.units.Unit {unit: deg}
#       value: !astropy.table.SerializedColumn {name: Moon Alt}
#     Sky Temperature:
#       __class__: astropy.units.quantity.Quantity
#       unit: *id001
#       value: !astropy.table.SerializedColumn {name: Sky Temperature}
#     Sun Alt:
#       __class__: astropy.units.quantity.Quantity
#       unit: *id002
#       value: !astropy.table.SerializedColumn {name: Sun Alt}
#     time:
#       __class__: astropy.time.core.Time
#       format: isot
#       in_subfmt: '*'
#       out_subfmt: '*'
#       precision: 3
#       scale: utc
#       value: !astropy.table.SerializedColumn {name: time}
# schema: astropy-2.0
time,Enclosure Temperature,Sky Temperature,Frequency,MSAS,ZP,Sequence Number,Sun Alt,Moon Alt,Moon Illumination
[from data line 3258]
2024-04-15T05:42:20.000,13.82,-5.32,39917.49,8.89,20.3,90,-2.5,-24.0,0.445
2024-04-15T05:43:20.000,13.81,-5.34,46134.56,8.73,20.3,91,-2.31,-24.0,0.445
2024-04-15T05:44:20.000,13.8,-5.31,52870.96,8.58,20.3,92,-2.12,-24.0,0.445
2024-04-15T05:45:20.000,13.79,-5.37,60081.38,7.96,20.3,93,-1.93,-24.0,0.445
2024-04-15T05:46:20.000,13.79,-5.37,50000.0,0.0,20.3,94,-1.74,-24.0,0.445
2024-04-15T05:47:20.000,13.79,-5.41,50000.0,0.0,20.3,95,-1.55,-24.0,0.445
2024-04-15T05:48:20.000,13.8,-5.34,50000.0,0.0,20.3,96,-1.37,-24.0,0.446
2024-04-15T05:49:20.000,13.8,-5.34,50000.0,0.0,20.3,97,-1.18,-24.0,0.446
2024-04-15T05:50:20.000,13.81,-5.43,49444.71,0.19,20.3,98,-0.99,-24.0,0.446
2024-04-15T05:51:20.000,13.83,-5.37,50000.0,0.0,20.3,99,-0.8,-24.0,0.446
2024-04-15T05:52:20.000,13.85,-5.37,50000.0,0.0,20.3,100,-0.61,-25.0,0.446
2024-04-15T05:53:20.000,13.86,-5.42,50000.0,0.0,20.3,101,-0.42,-25.0,0.446
2024-04-15T06:00:21.000,13.94,-5.44,50000.0,0.0,20.3,108,0.92,-25.0,0.446
2024-04-15T06:01:21.000,13.97,-5.33,50000.0,0.0,20.3,109,1.11,-25.0,0.446
2024-04-15T06:02:21.000,14.01,-5.28,50000.0,0.0,20.3,110,1.3,-25.0,0.446
2024-04-15T06:03:21.000,14.07,-5.26,49731.34,0.09,20.3,111,1.49,-25.0,0.447
2024-04-15T06:04:21.000,14.11,-5.32,50000.0,0.0,20.3,112,1.68,-25.0,0.447
2024-04-15T06:05:21.000,14.17,-5.24,50000.0,0.0,20.3,113,1.87,-25.0,0.447
2024-04-15T06:06:21.000,14.22,-3.93,50000.0,0.0,20.3,114,2.07,-25.0,0.447
2024-04-15T11:57:48.000,39.11,4.45,50000.0,0.0,20.3,465,60.51,9.0,0.471
2024-04-15T11:58:48.000,39.52,5.65,50000.0,0.0,20.3,466,60.56,9.0,0.471
2024-04-15T11:59:48.000,39.6,4.25,50000.0,0.0,20.3,467,60.61,10.0,0.471
2024-04-15T12:04:05.000,39.64,3.43,50000.0,0.0,20.3,0,60.8,10.0,0.472
2024-04-15T12:06:42.000,39.4,4.15,50000.0,0.0,20.3,0,60.9,11.0,0.472
2024-04-15T12:07:42.000,39.06,2.04,50000.0,0.0,20.3,1,60.94,11.0,0.472
2024-04-15T12:08:42.000,38.78,3.37,50000.0,0.0,20.3,2,60.97,11.0,0.472
2024-04-15T12:20:43.000,40.29,5.37,50000.0,0.0,20.3,14,61.25,13.0,0.473
2024-04-15T12:21:43.000,40.36,5.36,50000.0,0.0,20.3,15,61.26,13.0,0.473
2024-04-15T12:22:43.000,40.24,4.56,50000.0,0.0,20.3,16,61.27,13.0,0.473
2024-04-15T16:51:17.000,30.48,4.42,50000.0,0.0,20.3,0,25.07,63.0,0.492
2024-04-15T16:52:17.000,30.65,4.12,50000.0,0.0,20.3,1,24.88,63.0,0.492
2024-04-15T16:53:17.000,30.79,4.15,50000.0,0.0,20.3,2,24.69,63.0,0.492
2024-04-15T17:50:25.000,27.73,0.77,50000.0,0.0,20.3,59,13.58,73.0,0.496
2024-04-15T17:51:25.000,27.63,0.7,50000.0,0.0,20.3,60,13.38,73.0,0.496
2024-04-15T17:52:25.000,27.51,0.7,50000.0,0.0,20.3,61,13.19,73.0,0.496
2024-04-16T04:44:38.000,10.74,3.39,1.67,19.85,20.3,1,-12.81,-19.0,0.54
2024-04-16T04:45:38.000,10.9,3.39,1.86,19.73,20.3,2,-12.63,-19.0,0.541
2024-04-16T04:46:38.000,11.05,3.34,2.03,19.64,20.3,3,-12.45,-19.0,0.541
2024-04-16T04:47:43.000,11.22,3.31,2.27,19.51,20.3,4,-12.26,-19.0,0.541
2024-04-16T04:48:43.000,11.39,3.26,2.71,19.32,20.3,5,-12.08,-19.0,0.541
2024-04-16T04:49:43.000,11.54,3.07,2.84,19.26,20.3,6,-11.9,-20.0,0.541
2024-04-16T04:50:43.000,11.66,2.85,3.29,19.11,20.3,7,-11.73,-20.0,0.541
2024-04-16T04:51:43.000,11.74,2.64,3.67,18.98,20.3,8,-11.55,-20.0,0.541
2024-04-16T04:52:43.000,11.8,2.44,4.18,18.84,20.3,9,-11.37,-20.0,0.541
2024-04-16T04:53:44.000,11.84,2.29,4.83,18.69,20.3,10,-11.18,-20.0,0.541
2024-04-16T04:54:44.000,11.87,2.13,5.54,18.54,20.3,11,-11.01,-20.0,0.541
2024-04-16T04:55:44.000,11.9,1.95,6.46,18.37,20.3,12,-10.83,-20.0,0.541
2024-04-16T04:56:44.000,11.93,1.82,7.5,18.21,20.3,13,-10.65,-20.0,0.541
2024-04-16T04:57:44.000,11.95,1.64,8.74,18.04,20.3,14,-10.46,-20.0,0.541
2024-04-16T04:58:45.000,11.97,1.45,10.27,17.86,20.3,15,-10.28,-20.0,0.541
2024-04-16T04:59:45.000,11.99,1.12,12.07,17.69,20.3,16,-10.1,-21.0,0.542
2024-04-16T05:00:45.000,12.01,0.7,14.25,17.51,20.3,17,-9.92,-21.0,0.542
2024-04-16T05:01:45.000,12.05,0.29,16.73,17.33,20.3,18,-9.74,-21.0,0.542
2024-04-16T05:02:45.000,12.11,-0.14,19.79,17.15,20.3,19,-9.56,-21.0,0.542
2024-04-16T05:03:45.000,12.14,-0.65,23.47,16.97,20.3,20,-9.38,-21.0,0.542
2024-04-16T05:04:45.000,12.14,-1.26,27.84,16.78,20.3,21,-9.19,-21.0,0.542
2024-04-16T05:05:45.000,12.16,-2.0,33.0,16.6,20.3,22,-9.01,-21.0,0.542
2024-04-16T05:06:45.000,12.19,-2.89,39.29,16.41,20.3,23,-8.83,-21.0,0.542
2024-04-16T05:07:45.000,12.22,-4.27,46.15,16.23,20.3,24,-8.65,-21.0,0.542
2024-04-16T05:08:46.000,12.26,-6.35,55.98,16.02,20.3,25,-8.46,-21.0,0.542
2024-04-16T05:09:46.000,12.3,-7.48,67.59,15.82,20.3,26,-8.28,-22.0,0.542
2024-04-16T05:10:46.000,12.32,-7.69,81.73,15.61,20.3,27,-8.1,-22.0,0.542
2024-04-16T05:11:46.000,12.35,-7.7,99.53,15.4,20.3,28,-7.91,-22.0,0.542
2024-04-16T05:12:46.000,12.37,-7.69,121.82,15.18,20.3,29,-7.73,-22.0,0.542
2024-04-16T05:13:46.000,12.38,-7.7,149.48,14.96,20.3,30,-7.55,-22.0,0.542
2024-04-16T05:14:46.000,12.39,-7.71,184.02,14.73,20.3,31,-7.36,-22.0,0.543
2024-04-16T05:15:46.000,12.39,-7.71,227.57,14.5,20.3,32,-7.18,-22.0,0.543
2024-04-16T05:16:46.000,12.4,-7.69,282.38,14.27,20.3,33,-6.99,-22.0,0.543
2024-04-16T05:17:46.000,12.41,-7.69,352.16,14.03,20.3,34,-6.81,-22.0,0.543
2024-04-16T05:18:46.000,12.41,-7.73,440.64,13.78,20.3,35,-6.62,-22.0,0.543
2024-04-16T05:19:47.000,12.41,-7.72,552.07,13.54,20.3,36,-6.44,-22.0,0.543
2024-04-16T05:20:47.000,12.42,-7.7,691.21,13.29,20.3,37,-6.25,-22.0,0.543
2024-04-16T05:21:47.000,12.42,-7.66,864.52,13.05,20.3,38,-6.07,-23.0,0.543
2024-04-16T05:22:47.000,12.42,-7.64,1084.62,12.8,20.3,39,-5.88,-23.0,0.543
2024-04-16T05:23:47.000,12.44,-7.57,1363.06,12.56,20.3,40,-5.7,-23.0,0.543
2024-04-16T05:24:47.000,12.46,-7.59,1711.51,12.31,20.3,41,-5.51,-23.0,0.543
2024-04-16T05:25:47.000,12.48,-7.6,2152.22,12.06,20.3,42,-5.32,-23.0,0.543
2024-04-16T05:26:47.000,12.48,-7.67,2704.88,11.81,20.3,43,-5.14,-23.0,0.543
2024-04-16T05:27:47.000,12.47,-7.69,3394.02,11.57,20.3,44,-4.95,-23.0,0.543
2024-04-16T05:28:47.000,12.48,-7.7,4249.73,11.32,20.3,45,-4.77,-23.0,0.543
2024-04-16T05:29:47.000,12.48,-7.71,5297.69,11.08,20.3,46,-4.58,-23.0,0.544
2024-04-16T05:30:48.000,12.49,-7.68,6580.91,10.85,20.3,47,-4.39,-23.0,0.544
2024-04-16T05:31:48.000,12.49,-7.69,8138.7,10.62,20.3,48,-4.2,-23.0,0.544
2024-04-16T05:32:48.000,12.5,-7.65,10027.16,10.39,20.3,49,-4.02,-23.0,0.544
2024-04-16T05:33:48.000,12.51,-7.59,12307.55,10.17,20.3,50,-3.83,-24.0,0.544
2024-04-16T05:34:48.000,12.52,-7.58,15027.17,9.95,20.3,51,-3.64,-24.0,0.544
2024-04-16T05:35:48.000,12.52,-7.61,18290.67,9.74,20.3,52,-3.45,-24.0,0.544
2024-04-16T05:36:48.000,12.54,-7.65,22203.04,9.53,20.3,53,-3.27,-24.0,0.544
2024-04-16T05:37:48.000,12.52,-7.74,26760.43,9.32,20.3,54,-3.08,-24.0,0.544
2024-04-16T05:38:48.000,12.51,-7.73,31973.03,9.13,20.3,55,-2.89,-24.0,0.544
2024-04-16T05:39:48.000,12.51,-7.75,37973.07,8.94,20.3,56,-2.7,-24.0,0.544
2024-04-16T05:40:48.000,12.52,-7.77,44790.52,8.76,20.3,57,-2.52,-24.0,0.544
2024-04-16T05:41:48.000,12.55,-7.75,52418.68,8.59,20.3,58,-2.33,-24.0,0.544
2024-04-16T05:42:48.000,12.55,-7.81,60108.54,7.96,20.3,59,-2.14,-24.0,0.544
2024-04-16T05:43:49.000,12.55,-7.85,50000.0,0.0,20.3,60,-1.95,-24.0,0.545
2024-04-16T05:44:49.000,12.54,-7.81,50000.0,0.0,20.3,61,-1.76,-24.0,0.545
2024-04-16T05:45:49.000,12.55,-7.82,50000.0,0.0,20.3,62,-1.57,-24.0,0.545
2024-04-16T05:46:49.000,12.55,-7.88,50000.0,0.0,20.3,63,-1.38,-24.0,0.545
2024-04-16T05:47:49.000,12.55,-7.91,50000.0,0.0,20.3,64,-1.19,-25.0,0.545
2024-04-16T05:48:49.000,12.55,-7.94,50000.0,0.0,20.3,65,-1.0,-25.0,0.545
2024-04-16T05:49:49.000,12.55,-7.99,49490.02,0.17,20.3,66,-0.81,-25.0,0.545
2024-04-16T05:50:49.000,12.52,-8.15,50000.0,0.0,20.3,67,-0.62,-25.0,0.545
2024-04-16T05:51:49.000,12.48,-8.14,50000.0,0.0,20.3,68,-0.43,-25.0,0.545
2024-04-16T05:52:50.000,12.46,-8.13,50000.0,0.0,20.3,69,-0.24,-25.0,0.545
2024-04-16T05:57:50.000,12.31,-8.23,50000.0,0.0,20.3,74,0.71,-25.0,0.545
2024-04-16T05:58:50.000,12.29,-8.17,50000.0,0.0,20.3,75,0.9,-25.0,0.546
2024-04-16T05:59:50.000,12.29,-8.13,50000.0,0.0,20.3,76,1.09,-25.0,0.546
2024-04-16T06:00:50.000,12.3,-8.11,49716.18,0.09,20.3,77,1.28,-25.0,0.546
2024-04-16T06:01:50.000,12.31,-8.1,50000.0,0.0,20.3,78,1.47,-25.0,0.546
2024-04-16T06:02:50.000,12.32,-8.09,50000.0,0.0,20.3,79,1.66,-25.0,0.546
2024-04-16T06:03:51.000,12.33,-8.12,50000.0,0.0,20.3,80,1.86,-26.0,0.546
2024-04-16T11:57:11.000,39.79,3.07,50000.0,0.0,20.3,432,60.84,-1.0,0.57
2024-04-16T11:58:11.000,39.6,3.59,50000.0,0.0,20.3,433,60.89,-1.0,0.57
2024-04-16T11:59:12.000,39.87,4.85,50000.0,0.0,20.3,434,60.94,-1.0,0.57
2024-04-16T12:04:03.000,40.83,5.35,50000.0,0.0,20.3,0,61.16,-0.0,0.57
2024-04-16T12:06:39.000,40.53,4.31,50000.0,0.0,20.3,1,61.26,0.0,0.57
2024-04-16T12:07:39.000,40.46,4.44,50000.0,0.0,20.3,2,61.3,1.0,0.57
2024-04-16T12:23:40.000,39.73,3.9,50000.0,0.0,20.3,18,61.63,3.0,0.572
2024-04-16T12:24:40.000,39.36,3.36,50000.0,0.0,20.3,19,61.64,3.0,0.572
2024-04-16T12:25:40.000,38.72,1.43,50000.0,0.0,20.3,20,61.65,4.0,0.572
2024-04-17T04:44:11.000,11.59,-4.31,1.94,19.68,20.3,1,-12.6,-16.0,0.636
2024-04-17T04:45:11.000,11.75,-4.69,2.16,19.57,20.3,2,-12.43,-16.0,0.636
2024-04-17T04:46:11.000,11.92,-5.22,2.37,19.46,20.3,3,-12.25,-16.0,0.636
2024-04-17T04:47:15.000,12.1,-5.69,2.64,19.35,20.3,4,-12.06,-17.0,0.636
2024-04-17T04:48:16.000,12.27,-5.89,2.95,19.22,20.3,5,-11.88,-17.0,0.636
2024-04-17T04:49:16.000,12.43,-5.91,3.32,19.09,20.3,6,-11.7,-17.0,0.636
2024-04-17T04:50:16.000,12.58,-6.01,3.75,18.96,20.3,7,-11.52,-17.0,0.636
2024-04-17T04:51:16.000,12.69,-6.03,4.26,18.82,20.3,8,-11.34,-17.0,0.636
2024-04-17T04:52:16.000,12.79,-6.13,4.93,18.66,20.3,9,-11.17,-17.0,0.637
2024-04-17T04:53:16.000,12.87,-6.13,5.58,18.53,20.3,10,-10.99,-17.0,0.637
2024-04-17T04:54:16.000,12.95,-6.21,6.44,18.37,20.3,11,-10.81,-18.0,0.637
2024-04-17T04:55:16.000,13.02,-6.29,7.47,18.21,20.3,12,-10.63,-18.0,0.637
2024-04-17T04:56:16.000,13.04,-6.52,8.65,18.05,20.3,13,-10.45,-18.0,0.637
2024-04-17T04:57:16.000,13.05,-6.55,10.12,17.88,20.3,14,-10.27,-18.0,0.637
2024-04-17T04:58:16.000,13.07,-6.59,11.73,17.72,20.3,15,-10.09,-18.0,0.637
2024-04-17T04:59:16.000,13.08,-6.63,13.7,17.55,20.3,16,-9.91,-18.0,0.637
2024-04-17T05:00:16.000,13.09,-6.66,16.15,17.37,20.3,17,-9.73,-18.0,0.637
2024-04-17T05:01:16.000,13.1,-6.59,18.99,17.2,20.3,18,-9.55,-18.0,0.637
2024-04-17T05:02:16.000,13.12,-6.66,22.3,17.02,20.3,19,-9.36,-19.0,0.637
2024-04-17T05:03:16.000,13.13,-6.76,26.39,16.84,20.3,20,-9.18,-19.0,0.637
2024-04-17T05:04:17.000,13.14,-6.84,31.23,16.66,20.3,21,-9.0,-19.0,0.637
2024-04-17T05:05:17.000,13.13,-6.88,37.25,16.46,20.3,22,-8.82,-19.0,0.637
2024-04-17T05:06:17.000,13.13,-6.83,44.55,16.27,20.3,23,-8.64,-19.0,0.637
2024-04-17T05:07:17.000,13.13,-6.81,52.82,16.09,20.3,24,-8.45,-19.0,0.638
2024-04-17T05:08:17.000,13.14,-6.81,64.34,15.87,20.3,25,-8.27,-19.0,0.638
2024-04-17T05:09:17.000,13.15,-6.81,78.25,15.66,20.3,26,-8.09,-19.0,0.638
2024-04-17T05:10:17.000,13.16,-6.76,95.27,15.44,20.3,27,-7.91,-20.0,0.638
2024-04-17T05:11:17.000,13.17,-6.75,116.13,15.23,20.3,28,-7.72,-20.0,0.638
2024-04-17T05:12:17.000,13.21,-6.56,142.31,15.01,20.3,29,-7.54,-20.0,0.638
2024-04-17T05:13:17.000,13.26,-6.58,174.32,14.79,20.3,30,-7.36,-20.0,0.638
2024-04-17T05:14:17.000,13.3,-6.61,215.07,14.56,20.3,31,-7.17,-20.0,0.638
2024-04-17T05:15:17.000,13.33,-6.57,265.98,14.33,20.3,32,-6.99,-20.0,0.638
2024-04-17T05:16:17.000,13.37,-6.54,329.39,14.1,20.3,33,-6.81,-20.0,0.638
2024-04-17T05:17:17.000,13.42,-6.6,408.76,13.86,20.3,34,-6.62,-20.0,0.638
2024-04-17T05:18:17.000,13.44,-6.69,507.87,13.63,20.3,35,-6.44,-21.0,0.638
2024-04-17T05:19:18.000,13.46,-6.69,630.94,13.39,20.3,36,-6.25,-21.0,0.638
2024-04-17T05:20:18.000,13.47,-6.73,786.78,13.15,20.3,37,-6.07,-21.0,0.638
2024-04-17T05:21:18.000,13.47,-6.76,982.13,12.91,20.3,38,-5.88,-21.0,0.638
2024-04-17T05:22:18.000,13.49,-6.73,1228.33,12.67,20.3,39,-5.7,-21.0,0.638
2024-04-17T05:23:18.000,13.51,-6.73,1536.85,12.43,20.3,40,-5.51,-21.0,0.639
2024-04-17T05:24:18.000,13.53,-6.75,1921.44,12.18,20.3,41,-5.33,-21.0,0.639
2024-04-17T05:25:18.000,13.57,-6.76,2408.44,11.94,20.3,42,-5.14,-21.0,0.639
2024-04-17T05:26:18.000,13.58,-6.79,3019.87,11.69,20.3,43,-4.96,-22.0,0.639
2024-04-17T05:27:18.000,13.6,-6.83,3785.31,11.45,20.3,44,-4.77,-22.0,0.639
2024-04-17T05:28:18.000,13.63,-6.83,4742.38,11.2,20.3,45,-4.58,-22.0,0.639
2024-04-17T05:29:18.000,13.64,-6.81,5935.22,10.96,20.3,46,-4.4,-22.0,0.639
2024-04-17T05:30:18.000,13.67,-6.74,7417.6,10.72,20.3,47,-4.21,-22.0,0.639
2024-04-17T05:31:19.000,13.71,-6.77,9256.36,10.48,20.3,48,-4.02,-22.0,0.639
2024-04-17T05:32:19.000,13.71,-6.75,11511.12,10.24,20.3,49,-3.83,-22.0,0.639
2024-04-17T05:33:19.000,13.74,-6.81,14232.34,10.01,20.3,50,-3.65,-22.0,0.639
2024-04-17T05:34:19.000,13.74,-6.9,17504.84,9.78,20.3,51,-3.46,-22.0,0.639
2024-04-17T05:35:19.000,13.77,-6.86,21359.98,9.57,20.3,52,-3.27,-23.0,0.639
2024-04-17T05:36:19.000,13.79,-6.87,25254.47,9.54,20.3,53,-3.09,-23.0,0.639
2024-04-17T05:37:19.000,13.81,-6.89,31001.26,9.16,20.3,54,-2.9,-23.0,0.639
2024-04-17T05:38:19.000,13.83,-6.93,37039.22,8.97,20.3,55,-2.71,-23.0,0.64
2024-04-17T05:39:19.000,13.87,-6.98,44021.19,8.78,20.3,56,-2.52,-23.0,0.64
2024-04-17T05:40:19.000,13.88,-7.06,52079.18,8.6,20.3,57,-2.34,-23.0,0.64
2024-04-17T05:41:19.000,13.88,-7.13,59506.65,7.49,20.3,58,-2.15,-23.0,0.64
2024-04-17T05:42:20.000,13.87,-7.23,50000.0,0.0,20.3,59,-1.96,-23.0,0.64
2024-04-17T05:43:20.000,13.86,-7.35,50000.0,0.0,20.3,60,-1.77,-23.0,0.64
2024-04-17T05:44:20.000,13.86,-7.36,50000.0,0.0,20.3,61,-1.58,-24.0,0.64
2024-04-17T05:59:21.000,13.93,-7.45,50000.0,0.0,20.3,76,1.26,-25.0,0.641
2024-04-17T06:00:21.000,13.97,-7.45,50000.0,0.0,20.3,77,1.45,-25.0,0.641
2024-04-17T06:01:21.000,14.02,-7.35,50000.0,0.0,20.3,78,1.65,-25.0,0.641
2024-04-17T06:02:21.000,14.1,-7.34,49729.93,0.09,20.3,79,1.84,-25.0,0.641
2024-04-17T06:03:21.000,14.17,-7.32,49726.89,0.09,20.3,80,2.03,-25.0,0.641
2024-04-17T06:04:21.000,14.24,-7.3,50000.0,0.0,20.3,81,2.22,-26.0,0.641
2024-04-17T06:05:22.000,14.31,-7.33,50000.0,0.0,20.3,82,2.41,-26.0,0.641
2024-04-17T06:06:22.000,14.38,-7.36,50000.0,0.0,20.3,83,2.6,-26.0,0.641
2024-04-17T11:57:01.000,33.28,5.07,50000.0,0.0,20.3,433,61.18,-11.0,0.664
2024-04-17T11:58:01.000,33.53,6.18,50000.0,0.0,20.3,434,61.24,-11.0,0.664
2024-04-17T11:59:02.000,33.73,6.24,50000.0,0.0,20.3,435,61.29,-11.0,0.664
2024-04-17T12:04:00.000,34.72,7.04,50000.0,0.0,20.3,0,61.51,-10.0,0.664
2024-04-17T12:05:00.000,34.56,6.35,50000.0,0.0,20.3,1,61.55,-10.0,0.664
2024-04-17T12:06:39.000,34.97,7.87,50000.0,0.0,20.3,1,61.61,-10.0,0.664
2024-04-17T12:07:39.000,35.33,7.65,50000.0,0.0,20.3,2,61.65,-10.0,0.664
2024-04-17T12:08:39.000,35.42,7.49,50000.0,0.0,20.3,3,61.68,-9.0,0.664
2024-04-17T12:39:43.000,35.99,5.31,50000.0,0.0,20.3,34,61.87,-5.0,0.666
2024-04-17T12:40:43.000,35.98,5.92,50000.0,0.0,20.3,35,61.85,-4.0,0.666
2024-04-17T12:41:43.000,36.12,6.3,50000.0,0.0,20.3,36,61.82,-4.0,0.666
2024-04-18T04:51:44.000,10.63,4.03,4.92,18.67,20.3,0,-10.98,-14.0,0.725
2024-04-18T04:52:44.000,10.81,3.97,5.74,18.5,20.3,1,-10.8,-14.0,0.726
2024-04-18T04:53:44.000,10.98,3.96,6.67,18.33,20.3,2,-10.62,-15.0,0.726
2024-04-18T04:54:46.000,11.13,3.98,7.71,18.18,20.3,3,-10.44,-15.0,0.726
2024-04-18T04:55:47.000,11.29,4.0,8.96,18.01,20.3,4,-10.26,-15.0,0.726
2024-04-18T04:56:47.000,11.44,3.95,10.51,17.84,20.3,5,-10.08,-15.0,0.726
2024-04-18T04:57:47.000,11.55,3.86,12.27,17.67,20.3,6,-9.9,-15.0,0.726
2024-04-18T04:58:47.000,11.66,3.87,14.34,17.5,20.3,7,-9.72,-15.0,0.726
2024-04-18T04:59:47.000,11.75,3.8,16.74,17.33,20.3,8,-9.54,-16.0,0.726
2024-04-18T05:00:47.000,11.85,3.75,19.7,17.16,20.3,9,-9.36,-16.0,0.726
2024-04-18T05:01:47.000,11.94,3.66,23.3,16.97,20.3,10,-9.18,-16.0,0.726
2024-04-18T05:02:47.000,12.01,3.59,27.63,16.79,20.3,11,-8.99,-16.0,0.726
2024-04-18T05:03:47.000,12.09,3.5,33.01,16.6,20.3,12,-8.81,-16.0,0.726
2024-04-18T05:04:48.000,12.17,3.42,39.36,16.4,20.3,13,-8.63,-16.0,0.726
2024-04-18T05:05:48.000,12.22,3.34,46.37,16.23,20.3,14,-8.45,-16.0,0.726
2024-04-18T05:06:48.000,12.28,3.24,56.48,16.01,20.3,15,-8.27,-17.0,0.726
2024-04-18T05:07:48.000,12.33,3.13,68.84,15.8,20.3,16,-8.08,-17.0,0.726
