ecsv/stars201/stars201_2025-04.ecsv
# %ECSV 1.0
# ---
# datatype:
# - {name: time, datatype: string}
# - {name: Enclosure Temperature, unit: deg_C, datatype: float64}
# - {name: Sky Temperature, unit: deg_C, datatype: float64}
# - {name: Frequency, unit: Hz, datatype: float64}
# - {name: MSAS, unit: mag / arcsec2, datatype: float64}
# - {name: ZP, datatype: float64}
# - {name: Sequence Number, datatype: int64}
# - {name: Sun Alt, unit: deg, datatype: float64}
# - {name: Moon Alt, unit: deg, datatype: float64}
# - {name: Moon Illumination, datatype: float64}
# delimiter: ','
# meta: !!omap
# - ida:
#     Data supplier: {affiliation: null, observer: Miquel Serra}
#     Device type: TESS-W
#     Field of view: 17.0
#     Filters per channel: None
#     Instrument ID: stars201
#     License: ODbL 1.0 http://opendatacommons.org/licenses/odbl/summary/
#     Local timezone: Europe/Madrid
#     Location name: {country: Spain, place: Finca La Cocosa, region: null, sub_region: Badajoz, town: Badajoz}
#     Measurement direction per channel: {azimuth: 0.0, zenital: 0.0}
#     Moving / Fixed look direction: FIXED
#     Moving / Stationary position: STATIONARY
#     Number of channels: 1
#     Number of fields per line: 8
#     Number of header lines: 35
#     Position: {height: 313.0, latitude: 38.7555, longitude: -6.9845}
#     TESS MAC address: 4C:75:25:27:43:56
#     TESS cover offset value: 0.0
#     TESS firmware version: '1.0'
#     TESS zero point: 20.3
#     Time Synchronization: timestamp added by MQTT subscriber
#     URL: http://www.darksky.org/NSBM/sdf1.0.pdf
# - __serialized_columns__:
#     Enclosure Temperature:
#       __class__: astropy.units.quantity.Quantity
#       unit: &id001 !astropy.units.Unit {unit: deg_C}
#       value: !astropy.table.SerializedColumn {name: Enclosure Temperature}
#     Frequency:
#       __class__: astropy.units.quantity.Quantity
#       unit: !astropy.units.Unit {unit: Hz}
#       value: !astropy.table.SerializedColumn {name: Frequency}
#     MSAS:
#       __class__: astropy.units.quantity.Quantity
#       unit: !astropy.units.Unit {unit: mag / arcsec2}
#       value: !astropy.table.SerializedColumn {name: MSAS}
#     Moon Alt:
#       __class__: astropy.units.quantity.Quantity
#       unit: &id002 !astropy.units.Unit {unit: deg}
#       value: !astropy.table.SerializedColumn {name: Moon Alt}
#     Sky Temperature:
#       __class__: astropy.units.quantity.Quantity
#       unit: *id001
#       value: !astropy.table.SerializedColumn {name: Sky Temperature}
#     Sun Alt:
#       __class__: astropy.units.quantity.Quantity
#       unit: *id002
#       value: !astropy.table.SerializedColumn {name: Sun Alt}
#     time:
#       __class__: astropy.time.core.Time
#       format: isot
#       in_subfmt: '*'
#       out_subfmt: '*'
#       precision: 3
#       scale: utc
#       value: !astropy.table.SerializedColumn {name: time}
# schema: astropy-2.0
time,Enclosure Temperature,Sky Temperature,Frequency,MSAS,ZP,Sequence Number,Sun Alt,Moon Alt,Moon Illumination
[from data line 8683]
2025-04-13T05:17:38.000,14.24,12.77,92.23,15.48,20.3,466,-7.74,6.0,0.999
2025-04-13T05:18:38.000,14.19,12.89,111.08,15.28,20.3,467,-7.56,5.0,0.999
2025-04-13T05:19:38.000,14.28,13.4,137.89,15.04,20.3,468,-7.37,5.0,0.999
2025-04-13T05:20:38.000,14.37,13.45,175.1,14.78,20.3,469,-7.19,5.0,0.999
2025-04-13T05:21:38.000,14.42,13.42,205.3,14.61,20.3,470,-7.0,5.0,0.999
2025-04-13T05:22:38.000,14.36,12.98,237.98,14.45,20.3,471,-6.82,5.0,0.999
2025-04-13T05:23:38.000,14.4,13.5,287.15,14.25,20.3,472,-6.63,5.0,0.999
2025-04-13T05:24:38.000,14.43,13.23,336.63,14.07,20.3,473,-6.44,4.0,0.999
2025-04-13T05:25:38.000,14.41,13.33,387.53,13.92,20.3,474,-6.26,4.0,0.999
2025-04-13T05:26:38.000,14.48,13.59,483.87,13.68,20.3,475,-6.07,4.0,0.999
2025-04-13T05:27:38.000,14.56,13.7,609.37,13.43,20.3,476,-5.88,4.0,0.999
2025-04-13T05:28:38.000,14.64,13.72,764.13,13.18,20.3,477,-5.7,4.0,0.999
2025-04-13T05:29:39.000,14.65,13.66,942.33,12.96,20.3,478,-5.51,3.0,0.999
2025-04-13T05:30:39.000,14.69,13.71,1248.81,12.65,20.3,479,-5.32,3.0,0.999
2025-04-13T05:31:39.000,14.67,13.46,1645.24,12.35,20.3,480,-5.13,3.0,0.999
2025-04-13T05:32:39.000,14.61,13.48,2125.39,12.08,20.3,481,-4.94,3.0,0.999
2025-04-13T05:33:39.000,14.7,13.88,2790.47,11.78,20.3,482,-4.76,3.0,0.999
2025-04-13T05:34:39.000,14.7,13.52,3588.4,11.51,20.3,483,-4.57,3.0,0.999
2025-04-13T05:35:39.000,14.68,13.54,4391.64,11.28,20.3,484,-4.38,2.0,0.999
2025-04-13T05:36:39.000,14.65,13.63,5388.29,11.06,20.3,485,-4.19,2.0,0.999
2025-04-13T05:37:39.000,14.7,13.66,7032.81,10.77,20.3,486,-4.0,2.0,0.999
2025-04-13T05:38:39.000,14.63,13.25,8919.06,10.52,20.3,487,-3.81,2.0,0.999
2025-04-13T05:39:39.000,14.56,13.41,10852.44,10.3,20.3,488,-3.63,2.0,0.999
2025-04-13T05:40:39.000,14.66,13.82,13304.45,10.08,20.3,489,-3.44,1.0,0.999
2025-04-13T05:41:39.000,14.77,13.98,15879.56,9.89,20.3,490,-3.25,1.0,0.999
2025-04-13T05:42:40.000,14.84,13.87,18565.6,9.79,20.3,491,-3.06,1.0,0.999
2025-04-13T05:43:40.000,14.86,13.89,23312.52,9.47,20.3,492,-2.87,1.0,0.999
2025-04-13T05:44:40.000,14.88,13.85,28498.95,9.32,20.3,493,-2.68,1.0,0.999
2025-04-13T05:45:40.000,14.85,13.76,34220.14,9.2,20.3,494,-2.49,1.0,0.999
2025-04-13T05:46:40.000,14.87,13.83,42119.86,8.83,20.3,495,-2.3,0.0,0.999
2025-04-13T05:47:40.000,14.84,13.82,49661.25,8.65,20.3,496,-2.11,0.0,0.999
2025-04-13T05:48:40.000,14.91,14.14,58905.93,8.08,20.3,497,-1.92,-0.0,0.999
2025-04-13T05:49:40.000,14.95,14.09,50000.0,0.0,20.3,498,-1.73,-0.0,0.999
2025-04-13T05:50:40.000,14.99,14.14,50000.0,0.0,20.3,499,-1.54,-0.0,0.999
2025-04-13T05:51:40.000,15.03,14.13,50000.0,0.0,20.3,500,-1.35,-1.0,0.999
2025-04-13T06:06:42.000,15.35,14.39,50000.0,0.0,20.3,515,1.52,-3.0,0.999
2025-04-13T06:07:42.000,15.24,14.11,50000.0,0.0,20.3,516,1.72,-4.0,0.999
2025-04-13T06:08:42.000,15.14,14.01,50000.0,0.0,20.3,517,1.91,-4.0,0.999
2025-04-13T06:09:42.000,15.1,14.12,49723.98,0.09,20.3,518,2.1,-4.0,0.999
2025-04-13T06:10:42.000,15.12,14.15,50000.0,0.0,20.3,519,2.29,-4.0,0.999
2025-04-13T06:11:42.000,15.04,13.89,50000.0,0.0,20.3,520,2.48,-4.0,0.999
2025-04-13T06:12:42.000,15.04,14.19,50000.0,0.0,20.3,521,2.68,-4.0,0.999
2025-04-13T11:57:09.000,25.38,15.53,50000.0,0.0,20.3,865,59.66,-63.0,0.997
2025-04-13T11:58:09.000,25.6,14.91,50000.0,0.0,20.3,866,59.71,-63.0,0.997
2025-04-13T11:59:09.000,25.87,15.32,50000.0,0.0,20.3,867,59.76,-63.0,0.997
2025-04-13T12:04:01.000,26.48,15.7,50000.0,0.0,20.3,1,59.98,-64.0,0.997
2025-04-13T12:05:02.000,26.43,15.63,50000.0,0.0,20.3,2,60.02,-64.0,0.997
2025-04-13T12:06:49.000,26.58,15.73,50000.0,0.0,20.3,0,60.09,-64.0,0.997
2025-04-13T12:07:49.000,26.64,15.45,50000.0,0.0,20.3,1,60.13,-64.0,0.997
2025-04-13T12:08:49.000,26.58,15.67,50000.0,0.0,20.3,2,60.16,-64.0,0.997
2025-04-13T18:43:19.000,18.62,-1.6,50000.0,0.0,20.3,396,2.94,-13.0,0.994
2025-04-13T18:44:19.000,18.59,-1.57,50000.0,0.0,20.3,397,2.74,-12.0,0.994
2025-04-13T18:45:19.000,18.55,-1.58,50000.0,0.0,20.3,398,2.55,-12.0,0.994
2025-04-13T18:46:20.000,18.51,-1.6,49726.93,0.09,20.3,399,2.36,-12.0,0.994
2025-04-13T18:47:20.000,18.46,-1.59,49729.84,0.09,20.3,400,2.16,-12.0,0.994
2025-04-13T18:48:20.000,18.41,-1.6,50000.0,0.0,20.3,401,1.97,-12.0,0.994
2025-04-13T18:49:20.000,18.36,-1.64,50000.0,0.0,20.3,402,1.78,-12.0,0.994
2025-04-13T18:50:20.000,18.31,-1.6,50000.0,0.0,20.3,403,1.59,-11.0,0.994
2025-04-13T18:51:20.000,18.27,-1.6,49717.66,0.1,20.3,404,1.4,-11.0,0.994
2025-04-13T18:52:20.000,18.21,-1.61,50000.0,0.0,20.3,405,1.21,-11.0,0.994
2025-04-13T18:53:20.000,18.14,-1.59,50000.0,0.0,20.3,406,1.02,-11.0,0.994
2025-04-13T18:54:20.000,18.09,-1.61,50000.0,0.0,20.3,407,0.82,-11.0,0.994
2025-04-13T19:06:21.000,17.57,-1.93,50000.0,0.0,20.3,419,-1.46,-8.0,0.994
2025-04-13T19:07:21.000,17.53,-1.99,50000.0,0.0,20.3,420,-1.65,-8.0,0.994
2025-04-13T19:08:21.000,17.47,-2.06,50000.0,0.0,20.3,421,-1.84,-8.0,0.994
2025-04-13T19:09:21.000,17.41,-2.07,52810.89,1.67,20.3,422,-2.03,-8.0,0.994
2025-04-13T19:10:21.000,17.37,-2.21,58569.59,8.47,20.3,423,-2.22,-8.0,0.994
2025-04-13T19:11:21.000,17.3,-2.24,50094.56,8.64,20.3,424,-2.41,-8.0,0.994
2025-04-13T19:12:21.000,17.23,-2.26,42331.29,8.82,20.3,425,-2.6,-7.0,0.994
2025-04-13T19:13:22.000,17.19,-2.27,35402.18,9.02,20.3,426,-2.79,-7.0,0.994
2025-04-13T19:14:22.000,17.15,-2.29,29505.09,9.22,20.3,427,-2.98,-7.0,0.994
2025-04-13T19:15:22.000,17.1,-2.37,24243.9,9.51,20.3,428,-3.17,-7.0,0.994
2025-04-13T19:16:22.000,17.05,-2.39,20256.07,9.63,20.3,429,-3.36,-7.0,0.994
2025-04-13T19:17:22.000,17.0,-2.44,16660.04,9.84,20.3,430,-3.54,-6.0,0.994
2025-04-13T19:18:22.000,16.95,-2.5,13673.98,10.05,20.3,431,-3.73,-6.0,0.994
2025-04-13T19:19:22.000,16.91,-2.49,11136.58,10.28,20.3,432,-3.92,-6.0,0.994
2025-04-13T19:20:22.000,16.87,-2.48,9020.04,10.5,20.3,433,-4.11,-6.0,0.994
2025-04-13T19:21:22.000,16.85,-2.48,7260.38,10.74,20.3,434,-4.3,-6.0,0.994
2025-04-13T19:22:22.000,16.8,-2.51,5797.06,10.98,20.3,435,-4.48,-6.0,0.994
2025-04-13T19:23:22.000,16.77,-2.52,4591.71,11.24,20.3,436,-4.67,-5.0,0.994
2025-04-13T19:24:22.000,16.74,-2.52,3630.34,11.49,20.3,437,-4.86,-5.0,0.994
2025-04-13T19:25:22.000,16.72,-2.59,2883.71,11.74,20.3,438,-5.05,-5.0,0.994
2025-04-13T19:26:22.000,16.7,-2.61,2293.38,11.99,20.3,439,-5.23,-5.0,0.994
2025-04-13T19:27:22.000,16.66,-2.66,1821.51,12.24,20.3,440,-5.42,-5.0,0.994
2025-04-13T19:28:22.000,16.63,-2.65,1444.64,12.49,20.3,441,-5.61,-4.0,0.994
2025-04-13T19:29:23.000,16.59,-2.7,1144.45,12.75,20.3,442,-5.8,-4.0,0.994
2025-04-13T19:30:23.000,16.55,-2.74,908.09,13.0,20.3,443,-5.98,-4.0,0.994
2025-04-13T19:31:23.000,16.52,-2.73,719.87,13.25,20.3,444,-6.17,-4.0,0.994
2025-04-13T19:32:23.000,16.48,-2.74,570.58,13.5,20.3,445,-6.35,-4.0,0.994
2025-04-13T19:33:23.000,16.45,-2.77,452.99,13.75,20.3,446,-6.54,-4.0,0.994
2025-04-13T19:34:23.000,16.41,-2.79,359.91,14.0,20.3,447,-6.73,-3.0,0.994
2025-04-13T19:35:23.000,16.35,-2.9,286.45,14.25,20.3,448,-6.91,-3.0,0.994
2025-04-13T19:36:23.000,16.32,-2.86,228.45,14.5,20.3,449,-7.1,-3.0,0.994
2025-04-13T19:37:23.000,16.3,-2.85,182.58,14.74,20.3,450,-7.28,-3.0,0.994
2025-04-13T19:38:23.000,16.27,-2.82,145.96,14.98,20.3,451,-7.47,-3.0,0.994
2025-04-13T19:39:23.000,16.24,-2.9,117.17,15.22,20.3,452,-7.65,-2.0,0.994
2025-04-13T19:40:23.000,16.23,-2.84,94.2,15.46,20.3,453,-7.84,-2.0,0.994
2025-04-13T19:41:23.000,16.22,-2.84,76.36,15.69,20.3,454,-8.02,-2.0,0.994
2025-04-13T19:42:23.000,16.18,-2.91,62.14,15.91,20.3,455,-8.2,-2.0,0.994
2025-04-13T19:43:24.000,16.15,-2.91,49.62,16.15,20.3,456,-8.39,-2.0,0.994
2025-04-13T19:44:24.000,16.13,-2.96,42.57,16.32,20.3,457,-8.58,-2.0,0.994
2025-04-13T19:45:24.000,16.11,-2.98,35.46,16.52,20.3,458,-8.76,-1.0,0.994
2025-04-13T19:46:24.000,16.09,-2.99,29.55,16.72,20.3,459,-8.94,-1.0,0.993
2025-04-13T19:47:24.000,16.08,-2.97,25.04,16.9,20.3,460,-9.13,-1.0,0.993
2025-04-13T19:48:24.000,16.07,-2.98,21.24,17.07,20.3,461,-9.31,-1.0,0.993
2025-04-13T19:49:24.000,16.06,-3.03,18.05,17.25,20.3,462,-9.49,-1.0,0.993
2025-04-13T19:50:24.000,16.04,-3.05,15.56,17.41,20.3,463,-9.67,-1.0,0.993
2025-04-13T19:51:24.000,16.02,-3.08,13.5,17.57,20.3,464,-9.86,-0.0,0.993
2025-04-13T19:52:24.000,16.0,-3.12,11.55,17.74,20.3,465,-10.04,-0.0,0.993
2025-04-13T19:53:25.000,15.97,-3.19,10.09,17.88,20.3,466,-10.22,-0.0,0.993
2025-04-13T19:54:25.000,15.95,-3.22,8.82,18.03,20.3,467,-10.41,0.0,0.993
2025-04-13T19:55:25.000,15.92,-3.23,7.8,18.16,20.3,468,-10.59,0.0,0.993
2025-04-13T19:56:25.000,15.9,-3.27,6.93,18.29,20.3,469,-10.77,1.0,0.993
2025-04-13T19:57:25.000,15.89,-3.24,6.21,18.41,20.3,470,-10.95,1.0,0.993
2025-04-13T19:58:25.000,15.88,-3.3,5.58,18.53,20.3,471,-11.13,1.0,0.993
2025-04-13T19:59:25.000,15.87,-3.33,5.08,18.63,20.3,472,-11.31,1.0,0.993
2025-04-13T20:00:25.000,15.85,-3.39,4.67,18.72,20.3,473,-11.49,1.0,0.993
2025-04-13T20:01:25.000,15.83,-3.42,4.32,18.81,20.3,474,-11.67,1.0,0.993
2025-04-13T20:02:25.000,15.82,-3.44,4.03,18.88,20.3,475,-11.85,2.0,0.993
2025-04-13T20:03:25.000,15.8,-3.48,3.81,18.94,20.3,476,-12.03,2.0,0.993
2025-04-13T20:04:25.000,15.78,-3.51,3.6,19.0,20.3,477,-12.21,2.0,0.993
2025-04-13T20:05:25.000,15.76,-3.51,3.45,19.05,20.3,478,-12.39,2.0,0.993
2025-04-13T20:06:26.000,15.73,-3.53,3.32,19.09,20.3,479,-12.58,2.0,0.993
2025-04-13T20:07:26.000,15.7,-3.55,3.23,19.12,20.3,480,-12.75,2.0,0.993
2025-04-13T20:08:26.000,15.67,-3.59,3.16,19.15,20.3,481,-12.93,3.0,0.993
2025-04-13T20:09:26.000,15.63,-3.69,3.11,19.17,20.3,482,-13.11,3.0,0.993
2025-04-13T20:10:26.000,15.58,-3.77,3.07,19.18,20.3,483,-13.29,3.0,0.993
2025-04-13T20:11:26.000,15.52,-3.87,3.07,19.18,20.3,484,-13.47,3.0,0.993
2025-04-13T20:12:26.000,15.47,-3.83,3.1,19.17,20.3,485,-13.65,3.0,0.993
2025-04-13T20:13:26.000,15.43,-3.76,3.12,19.16,20.3,486,-13.82,3.0,0.993
2025-04-13T20:14:26.000,15.42,-3.77,3.13,19.16,20.3,487,-14.0,4.0,0.993
2025-04-13T20:15:26.000,15.4,-3.75,3.15,19.15,20.3,488,-14.18,4.0,0.993
2025-04-13T20:16:26.000,15.38,-3.83,3.18,19.14,20.3,489,-14.35,4.0,0.993
2025-04-13T20:17:26.000,15.36,-3.77,3.21,19.13,20.3,490,-14.53,4.0,0.993
2025-04-13T20:18:26.000,15.35,-3.78,3.25,19.12,20.3,491,-14.71,4.0,0.993
2025-04-13T20:19:26.000,15.35,-3.87,3.29,19.1,20.3,492,-14.88,4.0,0.993
2025-04-13T20:20:27.000,15.32,-3.9,3.32,19.09,20.3,493,-15.06,5.0,0.993
2025-04-13T20:21:27.000,15.3,-3.91,3.36,19.08,20.3,494,-15.24,5.0,0.993
2025-04-13T20:22:27.000,15.25,-3.96,3.42,19.06,20.3,495,-15.41,5.0,0.993
2025-04-13T20:23:27.000,15.21,-4.0,3.46,19.05,20.3,496,-15.59,5.0,0.993
2025-04-13T20:24:27.000,15.19,-3.99,3.51,19.03,20.3,497,-15.76,5.0,0.993
2025-04-13T20:25:27.000,15.15,-4.0,3.55,19.02,20.3,498,-15.94,6.0,0.993
2025-04-13T20:26:27.000,15.12,-4.04,3.61,19.0,20.3,499,-16.11,6.0,0.993
2025-04-13T20:27:27.000,15.09,-4.08,3.67,18.99,20.3,500,-16.29,6.0,0.993
2025-04-13T20:28:27.000,15.06,-4.08,3.72,18.97,20.3,501,-16.46,6.0,0.993
2025-04-13T20:29:27.000,15.05,-4.1,3.78,18.95,20.3,502,-16.63,6.0,0.993
2025-04-13T20:30:27.000,15.02,-4.1,3.85,18.93,20.3,503,-16.81,6.0,0.993
2025-04-13T20:31:27.000,14.98,-4.13,3.91,18.92,20.3,504,-16.98,7.0,0.993
2025-04-13T20:32:27.000,14.96,-4.12,3.98,18.9,20.3,505,-17.15,7.0,0.993
2025-04-13T20:33:27.000,14.95,-4.15,4.03,18.88,20.3,506,-17.32,7.0,0.993
2025-04-13T20:34:27.000,14.93,-4.22,4.09,18.87,20.3,507,-17.49,7.0,0.993
2025-04-13T20:35:27.000,14.89,-4.24,4.15,18.85,20.3,508,-17.67,7.0,0.993
2025-04-13T20:36:28.000,14.85,-4.27,4.2,18.84,20.3,509,-17.84,7.0,0.993
2025-04-13T20:37:28.000,14.8,-4.28,4.27,18.82,20.3,510,-18.01,8.0,0.993
2025-04-13T20:38:28.000,14.75,-4.29,4.34,18.8,20.3,511,-18.18,8.0,0.993
2025-04-13T20:39:28.000,14.71,-4.32,4.41,18.78,20.3,512,-18.35,8.0,0.993
2025-04-13T20:40:28.000,14.65,-4.41,4.47,18.77,20.3,513,-18.52,8.0,0.993
2025-04-13T20:41:28.000,14.59,-4.4,4.53,18.75,20.3,514,-18.69,8.0,0.993
2025-04-13T20:42:29.000,14.54,-4.41,4.6,18.74,20.3,515,-18.86,8.0,0.993
2025-04-13T20:43:28.000,14.5,-4.35,4.67,18.72,20.3,516,-19.03,9.0,0.993
2025-04-13T20:44:28.000,14.46,-4.37,4.74,18.7,20.3,517,-19.2,9.0,0.993
2025-04-13T20:45:29.000,14.44,-4.35,4.8,18.69,20.3,518,-19.37,9.0,0.993
2025-04-13T20:46:29.000,14.41,-4.39,4.87,18.68,20.3,519,-19.54,9.0,0.993
2025-04-13T20:47:29.000,14.39,-4.36,4.94,18.66,20.3,520,-19.71,9.0,0.993
2025-04-13T20:48:29.000,14.35,-4.37,5.0,18.65,20.3,521,-19.87,9.0,0.993
2025-04-13T20:49:29.000,14.33,-4.37,5.07,18.63,20.3,522,-20.04,9.0,0.993
2025-04-13T20:50:29.000,14.32,-4.39,5.12,18.62,20.3,523,-20.21,10.0,0.993
2025-04-13T20:51:29.000,14.31,-4.5,5.18,18.61,20.3,524,-20.37,10.0,0.993
2025-04-13T20:52:29.000,14.29,-4.59,5.24,18.6,20.3,525,-20.54,10.0,0.993
2025-04-13T20:53:29.000,14.25,-4.6,5.3,18.58,20.3,526,-20.71,10.0,0.993
2025-04-13T20:54:29.000,14.22,-4.57,5.36,18.57,20.3,527,-20.87,10.0,0.993
2025-04-13T20:55:29.000,14.19,-4.6,5.43,18.56,20.3,528,-21.04,10.0,0.993
2025-04-13T20:56:29.000,14.17,-4.5,5.5,18.54,20.3,529,-21.2,11.0,0.993
2025-04-13T20:57:29.000,14.16,-4.56,5.57,18.53,20.3,530,-21.37,11.0,0.993
2025-04-13T20:58:29.000,14.14,-4.6,5.64,18.52,20.3,531,-21.53,11.0,0.993
2025-04-13T20:59:29.000,14.12,-4.58,5.7,18.5,20.3,532,-21.69,11.0,0.993
2025-04-13T21:00:29.000,14.1,-4.56,5.77,18.49,20.3,533,-21.86,11.0,0.993
2025-04-13T21:01:30.000,14.07,-4.56,5.88,18.47,20.3,534,-22.02,11.0,0.993
2025-04-13T21:02:30.000,14.07,-4.51,5.88,18.47,20.3,535,-22.18,12.0,0.993
2025-04-13T21:03:30.000,14.07,-4.5,5.9,18.47,20.3,536,-22.35,12.0,0.993
2025-04-13T21:04:30.000,14.08,-4.48,5.96,18.46,20.3,537,-22.51,12.0,0.993
2025-04-13T21:05:30.000,14.09,-4.46,6.02,18.45,20.3,538,-22.67,12.0,0.993
2025-04-13T21:06:30.000,14.08,-4.53,6.07,18.44,20.3,539,-22.83,12.0,0.993
2025-04-13T21:07:30.000,14.07,-4.55,6.14,18.42,20.3,540,-22.99,12.0,0.993
2025-04-13T21:08:30.000,14.04,-4.64,6.21,18.41,20.3,541,-23.15,13.0,0.993
2025-04-13T21:09:30.000,14.01,-4.65,6.29,18.4,20.3,542,-23.31,13.0,0.993
2025-04-13T21:10:30.000,13.98,-4.62,6.36,18.38,20.3,543,-23.47,13.0,0.993
2025-04-13T21:11:30.000,13.95,-4.63,6.39,18.38,20.3,544,-23.63,13.0,0.993
2025-04-13T21:12:30.000,13.93,-4.64,6.46,18.37,20.3,545,-23.79,13.0,0.993
2025-04-13T21:13:30.000,13.91,-4.65,6.51,18.36,20.3,546,-23.95,13.0,0.993
2025-04-13T21:14:30.000,13.86,-4.68,6.53,18.36,20.3,547,-24.1,13.0,0.993
2025-04-13T21:15:31.000,13.83,-4.69,6.57,18.35,20.3,548,-24.26,14.0,0.993
2025-04-13T21:16:31.000,13.81,-4.74,6.57,18.35,20.3,549,-24.42,14.0,0.993
2025-04-13T21:17:31.000,13.79,-4.74,6.62,18.34,20.3,550,-24.58,14.0,0.993
2025-04-13T21:18:31.000,13.78,-4.79,6.61,18.34,20.3,551,-24.73,14.0,0.993
2025-04-13T21:19:31.000,13.77,-4.87,6.73,18.32,20.3,552,-24.89,14.0,0.993
2025-04-13T21:20:31.000,13.75,-4.91,6.75,18.32,20.3,553,-25.04,14.0,0.992
2025-04-13T21:21:31.000,13.75,-4.92,6.86,18.3,20.3,554,-25.2,15.0,0.992
2025-04-13T21:22:31.000,13.75,-4.88,6.85,18.3,20.3,555,-25.35,15.0,0.992
2025-04-13T21:23:31.000,13.75,-4.84,6.91,18.29,20.3,556,-25.51,15.0,0.992
2025-04-13T21:24:31.000,13.76,-4.83,6.96,18.29,20.3,557,-25.66,15.0,0.992
2025-04-13T21:25:31.000,13.78,-4.81,7.01,18.28,20.3,558,-25.81,15.0,0.992
2025-04-13T21:26:31.000,13.79,-4.85,7.05,18.27,20.3,559,-25.97,15.0,0.992
2025-04-13T21:27:31.000,13.78,-4.98,7.09,18.27,20.3,560,-26.12,15.0,0.992
2025-04-13T21:28:31.000,13.73,-5.0,7.14,18.26,20.3,561,-26.27,16.0,0.992
2025-04-13T21:29:31.000,13.67,-5.06,7.22,18.25,20.3,562,-26.42,16.0,0.992
2025-04-13T21:30:32.000,13.61,-5.1,7.24,18.24,20.3,563,-26.57,16.0,0.992
2025-04-13T21:31:32.000,13.56,-5.14,7.32,18.23,20.3,564,-26.72,16.0,0.992
2025-04-13T21:32:32.000,13.51,-5.23,7.34,18.23,20.3,565,-26.87,16.0,0.992
2025-04-13T21:33:32.000,13.45,-5.29,7.38,18.22,20.3,566,-27.02,16.0,0.992
2025-04-13T21:34:32.000,13.41,-5.29,7.44,18.21,20.3,567,-27.17,16.0,0.992
2025-04-13T21:35:32.000,13.37,-5.37,7.5,18.2,20.3,568,-27.32,17.0,0.992
2025-04-13T21:36:32.000,13.35,-5.32,7.55,18.2,20.3,569,-27.47,17.0,0.992
2025-04-13T21:37:32.000,13.33,-5.32,7.56,18.2,20.3,570,-27.61,17.0,0.992
2025-04-13T21:38:32.000,13.33,-5.32,7.64,18.19,20.3,571,-27.76,17.0,0.992
2025-04-13T21:39:32.000,13.33,-5.32,7.68,18.18,20.3,572,-27.91,17.0,0.992
