ecsv/stars201/stars201_2025-04.ecsv
# %ECSV 1.0
# ---
# datatype:
# - {name: time, datatype: string}
# - {name: Enclosure Temperature, unit: deg_C, datatype: float64}
# - {name: Sky Temperature, unit: deg_C, datatype: float64}
# - {name: Frequency, unit: Hz, datatype: float64}
# - {name: MSAS, unit: mag / arcsec2, datatype: float64}
# - {name: ZP, datatype: float64}
# - {name: Sequence Number, datatype: int64}
# - {name: Sun Alt, unit: deg, datatype: float64}
# - {name: Moon Alt, unit: deg, datatype: float64}
# - {name: Moon Illumination, datatype: float64}
# delimiter: ','
# meta: !!omap
# - ida:
#     Data supplier: {affiliation: null, observer: Miquel Serra}
#     Device type: TESS-W
#     Field of view: 17.0
#     Filters per channel: None
#     Instrument ID: stars201
#     License: ODbL 1.0 http://opendatacommons.org/licenses/odbl/summary/
#     Local timezone: Europe/Madrid
#     Location name: {country: Spain, place: Finca La Cocosa, region: null, sub_region: Badajoz, town: Badajoz}
#     Measurement direction per channel: {azimuth: 0.0, zenital: 0.0}
#     Moving / Fixed look direction: FIXED
#     Moving / Stationary position: STATIONARY
#     Number of channels: 1
#     Number of fields per line: 8
#     Number of header lines: 35
#     Position: {height: 313.0, latitude: 38.7555, longitude: -6.9845}
#     TESS MAC address: 4C:75:25:27:43:56
#     TESS cover offset value: 0.0
#     TESS firmware version: '1.0'
#     TESS zero point: 20.3
#     Time Synchronization: timestamp added by MQTT subscriber
#     URL: http://www.darksky.org/NSBM/sdf1.0.pdf
# - __serialized_columns__:
#     Enclosure Temperature:
#       __class__: astropy.units.quantity.Quantity
#       unit: &id001 !astropy.units.Unit {unit: deg_C}
#       value: !astropy.table.SerializedColumn {name: Enclosure Temperature}
#     Frequency:
#       __class__: astropy.units.quantity.Quantity
#       unit: !astropy.units.Unit {unit: Hz}
#       value: !astropy.table.SerializedColumn {name: Frequency}
#     MSAS:
#       __class__: astropy.units.quantity.Quantity
#       unit: !astropy.units.Unit {unit: mag / arcsec2}
#       value: !astropy.table.SerializedColumn {name: MSAS}
#     Moon Alt:
#       __class__: astropy.units.quantity.Quantity
#       unit: &id002 !astropy.units.Unit {unit: deg}
#       value: !astropy.table.SerializedColumn {name: Moon Alt}
#     Sky Temperature:
#       __class__: astropy.units.quantity.Quantity
#       unit: *id001
#       value: !astropy.table.SerializedColumn {name: Sky Temperature}
#     Sun Alt:
#       __class__: astropy.units.quantity.Quantity
#       unit: *id002
#       value: !astropy.table.SerializedColumn {name: Sun Alt}
#     time:
#       __class__: astropy.time.core.Time
#       format: isot
#       in_subfmt: '*'
#       out_subfmt: '*'
#       precision: 3
#       scale: utc
#       value: !astropy.table.SerializedColumn {name: time}
# schema: astropy-2.0
time,Enclosure Temperature,Sky Temperature,Frequency,MSAS,ZP,Sequence Number,Sun Alt,Moon Alt,Moon Illumination
[from data line 3255]
2025-04-05T20:01:23.000,16.67,7.36,15.8,17.4,20.3,475,-13.28,74.0,0.58
2025-04-05T20:02:23.000,16.66,7.49,15.51,17.41,20.3,476,-13.46,74.0,0.58
2025-04-05T20:03:24.000,16.64,7.58,15.6,17.41,20.3,477,-13.65,74.0,0.58
2025-04-05T20:04:24.000,16.65,7.77,15.57,17.41,20.3,478,-13.83,74.0,0.58
2025-04-05T20:05:24.000,16.65,7.78,15.03,17.45,20.3,479,-14.02,74.0,0.58
2025-04-05T20:06:24.000,16.59,7.76,15.25,17.43,20.3,480,-14.2,74.0,0.58
2025-04-05T20:07:24.000,16.56,7.84,16.17,17.37,20.3,481,-14.38,74.0,0.58
2025-04-05T20:08:24.000,16.52,7.83,16.02,17.38,20.3,482,-14.56,74.0,0.58
2025-04-05T20:09:24.000,16.43,7.84,15.01,17.45,20.3,483,-14.74,73.0,0.58
2025-04-05T20:10:24.000,16.42,8.04,14.16,17.51,20.3,484,-14.93,73.0,0.581
2025-04-05T20:11:24.000,16.4,7.93,13.65,17.55,20.3,485,-15.11,73.0,0.581
2025-04-05T20:12:24.000,16.42,7.96,13.43,17.57,20.3,486,-15.29,73.0,0.581
2025-04-05T20:13:25.000,16.42,7.89,13.45,17.57,20.3,487,-15.47,73.0,0.581
2025-04-05T20:14:25.000,16.44,7.87,13.73,17.55,20.3,488,-15.65,73.0,0.581
2025-04-05T20:15:25.000,16.45,7.65,13.33,17.58,20.3,489,-15.83,73.0,0.581
2025-04-05T20:16:25.000,16.46,7.44,13.13,17.6,20.3,490,-16.02,73.0,0.581
2025-04-05T20:17:25.000,16.49,7.27,13.2,17.59,20.3,491,-16.2,72.0,0.581
2025-04-05T20:18:25.000,16.5,6.95,13.37,17.58,20.3,492,-16.38,72.0,0.581
2025-04-05T20:19:25.000,16.49,6.55,13.92,17.53,20.3,493,-16.55,72.0,0.581
2025-04-05T20:20:25.000,16.34,6.12,14.31,17.5,20.3,494,-16.73,72.0,0.581
2025-04-05T20:21:25.000,16.22,5.84,14.94,17.46,20.3,495,-16.91,72.0,0.581
2025-04-05T20:22:25.000,16.11,5.52,17.23,17.3,20.3,496,-17.09,72.0,0.581
2025-04-05T20:23:25.000,16.0,5.25,18.5,17.22,20.3,497,-17.27,72.0,0.581
2025-04-05T20:24:25.000,15.89,5.06,18.71,17.21,20.3,498,-17.45,71.0,0.582
2025-04-05T20:25:25.000,15.84,4.97,18.79,17.21,20.3,499,-17.63,71.0,0.582
2025-04-05T20:26:26.000,15.79,4.71,21.88,17.05,20.3,500,-17.81,71.0,0.582
2025-04-05T20:27:26.000,15.72,4.43,26.58,16.83,20.3,501,-17.99,71.0,0.582
2025-04-05T20:28:26.000,15.6,4.11,24.84,16.91,20.3,502,-18.16,71.0,0.582
2025-04-05T20:29:26.000,15.49,3.94,22.94,17.0,20.3,503,-18.34,71.0,0.582
2025-04-05T20:30:26.000,15.39,3.85,21.6,17.06,20.3,504,-18.52,71.0,0.582
2025-04-05T20:31:26.000,15.31,3.74,22.02,17.03,20.3,505,-18.69,70.0,0.582
2025-04-05T20:32:26.000,15.17,3.55,23.41,16.97,20.3,506,-18.87,70.0,0.582
2025-04-05T20:33:26.000,15.08,3.29,21.97,17.04,20.3,507,-19.05,70.0,0.582
2025-04-05T20:34:26.000,14.96,3.04,23.68,16.96,20.3,508,-19.22,70.0,0.582
2025-04-05T20:35:26.000,14.88,2.9,19.63,17.17,20.3,509,-19.4,70.0,0.582
2025-04-05T20:36:27.000,14.8,2.9,18.68,17.22,20.3,510,-19.58,70.0,0.582
2025-04-05T20:37:27.000,14.72,2.82,18.39,17.23,20.3,511,-19.75,69.0,0.582
2025-04-05T20:38:27.000,14.65,2.87,18.26,17.24,20.3,512,-19.93,69.0,0.583
2025-04-05T20:39:27.000,14.58,2.95,16.74,17.33,20.3,513,-20.1,69.0,0.583
2025-04-05T20:40:27.000,14.53,3.38,19.58,17.16,20.3,514,-20.28,69.0,0.583
2025-04-05T20:41:27.000,14.51,4.01,19.55,17.17,20.3,515,-20.45,69.0,0.583
2025-04-05T20:42:27.000,14.49,4.77,19.26,17.18,20.3,516,-20.62,69.0,0.583
2025-04-05T20:43:27.000,14.52,5.51,19.38,17.17,20.3,517,-20.8,69.0,0.583
2025-04-05T20:44:27.000,14.55,5.93,18.21,17.24,20.3,518,-20.97,68.0,0.583
2025-04-05T20:45:27.000,14.6,6.16,16.79,17.33,20.3,519,-21.14,68.0,0.583
2025-04-05T20:46:28.000,14.62,6.2,15.02,17.45,20.3,520,-21.32,68.0,0.583
2025-04-05T20:47:29.000,14.63,6.31,15.78,17.4,20.3,521,-21.49,68.0,0.583
2025-04-05T20:48:28.000,14.63,6.47,18.74,17.21,20.3,522,-21.66,68.0,0.583
2025-04-05T20:49:29.000,14.66,6.72,14.26,17.51,20.3,523,-21.83,68.0,0.583
2025-04-05T20:50:29.000,14.68,6.99,15.05,17.45,20.3,524,-22.01,67.0,0.583
2025-04-05T20:51:29.000,14.75,7.23,14.91,17.46,20.3,525,-22.18,67.0,0.583
2025-04-05T20:52:29.000,14.86,7.2,13.36,17.58,20.3,526,-22.35,67.0,0.584
2025-04-05T20:53:29.000,14.93,7.07,12.53,17.65,20.3,527,-22.52,67.0,0.584
2025-04-05T20:54:29.000,15.02,7.08,12.71,17.63,20.3,528,-22.69,67.0,0.584
2025-04-05T20:55:29.000,15.12,7.31,15.66,17.41,20.3,529,-22.86,67.0,0.584
2025-04-05T20:56:29.000,15.23,7.34,19.98,17.14,20.3,530,-23.03,66.0,0.584
2025-04-05T20:57:30.000,15.32,7.32,17.04,17.31,20.3,531,-23.2,66.0,0.584
2025-04-05T20:58:30.000,15.4,7.28,15.31,17.43,20.3,532,-23.37,66.0,0.584
2025-04-05T20:59:30.000,15.47,7.33,14.44,17.49,20.3,533,-23.53,66.0,0.584
2025-04-05T21:00:30.000,15.54,7.36,14.51,17.49,20.3,534,-23.7,66.0,0.584
2025-04-05T21:01:30.000,15.59,7.39,14.7,17.47,20.3,535,-23.87,65.0,0.584
2025-04-05T21:02:30.000,15.61,7.44,15.09,17.44,20.3,536,-24.04,65.0,0.584
2025-04-05T21:03:30.000,15.61,7.51,16.9,17.32,20.3,537,-24.2,65.0,0.584
2025-04-05T21:04:30.000,15.62,7.59,15.66,17.41,20.3,538,-24.37,65.0,0.584
2025-04-05T21:05:30.000,15.62,7.67,20.8,17.1,20.3,539,-24.54,65.0,0.585
2025-04-05T21:06:30.000,15.64,7.77,17.3,17.3,20.3,540,-24.7,65.0,0.585
2025-04-05T21:07:31.000,15.63,7.79,17.15,17.31,20.3,541,-24.87,64.0,0.585
2025-04-05T21:08:31.000,15.61,7.84,15.45,17.42,20.3,542,-25.03,64.0,0.585
2025-04-05T21:09:31.000,15.61,7.96,15.1,17.44,20.3,543,-25.2,64.0,0.585
2025-04-05T21:10:31.000,15.6,8.12,14.83,17.46,20.3,544,-25.36,64.0,0.585
2025-04-05T21:11:31.000,15.61,8.21,14.86,17.46,20.3,545,-25.53,64.0,0.585
2025-04-05T21:12:31.000,15.61,8.22,14.55,17.48,20.3,546,-25.69,64.0,0.585
2025-04-05T21:13:31.000,15.64,8.22,14.63,17.48,20.3,547,-25.85,63.0,0.585
2025-04-05T21:14:31.000,15.65,8.06,13.71,17.55,20.3,548,-26.02,63.0,0.585
2025-04-05T21:15:31.000,15.63,7.75,11.95,17.7,20.3,549,-26.18,63.0,0.585
2025-04-05T21:16:31.000,15.61,7.7,10.86,17.8,20.3,550,-26.34,63.0,0.585
2025-04-05T21:17:32.000,15.6,7.77,10.08,17.88,20.3,551,-26.51,63.0,0.585
2025-04-05T21:18:32.000,15.57,7.85,9.69,17.93,20.3,552,-26.67,62.0,0.585
2025-04-05T21:19:32.000,15.52,8.15,9.79,17.92,20.3,553,-26.83,62.0,0.586
2025-04-05T21:20:32.000,15.48,8.35,10.2,17.87,20.3,554,-26.99,62.0,0.586
2025-04-05T21:21:32.000,15.47,8.57,11.48,17.74,20.3,555,-27.15,62.0,0.586
2025-04-05T21:22:32.000,15.48,8.47,12.77,17.63,20.3,556,-27.31,62.0,0.586
2025-04-05T21:23:32.000,15.48,8.11,13.87,17.54,20.3,557,-27.47,62.0,0.586
2025-04-05T21:24:32.000,15.43,7.63,14.42,17.49,20.3,558,-27.62,61.0,0.586
2025-04-05T21:25:32.000,15.4,7.53,14.47,17.49,20.3,559,-27.78,61.0,0.586
2025-04-05T21:26:32.000,15.35,7.85,14.84,17.46,20.3,560,-27.94,61.0,0.586
2025-04-05T21:27:32.000,15.32,8.54,14.79,17.47,20.3,561,-28.1,61.0,0.586
2025-04-05T21:28:32.000,15.29,9.13,13.57,17.56,20.3,562,-28.25,61.0,0.586
2025-04-05T21:29:32.000,15.33,9.74,11.8,17.71,20.3,563,-28.41,61.0,0.586
2025-04-05T21:30:33.000,15.34,9.89,10.84,17.8,20.3,564,-28.57,60.0,0.586
2025-04-05T21:31:33.000,15.34,9.95,10.3,17.86,20.3,565,-28.72,60.0,0.586
2025-04-05T21:32:33.000,15.31,9.96,9.44,17.96,20.3,566,-28.88,60.0,0.586
2025-04-05T21:33:33.000,15.33,10.03,8.57,18.06,20.3,567,-29.03,60.0,0.587
2025-04-05T21:34:33.000,15.34,9.96,8.39,18.08,20.3,568,-29.19,60.0,0.587
2025-04-05T21:35:33.000,15.37,9.95,9.3,17.97,20.3,569,-29.34,59.0,0.587
2025-04-05T21:36:33.000,15.41,9.96,9.85,17.91,20.3,570,-29.49,59.0,0.587
2025-04-05T21:37:33.000,15.5,9.87,11.5,17.74,20.3,571,-29.65,59.0,0.587
2025-04-05T21:38:33.000,15.57,9.7,12.4,17.66,20.3,572,-29.8,59.0,0.587
2025-04-05T21:39:33.000,15.59,9.59,11.4,17.75,20.3,573,-29.95,59.0,0.587
2025-04-05T21:40:33.000,15.65,9.32,9.74,17.92,20.3,574,-30.1,58.0,0.587
2025-04-05T21:41:34.000,15.67,8.95,9.18,17.99,20.3,575,-30.26,58.0,0.587
2025-04-05T21:42:34.000,15.67,8.5,9.74,17.92,20.3,576,-30.41,58.0,0.587
2025-04-05T21:43:34.000,15.66,8.24,10.76,17.81,20.3,577,-30.56,58.0,0.587
2025-04-05T21:44:34.000,15.65,8.02,11.28,17.76,20.3,578,-30.71,58.0,0.587
2025-04-05T21:45:34.000,15.59,7.68,11.23,17.77,20.3,579,-30.85,58.0,0.587
2025-04-05T21:46:34.000,15.5,7.8,10.5,17.84,20.3,580,-31.0,57.0,0.587
2025-04-05T21:47:34.000,15.46,8.0,10.09,17.88,20.3,581,-31.15,57.0,0.588
2025-04-05T21:48:34.000,15.42,8.08,10.04,17.89,20.3,582,-31.3,57.0,0.588
2025-04-05T21:49:34.000,15.38,8.07,10.36,17.85,20.3,583,-31.44,57.0,0.588
2025-04-05T21:50:34.000,15.34,8.14,10.98,17.79,20.3,584,-31.59,57.0,0.588
2025-04-05T21:51:34.000,15.37,8.21,11.69,17.72,20.3,585,-31.74,56.0,0.588
2025-04-05T21:52:35.000,15.35,7.94,12.15,17.68,20.3,586,-31.88,56.0,0.588
2025-04-05T21:53:35.000,15.31,7.93,12.12,17.68,20.3,587,-32.03,56.0,0.588
2025-04-05T21:54:35.000,15.27,7.82,12.41,17.66,20.3,588,-32.17,56.0,0.588
2025-04-05T21:55:35.000,15.23,7.92,11.72,17.72,20.3,589,-32.32,56.0,0.588
2025-04-05T21:56:35.000,15.2,7.9,11.56,17.73,20.3,590,-32.46,55.0,0.588
2025-04-05T21:57:35.000,15.18,7.97,11.55,17.74,20.3,591,-32.6,55.0,0.588
2025-04-05T21:58:35.000,15.16,7.99,11.26,17.76,20.3,592,-32.74,55.0,0.588
2025-04-05T21:59:35.000,15.15,8.16,10.73,17.82,20.3,593,-32.88,55.0,0.588
2025-04-05T22:00:35.000,15.16,8.32,10.48,17.84,20.3,594,-33.02,55.0,0.588
2025-04-05T22:01:35.000,15.18,8.34,10.36,17.85,20.3,595,-33.16,55.0,0.589
2025-04-05T22:02:35.000,15.16,8.38,10.12,17.88,20.3,596,-33.3,54.0,0.589
2025-04-05T22:03:35.000,15.17,8.5,9.54,17.94,20.3,597,-33.44,54.0,0.589
2025-04-05T22:04:36.000,15.2,8.58,8.86,18.02,20.3,598,-33.58,54.0,0.589
2025-04-05T22:05:36.000,15.17,8.49,8.42,18.08,20.3,599,-33.72,54.0,0.589
2025-04-05T22:06:36.000,15.16,8.54,8.04,18.13,20.3,600,-33.86,54.0,0.589
2025-04-05T22:07:36.000,15.17,8.56,7.88,18.15,20.3,601,-33.99,53.0,0.589
2025-04-05T22:08:36.000,15.13,8.52,7.7,18.18,20.3,602,-34.13,53.0,0.589
2025-04-05T22:09:36.000,15.11,8.53,7.47,18.21,20.3,603,-34.27,53.0,0.589
2025-04-05T22:10:36.000,15.1,8.66,7.29,18.24,20.3,604,-34.4,53.0,0.589
2025-04-05T22:11:36.000,15.09,8.74,7.18,18.25,20.3,605,-34.53,53.0,0.589
2025-04-05T22:12:36.000,15.03,8.58,7.18,18.25,20.3,606,-34.67,52.0,0.589
2025-04-05T22:13:37.000,14.99,8.79,7.31,18.23,20.3,607,-34.8,52.0,0.589
2025-04-05T22:14:37.000,14.98,8.87,7.47,18.21,20.3,608,-34.93,52.0,0.589
2025-04-05T22:15:37.000,14.91,9.1,7.63,18.19,20.3,609,-35.07,52.0,0.59
2025-04-05T22:16:37.000,14.81,9.49,7.76,18.17,20.3,610,-35.2,52.0,0.59
2025-04-05T22:17:37.000,14.71,9.86,7.75,18.17,20.3,611,-35.33,52.0,0.59
2025-04-05T22:18:37.000,14.51,9.72,7.58,18.19,20.3,612,-35.46,51.0,0.59
2025-04-05T22:19:37.000,14.38,10.32,7.5,18.2,20.3,613,-35.59,51.0,0.59
2025-04-05T22:20:37.000,14.23,11.3,7.5,18.21,20.3,614,-35.71,51.0,0.59
2025-04-05T22:21:37.000,14.25,12.07,7.46,18.21,20.3,615,-35.84,51.0,0.59
2025-04-05T22:22:37.000,14.15,11.54,7.44,18.21,20.3,616,-35.97,51.0,0.59
2025-04-05T22:23:37.000,14.07,11.79,7.33,18.23,20.3,617,-36.09,50.0,0.59
2025-04-05T22:24:38.000,14.14,12.11,7.19,18.25,20.3,618,-36.22,50.0,0.59
2025-04-05T22:25:38.000,14.19,12.1,7.02,18.28,20.3,619,-36.35,50.0,0.59
2025-04-05T22:26:38.000,14.22,12.1,6.9,18.3,20.3,620,-36.47,50.0,0.59
2025-04-05T22:27:38.000,14.25,12.21,6.75,18.32,20.3,621,-36.59,50.0,0.59
2025-04-05T22:28:38.000,14.24,12.04,6.45,18.37,20.3,622,-36.72,49.0,0.59
2025-04-05T22:29:38.000,14.24,12.25,6.21,18.41,20.3,623,-36.84,49.0,0.591
2025-04-05T22:30:38.000,14.32,12.6,5.88,18.47,20.3,624,-36.96,49.0,0.591
2025-04-05T22:31:38.000,14.45,12.87,5.58,18.53,20.3,625,-37.08,49.0,0.591
2025-04-05T22:32:38.000,14.56,12.87,5.54,18.54,20.3,626,-37.2,49.0,0.591
2025-04-05T22:33:38.000,14.58,12.61,5.63,18.52,20.3,627,-37.32,48.0,0.591
2025-04-05T22:34:38.000,14.49,12.35,5.69,18.51,20.3,628,-37.44,48.0,0.591
2025-04-05T22:35:38.000,14.42,12.26,5.7,18.51,20.3,629,-37.55,48.0,0.591
2025-04-05T22:36:39.000,14.35,12.23,5.66,18.51,20.3,630,-37.67,48.0,0.591
2025-04-05T22:37:39.000,14.34,12.35,5.79,18.49,20.3,631,-37.79,48.0,0.591
2025-04-05T22:38:39.000,14.3,12.14,5.96,18.46,20.3,632,-37.9,48.0,0.591
2025-04-05T22:39:39.000,14.25,12.03,5.92,18.46,20.3,633,-38.02,47.0,0.591
2025-04-05T22:40:39.000,14.17,11.77,6.04,18.44,20.3,634,-38.13,47.0,0.591
2025-04-05T22:41:39.000,14.06,11.63,6.06,18.44,20.3,635,-38.24,47.0,0.591
2025-04-05T22:42:39.000,13.97,11.52,6.22,18.41,20.3,636,-38.36,47.0,0.591
2025-04-05T22:43:39.000,13.91,11.5,6.34,18.39,20.3,637,-38.47,47.0,0.592
2025-04-05T22:44:39.000,13.84,11.35,6.45,18.37,20.3,638,-38.58,46.0,0.592
2025-04-05T22:45:39.000,13.82,11.58,6.54,18.35,20.3,639,-38.69,46.0,0.592
2025-04-05T22:46:39.000,13.82,11.5,6.54,18.35,20.3,640,-38.8,46.0,0.592
2025-04-05T22:47:39.000,13.8,11.39,6.57,18.35,20.3,641,-38.91,46.0,0.592
2025-04-05T22:48:39.000,13.79,11.4,6.56,18.35,20.3,642,-39.01,46.0,0.592
2025-04-05T22:49:39.000,13.8,11.48,6.55,18.35,20.3,643,-39.12,45.0,0.592
2025-04-05T22:50:40.000,13.81,11.41,6.6,18.34,20.3,644,-39.23,45.0,0.592
2025-04-05T22:51:40.000,13.78,11.24,6.6,18.34,20.3,645,-39.33,45.0,0.592
2025-04-05T22:52:40.000,13.79,11.44,6.59,18.35,20.3,646,-39.44,45.0,0.592
2025-04-05T22:53:40.000,13.82,11.34,6.5,18.36,20.3,647,-39.54,45.0,0.592
2025-04-05T22:54:40.000,13.93,11.55,6.37,18.38,20.3,648,-39.64,44.0,0.592
2025-04-05T22:55:40.000,13.95,11.27,6.22,18.41,20.3,649,-39.74,44.0,0.592
2025-04-05T22:56:40.000,13.9,11.1,6.17,18.42,20.3,650,-39.84,44.0,0.592
2025-04-05T22:57:40.000,13.84,10.95,6.14,18.42,20.3,651,-39.94,44.0,0.593
2025-04-05T22:58:40.000,13.85,10.82,6.08,18.43,20.3,652,-40.04,44.0,0.593
2025-04-05T22:59:40.000,13.83,10.8,6.1,18.43,20.3,653,-40.14,44.0,0.593
2025-04-05T23:00:40.000,13.92,11.0,6.21,18.41,20.3,654,-40.24,43.0,0.593
2025-04-05T23:01:41.000,13.93,10.81,6.31,18.39,20.3,655,-40.33,43.0,0.593
2025-04-05T23:02:41.000,13.92,10.64,6.35,18.39,20.3,656,-40.43,43.0,0.593
2025-04-05T23:03:41.000,13.9,10.59,6.39,18.38,20.3,657,-40.52,43.0,0.593
2025-04-05T23:04:41.000,13.9,10.53,6.37,18.38,20.3,658,-40.62,43.0,0.593
2025-04-05T23:05:41.000,13.9,10.35,6.4,18.38,20.3,659,-40.71,42.0,0.593
2025-04-05T23:06:41.000,13.87,9.99,6.42,18.38,20.3,660,-40.8,42.0,0.593
2025-04-05T23:07:41.000,13.84,9.89,6.49,18.36,20.3,661,-40.89,42.0,0.593
2025-04-05T23:08:41.000,13.88,9.96,6.47,18.37,20.3,662,-40.98,42.0,0.593
2025-04-05T23:09:41.000,13.92,9.81,6.49,18.36,20.3,663,-41.07,42.0,0.593
2025-04-05T23:10:41.000,13.95,9.83,6.65,18.34,20.3,664,-41.16,41.0,0.593
2025-04-05T23:11:42.000,13.97,9.73,6.73,18.32,20.3,665,-41.25,41.0,0.594
2025-04-05T23:12:42.000,14.0,9.69,6.79,18.31,20.3,666,-41.33,41.0,0.594
2025-04-05T23:13:42.000,13.98,9.38,6.84,18.31,20.3,667,-41.42,41.0,0.594
2025-04-05T23:14:42.000,13.94,9.27,6.98,18.28,20.3,668,-41.5,41.0,0.594
2025-04-05T23:15:42.000,13.91,9.08,7.06,18.27,20.3,669,-41.59,40.0,0.594
2025-04-05T23:16:42.000,13.86,9.0,7.22,18.25,20.3,670,-41.67,40.0,0.594
2025-04-05T23:17:42.000,13.82,8.73,7.28,18.24,20.3,671,-41.75,40.0,0.594
2025-04-05T23:18:42.000,13.76,8.77,7.27,18.24,20.3,672,-41.83,40.0,0.594
2025-04-05T23:19:42.000,13.77,8.81,7.23,18.25,20.3,673,-41.91,40.0,0.594
2025-04-05T23:20:42.000,13.77,8.76,7.26,18.24,20.3,674,-41.99,39.0,0.594
2025-04-05T23:21:42.000,13.75,8.73,7.18,18.25,20.3,675,-42.06,39.0,0.594
2025-04-05T23:22:42.000,13.77,8.86,6.95,18.29,20.3,676,-42.14,39.0,0.594
2025-04-05T23:23:42.000,13.79,8.75,7.15,18.26,20.3,677,-42.22,39.0,0.594
2025-04-05T23:24:42.000,13.8,8.72,7.29,18.24,20.3,678,-42.29,39.0,0.595
2025-04-05T23:25:43.000,13.78,8.62,7.13,18.26,20.3,679,-42.36,39.0,0.595
2025-04-05T23:26:43.000,13.77,8.61,7.02,18.28,20.3,680,-42.44,38.0,0.595
2025-04-05T23:27:43.000,13.78,8.69,7.1,18.27,20.3,681,-42.51,38.0,0.595
2025-04-05T23:28:43.000,13.77,8.43,7.03,18.28,20.3,682,-42.58,38.0,0.595
2025-04-05T23:29:43.000,13.75,8.38,6.98,18.28,20.3,683,-42.65,38.0,0.595
2025-04-05T23:30:43.000,13.73,8.24,7.05,18.27,20.3,684,-42.72,38.0,0.595
2025-04-05T23:31:43.000,13.7,8.15,7.27,18.24,20.3,685,-42.78,37.0,0.595
2025-04-05T23:32:44.000,13.68,8.02,7.11,18.26,20.3,686,-42.85,37.0,0.595
2025-04-05T23:33:44.000,13.63,7.87,6.8,18.31,20.3,687,-42.92,37.0,0.595
2025-04-05T23:34:44.000,13.62,7.83,6.6,18.34,20.3,688,-42.98,37.0,0.595
2025-04-05T23:35:44.000,13.62,7.84,6.72,18.33,20.3,689,-43.04,37.0,0.595
2025-04-05T23:36:44.000,13.67,7.88,6.87,18.3,20.3,690,-43.1,36.0,0.595
2025-04-05T23:37:44.000,13.73,7.83,6.93,18.29,20.3,691,-43.16,36.0,0.595
2025-04-05T23:38:44.000,13.78,7.76,6.88,18.3,20.3,692,-43.22,36.0,0.596
