ecsv/stars73/stars73_2024-04.ecsv
# %ECSV 1.0
# ---
# datatype:
# - {name: time, datatype: string}
# - {name: Enclosure Temperature, unit: deg_C, datatype: float64}
# - {name: Sky Temperature, unit: deg_C, datatype: float64}
# - {name: Frequency, unit: Hz, datatype: float64}
# - {name: MSAS, unit: mag / arcsec2, datatype: float64}
# - {name: ZP, datatype: float64}
# - {name: Sequence Number, datatype: int64}
# - {name: Sun Alt, unit: deg, datatype: float64}
# - {name: Moon Alt, unit: deg, datatype: float64}
# - {name: Moon Illumination, datatype: float64}
# delimiter: ','
# meta: !!omap
# - ida:
#     Data supplier: {affiliation: ACTUEL, observer: null}
#     Device type: TESS-W
#     Field of view: 17.0
#     Filters per channel: None
#     Instrument ID: stars73
#     License: ODbL 1.0 http://opendatacommons.org/licenses/odbl/summary/
#     Local timezone: Europe/Madrid
#     Location name: {country: "- Observatorio Astron\xF3mico de San Blas", place: Teruel, region: Spain, sub_region: Aragon, town: Teruel}
#     Measurement direction per channel: {azimuth: 0.0, zenital: 0.0}
#     Moving / Fixed look direction: FIXED
#     Moving / Stationary position: STATIONARY
#     Number of channels: 1
#     Number of fields per line: 8
#     Number of header lines: 35
#     Position: {height: 0.0, latitude: 40.349958, longitude: -1.170225}
#     TESS MAC address: 18:FE:34:D3:47:17
#     TESS cover offset value: 0.0
#     TESS firmware version: Unknown
#     TESS zero point: 0.0
#     Time Synchronization: timestamp added by MQTT subscriber
#     URL: http://www.darksky.org/NSBM/sdf1.0.pdf
# - __serialized_columns__:
#     Enclosure Temperature:
#       __class__: astropy.units.quantity.Quantity
#       unit: &id001 !astropy.units.Unit {unit: deg_C}
#       value: !astropy.table.SerializedColumn {name: Enclosure Temperature}
#     Frequency:
#       __class__: astropy.units.quantity.Quantity
#       unit: !astropy.units.Unit {unit: Hz}
#       value: !astropy.table.SerializedColumn {name: Frequency}
#     MSAS:
#       __class__: astropy.units.quantity.Quantity
#       unit: !astropy.units.Unit {unit: mag / arcsec2}
#       value: !astropy.table.SerializedColumn {name: MSAS}
#     Moon Alt:
#       __class__: astropy.units.quantity.Quantity
#       unit: &id002 !astropy.units.Unit {unit: deg}
#       value: !astropy.table.SerializedColumn {name: Moon Alt}
#     Sky Temperature:
#       __class__: astropy.units.quantity.Quantity
#       unit: *id001
#       value: !astropy.table.SerializedColumn {name: Sky Temperature}
#     Sun Alt:
#       __class__: astropy.units.quantity.Quantity
#       unit: *id002
#       value: !astropy.table.SerializedColumn {name: Sun Alt}
#     time:
#       __class__: astropy.time.core.Time
#       format: isot
#       in_subfmt: '*'
#       out_subfmt: '*'
#       precision: 3
#       scale: utc
#       value: !astropy.table.SerializedColumn {name: time}
# schema: astropy-2.0
time,Enclosure Temperature,Sky Temperature,Frequency,MSAS,ZP,Sequence Number,Sun Alt,Moon Alt,Moon Illumination
[from data line 7483]
2024-04-11T23:58:30.000,11.05,-16.01,0.62,20.52,0.0,25390,-40.84,-13.0,0.141
2024-04-11T23:59:30.000,11.07,-15.9,0.62,20.52,0.0,25391,-40.85,-13.0,0.141
2024-04-12T00:00:30.000,10.96,-15.47,0.62,20.52,0.0,25392,-40.85,-13.0,0.141
2024-04-12T00:01:30.000,10.47,-16.95,0.62,20.52,0.0,25393,-40.86,-14.0,0.141
2024-04-12T00:02:30.000,9.82,-17.08,0.62,20.52,0.0,25394,-40.86,-14.0,0.141
2024-04-12T00:03:30.000,9.69,-17.01,0.62,20.53,0.0,25395,-40.86,-14.0,0.141
2024-04-12T00:04:30.000,10.18,-17.26,0.62,20.53,0.0,25396,-40.87,-14.0,0.141
2024-04-12T00:05:30.000,10.7,-16.94,0.61,20.53,0.0,25397,-40.87,-14.0,0.141
2024-04-12T00:06:30.000,10.9,-16.52,0.62,20.53,0.0,25398,-40.87,-14.0,0.141
2024-04-12T00:07:30.000,10.93,-16.09,0.62,20.53,0.0,25399,-40.86,-14.0,0.141
2024-04-12T00:08:30.000,10.73,-16.13,0.62,20.53,0.0,25400,-40.86,-14.0,0.142
2024-04-12T00:09:30.000,10.51,-15.65,0.61,20.53,0.0,25401,-40.86,-14.0,0.142
2024-04-12T00:10:30.000,10.22,-15.95,0.62,20.53,0.0,25402,-40.85,-15.0,0.142
2024-04-12T00:11:30.000,9.9,-16.05,0.62,20.53,0.0,25403,-40.84,-15.0,0.142
2024-04-12T00:12:31.000,9.92,-16.39,0.62,20.53,0.0,25404,-40.84,-15.0,0.142
2024-04-12T00:13:31.000,10.44,-16.42,0.62,20.53,0.0,25405,-40.83,-15.0,0.142
2024-04-12T00:14:31.000,10.82,-15.99,0.61,20.53,0.0,25406,-40.82,-15.0,0.142
2024-04-12T00:15:31.000,10.96,-16.06,0.61,20.53,0.0,25407,-40.81,-15.0,0.142
2024-04-12T00:16:31.000,10.82,-15.63,0.61,20.53,0.0,25408,-40.8,-15.0,0.142
2024-04-12T00:17:31.000,10.68,-15.42,0.61,20.53,0.0,25409,-40.78,-15.0,0.142
2024-04-12T00:18:31.000,10.45,-15.38,0.61,20.53,0.0,25410,-40.77,-15.0,0.142
2024-04-12T00:19:31.000,10.17,-15.44,0.62,20.53,0.0,25411,-40.76,-16.0,0.142
2024-04-12T00:20:31.000,9.92,-15.3,0.61,20.53,0.0,25412,-40.74,-16.0,0.142
2024-04-12T00:21:31.000,10.07,-15.97,0.61,20.53,0.0,25413,-40.72,-16.0,0.142
2024-04-12T00:22:31.000,10.12,-17.25,0.61,20.53,0.0,25414,-40.7,-16.0,0.142
2024-04-12T00:23:31.000,9.98,-17.04,0.61,20.53,0.0,25415,-40.68,-16.0,0.142
2024-04-12T00:24:31.000,9.88,-17.64,0.61,20.53,0.0,25416,-40.66,-16.0,0.142
2024-04-12T00:25:31.000,10.35,-17.17,0.61,20.53,0.0,25417,-40.64,-16.0,0.142
2024-04-12T00:26:32.000,10.68,-17.1,0.61,20.53,0.0,25418,-40.62,-16.0,0.142
2024-04-12T00:27:32.000,10.54,-17.45,0.61,20.53,0.0,25419,-40.6,-16.0,0.143
2024-04-12T00:28:32.000,10.26,-16.81,0.61,20.53,0.0,25420,-40.57,-16.0,0.143
2024-04-12T00:29:32.000,9.91,-16.82,0.61,20.53,0.0,25421,-40.55,-17.0,0.143
2024-04-12T00:30:33.000,9.97,-16.53,0.61,20.53,0.0,25422,-40.52,-17.0,0.143
2024-04-12T00:31:32.000,10.46,-16.5,0.61,20.53,0.0,25423,-40.49,-17.0,0.143
2024-04-12T00:32:32.000,10.88,-15.41,0.61,20.54,0.0,25424,-40.46,-17.0,0.143
2024-04-12T00:33:32.000,11.15,-15.15,0.61,20.54,0.0,25425,-40.43,-17.0,0.143
2024-04-12T00:34:32.000,11.17,-15.2,0.61,20.54,0.0,25426,-40.4,-17.0,0.143
2024-04-12T00:35:32.000,10.96,-15.49,0.61,20.54,0.0,25427,-40.37,-17.0,0.143
2024-04-12T00:36:33.000,10.58,-15.82,0.61,20.54,0.0,25428,-40.34,-17.0,0.143
2024-04-12T00:37:32.000,10.19,-15.73,0.61,20.55,0.0,25429,-40.3,-17.0,0.143
2024-04-12T00:38:33.000,9.9,-15.56,0.61,20.54,0.0,25430,-40.27,-17.0,0.143
2024-04-12T00:39:33.000,10.15,-15.55,0.6,20.55,0.0,25431,-40.23,-18.0,0.143
2024-04-12T00:40:33.000,10.56,-15.42,0.6,20.55,0.0,25432,-40.19,-18.0,0.143
2024-04-12T00:41:33.000,10.77,-15.35,0.6,20.55,0.0,25433,-40.15,-18.0,0.143
2024-04-12T00:42:33.000,10.46,-16.9,0.6,20.56,0.0,25434,-40.11,-18.0,0.143
2024-04-12T00:43:33.000,9.87,-17.05,0.6,20.55,0.0,25435,-40.07,-18.0,0.143
2024-04-12T00:44:33.000,9.67,-17.63,0.6,20.56,0.0,25436,-40.03,-18.0,0.143
2024-04-12T00:45:33.000,10.1,-17.55,0.6,20.56,0.0,25437,-39.99,-18.0,0.144
2024-04-12T00:46:33.000,10.68,-16.97,0.6,20.56,0.0,25438,-39.95,-18.0,0.144
2024-04-12T00:47:33.000,11.0,-16.74,0.59,20.57,0.0,25439,-39.9,-18.0,0.144
2024-04-12T00:48:33.000,10.84,-16.87,0.6,20.56,0.0,25440,-39.86,-18.0,0.144
2024-04-12T00:49:33.000,10.52,-16.77,0.59,20.57,0.0,25441,-39.81,-18.0,0.144
2024-04-12T00:51:33.000,9.76,-17.0,0.59,20.57,0.0,25443,-39.71,-19.0,0.144
2024-04-12T00:52:33.000,10.1,-16.91,0.59,20.57,0.0,25444,-39.66,-19.0,0.144
2024-04-12T00:53:33.000,10.57,-17.2,0.59,20.57,0.0,25445,-39.61,-19.0,0.144
2024-04-12T00:54:33.000,10.71,-16.88,0.59,20.56,0.0,25446,-39.56,-19.0,0.144
2024-04-12T00:55:34.000,10.47,-17.24,0.59,20.57,0.0,25447,-39.51,-19.0,0.144
2024-04-12T00:56:34.000,10.05,-17.22,0.59,20.57,0.0,25448,-39.45,-19.0,0.144
2024-04-12T00:57:34.000,9.85,-16.95,0.59,20.57,0.0,25449,-39.4,-19.0,0.144
2024-04-12T00:58:34.000,10.33,-16.46,0.59,20.57,0.0,25450,-39.34,-19.0,0.144
2024-04-12T00:59:34.000,10.83,-16.69,0.59,20.57,0.0,25451,-39.29,-19.0,0.144
2024-04-12T01:00:34.000,10.94,-16.18,0.59,20.57,0.0,25452,-39.23,-19.0,0.144
2024-04-12T01:01:34.000,10.87,-16.01,0.59,20.58,0.0,25453,-39.17,-20.0,0.144
2024-04-12T01:02:34.000,10.59,-15.93,0.59,20.58,0.0,25454,-39.11,-20.0,0.144
2024-04-12T01:03:34.000,10.27,-16.05,0.59,20.58,0.0,25455,-39.05,-20.0,0.145
2024-04-12T01:04:34.000,9.82,-16.5,0.59,20.58,0.0,25456,-38.99,-20.0,0.145
2024-04-12T01:05:34.000,9.79,-16.85,0.58,20.58,0.0,25457,-38.93,-20.0,0.145
2024-04-12T01:06:34.000,10.32,-16.98,0.58,20.58,0.0,25458,-38.86,-20.0,0.145
2024-04-12T01:07:34.000,10.71,-17.16,0.58,20.58,0.0,25459,-38.8,-20.0,0.145
2024-04-12T01:08:34.000,10.66,-17.38,0.58,20.58,0.0,25460,-38.73,-20.0,0.145
2024-04-12T01:09:34.000,10.24,-17.7,0.58,20.59,0.0,25461,-38.67,-20.0,0.145
2024-04-12T01:10:34.000,9.86,-17.2,0.58,20.58,0.0,25462,-38.6,-20.0,0.145
2024-04-12T01:11:34.000,9.94,-17.74,0.58,20.59,0.0,25463,-38.53,-20.0,0.145
2024-04-12T01:12:35.000,10.25,-17.98,0.58,20.59,0.0,25464,-38.46,-20.0,0.145
2024-04-12T01:13:35.000,10.46,-17.44,0.58,20.59,0.0,25465,-38.39,-20.0,0.145
2024-04-12T01:14:35.000,10.37,-17.14,0.58,20.59,0.0,25466,-38.32,-21.0,0.145
2024-04-12T01:15:35.000,10.23,-16.33,0.58,20.59,0.0,25467,-38.25,-21.0,0.145
2024-04-12T01:16:35.000,10.16,-15.55,0.58,20.59,0.0,25468,-38.17,-21.0,0.145
2024-04-12T01:17:35.000,10.01,-15.72,0.58,20.6,0.0,25469,-38.1,-21.0,0.145
2024-04-12T01:18:35.000,10.09,-15.7,0.58,20.59,0.0,25470,-38.03,-21.0,0.145
2024-04-12T01:19:35.000,10.4,-15.94,0.58,20.59,0.0,25471,-37.95,-21.0,0.145
2024-04-12T01:20:35.000,10.51,-15.66,0.58,20.59,0.0,25472,-37.87,-21.0,0.145
2024-04-12T01:21:35.000,10.28,-16.62,0.58,20.59,0.0,25473,-37.8,-21.0,0.146
2024-04-12T01:22:35.000,9.74,-17.16,0.58,20.6,0.0,25474,-37.72,-21.0,0.146
2024-04-12T01:23:35.000,9.69,-17.37,0.58,20.59,0.0,25475,-37.64,-21.0,0.146
2024-04-12T01:24:35.000,10.21,-17.61,0.58,20.6,0.0,25476,-37.56,-21.0,0.146
2024-04-12T01:25:35.000,10.62,-17.61,0.58,20.6,0.0,25477,-37.48,-21.0,0.146
2024-04-12T01:26:35.000,10.72,-16.97,0.58,20.6,0.0,25478,-37.4,-21.0,0.146
2024-04-12T01:27:35.000,10.55,-16.99,0.58,20.6,0.0,25479,-37.31,-21.0,0.146
2024-04-12T01:28:36.000,10.15,-16.91,0.58,20.6,0.0,25480,-37.23,-22.0,0.146
2024-04-12T01:29:36.000,9.74,-17.14,0.57,20.6,0.0,25481,-37.14,-22.0,0.146
2024-04-12T01:30:36.000,9.75,-17.73,0.57,20.6,0.0,25482,-37.06,-22.0,0.146
2024-04-12T01:31:36.000,10.31,-17.5,0.57,20.6,0.0,25483,-36.97,-22.0,0.146
2024-04-12T01:32:36.000,10.7,-17.64,0.57,20.6,0.0,25484,-36.88,-22.0,0.146
2024-04-12T01:33:36.000,10.76,-17.38,0.57,20.6,0.0,25485,-36.8,-22.0,0.146
2024-04-12T01:34:36.000,10.47,-17.29,0.57,20.6,0.0,25486,-36.71,-22.0,0.146
2024-04-12T01:35:36.000,10.13,-16.94,0.57,20.6,0.0,25487,-36.62,-22.0,0.146
2024-04-12T01:36:36.000,9.8,-16.89,0.57,20.6,0.0,25488,-36.53,-22.0,0.146
2024-04-12T01:37:36.000,10.06,-17.11,0.58,20.6,0.0,25489,-36.44,-22.0,0.146
2024-04-12T01:38:36.000,10.59,-16.36,0.58,20.6,0.0,25490,-36.34,-22.0,0.146
2024-04-12T01:39:36.000,11.06,-15.94,0.58,20.6,0.0,25491,-36.25,-22.0,0.147
2024-04-12T01:40:36.000,11.19,-15.66,0.57,20.6,0.0,25492,-36.16,-22.0,0.147
2024-04-12T01:41:36.000,11.01,-15.97,0.57,20.6,0.0,25493,-36.06,-22.0,0.147
2024-04-12T01:42:36.000,10.41,-17.27,0.58,20.6,0.0,25494,-35.97,-22.0,0.147
2024-04-12T01:43:36.000,9.67,-17.51,0.57,20.6,0.0,25495,-35.87,-22.0,0.147
2024-04-12T01:44:36.000,9.36,-18.59,0.58,20.6,0.0,25496,-35.77,-23.0,0.147
2024-04-12T01:45:37.000,9.71,-18.43,0.58,20.6,0.0,25497,-35.67,-23.0,0.147
2024-04-12T01:46:37.000,10.45,-18.38,0.58,20.6,0.0,25498,-35.57,-23.0,0.147
2024-04-12T01:47:37.000,10.86,-18.03,0.58,20.6,0.0,25499,-35.47,-23.0,0.147
2024-04-12T01:48:37.000,10.9,-17.55,0.58,20.6,0.0,25500,-35.37,-23.0,0.147
2024-04-12T01:49:37.000,10.75,-16.64,0.58,20.6,0.0,25501,-35.27,-23.0,0.147
2024-04-12T01:53:37.000,9.88,-17.26,0.58,20.6,0.0,25505,-34.86,-23.0,0.147
2024-04-12T01:56:37.000,10.94,-16.52,0.58,20.59,0.0,25508,-34.54,-23.0,0.147
2024-04-12T01:58:38.000,10.48,-16.2,0.59,20.58,0.0,25510,-34.33,-23.0,0.148
2024-04-12T01:59:38.000,10.22,-15.92,0.59,20.57,0.0,25511,-34.22,-23.0,0.148
2024-04-12T02:01:38.000,9.71,-16.79,0.59,20.58,0.0,25513,-34.0,-23.0,0.148
2024-04-12T02:02:38.000,10.43,-16.21,0.58,20.59,0.0,25514,-33.89,-23.0,0.148
2024-04-12T02:03:38.000,11.1,-16.25,0.58,20.59,0.0,25515,-33.78,-23.0,0.148
2024-04-12T02:04:38.000,11.26,-16.68,0.58,20.6,0.0,25516,-33.66,-24.0,0.148
2024-04-12T02:05:38.000,11.06,-16.62,0.58,20.6,0.0,25517,-33.55,-24.0,0.148
2024-04-12T02:06:38.000,10.66,-16.78,0.58,20.6,0.0,25518,-33.44,-24.0,0.148
2024-04-12T02:07:38.000,10.11,-17.07,0.57,20.6,0.0,25519,-33.32,-24.0,0.148
2024-04-12T02:08:38.000,9.47,-17.97,0.57,20.6,0.0,25520,-33.21,-24.0,0.148
2024-04-12T02:09:38.000,9.4,-18.73,0.57,20.61,0.0,25521,-33.09,-24.0,0.148
2024-04-12T02:10:38.000,9.67,-19.49,0.57,20.61,0.0,25522,-32.98,-24.0,0.148
2024-04-12T02:11:39.000,10.39,-18.95,0.57,20.6,0.0,25523,-32.86,-24.0,0.148
2024-04-12T02:12:39.000,10.75,-19.0,0.58,20.6,0.0,25524,-32.74,-24.0,0.148
2024-04-12T02:13:39.000,10.63,-19.07,0.57,20.61,0.0,25525,-32.62,-24.0,0.148
2024-04-12T02:14:39.000,10.16,-18.88,0.57,20.61,0.0,25526,-32.5,-24.0,0.148
2024-04-12T02:15:39.000,9.76,-18.36,0.57,20.61,0.0,25527,-32.38,-24.0,0.149
2024-04-12T02:16:39.000,9.95,-18.29,0.57,20.61,0.0,25528,-32.26,-24.0,0.149
2024-04-12T02:17:39.000,10.6,-17.52,0.57,20.61,0.0,25529,-32.14,-24.0,0.149
2024-04-12T02:18:39.000,11.1,-16.9,0.57,20.61,0.0,25530,-32.02,-24.0,0.149
2024-04-12T02:19:39.000,11.28,-16.68,0.57,20.61,0.0,25531,-31.89,-24.0,0.149
2024-04-12T02:20:39.000,11.0,-17.22,0.57,20.61,0.0,25532,-31.77,-24.0,0.149
2024-04-12T02:21:40.000,10.53,-16.97,0.57,20.61,0.0,25533,-31.65,-24.0,0.149
2024-04-12T02:22:39.000,9.95,-17.44,0.57,20.61,0.0,25534,-31.52,-24.0,0.149
2024-04-12T02:23:39.000,9.61,-17.28,0.57,20.6,0.0,25535,-31.4,-24.0,0.149
2024-04-12T02:24:39.000,9.92,-17.77,0.57,20.6,0.0,25536,-31.27,-24.0,0.149
2024-04-12T02:25:40.000,10.45,-17.96,0.57,20.6,0.0,25537,-31.14,-24.0,0.149
2024-04-12T02:26:40.000,10.85,-17.04,0.57,20.6,0.0,25538,-31.02,-24.0,0.149
2024-04-12T02:27:40.000,11.02,-16.57,0.58,20.6,0.0,25539,-30.89,-24.0,0.149
2024-04-12T02:28:40.000,11.02,-16.14,0.58,20.59,0.0,25540,-30.76,-24.0,0.149
2024-04-12T02:29:40.000,10.84,-16.07,0.58,20.59,0.0,25541,-30.63,-24.0,0.149
2024-04-12T02:30:40.000,10.53,-16.09,0.58,20.59,0.0,25542,-30.5,-24.0,0.149
2024-04-12T02:31:40.000,10.14,-16.22,0.58,20.59,0.0,25543,-30.37,-24.0,0.149
2024-04-12T02:32:40.000,9.59,-17.35,0.58,20.58,0.0,25544,-30.24,-24.0,0.149
2024-04-12T02:33:40.000,9.36,-18.11,0.58,20.59,0.0,25545,-30.11,-24.0,0.15
2024-04-12T02:34:40.000,9.75,-18.36,0.58,20.59,0.0,25546,-29.98,-24.0,0.15
2024-04-12T02:35:40.000,10.49,-18.2,0.58,20.59,0.0,25547,-29.85,-24.0,0.15
2024-04-12T02:36:40.000,10.97,-17.68,0.58,20.59,0.0,25548,-29.72,-24.0,0.15
2024-04-12T02:37:40.000,11.05,-16.98,0.58,20.59,0.0,25549,-29.58,-24.0,0.15
2024-04-12T02:38:40.000,10.83,-17.83,0.58,20.59,0.0,25550,-29.45,-25.0,0.15
2024-04-12T02:39:40.000,10.07,-18.17,0.58,20.59,0.0,25551,-29.31,-25.0,0.15
2024-04-12T02:40:41.000,9.44,-19.05,0.58,20.58,0.0,25552,-29.18,-25.0,0.15
2024-04-12T02:41:42.000,9.47,-18.47,0.58,20.58,0.0,25553,-29.04,-25.0,0.15
2024-04-12T02:42:41.000,10.41,-17.2,0.59,20.58,0.0,25554,-28.9,-25.0,0.15
2024-04-12T02:43:41.000,11.1,-17.31,0.58,20.58,0.0,25555,-28.77,-25.0,0.15
2024-04-12T02:44:41.000,11.33,-17.38,0.58,20.58,0.0,25556,-28.63,-25.0,0.15
2024-04-12T02:45:41.000,10.71,-19.01,0.59,20.58,0.0,25557,-28.49,-25.0,0.15
2024-04-12T02:46:41.000,9.89,-18.67,0.59,20.58,0.0,25558,-28.35,-25.0,0.15
2024-04-12T02:47:41.000,9.48,-18.69,0.59,20.58,0.0,25559,-28.21,-25.0,0.15
2024-04-12T02:48:41.000,9.69,-18.65,0.59,20.58,0.0,25560,-28.08,-25.0,0.15
2024-04-12T02:49:41.000,10.42,-18.21,0.59,20.58,0.0,25561,-27.94,-25.0,0.15
2024-04-12T02:50:41.000,10.84,-18.38,0.59,20.57,0.0,25562,-27.8,-25.0,0.15
2024-04-12T02:51:42.000,10.7,-18.35,0.59,20.57,0.0,25563,-27.65,-25.0,0.151
2024-04-12T02:52:42.000,10.3,-18.32,0.59,20.57,0.0,25564,-27.51,-25.0,0.151
2024-04-12T02:53:42.000,9.78,-17.85,0.59,20.57,0.0,25565,-27.37,-25.0,0.151
2024-04-12T02:54:42.000,10.06,-16.53,0.59,20.57,0.0,25566,-27.23,-25.0,0.151
2024-04-12T02:55:42.000,10.77,-16.37,0.59,20.57,0.0,25567,-27.08,-25.0,0.151
2024-04-12T02:56:42.000,11.17,-16.08,0.6,20.56,0.0,25568,-26.94,-25.0,0.151
2024-04-12T02:57:42.000,11.21,-16.3,0.59,20.57,0.0,25569,-26.8,-25.0,0.151
2024-04-12T02:58:43.000,10.77,-16.65,0.59,20.57,0.0,25570,-26.65,-25.0,0.151
2024-04-12T02:59:42.000,10.08,-17.34,0.59,20.57,0.0,25571,-26.51,-25.0,0.151
2024-04-12T03:00:42.000,9.53,-17.39,0.59,20.57,0.0,25572,-26.36,-25.0,0.151
2024-04-12T03:01:42.000,9.78,-17.44,0.59,20.57,0.0,25573,-26.21,-25.0,0.151
2024-04-12T03:02:42.000,10.26,-18.21,0.59,20.57,0.0,25574,-26.07,-25.0,0.151
2024-04-12T03:03:42.000,10.61,-18.07,0.59,20.57,0.0,25575,-25.92,-25.0,0.151
2024-04-12T03:04:42.000,10.4,-18.42,0.59,20.56,0.0,25576,-25.77,-25.0,0.151
2024-04-12T03:05:42.000,10.02,-17.79,0.6,20.56,0.0,25577,-25.63,-25.0,0.151
2024-04-12T03:06:43.000,9.92,-17.39,0.6,20.56,0.0,25578,-25.48,-25.0,0.151
2024-04-12T03:07:43.000,10.42,-16.66,0.6,20.56,0.0,25579,-25.33,-25.0,0.151
2024-04-12T03:08:43.000,11.01,-16.23,0.6,20.56,0.0,25580,-25.18,-25.0,0.151
2024-04-12T03:09:43.000,11.24,-16.18,0.6,20.56,0.0,25581,-25.03,-25.0,0.152
2024-04-12T03:10:43.000,11.08,-16.4,0.6,20.56,0.0,25582,-24.88,-25.0,0.152
2024-04-12T03:11:43.000,10.73,-16.49,0.6,20.56,0.0,25583,-24.73,-25.0,0.152
2024-04-12T03:12:43.000,10.3,-16.39,0.6,20.56,0.0,25584,-24.58,-25.0,0.152
2024-04-12T03:13:43.000,9.85,-16.61,0.6,20.56,0.0,25585,-24.42,-25.0,0.152
2024-04-12T03:14:43.000,9.79,-16.78,0.6,20.56,0.0,25586,-24.27,-25.0,0.152
2024-04-12T03:15:43.000,10.35,-16.84,0.6,20.56,0.0,25587,-24.12,-25.0,0.152
2024-04-12T03:16:43.000,10.86,-16.63,0.6,20.55,0.0,25588,-23.97,-25.0,0.152
2024-04-12T03:17:43.000,10.98,-16.81,0.6,20.55,0.0,25589,-23.81,-25.0,0.152
2024-04-12T03:18:43.000,10.62,-17.38,0.6,20.55,0.0,25590,-23.66,-25.0,0.152
2024-04-12T03:19:43.000,9.9,-18.03,0.6,20.55,0.0,25591,-23.51,-25.0,0.152
2024-04-12T03:20:43.000,9.4,-18.4,0.6,20.55,0.0,25592,-23.35,-25.0,0.152
2024-04-12T03:22:43.000,10.15,-18.78,0.6,20.55,0.0,25594,-23.04,-25.0,0.152
2024-04-12T03:23:44.000,10.52,-19.11,0.6,20.55,0.0,25595,-22.88,-25.0,0.152
2024-04-12T03:24:44.000,10.38,-18.9,0.61,20.54,0.0,25596,-22.73,-25.0,0.152
2024-04-12T03:25:44.000,10.02,-18.53,0.61,20.54,0.0,25597,-22.57,-24.0,0.152
2024-04-12T03:26:44.000,9.67,-18.73,0.61,20.54,0.0,25598,-22.42,-24.0,0.153
2024-04-12T03:27:44.000,9.9,-18.5,0.61,20.54,0.0,25599,-22.26,-24.0,0.153
2024-04-12T03:28:44.000,10.41,-18.81,0.61,20.53,0.0,25600,-22.1,-24.0,0.153
2024-04-12T03:29:44.000,10.51,-18.79,0.61,20.53,0.0,25601,-21.94,-24.0,0.153
2024-04-12T03:30:45.000,10.23,-18.67,0.62,20.53,0.0,25602,-21.78,-24.0,0.153
2024-04-12T03:31:44.000,9.87,-17.97,0.62,20.53,0.0,25603,-21.63,-24.0,0.153
2024-04-12T03:32:44.000,10.1,-17.61,0.62,20.52,0.0,25604,-21.47,-24.0,0.153
2024-04-12T03:33:44.000,10.48,-17.91,0.62,20.52,0.0,25605,-21.31,-24.0,0.153
2024-04-12T03:34:44.000,10.51,-17.71,0.62,20.52,0.0,25606,-21.15,-24.0,0.153
2024-04-12T03:35:44.000,10.23,-18.08,0.62,20.52,0.0,25607,-20.99,-24.0,0.153
