ecsv/stars73/stars73_2024-04.ecsv
# %ECSV 1.0
# ---
# datatype:
# - {name: time, datatype: string}
# - {name: Enclosure Temperature, unit: deg_C, datatype: float64}
# - {name: Sky Temperature, unit: deg_C, datatype: float64}
# - {name: Frequency, unit: Hz, datatype: float64}
# - {name: MSAS, unit: mag / arcsec2, datatype: float64}
# - {name: ZP, datatype: float64}
# - {name: Sequence Number, datatype: int64}
# - {name: Sun Alt, unit: deg, datatype: float64}
# - {name: Moon Alt, unit: deg, datatype: float64}
# - {name: Moon Illumination, datatype: float64}
# delimiter: ','
# meta: !!omap
# - ida:
#     Data supplier: {affiliation: ACTUEL, observer: null}
#     Device type: TESS-W
#     Field of view: 17.0
#     Filters per channel: None
#     Instrument ID: stars73
#     License: ODbL 1.0 http://opendatacommons.org/licenses/odbl/summary/
#     Local timezone: Europe/Madrid
#     Location name: {country: "- Observatorio Astron\xF3mico de San Blas", place: Teruel, region: Spain, sub_region: Aragon, town: Teruel}
#     Measurement direction per channel: {azimuth: 0.0, zenital: 0.0}
#     Moving / Fixed look direction: FIXED
#     Moving / Stationary position: STATIONARY
#     Number of channels: 1
#     Number of fields per line: 8
#     Number of header lines: 35
#     Position: {height: 0.0, latitude: 40.349958, longitude: -1.170225}
#     TESS MAC address: 18:FE:34:D3:47:17
#     TESS cover offset value: 0.0
#     TESS firmware version: Unknown
#     TESS zero point: 0.0
#     Time Synchronization: timestamp added by MQTT subscriber
#     URL: http://www.darksky.org/NSBM/sdf1.0.pdf
# - __serialized_columns__:
#     Enclosure Temperature:
#       __class__: astropy.units.quantity.Quantity
#       unit: &id001 !astropy.units.Unit {unit: deg_C}
#       value: !astropy.table.SerializedColumn {name: Enclosure Temperature}
#     Frequency:
#       __class__: astropy.units.quantity.Quantity
#       unit: !astropy.units.Unit {unit: Hz}
#       value: !astropy.table.SerializedColumn {name: Frequency}
#     MSAS:
#       __class__: astropy.units.quantity.Quantity
#       unit: !astropy.units.Unit {unit: mag / arcsec2}
#       value: !astropy.table.SerializedColumn {name: MSAS}
#     Moon Alt:
#       __class__: astropy.units.quantity.Quantity
#       unit: &id002 !astropy.units.Unit {unit: deg}
#       value: !astropy.table.SerializedColumn {name: Moon Alt}
#     Sky Temperature:
#       __class__: astropy.units.quantity.Quantity
#       unit: *id001
#       value: !astropy.table.SerializedColumn {name: Sky Temperature}
#     Sun Alt:
#       __class__: astropy.units.quantity.Quantity
#       unit: *id002
#       value: !astropy.table.SerializedColumn {name: Sun Alt}
#     time:
#       __class__: astropy.time.core.Time
#       format: isot
#       in_subfmt: '*'
#       out_subfmt: '*'
#       precision: 3
#       scale: utc
#       value: !astropy.table.SerializedColumn {name: time}
# schema: astropy-2.0
time,Enclosure Temperature,Sky Temperature,Frequency,MSAS,ZP,Sequence Number,Sun Alt,Moon Alt,Moon Illumination
[from data line 1280]
2024-04-03T03:57:21.000,11.28,-5.18,2.28,19.15,0.0,12686,-20.32,8.0,0.388
2024-04-03T03:58:21.000,11.02,-10.07,1.08,19.93,0.0,12687,-20.15,8.0,0.388
2024-04-03T03:59:21.000,10.72,-12.63,0.82,20.22,0.0,12688,-19.98,8.0,0.388
2024-04-03T04:00:22.000,10.45,-13.57,0.83,20.26,0.0,12689,-19.81,9.0,0.388
2024-04-03T04:01:21.000,10.13,-14.16,0.69,20.4,0.0,12690,-19.64,9.0,0.388
2024-04-03T04:02:21.000,9.83,-14.96,0.67,20.43,0.0,12691,-19.47,9.0,0.388
2024-04-03T04:03:21.000,9.96,-15.52,0.67,20.43,0.0,12692,-19.3,9.0,0.388
2024-04-03T04:04:22.000,10.61,-15.17,0.67,20.44,0.0,12693,-19.12,9.0,0.388
2024-04-03T04:05:22.000,11.15,-14.45,0.67,20.43,0.0,12694,-18.95,9.0,0.388
2024-04-03T04:06:22.000,11.21,-15.51,0.69,20.41,0.0,12695,-18.78,9.0,0.388
2024-04-03T04:07:22.000,10.75,-14.78,0.74,20.32,0.0,12696,-18.6,9.0,0.388
2024-04-03T04:08:22.000,10.41,-10.66,1.17,19.85,0.0,12697,-18.43,10.0,0.387
2024-04-03T04:09:22.000,10.28,-5.07,2.45,19.04,0.0,12698,-18.26,10.0,0.387
2024-04-03T04:10:22.000,10.26,-1.48,3.81,18.55,0.0,12699,-18.08,10.0,0.387
2024-04-03T04:11:22.000,10.25,-0.43,4.38,18.4,0.0,12700,-17.91,10.0,0.387
2024-04-03T04:12:22.000,10.14,0.28,4.99,18.25,0.0,12701,-17.73,10.0,0.387
2024-04-03T04:13:22.000,9.94,0.86,5.76,18.1,0.0,12702,-17.56,10.0,0.387
2024-04-03T04:14:22.000,10.14,1.37,6.53,17.96,0.0,12703,-17.38,10.0,0.387
2024-04-03T04:15:22.000,10.63,2.44,6.67,17.94,0.0,12704,-17.21,10.0,0.387
2024-04-03T04:16:22.000,11.16,3.07,6.96,17.89,0.0,12705,-17.03,11.0,0.387
2024-04-03T04:17:22.000,11.53,2.9,6.37,17.99,0.0,12706,-16.86,11.0,0.387
2024-04-03T04:18:22.000,11.69,2.13,5.42,18.17,0.0,12707,-16.68,11.0,0.387
2024-04-03T04:19:23.000,11.67,2.22,6.27,18.01,0.0,12708,-16.5,11.0,0.387
2024-04-03T04:20:23.000,11.65,2.47,7.11,17.87,0.0,12709,-16.33,11.0,0.387
2024-04-03T04:21:23.000,11.6,2.22,5.64,18.12,0.0,12710,-16.15,11.0,0.386
2024-04-03T04:22:23.000,11.46,2.28,5.32,18.19,0.0,12711,-15.97,11.0,0.386
2024-04-03T04:23:23.000,11.31,2.39,6.28,18.01,0.0,12712,-15.79,11.0,0.386
2024-04-03T04:24:23.000,11.23,2.74,7.18,17.86,0.0,12713,-15.62,12.0,0.386
2024-04-03T04:25:23.000,11.23,2.73,6.41,17.99,0.0,12714,-15.44,12.0,0.386
2024-04-03T04:26:23.000,11.27,3.18,7.55,17.81,0.0,12715,-15.26,12.0,0.386
2024-04-03T04:27:23.000,11.22,2.94,8.18,17.72,0.0,12716,-15.08,12.0,0.386
2024-04-03T04:28:23.000,11.13,2.34,7.53,17.81,0.0,12717,-14.91,12.0,0.386
2024-04-03T04:29:24.000,11.02,1.2,4.99,18.26,0.0,12718,-14.72,12.0,0.386
2024-04-03T04:30:24.000,10.91,0.41,5.34,18.19,0.0,12719,-14.55,12.0,0.386
2024-04-03T04:31:24.000,10.78,0.36,6.16,18.03,0.0,12720,-14.37,12.0,0.386
2024-04-03T04:32:24.000,10.56,-1.16,5.37,18.18,0.0,12721,-14.19,12.0,0.386
2024-04-03T04:33:24.000,10.03,-3.23,5.1,18.24,0.0,12722,-14.01,13.0,0.386
2024-04-03T04:34:24.000,9.64,-5.08,3.53,18.63,0.0,12723,-13.83,13.0,0.385
2024-04-03T04:35:24.000,10.03,-7.34,3.17,18.77,0.0,12724,-13.65,13.0,0.385
2024-04-03T04:36:25.000,10.61,-10.59,1.83,19.34,0.0,12725,-13.47,13.0,0.385
2024-04-03T04:37:24.000,10.63,-12.8,1.59,19.5,0.0,12726,-13.29,13.0,0.385
2024-04-03T04:38:25.000,10.28,-13.42,1.54,19.54,0.0,12727,-13.11,13.0,0.385
2024-04-03T04:40:25.000,9.93,-14.79,1.68,19.44,0.0,12729,-12.75,13.0,0.385
2024-04-03T04:41:25.000,10.39,-15.21,1.53,19.54,0.0,12730,-12.57,13.0,0.385
2024-04-03T04:42:25.000,10.65,-15.3,1.7,19.43,0.0,12731,-12.38,14.0,0.385
2024-04-03T04:43:26.000,10.69,-15.08,1.79,19.38,0.0,12732,-12.2,14.0,0.385
2024-04-03T04:44:25.000,10.71,-14.15,1.96,19.27,0.0,12733,-12.02,14.0,0.385
2024-04-03T04:45:26.000,10.68,-14.56,2.23,19.13,0.0,12734,-11.84,14.0,0.385
2024-04-03T04:46:26.000,10.48,-14.7,2.39,19.06,0.0,12735,-11.66,14.0,0.385
2024-04-03T04:47:26.000,10.2,-14.94,2.76,18.9,0.0,12736,-11.47,14.0,0.384
2024-04-03T04:48:26.000,9.97,-14.73,3.09,18.77,0.0,12737,-11.29,14.0,0.384
2024-04-03T04:49:26.000,10.15,-14.58,3.54,18.63,0.0,12738,-11.11,14.0,0.384
2024-04-03T04:50:26.000,10.59,-14.51,4.09,18.47,0.0,12739,-10.93,14.0,0.384
2024-04-03T04:51:26.000,10.8,-14.0,4.94,18.27,0.0,12740,-10.74,15.0,0.384
2024-04-03T04:52:26.000,10.62,-13.96,6.48,17.97,0.0,12741,-10.56,15.0,0.384
2024-04-03T04:54:26.000,9.83,-13.61,7.61,17.8,0.0,12743,-10.2,15.0,0.384
2024-04-03T04:55:26.000,9.86,-13.78,9.4,17.57,0.0,12744,-10.01,15.0,0.384
2024-04-03T04:56:26.000,10.27,-12.93,11.9,17.31,0.0,12745,-9.83,15.0,0.384
2024-04-03T04:57:26.000,10.44,-11.84,15.34,17.04,0.0,12746,-9.65,15.0,0.384
2024-04-03T04:58:26.000,10.39,-10.18,17.16,16.92,0.0,12747,-9.46,15.0,0.384
2024-04-03T04:59:26.000,10.37,-9.0,19.95,16.75,0.0,12748,-9.28,15.0,0.384
2024-04-03T05:00:26.000,10.22,-8.56,23.98,16.55,0.0,12749,-9.1,15.0,0.383
2024-04-03T05:01:27.000,9.87,-7.47,29.79,16.32,0.0,12750,-8.91,16.0,0.383
2024-04-03T05:02:27.000,9.93,-6.89,34.69,16.15,0.0,12751,-8.72,16.0,0.383
2024-04-03T05:03:27.000,10.39,-5.62,44.4,15.88,0.0,12752,-8.54,16.0,0.383
2024-04-03T05:04:27.000,10.73,-4.26,50.82,15.74,0.0,12753,-8.35,16.0,0.383
2024-04-03T05:05:27.000,10.84,-3.11,63.54,15.5,0.0,12754,-8.17,16.0,0.383
2024-04-03T05:06:27.000,10.77,-1.66,75.93,15.3,0.0,12755,-7.99,16.0,0.383
2024-04-03T05:07:27.000,10.65,-0.13,97.32,15.03,0.0,12756,-7.8,16.0,0.383
2024-04-03T05:08:27.000,10.59,1.09,115.06,14.85,0.0,12757,-7.62,16.0,0.383
2024-04-03T05:09:27.000,10.64,1.98,139.3,14.64,0.0,12758,-7.43,16.0,0.383
2024-04-03T05:10:27.000,10.79,2.58,162.76,14.47,0.0,12759,-7.24,16.0,0.383
2024-04-03T05:11:27.000,10.85,2.45,198.85,14.26,0.0,12760,-7.06,17.0,0.383
2024-04-03T05:12:28.000,10.78,2.21,241.93,14.04,0.0,12761,-6.87,17.0,0.383
2024-04-03T05:13:28.000,10.57,1.97,305.82,13.79,0.0,12762,-6.68,17.0,0.383
2024-04-03T05:14:28.000,10.2,1.08,379.98,13.55,0.0,12763,-6.5,17.0,0.382
2024-04-03T05:15:28.000,9.83,0.87,489.48,13.28,0.0,12764,-6.31,17.0,0.382
2024-04-03T05:16:28.000,9.44,0.42,636.83,12.99,0.0,12765,-6.13,17.0,0.382
2024-04-03T05:17:28.000,9.17,0.22,817.24,12.72,0.0,12766,-5.94,17.0,0.382
2024-04-03T05:18:28.000,8.97,-0.76,1081.6,12.42,0.0,12767,-5.75,17.0,0.382
2024-04-03T05:19:28.000,8.94,-2.33,1248.99,12.26,0.0,12768,-5.57,17.0,0.382
2024-04-03T05:20:28.000,9.01,-3.39,1644.51,11.97,0.0,12769,-5.38,17.0,0.382
2024-04-03T05:21:28.000,9.18,-3.62,2284.61,11.61,0.0,12770,-5.19,17.0,0.382
2024-04-03T05:22:28.000,9.28,-4.09,2827.64,11.37,0.0,12771,-5.01,18.0,0.382
2024-04-03T05:23:28.000,9.39,-5.04,3604.6,11.11,0.0,12772,-4.82,18.0,0.382
2024-04-03T05:24:28.000,9.46,-5.86,4716.16,10.82,0.0,12773,-4.63,18.0,0.382
2024-04-03T05:25:28.000,9.41,-5.89,5863.28,10.58,0.0,12774,-4.45,18.0,0.382
2024-04-03T05:26:28.000,9.33,-5.14,7462.02,10.32,0.0,12775,-4.26,18.0,0.382
2024-04-03T05:27:28.000,9.26,-6.2,9454.0,10.06,0.0,12776,-4.07,18.0,0.381
2024-04-03T05:28:29.000,9.09,-8.49,10604.62,9.94,0.0,12777,-3.88,18.0,0.381
2024-04-03T05:29:29.000,8.89,-10.36,11829.35,9.82,0.0,12778,-3.69,18.0,0.381
2024-04-03T05:30:29.000,8.77,-11.3,14470.22,9.6,0.0,12779,-3.51,18.0,0.381
2024-04-03T05:31:29.000,8.7,-12.75,17325.8,9.4,0.0,12780,-3.32,18.0,0.381
2024-04-03T05:32:29.000,8.52,-13.69,20153.13,9.24,0.0,12781,-3.13,18.0,0.381
2024-04-03T05:33:29.000,8.38,-13.69,24088.97,9.05,0.0,12782,-2.94,18.0,0.381
2024-04-03T05:34:29.000,8.26,-13.52,28508.49,8.86,0.0,12783,-2.75,19.0,0.381
2024-04-03T05:35:29.000,8.12,-13.13,33157.89,8.84,0.0,12784,-2.57,19.0,0.381
2024-04-03T05:36:29.000,8.08,-12.45,40101.33,8.49,0.0,12785,-2.38,19.0,0.381
2024-04-03T05:37:29.000,8.02,-11.85,48510.18,8.38,0.0,12786,-2.19,19.0,0.381
2024-04-03T05:38:29.000,7.96,-11.01,57353.46,8.1,0.0,12787,-2.0,19.0,0.381
2024-04-03T05:39:29.000,7.93,-9.96,27269.42,3.41,0.0,12788,-1.81,19.0,0.381
2024-04-03T05:40:29.000,7.87,-9.09,0.0,0.0,0.0,12789,-1.62,19.0,0.38
2024-04-03T05:41:29.000,7.67,-9.8,0.0,0.0,0.0,12790,-1.44,19.0,0.38
2024-04-03T05:42:30.000,7.55,-11.76,0.0,0.0,0.0,12791,-1.24,19.0,0.38
2024-04-03T05:55:32.000,7.13,-13.72,0.0,0.0,0.0,12804,1.22,20.0,0.379
2024-04-03T05:56:32.000,7.16,-14.34,0.0,0.0,0.0,12805,1.41,20.0,0.379
2024-04-03T05:57:32.000,7.1,-15.01,0.0,0.0,0.0,12806,1.6,20.0,0.379
2024-04-03T05:58:32.000,7.02,-15.07,0.21,0.1,0.0,12807,1.79,20.0,0.379
2024-04-03T05:59:32.000,7.03,-14.75,0.0,0.0,0.0,12808,1.98,20.0,0.379
2024-04-03T06:00:32.000,7.11,-14.48,0.0,0.0,0.0,12809,2.17,20.0,0.379
2024-04-03T06:01:32.000,7.15,-14.61,0.0,0.0,0.0,12810,2.36,21.0,0.379
2024-04-03T06:02:32.000,7.14,-14.8,0.0,0.0,0.0,12811,2.55,21.0,0.379
2024-04-03T06:03:33.000,7.06,-14.95,0.32,0.18,0.0,12812,2.74,21.0,0.379
2024-04-03T06:04:33.000,7.04,-14.53,0.0,0.0,0.0,12813,2.93,21.0,0.379
2024-04-03T06:05:33.000,7.05,-13.99,0.19,0.09,0.0,12814,3.12,21.0,0.379
2024-04-03T06:06:33.000,7.09,-13.08,0.0,0.0,0.0,12815,3.31,21.0,0.378
2024-04-03T06:07:33.000,7.19,-12.09,0.0,0.0,0.0,12816,3.5,21.0,0.378
2024-04-03T06:08:33.000,7.3,-11.84,0.0,0.0,0.0,12817,3.69,21.0,0.378
2024-04-03T08:47:44.000,20.96,3.86,0.0,0.0,0.0,12976,33.37,21.0,0.366
2024-04-03T08:48:44.000,21.69,6.04,0.0,0.0,0.0,12977,33.54,21.0,0.366
2024-04-03T08:49:44.000,21.97,4.1,0.0,0.0,0.0,12978,33.71,21.0,0.366
2024-04-03T08:51:44.000,21.63,2.6,0.0,0.0,0.0,12980,34.06,21.0,0.366
2024-04-03T08:52:44.000,21.57,3.42,0.0,0.0,0.0,12981,34.23,21.0,0.366
2024-04-03T08:53:44.000,21.83,3.92,0.0,0.0,0.0,12982,34.41,21.0,0.366
2024-04-03T08:54:44.000,22.02,3.53,0.0,0.0,0.0,12983,34.58,21.0,0.366
2024-04-03T08:56:44.000,21.86,4.09,0.0,0.0,0.0,12985,34.92,20.0,0.366
2024-04-03T08:57:45.000,22.38,5.8,0.0,0.0,0.0,12986,35.1,20.0,0.365
2024-04-03T08:58:45.000,22.33,1.84,0.0,0.0,0.0,12987,35.27,20.0,0.365
2024-04-03T09:11:45.000,29.06,3.05,0.0,0.0,0.0,13000,37.46,19.0,0.364
2024-04-03T09:12:45.000,28.71,-0.27,0.0,0.0,0.0,13001,37.62,19.0,0.364
2024-04-03T09:13:45.000,28.23,0.19,0.0,0.0,0.0,13002,37.79,19.0,0.364
2024-04-03T09:15:46.000,28.88,0.73,0.0,0.0,0.0,13004,38.12,19.0,0.364
2024-04-03T09:16:46.000,29.25,1.42,0.0,0.0,0.0,13005,38.29,19.0,0.364
2024-04-03T09:17:46.000,29.79,0.38,0.0,0.0,0.0,13006,38.45,19.0,0.364
2024-04-03T09:18:46.000,29.55,-1.65,0.0,0.0,0.0,13007,38.61,19.0,0.364
2024-04-03T09:19:46.000,29.47,-1.65,0.0,0.0,0.0,13008,38.78,19.0,0.364
2024-04-03T09:21:46.000,30.08,-0.54,0.0,0.0,0.0,13010,39.1,19.0,0.364
2024-04-03T09:22:46.000,30.4,-0.33,0.0,0.0,0.0,13011,39.27,19.0,0.364
2024-04-03T09:23:46.000,30.58,-0.36,0.0,0.0,0.0,13012,39.43,18.0,0.364
2024-04-03T14:16:12.000,36.24,-1.6,0.0,0.0,0.0,13304,44.91,-23.0,0.341
2024-04-03T14:17:12.000,36.2,-2.47,0.0,0.0,0.0,13305,44.77,-23.0,0.341
2024-04-03T14:18:13.000,36.02,-1.08,0.0,0.0,0.0,13306,44.63,-23.0,0.341
2024-04-03T14:20:13.000,36.25,-0.27,0.0,0.0,0.0,13308,44.34,-23.0,0.341
2024-04-03T14:21:13.000,36.34,-1.45,0.0,0.0,0.0,13309,44.19,-24.0,0.341
2024-04-03T14:22:13.000,36.31,-1.57,0.0,0.0,0.0,13310,44.05,-24.0,0.341
2024-04-03T14:43:14.000,37.54,0.22,0.0,0.0,0.0,13331,40.86,-28.0,0.339
2024-04-03T14:44:14.000,37.65,0.55,0.0,0.0,0.0,13332,40.7,-28.0,0.339
2024-04-03T14:45:14.000,37.96,0.99,0.0,0.0,0.0,13333,40.54,-28.0,0.339
2024-04-03T14:48:14.000,37.92,0.89,0.0,0.0,0.0,13336,40.07,-28.0,0.339
2024-04-03T14:49:14.000,37.84,-1.2,0.0,0.0,0.0,13337,39.91,-29.0,0.339
2024-04-03T14:50:14.000,37.51,0.1,0.0,0.0,0.0,13338,39.75,-29.0,0.339
2024-04-03T17:37:27.000,20.28,-7.97,0.0,0.0,0.0,13505,9.44,-58.0,0.326
2024-04-03T17:38:27.000,20.27,-7.34,0.0,0.0,0.0,13506,9.25,-59.0,0.326
2024-04-03T17:39:27.000,20.13,-8.17,0.0,0.0,0.0,13507,9.06,-59.0,0.326
2024-04-03T17:41:27.000,19.95,-7.68,0.0,0.0,0.0,13509,8.68,-59.0,0.326
2024-04-03T17:42:27.000,19.84,-8.04,0.0,0.0,0.0,13510,8.49,-59.0,0.326
2024-04-03T17:43:27.000,19.78,-7.95,0.0,0.0,0.0,13511,8.3,-59.0,0.326
2024-04-03T18:02:29.000,18.46,-8.47,0.0,0.0,0.0,13530,4.68,-62.0,0.325
2024-04-03T18:03:29.000,18.25,-8.91,0.0,0.0,0.0,13531,4.49,-63.0,0.324
2024-04-03T18:04:29.000,18.14,-8.6,0.0,0.0,0.0,13532,4.3,-63.0,0.324
2024-04-03T18:05:29.000,18.08,-8.61,0.23,0.09,0.0,13533,4.11,-63.0,0.324
2024-04-03T18:06:29.000,18.04,-8.45,0.0,0.0,0.0,13534,3.92,-63.0,0.324
2024-04-03T18:07:29.000,17.92,-8.91,0.0,0.0,0.0,13535,3.73,-63.0,0.324
2024-04-03T18:08:29.000,17.78,-9.11,0.18,0.09,0.0,13536,3.54,-63.0,0.324
2024-04-03T18:09:29.000,17.7,-8.8,0.0,0.0,0.0,13537,3.35,-64.0,0.324
2024-04-03T18:10:29.000,17.61,-9.1,0.23,0.09,0.0,13538,3.16,-64.0,0.324
2024-04-03T18:11:29.000,17.49,-8.99,0.0,0.0,0.0,13539,2.97,-64.0,0.324
2024-04-03T18:12:29.000,17.46,-8.7,0.0,0.0,0.0,13540,2.78,-64.0,0.324
2024-04-03T18:13:29.000,17.42,-8.83,0.31,0.1,0.0,13541,2.59,-64.0,0.324
2024-04-03T18:14:29.000,17.34,-8.93,0.0,0.0,0.0,13542,2.4,-64.0,0.324
2024-04-03T18:15:29.000,17.28,-8.73,0.0,0.0,0.0,13543,2.21,-64.0,0.324
2024-04-03T18:16:29.000,17.21,-8.91,0.0,0.0,0.0,13544,2.02,-65.0,0.324
2024-04-03T18:31:31.000,16.31,-9.21,0.0,0.0,0.0,13559,-0.82,-67.0,0.322
2024-04-03T18:32:31.000,16.22,-9.5,0.0,0.0,0.0,13560,-1.0,-67.0,0.322
2024-04-03T18:33:31.000,16.19,-9.2,0.0,0.0,0.0,13561,-1.19,-67.0,0.322
2024-04-03T18:34:31.000,16.16,-9.39,30830.44,4.09,0.0,13562,-1.38,-67.0,0.322
2024-04-03T18:35:31.000,16.13,-9.21,57393.25,8.1,0.0,13563,-1.57,-67.0,0.322
2024-04-03T18:36:31.000,16.11,-9.41,50399.04,8.24,0.0,13564,-1.76,-67.0,0.322
2024-04-03T18:37:31.000,16.06,-9.39,44060.92,8.39,0.0,13565,-1.95,-68.0,0.322
2024-04-03T18:38:31.000,16.05,-9.36,38288.25,8.54,0.0,13566,-2.13,-68.0,0.322
2024-04-03T18:39:31.000,16.05,-9.28,32696.54,8.79,0.0,13567,-2.32,-68.0,0.322
2024-04-03T18:40:31.000,16.04,-9.21,28416.13,8.87,0.0,13568,-2.51,-68.0,0.322
2024-04-03T18:41:31.000,16.03,-9.17,24252.72,9.04,0.0,13569,-2.7,-68.0,0.322
2024-04-03T18:42:31.000,16.0,-9.24,20540.87,9.22,0.0,13570,-2.88,-68.0,0.322
2024-04-03T18:43:31.000,15.95,-9.43,17268.4,9.41,0.0,13571,-3.07,-68.0,0.322
2024-04-03T18:44:32.000,15.91,-9.1,14414.42,9.6,0.0,13572,-3.26,-69.0,0.321
2024-04-03T18:46:32.000,15.88,-9.18,9802.38,10.02,0.0,13574,-3.64,-69.0,0.321
2024-04-03T18:47:32.000,15.82,-9.25,7918.07,10.26,0.0,13575,-3.82,-69.0,0.321
2024-04-03T18:48:32.000,15.79,-9.14,6320.72,10.5,0.0,13576,-4.01,-69.0,0.321
2024-04-03T18:49:32.000,15.74,-9.26,5022.76,10.75,0.0,13577,-4.2,-69.0,0.321
2024-04-03T18:50:32.000,15.64,-9.34,3980.22,11.0,0.0,13578,-4.38,-69.0,0.321
2024-04-03T18:52:32.000,15.45,-9.48,2496.89,11.51,0.0,13580,-4.76,-69.0,0.321
2024-04-03T18:53:32.000,15.36,-9.47,1980.56,11.76,0.0,13581,-4.94,-70.0,0.321
2024-04-03T18:54:32.000,15.28,-9.47,1577.24,12.01,0.0,13582,-5.13,-70.0,0.321
2024-04-03T18:55:32.000,15.19,-9.56,1257.76,12.25,0.0,13583,-5.32,-70.0,0.321
2024-04-03T18:56:32.000,15.09,-9.55,1003.78,12.5,0.0,13584,-5.5,-70.0,0.321
2024-04-03T18:57:32.000,15.01,-9.66,799.46,12.75,0.0,13585,-5.69,-70.0,0.32
2024-04-03T18:58:32.000,14.92,-9.72,632.07,13.0,0.0,13586,-5.87,-70.0,0.32
2024-04-03T18:59:32.000,14.85,-9.68,497.69,13.26,0.0,13587,-6.06,-70.0,0.32
2024-04-03T19:00:32.000,14.77,-9.57,392.76,13.52,0.0,13588,-6.25,-70.0,0.32
2024-04-03T19:01:33.000,14.71,-9.61,310.38,13.77,0.0,13589,-6.43,-70.0,0.32
2024-04-03T19:02:33.000,14.61,-9.73,245.12,14.03,0.0,13590,-6.62,-71.0,0.32
2024-04-03T19:03:33.000,14.55,-9.71,193.55,14.29,0.0,13591,-6.8,-71.0,0.32
2024-04-03T19:04:33.000,14.48,-9.8,152.7,14.54,0.0,13592,-6.99,-71.0,0.32
2024-04-03T19:05:33.000,14.43,-9.73,120.7,14.8,0.0,13593,-7.17,-71.0,0.32
2024-04-03T19:07:33.000,14.35,-9.76,76.0,15.3,0.0,13595,-7.54,-71.0,0.32
2024-04-03T19:08:33.000,14.31,-9.77,60.93,15.54,0.0,13596,-7.73,-71.0,0.32
2024-04-03T19:09:33.000,14.27,-9.74,47.65,15.81,0.0,13597,-7.91,-71.0,0.32
2024-04-03T19:10:33.000,14.24,-9.72,39.89,16.0,0.0,13598,-8.1,-71.0,0.32
2024-04-03T19:11:33.000,14.19,-9.82,32.34,16.23,0.0,13599,-8.28,-71.0,0.319
2024-04-03T19:12:33.000,14.11,-9.86,26.49,16.44,0.0,13600,-8.46,-72.0,0.319
2024-04-03T19:13:33.000,14.02,-10.17,21.91,16.65,0.0,13601,-8.65,-72.0,0.319
2024-04-03T19:14:33.000,13.86,-10.49,18.01,16.86,0.0,13602,-8.83,-72.0,0.319
2024-04-03T19:15:33.000,13.81,-10.1,15.05,17.06,0.0,13603,-9.02,-72.0,0.319
2024-04-03T19:16:33.000,13.84,-9.83,12.66,17.25,0.0,13604,-9.2,-72.0,0.319
2024-04-03T19:17:33.000,13.87,-9.72,10.64,17.43,0.0,13605,-9.38,-72.0,0.319
2024-04-03T19:18:34.000,13.9,-9.69,8.96,17.62,0.0,13606,-9.57,-72.0,0.319
