ecsv/stars73/stars73_2025-04.ecsv
# %ECSV 1.0
# ---
# datatype:
# - {name: time, datatype: string}
# - {name: Enclosure Temperature, unit: deg_C, datatype: float64}
# - {name: Sky Temperature, unit: deg_C, datatype: float64}
# - {name: Frequency, unit: Hz, datatype: float64}
# - {name: MSAS, unit: mag / arcsec2, datatype: float64}
# - {name: ZP, datatype: float64}
# - {name: Sequence Number, datatype: int64}
# - {name: Sun Alt, unit: deg, datatype: float64}
# - {name: Moon Alt, unit: deg, datatype: float64}
# - {name: Moon Illumination, datatype: float64}
# delimiter: ','
# meta: !!omap
# - ida:
#     Data supplier: {affiliation: ACTUEL, observer: null}
#     Device type: TESS-W
#     Field of view: 17.0
#     Filters per channel: None
#     Instrument ID: stars73
#     License: ODbL 1.0 http://opendatacommons.org/licenses/odbl/summary/
#     Local timezone: Europe/Madrid
#     Location name: {country: Spain, place: "Observatorio Astron\xF3mico de San Blas", region: Aragon, sub_region: Teruel, town: Teruel}
#     Measurement direction per channel: {azimuth: 0.0, zenital: 0.0}
#     Moving / Fixed look direction: FIXED
#     Moving / Stationary position: STATIONARY
#     Number of channels: 1
#     Number of fields per line: 8
#     Number of header lines: 35
#     Position: {height: 0.0, latitude: 40.349958, longitude: -1.170225}
#     TESS MAC address: 18:FE:34:D3:47:17
#     TESS cover offset value: 0.0
#     TESS firmware version: Unknown
#     TESS zero point: 20.0
#     Time Synchronization: timestamp added by MQTT subscriber
#     URL: http://www.darksky.org/NSBM/sdf1.0.pdf
# - __serialized_columns__:
#     Enclosure Temperature:
#       __class__: astropy.units.quantity.Quantity
#       unit: &id001 !astropy.units.Unit {unit: deg_C}
#       value: !astropy.table.SerializedColumn {name: Enclosure Temperature}
#     Frequency:
#       __class__: astropy.units.quantity.Quantity
#       unit: !astropy.units.Unit {unit: Hz}
#       value: !astropy.table.SerializedColumn {name: Frequency}
#     MSAS:
#       __class__: astropy.units.quantity.Quantity
#       unit: !astropy.units.Unit {unit: mag / arcsec2}
#       value: !astropy.table.SerializedColumn {name: MSAS}
#     Moon Alt:
#       __class__: astropy.units.quantity.Quantity
#       unit: &id002 !astropy.units.Unit {unit: deg}
#       value: !astropy.table.SerializedColumn {name: Moon Alt}
#     Sky Temperature:
#       __class__: astropy.units.quantity.Quantity
#       unit: *id001
#       value: !astropy.table.SerializedColumn {name: Sky Temperature}
#     Sun Alt:
#       __class__: astropy.units.quantity.Quantity
#       unit: *id002
#       value: !astropy.table.SerializedColumn {name: Sun Alt}
#     time:
#       __class__: astropy.time.core.Time
#       format: isot
#       in_subfmt: '*'
#       out_subfmt: '*'
#       precision: 3
#       scale: utc
#       value: !astropy.table.SerializedColumn {name: time}
# schema: astropy-2.0
time,Enclosure Temperature,Sky Temperature,Frequency,MSAS,ZP,Sequence Number,Sun Alt,Moon Alt,Moon Illumination
[from data line 15950]
2025-04-23T07:20:04.000,15.93,-11.59,0.0,0.0,20.0,34314,22.78,34.0,0.267
2025-04-23T07:21:04.000,16.11,-11.81,0.0,0.0,20.0,34315,22.97,34.0,0.267
2025-04-23T07:22:04.000,16.22,-11.62,0.0,0.0,20.0,34316,23.16,34.0,0.267
2025-04-23T08:25:08.000,22.3,-9.47,0.0,0.0,20.0,34379,35.04,36.0,0.263
2025-04-23T08:26:08.000,22.42,-8.9,0.0,0.0,20.0,34380,35.22,36.0,0.263
2025-04-23T08:27:08.000,22.7,-8.29,0.0,0.0,20.0,34381,35.41,36.0,0.263
2025-04-23T08:31:08.000,22.88,-9.85,0.0,0.0,20.0,34385,36.15,36.0,0.262
2025-04-23T08:32:08.000,23.15,-7.99,0.0,0.0,20.0,34386,36.33,36.0,0.262
2025-04-23T08:33:08.000,23.53,-7.44,0.0,0.0,20.0,34387,36.51,36.0,0.262
2025-04-23T09:19:11.000,27.81,-5.1,0.0,0.0,20.0,34433,44.72,34.0,0.259
2025-04-23T09:20:11.000,28.02,-6.0,0.0,0.0,20.0,34434,44.89,34.0,0.259
2025-04-23T09:21:11.000,27.73,-5.73,0.0,0.0,20.0,34435,45.06,34.0,0.259
2025-04-23T09:23:11.000,27.14,-5.32,0.0,0.0,20.0,34437,45.41,34.0,0.259
2025-04-23T09:24:11.000,27.32,-4.93,0.0,0.0,20.0,34438,45.58,34.0,0.259
2025-04-23T09:25:11.000,27.61,-4.52,0.0,0.0,20.0,34439,45.75,34.0,0.259
2025-04-23T11:24:19.000,34.0,-3.18,0.0,0.0,20.0,34558,61.08,22.0,0.25
2025-04-23T11:25:19.000,34.12,-1.48,0.0,0.0,20.0,34559,61.14,22.0,0.25
2025-04-23T11:26:19.000,34.37,-1.48,0.0,0.0,20.0,34560,61.2,22.0,0.25
2025-04-23T11:32:20.000,35.03,-0.93,0.0,0.0,20.0,34566,61.55,21.0,0.25
2025-04-23T11:33:20.000,35.21,-1.17,0.0,0.0,20.0,34567,61.6,21.0,0.25
2025-04-23T11:34:20.000,35.09,-1.5,0.0,0.0,20.0,34568,61.65,21.0,0.25
2025-04-23T11:36:20.000,34.89,-2.6,0.0,0.0,20.0,34570,61.74,20.0,0.25
2025-04-23T11:37:20.000,34.8,-0.52,0.0,0.0,20.0,34571,61.79,20.0,0.249
2025-04-23T11:38:20.000,35.02,-1.6,0.0,0.0,20.0,34572,61.83,20.0,0.249
2025-04-23T11:39:20.000,34.63,-2.61,0.0,0.0,20.0,34573,61.87,20.0,0.249
2025-04-23T11:40:20.000,34.23,-3.13,0.0,0.0,20.0,34574,61.91,20.0,0.249
2025-04-23T11:41:20.000,33.88,-2.47,0.0,0.0,20.0,34575,61.95,20.0,0.249
2025-04-23T11:47:21.000,35.39,0.55,0.0,0.0,20.0,34581,62.14,19.0,0.249
2025-04-23T11:49:21.000,35.56,-0.61,0.0,0.0,20.0,34583,62.2,18.0,0.249
2025-04-23T11:50:21.000,35.68,-1.13,0.0,0.0,20.0,34584,62.22,18.0,0.249
2025-04-23T11:51:21.000,35.51,-1.18,0.0,0.0,20.0,34585,62.24,18.0,0.249
2025-04-23T12:29:23.000,37.73,1.09,0.0,0.0,20.0,34623,61.76,12.0,0.246
2025-04-23T12:30:23.000,37.75,0.26,0.0,0.0,20.0,34624,61.71,12.0,0.246
2025-04-23T12:31:23.000,37.52,0.21,0.0,0.0,20.0,34625,61.67,12.0,0.246
2025-04-23T12:33:23.000,35.87,-3.1,0.0,0.0,20.0,34627,61.57,12.0,0.246
2025-04-23T12:34:24.000,35.55,-1.8,0.0,0.0,20.0,34628,61.51,11.0,0.246
2025-04-23T12:35:24.000,34.66,-3.0,0.0,0.0,20.0,34629,61.46,11.0,0.246
2025-04-23T17:17:41.000,27.79,-2.76,0.0,0.0,20.0,34911,16.79,-38.0,0.226
2025-04-23T17:18:41.000,27.67,-2.81,0.0,0.0,20.0,34912,16.6,-38.0,0.226
2025-04-23T17:19:41.000,27.58,-2.67,0.0,0.0,20.0,34913,16.41,-39.0,0.226
2025-04-23T17:21:41.000,27.25,-2.92,0.0,0.0,20.0,34915,16.03,-39.0,0.226
2025-04-23T17:22:41.000,27.12,-2.85,0.0,0.0,20.0,34916,15.84,-39.0,0.226
2025-04-23T17:23:41.000,27.01,-2.72,0.0,0.0,20.0,34917,15.65,-39.0,0.226
2025-04-23T17:24:41.000,27.06,-2.45,0.0,0.0,20.0,34918,15.46,-39.0,0.226
2025-04-23T17:25:41.000,26.93,-3.39,0.0,0.0,20.0,34919,15.27,-40.0,0.226
2025-04-23T17:27:42.000,26.6,-2.94,0.0,0.0,20.0,34921,14.89,-40.0,0.226
2025-04-23T17:28:42.000,26.61,-2.77,0.0,0.0,20.0,34922,14.7,-40.0,0.226
2025-04-23T17:29:42.000,26.67,-2.55,0.0,0.0,20.0,34923,14.51,-40.0,0.226
2025-04-23T18:08:44.000,20.91,-5.02,0.0,0.0,20.0,34962,7.14,-46.0,0.223
2025-04-23T18:09:44.000,20.72,-4.93,0.0,0.0,20.0,34963,6.96,-47.0,0.223
2025-04-23T18:10:44.000,20.61,-4.94,0.0,0.0,20.0,34964,6.77,-47.0,0.223
2025-04-23T18:13:44.000,20.29,-4.93,0.0,0.0,20.0,34967,6.21,-47.0,0.223
2025-04-23T18:14:44.000,20.23,-4.94,0.0,0.0,20.0,34968,6.02,-47.0,0.223
2025-04-23T18:15:44.000,20.14,-4.95,0.0,0.0,20.0,34969,5.84,-47.0,0.223
2025-04-23T18:24:45.000,19.57,-5.06,0.0,0.0,20.0,34978,4.16,-49.0,0.222
2025-04-23T18:25:45.000,19.51,-5.12,0.0,0.0,20.0,34979,3.98,-49.0,0.222
2025-04-23T18:26:45.000,19.43,-5.21,0.0,0.0,20.0,34980,3.79,-49.0,0.222
2025-04-23T18:27:45.000,19.34,-5.29,0.22,0.09,20.0,34981,3.61,-49.0,0.222
2025-04-23T18:28:45.000,19.24,-5.34,0.15,0.09,20.0,34982,3.42,-49.0,0.222
2025-04-23T18:29:45.000,19.13,-5.36,0.0,0.0,20.0,34983,3.24,-49.0,0.222
2025-04-23T18:30:45.000,19.01,-5.38,0.0,0.0,20.0,34984,3.05,-50.0,0.222
2025-04-23T18:31:45.000,18.92,-5.33,0.0,0.0,20.0,34985,2.87,-50.0,0.222
2025-04-23T18:32:45.000,18.81,-5.37,0.26,0.09,20.0,34986,2.68,-50.0,0.222
2025-04-23T18:33:46.000,18.71,-5.43,0.0,0.0,20.0,34987,2.5,-50.0,0.221
2025-04-23T18:34:46.000,18.63,-5.39,0.0,0.0,20.0,34988,2.31,-50.0,0.221
2025-04-23T18:35:46.000,18.57,-5.37,0.0,0.0,20.0,34989,2.13,-50.0,0.221
2025-04-23T18:48:46.000,17.54,-5.67,0.0,0.0,20.0,35002,-0.25,-52.0,0.22
2025-04-23T18:49:47.000,17.46,-5.71,0.0,0.0,20.0,35003,-0.44,-52.0,0.22
2025-04-23T18:50:47.000,17.38,-5.78,0.0,0.0,20.0,35004,-0.62,-52.0,0.22
2025-04-23T18:51:47.000,17.29,-5.8,0.3,0.18,20.0,35005,-0.8,-52.0,0.22
2025-04-23T18:52:47.000,17.23,-5.83,0.0,0.0,20.0,35006,-0.98,-52.0,0.22
2025-04-23T18:53:47.000,17.14,-5.85,0.0,0.0,20.0,35007,-1.16,-53.0,0.22
2025-04-23T18:54:47.000,17.08,-5.84,0.0,0.0,20.0,35008,-1.34,-53.0,0.22
2025-04-23T18:55:47.000,17.03,-5.86,0.0,0.0,20.0,35009,-1.52,-53.0,0.22
2025-04-23T18:56:47.000,16.97,-5.9,40140.69,5.16,20.0,35010,-1.7,-53.0,0.22
2025-04-23T18:57:47.000,16.91,-5.9,55826.29,8.13,20.0,35011,-1.88,-53.0,0.22
2025-04-23T18:58:47.000,16.86,-5.93,48537.98,8.29,20.0,35012,-2.07,-53.0,0.22
2025-04-23T18:59:47.000,16.79,-5.93,41917.86,8.45,20.0,35013,-2.25,-53.0,0.22
2025-04-23T19:00:47.000,16.74,-5.98,36004.27,8.61,20.0,35014,-2.43,-53.0,0.22
2025-04-23T19:01:47.000,16.69,-5.97,30709.69,8.78,20.0,35015,-2.61,-54.0,0.22
2025-04-23T19:02:47.000,16.64,-5.95,25184.55,9.22,20.0,35016,-2.78,-54.0,0.22
2025-04-23T19:03:47.000,16.56,-6.23,21999.73,9.15,20.0,35017,-2.96,-54.0,0.219
2025-04-23T19:04:47.000,16.45,-6.38,18456.22,9.34,20.0,35018,-3.14,-54.0,0.219
2025-04-23T19:05:47.000,16.39,-6.26,15382.29,9.53,20.0,35019,-3.32,-54.0,0.219
2025-04-23T19:06:48.000,16.37,-6.21,12739.18,9.74,20.0,35020,-3.5,-54.0,0.219
2025-04-23T19:07:48.000,16.3,-6.34,10492.56,9.95,20.0,35021,-3.68,-54.0,0.219
2025-04-23T19:08:48.000,16.25,-6.25,8616.27,10.16,20.0,35022,-3.86,-54.0,0.219
2025-04-23T19:09:48.000,16.23,-6.22,7046.13,10.38,20.0,35023,-4.04,-54.0,0.219
2025-04-23T19:10:48.000,16.17,-6.28,5745.84,10.6,20.0,35024,-4.22,-55.0,0.219
2025-04-23T19:11:48.000,16.09,-6.51,4678.83,10.83,20.0,35025,-4.4,-55.0,0.219
2025-04-23T19:12:48.000,15.99,-6.57,3796.24,11.05,20.0,35026,-4.57,-55.0,0.219
2025-04-23T19:13:48.000,15.93,-6.6,3073.33,11.28,20.0,35027,-4.75,-55.0,0.219
2025-04-23T19:14:48.000,15.89,-6.63,2484.04,11.51,20.0,35028,-4.93,-55.0,0.219
2025-04-23T19:15:48.000,15.85,-6.71,2006.38,11.75,20.0,35029,-5.11,-55.0,0.219
2025-04-23T19:16:48.000,15.79,-6.76,1619.58,11.98,20.0,35030,-5.28,-55.0,0.219
2025-04-23T19:17:48.000,15.74,-6.87,1306.36,12.21,20.0,35031,-5.46,-55.0,0.219
2025-04-23T19:18:48.000,15.68,-6.92,1054.94,12.44,20.0,35032,-5.64,-55.0,0.218
2025-04-23T19:19:48.000,15.61,-7.07,850.89,12.68,20.0,35033,-5.81,-56.0,0.218
2025-04-23T19:20:48.000,15.5,-7.29,686.0,12.91,20.0,35034,-5.99,-56.0,0.218
2025-04-23T19:21:48.000,15.41,-7.27,553.42,13.14,20.0,35035,-6.16,-56.0,0.218
2025-04-23T19:22:48.000,15.33,-7.36,446.2,13.38,20.0,35036,-6.34,-56.0,0.218
2025-04-23T19:23:49.000,15.24,-7.36,359.73,13.61,20.0,35037,-6.52,-56.0,0.218
2025-04-23T19:24:49.000,15.16,-7.47,289.49,13.85,20.0,35038,-6.69,-56.0,0.218
2025-04-23T19:25:49.000,15.08,-7.43,232.97,14.08,20.0,35039,-6.87,-56.0,0.218
2025-04-23T19:26:49.000,15.03,-7.32,187.69,14.32,20.0,35040,-7.04,-56.0,0.218
2025-04-23T19:27:49.000,14.98,-7.33,151.43,14.55,20.0,35041,-7.22,-56.0,0.218
2025-04-23T19:28:49.000,14.95,-7.1,122.63,14.78,20.0,35042,-7.39,-56.0,0.218
2025-04-23T19:29:49.000,14.95,-7.09,99.1,15.01,20.0,35043,-7.57,-57.0,0.218
2025-04-23T19:30:49.000,14.96,-7.12,80.48,15.24,20.0,35044,-7.74,-57.0,0.218
2025-04-23T19:31:49.000,14.95,-7.19,65.61,15.46,20.0,35045,-7.91,-57.0,0.218
2025-04-23T19:32:49.000,14.93,-7.09,53.55,15.68,20.0,35046,-8.09,-57.0,0.218
2025-04-23T19:33:49.000,14.91,-7.17,44.4,15.88,20.0,35047,-8.26,-57.0,0.217
2025-04-23T19:34:49.000,14.87,-7.2,36.91,16.08,20.0,35048,-8.43,-57.0,0.217
2025-04-23T19:35:49.000,14.85,-7.13,30.6,16.29,20.0,35049,-8.61,-57.0,0.217
2025-04-23T19:36:49.000,14.84,-7.0,25.71,16.48,20.0,35050,-8.78,-57.0,0.217
2025-04-23T19:37:49.000,14.82,-7.03,21.66,16.66,20.0,35051,-8.95,-57.0,0.217
2025-04-23T19:38:49.000,14.82,-6.97,18.37,16.84,20.0,35052,-9.12,-57.0,0.217
2025-04-23T19:39:50.000,14.82,-7.1,15.49,17.03,20.0,35053,-9.3,-57.0,0.217
2025-04-23T19:40:50.000,14.75,-7.15,13.28,17.19,20.0,35054,-9.47,-57.0,0.217
2025-04-23T19:41:50.000,14.71,-7.3,11.3,17.37,20.0,35055,-9.64,-58.0,0.217
2025-04-23T19:42:50.000,14.63,-7.44,9.68,17.54,20.0,35056,-9.81,-58.0,0.217
2025-04-23T19:43:50.000,14.58,-7.39,8.35,17.7,20.0,35057,-9.98,-58.0,0.217
2025-04-23T19:44:50.000,14.51,-7.57,7.24,17.85,20.0,35058,-10.15,-58.0,0.217
2025-04-23T19:45:50.000,14.44,-7.58,6.23,18.01,20.0,35059,-10.32,-58.0,0.217
2025-04-23T19:46:50.000,14.42,-7.4,5.45,18.16,20.0,35060,-10.49,-58.0,0.217
2025-04-23T19:47:50.000,14.4,-7.45,4.77,18.31,20.0,35061,-10.66,-58.0,0.217
2025-04-23T19:48:50.000,14.34,-7.59,4.15,18.45,20.0,35062,-10.83,-58.0,0.216
2025-04-23T19:49:50.000,14.26,-7.63,3.66,18.59,20.0,35063,-11.0,-58.0,0.216
2025-04-23T19:50:50.000,14.26,-7.49,3.24,18.73,20.0,35064,-11.17,-58.0,0.216
2025-04-23T19:51:50.000,14.31,-7.51,2.88,18.85,20.0,35065,-11.34,-58.0,0.216
2025-04-23T19:52:50.000,14.28,-7.47,2.55,18.98,20.0,35066,-11.5,-58.0,0.216
2025-04-23T19:53:50.000,14.24,-7.72,2.32,19.09,20.0,35067,-11.67,-58.0,0.216
2025-04-23T19:54:50.000,14.2,-7.65,2.08,19.21,20.0,35068,-11.84,-58.0,0.216
2025-04-23T19:55:51.000,14.13,-8.02,1.88,19.32,20.0,35069,-12.01,-58.0,0.216
2025-04-23T19:56:51.000,14.05,-7.96,1.71,19.42,20.0,35070,-12.18,-59.0,0.216
2025-04-23T19:57:51.000,14.02,-7.93,1.58,19.5,20.0,35071,-12.34,-59.0,0.216
2025-04-23T19:58:51.000,14.0,-7.86,1.46,19.59,20.0,35072,-12.51,-59.0,0.216
2025-04-23T19:59:51.000,14.0,-7.77,1.36,19.67,20.0,35073,-12.68,-59.0,0.216
2025-04-23T20:00:51.000,14.0,-7.7,1.27,19.74,20.0,35074,-12.84,-59.0,0.216
2025-04-23T20:01:51.000,14.02,-7.61,1.2,19.8,20.0,35075,-13.01,-59.0,0.216
2025-04-23T20:02:51.000,14.03,-7.62,1.13,19.87,20.0,35076,-13.17,-59.0,0.216
2025-04-23T20:03:51.000,14.01,-7.59,1.08,19.92,20.0,35077,-13.34,-59.0,0.215
2025-04-23T20:04:51.000,13.98,-7.65,1.03,19.97,20.0,35078,-13.5,-59.0,0.215
2025-04-23T20:05:51.000,13.92,-7.69,0.98,20.02,20.0,35079,-13.67,-59.0,0.215
2025-04-23T20:06:51.000,13.87,-7.83,0.95,20.06,20.0,35080,-13.83,-59.0,0.215
2025-04-23T20:07:51.000,13.76,-8.13,0.92,20.09,20.0,35081,-13.99,-59.0,0.215
2025-04-23T20:08:51.000,13.64,-8.31,0.89,20.13,20.0,35082,-14.16,-59.0,0.215
2025-04-23T20:09:51.000,13.57,-8.08,0.87,20.15,20.0,35083,-14.32,-59.0,0.215
2025-04-23T20:10:51.000,13.59,-7.85,0.85,20.18,20.0,35084,-14.48,-59.0,0.215
2025-04-23T20:11:52.000,13.51,-8.44,0.83,20.2,20.0,35085,-14.65,-59.0,0.215
2025-04-23T20:12:52.000,13.41,-8.44,0.82,20.21,20.0,35086,-14.81,-59.0,0.215
2025-04-23T20:13:52.000,13.34,-8.6,0.82,20.22,20.0,35087,-14.97,-59.0,0.215
2025-04-23T20:14:52.000,13.26,-8.57,0.79,20.25,20.0,35088,-15.13,-59.0,0.215
2025-04-23T20:16:52.000,13.14,-8.61,0.78,20.28,20.0,35090,-15.46,-59.0,0.215
2025-04-23T20:17:52.000,13.09,-8.54,0.77,20.29,20.0,35091,-15.62,-59.0,0.215
2025-04-23T20:18:52.000,13.07,-8.47,0.76,20.29,20.0,35092,-15.78,-60.0,0.214
2025-04-23T20:19:52.000,13.0,-8.59,0.76,20.3,20.0,35093,-15.94,-60.0,0.214
2025-04-23T20:20:52.000,12.95,-8.53,0.75,20.31,20.0,35094,-16.09,-60.0,0.214
2025-04-23T20:21:52.000,12.96,-8.31,0.75,20.32,20.0,35095,-16.25,-60.0,0.214
2025-04-23T20:22:52.000,12.99,-8.2,0.74,20.32,20.0,35096,-16.41,-60.0,0.214
2025-04-23T20:23:52.000,13.0,-8.28,0.74,20.33,20.0,35097,-16.57,-60.0,0.214
2025-04-23T20:24:52.000,12.96,-8.42,0.74,20.33,20.0,35098,-16.73,-60.0,0.214
2025-04-23T20:25:52.000,12.9,-8.59,0.73,20.34,20.0,35099,-16.89,-60.0,0.214
2025-04-23T20:26:52.000,12.86,-8.52,0.73,20.34,20.0,35100,-17.04,-60.0,0.214
2025-04-23T20:27:52.000,12.84,-8.51,0.73,20.34,20.0,35101,-17.2,-60.0,0.214
2025-04-23T20:28:52.000,12.8,-8.71,0.73,20.34,20.0,35102,-17.36,-60.0,0.214
2025-04-23T20:29:53.000,12.73,-8.78,0.72,20.35,20.0,35103,-17.52,-60.0,0.214
2025-04-23T20:30:53.000,12.7,-8.8,0.72,20.36,20.0,35104,-17.67,-60.0,0.214
2025-04-23T20:31:53.000,12.68,-8.8,0.72,20.36,20.0,35105,-17.83,-60.0,0.214
2025-04-23T20:32:53.000,12.7,-8.55,0.71,20.37,20.0,35106,-17.98,-60.0,0.214
2025-04-23T20:33:53.000,12.71,-8.7,0.71,20.37,20.0,35107,-18.14,-60.0,0.214
2025-04-23T20:34:53.000,12.65,-8.87,0.71,20.37,20.0,35108,-18.29,-60.0,0.213
2025-04-23T20:35:53.000,12.67,-8.71,0.71,20.37,20.0,35109,-18.44,-60.0,0.213
2025-04-23T20:36:53.000,12.66,-8.69,0.71,20.37,20.0,35110,-18.6,-60.0,0.213
2025-04-23T20:37:53.000,12.61,-8.89,0.71,20.38,20.0,35111,-18.75,-60.0,0.213
2025-04-23T20:38:53.000,12.56,-8.98,0.71,20.38,20.0,35112,-18.9,-60.0,0.213
2025-04-23T20:39:53.000,12.53,-8.91,0.71,20.38,20.0,35113,-19.06,-60.0,0.213
2025-04-23T20:40:53.000,12.49,-9.04,0.71,20.38,20.0,35114,-19.21,-60.0,0.213
2025-04-23T20:41:53.000,12.49,-8.69,0.71,20.38,20.0,35115,-19.36,-60.0,0.213
2025-04-23T20:42:53.000,12.55,-8.54,0.71,20.38,20.0,35116,-19.51,-60.0,0.213
2025-04-23T20:43:53.000,12.59,-8.55,0.7,20.38,20.0,35117,-19.66,-60.0,0.213
2025-04-23T20:44:53.000,12.63,-8.5,0.7,20.38,20.0,35118,-19.81,-60.0,0.213
2025-04-23T20:45:53.000,12.59,-8.67,0.71,20.37,20.0,35119,-19.96,-60.0,0.213
2025-04-23T20:46:54.000,12.59,-8.48,0.71,20.38,20.0,35120,-20.11,-60.0,0.213
2025-04-23T20:47:54.000,12.63,-8.45,0.7,20.39,20.0,35121,-20.26,-60.0,0.213
2025-04-23T20:48:54.000,12.66,-8.45,1.06,20.22,20.0,35122,-20.41,-60.0,0.213
2025-04-23T20:49:54.000,12.68,-8.52,0.7,20.38,20.0,35123,-20.56,-60.0,0.212
2025-04-23T20:50:54.000,12.68,-8.52,0.7,20.39,20.0,35124,-20.71,-60.0,0.212
2025-04-23T20:51:54.000,12.67,-8.64,0.7,20.38,20.0,35125,-20.85,-60.0,0.212
2025-04-23T20:52:54.000,12.69,-8.5,0.7,20.39,20.0,35126,-21.0,-60.0,0.212
2025-04-23T20:53:54.000,12.69,-8.76,0.7,20.39,20.0,35127,-21.15,-60.0,0.212
2025-04-23T20:54:54.000,12.67,-8.68,0.7,20.38,20.0,35128,-21.29,-60.0,0.212
2025-04-23T20:55:54.000,12.67,-8.54,0.7,20.39,20.0,35129,-21.44,-60.0,0.212
2025-04-23T20:56:54.000,12.73,-8.49,0.7,20.39,20.0,35130,-21.58,-60.0,0.212
2025-04-23T20:57:54.000,12.8,-8.43,0.7,20.39,20.0,35131,-21.73,-60.0,0.212
2025-04-23T20:58:54.000,12.83,-8.38,0.7,20.38,20.0,35132,-21.87,-59.0,0.212
2025-04-23T20:59:54.000,12.87,-8.34,0.7,20.39,20.0,35133,-22.01,-59.0,0.212
2025-04-23T21:00:54.000,12.9,-8.4,0.7,20.39,20.0,35134,-22.16,-59.0,0.212
2025-04-23T21:01:54.000,12.91,-8.43,0.7,20.39,20.0,35135,-22.3,-59.0,0.212
2025-04-23T21:02:55.000,12.94,-8.41,0.7,20.39,20.0,35136,-22.44,-59.0,0.212
2025-04-23T21:03:55.000,12.99,-8.41,0.69,20.4,20.0,35137,-22.59,-59.0,0.212
2025-04-23T21:04:55.000,13.03,-8.4,0.69,20.4,20.0,35138,-22.73,-59.0,0.211
2025-04-23T21:05:55.000,13.09,-8.39,0.69,20.4,20.0,35139,-22.87,-59.0,0.211
2025-04-23T21:06:55.000,13.09,-8.54,0.69,20.4,20.0,35140,-23.01,-59.0,0.211
2025-04-23T21:07:55.000,13.06,-8.56,0.69,20.4,20.0,35141,-23.15,-59.0,0.211
2025-04-23T21:08:55.000,13.11,-8.59,0.69,20.4,20.0,35142,-23.29,-59.0,0.211
2025-04-23T21:09:55.000,13.17,-8.53,0.69,20.4,20.0,35143,-23.43,-59.0,0.211
2025-04-23T21:10:55.000,13.2,-8.46,0.69,20.4,20.0,35144,-23.56,-59.0,0.211
2025-04-23T21:11:55.000,13.22,-8.6,0.69,20.4,20.0,35145,-23.7,-59.0,0.211
2025-04-23T21:12:55.000,13.19,-8.62,0.69,20.4,20.0,35146,-23.84,-59.0,0.211
2025-04-23T21:13:55.000,13.17,-8.7,0.69,20.4,20.0,35147,-23.98,-59.0,0.211
2025-04-23T21:14:55.000,13.16,-8.64,0.69,20.4,20.0,35148,-24.11,-59.0,0.211
2025-04-23T21:15:55.000,13.16,-8.7,0.69,20.4,20.0,35149,-24.25,-59.0,0.211
