ecsv/stars73/stars73_2024-04.ecsv
# %ECSV 1.0
# ---
# datatype:
# - {name: time, datatype: string}
# - {name: Enclosure Temperature, unit: deg_C, datatype: float64}
# - {name: Sky Temperature, unit: deg_C, datatype: float64}
# - {name: Frequency, unit: Hz, datatype: float64}
# - {name: MSAS, unit: mag / arcsec2, datatype: float64}
# - {name: ZP, datatype: float64}
# - {name: Sequence Number, datatype: int64}
# - {name: Sun Alt, unit: deg, datatype: float64}
# - {name: Moon Alt, unit: deg, datatype: float64}
# - {name: Moon Illumination, datatype: float64}
# delimiter: ','
# meta: !!omap
# - ida:
#     Data supplier: {affiliation: ACTUEL, observer: null}
#     Device type: TESS-W
#     Field of view: 17.0
#     Filters per channel: None
#     Instrument ID: stars73
#     License: ODbL 1.0 http://opendatacommons.org/licenses/odbl/summary/
#     Local timezone: Europe/Madrid
#     Location name: {country: "- Observatorio Astron\xF3mico de San Blas", place: Teruel, region: Spain, sub_region: Aragon, town: Teruel}
#     Measurement direction per channel: {azimuth: 0.0, zenital: 0.0}
#     Moving / Fixed look direction: FIXED
#     Moving / Stationary position: STATIONARY
#     Number of channels: 1
#     Number of fields per line: 8
#     Number of header lines: 35
#     Position: {height: 0.0, latitude: 40.349958, longitude: -1.170225}
#     TESS MAC address: 18:FE:34:D3:47:17
#     TESS cover offset value: 0.0
#     TESS firmware version: Unknown
#     TESS zero point: 0.0
#     Time Synchronization: timestamp added by MQTT subscriber
#     URL: http://www.darksky.org/NSBM/sdf1.0.pdf
# - __serialized_columns__:
#     Enclosure Temperature:
#       __class__: astropy.units.quantity.Quantity
#       unit: &id001 !astropy.units.Unit {unit: deg_C}
#       value: !astropy.table.SerializedColumn {name: Enclosure Temperature}
#     Frequency:
#       __class__: astropy.units.quantity.Quantity
#       unit: !astropy.units.Unit {unit: Hz}
#       value: !astropy.table.SerializedColumn {name: Frequency}
#     MSAS:
#       __class__: astropy.units.quantity.Quantity
#       unit: !astropy.units.Unit {unit: mag / arcsec2}
#       value: !astropy.table.SerializedColumn {name: MSAS}
#     Moon Alt:
#       __class__: astropy.units.quantity.Quantity
#       unit: &id002 !astropy.units.Unit {unit: deg}
#       value: !astropy.table.SerializedColumn {name: Moon Alt}
#     Sky Temperature:
#       __class__: astropy.units.quantity.Quantity
#       unit: *id001
#       value: !astropy.table.SerializedColumn {name: Sky Temperature}
#     Sun Alt:
#       __class__: astropy.units.quantity.Quantity
#       unit: *id002
#       value: !astropy.table.SerializedColumn {name: Sun Alt}
#     time:
#       __class__: astropy.time.core.Time
#       format: isot
#       in_subfmt: '*'
#       out_subfmt: '*'
#       precision: 3
#       scale: utc
#       value: !astropy.table.SerializedColumn {name: time}
# schema: astropy-2.0
time,Enclosure Temperature,Sky Temperature,Frequency,MSAS,ZP,Sequence Number,Sun Alt,Moon Alt,Moon Illumination
[from data line 13944]
2024-04-26T02:01:21.000,9.88,-17.27,7.48,17.82,0.0,3936,-29.38,25.0,0.956
2024-04-26T02:02:21.000,9.86,-17.29,7.48,17.82,0.0,3937,-29.28,25.0,0.956
2024-04-26T02:03:21.000,10.27,-17.27,7.47,17.82,0.0,3938,-29.17,25.0,0.956
2024-04-26T02:04:21.000,10.52,-16.95,7.81,17.77,0.0,3939,-29.06,25.0,0.956
2024-04-26T02:05:21.000,10.52,-16.14,7.68,17.79,0.0,3940,-28.95,25.0,0.956
2024-04-26T02:06:21.000,10.26,-15.99,7.64,17.79,0.0,3941,-28.85,25.0,0.956
2024-04-26T02:07:21.000,9.96,-15.76,7.63,17.79,0.0,3942,-28.74,25.0,0.956
2024-04-26T02:08:21.000,9.98,-15.48,8.06,17.73,0.0,3943,-28.63,25.0,0.956
2024-04-26T02:09:21.000,10.42,-15.37,7.99,17.74,0.0,3944,-28.52,25.0,0.956
2024-04-26T02:10:21.000,10.7,-15.45,7.97,17.75,0.0,3945,-28.4,24.0,0.956
2024-04-26T02:11:21.000,10.62,-15.69,7.79,17.77,0.0,3946,-28.29,24.0,0.956
2024-04-26T02:12:22.000,10.17,-16.54,7.66,17.79,0.0,3947,-28.18,24.0,0.956
2024-04-26T02:13:22.000,9.54,-17.24,7.5,17.81,0.0,3948,-28.06,24.0,0.956
2024-04-26T02:14:22.000,9.44,-17.82,7.34,17.84,0.0,3949,-27.95,24.0,0.956
2024-04-26T02:15:22.000,9.83,-17.93,7.3,17.84,0.0,3950,-27.84,24.0,0.956
2024-04-26T02:16:22.000,10.47,-17.75,7.18,17.86,0.0,3951,-27.72,24.0,0.956
2024-04-26T02:17:22.000,10.66,-17.83,7.16,17.86,0.0,3952,-27.6,24.0,0.956
2024-04-26T02:18:22.000,10.38,-17.57,6.97,17.89,0.0,3953,-27.49,24.0,0.956
2024-04-26T02:19:22.000,9.95,-17.27,4.54,18.37,0.0,3954,-27.37,24.0,0.956
2024-04-26T02:20:22.000,9.68,-17.03,3.4,18.67,0.0,3955,-27.25,24.0,0.956
2024-04-26T02:21:22.000,9.96,-17.6,3.56,18.62,0.0,3956,-27.13,24.0,0.956
2024-04-26T02:22:22.000,10.34,-17.54,3.73,18.57,0.0,3957,-27.02,24.0,0.956
2024-04-26T02:23:22.000,10.43,-16.68,3.89,18.53,0.0,3958,-26.9,24.0,0.956
2024-04-26T02:24:22.000,10.1,-16.8,4.12,18.46,0.0,3959,-26.78,24.0,0.956
2024-04-26T02:25:22.000,9.72,-16.36,4.43,18.39,0.0,3960,-26.65,24.0,0.956
2024-04-26T02:26:22.000,9.83,-16.12,4.63,18.34,0.0,3961,-26.53,24.0,0.956
2024-04-26T02:27:22.000,10.31,-15.6,5.29,18.2,0.0,3962,-26.41,24.0,0.956
2024-04-26T02:28:22.000,10.56,-14.99,7.58,17.81,0.0,3963,-26.29,24.0,0.956
2024-04-26T02:29:23.000,10.45,-13.92,9.42,17.57,0.0,3964,-26.16,24.0,0.956
2024-04-26T02:30:23.000,10.33,-12.67,8.77,17.65,0.0,3965,-26.04,24.0,0.956
2024-04-26T02:31:23.000,10.2,-12.92,6.73,17.93,0.0,3966,-25.91,24.0,0.956
2024-04-26T02:32:23.000,9.97,-13.03,5.3,18.19,0.0,3967,-25.79,24.0,0.956
2024-04-26T02:33:23.000,9.96,-13.12,4.61,18.34,0.0,3968,-25.66,24.0,0.956
2024-04-26T02:34:23.000,10.45,-13.16,4.55,18.36,0.0,3969,-25.54,24.0,0.956
2024-04-26T02:35:23.000,10.78,-13.25,4.54,18.36,0.0,3970,-25.41,23.0,0.955
2024-04-26T02:36:23.000,10.83,-13.5,4.41,18.39,0.0,3971,-25.28,23.0,0.955
2024-04-26T02:37:23.000,10.65,-13.56,4.45,18.38,0.0,3972,-25.16,23.0,0.955
2024-04-26T02:38:23.000,10.34,-13.33,4.31,18.41,0.0,3973,-25.03,23.0,0.955
2024-04-26T02:39:23.000,10.01,-12.88,4.6,18.34,0.0,3974,-24.9,23.0,0.955
2024-04-26T02:40:23.000,9.85,-12.7,5.45,18.16,0.0,3975,-24.77,23.0,0.955
2024-04-26T02:41:23.000,10.21,-12.63,7.12,17.88,0.0,3976,-24.64,23.0,0.955
2024-04-26T02:42:23.000,10.48,-12.9,9.38,17.57,0.0,3977,-24.51,23.0,0.955
2024-04-26T02:43:23.000,10.29,-13.11,9.38,17.57,0.0,3978,-24.38,23.0,0.955
2024-04-26T02:44:23.000,10.05,-12.01,8.18,17.72,0.0,3979,-24.25,23.0,0.955
2024-04-26T02:45:24.000,9.94,-12.22,7.1,17.87,0.0,3980,-24.11,23.0,0.955
2024-04-26T02:46:24.000,10.2,-12.65,6.98,17.89,0.0,3981,-23.98,23.0,0.955
2024-04-26T02:47:24.000,10.56,-12.42,7.65,17.79,0.0,3982,-23.84,23.0,0.955
2024-04-26T02:48:24.000,10.61,-12.85,8.45,17.68,0.0,3983,-23.71,23.0,0.955
2024-04-26T02:49:24.000,10.17,-13.28,8.1,17.73,0.0,3984,-23.58,23.0,0.955
2024-04-26T02:50:24.000,9.69,-13.82,6.15,18.03,0.0,3985,-23.44,23.0,0.955
2024-04-26T02:51:25.000,9.75,-14.5,5.05,18.24,0.0,3986,-23.3,23.0,0.955
2024-04-26T02:52:24.000,10.01,-15.76,5.08,18.24,0.0,3987,-23.17,23.0,0.955
2024-04-26T02:53:25.000,10.39,-14.44,5.58,18.14,0.0,3988,-23.03,22.0,0.955
2024-04-26T02:55:25.000,10.48,-11.81,9.17,17.6,0.0,3990,-22.76,22.0,0.955
2024-04-26T02:56:25.000,10.57,-11.19,7.9,17.76,0.0,3991,-22.62,22.0,0.955
2024-04-26T02:58:26.000,10.09,-11.14,8.63,17.66,0.0,3993,-22.34,22.0,0.955
2024-04-26T02:59:25.000,9.82,-11.59,8.1,17.73,0.0,3994,-22.2,22.0,0.955
2024-04-26T03:00:25.000,10.13,-11.57,7.2,17.86,0.0,3995,-22.06,22.0,0.955
2024-04-26T03:01:25.000,10.7,-11.94,8.24,17.72,0.0,3996,-21.92,22.0,0.955
2024-04-26T03:02:26.000,10.89,-12.43,8.18,17.72,0.0,3997,-21.78,22.0,0.955
2024-04-26T03:03:26.000,10.77,-12.34,7.71,17.78,0.0,3998,-21.64,22.0,0.955
2024-04-26T03:04:26.000,10.46,-12.45,8.08,17.73,0.0,3999,-21.49,22.0,0.955
2024-04-26T03:05:26.000,9.88,-13.53,8.01,17.74,0.0,4000,-21.35,22.0,0.955
2024-04-26T03:06:26.000,9.34,-13.99,8.94,17.62,0.0,4001,-21.21,22.0,0.955
2024-04-26T03:07:26.000,9.37,-14.65,9.67,17.54,0.0,4002,-21.07,21.0,0.955
2024-04-26T03:08:26.000,9.78,-15.51,8.46,17.69,0.0,4003,-20.92,21.0,0.955
2024-04-26T03:09:26.000,10.16,-15.95,8.65,17.66,0.0,4004,-20.78,21.0,0.955
2024-04-26T03:10:26.000,10.11,-15.28,10.3,17.47,0.0,4005,-20.63,21.0,0.954
2024-04-26T03:11:26.000,9.96,-12.97,9.51,17.56,0.0,4006,-20.49,21.0,0.954
2024-04-26T03:12:26.000,10.42,-11.06,9.7,17.53,0.0,4007,-20.34,21.0,0.954
2024-04-26T03:13:26.000,10.87,-10.43,10.07,17.49,0.0,4008,-20.2,21.0,0.954
2024-04-26T03:14:26.000,10.89,-9.82,10.71,17.43,0.0,4009,-20.05,21.0,0.954
2024-04-26T03:15:26.000,10.78,-9.23,11.57,17.34,0.0,4010,-19.9,21.0,0.954
2024-04-26T03:16:26.000,10.58,-9.14,11.99,17.3,0.0,4011,-19.76,21.0,0.954
2024-04-26T03:17:26.000,9.74,-11.34,13.39,17.18,0.0,4012,-19.61,21.0,0.954
2024-04-26T03:18:26.000,9.13,-12.38,12.26,17.28,0.0,4013,-19.46,21.0,0.954
2024-04-26T03:19:26.000,9.38,-12.51,9.68,17.54,0.0,4014,-19.31,21.0,0.954
2024-04-26T03:20:27.000,10.31,-12.55,9.64,17.54,0.0,4015,-19.16,21.0,0.954
2024-04-26T03:21:27.000,11.06,-12.22,9.98,17.51,0.0,4016,-19.01,20.0,0.954
2024-04-26T03:22:27.000,11.35,-12.12,6.95,17.9,0.0,4017,-18.86,20.0,0.954
2024-04-26T03:23:27.000,11.28,-11.87,6.85,17.91,0.0,4018,-18.71,20.0,0.954
2024-04-26T03:24:27.000,11.16,-11.45,6.6,17.95,0.0,4019,-18.56,20.0,0.954
2024-04-26T03:25:27.000,10.89,-11.53,6.65,17.94,0.0,4020,-18.41,20.0,0.954
2024-04-26T03:26:27.000,10.49,-11.58,6.86,17.91,0.0,4021,-18.26,20.0,0.954
2024-04-26T03:27:27.000,9.99,-11.82,7.5,17.82,0.0,4022,-18.11,20.0,0.954
2024-04-26T03:28:27.000,9.74,-12.13,6.99,17.89,0.0,4023,-17.95,20.0,0.954
2024-04-26T03:29:27.000,10.17,-12.77,7.37,17.83,0.0,4024,-17.8,20.0,0.954
2024-04-26T03:30:27.000,10.3,-15.01,6.13,18.03,0.0,4025,-17.65,20.0,0.954
2024-04-26T03:31:27.000,9.89,-15.54,5.84,18.09,0.0,4026,-17.49,20.0,0.954
2024-04-26T03:32:27.000,9.87,-14.79,5.48,18.15,0.0,4027,-17.34,19.0,0.954
2024-04-26T03:33:27.000,10.62,-13.74,5.2,18.21,0.0,4028,-17.19,19.0,0.954
2024-04-26T03:34:27.000,11.11,-13.46,5.13,18.23,0.0,4029,-17.03,19.0,0.954
2024-04-26T03:35:27.000,11.2,-11.89,6.52,17.97,0.0,4030,-16.88,19.0,0.954
2024-04-26T03:36:28.000,10.98,-10.46,6.7,17.94,0.0,4031,-16.72,19.0,0.954
2024-04-26T03:37:28.000,10.51,-9.21,7.7,17.79,0.0,4032,-16.56,19.0,0.954
2024-04-26T03:38:28.000,10.26,-7.06,6.45,17.98,0.0,4033,-16.41,19.0,0.954
2024-04-26T03:39:28.000,9.9,-6.47,6.86,17.91,0.0,4034,-16.25,19.0,0.954
2024-04-26T03:40:28.000,9.62,-5.39,6.67,17.94,0.0,4035,-16.09,19.0,0.954
2024-04-26T03:41:28.000,10.05,-3.06,7.52,17.81,0.0,4036,-15.94,19.0,0.954
2024-04-26T03:42:28.000,11.01,-1.42,8.98,17.62,0.0,4037,-15.78,19.0,0.954
2024-04-26T03:43:28.000,11.59,-1.28,9.77,17.53,0.0,4038,-15.62,18.0,0.954
2024-04-26T03:44:28.000,11.84,-1.97,7.67,17.79,0.0,4039,-15.46,18.0,0.953
2024-04-26T03:45:28.000,11.64,-2.99,7.84,17.77,0.0,4040,-15.3,18.0,0.953
2024-04-26T03:46:28.000,11.16,-2.93,8.79,17.64,0.0,4041,-15.14,18.0,0.953
2024-04-26T03:47:28.000,10.79,-3.26,8.45,17.68,0.0,4042,-14.98,18.0,0.953
2024-04-26T03:48:28.000,10.51,-4.56,8.25,17.71,0.0,4043,-14.83,18.0,0.953
2024-04-26T03:49:28.000,10.19,-5.68,7.99,17.74,0.0,4044,-14.67,18.0,0.953
2024-04-26T03:50:28.000,9.96,-5.39,7.77,17.77,0.0,4045,-14.5,18.0,0.953
2024-04-26T03:51:28.000,10.0,-5.29,7.91,17.75,0.0,4046,-14.34,18.0,0.953
2024-04-26T03:52:29.000,10.52,-4.97,8.39,17.69,0.0,4047,-14.18,18.0,0.953
2024-04-26T03:53:29.000,10.93,-4.97,8.95,17.62,0.0,4048,-14.02,17.0,0.953
2024-04-26T03:54:29.000,11.04,-5.49,9.61,17.54,0.0,4049,-13.86,17.0,0.953
2024-04-26T03:55:29.000,10.96,-6.01,9.29,17.58,0.0,4050,-13.69,17.0,0.953
2024-04-26T03:56:29.000,10.71,-6.41,9.1,17.6,0.0,4051,-13.53,17.0,0.953
2024-04-26T03:57:29.000,10.31,-6.46,10.26,17.48,0.0,4052,-13.37,17.0,0.953
2024-04-26T03:58:29.000,10.02,-6.28,10.54,17.45,0.0,4053,-13.21,17.0,0.953
2024-04-26T03:59:29.000,9.85,-6.74,9.01,17.61,0.0,4054,-13.04,17.0,0.953
2024-04-26T04:00:29.000,10.26,-6.1,8.62,17.66,0.0,4055,-12.88,17.0,0.953
2024-04-26T04:01:29.000,10.93,-5.63,8.7,17.65,0.0,4056,-12.72,17.0,0.953
2024-04-26T04:02:29.000,10.96,-6.18,9.42,17.57,0.0,4057,-12.55,17.0,0.953
2024-04-26T04:03:29.000,10.76,-5.35,10.19,17.48,0.0,4058,-12.39,16.0,0.953
2024-04-26T04:04:29.000,10.62,-4.39,10.53,17.44,0.0,4059,-12.22,16.0,0.953
2024-04-26T04:05:29.000,10.24,-4.91,9.95,17.51,0.0,4060,-12.06,16.0,0.953
2024-04-26T04:06:30.000,9.71,-4.5,9.08,17.61,0.0,4061,-11.89,16.0,0.953
2024-04-26T04:07:30.000,9.79,-4.3,9.69,17.54,0.0,4062,-11.72,16.0,0.953
2024-04-26T04:08:30.000,10.75,-4.14,10.62,17.44,0.0,4063,-11.56,16.0,0.953
2024-04-26T04:09:30.000,11.5,-3.95,11.37,17.36,0.0,4064,-11.39,16.0,0.953
2024-04-26T04:10:30.000,11.81,-3.52,11.5,17.35,0.0,4065,-11.22,16.0,0.953
2024-04-26T04:11:30.000,11.83,-3.27,11.93,17.31,0.0,4066,-11.06,16.0,0.953
2024-04-26T04:12:30.000,11.61,-3.39,12.09,17.29,0.0,4067,-10.89,15.0,0.953
2024-04-26T04:13:30.000,11.24,-3.46,12.42,17.26,0.0,4068,-10.72,15.0,0.953
2024-04-26T04:14:30.000,10.95,-3.25,12.85,17.23,0.0,4069,-10.55,15.0,0.953
2024-04-26T04:15:30.000,10.59,-3.47,13.57,17.17,0.0,4070,-10.39,15.0,0.953
2024-04-26T04:16:30.000,10.28,-3.09,14.73,17.08,0.0,4071,-10.22,15.0,0.953
2024-04-26T04:17:30.000,10.02,-3.07,15.98,16.99,0.0,4072,-10.05,15.0,0.952
2024-04-26T04:18:30.000,9.94,-3.66,17.38,16.9,0.0,4073,-9.88,15.0,0.952
2024-04-26T04:19:31.000,10.26,-4.04,18.6,16.83,0.0,4074,-9.71,15.0,0.952
2024-04-26T04:20:32.000,10.37,-4.95,19.67,16.77,0.0,4075,-9.54,15.0,0.952
2024-04-26T04:21:31.000,10.2,-4.64,22.25,16.63,0.0,4076,-9.37,14.0,0.952
2024-04-26T04:22:31.000,10.04,-4.0,24.85,16.51,0.0,4077,-9.2,14.0,0.952
2024-04-26T04:23:31.000,10.05,-3.51,27.48,16.4,0.0,4078,-9.03,14.0,0.952
2024-04-26T04:24:31.000,10.47,-3.0,31.37,16.26,0.0,4079,-8.86,14.0,0.952
2024-04-26T04:25:32.000,10.71,-2.71,36.65,16.09,0.0,4080,-8.68,14.0,0.952
2024-04-26T04:26:31.000,10.7,-2.29,42.48,15.93,0.0,4081,-8.52,14.0,0.952
2024-04-26T04:27:31.000,10.68,-1.89,47.66,15.81,0.0,4082,-8.34,14.0,0.952
2024-04-26T04:28:31.000,10.55,-1.74,55.07,15.65,0.0,4083,-8.17,14.0,0.952
2024-04-26T04:29:31.000,10.4,-1.7,65.16,15.47,0.0,4084,-8.0,14.0,0.952
2024-04-26T04:30:32.000,10.17,-1.7,76.09,15.3,0.0,4085,-7.83,13.0,0.952
2024-04-26T04:31:32.000,10.0,-1.35,90.74,15.11,0.0,4086,-7.65,13.0,0.952
2024-04-26T04:32:32.000,10.1,-1.42,106.41,14.93,0.0,4087,-7.48,13.0,0.952
2024-04-26T04:33:32.000,10.39,-1.68,123.93,14.77,0.0,4088,-7.31,13.0,0.952
2024-04-26T04:34:32.000,10.47,-1.94,147.91,14.58,0.0,4089,-7.13,13.0,0.952
2024-04-26T04:35:32.000,10.41,-1.82,187.12,14.32,0.0,4090,-6.96,13.0,0.952
2024-04-26T04:36:32.000,10.26,-1.67,227.53,14.11,0.0,4091,-6.79,13.0,0.952
2024-04-26T04:37:32.000,10.1,-1.52,264.9,13.94,0.0,4092,-6.61,13.0,0.952
2024-04-26T04:38:32.000,9.89,-1.55,313.39,13.76,0.0,4093,-6.44,12.0,0.952
2024-04-26T04:39:32.000,9.69,-1.66,384.79,13.54,0.0,4094,-6.27,12.0,0.952
2024-04-26T04:40:32.000,9.47,-2.17,493.51,13.27,0.0,4095,-6.09,12.0,0.952
2024-04-26T04:41:32.000,9.28,-2.31,639.04,12.99,0.0,4096,-5.92,12.0,0.952
2024-04-26T04:42:32.000,9.07,-2.37,811.03,12.73,0.0,4097,-5.74,12.0,0.952
2024-04-26T04:43:32.000,8.65,-2.52,944.34,12.56,0.0,4098,-5.57,12.0,0.952
2024-04-26T04:44:32.000,8.35,-1.78,1126.27,12.37,0.0,4099,-5.39,12.0,0.952
2024-04-26T04:45:32.000,8.28,-1.79,1402.58,12.14,0.0,4100,-5.22,12.0,0.952
2024-04-26T04:46:32.000,8.16,-2.28,1786.45,11.87,0.0,4101,-5.04,11.0,0.952
2024-04-26T04:47:33.000,8.05,-2.48,2284.27,11.61,0.0,4102,-4.86,11.0,0.952
2024-04-26T04:48:33.000,7.97,-1.97,2799.84,11.38,0.0,4103,-4.68,11.0,0.952
2024-04-26T04:49:33.000,8.03,-1.43,3288.34,11.21,0.0,4104,-4.51,11.0,0.952
2024-04-26T04:50:33.000,8.06,-1.33,3789.2,11.05,0.0,4105,-4.33,11.0,0.952
2024-04-26T04:51:33.000,8.06,-1.13,4551.08,10.86,0.0,4106,-4.15,11.0,0.951
2024-04-26T04:52:33.000,7.89,-1.43,5664.29,10.62,0.0,4107,-3.98,11.0,0.951
2024-04-26T04:53:33.000,7.76,-0.86,6762.94,10.43,0.0,4108,-3.8,11.0,0.951
2024-04-26T04:54:33.000,7.68,-0.6,8049.69,10.24,0.0,4109,-3.62,10.0,0.951
2024-04-26T04:55:33.000,7.67,-0.49,9790.61,10.02,0.0,4110,-3.44,10.0,0.951
2024-04-26T04:56:33.000,7.68,-0.51,11758.88,9.83,0.0,4111,-3.27,10.0,0.951
2024-04-26T04:57:33.000,7.64,-0.71,14091.27,9.63,0.0,4112,-3.09,10.0,0.951
2024-04-26T04:58:33.000,7.57,-0.59,16975.64,9.43,0.0,4113,-2.91,10.0,0.951
2024-04-26T04:59:33.000,7.56,-0.41,19828.13,9.26,0.0,4114,-2.73,10.0,0.951
2024-04-26T05:00:33.000,7.65,-0.06,23193.73,9.09,0.0,4115,-2.55,10.0,0.951
2024-04-26T05:01:33.000,7.77,0.08,26845.38,9.01,0.0,4116,-2.37,9.0,0.951
2024-04-26T05:02:34.000,7.82,0.05,31105.39,8.77,0.0,4117,-2.19,9.0,0.951
2024-04-26T05:03:34.000,7.89,0.36,35001.99,8.79,0.0,4118,-2.01,9.0,0.951
2024-04-26T05:04:34.000,7.92,0.21,42319.17,8.44,0.0,4119,-1.83,9.0,0.951
2024-04-26T05:05:34.000,7.93,-0.58,52195.46,8.21,0.0,4120,-1.65,9.0,0.951
2024-04-26T05:06:34.000,7.97,-0.46,40762.68,5.32,0.0,4121,-1.47,9.0,0.951
2024-04-26T05:07:34.000,8.08,-0.03,0.0,0.0,0.0,4122,-1.29,9.0,0.951
2024-04-26T05:08:34.000,8.16,0.3,0.0,0.0,0.0,4123,-1.11,9.0,0.951
2024-04-26T05:09:34.000,8.25,0.4,0.0,0.0,0.0,4124,-0.93,8.0,0.951
2024-04-26T05:20:35.000,8.33,-1.01,0.0,0.0,0.0,4135,1.06,7.0,0.951
2024-04-26T05:21:35.000,8.33,-1.89,0.0,0.0,0.0,4136,1.25,7.0,0.951
2024-04-26T05:22:36.000,8.39,-2.91,0.0,0.0,0.0,4137,1.43,7.0,0.951
2024-04-26T05:23:36.000,8.46,-2.73,0.16,0.09,0.0,4138,1.61,6.0,0.95
2024-04-26T05:24:36.000,8.49,-1.99,0.0,0.0,0.0,4139,1.8,6.0,0.95
2024-04-26T05:25:36.000,8.43,-1.75,0.0,0.0,0.0,4140,1.98,6.0,0.95
2024-04-26T05:26:36.000,8.44,-1.18,0.0,0.0,0.0,4141,2.16,6.0,0.95
2024-04-26T05:28:36.000,8.54,-1.69,0.0,0.0,0.0,4143,2.53,6.0,0.95
2024-04-26T05:29:36.000,8.6,-1.5,0.0,0.0,0.0,4144,2.71,6.0,0.95
2024-04-26T05:30:36.000,8.66,-0.94,0.0,0.0,0.0,4145,2.9,5.0,0.95
2024-04-26T05:37:36.000,9.08,-0.84,0.0,0.0,0.0,4152,4.19,4.0,0.95
2024-04-26T05:38:37.000,9.1,-0.12,0.0,0.0,0.0,4153,4.37,4.0,0.95
2024-04-26T05:39:38.000,9.13,0.34,0.0,0.0,0.0,4154,4.56,4.0,0.95
2024-04-26T05:42:37.000,9.34,1.04,0.0,0.0,0.0,4157,5.11,4.0,0.95
2024-04-26T05:44:37.000,9.56,0.84,0.0,0.0,0.0,4159,5.49,3.0,0.95
2024-04-26T05:49:38.000,9.66,0.67,0.0,0.0,0.0,4164,6.42,3.0,0.95
2024-04-26T05:50:38.000,9.73,0.53,0.0,0.0,0.0,4165,6.6,3.0,0.95
2024-04-26T05:51:38.000,9.8,0.21,0.0,0.0,0.0,4166,6.79,2.0,0.95
2024-04-26T09:46:55.000,25.73,2.78,0.0,0.0,0.0,4401,50.21,-38.0,0.942
2024-04-26T09:47:56.000,25.91,1.32,0.0,0.0,0.0,4402,50.37,-38.0,0.942
2024-04-26T09:48:56.000,26.09,3.64,0.0,0.0,0.0,4403,50.53,-38.0,0.942
2024-04-26T09:50:56.000,27.49,1.55,0.0,0.0,0.0,4405,50.85,-39.0,0.942
2024-04-26T09:51:56.000,27.3,1.15,0.0,0.0,0.0,4406,51.01,-39.0,0.942
2024-04-26T09:52:56.000,27.58,0.74,0.0,0.0,0.0,4407,51.17,-39.0,0.942
2024-04-26T09:53:56.000,27.46,0.11,0.0,0.0,0.0,4408,51.33,-39.0,0.942
2024-04-26T09:55:56.000,27.04,-3.34,0.0,0.0,0.0,4410,51.64,-40.0,0.942
2024-04-26T09:56:56.000,26.51,-3.08,0.0,0.0,0.0,4411,51.8,-40.0,0.942
2024-04-26T09:57:56.000,26.13,-3.19,0.0,0.0,0.0,4412,51.95,-40.0,0.942
2024-04-26T09:59:56.000,25.61,-0.71,0.0,0.0,0.0,4414,52.26,-40.0,0.942
2024-04-26T10:00:56.000,25.94,-0.51,0.0,0.0,0.0,4415,52.42,-41.0,0.942
2024-04-26T10:01:56.000,25.97,-0.63,0.0,0.0,0.0,4416,52.57,-41.0,0.942
