ecsv/stars73/stars73_2025-04.ecsv
# %ECSV 1.0
# ---
# datatype:
# - {name: time, datatype: string}
# - {name: Enclosure Temperature, unit: deg_C, datatype: float64}
# - {name: Sky Temperature, unit: deg_C, datatype: float64}
# - {name: Frequency, unit: Hz, datatype: float64}
# - {name: MSAS, unit: mag / arcsec2, datatype: float64}
# - {name: ZP, datatype: float64}
# - {name: Sequence Number, datatype: int64}
# - {name: Sun Alt, unit: deg, datatype: float64}
# - {name: Moon Alt, unit: deg, datatype: float64}
# - {name: Moon Illumination, datatype: float64}
# delimiter: ','
# meta: !!omap
# - ida:
#     Data supplier: {affiliation: ACTUEL, observer: null}
#     Device type: TESS-W
#     Field of view: 17.0
#     Filters per channel: None
#     Instrument ID: stars73
#     License: ODbL 1.0 http://opendatacommons.org/licenses/odbl/summary/
#     Local timezone: Europe/Madrid
#     Location name: {country: Spain, place: "Observatorio Astron\xF3mico de San Blas", region: Aragon, sub_region: Teruel, town: Teruel}
#     Measurement direction per channel: {azimuth: 0.0, zenital: 0.0}
#     Moving / Fixed look direction: FIXED
#     Moving / Stationary position: STATIONARY
#     Number of channels: 1
#     Number of fields per line: 8
#     Number of header lines: 35
#     Position: {height: 0.0, latitude: 40.349958, longitude: -1.170225}
#     TESS MAC address: 18:FE:34:D3:47:17
#     TESS cover offset value: 0.0
#     TESS firmware version: Unknown
#     TESS zero point: 20.0
#     Time Synchronization: timestamp added by MQTT subscriber
#     URL: http://www.darksky.org/NSBM/sdf1.0.pdf
# - __serialized_columns__:
#     Enclosure Temperature:
#       __class__: astropy.units.quantity.Quantity
#       unit: &id001 !astropy.units.Unit {unit: deg_C}
#       value: !astropy.table.SerializedColumn {name: Enclosure Temperature}
#     Frequency:
#       __class__: astropy.units.quantity.Quantity
#       unit: !astropy.units.Unit {unit: Hz}
#       value: !astropy.table.SerializedColumn {name: Frequency}
#     MSAS:
#       __class__: astropy.units.quantity.Quantity
#       unit: !astropy.units.Unit {unit: mag / arcsec2}
#       value: !astropy.table.SerializedColumn {name: MSAS}
#     Moon Alt:
#       __class__: astropy.units.quantity.Quantity
#       unit: &id002 !astropy.units.Unit {unit: deg}
#       value: !astropy.table.SerializedColumn {name: Moon Alt}
#     Sky Temperature:
#       __class__: astropy.units.quantity.Quantity
#       unit: *id001
#       value: !astropy.table.SerializedColumn {name: Sky Temperature}
#     Sun Alt:
#       __class__: astropy.units.quantity.Quantity
#       unit: *id002
#       value: !astropy.table.SerializedColumn {name: Sun Alt}
#     time:
#       __class__: astropy.time.core.Time
#       format: isot
#       in_subfmt: '*'
#       out_subfmt: '*'
#       precision: 3
#       scale: utc
#       value: !astropy.table.SerializedColumn {name: time}
# schema: astropy-2.0
time,Enclosure Temperature,Sky Temperature,Frequency,MSAS,ZP,Sequence Number,Sun Alt,Moon Alt,Moon Illumination
[from data line 14044]
2025-04-20T11:30:38.000,27.23,-4.5,0.0,0.0,20.0,30249,60.44,-13.0,0.562
2025-04-20T12:00:40.000,30.49,-3.75,0.0,0.0,20.0,30279,61.34,-18.0,0.56
2025-04-20T12:01:40.000,31.17,-3.98,0.0,0.0,20.0,30280,61.35,-18.0,0.56
2025-04-20T12:02:40.000,31.91,-3.75,0.0,0.0,20.0,30281,61.35,-18.0,0.56
2025-04-20T12:04:40.000,32.65,-4.23,0.0,0.0,20.0,30283,61.35,-19.0,0.56
2025-04-20T12:05:40.000,32.95,-4.3,0.0,0.0,20.0,30284,61.35,-19.0,0.559
2025-04-20T12:06:40.000,33.27,-4.87,0.0,0.0,20.0,30285,61.34,-19.0,0.559
2025-04-20T12:55:43.000,22.67,0.15,0.0,0.0,20.0,30334,59.14,-28.0,0.556
2025-04-20T12:56:43.000,22.73,3.84,0.0,0.0,20.0,30335,59.05,-28.0,0.556
2025-04-20T12:57:43.000,24.54,8.86,0.0,0.0,20.0,30336,58.97,-28.0,0.556
2025-04-20T12:59:43.000,27.1,6.62,0.0,0.0,20.0,30338,58.8,-28.0,0.556
2025-04-20T13:00:43.000,27.97,8.55,0.0,0.0,20.0,30339,58.71,-29.0,0.556
2025-04-20T13:01:43.000,29.14,8.61,0.0,0.0,20.0,30340,58.62,-29.0,0.555
2025-04-20T13:09:44.000,22.49,3.81,0.0,0.0,20.0,30348,57.86,-30.0,0.555
2025-04-20T13:10:44.000,22.01,3.29,0.0,0.0,20.0,30349,57.76,-30.0,0.555
2025-04-20T13:11:44.000,21.38,2.26,0.0,0.0,20.0,30350,57.66,-31.0,0.555
2025-04-20T13:13:44.000,20.69,2.79,0.0,0.0,20.0,30352,57.45,-31.0,0.555
2025-04-20T13:14:44.000,20.61,1.25,0.0,0.0,20.0,30353,57.35,-31.0,0.555
2025-04-20T13:15:44.000,20.13,1.12,0.0,0.0,20.0,30354,57.24,-31.0,0.554
2025-04-20T13:51:46.000,27.98,1.58,0.0,0.0,20.0,30390,52.75,-38.0,0.552
2025-04-20T13:52:46.000,26.84,0.4,0.0,0.0,20.0,30391,52.61,-38.0,0.552
2025-04-20T13:53:46.000,26.13,2.62,0.0,0.0,20.0,30392,52.47,-38.0,0.552
2025-04-20T13:55:47.000,25.22,1.27,0.0,0.0,20.0,30394,52.19,-38.0,0.552
2025-04-20T13:56:47.000,24.97,1.51,0.0,0.0,20.0,30395,52.04,-39.0,0.552
2025-04-20T13:57:47.000,24.65,-0.22,0.0,0.0,20.0,30396,51.9,-39.0,0.551
2025-04-20T16:41:57.000,16.68,3.14,0.0,0.0,20.0,30560,23.07,-67.0,0.54
2025-04-20T16:42:57.000,16.9,3.47,0.0,0.0,20.0,30561,22.88,-67.0,0.54
2025-04-20T16:43:57.000,17.09,3.2,0.0,0.0,20.0,30562,22.69,-68.0,0.54
2025-04-20T16:45:57.000,17.56,3.46,0.0,0.0,20.0,30564,22.31,-68.0,0.539
2025-04-20T16:46:57.000,17.56,2.27,0.0,0.0,20.0,30565,22.12,-68.0,0.539
2025-04-20T16:47:57.000,17.38,2.18,0.0,0.0,20.0,30566,21.93,-68.0,0.539
2025-04-20T16:57:58.000,16.51,-0.74,0.0,0.0,20.0,30576,20.02,-70.0,0.539
2025-04-20T16:58:58.000,16.47,0.0,0.0,0.0,20.0,30577,19.83,-70.0,0.539
2025-04-20T16:59:58.000,16.51,0.53,0.0,0.0,20.0,30578,19.64,-70.0,0.538
2025-04-20T17:01:58.000,16.38,1.25,0.0,0.0,20.0,30580,19.26,-70.0,0.538
2025-04-20T17:02:58.000,16.43,1.48,0.0,0.0,20.0,30581,19.07,-70.0,0.538
2025-04-20T17:03:58.000,16.57,1.28,0.0,0.0,20.0,30582,18.88,-70.0,0.538
2025-04-20T17:39:00.000,15.16,-10.47,0.0,0.0,20.0,30617,12.22,-74.0,0.536
2025-04-20T17:40:01.000,15.01,-10.72,0.0,0.0,20.0,30618,12.03,-74.0,0.536
2025-04-20T17:41:00.000,14.81,-10.94,0.0,0.0,20.0,30619,11.84,-74.0,0.536
2025-04-20T17:43:01.000,14.28,-9.66,0.0,0.0,20.0,30621,11.46,-74.0,0.535
2025-04-20T17:44:01.000,14.14,-7.73,0.0,0.0,20.0,30622,11.27,-74.0,0.535
2025-04-20T17:54:01.000,14.47,-0.89,0.0,0.0,20.0,30632,9.38,-75.0,0.535
2025-04-20T17:55:01.000,14.48,-1.1,0.0,0.0,20.0,30633,9.19,-75.0,0.535
2025-04-20T17:57:01.000,14.3,-1.57,0.0,0.0,20.0,30635,8.81,-75.0,0.534
2025-04-20T17:59:02.000,14.24,-0.67,0.0,0.0,20.0,30637,8.43,-75.0,0.534
2025-04-20T18:07:02.000,14.18,-0.03,0.0,0.0,20.0,30645,6.93,-75.0,0.534
2025-04-20T18:10:02.000,14.33,-0.69,0.0,0.0,20.0,30648,6.36,-75.0,0.533
2025-04-20T18:11:02.000,14.25,-1.36,0.0,0.0,20.0,30649,6.18,-75.0,0.533
2025-04-20T18:12:02.000,14.19,-2.02,0.0,0.0,20.0,30650,5.99,-75.0,0.533
2025-04-20T18:13:02.000,14.17,-2.75,0.0,0.0,20.0,30651,5.8,-75.0,0.533
2025-04-20T18:20:03.000,13.61,-3.09,0.0,0.0,20.0,30658,4.49,-75.0,0.533
2025-04-20T18:26:03.000,13.8,0.79,0.0,0.0,20.0,30664,3.37,-75.0,0.532
2025-04-20T18:27:03.000,13.85,0.71,0.0,0.0,20.0,30665,3.19,-75.0,0.532
2025-04-20T18:34:04.000,13.54,0.48,0.0,0.0,20.0,30672,1.89,-74.0,0.532
2025-04-20T18:41:04.000,13.27,0.16,0.0,0.0,20.0,30679,0.6,-74.0,0.531
2025-04-20T18:44:04.000,13.24,-0.29,0.0,0.0,20.0,30682,0.05,-73.0,0.531
2025-04-20T18:45:04.000,13.23,-0.45,0.0,0.0,20.0,30683,-0.14,-73.0,0.531
2025-04-20T18:46:04.000,13.24,-0.59,0.47,0.15,20.0,30684,-0.32,-73.0,0.531
2025-04-20T18:49:05.000,13.07,-0.06,0.37,0.18,20.0,30687,-0.87,-73.0,0.531
2025-04-20T18:50:05.000,13.07,0.74,0.0,0.0,20.0,30688,-1.05,-73.0,0.531
2025-04-20T18:52:05.000,13.0,1.22,59604.16,8.06,20.0,30690,-1.42,-73.0,0.53
2025-04-20T18:54:05.000,13.09,1.61,46701.13,8.33,20.0,30692,-1.78,-72.0,0.53
2025-04-20T18:56:05.000,13.04,1.47,36039.1,8.61,20.0,30694,-2.15,-72.0,0.53
2025-04-20T18:58:05.000,13.07,1.77,26832.22,8.93,20.0,30696,-2.51,-72.0,0.53
2025-04-20T19:07:06.000,12.95,2.4,2593.04,11.47,20.0,30705,-4.14,-71.0,0.529
2025-04-20T19:10:06.000,13.03,2.49,1589.78,12.0,20.0,30708,-4.68,-71.0,0.529
2025-04-20T19:12:06.000,13.0,2.57,1187.67,12.31,20.0,30710,-5.03,-70.0,0.529
2025-04-20T19:13:06.000,13.02,2.25,1054.92,12.44,20.0,30711,-5.21,-70.0,0.529
2025-04-20T19:14:06.000,12.91,2.03,943.35,12.56,20.0,30712,-5.39,-70.0,0.529
2025-04-20T19:15:06.000,12.88,2.19,806.33,12.73,20.0,30713,-5.57,-70.0,0.529
2025-04-20T19:16:06.000,12.91,2.29,688.99,12.91,20.0,30714,-5.75,-70.0,0.529
2025-04-20T19:32:07.000,12.97,2.08,28.01,16.38,20.0,30730,-8.57,-68.0,0.528
2025-04-20T19:34:07.000,12.99,2.83,23.01,16.6,20.0,30732,-8.92,-67.0,0.527
2025-04-20T19:36:07.000,12.9,2.45,18.95,16.81,20.0,30734,-9.27,-67.0,0.527
2025-04-20T19:37:07.000,12.92,2.82,18.03,16.86,20.0,30735,-9.44,-67.0,0.527
2025-04-20T19:40:08.000,13.04,2.68,15.5,17.02,20.0,30738,-9.96,-66.0,0.527
2025-04-20T19:42:08.000,13.07,2.61,14.36,17.11,20.0,30740,-10.31,-66.0,0.527
2025-04-20T19:51:09.000,13.07,2.43,12.11,17.29,20.0,30749,-11.85,-65.0,0.526
2025-04-20T19:53:08.000,12.95,2.18,11.47,17.35,20.0,30751,-12.18,-64.0,0.526
2025-04-20T19:54:08.000,12.96,2.27,11.22,17.38,20.0,30752,-12.35,-64.0,0.526
2025-04-20T19:55:09.000,13.02,2.23,10.94,17.4,20.0,30753,-12.52,-64.0,0.526
2025-04-20T19:59:09.000,12.9,1.66,9.3,17.58,20.0,30757,-13.2,-63.0,0.526
2025-04-20T20:01:09.000,12.86,1.09,7.93,17.75,20.0,30759,-13.53,-63.0,0.525
2025-04-20T20:04:09.000,12.9,0.1,5.59,18.13,20.0,30762,-14.03,-63.0,0.525
2025-04-20T20:05:09.000,12.89,-0.18,5.12,18.23,20.0,30763,-14.2,-62.0,0.525
2025-04-20T20:07:09.000,12.76,-0.58,4.82,18.29,20.0,30765,-14.53,-62.0,0.525
2025-04-20T20:09:10.000,12.65,-0.91,4.94,18.27,20.0,30767,-14.86,-62.0,0.525
2025-04-20T20:11:10.000,12.73,-1.09,5.1,18.23,20.0,30769,-15.19,-61.0,0.525
2025-04-20T20:12:10.000,12.7,-1.58,4.82,18.29,20.0,30770,-15.35,-61.0,0.525
2025-04-20T20:14:10.000,12.56,-1.39,4.18,18.45,20.0,30772,-15.68,-61.0,0.525
2025-04-20T20:17:10.000,12.61,-1.87,4.41,18.39,20.0,30775,-16.17,-60.0,0.524
2025-04-20T20:19:10.000,12.48,-1.95,4.14,18.46,20.0,30777,-16.49,-60.0,0.524
2025-04-20T20:21:11.000,12.34,-2.52,3.95,18.51,20.0,30779,-16.81,-60.0,0.524
2025-04-20T20:22:10.000,12.34,-2.89,3.63,18.6,20.0,30780,-16.97,-60.0,0.524
2025-04-20T20:23:11.000,12.33,-3.35,3.4,18.67,20.0,30781,-17.13,-59.0,0.524
2025-04-20T20:24:11.000,12.38,-3.7,3.05,18.79,20.0,30782,-17.29,-59.0,0.524
2025-04-20T20:25:11.000,12.36,-4.4,2.72,18.91,20.0,30783,-17.45,-59.0,0.524
2025-04-20T20:26:11.000,12.23,-4.52,2.73,18.91,20.0,30784,-17.61,-59.0,0.524
2025-04-20T20:27:11.000,12.21,-3.74,3.11,18.77,20.0,30785,-17.77,-59.0,0.524
2025-04-20T20:28:11.000,12.2,-3.22,3.56,18.62,20.0,30786,-17.93,-59.0,0.524
2025-04-20T20:29:11.000,12.22,-2.45,4.17,18.45,20.0,30787,-18.09,-58.0,0.523
2025-04-20T20:30:11.000,12.24,-1.99,4.75,18.31,20.0,30788,-18.24,-58.0,0.523
2025-04-20T20:31:11.000,12.21,-1.68,4.94,18.26,20.0,30789,-18.4,-58.0,0.523
2025-04-20T20:32:11.000,12.3,-1.33,4.97,18.26,20.0,30790,-18.56,-58.0,0.523
2025-04-20T20:33:11.000,12.34,-1.42,4.56,18.35,20.0,30791,-18.71,-58.0,0.523
2025-04-20T20:34:11.000,12.35,-1.82,4.07,18.48,20.0,30792,-18.87,-57.0,0.523
2025-04-20T20:35:11.000,12.22,-2.45,3.92,18.52,20.0,30793,-19.03,-57.0,0.523
2025-04-20T20:36:11.000,12.2,-2.46,3.84,18.54,20.0,30794,-19.18,-57.0,0.523
2025-04-20T20:37:11.000,12.2,-2.52,3.84,18.54,20.0,30795,-19.34,-57.0,0.523
2025-04-20T20:38:11.000,12.17,-2.24,3.87,18.53,20.0,30796,-19.49,-57.0,0.523
2025-04-20T20:39:12.000,12.17,-1.81,3.95,18.51,20.0,30797,-19.65,-57.0,0.523
2025-04-20T20:40:12.000,12.13,-1.57,4.3,18.42,20.0,30798,-19.8,-56.0,0.523
2025-04-20T20:41:12.000,12.12,-0.84,5.05,18.25,20.0,30799,-19.95,-56.0,0.523
2025-04-20T20:42:12.000,12.18,-0.36,6.11,18.04,20.0,30800,-20.11,-56.0,0.523
2025-04-20T20:43:12.000,12.21,-0.18,6.35,17.99,20.0,30801,-20.26,-56.0,0.522
2025-04-20T20:44:12.000,12.21,-0.09,6.07,18.04,20.0,30802,-20.41,-56.0,0.522
2025-04-20T20:45:12.000,12.25,0.17,6.06,18.04,20.0,30803,-20.56,-56.0,0.522
2025-04-20T20:46:12.000,12.27,-0.04,5.47,18.16,20.0,30804,-20.71,-55.0,0.522
2025-04-20T20:47:12.000,12.31,-0.06,4.81,18.29,20.0,30805,-20.86,-55.0,0.522
2025-04-20T20:48:12.000,12.33,-0.31,4.8,18.3,20.0,30806,-21.01,-55.0,0.522
2025-04-20T20:49:12.000,12.35,-0.82,4.81,18.29,20.0,30807,-21.16,-55.0,0.522
2025-04-20T20:50:12.000,12.35,-1.04,4.53,18.36,20.0,30808,-21.31,-55.0,0.522
2025-04-20T20:51:12.000,12.37,-1.19,4.49,18.37,20.0,30809,-21.46,-55.0,0.522
2025-04-20T20:52:12.000,12.37,-0.91,4.35,18.41,20.0,30810,-21.61,-54.0,0.522
2025-04-20T20:53:12.000,12.36,-0.58,4.55,18.35,20.0,30811,-21.76,-54.0,0.522
2025-04-20T20:54:12.000,12.35,0.08,5.46,18.17,20.0,30812,-21.91,-54.0,0.522
2025-04-20T20:55:12.000,12.36,0.28,6.44,17.98,20.0,30813,-22.05,-54.0,0.522
2025-04-20T20:56:13.000,12.38,0.11,5.97,18.06,20.0,30814,-22.2,-54.0,0.521
2025-04-20T20:57:13.000,12.4,-0.45,4.83,18.29,20.0,30815,-22.35,-53.0,0.521
2025-04-20T20:58:13.000,12.43,-0.62,4.37,18.4,20.0,30816,-22.5,-53.0,0.521
2025-04-20T20:59:13.000,12.46,-0.79,4.2,18.44,20.0,30817,-22.64,-53.0,0.521
2025-04-20T21:00:13.000,12.44,-1.08,4.04,18.48,20.0,30818,-22.79,-53.0,0.521
2025-04-20T21:01:13.000,12.33,-1.17,3.82,18.55,20.0,30819,-22.93,-53.0,0.521
2025-04-20T21:02:13.000,12.33,-0.9,3.95,18.51,20.0,30820,-23.08,-53.0,0.521
2025-04-20T21:03:13.000,12.32,-0.58,4.17,18.45,20.0,30821,-23.22,-52.0,0.521
2025-04-20T21:04:13.000,12.35,-0.19,4.43,18.38,20.0,30822,-23.36,-52.0,0.521
2025-04-20T21:05:13.000,12.38,0.08,4.59,18.35,20.0,30823,-23.51,-52.0,0.521
2025-04-20T21:06:13.000,12.4,0.03,4.72,18.32,20.0,30824,-23.65,-52.0,0.521
2025-04-20T21:07:13.000,12.44,0.07,4.42,18.39,20.0,30825,-23.79,-52.0,0.521
2025-04-20T21:08:13.000,12.46,0.26,4.68,18.32,20.0,30826,-23.93,-51.0,0.521
2025-04-20T21:09:13.000,12.48,0.46,5.41,18.17,20.0,30827,-24.07,-51.0,0.521
2025-04-20T21:10:13.000,12.5,0.55,5.72,18.11,20.0,30828,-24.21,-51.0,0.52
2025-04-20T21:11:13.000,12.53,0.55,4.87,18.28,20.0,30829,-24.35,-51.0,0.52
2025-04-20T21:12:13.000,12.54,0.58,5.18,18.22,20.0,30830,-24.49,-51.0,0.52
2025-04-20T21:13:14.000,12.53,0.82,5.71,18.11,20.0,30831,-24.63,-51.0,0.52
2025-04-20T21:14:14.000,12.55,0.94,5.44,18.16,20.0,30832,-24.77,-50.0,0.52
2025-04-20T21:15:14.000,12.5,0.7,5.74,18.1,20.0,30833,-24.91,-50.0,0.52
2025-04-20T21:16:14.000,12.49,0.83,5.71,18.11,20.0,30834,-25.05,-50.0,0.52
2025-04-20T21:17:14.000,12.53,0.27,5.1,18.23,20.0,30835,-25.18,-50.0,0.52
2025-04-20T21:18:14.000,12.5,-0.74,4.3,18.42,20.0,30836,-25.32,-50.0,0.52
2025-04-20T21:19:14.000,12.42,-1.57,3.6,18.61,20.0,30837,-25.45,-49.0,0.52
2025-04-20T21:20:14.000,12.4,-1.87,3.74,18.57,20.0,30838,-25.59,-49.0,0.52
2025-04-20T21:21:14.000,12.37,-1.9,3.51,18.64,20.0,30839,-25.72,-49.0,0.52
2025-04-20T21:22:14.000,12.36,-1.01,4.0,18.5,20.0,30840,-25.86,-49.0,0.52
2025-04-20T21:23:14.000,12.4,-0.06,5.1,18.23,20.0,30841,-25.99,-49.0,0.52
2025-04-20T21:24:14.000,12.42,0.31,6.25,18.02,20.0,30842,-26.12,-49.0,0.519
2025-04-20T21:25:14.000,12.45,-0.37,4.71,18.33,20.0,30843,-26.26,-48.0,0.519
2025-04-20T21:26:14.000,12.46,-1.61,3.49,18.64,20.0,30844,-26.39,-48.0,0.519
2025-04-20T21:27:14.000,12.4,-2.61,3.73,18.57,20.0,30845,-26.52,-48.0,0.519
2025-04-20T21:28:14.000,12.36,-3.35,3.06,18.79,20.0,30846,-26.65,-48.0,0.519
2025-04-20T21:29:15.000,12.32,-4.57,2.85,18.87,20.0,30847,-26.78,-48.0,0.519
2025-04-20T21:30:15.000,12.24,-6.74,2.0,19.25,20.0,30848,-26.91,-47.0,0.519
2025-04-20T21:31:15.000,12.06,-8.9,1.44,19.61,20.0,30849,-27.04,-47.0,0.519
2025-04-20T21:32:15.000,11.92,-10.37,1.29,19.73,20.0,30850,-27.17,-47.0,0.519
2025-04-20T21:33:15.000,11.78,-10.64,1.35,19.68,20.0,30851,-27.3,-47.0,0.519
2025-04-20T21:34:15.000,11.65,-9.93,1.75,19.4,20.0,30852,-27.43,-47.0,0.519
2025-04-20T21:35:15.000,11.53,-9.58,1.83,19.35,20.0,30853,-27.55,-47.0,0.519
2025-04-20T21:36:15.000,11.39,-9.71,1.68,19.43,20.0,30854,-27.68,-46.0,0.519
2025-04-20T21:37:15.000,11.29,-9.91,1.61,19.55,20.0,30855,-27.81,-46.0,0.519
2025-04-20T21:38:15.000,11.2,-9.8,1.55,19.53,20.0,30856,-27.93,-46.0,0.518
2025-04-20T21:39:15.000,11.09,-9.55,1.8,19.37,20.0,30857,-28.05,-46.0,0.518
2025-04-20T21:40:15.000,11.03,-8.94,1.77,19.38,20.0,30858,-28.18,-46.0,0.518
2025-04-20T21:41:15.000,11.0,-8.54,1.7,19.43,20.0,30859,-28.3,-45.0,0.518
2025-04-20T21:42:15.000,10.88,-8.92,1.68,19.44,20.0,30860,-28.42,-45.0,0.518
2025-04-20T21:43:15.000,10.82,-9.02,1.56,19.52,20.0,30861,-28.55,-45.0,0.518
2025-04-20T21:44:15.000,10.79,-9.09,1.48,19.58,20.0,30862,-28.67,-45.0,0.518
2025-04-20T21:45:16.000,10.78,-8.67,1.47,19.58,20.0,30863,-28.79,-45.0,0.518
2025-04-20T21:46:16.000,10.78,-7.44,1.82,19.35,20.0,30864,-28.91,-45.0,0.518
2025-04-20T21:47:16.000,10.81,-5.19,2.8,18.89,20.0,30865,-29.03,-44.0,0.518
2025-04-20T21:48:16.000,10.88,-2.94,3.52,18.63,20.0,30866,-29.15,-44.0,0.518
2025-04-20T21:49:16.000,10.97,-1.45,4.08,18.47,20.0,30867,-29.27,-44.0,0.518
2025-04-20T21:50:16.000,11.06,-0.67,4.2,18.44,20.0,30868,-29.39,-44.0,0.518
2025-04-20T21:51:16.000,11.13,-0.38,4.13,18.46,20.0,30869,-29.5,-44.0,0.518
2025-04-20T21:52:16.000,11.22,-0.07,4.35,18.4,20.0,30870,-29.62,-43.0,0.517
2025-04-20T21:53:16.000,11.31,0.15,4.67,18.33,20.0,30871,-29.73,-43.0,0.517
2025-04-20T21:54:16.000,11.38,0.17,4.85,18.29,20.0,30872,-29.85,-43.0,0.517
2025-04-20T21:55:16.000,11.47,0.06,4.52,18.36,20.0,30873,-29.96,-43.0,0.517
2025-04-20T21:56:16.000,11.49,-0.24,4.43,18.38,20.0,30874,-30.08,-43.0,0.517
2025-04-20T21:57:16.000,11.52,-0.18,4.2,18.44,20.0,30875,-30.19,-43.0,0.517
2025-04-20T21:58:16.000,11.57,-0.21,4.11,18.47,20.0,30876,-30.3,-42.0,0.517
2025-04-20T21:59:16.000,11.62,0.19,4.44,18.38,20.0,30877,-30.41,-42.0,0.517
2025-04-20T22:00:16.000,11.64,0.27,4.77,18.3,20.0,30878,-30.52,-42.0,0.517
2025-04-20T22:01:16.000,11.67,0.42,5.05,18.24,20.0,30879,-30.64,-42.0,0.517
2025-04-20T22:02:17.000,11.69,0.31,5.02,18.25,20.0,30880,-30.75,-42.0,0.517
2025-04-20T22:03:17.000,11.72,0.09,4.69,18.32,20.0,30881,-30.86,-41.0,0.517
2025-04-20T22:04:17.000,11.73,-0.23,4.33,18.41,20.0,30882,-30.96,-41.0,0.517
2025-04-20T22:05:17.000,11.77,-0.34,4.12,18.46,20.0,30883,-31.07,-41.0,0.517
2025-04-20T22:06:17.000,11.8,-0.43,3.99,18.5,20.0,30884,-31.18,-41.0,0.516
2025-04-20T22:07:17.000,11.83,-0.58,3.97,18.5,20.0,30885,-31.28,-41.0,0.516
2025-04-20T22:08:17.000,11.85,-0.81,3.84,18.54,20.0,30886,-31.39,-41.0,0.516
2025-04-20T22:09:17.000,11.82,-1.28,3.7,18.58,20.0,30887,-31.49,-40.0,0.516
2025-04-20T22:10:17.000,11.8,-1.72,3.47,18.65,20.0,30888,-31.6,-40.0,0.516
2025-04-20T22:11:17.000,11.76,-2.43,3.09,18.78,20.0,30889,-31.7,-40.0,0.516
2025-04-20T22:12:17.000,11.69,-3.29,2.74,18.91,20.0,30890,-31.8,-40.0,0.516
2025-04-20T22:13:17.000,11.63,-4.37,2.43,19.04,20.0,30891,-31.91,-40.0,0.516
2025-04-20T22:14:17.000,11.5,-5.64,2.12,19.18,20.0,30892,-32.01,-39.0,0.516
2025-04-20T22:15:17.000,11.42,-6.6,1.77,19.38,20.0,30893,-32.11,-39.0,0.516
2025-04-20T22:16:17.000,11.35,-7.38,1.6,19.49,20.0,30894,-32.21,-39.0,0.516
2025-04-20T22:17:17.000,11.26,-7.91,1.6,19.49,20.0,30895,-32.3,-39.0,0.516
2025-04-20T22:18:17.000,11.13,-7.78,1.69,19.43,20.0,30896,-32.4,-39.0,0.516
2025-04-20T22:19:18.000,11.04,-7.13,1.73,19.4,20.0,30897,-32.5,-39.0,0.515
2025-04-20T22:20:18.000,11.01,-6.47,1.84,19.34,20.0,30898,-32.6,-38.0,0.515
