ecsv/stars73/stars73_2024-04.ecsv
# %ECSV 1.0
# ---
# datatype:
# - {name: time, datatype: string}
# - {name: Enclosure Temperature, unit: deg_C, datatype: float64}
# - {name: Sky Temperature, unit: deg_C, datatype: float64}
# - {name: Frequency, unit: Hz, datatype: float64}
# - {name: MSAS, unit: mag / arcsec2, datatype: float64}
# - {name: ZP, datatype: float64}
# - {name: Sequence Number, datatype: int64}
# - {name: Sun Alt, unit: deg, datatype: float64}
# - {name: Moon Alt, unit: deg, datatype: float64}
# - {name: Moon Illumination, datatype: float64}
# delimiter: ','
# meta: !!omap
# - ida:
#     Data supplier: {affiliation: ACTUEL, observer: null}
#     Device type: TESS-W
#     Field of view: 17.0
#     Filters per channel: None
#     Instrument ID: stars73
#     License: ODbL 1.0 http://opendatacommons.org/licenses/odbl/summary/
#     Local timezone: Europe/Madrid
#     Location name: {country: "- Observatorio Astron\xF3mico de San Blas", place: Teruel, region: Spain, sub_region: Aragon, town: Teruel}
#     Measurement direction per channel: {azimuth: 0.0, zenital: 0.0}
#     Moving / Fixed look direction: FIXED
#     Moving / Stationary position: STATIONARY
#     Number of channels: 1
#     Number of fields per line: 8
#     Number of header lines: 35
#     Position: {height: 0.0, latitude: 40.349958, longitude: -1.170225}
#     TESS MAC address: 18:FE:34:D3:47:17
#     TESS cover offset value: 0.0
#     TESS firmware version: Unknown
#     TESS zero point: 0.0
#     Time Synchronization: timestamp added by MQTT subscriber
#     URL: http://www.darksky.org/NSBM/sdf1.0.pdf
# - __serialized_columns__:
#     Enclosure Temperature:
#       __class__: astropy.units.quantity.Quantity
#       unit: &id001 !astropy.units.Unit {unit: deg_C}
#       value: !astropy.table.SerializedColumn {name: Enclosure Temperature}
#     Frequency:
#       __class__: astropy.units.quantity.Quantity
#       unit: !astropy.units.Unit {unit: Hz}
#       value: !astropy.table.SerializedColumn {name: Frequency}
#     MSAS:
#       __class__: astropy.units.quantity.Quantity
#       unit: !astropy.units.Unit {unit: mag / arcsec2}
#       value: !astropy.table.SerializedColumn {name: MSAS}
#     Moon Alt:
#       __class__: astropy.units.quantity.Quantity
#       unit: &id002 !astropy.units.Unit {unit: deg}
#       value: !astropy.table.SerializedColumn {name: Moon Alt}
#     Sky Temperature:
#       __class__: astropy.units.quantity.Quantity
#       unit: *id001
#       value: !astropy.table.SerializedColumn {name: Sky Temperature}
#     Sun Alt:
#       __class__: astropy.units.quantity.Quantity
#       unit: *id002
#       value: !astropy.table.SerializedColumn {name: Sun Alt}
#     time:
#       __class__: astropy.time.core.Time
#       format: isot
#       in_subfmt: '*'
#       out_subfmt: '*'
#       precision: 3
#       scale: utc
#       value: !astropy.table.SerializedColumn {name: time}
# schema: astropy-2.0
time,Enclosure Temperature,Sky Temperature,Frequency,MSAS,ZP,Sequence Number,Sun Alt,Moon Alt,Moon Illumination
[from data line 15910]
2024-04-28T23:35:36.000,11.78,0.96,3.85,18.54,0.0,8105,-34.76,-5.0,0.761
2024-04-28T23:36:37.000,11.75,0.86,3.79,18.56,0.0,8106,-34.79,-4.0,0.761
2024-04-28T23:37:37.000,11.65,0.79,3.73,18.57,0.0,8107,-34.81,-4.0,0.761
2024-04-28T23:38:37.000,11.52,0.94,3.77,18.56,0.0,8108,-34.84,-4.0,0.761
2024-04-28T23:39:37.000,11.55,1.51,3.83,18.54,0.0,8109,-34.86,-4.0,0.761
2024-04-28T23:40:37.000,11.58,1.43,4.03,18.49,0.0,8110,-34.88,-4.0,0.761
2024-04-28T23:41:37.000,11.49,1.49,4.5,18.37,0.0,8111,-34.9,-4.0,0.761
2024-04-28T23:42:37.000,11.36,1.54,5.13,18.22,0.0,8112,-34.92,-3.0,0.76
2024-04-28T23:43:37.000,11.29,1.8,5.78,18.1,0.0,8113,-34.94,-3.0,0.76
2024-04-28T23:44:37.000,11.28,2.02,6.12,18.03,0.0,8114,-34.96,-3.0,0.76
2024-04-28T23:45:37.000,11.22,1.96,6.34,18.0,0.0,8115,-34.97,-3.0,0.76
2024-04-28T23:46:37.000,11.29,2.39,6.21,18.02,0.0,8116,-34.99,-3.0,0.76
2024-04-28T23:47:37.000,11.39,2.4,5.96,18.06,0.0,8117,-35.0,-3.0,0.76
2024-04-28T23:48:37.000,11.49,2.47,5.81,18.09,0.0,8118,-35.02,-3.0,0.76
2024-04-28T23:49:37.000,11.57,2.36,5.62,18.13,0.0,8119,-35.03,-2.0,0.76
2024-04-28T23:50:37.000,11.54,2.07,5.57,18.14,0.0,8120,-35.04,-2.0,0.76
2024-04-28T23:51:37.000,11.62,2.48,5.76,18.1,0.0,8121,-35.05,-2.0,0.76
2024-04-28T23:52:37.000,11.73,2.57,6.03,18.05,0.0,8122,-35.06,-2.0,0.76
2024-04-28T23:53:45.000,11.82,2.64,6.42,17.98,0.0,8123,-35.07,-2.0,0.76
2024-04-28T23:54:44.000,11.87,2.71,6.94,17.9,0.0,8124,-35.08,-2.0,0.76
2024-04-28T23:55:44.000,11.96,2.82,7.34,17.84,0.0,8125,-35.08,-2.0,0.76
2024-04-28T23:56:44.000,11.98,2.66,7.76,17.78,0.0,8126,-35.09,-1.0,0.76
2024-04-28T23:57:44.000,11.97,2.7,8.05,17.74,0.0,8127,-35.09,-1.0,0.759
2024-04-28T23:58:44.000,12.0,2.6,8.28,17.71,0.0,8128,-35.1,-1.0,0.759
2024-04-28T23:59:44.000,11.93,2.33,8.35,17.7,0.0,8129,-35.1,-1.0,0.759
2024-04-29T00:00:44.000,11.9,2.57,8.27,17.71,0.0,8130,-35.1,-1.0,0.759
2024-04-29T00:01:44.000,11.91,2.43,8.29,17.7,0.0,8131,-35.1,-1.0,0.759
2024-04-29T00:02:44.000,11.85,2.14,8.33,17.7,0.0,8132,-35.1,-1.0,0.759
2024-04-29T00:03:45.000,11.77,2.17,8.46,17.68,0.0,8133,-35.1,-0.0,0.759
2024-04-29T00:04:45.000,11.69,2.0,8.58,17.67,0.0,8134,-35.1,-0.0,0.759
2024-04-29T00:05:45.000,11.67,2.18,8.68,17.66,0.0,8135,-35.09,-0.0,0.759
2024-04-29T00:06:45.000,11.6,1.88,8.73,17.65,0.0,8136,-35.09,-0.0,0.759
2024-04-29T00:07:45.000,11.55,2.07,8.56,17.67,0.0,8137,-35.08,0.0,0.759
2024-04-29T00:08:45.000,11.55,2.08,8.55,17.67,0.0,8138,-35.08,0.0,0.759
2024-04-29T00:09:45.000,11.51,1.9,8.56,17.67,0.0,8139,-35.07,0.0,0.759
2024-04-29T00:10:45.000,11.54,2.16,8.35,17.7,0.0,8140,-35.06,1.0,0.759
2024-04-29T00:11:45.000,11.59,2.14,8.11,17.73,0.0,8141,-35.05,1.0,0.759
2024-04-29T00:12:45.000,11.6,2.07,7.84,17.77,0.0,8142,-35.04,1.0,0.759
2024-04-29T00:13:45.000,11.62,2.14,7.58,17.8,0.0,8143,-35.03,1.0,0.758
2024-04-29T00:14:45.000,11.64,2.02,7.51,17.81,0.0,8144,-35.02,1.0,0.758
2024-04-29T00:15:45.000,11.65,2.2,7.39,17.83,0.0,8145,-35.01,1.0,0.758
2024-04-29T00:16:45.000,11.7,2.17,7.37,17.83,0.0,8146,-34.99,1.0,0.758
2024-04-29T00:17:45.000,11.69,2.01,7.46,17.82,0.0,8147,-34.98,2.0,0.758
2024-04-29T00:18:45.000,11.66,1.84,7.56,17.8,0.0,8148,-34.96,2.0,0.758
2024-04-29T00:19:46.000,11.63,1.85,7.72,17.78,0.0,8149,-34.94,2.0,0.758
2024-04-29T00:20:46.000,11.6,1.86,7.93,17.75,0.0,8150,-34.92,2.0,0.758
2024-04-29T00:21:46.000,11.6,2.04,8.09,17.73,0.0,8151,-34.91,2.0,0.758
2024-04-29T00:22:46.000,11.57,1.75,8.16,17.72,0.0,8152,-34.89,2.0,0.758
2024-04-29T00:23:46.000,11.52,1.84,8.14,17.72,0.0,8153,-34.86,2.0,0.758
2024-04-29T00:24:46.000,11.58,2.11,8.1,17.73,0.0,8154,-34.84,2.0,0.758
2024-04-29T00:25:46.000,11.62,2.12,8.1,17.73,0.0,8155,-34.82,3.0,0.758
2024-04-29T00:26:46.000,11.64,2.12,8.09,17.73,0.0,8156,-34.8,3.0,0.758
2024-04-29T00:27:46.000,11.71,2.4,8.0,17.74,0.0,8157,-34.77,3.0,0.758
2024-04-29T00:28:46.000,11.83,2.53,7.88,17.76,0.0,8158,-34.74,3.0,0.758
2024-04-29T00:29:46.000,11.9,2.47,7.74,17.78,0.0,8159,-34.72,3.0,0.757
2024-04-29T00:30:46.000,11.96,2.29,7.49,17.81,0.0,8160,-34.69,3.0,0.757
2024-04-29T00:31:46.000,11.89,2.18,7.4,17.83,0.0,8161,-34.66,3.0,0.757
2024-04-29T00:32:46.000,11.92,2.13,7.35,17.83,0.0,8162,-34.63,4.0,0.757
2024-04-29T00:33:46.000,11.94,2.2,7.32,17.84,0.0,8163,-34.6,4.0,0.757
2024-04-29T00:34:46.000,11.84,1.89,7.1,17.87,0.0,8164,-34.57,4.0,0.757
2024-04-29T00:35:46.000,11.87,2.31,6.78,17.92,0.0,8165,-34.54,4.0,0.757
2024-04-29T00:36:46.000,11.96,2.25,6.36,17.99,0.0,8166,-34.5,4.0,0.757
2024-04-29T00:37:47.000,12.03,2.22,6.04,18.05,0.0,8167,-34.47,4.0,0.757
2024-04-29T00:38:47.000,12.05,2.1,5.87,18.08,0.0,8168,-34.43,4.0,0.757
2024-04-29T00:39:47.000,12.12,2.17,5.73,18.11,0.0,8169,-34.4,4.0,0.757
2024-04-29T00:40:47.000,12.17,2.1,5.55,18.14,0.0,8170,-34.36,5.0,0.757
2024-04-29T00:41:47.000,12.19,2.05,5.51,18.15,0.0,8171,-34.32,5.0,0.757
2024-04-29T00:42:47.000,12.17,1.87,5.53,18.14,0.0,8172,-34.28,5.0,0.757
2024-04-29T00:43:47.000,12.16,1.94,5.47,18.16,0.0,8173,-34.24,5.0,0.757
2024-04-29T00:44:47.000,12.07,1.51,5.34,18.18,0.0,8174,-34.2,5.0,0.757
2024-04-29T00:45:47.000,12.04,1.97,5.27,18.2,0.0,8175,-34.16,5.0,0.756
2024-04-29T00:46:47.000,12.11,2.07,5.23,18.2,0.0,8176,-34.11,5.0,0.756
2024-04-29T00:47:47.000,12.15,2.06,5.14,18.22,0.0,8177,-34.07,6.0,0.756
2024-04-29T00:48:47.000,12.19,1.96,5.0,18.25,0.0,8178,-34.03,6.0,0.756
2024-04-29T00:49:47.000,12.19,1.73,4.86,18.28,0.0,8179,-33.98,6.0,0.756
2024-04-29T00:50:47.000,12.18,1.55,4.82,18.29,0.0,8180,-33.93,6.0,0.756
2024-04-29T00:51:47.000,12.18,1.47,4.82,18.29,0.0,8181,-33.89,6.0,0.756
2024-04-29T00:52:47.000,12.18,1.36,4.84,18.29,0.0,8182,-33.84,6.0,0.756
2024-04-29T00:53:47.000,12.19,1.22,4.86,18.28,0.0,8183,-33.79,6.0,0.756
2024-04-29T00:54:48.000,12.19,1.11,4.97,18.26,0.0,8184,-33.74,6.0,0.756
2024-04-29T00:55:48.000,12.13,0.84,5.17,18.22,0.0,8185,-33.69,7.0,0.756
2024-04-29T00:56:48.000,12.09,0.85,5.12,18.23,0.0,8186,-33.63,7.0,0.756
2024-04-29T00:57:49.000,12.07,0.75,4.81,18.29,0.0,8187,-33.58,7.0,0.756
2024-04-29T00:58:48.000,12.05,0.57,4.41,18.39,0.0,8188,-33.53,7.0,0.756
2024-04-29T00:59:48.000,12.02,0.39,4.16,18.45,0.0,8189,-33.47,7.0,0.756
2024-04-29T01:00:48.000,11.92,0.13,3.96,18.51,0.0,8190,-33.42,7.0,0.755
2024-04-29T01:02:48.000,11.68,0.52,4.51,18.37,0.0,8192,-33.3,7.0,0.755
2024-04-29T01:03:48.000,11.56,1.29,5.21,18.21,0.0,8193,-33.24,7.0,0.755
2024-04-29T01:04:48.000,11.44,1.67,5.75,18.1,0.0,8194,-33.18,8.0,0.755
2024-04-29T01:05:50.000,11.46,2.34,5.95,18.06,0.0,8195,-33.12,8.0,0.755
2024-04-29T01:06:50.000,11.5,2.72,5.93,18.07,0.0,8196,-33.06,8.0,0.755
2024-04-29T01:07:49.000,11.5,2.95,5.82,18.09,0.0,8197,-33.0,8.0,0.755
2024-04-29T01:08:50.000,11.6,3.38,5.53,18.14,0.0,8198,-32.93,8.0,0.755
2024-04-29T01:09:50.000,11.71,3.32,5.36,18.18,0.0,8199,-32.87,8.0,0.755
2024-04-29T01:10:50.000,11.76,3.24,5.3,18.19,0.0,8200,-32.81,8.0,0.755
2024-04-29T01:11:50.000,11.81,3.57,5.47,18.16,0.0,8201,-32.74,8.0,0.755
2024-04-29T01:12:50.000,11.93,3.89,5.78,18.1,0.0,8202,-32.67,9.0,0.755
2024-04-29T01:13:50.000,12.01,3.95,6.29,18.0,0.0,8203,-32.61,9.0,0.755
2024-04-29T01:14:50.000,12.07,4.18,7.0,17.89,0.0,8204,-32.54,9.0,0.755
2024-04-29T01:15:50.000,12.16,4.53,7.63,17.79,0.0,8205,-32.47,9.0,0.755
2024-04-29T01:16:50.000,12.25,4.65,8.0,17.74,0.0,8206,-32.4,9.0,0.754
2024-04-29T01:17:50.000,12.31,4.68,8.14,17.72,0.0,8207,-32.33,9.0,0.754
2024-04-29T01:18:50.000,12.29,4.54,8.39,17.69,0.0,8208,-32.26,9.0,0.754
2024-04-29T01:19:50.000,12.3,4.87,8.7,17.65,0.0,8209,-32.19,9.0,0.754
2024-04-29T01:20:50.000,12.36,4.97,8.96,17.62,0.0,8210,-32.11,9.0,0.754
2024-04-29T01:21:50.000,12.47,5.0,9.02,17.61,0.0,8211,-32.04,10.0,0.754
2024-04-29T01:22:50.000,12.49,4.87,9.07,17.61,0.0,8212,-31.96,10.0,0.754
2024-04-29T01:23:50.000,12.51,4.95,9.08,17.61,0.0,8213,-31.89,10.0,0.754
2024-04-29T01:24:51.000,12.56,4.96,9.14,17.6,0.0,8214,-31.81,10.0,0.754
2024-04-29T01:25:51.000,12.6,4.93,9.21,17.59,0.0,8215,-31.73,10.0,0.754
2024-04-29T01:26:51.000,12.63,4.83,9.27,17.58,0.0,8216,-31.65,10.0,0.754
2024-04-29T01:27:51.000,12.65,4.93,9.4,17.57,0.0,8217,-31.58,10.0,0.754
2024-04-29T01:28:51.000,12.68,4.91,9.52,17.55,0.0,8218,-31.5,10.0,0.754
2024-04-29T01:29:51.000,12.7,4.97,9.58,17.55,0.0,8219,-31.42,10.0,0.754
2024-04-29T01:30:51.000,12.74,4.96,9.58,17.55,0.0,8220,-31.33,11.0,0.754
2024-04-29T01:31:51.000,12.73,4.86,9.46,17.56,0.0,8221,-31.25,11.0,0.754
2024-04-29T01:32:51.000,12.75,4.96,9.25,17.59,0.0,8222,-31.17,11.0,0.753
2024-04-29T01:33:51.000,12.79,5.02,8.93,17.62,0.0,8223,-31.08,11.0,0.753
2024-04-29T01:34:51.000,12.8,5.0,8.69,17.65,0.0,8224,-31.0,11.0,0.753
2024-04-29T01:35:51.000,12.78,4.87,8.54,17.67,0.0,8225,-30.91,11.0,0.753
2024-04-29T01:36:51.000,12.73,4.91,8.47,17.68,0.0,8226,-30.83,11.0,0.753
2024-04-29T01:37:51.000,12.64,4.76,8.61,17.66,0.0,8227,-30.74,11.0,0.753
2024-04-29T01:38:51.000,12.59,4.95,8.86,17.63,0.0,8228,-30.65,11.0,0.753
2024-04-29T01:39:51.000,12.6,4.97,9.06,17.61,0.0,8229,-30.57,12.0,0.753
2024-04-29T01:40:52.000,12.64,5.0,9.11,17.6,0.0,8230,-30.47,12.0,0.753
2024-04-29T01:41:52.000,12.63,4.78,9.13,17.6,0.0,8231,-30.38,12.0,0.753
2024-04-29T01:42:52.000,12.62,4.97,9.1,17.6,0.0,8232,-30.29,12.0,0.753
2024-04-29T01:43:52.000,12.67,4.89,9.13,17.6,0.0,8233,-30.2,12.0,0.753
2024-04-29T01:44:52.000,12.68,4.87,9.14,17.6,0.0,8234,-30.11,12.0,0.753
2024-04-29T01:45:52.000,12.65,4.79,9.07,17.61,0.0,8235,-30.02,12.0,0.753
2024-04-29T01:46:52.000,12.55,4.7,8.87,17.63,0.0,8236,-29.92,12.0,0.753
2024-04-29T01:47:52.000,12.52,4.79,8.59,17.67,0.0,8237,-29.83,12.0,0.752
2024-04-29T01:48:52.000,12.53,4.85,8.22,17.71,0.0,8238,-29.73,12.0,0.752
2024-04-29T01:49:52.000,12.54,4.71,7.84,17.76,0.0,8239,-29.64,13.0,0.752
2024-04-29T01:50:52.000,12.52,4.57,7.55,17.81,0.0,8240,-29.54,13.0,0.752
2024-04-29T01:51:52.000,12.45,4.36,7.31,17.84,0.0,8241,-29.44,13.0,0.752
2024-04-29T01:52:52.000,12.44,4.56,7.18,17.86,0.0,8242,-29.34,13.0,0.752
2024-04-29T01:53:52.000,12.48,4.56,7.08,17.88,0.0,8243,-29.25,13.0,0.752
2024-04-29T01:54:52.000,12.49,4.53,7.01,17.89,0.0,8244,-29.15,13.0,0.752
2024-04-29T01:55:52.000,12.5,4.48,7.01,17.89,0.0,8245,-29.05,13.0,0.752
2024-04-29T01:56:52.000,12.5,4.59,6.97,17.89,0.0,8246,-28.94,13.0,0.752
2024-04-29T01:57:53.000,12.49,4.53,7.04,17.88,0.0,8247,-28.84,13.0,0.752
2024-04-29T01:58:53.000,12.45,4.42,7.08,17.88,0.0,8248,-28.74,13.0,0.752
2024-04-29T01:59:53.000,12.48,4.59,7.27,17.85,0.0,8249,-28.64,14.0,0.752
2024-04-29T02:00:53.000,12.51,4.57,7.3,17.84,0.0,8250,-28.53,14.0,0.752
2024-04-29T02:01:53.000,12.47,4.34,7.35,17.83,0.0,8251,-28.43,14.0,0.752
2024-04-29T02:02:53.000,12.49,4.45,7.18,17.86,0.0,8252,-28.32,14.0,0.752
2024-04-29T02:03:53.000,12.48,4.34,6.99,17.89,0.0,8253,-28.22,14.0,0.751
2024-04-29T02:04:53.000,12.5,4.41,6.99,17.89,0.0,8254,-28.11,14.0,0.751
2024-04-29T02:05:53.000,12.52,4.39,7.1,17.87,0.0,8255,-28.0,14.0,0.751
2024-04-29T02:06:53.000,12.54,4.35,7.22,17.85,0.0,8256,-27.89,14.0,0.751
2024-04-29T02:07:53.000,12.54,4.35,7.31,17.84,0.0,8257,-27.79,14.0,0.751
2024-04-29T02:08:53.000,12.57,4.48,7.48,17.82,0.0,8258,-27.68,14.0,0.751
2024-04-29T02:09:53.000,12.63,4.49,7.66,17.79,0.0,8259,-27.57,14.0,0.751
2024-04-29T02:10:53.000,12.54,4.23,7.7,17.78,0.0,8260,-27.46,15.0,0.751
2024-04-29T02:11:53.000,12.51,4.64,7.84,17.76,0.0,8261,-27.34,15.0,0.751
2024-04-29T02:12:53.000,12.54,4.99,7.98,17.74,0.0,8262,-27.23,15.0,0.751
2024-04-29T02:13:54.000,12.61,5.16,8.02,17.74,0.0,8263,-27.12,15.0,0.751
2024-04-29T02:14:54.000,12.65,5.26,8.29,17.7,0.0,8264,-27.0,15.0,0.751
2024-04-29T02:15:54.000,12.64,5.23,8.52,17.67,0.0,8265,-26.89,15.0,0.751
2024-04-29T02:16:54.000,12.64,5.39,8.67,17.66,0.0,8266,-26.78,15.0,0.751
2024-04-29T02:17:54.000,12.68,5.49,8.85,17.63,0.0,8267,-26.66,15.0,0.751
2024-04-29T02:18:54.000,12.72,5.5,9.05,17.61,0.0,8268,-26.54,15.0,0.75
2024-04-29T02:19:54.000,12.71,5.44,9.21,17.59,0.0,8269,-26.43,15.0,0.75
2024-04-29T02:20:54.000,12.71,5.49,9.27,17.58,0.0,8270,-26.31,15.0,0.75
2024-04-29T02:21:54.000,12.7,5.36,9.28,17.58,0.0,8271,-26.19,15.0,0.75
2024-04-29T02:22:54.000,12.62,5.33,9.25,17.59,0.0,8272,-26.08,16.0,0.75
2024-04-29T02:23:54.000,12.59,5.36,9.29,17.58,0.0,8273,-25.96,16.0,0.75
2024-04-29T02:24:54.000,12.55,5.3,9.26,17.58,0.0,8274,-25.84,16.0,0.75
2024-04-29T02:25:54.000,12.54,5.39,9.25,17.59,0.0,8275,-25.72,16.0,0.75
2024-04-29T02:26:54.000,12.55,5.25,9.15,17.6,0.0,8276,-25.6,16.0,0.75
2024-04-29T02:27:55.000,12.52,5.39,9.36,17.57,0.0,8277,-25.47,16.0,0.75
2024-04-29T02:28:55.000,12.58,5.48,9.38,17.57,0.0,8278,-25.35,16.0,0.75
2024-04-29T02:29:55.000,12.58,5.2,9.41,17.57,0.0,8279,-25.23,16.0,0.75
2024-04-29T02:30:55.000,12.53,5.32,9.41,17.57,0.0,8280,-25.11,16.0,0.75
2024-04-29T02:31:55.000,12.53,5.26,9.43,17.56,0.0,8281,-24.98,16.0,0.75
2024-04-29T02:32:55.000,12.55,5.41,9.44,17.56,0.0,8282,-24.86,16.0,0.75
2024-04-29T02:33:55.000,12.56,5.21,9.48,17.56,0.0,8283,-24.73,16.0,0.75
2024-04-29T02:34:55.000,12.5,5.22,9.54,17.55,0.0,8284,-24.61,16.0,0.749
2024-04-29T02:35:55.000,12.51,5.24,9.52,17.55,0.0,8285,-24.48,17.0,0.749
2024-04-29T02:36:55.000,12.5,5.19,9.49,17.56,0.0,8286,-24.35,17.0,0.749
2024-04-29T02:37:55.000,12.49,5.16,9.47,17.56,0.0,8287,-24.23,17.0,0.749
2024-04-29T02:38:55.000,12.5,5.31,9.45,17.56,0.0,8288,-24.1,17.0,0.749
2024-04-29T02:39:55.000,12.47,5.02,9.43,17.56,0.0,8289,-23.97,17.0,0.749
2024-04-29T02:40:55.000,12.45,5.18,9.44,17.56,0.0,8290,-23.84,17.0,0.749
2024-04-29T02:41:55.000,12.43,5.17,9.38,17.57,0.0,8291,-23.71,17.0,0.749
2024-04-29T02:42:55.000,12.47,5.22,9.26,17.58,0.0,8292,-23.58,17.0,0.749
2024-04-29T02:43:56.000,12.48,5.21,9.17,17.59,0.0,8293,-23.45,17.0,0.749
2024-04-29T02:44:56.000,12.49,5.18,9.15,17.6,0.0,8294,-23.32,17.0,0.749
2024-04-29T02:45:56.000,12.52,5.31,9.18,17.59,0.0,8295,-23.19,17.0,0.749
2024-04-29T02:46:56.000,12.55,5.31,9.21,17.59,0.0,8296,-23.06,17.0,0.749
2024-04-29T02:47:56.000,12.62,5.38,9.26,17.58,0.0,8297,-22.92,17.0,0.749
2024-04-29T02:48:56.000,12.64,5.23,9.4,17.57,0.0,8298,-22.79,17.0,0.749
2024-04-29T02:49:56.000,12.61,5.17,9.5,17.56,0.0,8299,-22.66,18.0,0.748
2024-04-29T02:50:56.000,12.57,5.14,9.49,17.56,0.0,8300,-22.52,18.0,0.748
2024-04-29T02:51:56.000,12.53,5.29,9.31,17.58,0.0,8301,-22.39,18.0,0.748
2024-04-29T02:52:56.000,12.54,5.3,9.15,17.6,0.0,8302,-22.25,18.0,0.748
2024-04-29T02:53:57.000,12.5,5.3,9.12,17.6,0.0,8303,-22.12,18.0,0.748
2024-04-29T02:54:56.000,12.54,5.48,9.26,17.58,0.0,8304,-21.98,18.0,0.748
2024-04-29T02:55:57.000,12.57,5.42,9.35,17.57,0.0,8305,-21.84,18.0,0.748
2024-04-29T02:56:57.000,12.57,5.39,9.32,17.58,0.0,8306,-21.71,18.0,0.748
2024-04-29T02:57:57.000,12.53,5.2,9.32,17.58,0.0,8307,-21.57,18.0,0.748
2024-04-29T02:58:57.000,12.51,5.34,9.42,17.57,0.0,8308,-21.43,18.0,0.748
2024-04-29T02:59:57.000,12.55,5.46,9.46,17.56,0.0,8309,-21.29,18.0,0.748
2024-04-29T03:00:57.000,12.6,5.38,9.55,17.55,0.0,8310,-21.15,18.0,0.748
2024-04-29T03:01:57.000,12.64,5.33,9.61,17.54,0.0,8311,-21.01,18.0,0.748
2024-04-29T03:02:57.000,12.6,5.01,9.56,17.55,0.0,8312,-20.87,18.0,0.748
2024-04-29T03:03:57.000,12.54,5.25,9.7,17.53,0.0,8313,-20.73,18.0,0.748
2024-04-29T03:04:57.000,12.55,5.23,9.76,17.53,0.0,8314,-20.59,18.0,0.748
2024-04-29T03:05:57.000,12.61,5.37,9.78,17.52,0.0,8315,-20.45,18.0,0.747
2024-04-29T03:06:57.000,12.64,5.19,9.8,17.52,0.0,8316,-20.31,19.0,0.747
2024-04-29T03:07:57.000,12.55,4.88,9.91,17.51,0.0,8317,-20.17,19.0,0.747
2024-04-29T03:08:57.000,12.44,5.05,10.13,17.49,0.0,8318,-20.02,19.0,0.747
2024-04-29T03:09:57.000,12.46,5.17,10.52,17.45,0.0,8319,-19.88,19.0,0.747
2024-04-29T03:10:57.000,12.39,5.03,10.59,17.44,0.0,8320,-19.74,19.0,0.747
2024-04-29T03:11:58.000,12.29,5.11,10.57,17.44,0.0,8321,-19.59,19.0,0.747
2024-04-29T03:12:58.000,12.29,5.16,10.7,17.43,0.0,8322,-19.44,19.0,0.747
2024-04-29T03:13:58.000,12.29,5.0,11.11,17.39,0.0,8323,-19.3,19.0,0.747
2024-04-29T03:14:58.000,12.24,5.01,11.66,17.33,0.0,8324,-19.15,19.0,0.747
2024-04-29T03:15:58.000,12.26,5.06,12.02,17.3,0.0,8325,-19.01,19.0,0.747
2024-04-29T03:16:58.000,12.19,4.75,12.1,17.29,0.0,8326,-18.86,19.0,0.747
