ecsv/stars73/stars73_2025-04.ecsv
# %ECSV 1.0
# ---
# datatype:
# - {name: time, datatype: string}
# - {name: Enclosure Temperature, unit: deg_C, datatype: float64}
# - {name: Sky Temperature, unit: deg_C, datatype: float64}
# - {name: Frequency, unit: Hz, datatype: float64}
# - {name: MSAS, unit: mag / arcsec2, datatype: float64}
# - {name: ZP, datatype: float64}
# - {name: Sequence Number, datatype: int64}
# - {name: Sun Alt, unit: deg, datatype: float64}
# - {name: Moon Alt, unit: deg, datatype: float64}
# - {name: Moon Illumination, datatype: float64}
# delimiter: ','
# meta: !!omap
# - ida:
#     Data supplier: {affiliation: ACTUEL, observer: null}
#     Device type: TESS-W
#     Field of view: 17.0
#     Filters per channel: None
#     Instrument ID: stars73
#     License: ODbL 1.0 http://opendatacommons.org/licenses/odbl/summary/
#     Local timezone: Europe/Madrid
#     Location name: {country: Spain, place: "Observatorio Astron\xF3mico de San Blas", region: Aragon, sub_region: Teruel, town: Teruel}
#     Measurement direction per channel: {azimuth: 0.0, zenital: 0.0}
#     Moving / Fixed look direction: FIXED
#     Moving / Stationary position: STATIONARY
#     Number of channels: 1
#     Number of fields per line: 8
#     Number of header lines: 35
#     Position: {height: 0.0, latitude: 40.349958, longitude: -1.170225}
#     TESS MAC address: 18:FE:34:D3:47:17
#     TESS cover offset value: 0.0
#     TESS firmware version: Unknown
#     TESS zero point: 20.0
#     Time Synchronization: timestamp added by MQTT subscriber
#     URL: http://www.darksky.org/NSBM/sdf1.0.pdf
# - __serialized_columns__:
#     Enclosure Temperature:
#       __class__: astropy.units.quantity.Quantity
#       unit: &id001 !astropy.units.Unit {unit: deg_C}
#       value: !astropy.table.SerializedColumn {name: Enclosure Temperature}
#     Frequency:
#       __class__: astropy.units.quantity.Quantity
#       unit: !astropy.units.Unit {unit: Hz}
#       value: !astropy.table.SerializedColumn {name: Frequency}
#     MSAS:
#       __class__: astropy.units.quantity.Quantity
#       unit: !astropy.units.Unit {unit: mag / arcsec2}
#       value: !astropy.table.SerializedColumn {name: MSAS}
#     Moon Alt:
#       __class__: astropy.units.quantity.Quantity
#       unit: &id002 !astropy.units.Unit {unit: deg}
#       value: !astropy.table.SerializedColumn {name: Moon Alt}
#     Sky Temperature:
#       __class__: astropy.units.quantity.Quantity
#       unit: *id001
#       value: !astropy.table.SerializedColumn {name: Sky Temperature}
#     Sun Alt:
#       __class__: astropy.units.quantity.Quantity
#       unit: *id002
#       value: !astropy.table.SerializedColumn {name: Sun Alt}
#     time:
#       __class__: astropy.time.core.Time
#       format: isot
#       in_subfmt: '*'
#       out_subfmt: '*'
#       precision: 3
#       scale: utc
#       value: !astropy.table.SerializedColumn {name: time}
# schema: astropy-2.0
time,Enclosure Temperature,Sky Temperature,Frequency,MSAS,ZP,Sequence Number,Sun Alt,Moon Alt,Moon Illumination
[from data line 18062]
2025-04-26T12:48:06.000,34.64,-2.16,0.0,0.0,20.0,38956,61.53,48.0,0.025
2025-04-26T12:49:08.000,34.76,-1.72,0.0,0.0,20.0,38957,61.45,48.0,0.025
2025-04-26T12:50:10.000,35.11,-1.15,0.0,0.0,20.0,38958,61.37,48.0,0.025
2025-04-26T12:52:10.000,35.17,-2.96,0.0,0.0,20.0,38960,61.21,48.0,0.025
2025-04-26T12:53:10.000,34.65,-2.94,0.0,0.0,20.0,38961,61.12,48.0,0.025
2025-04-26T12:54:10.000,34.4,-2.58,0.0,0.0,20.0,38962,61.04,48.0,0.025
2025-04-26T12:57:11.000,35.15,-1.76,0.0,0.0,20.0,38965,60.77,47.0,0.025
2025-04-26T12:58:10.000,35.32,-0.21,0.0,0.0,20.0,38966,60.69,47.0,0.025
2025-04-26T12:59:11.000,35.56,-0.48,0.0,0.0,20.0,38967,60.59,47.0,0.025
2025-04-26T13:01:12.000,36.4,0.82,0.0,0.0,20.0,38969,60.4,47.0,0.025
2025-04-26T13:02:15.000,36.22,0.01,0.0,0.0,20.0,38970,60.3,46.0,0.025
2025-04-26T13:04:19.000,35.43,-2.23,0.0,0.0,20.0,38972,60.1,46.0,0.025
2025-04-26T13:05:19.000,34.34,-2.11,0.0,0.0,20.0,38973,60.0,46.0,0.025
2025-04-26T13:06:19.000,34.15,0.6,0.0,0.0,20.0,38974,59.9,46.0,0.025
2025-04-26T13:07:22.000,34.76,1.04,0.0,0.0,20.0,38975,59.79,46.0,0.025
2025-04-26T13:09:23.000,35.44,1.16,0.0,0.0,20.0,38977,59.58,45.0,0.025
2025-04-26T13:10:24.000,35.35,-1.66,0.0,0.0,20.0,38978,59.48,45.0,0.025
2025-04-26T13:11:24.000,35.02,-2.06,0.0,0.0,20.0,38979,59.37,45.0,0.025
2025-04-26T13:17:27.000,34.91,-0.81,0.0,0.0,20.0,38985,58.7,44.0,0.025
2025-04-26T13:18:26.000,35.38,0.14,0.0,0.0,20.0,38986,58.59,44.0,0.025
2025-04-26T13:19:27.000,35.16,-3.59,0.0,0.0,20.0,38987,58.47,44.0,0.025
2025-04-26T13:21:29.000,34.89,-1.4,0.0,0.0,20.0,38989,58.23,44.0,0.025
2025-04-26T13:23:29.000,35.77,-0.97,0.0,0.0,20.0,38991,57.99,43.0,0.025
2025-04-26T13:25:29.000,35.13,-2.08,0.0,0.0,20.0,38993,57.75,43.0,0.024
2025-04-26T13:26:29.000,35.16,-1.13,0.0,0.0,20.0,38994,57.62,43.0,0.024
2025-04-26T13:27:31.000,35.32,-0.84,0.0,0.0,20.0,38995,57.49,43.0,0.024
2025-04-26T13:28:30.000,35.36,-1.73,0.0,0.0,20.0,38996,57.37,43.0,0.024
2025-04-26T13:29:31.000,35.37,-1.19,0.0,0.0,20.0,38997,57.24,42.0,0.024
2025-04-26T13:30:31.000,35.68,-0.37,0.0,0.0,20.0,38998,57.11,42.0,0.024
2025-04-26T13:32:31.000,35.24,-2.57,0.0,0.0,20.0,39000,56.86,42.0,0.024
2025-04-26T13:33:31.000,35.03,-3.08,0.0,0.0,20.0,39001,56.73,42.0,0.024
2025-04-26T13:34:31.000,34.83,-2.45,0.0,0.0,20.0,39002,56.6,42.0,0.024
2025-04-26T14:44:50.000,33.56,-2.24,0.0,0.0,20.0,39072,45.69,30.0,0.022
2025-04-26T14:45:50.000,33.73,-1.59,0.0,0.0,20.0,39073,45.52,30.0,0.022
2025-04-26T14:46:51.000,33.91,-2.42,0.0,0.0,20.0,39074,45.35,29.0,0.022
2025-04-26T14:48:52.000,33.61,-3.12,0.0,0.0,20.0,39076,45.0,29.0,0.022
2025-04-26T14:49:53.000,33.21,-3.65,0.0,0.0,20.0,39077,44.82,29.0,0.022
2025-04-26T14:50:53.000,32.82,-4.13,0.0,0.0,20.0,39078,44.65,29.0,0.022
2025-04-26T15:22:00.000,31.81,-3.81,0.0,0.0,20.0,39109,39.09,23.0,0.022
2025-04-26T15:23:02.000,31.51,-4.39,0.0,0.0,20.0,39110,38.9,23.0,0.022
2025-04-26T15:24:02.000,31.53,-2.96,0.0,0.0,20.0,39111,38.72,23.0,0.021
2025-04-26T15:27:05.000,31.37,-4.18,0.0,0.0,20.0,39114,38.16,22.0,0.021
2025-04-26T15:28:04.000,31.41,-2.73,0.0,0.0,20.0,39115,37.98,22.0,0.021
2025-04-26T15:29:04.000,31.56,-3.26,0.0,0.0,20.0,39116,37.79,22.0,0.021
2025-04-26T16:04:10.000,30.82,-4.13,0.0,0.0,20.0,39151,31.26,15.0,0.021
2025-04-26T16:05:11.000,30.54,-4.01,0.0,0.0,20.0,39152,31.07,15.0,0.02
2025-04-26T16:06:13.000,30.31,-4.13,0.0,0.0,20.0,39153,30.87,15.0,0.02
2025-04-26T16:08:13.000,30.0,-3.91,0.0,0.0,20.0,39155,30.5,15.0,0.02
2025-04-26T16:11:18.000,28.92,-4.92,0.0,0.0,20.0,39158,29.92,14.0,0.02
2025-04-26T16:12:18.000,28.96,-4.52,0.0,0.0,20.0,39159,29.73,14.0,0.02
2025-04-26T16:13:18.000,28.91,-4.38,0.0,0.0,20.0,39160,29.54,14.0,0.02
2025-04-26T16:48:24.000,26.72,-4.86,0.0,0.0,20.0,39195,22.87,7.0,0.019
2025-04-26T16:49:24.000,26.66,-5.43,0.0,0.0,20.0,39196,22.68,7.0,0.019
2025-04-26T16:50:25.000,25.79,-8.06,0.0,0.0,20.0,39197,22.49,7.0,0.019
2025-04-26T16:52:25.000,25.02,-3.19,0.0,0.0,20.0,39199,22.11,7.0,0.019
2025-04-26T16:53:26.000,25.24,-2.75,0.0,0.0,20.0,39200,21.92,7.0,0.019
2025-04-26T16:54:26.000,25.3,-2.84,0.0,0.0,20.0,39201,21.73,6.0,0.019
2025-04-26T17:05:27.000,23.96,-4.49,0.0,0.0,20.0,39212,19.63,4.0,0.019
2025-04-26T17:06:27.000,24.3,-3.59,0.0,0.0,20.0,39213,19.44,4.0,0.019
2025-04-26T17:07:28.000,24.11,-5.86,0.0,0.0,20.0,39214,19.24,4.0,0.019
2025-04-26T17:09:28.000,22.99,-4.03,0.0,0.0,20.0,39216,18.86,4.0,0.019
2025-04-26T17:10:28.000,22.36,-5.69,0.0,0.0,20.0,39217,18.67,3.0,0.019
2025-04-26T17:11:29.000,21.82,-4.28,0.0,0.0,20.0,39218,18.48,3.0,0.019
2025-04-26T17:21:30.000,21.54,5.06,0.0,0.0,20.0,39228,16.58,2.0,0.019
2025-04-26T17:22:30.000,21.57,4.56,0.0,0.0,20.0,39229,16.39,1.0,0.019
2025-04-26T17:23:30.000,21.35,3.89,0.0,0.0,20.0,39230,16.2,1.0,0.019
2025-04-26T17:25:30.000,21.96,4.53,0.0,0.0,20.0,39232,15.82,1.0,0.019
2025-04-26T17:26:30.000,22.24,3.35,0.0,0.0,20.0,39233,15.63,1.0,0.019
2025-04-26T17:27:31.000,22.43,1.87,0.0,0.0,20.0,39234,15.43,0.0,0.019
2025-04-26T17:42:35.000,20.52,-1.31,0.0,0.0,20.0,39249,12.58,-2.0,0.018
2025-04-26T17:43:35.000,20.3,-1.5,0.0,0.0,20.0,39250,12.39,-2.0,0.018
2025-04-26T17:44:35.000,20.13,-0.65,0.0,0.0,20.0,39251,12.21,-3.0,0.018
2025-04-26T17:46:35.000,19.73,-2.62,0.0,0.0,20.0,39253,11.83,-3.0,0.018
2025-04-26T17:47:35.000,19.4,-3.39,0.0,0.0,20.0,39254,11.64,-3.0,0.018
2025-04-26T17:49:35.000,18.92,-5.41,0.0,0.0,20.0,39256,11.26,-3.0,0.018
2025-04-26T17:50:35.000,18.78,-5.37,0.0,0.0,20.0,39257,11.07,-4.0,0.018
2025-04-26T17:52:36.000,18.93,-6.34,0.0,0.0,20.0,39259,10.7,-4.0,0.018
2025-04-26T17:53:36.000,18.86,-6.66,0.0,0.0,20.0,39260,10.51,-4.0,0.018
2025-04-26T17:54:36.000,18.79,-6.19,0.0,0.0,20.0,39261,10.32,-4.0,0.018
2025-04-26T17:55:36.000,18.71,-6.24,0.0,0.0,20.0,39262,10.13,-4.0,0.018
2025-04-26T17:56:37.000,18.57,-5.33,0.0,0.0,20.0,39263,9.94,-5.0,0.018
2025-04-26T17:58:38.000,18.11,-5.69,0.0,0.0,20.0,39265,9.56,-5.0,0.018
2025-04-26T17:59:38.000,17.8,-5.99,0.0,0.0,20.0,39266,9.38,-5.0,0.018
2025-04-26T18:00:38.000,17.6,-6.45,0.0,0.0,20.0,39267,9.19,-5.0,0.018
2025-04-26T18:05:39.000,16.68,-8.66,0.0,0.0,20.0,39272,8.25,-6.0,0.018
2025-04-26T18:06:39.000,16.58,-8.51,0.0,0.0,20.0,39273,8.06,-6.0,0.018
2025-04-26T18:07:39.000,16.45,-8.76,0.0,0.0,20.0,39274,7.88,-7.0,0.018
2025-04-26T18:09:45.000,16.14,-8.2,0.0,0.0,20.0,39276,7.48,-7.0,0.018
2025-04-26T18:10:45.000,16.05,-7.78,0.0,0.0,20.0,39277,7.3,-7.0,0.018
2025-04-26T18:11:45.000,15.94,-8.34,0.0,0.0,20.0,39278,7.11,-7.0,0.018
2025-04-26T18:13:45.000,15.61,-9.5,0.0,0.0,20.0,39280,6.74,-8.0,0.018
2025-04-26T18:14:46.000,15.5,-9.4,0.0,0.0,20.0,39281,6.55,-8.0,0.018
2025-04-26T18:15:47.000,15.41,-9.35,0.0,0.0,20.0,39282,6.36,-8.0,0.017
2025-04-26T18:20:47.000,15.14,-6.27,0.0,0.0,20.0,39287,5.43,-9.0,0.017
2025-04-26T18:21:47.000,15.08,-6.13,0.0,0.0,20.0,39288,5.25,-9.0,0.017
2025-04-26T18:22:48.000,15.06,-6.27,0.0,0.0,20.0,39289,5.06,-9.0,0.017
2025-04-26T18:24:50.000,15.02,-6.79,0.0,0.0,20.0,39291,4.68,-9.0,0.017
2025-04-26T18:25:50.000,14.98,-6.85,0.0,0.0,20.0,39292,4.5,-10.0,0.017
2025-04-26T18:26:50.000,14.94,-6.75,0.0,0.0,20.0,39293,4.32,-10.0,0.017
2025-04-26T18:31:50.000,14.7,-8.88,0.0,0.0,20.0,39298,3.4,-11.0,0.017
2025-04-26T18:32:50.000,14.62,-8.34,0.0,0.0,20.0,39299,3.21,-11.0,0.017
2025-04-26T18:33:50.000,14.57,-7.79,0.0,0.0,20.0,39300,3.03,-11.0,0.017
2025-04-26T18:34:50.000,14.53,-7.65,0.18,0.09,20.0,39301,2.84,-11.0,0.017
2025-04-26T18:35:50.000,14.51,-7.79,0.0,0.0,20.0,39302,2.66,-11.0,0.017
2025-04-26T18:36:50.000,14.47,-8.28,0.0,0.0,20.0,39303,2.48,-11.0,0.017
2025-04-26T18:37:51.000,14.41,-8.62,0.0,0.0,20.0,39304,2.29,-12.0,0.017
2025-04-26T18:38:50.000,14.37,-8.85,0.0,0.0,20.0,39305,2.11,-12.0,0.017
2025-04-26T18:39:50.000,14.32,-8.82,0.0,0.0,20.0,39306,1.93,-12.0,0.017
2025-04-26T18:40:50.000,14.27,-8.24,0.13,0.11,20.0,39307,1.75,-12.0,0.017
2025-04-26T18:41:51.000,14.27,-6.26,0.0,0.0,20.0,39308,1.56,-12.0,0.017
2025-04-26T18:42:51.000,14.27,-4.06,0.0,0.0,20.0,39309,1.38,-12.0,0.017
2025-04-26T18:43:52.000,14.33,-3.5,0.0,0.0,20.0,39310,1.2,-13.0,0.017
2025-04-26T18:54:55.000,14.27,-1.94,0.0,0.0,20.0,39321,-0.81,-14.0,0.017
2025-04-26T18:55:55.000,14.31,-0.47,0.0,0.0,20.0,39322,-0.99,-14.0,0.017
2025-04-26T18:56:54.000,14.35,2.76,0.0,0.0,20.0,39323,-1.16,-15.0,0.017
2025-04-26T18:57:55.000,14.41,4.4,24441.87,3.11,20.0,39324,-1.34,-15.0,0.017
2025-04-26T18:58:55.000,14.55,4.68,56227.35,8.13,20.0,39325,-1.52,-15.0,0.017
2025-04-26T18:59:55.000,14.6,4.21,51560.89,8.22,20.0,39326,-1.7,-15.0,0.017
2025-04-26T19:00:55.000,14.67,3.16,55481.75,8.14,20.0,39327,-1.88,-15.0,0.016
2025-04-26T19:01:56.000,14.75,2.15,52384.6,8.2,20.0,39328,-2.06,-15.0,0.016
2025-04-26T19:02:56.000,14.82,2.61,44505.54,8.38,20.0,39329,-2.24,-16.0,0.016
2025-04-26T19:04:00.000,14.87,4.07,33685.57,8.77,20.0,39330,-2.43,-16.0,0.016
2025-04-26T19:05:00.000,14.86,4.59,23458.64,9.08,20.0,39331,-2.61,-16.0,0.016
2025-04-26T19:06:04.000,14.86,4.38,19494.22,9.28,20.0,39332,-2.8,-16.0,0.016
2025-04-26T19:07:06.000,14.83,3.52,18763.38,9.32,20.0,39333,-2.99,-16.0,0.016
2025-04-26T19:08:05.000,14.77,2.91,16963.76,9.43,20.0,39334,-3.16,-16.0,0.016
2025-04-26T19:11:09.000,14.71,3.31,10003.69,10.0,20.0,39337,-3.7,-17.0,0.016
2025-04-26T19:12:09.000,14.65,3.69,7731.39,10.28,20.0,39338,-3.88,-17.0,0.016
2025-04-26T19:13:09.000,14.62,3.52,6228.85,10.52,20.0,39339,-4.06,-17.0,0.016
2025-04-26T19:14:10.000,14.55,3.25,5292.11,10.69,20.0,39340,-4.24,-17.0,0.016
2025-04-26T19:15:09.000,14.5,2.65,4377.6,10.9,20.0,39341,-4.41,-18.0,0.016
2025-04-26T19:16:09.000,14.44,1.81,3676.45,11.09,20.0,39342,-4.59,-18.0,0.016
2025-04-26T19:17:10.000,14.39,1.19,3370.84,11.18,20.0,39343,-4.77,-18.0,0.016
2025-04-26T19:18:10.000,14.4,1.23,2698.56,11.42,20.0,39344,-4.94,-18.0,0.016
2025-04-26T19:19:10.000,14.37,0.88,2089.3,11.7,20.0,39345,-5.12,-18.0,0.016
2025-04-26T19:20:10.000,14.37,0.76,1700.2,11.93,20.0,39346,-5.29,-18.0,0.016
2025-04-26T19:21:10.000,14.27,-0.24,1411.53,12.13,20.0,39347,-5.47,-18.0,0.016
2025-04-26T19:22:11.000,14.18,-0.74,1148.07,12.35,20.0,39348,-5.64,-19.0,0.016
2025-04-26T19:23:11.000,14.13,-0.68,921.89,12.59,20.0,39349,-5.82,-19.0,0.016
2025-04-26T19:24:10.000,14.07,-0.31,763.93,12.79,20.0,39350,-5.99,-19.0,0.016
2025-04-26T19:25:10.000,13.95,0.04,695.96,12.89,20.0,39351,-6.16,-19.0,0.016
2025-04-26T19:26:11.000,13.88,0.08,605.46,13.05,20.0,39352,-6.34,-19.0,0.016
2025-04-26T19:27:10.000,13.87,-0.65,487.58,13.28,20.0,39353,-6.51,-19.0,0.016
2025-04-26T19:28:11.000,13.86,-0.29,376.85,13.56,20.0,39354,-6.69,-19.0,0.016
2025-04-26T19:29:11.000,13.85,1.03,337.55,13.68,20.0,39355,-6.86,-20.0,0.016
2025-04-26T19:30:11.000,13.81,1.27,273.1,13.91,20.0,39356,-7.03,-20.0,0.016
2025-04-26T19:31:11.000,13.74,1.03,193.91,14.29,20.0,39357,-7.21,-20.0,0.016
2025-04-26T19:32:11.000,13.69,0.83,146.85,14.59,20.0,39358,-7.38,-20.0,0.016
2025-04-26T19:33:11.000,13.68,0.55,110.91,14.89,20.0,39359,-7.55,-20.0,0.016
2025-04-26T19:34:11.000,13.74,0.12,101.19,14.99,20.0,39360,-7.72,-20.0,0.016
2025-04-26T19:35:11.000,13.78,-0.73,83.34,15.2,20.0,39361,-7.89,-21.0,0.016
2025-04-26T19:36:11.000,13.83,-1.6,64.18,15.48,20.0,39362,-8.07,-21.0,0.016
2025-04-26T19:37:11.000,13.73,-2.21,50.88,15.73,20.0,39363,-8.24,-21.0,0.016
2025-04-26T19:38:11.000,13.67,-2.25,45.04,15.87,20.0,39364,-8.41,-21.0,0.016
2025-04-26T19:39:11.000,13.57,-2.17,38.48,16.04,20.0,39365,-8.58,-21.0,0.016
2025-04-26T19:40:12.000,13.52,-1.13,32.63,16.22,20.0,39366,-8.75,-21.0,0.016
2025-04-26T19:41:11.000,13.51,0.08,27.87,16.39,20.0,39367,-8.92,-21.0,0.016
2025-04-26T19:42:12.000,13.46,0.8,23.37,16.58,20.0,39368,-9.09,-22.0,0.016
2025-04-26T19:43:12.000,13.49,1.86,23.8,16.56,20.0,39369,-9.26,-22.0,0.016
2025-04-26T19:44:12.000,13.54,2.62,23.39,16.58,20.0,39370,-9.43,-22.0,0.016
2025-04-26T19:45:12.000,13.56,3.11,19.61,16.77,20.0,39371,-9.6,-22.0,0.016
2025-04-26T19:46:12.000,13.64,3.44,17.66,16.88,20.0,39372,-9.77,-22.0,0.016
2025-04-26T19:47:12.000,13.69,3.33,16.15,16.98,20.0,39373,-9.94,-22.0,0.016
2025-04-26T19:48:12.000,13.7,2.33,15.21,17.05,20.0,39374,-10.11,-22.0,0.016
2025-04-26T19:49:12.000,13.61,1.13,13.15,17.2,20.0,39375,-10.27,-23.0,0.015
2025-04-26T19:50:12.000,13.59,0.26,10.66,17.43,20.0,39376,-10.44,-23.0,0.015
2025-04-26T19:51:12.000,13.55,-0.19,8.47,17.68,20.0,39377,-10.61,-23.0,0.015
2025-04-26T19:52:13.000,13.45,-0.12,7.93,17.75,20.0,39378,-10.78,-23.0,0.015
2025-04-26T19:53:13.000,13.43,0.17,7.89,17.76,20.0,39379,-10.95,-23.0,0.015
2025-04-26T19:54:13.000,13.45,0.3,7.99,17.74,20.0,39380,-11.11,-23.0,0.015
2025-04-26T19:55:13.000,13.43,0.02,7.86,17.76,20.0,39381,-11.28,-23.0,0.015
2025-04-26T19:56:13.000,13.41,-0.6,7.27,17.85,20.0,39382,-11.44,-24.0,0.015
2025-04-26T19:57:13.000,13.38,-1.34,7.17,17.86,20.0,39383,-11.61,-24.0,0.015
2025-04-26T19:58:13.000,13.36,-1.83,5.83,18.09,20.0,39384,-11.78,-24.0,0.015
2025-04-26T19:59:14.000,13.34,-2.52,4.61,18.34,20.0,39385,-11.94,-24.0,0.015
2025-04-26T20:00:15.000,13.27,-3.48,4.25,18.43,20.0,39386,-12.11,-24.0,0.015
2025-04-26T20:01:15.000,13.19,-4.29,3.29,18.71,20.0,39387,-12.28,-24.0,0.015
2025-04-26T20:02:15.000,13.08,-5.02,2.55,18.99,20.0,39388,-12.44,-24.0,0.015
2025-04-26T20:03:15.000,12.96,-5.84,2.19,19.15,20.0,39389,-12.6,-24.0,0.015
2025-04-26T20:04:15.000,12.81,-6.11,2.12,19.18,20.0,39390,-12.77,-25.0,0.015
2025-04-26T20:05:15.000,12.72,-6.04,2.1,19.19,20.0,39391,-12.93,-25.0,0.015
2025-04-26T20:06:15.000,12.67,-6.1,2.27,19.11,20.0,39392,-13.09,-25.0,0.015
2025-04-26T20:07:15.000,12.59,-6.69,1.98,19.26,20.0,39393,-13.26,-25.0,0.015
2025-04-26T20:08:16.000,12.55,-7.03,1.68,19.44,20.0,39394,-13.42,-25.0,0.015
2025-04-26T20:09:16.000,12.49,-7.41,1.55,19.52,20.0,39395,-13.58,-25.0,0.015
2025-04-26T20:10:16.000,12.46,-7.1,1.5,19.56,20.0,39396,-13.74,-25.0,0.015
2025-04-26T20:11:16.000,12.46,-6.5,1.61,19.49,20.0,39397,-13.91,-26.0,0.015
2025-04-26T20:12:16.000,12.41,-6.14,1.75,19.39,20.0,39398,-14.07,-26.0,0.015
2025-04-26T20:13:17.000,12.35,-5.65,1.91,19.3,20.0,39399,-14.23,-26.0,0.015
2025-04-26T20:14:17.000,12.32,-5.07,2.19,19.15,20.0,39400,-14.39,-26.0,0.015
2025-04-26T20:15:17.000,12.32,-4.01,2.98,18.82,20.0,39401,-14.55,-26.0,0.015
2025-04-26T20:16:17.000,12.32,-2.85,3.91,18.52,20.0,39402,-14.71,-26.0,0.015
2025-04-26T20:17:17.000,12.36,-2.01,3.62,18.6,20.0,39403,-14.87,-26.0,0.015
2025-04-26T20:18:17.000,12.43,-1.53,3.53,18.63,20.0,39404,-15.03,-26.0,0.015
2025-04-26T20:19:17.000,12.49,-1.26,3.63,18.6,20.0,39405,-15.19,-27.0,0.015
2025-04-26T20:21:18.000,12.48,-1.09,3.98,18.5,20.0,39407,-15.5,-27.0,0.015
2025-04-26T20:22:18.000,12.47,-1.04,4.23,18.44,20.0,39408,-15.66,-27.0,0.015
2025-04-26T20:23:18.000,12.48,-1.34,4.1,18.47,20.0,39409,-15.82,-27.0,0.015
2025-04-26T20:24:18.000,12.5,-2.04,3.58,18.61,20.0,39410,-15.98,-27.0,0.015
2025-04-26T20:25:19.000,12.49,-2.82,3.5,18.64,20.0,39411,-16.13,-27.0,0.015
2025-04-26T20:26:19.000,12.49,-3.79,3.11,18.77,20.0,39412,-16.29,-28.0,0.015
2025-04-26T20:28:21.000,12.4,-6.19,2.02,19.24,20.0,39414,-16.61,-28.0,0.015
2025-04-26T20:29:21.000,12.32,-7.03,1.66,19.45,20.0,39415,-16.76,-28.0,0.015
2025-04-26T20:30:21.000,12.2,-7.69,1.76,19.39,20.0,39416,-16.92,-28.0,0.015
2025-04-26T20:31:21.000,12.14,-7.78,1.87,19.32,20.0,39417,-17.07,-28.0,0.015
2025-04-26T20:32:21.000,12.08,-8.32,1.81,19.36,20.0,39418,-17.22,-28.0,0.015
2025-04-26T20:33:21.000,12.01,-9.21,1.51,19.55,20.0,39419,-17.38,-28.0,0.015
2025-04-26T20:34:21.000,11.92,-10.09,1.3,19.71,20.0,39420,-17.53,-28.0,0.015
2025-04-26T20:35:21.000,11.83,-10.87,1.16,19.84,20.0,39421,-17.68,-29.0,0.015
2025-04-26T20:36:22.000,11.66,-11.75,1.03,19.97,20.0,39422,-17.84,-29.0,0.015
2025-04-26T20:37:23.000,11.52,-12.2,0.93,20.08,20.0,39423,-17.99,-29.0,0.014
2025-04-26T20:38:22.000,11.44,-12.34,0.85,20.18,20.0,39424,-18.14,-29.0,0.014
2025-04-26T20:39:22.000,11.35,-12.5,0.81,20.23,20.0,39425,-18.29,-29.0,0.014
2025-04-26T20:40:23.000,11.25,-12.71,0.77,20.28,20.0,39426,-18.44,-29.0,0.014
2025-04-26T20:41:22.000,11.18,-12.71,0.75,20.31,20.0,39427,-18.59,-29.0,0.014
