ecsv/stars73/stars73_2025-04.ecsv
# %ECSV 1.0
# ---
# datatype:
# - {name: time, datatype: string}
# - {name: Enclosure Temperature, unit: deg_C, datatype: float64}
# - {name: Sky Temperature, unit: deg_C, datatype: float64}
# - {name: Frequency, unit: Hz, datatype: float64}
# - {name: MSAS, unit: mag / arcsec2, datatype: float64}
# - {name: ZP, datatype: float64}
# - {name: Sequence Number, datatype: int64}
# - {name: Sun Alt, unit: deg, datatype: float64}
# - {name: Moon Alt, unit: deg, datatype: float64}
# - {name: Moon Illumination, datatype: float64}
# delimiter: ','
# meta: !!omap
# - ida:
#     Data supplier: {affiliation: ACTUEL, observer: null}
#     Device type: TESS-W
#     Field of view: 17.0
#     Filters per channel: None
#     Instrument ID: stars73
#     License: ODbL 1.0 http://opendatacommons.org/licenses/odbl/summary/
#     Local timezone: Europe/Madrid
#     Location name: {country: Spain, place: "Observatorio Astron\xF3mico de San Blas", region: Aragon, sub_region: Teruel, town: Teruel}
#     Measurement direction per channel: {azimuth: 0.0, zenital: 0.0}
#     Moving / Fixed look direction: FIXED
#     Moving / Stationary position: STATIONARY
#     Number of channels: 1
#     Number of fields per line: 8
#     Number of header lines: 35
#     Position: {height: 0.0, latitude: 40.349958, longitude: -1.170225}
#     TESS MAC address: 18:FE:34:D3:47:17
#     TESS cover offset value: 0.0
#     TESS firmware version: Unknown
#     TESS zero point: 20.0
#     Time Synchronization: timestamp added by MQTT subscriber
#     URL: http://www.darksky.org/NSBM/sdf1.0.pdf
# - __serialized_columns__:
#     Enclosure Temperature:
#       __class__: astropy.units.quantity.Quantity
#       unit: &id001 !astropy.units.Unit {unit: deg_C}
#       value: !astropy.table.SerializedColumn {name: Enclosure Temperature}
#     Frequency:
#       __class__: astropy.units.quantity.Quantity
#       unit: !astropy.units.Unit {unit: Hz}
#       value: !astropy.table.SerializedColumn {name: Frequency}
#     MSAS:
#       __class__: astropy.units.quantity.Quantity
#       unit: !astropy.units.Unit {unit: mag / arcsec2}
#       value: !astropy.table.SerializedColumn {name: MSAS}
#     Moon Alt:
#       __class__: astropy.units.quantity.Quantity
#       unit: &id002 !astropy.units.Unit {unit: deg}
#       value: !astropy.table.SerializedColumn {name: Moon Alt}
#     Sky Temperature:
#       __class__: astropy.units.quantity.Quantity
#       unit: *id001
#       value: !astropy.table.SerializedColumn {name: Sky Temperature}
#     Sun Alt:
#       __class__: astropy.units.quantity.Quantity
#       unit: *id002
#       value: !astropy.table.SerializedColumn {name: Sun Alt}
#     time:
#       __class__: astropy.time.core.Time
#       format: isot
#       in_subfmt: '*'
#       out_subfmt: '*'
#       precision: 3
#       scale: utc
#       value: !astropy.table.SerializedColumn {name: time}
# schema: astropy-2.0
time,Enclosure Temperature,Sky Temperature,Frequency,MSAS,ZP,Sequence Number,Sun Alt,Moon Alt,Moon Illumination
[from data line 4507]
2025-04-07T01:09:38.000,10.38,-11.81,2.88,18.85,20.0,10929,-40.63,22.0,0.7
2025-04-07T01:10:38.000,10.7,-11.71,2.86,18.86,20.0,10930,-40.56,22.0,0.7
2025-04-07T01:11:38.000,10.86,-11.51,2.84,18.87,20.0,10931,-40.49,22.0,0.7
2025-04-07T01:12:38.000,10.85,-11.53,2.83,18.87,20.0,10932,-40.42,22.0,0.7
2025-04-07T01:13:38.000,10.74,-11.53,2.79,18.89,20.0,10933,-40.35,21.0,0.701
2025-04-07T01:14:38.000,10.57,-11.73,2.78,18.89,20.0,10934,-40.28,21.0,0.701
2025-04-07T01:15:38.000,10.28,-11.76,2.74,18.91,20.0,10935,-40.2,21.0,0.701
2025-04-07T01:16:38.000,10.08,-11.7,2.7,18.92,20.0,10936,-40.13,21.0,0.701
2025-04-07T01:17:39.000,9.99,-11.78,2.71,18.92,20.0,10937,-40.05,21.0,0.701
2025-04-07T01:19:38.000,10.37,-12.82,2.68,18.93,20.0,10939,-39.9,20.0,0.701
2025-04-07T01:20:39.000,10.17,-12.78,2.63,18.95,20.0,10940,-39.82,20.0,0.701
2025-04-07T01:22:39.000,10.06,-12.23,2.57,18.98,20.0,10942,-39.66,20.0,0.701
2025-04-07T01:24:39.000,10.37,-12.64,2.52,19.0,20.0,10944,-39.5,19.0,0.701
2025-04-07T01:26:39.000,9.94,-13.01,2.48,19.01,20.0,10946,-39.34,19.0,0.701
2025-04-07T01:27:39.000,9.92,-13.36,2.44,19.03,20.0,10947,-39.25,19.0,0.701
2025-04-07T01:28:39.000,10.32,-13.63,2.43,19.04,20.0,10948,-39.17,19.0,0.702
2025-04-07T01:30:39.000,10.86,-12.11,2.4,19.05,20.0,10950,-38.99,18.0,0.702
2025-04-07T01:31:39.000,11.03,-11.79,2.38,19.06,20.0,10951,-38.91,18.0,0.702
2025-04-07T01:32:39.000,10.98,-12.05,2.37,19.06,20.0,10952,-38.82,18.0,0.702
2025-04-07T01:33:40.000,10.78,-12.1,2.34,19.08,20.0,10953,-38.73,18.0,0.702
2025-04-07T01:34:39.000,10.54,-12.11,2.33,19.08,20.0,10954,-38.64,18.0,0.702
2025-04-07T01:35:40.000,10.28,-12.03,2.3,19.1,20.0,10955,-38.54,17.0,0.702
2025-04-07T01:36:40.000,10.04,-11.97,2.29,19.1,20.0,10956,-38.45,17.0,0.702
2025-04-07T01:37:40.000,10.0,-12.04,2.27,19.11,20.0,10957,-38.36,17.0,0.702
2025-04-07T01:38:40.000,10.37,-12.04,2.25,19.12,20.0,10958,-38.27,17.0,0.702
2025-04-07T01:39:40.000,10.64,-12.21,2.24,19.13,20.0,10959,-38.17,17.0,0.702
2025-04-07T01:40:40.000,10.68,-12.18,2.22,19.14,20.0,10960,-38.08,16.0,0.702
2025-04-07T01:41:40.000,10.57,-12.17,2.19,19.15,20.0,10961,-37.98,16.0,0.702
2025-04-07T01:42:40.000,10.36,-12.1,2.2,19.14,20.0,10962,-37.88,16.0,0.702
2025-04-07T01:43:40.000,10.13,-12.12,2.17,19.16,20.0,10963,-37.78,16.0,0.702
2025-04-07T01:44:40.000,9.96,-12.07,2.15,19.17,20.0,10964,-37.69,16.0,0.703
2025-04-07T01:45:40.000,10.14,-12.77,2.05,19.22,20.0,10965,-37.59,16.0,0.703
2025-04-07T01:46:40.000,10.15,-13.32,1.99,19.25,20.0,10966,-37.49,15.0,0.703
2025-04-07T01:47:40.000,10.05,-13.15,1.97,19.26,20.0,10967,-37.38,15.0,0.703
2025-04-07T01:49:40.000,10.16,-13.77,1.7,19.43,20.0,10969,-37.18,15.0,0.703
2025-04-07T01:51:40.000,10.39,-13.44,1.67,19.44,20.0,10971,-36.97,14.0,0.703
2025-04-07T01:52:41.000,10.33,-13.08,1.62,19.48,20.0,10972,-36.86,14.0,0.703
2025-04-07T01:53:41.000,10.09,-13.13,1.51,19.55,20.0,10973,-36.76,14.0,0.703
2025-04-07T01:54:41.000,9.81,-13.47,1.4,19.64,20.0,10974,-36.65,14.0,0.703
2025-04-07T01:55:41.000,10.05,-13.59,1.38,19.65,20.0,10975,-36.54,14.0,0.703
2025-04-07T01:56:41.000,10.57,-13.46,1.37,19.66,20.0,10976,-36.44,14.0,0.703
2025-04-07T01:57:41.000,10.73,-13.65,1.57,19.51,20.0,10977,-36.33,13.0,0.703
2025-04-07T01:58:41.000,10.53,-13.76,1.62,19.48,20.0,10978,-36.22,13.0,0.703
2025-04-07T01:59:41.000,10.21,-13.62,1.5,19.56,20.0,10979,-36.11,13.0,0.704
2025-04-07T02:00:41.000,9.85,-13.79,1.53,19.54,20.0,10980,-36.0,13.0,0.704
2025-04-07T02:01:41.000,9.88,-14.01,1.5,19.56,20.0,10981,-35.88,13.0,0.704
2025-04-07T02:02:41.000,10.44,-13.69,1.44,19.61,20.0,10982,-35.77,12.0,0.704
2025-04-07T02:03:41.000,10.89,-13.06,1.36,19.66,20.0,10983,-35.66,12.0,0.704
2025-04-07T02:04:41.000,11.23,-12.22,1.33,19.69,20.0,10984,-35.54,12.0,0.704
2025-04-07T02:05:41.000,11.37,-11.91,1.42,19.62,20.0,10985,-35.43,12.0,0.704
2025-04-07T02:06:41.000,11.32,-12.12,1.51,19.55,20.0,10986,-35.31,12.0,0.704
2025-04-07T02:07:41.000,10.93,-12.75,1.45,19.6,20.0,10987,-35.2,12.0,0.704
2025-04-07T02:08:41.000,10.43,-12.92,1.51,19.56,20.0,10988,-35.08,11.0,0.704
2025-04-07T02:09:42.000,9.96,-13.02,1.5,19.56,20.0,10989,-34.96,11.0,0.704
2025-04-07T02:11:42.000,10.1,-14.2,1.33,19.69,20.0,10991,-34.72,11.0,0.704
2025-04-07T02:12:42.000,10.34,-14.51,1.36,19.67,20.0,10992,-34.6,11.0,0.704
2025-04-07T02:13:42.000,10.3,-14.19,1.39,19.64,20.0,10993,-34.48,10.0,0.704
2025-04-07T02:14:42.000,10.03,-14.27,1.38,19.65,20.0,10994,-34.36,10.0,0.704
2025-04-07T02:15:42.000,9.84,-14.44,1.32,19.7,20.0,10995,-34.24,10.0,0.705
2025-04-07T02:16:42.000,10.17,-14.5,1.37,19.66,20.0,10996,-34.12,10.0,0.705
2025-04-07T02:17:42.000,10.47,-14.61,1.36,19.67,20.0,10997,-33.99,10.0,0.705
2025-04-07T02:18:42.000,10.53,-13.99,1.34,19.68,20.0,10998,-33.87,10.0,0.705
2025-04-07T02:19:42.000,10.46,-13.47,1.25,19.75,20.0,10999,-33.74,9.0,0.705
2025-04-07T02:20:42.000,10.24,-13.56,1.29,19.72,20.0,11000,-33.62,9.0,0.705
2025-04-07T02:21:42.000,9.92,-13.54,1.32,19.7,20.0,11001,-33.49,9.0,0.705
2025-04-07T02:22:42.000,9.91,-14.04,1.26,19.75,20.0,11002,-33.37,9.0,0.705
2025-04-07T02:23:42.000,10.33,-14.12,1.24,19.76,20.0,11003,-33.24,9.0,0.705
2025-04-07T02:24:42.000,10.67,-13.59,1.26,19.75,20.0,11004,-33.11,9.0,0.705
2025-04-07T02:25:43.000,10.79,-12.98,1.27,19.74,20.0,11005,-32.98,8.0,0.705
2025-04-07T02:26:43.000,10.89,-12.25,1.25,19.76,20.0,11006,-32.85,8.0,0.705
2025-04-07T02:27:43.000,10.91,-12.14,1.17,19.83,20.0,11007,-32.72,8.0,0.705
2025-04-07T02:28:43.000,10.7,-12.3,1.14,19.86,20.0,11008,-32.59,8.0,0.705
2025-04-07T02:29:43.000,10.47,-12.18,1.15,19.85,20.0,11009,-32.46,8.0,0.705
2025-04-07T02:30:43.000,10.27,-11.85,1.13,19.87,20.0,11010,-32.33,7.0,0.706
2025-04-07T02:31:43.000,10.1,-11.87,1.12,19.88,20.0,11011,-32.2,7.0,0.706
2025-04-07T02:32:43.000,9.96,-11.99,1.09,19.9,20.0,11012,-32.07,7.0,0.706
2025-04-07T02:33:43.000,10.16,-12.82,1.1,19.9,20.0,11013,-31.93,7.0,0.706
2025-04-07T02:34:43.000,10.27,-13.17,1.09,19.9,20.0,11014,-31.8,7.0,0.706
2025-04-07T02:35:43.000,10.15,-13.44,1.07,19.93,20.0,11015,-31.66,7.0,0.706
2025-04-07T02:36:43.000,9.93,-13.38,1.03,19.96,20.0,11016,-31.53,6.0,0.706
2025-04-07T02:37:43.000,10.08,-13.97,1.05,19.94,20.0,11017,-31.39,6.0,0.706
2025-04-07T02:38:43.000,10.22,-14.43,1.08,19.92,20.0,11018,-31.26,6.0,0.706
2025-04-07T02:39:43.000,10.18,-13.99,1.06,19.94,20.0,11019,-31.12,6.0,0.706
2025-04-07T02:40:43.000,9.99,-13.71,1.01,19.98,20.0,11020,-30.98,6.0,0.706
2025-04-07T02:41:43.000,10.07,-13.55,1.0,20.0,20.0,11021,-30.85,6.0,0.706
2025-04-07T02:42:43.000,10.53,-12.74,0.99,20.01,20.0,11022,-30.71,5.0,0.706
2025-04-07T02:43:44.000,10.89,-12.54,0.98,20.02,20.0,11023,-30.57,5.0,0.706
2025-04-07T02:44:44.000,10.86,-13.19,0.98,20.02,20.0,11024,-30.43,5.0,0.706
2025-04-07T02:45:44.000,10.4,-13.76,0.97,20.04,20.0,11025,-30.29,5.0,0.706
2025-04-07T02:46:44.000,9.91,-13.73,0.96,20.05,20.0,11026,-30.15,5.0,0.707
2025-04-07T02:47:44.000,9.8,-14.05,0.94,20.06,20.0,11027,-30.0,5.0,0.707
2025-04-07T02:48:44.000,10.21,-14.29,0.93,20.08,20.0,11028,-29.86,4.0,0.707
2025-04-07T02:49:44.000,10.58,-14.29,0.92,20.09,20.0,11029,-29.72,4.0,0.707
2025-04-07T02:50:44.000,10.68,-13.8,0.91,20.1,20.0,11030,-29.58,4.0,0.707
2025-04-07T02:51:44.000,10.55,-13.61,0.91,20.1,20.0,11031,-29.44,4.0,0.707
2025-04-07T02:52:44.000,10.4,-13.04,0.9,20.11,20.0,11032,-29.29,4.0,0.707
2025-04-07T02:53:44.000,10.24,-12.77,0.89,20.13,20.0,11033,-29.15,3.0,0.707
2025-04-07T02:54:44.000,10.1,-12.34,0.89,20.13,20.0,11034,-29.0,3.0,0.707
2025-04-07T02:55:44.000,9.98,-12.34,0.88,20.14,20.0,11035,-28.86,3.0,0.707
2025-04-07T02:56:45.000,10.12,-12.38,0.87,20.15,20.0,11036,-28.71,3.0,0.707
2025-04-07T02:57:44.000,10.48,-12.61,0.86,20.16,20.0,11037,-28.57,3.0,0.707
2025-04-07T02:58:44.000,10.5,-12.79,0.85,20.18,20.0,11038,-28.42,3.0,0.707
2025-04-07T02:59:45.000,10.29,-13.17,0.85,20.18,20.0,11039,-28.27,2.0,0.707
2025-04-07T03:00:45.000,9.92,-13.23,0.84,20.19,20.0,11040,-28.12,2.0,0.707
2025-04-07T03:01:45.000,9.96,-13.14,0.83,20.2,20.0,11041,-27.97,2.0,0.708
2025-04-07T03:02:45.000,10.45,-13.08,0.82,20.21,20.0,11042,-27.83,2.0,0.708
2025-04-07T03:03:45.000,10.85,-12.64,0.81,20.22,20.0,11043,-27.68,2.0,0.708
2025-04-07T03:04:45.000,11.0,-12.46,0.81,20.23,20.0,11044,-27.53,2.0,0.708
2025-04-07T03:05:45.000,10.97,-12.26,0.8,20.24,20.0,11045,-27.38,1.0,0.708
2025-04-07T03:06:45.000,10.77,-12.53,0.79,20.26,20.0,11046,-27.23,1.0,0.708
2025-04-07T03:07:45.000,10.45,-12.35,0.79,20.26,20.0,11047,-27.08,1.0,0.708
2025-04-07T03:08:45.000,9.98,-13.58,0.77,20.28,20.0,11048,-26.93,1.0,0.708
2025-04-07T03:09:45.000,9.37,-14.61,0.77,20.29,20.0,11049,-26.77,1.0,0.708
2025-04-07T03:10:45.000,9.6,-14.48,0.76,20.29,20.0,11050,-26.62,1.0,0.708
2025-04-07T03:11:45.000,10.21,-14.99,0.76,20.3,20.0,11051,-26.47,0.0,0.708
2025-04-07T03:12:45.000,10.6,-15.17,0.75,20.31,20.0,11052,-26.32,0.0,0.708
2025-04-07T03:13:45.000,10.72,-13.97,0.75,20.32,20.0,11053,-26.16,0.0,0.708
2025-04-07T03:14:45.000,10.9,-12.73,0.74,20.33,20.0,11054,-26.01,-0.0,0.708
2025-04-07T03:15:46.000,11.0,-12.45,0.73,20.34,20.0,11055,-25.85,-0.0,0.708
2025-04-07T03:16:46.000,10.86,-12.75,0.73,20.35,20.0,11056,-25.7,-0.0,0.708
2025-04-07T03:17:46.000,10.58,-12.75,0.73,20.35,20.0,11057,-25.54,-1.0,0.709
2025-04-07T03:18:46.000,10.3,-12.53,0.72,20.36,20.0,11058,-25.39,-1.0,0.709
2025-04-07T03:19:46.000,10.03,-12.45,0.72,20.36,20.0,11059,-25.23,-1.0,0.709
2025-04-07T03:20:46.000,9.95,-12.77,0.71,20.37,20.0,11060,-25.07,-1.0,0.709
2025-04-07T03:21:46.000,10.2,-13.49,0.71,20.37,20.0,11061,-24.92,-1.0,0.709
2025-04-07T03:22:46.000,10.31,-13.79,0.71,20.38,20.0,11062,-24.76,-1.0,0.709
2025-04-07T03:23:46.000,10.09,-14.08,0.7,20.39,20.0,11063,-24.6,-2.0,0.709
2025-04-07T03:24:46.000,9.93,-13.36,0.7,20.39,20.0,11064,-24.44,-2.0,0.709
2025-04-07T03:25:46.000,10.41,-12.75,0.7,20.39,20.0,11065,-24.29,-2.0,0.709
2025-04-07T03:26:46.000,10.83,-12.87,0.69,20.4,20.0,11066,-24.13,-2.0,0.709
2025-04-07T03:27:46.000,10.98,-12.56,0.69,20.4,20.0,11067,-23.97,-2.0,0.709
2025-04-07T03:28:46.000,10.96,-12.25,0.69,20.4,20.0,11068,-23.81,-2.0,0.709
2025-04-07T03:29:46.000,10.7,-12.81,0.69,20.41,20.0,11069,-23.65,-3.0,0.709
2025-04-07T03:30:46.000,10.41,-12.48,0.69,20.41,20.0,11070,-23.49,-3.0,0.709
2025-04-07T03:31:46.000,9.94,-13.71,0.69,20.41,20.0,11071,-23.33,-3.0,0.709
2025-04-07T03:32:46.000,9.44,-14.48,0.69,20.41,20.0,11072,-23.17,-3.0,0.71
2025-04-07T03:33:47.000,9.74,-14.18,0.68,20.41,20.0,11073,-23.0,-3.0,0.71
2025-04-07T03:34:47.000,10.61,-13.72,0.69,20.41,20.0,11074,-22.84,-3.0,0.71
2025-04-07T03:35:47.000,11.15,-14.06,0.69,20.41,20.0,11075,-22.68,-4.0,0.71
2025-04-07T03:36:47.000,11.08,-14.36,0.69,20.41,20.0,11076,-22.52,-4.0,0.71
2025-04-07T03:37:47.000,10.74,-14.2,0.69,20.41,20.0,11077,-22.35,-4.0,0.71
2025-04-07T03:38:47.000,10.44,-13.11,0.69,20.41,20.0,11078,-22.19,-4.0,0.71
2025-04-07T03:39:47.000,10.24,-12.75,0.69,20.41,20.0,11079,-22.03,-4.0,0.71
2025-04-07T03:40:47.000,9.97,-13.09,0.68,20.41,20.0,11080,-21.86,-4.0,0.71
2025-04-07T03:41:47.000,9.84,-13.18,0.69,20.41,20.0,11081,-21.7,-4.0,0.71
2025-04-07T03:42:47.000,10.19,-13.96,0.68,20.42,20.0,11082,-21.53,-5.0,0.71
2025-04-07T03:43:47.000,10.42,-14.21,0.69,20.41,20.0,11083,-21.37,-5.0,0.71
2025-04-07T03:44:47.000,10.25,-14.53,0.69,20.41,20.0,11084,-21.2,-5.0,0.71
2025-04-07T03:45:47.000,9.91,-14.35,0.69,20.41,20.0,11085,-21.04,-5.0,0.71
2025-04-07T03:46:47.000,9.88,-14.83,0.69,20.41,20.0,11086,-20.87,-5.0,0.71
2025-04-07T03:47:47.000,10.13,-15.7,0.69,20.4,20.0,11087,-20.71,-5.0,0.71
2025-04-07T03:48:47.000,10.27,-15.54,0.69,20.4,20.0,11088,-20.54,-6.0,0.711
2025-04-07T03:49:48.000,10.12,-15.22,0.69,20.4,20.0,11089,-20.37,-6.0,0.711
2025-04-07T03:50:48.000,9.93,-14.53,0.69,20.4,20.0,11090,-20.2,-6.0,0.711
2025-04-07T03:51:48.000,10.05,-14.45,0.69,20.4,20.0,11091,-20.04,-6.0,0.711
2025-04-07T03:52:48.000,10.38,-14.67,0.7,20.39,20.0,11092,-19.87,-6.0,0.711
2025-04-07T03:53:48.000,10.26,-15.22,0.7,20.39,20.0,11093,-19.7,-6.0,0.711
2025-04-07T03:54:48.000,9.85,-15.25,0.71,20.38,20.0,11094,-19.53,-7.0,0.711
2025-04-07T03:55:48.000,10.0,-14.48,0.98,20.22,20.0,11095,-19.36,-7.0,0.711
2025-04-07T03:56:48.000,10.49,-14.41,0.69,20.4,20.0,11096,-19.19,-7.0,0.711
2025-04-07T03:57:48.000,10.66,-14.37,0.69,20.4,20.0,11097,-19.02,-7.0,0.711
2025-04-07T03:58:48.000,10.47,-14.34,0.69,20.4,20.0,11098,-18.85,-7.0,0.711
2025-04-07T03:59:48.000,10.12,-14.25,0.69,20.4,20.0,11099,-18.68,-7.0,0.711
2025-04-07T04:00:48.000,9.76,-14.55,0.69,20.4,20.0,11100,-18.51,-7.0,0.711
2025-04-07T04:01:48.000,9.87,-14.99,0.69,20.4,20.0,11101,-18.34,-8.0,0.711
2025-04-07T04:02:48.000,10.3,-15.36,0.7,20.39,20.0,11102,-18.17,-8.0,0.711
2025-04-07T04:03:48.000,10.51,-14.95,0.7,20.39,20.0,11103,-18.0,-8.0,0.712
2025-04-07T04:04:48.000,10.51,-14.42,0.7,20.39,20.0,11104,-17.83,-8.0,0.712
2025-04-07T04:05:49.000,10.31,-14.2,0.7,20.38,20.0,11105,-17.66,-8.0,0.712
2025-04-07T04:06:49.000,9.96,-14.21,0.7,20.38,20.0,11106,-17.48,-8.0,0.712
2025-04-07T04:07:49.000,9.78,-14.53,0.71,20.38,20.0,11107,-17.31,-9.0,0.712
2025-04-07T04:08:49.000,10.15,-14.68,0.7,20.38,20.0,11108,-17.14,-9.0,0.712
2025-04-07T04:09:49.000,10.6,-14.36,0.71,20.37,20.0,11109,-16.97,-9.0,0.712
2025-04-07T04:10:49.000,10.88,-13.5,0.72,20.36,20.0,11110,-16.8,-9.0,0.712
2025-04-07T04:11:49.000,11.0,-13.13,0.72,20.36,20.0,11111,-16.62,-9.0,0.712
2025-04-07T04:12:49.000,10.9,-13.07,0.73,20.34,20.0,11112,-16.45,-9.0,0.712
2025-04-07T04:13:49.000,10.68,-12.92,0.73,20.34,20.0,11113,-16.27,-9.0,0.712
2025-04-07T04:14:49.000,10.32,-13.01,0.74,20.33,20.0,11114,-16.1,-10.0,0.712
2025-04-07T04:15:49.000,9.97,-12.91,0.74,20.33,20.0,11115,-15.93,-10.0,0.712
2025-04-07T04:16:49.000,9.93,-13.06,0.74,20.32,20.0,11116,-15.75,-10.0,0.712
2025-04-07T04:17:49.000,10.35,-13.3,0.75,20.32,20.0,11117,-15.58,-10.0,0.712
2025-04-07T04:18:49.000,10.72,-13.09,0.75,20.31,20.0,11118,-15.4,-10.0,0.712
2025-04-07T04:19:49.000,10.84,-12.91,0.76,20.29,20.0,11119,-15.23,-10.0,0.713
2025-04-07T04:20:49.000,10.62,-13.61,0.77,20.28,20.0,11120,-15.05,-10.0,0.713
2025-04-07T04:21:49.000,10.03,-14.34,0.78,20.27,20.0,11121,-14.88,-11.0,0.713
2025-04-07T04:22:50.000,9.55,-14.82,0.79,20.26,20.0,11122,-14.7,-11.0,0.713
2025-04-07T04:23:50.000,9.7,-14.95,0.8,20.24,20.0,11123,-14.52,-11.0,0.713
2025-04-07T04:24:50.000,10.32,-15.03,0.82,20.21,20.0,11124,-14.35,-11.0,0.713
2025-04-07T04:25:50.000,10.73,-15.02,0.84,20.18,20.0,11125,-14.17,-11.0,0.713
2025-04-07T04:26:50.000,10.62,-15.05,0.87,20.15,20.0,11126,-13.99,-11.0,0.713
2025-04-07T04:27:50.000,10.22,-15.17,0.9,20.12,20.0,11127,-13.82,-12.0,0.713
2025-04-07T04:28:50.000,9.77,-14.9,0.94,20.07,20.0,11128,-13.64,-12.0,0.713
2025-04-07T04:29:50.000,9.86,-14.97,0.98,20.02,20.0,11129,-13.46,-12.0,0.713
2025-04-07T04:30:50.000,10.36,-15.05,1.02,19.98,20.0,11130,-13.28,-12.0,0.713
2025-04-07T04:31:50.000,10.54,-15.26,1.08,19.91,20.0,11131,-13.1,-12.0,0.713
2025-04-07T04:32:50.000,10.32,-15.09,1.14,19.86,20.0,11132,-12.93,-12.0,0.713
2025-04-07T04:33:50.000,9.94,-15.0,1.22,19.78,20.0,11133,-12.75,-12.0,0.713
2025-04-07T04:34:50.000,9.85,-14.74,1.31,19.71,20.0,11134,-12.57,-13.0,0.713
2025-04-07T04:35:50.000,10.3,-14.66,1.41,19.62,20.0,11135,-12.39,-13.0,0.714
2025-04-07T04:36:50.000,10.69,-14.41,1.55,19.53,20.0,11136,-12.21,-13.0,0.714
2025-04-07T04:37:50.000,10.83,-13.82,1.69,19.43,20.0,11137,-12.03,-13.0,0.714
2025-04-07T04:38:51.000,10.68,-13.98,1.87,19.32,20.0,11138,-11.85,-13.0,0.714
2025-04-07T04:39:51.000,10.26,-14.22,2.08,19.21,20.0,11139,-11.67,-13.0,0.714
2025-04-07T04:40:51.000,9.85,-14.25,2.36,19.07,20.0,11140,-11.49,-13.0,0.714
2025-04-07T04:41:51.000,9.8,-14.56,2.64,18.95,20.0,11141,-11.31,-14.0,0.714
2025-04-07T04:42:51.000,10.29,-14.65,3.01,18.8,20.0,11142,-11.13,-14.0,0.714
2025-04-07T04:43:51.000,10.67,-14.48,3.44,18.66,20.0,11143,-10.95,-14.0,0.714
2025-04-07T04:44:51.000,10.85,-13.44,3.95,18.51,20.0,11144,-10.77,-14.0,0.714
2025-04-07T04:45:51.000,10.9,-13.42,4.55,18.36,20.0,11145,-10.59,-14.0,0.714
2025-04-07T04:46:51.000,10.7,-13.32,5.27,18.2,20.0,11146,-10.41,-14.0,0.714
