ecsv/stars831/stars831_2024-04.ecsv
# %ECSV 1.0
# ---
# datatype:
# - {name: time, datatype: string}
# - {name: Enclosure Temperature, unit: deg_C, datatype: float64}
# - {name: Sky Temperature, unit: deg_C, datatype: float64}
# - {name: Frequency, unit: Hz, datatype: float64}
# - {name: MSAS, unit: mag / arcsec2, datatype: float64}
# - {name: ZP, datatype: float64}
# - {name: Sequence Number, datatype: int64}
# - {name: Sun Alt, unit: deg, datatype: float64}
# - {name: Moon Alt, unit: deg, datatype: float64}
# - {name: Moon Illumination, datatype: float64}
# delimiter: ','
# meta: !!omap
# - ida:
#     Data supplier: {affiliation: Institut d'Estudis Espacials de Catalunya, observer: null}
#     Device type: TESS-W
#     Field of view: 17.0
#     Filters per channel: None
#     Instrument ID: stars831
#     License: ODbL 1.0 http://opendatacommons.org/licenses/odbl/summary/
#     Local timezone: Europe/Madrid
#     Location name: {country: Spain, place: Observatori del Montsec, region: Catalonia, sub_region: Lleida, town: Sant Esteve de la Sarga}
#     Measurement direction per channel: {azimuth: 0.0, zenital: 0.0}
#     Moving / Fixed look direction: FIXED
#     Moving / Stationary position: STATIONARY
#     Number of channels: 1
#     Number of fields per line: 8
#     Number of header lines: 35
#     Position: {height: 0.0, latitude: 42.0516894, longitude: 0.7275013}
#     TESS MAC address: 84:CC:A8:B1:11:5B
#     TESS cover offset value: 0.0
#     TESS firmware version: Unknown
#     TESS zero point: 20.28
#     Time Synchronization: timestamp added by MQTT subscriber
#     URL: http://www.darksky.org/NSBM/sdf1.0.pdf
# - __serialized_columns__:
#     Enclosure Temperature:
#       __class__: astropy.units.quantity.Quantity
#       unit: &id001 !astropy.units.Unit {unit: deg_C}
#       value: !astropy.table.SerializedColumn {name: Enclosure Temperature}
#     Frequency:
#       __class__: astropy.units.quantity.Quantity
#       unit: !astropy.units.Unit {unit: Hz}
#       value: !astropy.table.SerializedColumn {name: Frequency}
#     MSAS:
#       __class__: astropy.units.quantity.Quantity
#       unit: !astropy.units.Unit {unit: mag / arcsec2}
#       value: !astropy.table.SerializedColumn {name: MSAS}
#     Moon Alt:
#       __class__: astropy.units.quantity.Quantity
#       unit: &id002 !astropy.units.Unit {unit: deg}
#       value: !astropy.table.SerializedColumn {name: Moon Alt}
#     Sky Temperature:
#       __class__: astropy.units.quantity.Quantity
#       unit: *id001
#       value: !astropy.table.SerializedColumn {name: Sky Temperature}
#     Sun Alt:
#       __class__: astropy.units.quantity.Quantity
#       unit: *id002
#       value: !astropy.table.SerializedColumn {name: Sun Alt}
#     time:
#       __class__: astropy.time.core.Time
#       format: isot
#       in_subfmt: '*'
#       out_subfmt: '*'
#       precision: 3
#       scale: utc
#       value: !astropy.table.SerializedColumn {name: time}
# schema: astropy-2.0
time,Enclosure Temperature,Sky Temperature,Frequency,MSAS,ZP,Sequence Number,Sun Alt,Moon Alt,Moon Illumination
[from data line 2288]
2024-04-04T03:32:24.000,9.79,-21.73,0.39,21.31,20.28,33868,-22.04,-1.0,0.283
2024-04-04T03:33:25.000,9.8,-22.08,0.38,21.32,20.28,33869,-21.88,-0.0,0.283
2024-04-04T03:34:25.000,9.93,-21.79,0.39,21.32,20.28,33870,-21.72,-0.0,0.283
2024-04-04T03:35:25.000,10.0,-21.88,0.39,21.31,20.28,33871,-21.56,-0.0,0.282
2024-04-04T03:36:25.000,9.88,-21.84,0.39,21.32,20.28,33872,-21.4,-0.0,0.282
2024-04-04T03:37:25.000,9.93,-21.72,0.39,21.32,20.28,33873,-21.24,0.0,0.282
2024-04-04T03:38:25.000,10.0,-21.88,0.39,21.31,20.28,33874,-21.08,0.0,0.282
2024-04-04T03:39:25.000,9.92,-21.78,0.4,21.29,20.28,33875,-20.91,0.0,0.282
2024-04-04T03:40:25.000,9.84,-22.08,0.4,21.28,20.28,33876,-20.75,1.0,0.282
2024-04-04T03:41:25.000,9.91,-21.85,0.4,21.29,20.28,33877,-20.59,1.0,0.282
2024-04-04T03:42:25.000,10.0,-22.06,0.4,21.29,20.28,33878,-20.43,1.0,0.282
2024-04-04T03:43:25.000,9.93,-21.87,0.4,21.29,20.28,33879,-20.26,1.0,0.282
2024-04-04T03:44:25.000,9.87,-22.17,0.39,21.3,20.28,33880,-20.1,1.0,0.282
2024-04-04T03:45:25.000,9.92,-22.02,0.39,21.3,20.28,33881,-19.94,1.0,0.282
2024-04-04T03:46:25.000,10.02,-22.08,0.39,21.3,20.28,33882,-19.77,2.0,0.282
2024-04-04T03:47:25.000,9.89,-21.98,0.39,21.31,20.28,33883,-19.61,2.0,0.282
2024-04-04T03:48:26.000,9.85,-21.94,0.39,21.3,20.28,33884,-19.44,2.0,0.281
2024-04-04T03:49:26.000,9.94,-22.01,0.4,21.29,20.28,33885,-19.28,2.0,0.281
2024-04-04T03:50:26.000,9.95,-22.26,0.4,21.29,20.28,33886,-19.11,2.0,0.281
2024-04-04T03:51:26.000,9.97,-22.07,0.4,21.27,20.28,33887,-18.95,2.0,0.281
2024-04-04T03:52:26.000,9.97,-21.79,0.42,21.23,20.28,33888,-18.78,2.0,0.281
2024-04-04T03:53:26.000,9.85,-21.3,0.46,21.13,20.28,33889,-18.61,3.0,0.281
2024-04-04T03:54:26.000,9.88,-21.03,0.51,21.01,20.28,33890,-18.45,3.0,0.281
2024-04-04T03:55:26.000,10.0,-20.1,0.51,21.02,20.28,33891,-18.28,3.0,0.281
2024-04-04T03:56:26.000,10.06,-19.45,0.49,21.06,20.28,33892,-18.11,3.0,0.281
2024-04-04T03:57:26.000,9.87,-19.15,0.47,21.09,20.28,33893,-17.95,3.0,0.281
2024-04-04T03:58:26.000,9.73,-18.68,0.47,21.1,20.28,33894,-17.78,3.0,0.281
2024-04-04T03:59:26.000,9.81,-18.56,0.48,21.09,20.28,33895,-17.61,3.0,0.281
2024-04-04T04:00:26.000,9.93,-18.23,0.5,21.04,20.28,33896,-17.44,4.0,0.281
2024-04-04T04:01:26.000,10.07,-17.52,0.53,20.98,20.28,33897,-17.28,4.0,0.281
2024-04-04T04:02:26.000,9.99,-16.87,0.57,20.9,20.28,33898,-17.11,4.0,0.28
2024-04-04T04:03:27.000,9.85,-16.56,0.58,20.88,20.28,33899,-16.94,4.0,0.28
2024-04-04T04:04:27.000,9.89,-16.33,0.57,20.89,20.28,33900,-16.77,4.0,0.28
2024-04-04T04:05:27.000,10.02,-16.3,0.56,20.91,20.28,33901,-16.6,4.0,0.28
2024-04-04T04:06:27.000,9.99,-15.97,0.56,20.91,20.28,33902,-16.43,5.0,0.28
2024-04-04T04:07:27.000,9.88,-15.7,0.58,20.88,20.28,33903,-16.26,5.0,0.28
2024-04-04T04:08:27.000,9.97,-15.89,0.6,20.84,20.28,33904,-16.09,5.0,0.28
2024-04-04T04:09:27.000,10.06,-16.02,0.6,20.84,20.28,33905,-15.92,5.0,0.28
2024-04-04T04:10:27.000,9.91,-16.38,0.58,20.87,20.28,33906,-15.75,5.0,0.28
2024-04-04T04:11:27.000,9.79,-16.44,0.58,20.88,20.28,33907,-15.58,5.0,0.28
2024-04-04T04:12:27.000,9.92,-16.72,0.59,20.86,20.28,33908,-15.41,5.0,0.28
2024-04-04T04:13:27.000,10.02,-17.16,0.59,20.85,20.28,33909,-15.24,6.0,0.28
2024-04-04T04:14:27.000,9.92,-17.28,0.58,20.87,20.28,33910,-15.06,6.0,0.28
2024-04-04T04:15:27.000,9.85,-17.97,0.57,20.9,20.28,33911,-14.89,6.0,0.28
2024-04-04T04:16:27.000,9.95,-17.8,0.59,20.87,20.28,33912,-14.72,6.0,0.279
2024-04-04T04:17:27.000,10.01,-18.13,0.62,20.8,20.28,33913,-14.55,6.0,0.279
2024-04-04T04:18:28.000,9.87,-17.89,0.68,20.7,20.28,33914,-14.37,6.0,0.279
2024-04-04T04:19:28.000,9.96,-17.63,0.77,20.56,20.28,33915,-14.2,6.0,0.279
2024-04-04T04:20:28.000,9.97,-17.97,0.83,20.49,20.28,33916,-14.03,7.0,0.279
2024-04-04T04:21:28.000,9.99,-17.67,0.85,20.46,20.28,33917,-13.86,7.0,0.279
2024-04-04T04:22:28.000,9.91,-17.59,0.9,20.4,20.28,33918,-13.68,7.0,0.279
2024-04-04T04:23:28.000,9.99,-17.45,0.96,20.33,20.28,33919,-13.51,7.0,0.279
2024-04-04T04:24:28.000,9.99,-17.45,1.05,20.23,20.28,33920,-13.33,7.0,0.279
2024-04-04T04:25:28.000,9.93,-17.44,1.17,20.11,20.28,33921,-13.16,7.0,0.279
2024-04-04T04:26:28.000,10.02,-17.73,1.28,20.02,20.28,33922,-12.99,7.0,0.279
2024-04-04T04:27:28.000,9.94,-18.16,1.36,19.95,20.28,33923,-12.81,8.0,0.279
2024-04-04T04:28:28.000,9.88,-18.67,1.46,19.87,20.28,33924,-12.64,8.0,0.279
2024-04-04T04:29:28.000,9.96,-19.19,1.56,19.8,20.28,33925,-12.46,8.0,0.279
2024-04-04T04:30:28.000,10.02,-19.7,1.66,19.73,20.28,33926,-12.29,8.0,0.278
2024-04-04T04:31:28.000,9.89,-20.23,1.79,19.65,20.28,33927,-12.11,8.0,0.278
2024-04-04T04:32:29.000,9.84,-20.69,2.02,19.52,20.28,33928,-11.94,8.0,0.278
2024-04-04T04:33:29.000,9.95,-21.1,2.28,19.39,20.28,33929,-11.76,8.0,0.278
2024-04-04T04:34:29.000,10.0,-21.62,2.56,19.26,20.28,33930,-11.58,8.0,0.278
2024-04-04T04:35:29.000,9.82,-21.9,2.87,19.14,20.28,33931,-11.41,9.0,0.278
2024-04-04T04:36:29.000,9.73,-22.72,3.15,19.03,20.28,33932,-11.23,9.0,0.278
2024-04-04T04:37:29.000,9.73,-23.25,3.46,18.93,20.28,33933,-11.06,9.0,0.278
2024-04-04T04:38:29.000,9.76,-23.23,3.88,18.81,20.28,33934,-10.88,9.0,0.278
2024-04-04T04:39:29.000,9.9,-23.65,4.32,18.69,20.28,33935,-10.7,9.0,0.278
2024-04-04T04:40:29.000,10.01,-23.58,4.84,18.57,20.28,33936,-10.53,9.0,0.278
2024-04-04T04:41:29.000,9.98,-23.3,5.5,18.43,20.28,33937,-10.35,9.0,0.278
2024-04-04T04:42:29.000,9.95,-23.34,6.21,18.3,20.28,33938,-10.17,10.0,0.278
2024-04-04T04:43:30.000,10.0,-23.65,7.04,18.16,20.28,33939,-9.99,10.0,0.278
2024-04-04T04:44:30.000,9.93,-23.89,8.11,18.01,20.28,33940,-9.81,10.0,0.277
2024-04-04T04:45:30.000,9.87,-23.98,9.55,17.83,20.28,33941,-9.64,10.0,0.277
2024-04-04T04:46:30.000,9.96,-24.04,11.31,17.65,20.28,33942,-9.46,10.0,0.277
2024-04-04T04:47:31.000,10.0,-23.96,13.65,17.44,20.28,33943,-9.28,10.0,0.277
2024-04-04T04:48:31.000,9.89,-23.96,16.18,17.26,20.28,33944,-9.1,10.0,0.277
2024-04-04T04:49:31.000,9.9,-23.96,19.29,17.07,20.28,33945,-8.92,11.0,0.277
2024-04-04T04:50:31.000,10.01,-24.0,23.12,16.87,20.28,33946,-8.74,11.0,0.277
2024-04-04T04:51:31.000,9.95,-23.84,27.72,16.67,20.28,33947,-8.56,11.0,0.277
2024-04-04T04:52:31.000,9.92,-23.93,33.03,16.48,20.28,33948,-8.39,11.0,0.277
2024-04-04T04:53:32.000,9.99,-24.0,39.24,16.3,20.28,33949,-8.2,11.0,0.277
2024-04-04T04:54:32.000,9.98,-23.81,46.11,16.12,20.28,33950,-8.03,11.0,0.277
2024-04-04T04:55:32.000,9.92,-23.86,56.82,15.9,20.28,33951,-7.85,11.0,0.277
2024-04-04T04:56:32.000,9.98,-23.95,70.14,15.67,20.28,33952,-7.67,11.0,0.277
2024-04-04T04:57:32.000,9.99,-23.81,86.79,15.44,20.28,33953,-7.49,12.0,0.276
2024-04-04T04:58:32.000,9.89,-23.77,107.95,15.2,20.28,33954,-7.31,12.0,0.276
2024-04-04T04:59:33.000,9.91,-23.81,134.29,14.96,20.28,33955,-7.12,12.0,0.276
2024-04-04T05:00:33.000,10.01,-23.83,166.61,14.73,20.28,33956,-6.94,12.0,0.276
2024-04-04T05:01:33.000,9.93,-23.68,207.73,14.49,20.28,33957,-6.76,12.0,0.276
2024-04-04T05:02:33.000,9.9,-23.83,260.11,14.24,20.28,33958,-6.58,12.0,0.276
2024-04-04T05:03:34.000,9.97,-23.97,327.0,14.0,20.28,33959,-6.4,12.0,0.276
2024-04-04T05:04:34.000,10.01,-23.71,411.28,13.75,20.28,33960,-6.22,12.0,0.276
2024-04-04T05:05:34.000,9.88,-23.65,517.12,13.5,20.28,33961,-6.04,13.0,0.276
2024-04-04T05:06:34.000,9.85,-23.82,651.08,13.25,20.28,33962,-5.86,13.0,0.276
2024-04-04T05:07:34.000,9.96,-23.91,825.98,12.99,20.28,33963,-5.68,13.0,0.276
2024-04-04T05:08:34.000,9.99,-23.92,1055.21,12.72,20.28,33964,-5.5,13.0,0.276
2024-04-04T05:09:34.000,9.89,-24.13,1355.78,12.45,20.28,33965,-5.32,13.0,0.276
2024-04-04T05:10:34.000,9.93,-23.81,1735.93,12.18,20.28,33966,-5.13,13.0,0.276
2024-04-04T05:11:34.000,9.97,-24.31,2200.2,11.93,20.28,33967,-4.95,13.0,0.275
2024-04-04T05:12:35.000,9.76,-25.02,2763.64,11.68,20.28,33968,-4.77,13.0,0.275
2024-04-04T05:13:35.000,9.75,-24.39,3444.11,11.44,20.28,33969,-4.59,14.0,0.275
2024-04-04T05:14:35.000,9.86,-24.19,4271.56,11.21,20.28,33970,-4.41,14.0,0.275
2024-04-04T05:15:35.000,10.04,-23.95,5275.19,10.98,20.28,33971,-4.22,14.0,0.275
2024-04-04T05:16:36.000,9.97,-23.74,6498.36,10.75,20.28,33972,-4.04,14.0,0.275
2024-04-04T05:17:36.000,9.9,-23.66,7992.84,10.53,20.28,33973,-3.86,14.0,0.275
2024-04-04T05:18:36.000,9.99,-23.63,9760.43,10.31,20.28,33974,-3.67,14.0,0.275
2024-04-04T05:19:36.000,10.01,-23.44,11819.67,10.1,20.28,33975,-3.49,14.0,0.275
2024-04-04T05:20:36.000,9.85,-23.38,14228.58,9.9,20.28,33976,-3.31,14.0,0.275
2024-04-04T05:21:36.000,9.55,-23.43,17050.38,9.7,20.28,33977,-3.13,15.0,0.275
2024-04-04T05:22:37.000,9.14,-23.33,20314.71,9.51,20.28,33978,-2.94,15.0,0.275
2024-04-04T05:23:37.000,8.84,-22.82,24064.85,9.33,20.28,33979,-2.76,15.0,0.275
2024-04-04T05:24:37.000,8.54,-22.85,28230.83,9.22,20.28,33980,-2.58,15.0,0.275
2024-04-04T05:25:37.000,8.24,-22.82,33843.84,8.96,20.28,33981,-2.39,15.0,0.274
2024-04-04T05:26:37.000,7.98,-22.85,39673.14,8.78,20.28,33982,-2.21,15.0,0.274
2024-04-04T05:27:37.000,7.76,-22.73,45808.67,8.63,20.28,33983,-2.03,15.0,0.274
2024-04-04T05:28:38.000,7.61,-22.6,52498.49,8.48,20.28,33984,-1.84,15.0,0.274
2024-04-04T05:29:38.000,7.53,-22.36,59823.53,8.34,20.28,33985,-1.66,15.0,0.274
2024-04-04T05:30:38.000,7.42,-22.4,52382.0,1.38,20.28,33986,-1.47,16.0,0.274
2024-04-04T05:31:39.000,7.35,-22.26,50000.0,0.0,20.28,33987,-1.29,16.0,0.274
2024-04-04T05:32:39.000,7.27,-22.24,50000.0,0.0,20.28,33988,-1.1,16.0,0.274
2024-04-04T05:33:39.000,7.2,-22.16,50000.0,0.0,20.28,33989,-0.92,16.0,0.274
2024-04-04T05:42:41.000,7.13,-21.51,50000.0,0.0,20.28,33998,0.74,17.0,0.273
2024-04-04T05:43:41.000,7.15,-21.5,50000.0,0.0,20.28,33999,0.93,17.0,0.273
2024-04-04T05:44:41.000,7.16,-21.48,50000.0,0.0,20.28,34000,1.11,17.0,0.273
2024-04-04T05:45:41.000,7.2,-21.45,49679.78,0.1,20.28,34001,1.3,17.0,0.273
2024-04-04T05:46:42.000,7.24,-21.41,50000.0,0.0,20.28,34002,1.48,17.0,0.273
2024-04-04T05:47:42.000,7.27,-21.36,50000.0,0.0,20.28,34003,1.67,17.0,0.273
2024-04-04T05:48:42.000,7.32,-21.45,49723.87,0.09,20.28,34004,1.85,18.0,0.273
2024-04-04T05:49:42.000,7.35,-21.37,49728.43,0.09,20.28,34005,2.04,18.0,0.273
2024-04-04T05:50:42.000,7.37,-21.31,50000.0,0.0,20.28,34006,2.22,18.0,0.273
2024-04-04T05:51:42.000,7.4,-21.3,50000.0,0.0,20.28,34007,2.41,18.0,0.273
2024-04-04T05:52:43.000,7.44,-21.19,50000.0,0.0,20.28,34008,2.59,18.0,0.273
2024-04-04T05:56:44.000,7.6,-21.18,50000.0,0.0,20.28,34012,3.34,18.0,0.272
2024-04-04T05:57:44.000,7.63,-21.17,50000.0,0.0,20.28,34013,3.52,18.0,0.272
2024-04-04T05:58:44.000,7.64,-21.26,50000.0,0.0,20.28,34014,3.71,19.0,0.272
2024-04-04T05:59:44.000,7.64,-21.31,49712.89,0.09,20.28,34015,3.89,19.0,0.272
2024-04-04T06:00:44.000,7.64,-21.33,49706.15,0.09,20.28,34016,4.08,19.0,0.272
2024-04-04T06:01:45.000,7.62,-21.32,50000.0,0.0,20.28,34017,4.27,19.0,0.272
2024-04-04T06:02:45.000,7.62,-21.31,50000.0,0.0,20.28,34018,4.45,19.0,0.272
2024-04-04T06:03:45.000,7.64,-21.16,50000.0,0.0,20.28,34019,4.64,19.0,0.272
2024-04-04T06:48:53.000,10.19,-20.3,50000.0,0.0,20.28,34064,13.02,23.0,0.268
2024-04-04T06:49:54.000,10.25,-20.06,50000.0,0.0,20.28,34065,13.21,23.0,0.268
2024-04-04T06:50:54.000,10.35,-20.08,50000.0,0.0,20.28,34066,13.39,23.0,0.268
2024-04-04T06:55:33.000,10.73,-19.67,50000.0,0.0,20.28,34070,14.26,23.0,0.268
2024-04-04T06:56:33.000,10.84,-19.59,50000.0,0.0,20.28,34071,14.44,23.0,0.268
2024-04-04T06:57:33.000,10.95,-19.75,50000.0,0.0,20.28,34072,14.63,23.0,0.268
2024-04-04T11:38:36.000,23.36,-14.37,50000.0,0.0,20.28,34352,53.62,12.0,0.248
2024-04-04T11:39:36.000,22.93,-15.22,50000.0,0.0,20.28,34353,53.65,12.0,0.248
2024-04-04T11:40:37.000,22.86,-13.67,50000.0,0.0,20.28,34354,53.68,12.0,0.248
2024-04-04T11:42:50.000,23.15,-14.17,50000.0,0.0,20.28,34356,53.73,11.0,0.248
2024-04-04T11:43:50.000,22.96,-14.22,50000.0,0.0,20.28,34357,53.75,11.0,0.248
2024-04-04T11:44:50.000,22.99,-14.03,50000.0,0.0,20.28,34358,53.78,11.0,0.248
2024-04-04T18:04:06.000,11.4,-19.03,50000.0,0.0,20.28,34736,3.28,-51.0,0.221
2024-04-04T18:05:06.000,11.37,-19.2,50000.0,0.0,20.28,34737,3.1,-51.0,0.221
2024-04-04T18:06:07.000,11.34,-19.34,50000.0,0.0,20.28,34738,2.91,-51.0,0.221
2024-04-04T18:07:07.000,11.3,-19.49,49723.96,0.09,20.28,34739,2.72,-52.0,0.221
2024-04-04T18:08:07.000,11.24,-19.53,50000.0,0.0,20.28,34740,2.54,-52.0,0.221
2024-04-04T18:09:07.000,11.22,-19.59,50000.0,0.0,20.28,34741,2.35,-52.0,0.221
2024-04-04T18:10:08.000,11.2,-19.68,50000.0,0.0,20.28,34742,2.17,-52.0,0.221
2024-04-04T18:27:11.000,10.53,-18.7,50000.0,0.0,20.28,34759,-0.97,-55.0,0.22
2024-04-04T18:28:11.000,10.5,-18.49,50000.0,0.0,20.28,34760,-1.15,-55.0,0.22
2024-04-04T18:29:11.000,10.47,-18.17,50000.0,0.0,20.28,34761,-1.33,-55.0,0.22
2024-04-04T18:30:11.000,10.44,-17.9,58570.89,5.52,20.28,34762,-1.52,-55.0,0.22
2024-04-04T18:31:11.000,10.41,-17.59,57514.04,8.38,20.28,34763,-1.7,-55.0,0.219
2024-04-04T18:32:12.000,10.38,-17.25,51451.55,8.5,20.28,34764,-1.89,-55.0,0.219
2024-04-04T18:33:12.000,10.35,-16.87,45624.11,8.63,20.28,34765,-2.07,-56.0,0.219
2024-04-04T18:34:12.000,10.31,-16.57,39874.99,8.78,20.28,34766,-2.25,-56.0,0.219
2024-04-04T18:35:12.000,10.29,-16.27,34847.62,8.93,20.28,34767,-2.43,-56.0,0.219
2024-04-04T18:36:13.000,10.29,-16.02,30180.04,9.08,20.28,34768,-2.62,-56.0,0.219
2024-04-04T18:37:13.000,10.29,-15.85,25045.61,9.36,20.28,34769,-2.8,-56.0,0.219
2024-04-04T18:38:13.000,10.29,-15.72,21027.39,9.47,20.28,34770,-2.98,-56.0,0.219
2024-04-04T18:39:13.000,10.27,-15.61,17080.53,9.7,20.28,34771,-3.16,-56.0,0.219
2024-04-04T18:40:13.000,10.26,-15.45,13638.38,9.95,20.28,34772,-3.35,-57.0,0.219
2024-04-04T18:41:13.000,10.27,-15.24,11050.65,10.17,20.28,34773,-3.53,-57.0,0.219
2024-04-04T18:42:14.000,10.27,-15.05,8973.12,10.4,20.28,34774,-3.71,-57.0,0.219
2024-04-04T18:43:14.000,10.27,-14.86,7257.2,10.63,20.28,34775,-3.89,-57.0,0.219
2024-04-04T18:44:14.000,10.26,-14.63,5833.64,10.87,20.28,34776,-4.08,-57.0,0.219
2024-04-04T18:45:14.000,10.26,-14.35,4665.49,11.11,20.28,34777,-4.26,-57.0,0.219
2024-04-04T18:46:15.000,10.25,-14.17,3763.57,11.34,20.28,34778,-4.44,-57.0,0.218
2024-04-04T18:47:15.000,10.25,-13.94,3068.78,11.56,20.28,34779,-4.62,-58.0,0.218
2024-04-04T18:48:15.000,10.24,-13.88,2492.34,11.79,20.28,34780,-4.8,-58.0,0.218
2024-04-04T18:49:15.000,10.23,-13.9,2070.02,11.99,20.28,34781,-4.99,-58.0,0.218
2024-04-04T18:50:15.000,10.23,-14.04,1713.33,12.2,20.28,34782,-5.17,-58.0,0.218
2024-04-04T18:51:15.000,10.22,-14.22,1360.49,12.45,20.28,34783,-5.35,-58.0,0.218
2024-04-04T18:52:16.000,10.19,-14.42,1069.64,12.71,20.28,34784,-5.53,-58.0,0.218
2024-04-04T18:53:16.000,10.19,-14.66,854.88,12.95,20.28,34785,-5.71,-58.0,0.218
2024-04-04T18:54:16.000,10.21,-14.78,661.8,13.23,20.28,34786,-5.89,-59.0,0.218
2024-04-04T18:55:16.000,10.24,-14.95,504.29,13.53,20.28,34787,-6.07,-59.0,0.218
2024-04-04T18:56:17.000,10.24,-15.06,395.89,13.79,20.28,34788,-6.25,-59.0,0.218
2024-04-04T18:57:17.000,10.23,-15.08,319.08,14.02,20.28,34789,-6.43,-59.0,0.218
2024-04-04T18:58:17.000,10.23,-15.05,257.42,14.26,20.28,34790,-6.61,-59.0,0.218
2024-04-04T18:59:17.000,10.24,-14.78,208.65,14.48,20.28,34791,-6.79,-59.0,0.218
2024-04-04T19:00:17.000,10.26,-14.49,170.76,14.7,20.28,34792,-6.97,-59.0,0.217
2024-04-04T19:01:17.000,10.28,-14.18,140.09,14.92,20.28,34793,-7.15,-59.0,0.217
2024-04-04T19:02:18.000,10.32,-13.73,113.96,15.14,20.28,34794,-7.33,-60.0,0.217
2024-04-04T19:03:18.000,10.39,-13.32,92.47,15.37,20.28,34795,-7.51,-60.0,0.217
2024-04-04T19:04:18.000,10.47,-12.99,76.39,15.57,20.28,34796,-7.69,-60.0,0.217
2024-04-04T19:05:18.000,10.53,-12.66,62.09,15.8,20.28,34797,-7.87,-60.0,0.217
2024-04-04T19:06:19.000,10.59,-12.2,48.3,16.07,20.28,34798,-8.05,-60.0,0.217
2024-04-04T19:07:19.000,10.66,-11.83,41.0,16.25,20.28,34799,-8.23,-60.0,0.217
2024-04-04T19:08:19.000,10.71,-11.5,33.65,16.46,20.28,34800,-8.41,-60.0,0.217
2024-04-04T19:09:19.000,10.75,-11.16,27.48,16.68,20.28,34801,-8.59,-61.0,0.217
2024-04-04T19:10:19.000,10.79,-10.81,22.33,16.91,20.28,34802,-8.76,-61.0,0.217
2024-04-04T19:11:19.000,10.82,-10.55,18.19,17.13,20.28,34803,-8.94,-61.0,0.217
2024-04-04T19:12:20.000,10.88,-10.34,14.84,17.35,20.28,34804,-9.12,-61.0,0.217
