ecsv/stars831/stars831_2025-04.ecsv
# %ECSV 1.0
# ---
# datatype:
# - {name: time, datatype: string}
# - {name: Enclosure Temperature, unit: deg_C, datatype: float64}
# - {name: Sky Temperature, unit: deg_C, datatype: float64}
# - {name: Frequency, unit: Hz, datatype: float64}
# - {name: MSAS, unit: mag / arcsec2, datatype: float64}
# - {name: ZP, datatype: float64}
# - {name: Sequence Number, datatype: int64}
# - {name: Sun Alt, unit: deg, datatype: float64}
# - {name: Moon Alt, unit: deg, datatype: float64}
# - {name: Moon Illumination, datatype: float64}
# delimiter: ','
# meta: !!omap
# - ida:
#     Data supplier: {affiliation: Institut d'Estudis Espacials de Catalunya, observer: null}
#     Device type: TESS-W
#     Field of view: 17.0
#     Filters per channel: None
#     Instrument ID: stars831
#     License: ODbL 1.0 http://opendatacommons.org/licenses/odbl/summary/
#     Local timezone: Europe/Madrid
#     Location name: {country: Spain, place: Observatori del Montsec, region: Catalonia, sub_region: Lleida, town: Sant Esteve de la Sarga}
#     Measurement direction per channel: {azimuth: 0.0, zenital: 0.0}
#     Moving / Fixed look direction: FIXED
#     Moving / Stationary position: STATIONARY
#     Number of channels: 1
#     Number of fields per line: 8
#     Number of header lines: 35
#     Position: {height: 0.0, latitude: 42.0516894, longitude: 0.7275013}
#     TESS MAC address: 84:CC:A8:B1:11:5B
#     TESS cover offset value: 0.0
#     TESS firmware version: Unknown
#     TESS zero point: 20.28
#     Time Synchronization: timestamp added by MQTT subscriber
#     URL: http://www.darksky.org/NSBM/sdf1.0.pdf
# - __serialized_columns__:
#     Enclosure Temperature:
#       __class__: astropy.units.quantity.Quantity
#       unit: &id001 !astropy.units.Unit {unit: deg_C}
#       value: !astropy.table.SerializedColumn {name: Enclosure Temperature}
#     Frequency:
#       __class__: astropy.units.quantity.Quantity
#       unit: !astropy.units.Unit {unit: Hz}
#       value: !astropy.table.SerializedColumn {name: Frequency}
#     MSAS:
#       __class__: astropy.units.quantity.Quantity
#       unit: !astropy.units.Unit {unit: mag / arcsec2}
#       value: !astropy.table.SerializedColumn {name: MSAS}
#     Moon Alt:
#       __class__: astropy.units.quantity.Quantity
#       unit: &id002 !astropy.units.Unit {unit: deg}
#       value: !astropy.table.SerializedColumn {name: Moon Alt}
#     Sky Temperature:
#       __class__: astropy.units.quantity.Quantity
#       unit: *id001
#       value: !astropy.table.SerializedColumn {name: Sky Temperature}
#     Sun Alt:
#       __class__: astropy.units.quantity.Quantity
#       unit: *id002
#       value: !astropy.table.SerializedColumn {name: Sun Alt}
#     time:
#       __class__: astropy.time.core.Time
#       format: isot
#       in_subfmt: '*'
#       out_subfmt: '*'
#       precision: 3
#       scale: utc
#       value: !astropy.table.SerializedColumn {name: time}
# schema: astropy-2.0
time,Enclosure Temperature,Sky Temperature,Frequency,MSAS,ZP,Sequence Number,Sun Alt,Moon Alt,Moon Illumination
[from data line 6380]
2025-04-10T03:52:31.000,10.05,-11.46,1.1,20.18,20.28,154830,-16.88,5.0,0.928
2025-04-10T03:53:31.000,9.89,-10.7,1.1,20.18,20.28,154831,-16.72,4.0,0.928
2025-04-10T03:54:31.000,9.92,-9.5,1.11,20.17,20.28,154832,-16.56,4.0,0.928
2025-04-10T03:55:31.000,10.1,-8.1,1.11,20.17,20.28,154833,-16.39,4.0,0.928
2025-04-10T03:56:31.000,10.06,-6.49,1.1,20.18,20.28,154834,-16.23,4.0,0.928
2025-04-10T03:57:31.000,9.93,-4.92,1.09,20.19,20.28,154835,-16.06,4.0,0.928
2025-04-10T03:58:31.000,9.9,-3.67,1.1,20.18,20.28,154836,-15.9,4.0,0.928
2025-04-10T03:59:31.000,10.09,-2.89,1.1,20.18,20.28,154837,-15.73,3.0,0.928
2025-04-10T04:00:31.000,10.15,-2.4,1.09,20.19,20.28,154838,-15.56,3.0,0.928
2025-04-10T04:01:31.000,10.05,-2.09,1.05,20.23,20.28,154839,-15.4,3.0,0.928
2025-04-10T04:02:32.000,9.88,-1.8,1.01,20.27,20.28,154840,-15.23,3.0,0.928
2025-04-10T04:03:32.000,9.94,-1.73,0.98,20.31,20.28,154841,-15.06,3.0,0.928
2025-04-10T04:04:32.000,10.06,-1.93,0.93,20.36,20.28,154842,-14.89,2.0,0.929
2025-04-10T04:05:32.000,10.01,-2.16,0.88,20.43,20.28,154843,-14.73,2.0,0.929
2025-04-10T04:06:32.000,9.94,-2.31,0.85,20.46,20.28,154844,-14.56,2.0,0.929
2025-04-10T04:07:32.000,10.03,-2.58,0.87,20.44,20.28,154845,-14.39,2.0,0.929
2025-04-10T04:08:32.000,10.09,-2.46,0.91,20.39,20.28,154846,-14.22,2.0,0.929
2025-04-10T04:09:32.000,9.98,-2.9,0.92,20.38,20.28,154847,-14.05,1.0,0.929
2025-04-10T04:10:32.000,9.87,-3.68,0.89,20.42,20.28,154848,-13.88,1.0,0.929
2025-04-10T04:11:32.000,10.0,-4.05,0.86,20.45,20.28,154849,-13.71,1.0,0.929
2025-04-10T04:12:32.000,10.07,-4.16,0.88,20.42,20.28,154850,-13.55,1.0,0.929
2025-04-10T04:13:32.000,9.98,-3.81,0.93,20.36,20.28,154851,-13.38,1.0,0.929
2025-04-10T04:14:32.000,9.95,-3.41,1.04,20.24,20.28,154852,-13.21,1.0,0.929
2025-04-10T04:15:32.000,10.08,-2.84,1.2,20.08,20.28,154853,-13.04,0.0,0.929
2025-04-10T04:16:32.000,10.05,-2.65,1.31,19.99,20.28,154854,-12.87,0.0,0.929
2025-04-10T04:17:33.000,9.93,-1.97,1.41,19.91,20.28,154855,-12.69,0.0,0.929
2025-04-10T04:18:33.000,10.03,-1.87,1.5,19.84,20.28,154856,-12.52,-0.0,0.929
2025-04-10T04:19:33.000,10.09,-1.9,1.64,19.75,20.28,154857,-12.35,-0.0,0.929
2025-04-10T04:20:33.000,9.97,-1.98,1.77,19.66,20.28,154858,-12.18,-1.0,0.929
2025-04-10T04:21:33.000,9.89,-2.18,1.86,19.61,20.28,154859,-12.01,-1.0,0.929
2025-04-10T04:22:33.000,10.02,-2.14,2.14,19.46,20.28,154860,-11.84,-1.0,0.929
2025-04-10T04:23:33.000,10.16,-1.92,2.54,19.27,20.28,154861,-11.66,-1.0,0.929
2025-04-10T04:24:33.000,10.11,-2.97,2.95,19.11,20.28,154862,-11.49,-1.0,0.929
2025-04-10T04:25:33.000,9.86,-4.02,3.39,18.96,20.28,154863,-11.32,-1.0,0.929
2025-04-10T04:26:33.000,9.79,-4.27,3.91,18.8,20.28,154864,-11.15,-2.0,0.929
2025-04-10T04:27:33.000,9.95,-4.86,4.56,18.63,20.28,154865,-10.97,-2.0,0.929
2025-04-10T04:28:34.000,10.16,-4.98,5.81,18.37,20.28,154866,-10.8,-2.0,0.929
2025-04-10T04:29:34.000,10.13,-5.54,8.3,17.99,20.28,154867,-10.62,-2.0,0.929
2025-04-10T04:30:34.000,9.99,-6.55,10.91,17.69,20.28,154868,-10.45,-2.0,0.929
2025-04-10T04:31:34.000,9.91,-8.34,11.61,17.62,20.28,154869,-10.28,-3.0,0.929
2025-04-10T04:32:34.000,10.04,-10.73,12.37,17.55,20.28,154870,-10.1,-3.0,0.929
2025-04-10T04:33:34.000,10.07,-12.78,12.22,17.56,20.28,154871,-9.93,-3.0,0.93
2025-04-10T04:34:35.000,10.0,-14.38,10.74,17.7,20.28,154872,-9.75,-3.0,0.93
2025-04-10T04:35:35.000,9.95,-15.55,10.86,17.69,20.28,154873,-9.58,-3.0,0.93
2025-04-10T04:36:35.000,10.08,-16.02,12.39,17.55,20.28,154874,-9.4,-3.0,0.93
2025-04-10T04:37:35.000,10.08,-16.21,14.66,17.37,20.28,154875,-9.23,-4.0,0.93
2025-04-10T04:38:35.000,9.97,-16.05,17.57,17.17,20.28,154876,-9.05,-4.0,0.93
2025-04-10T04:39:35.000,9.96,-15.21,21.41,16.96,20.28,154877,-8.88,-4.0,0.93
2025-04-10T04:40:36.000,10.1,-13.82,27.54,16.68,20.28,154878,-8.7,-4.0,0.93
2025-04-10T04:41:36.000,10.12,-12.03,38.51,16.32,20.28,154879,-8.52,-4.0,0.93
2025-04-10T04:42:36.000,10.09,-10.82,47.62,16.09,20.28,154880,-8.35,-5.0,0.93
2025-04-10T04:43:36.000,10.0,-9.85,54.39,15.94,20.28,154881,-8.17,-5.0,0.93
2025-04-10T04:44:36.000,9.98,-9.25,64.84,15.75,20.28,154882,-8.0,-5.0,0.93
2025-04-10T04:45:36.000,10.11,-8.76,79.14,15.54,20.28,154883,-7.82,-5.0,0.93
2025-04-10T04:46:36.000,10.16,-8.7,98.07,15.3,20.28,154884,-7.64,-5.0,0.93
2025-04-10T04:47:36.000,10.11,-9.08,121.82,15.07,20.28,154885,-7.47,-5.0,0.93
2025-04-10T04:48:36.000,10.03,-9.79,146.41,14.87,20.28,154886,-7.29,-6.0,0.93
2025-04-10T04:49:36.000,9.96,-10.87,171.53,14.7,20.28,154887,-7.11,-6.0,0.93
2025-04-10T04:50:36.000,10.05,-11.76,209.84,14.48,20.28,154888,-6.93,-6.0,0.93
2025-04-10T04:51:37.000,10.07,-12.28,265.15,14.22,20.28,154889,-6.75,-6.0,0.93
2025-04-10T04:52:37.000,9.98,-12.8,333.37,13.97,20.28,154890,-6.58,-6.0,0.93
2025-04-10T04:53:37.000,9.9,-13.78,407.84,13.76,20.28,154891,-6.4,-7.0,0.93
2025-04-10T04:54:37.000,9.98,-14.53,492.11,13.55,20.28,154892,-6.22,-7.0,0.93
2025-04-10T04:55:37.000,10.08,-14.9,597.96,13.34,20.28,154893,-6.04,-7.0,0.93
2025-04-10T04:56:37.000,9.97,-15.55,739.16,13.11,20.28,154894,-5.86,-7.0,0.93
2025-04-10T04:57:38.000,9.91,-16.15,921.57,12.87,20.28,154895,-5.68,-7.0,0.93
2025-04-10T04:58:38.000,10.01,-16.44,1153.31,12.63,20.28,154896,-5.5,-7.0,0.93
2025-04-10T04:59:38.000,10.06,-16.51,1444.81,12.38,20.28,154897,-5.33,-8.0,0.93
2025-04-10T05:00:38.000,9.94,-16.4,1815.22,12.14,20.28,154898,-5.15,-8.0,0.93
2025-04-10T05:01:38.000,9.93,-16.05,2286.67,11.88,20.28,154899,-4.97,-8.0,0.93
2025-04-10T05:02:38.000,10.09,-15.6,2908.8,11.62,20.28,154900,-4.79,-8.0,0.931
2025-04-10T05:03:38.000,10.08,-15.35,3878.31,11.31,20.28,154901,-4.61,-8.0,0.931
2025-04-10T05:04:38.000,9.93,-14.6,5546.98,10.92,20.28,154902,-4.43,-8.0,0.931
2025-04-10T05:05:39.000,9.93,-13.87,7273.6,10.63,20.28,154903,-4.25,-9.0,0.931
2025-04-10T05:06:39.000,10.09,-13.05,9099.87,10.38,20.28,154904,-4.07,-9.0,0.931
2025-04-10T05:07:39.000,10.07,-12.79,11044.45,10.17,20.28,154905,-3.89,-9.0,0.931
2025-04-10T05:08:39.000,9.88,-12.85,13209.6,9.98,20.28,154906,-3.71,-9.0,0.931
2025-04-10T05:09:39.000,9.75,-12.87,15671.71,9.79,20.28,154907,-3.53,-9.0,0.931
2025-04-10T05:10:39.000,9.63,-12.52,17963.76,9.72,20.28,154908,-3.35,-10.0,0.931
2025-04-10T05:11:40.000,9.48,-12.35,20451.18,9.5,20.28,154909,-3.16,-10.0,0.931
2025-04-10T05:12:40.000,9.33,-12.19,23121.03,9.37,20.28,154910,-2.98,-10.0,0.931
2025-04-10T05:13:40.000,9.22,-12.28,27340.85,9.26,20.28,154911,-2.8,-10.0,0.931
2025-04-10T05:14:40.000,9.12,-12.7,34452.86,8.94,20.28,154912,-2.62,-10.0,0.931
2025-04-10T05:15:40.000,9.02,-13.09,41795.36,8.73,20.28,154913,-2.44,-10.0,0.931
2025-04-10T05:16:40.000,8.91,-13.42,49327.1,8.55,20.28,154914,-2.26,-11.0,0.931
2025-04-10T05:17:41.000,8.8,-13.44,57829.96,8.38,20.28,154915,-2.08,-11.0,0.931
2025-04-10T05:18:41.000,8.71,-12.93,54135.48,2.51,20.28,154916,-1.89,-11.0,0.931
2025-04-10T05:19:41.000,8.63,-12.26,50000.0,0.0,20.28,154917,-1.71,-11.0,0.931
2025-04-10T05:20:41.000,8.58,-11.18,50000.0,0.0,20.28,154918,-1.53,-11.0,0.931
2025-04-10T05:21:41.000,8.57,-9.59,50000.0,0.0,20.28,154919,-1.35,-12.0,0.931
2025-04-10T05:33:43.000,9.32,-6.32,50000.0,0.0,20.28,154931,0.84,-14.0,0.932
2025-04-10T05:34:43.000,9.32,-6.82,50000.0,0.0,20.28,154932,1.03,-14.0,0.932
2025-04-10T05:35:43.000,9.33,-7.02,50000.0,0.0,20.28,154933,1.21,-14.0,0.932
2025-04-10T05:36:43.000,9.32,-7.59,49714.53,0.09,20.28,154934,1.39,-14.0,0.932
2025-04-10T05:37:44.000,9.31,-7.74,50000.0,0.0,20.28,154935,1.58,-14.0,0.932
2025-04-10T05:38:44.000,9.33,-8.1,50000.0,0.0,20.28,154936,1.76,-14.0,0.932
2025-04-10T05:39:44.000,9.34,-8.32,50000.0,0.0,20.28,154937,1.95,-15.0,0.932
2025-04-10T17:01:27.000,10.64,-7.31,50000.0,0.0,20.28,155617,16.02,7.0,0.953
2025-04-10T17:02:27.000,10.69,-6.43,50000.0,0.0,20.28,155618,15.84,7.0,0.953
2025-04-10T17:03:28.000,10.71,-7.83,50000.0,0.0,20.28,155619,15.65,7.0,0.953
2025-04-10T17:05:33.000,10.63,-14.73,50000.0,0.0,20.28,155621,15.26,8.0,0.953
2025-04-10T17:06:33.000,10.66,-15.01,50000.0,0.0,20.28,155622,15.08,8.0,0.953
2025-04-10T17:07:33.000,10.78,-14.85,50000.0,0.0,20.28,155623,14.89,8.0,0.953
2025-04-10T18:08:42.000,9.05,-17.27,50000.0,0.0,20.28,155684,3.58,19.0,0.955
2025-04-10T18:09:43.000,9.0,-17.11,50000.0,0.0,20.28,155685,3.39,19.0,0.955
2025-04-10T18:10:43.000,8.93,-17.15,50000.0,0.0,20.28,155686,3.21,19.0,0.955
2025-04-10T18:11:43.000,8.9,-17.0,49723.98,0.09,20.28,155687,3.02,19.0,0.955
2025-04-10T18:12:43.000,8.88,-17.04,50000.0,0.0,20.28,155688,2.84,19.0,0.955
2025-04-10T18:13:43.000,8.84,-17.12,50000.0,0.0,20.28,155689,2.66,20.0,0.955
2025-04-10T18:14:43.000,8.78,-17.26,50000.0,0.0,20.28,155690,2.47,20.0,0.955
2025-04-10T18:15:44.000,8.7,-17.27,50000.0,0.0,20.28,155691,2.29,20.0,0.955
2025-04-10T18:16:44.000,8.66,-17.26,50000.0,0.0,20.28,155692,2.11,20.0,0.955
2025-04-10T18:17:44.000,8.63,-17.14,49716.16,0.09,20.28,155693,1.92,20.0,0.955
2025-04-10T18:18:44.000,8.63,-17.13,50000.0,0.0,20.28,155694,1.74,20.0,0.955
2025-04-10T18:19:44.000,8.63,-17.17,50000.0,0.0,20.28,155695,1.56,21.0,0.955
2025-04-10T18:20:44.000,8.62,-17.13,50000.0,0.0,20.28,155696,1.37,21.0,0.955
2025-04-10T18:29:46.000,8.45,-17.12,50000.0,0.0,20.28,155705,-0.27,22.0,0.955
2025-04-10T18:30:46.000,8.39,-17.26,50000.0,0.0,20.28,155706,-0.46,22.0,0.955
2025-04-10T18:31:46.000,8.32,-17.25,50000.0,0.0,20.28,155707,-0.64,23.0,0.955
2025-04-10T18:32:46.000,8.27,-17.23,49444.6,0.19,20.28,155708,-0.82,23.0,0.955
2025-04-10T18:33:46.000,8.22,-17.23,50000.0,0.0,20.28,155709,-1.0,23.0,0.955
2025-04-10T18:34:46.000,8.18,-17.12,50000.0,0.0,20.28,155710,-1.18,23.0,0.955
2025-04-10T18:35:46.000,8.15,-17.14,50000.0,0.0,20.28,155711,-1.36,23.0,0.955
2025-04-10T18:36:46.000,8.1,-17.15,50000.0,0.0,20.28,155712,-1.54,23.0,0.956
2025-04-10T18:37:47.000,8.07,-17.05,55682.98,3.59,20.28,155713,-1.73,24.0,0.956
2025-04-10T18:38:47.000,8.06,-17.01,57225.96,8.39,20.28,155714,-1.91,24.0,0.956
2025-04-10T18:39:47.000,8.07,-16.96,49733.32,8.54,20.28,155715,-2.09,24.0,0.956
2025-04-10T18:40:47.000,8.08,-17.01,43013.51,8.7,20.28,155716,-2.27,24.0,0.956
2025-04-10T18:41:47.000,8.07,-17.04,36135.34,9.03,20.28,155717,-2.45,24.0,0.956
2025-04-10T18:42:47.000,8.05,-17.04,31540.25,9.03,20.28,155718,-2.63,24.0,0.956
2025-04-10T18:43:48.000,8.04,-17.01,26531.04,9.31,20.28,155719,-2.81,25.0,0.956
2025-04-10T18:44:48.000,8.02,-16.99,22721.42,9.39,20.28,155720,-2.99,25.0,0.956
2025-04-10T18:45:48.000,8.01,-16.93,19135.58,9.58,20.28,155721,-3.17,25.0,0.956
2025-04-10T18:46:48.000,8.0,-17.05,16003.67,9.77,20.28,155722,-3.35,25.0,0.956
2025-04-10T18:47:48.000,7.99,-16.96,13242.88,9.98,20.28,155723,-3.53,25.0,0.956
2025-04-10T18:48:48.000,8.07,-17.08,10843.47,10.19,20.28,155724,-3.71,25.0,0.956
2025-04-10T18:49:48.000,8.4,-17.36,8848.92,10.41,20.28,155725,-3.89,26.0,0.956
2025-04-10T18:50:49.000,8.86,-17.55,7203.56,10.64,20.28,155726,-4.07,26.0,0.956
2025-04-10T18:51:49.000,9.32,-17.8,5830.81,10.87,20.28,155727,-4.25,26.0,0.956
2025-04-10T18:52:49.000,9.76,-18.01,4709.84,11.1,20.28,155728,-4.43,26.0,0.956
2025-04-10T18:53:49.000,10.1,-18.17,3804.4,11.33,20.28,155729,-4.61,26.0,0.956
2025-04-10T18:54:49.000,10.14,-18.12,3059.87,11.57,20.28,155730,-4.79,26.0,0.956
2025-04-10T18:55:49.000,10.0,-17.95,2453.89,11.81,20.28,155731,-4.97,27.0,0.956
2025-04-10T18:56:49.000,9.88,-17.97,1975.91,12.04,20.28,155732,-5.15,27.0,0.956
2025-04-10T18:57:50.000,9.99,-18.04,1595.35,12.27,20.28,155733,-5.33,27.0,0.956
2025-04-10T18:58:50.000,10.09,-18.13,1278.84,12.52,20.28,155734,-5.51,27.0,0.956
2025-04-10T18:59:50.000,9.95,-18.09,1023.84,12.76,20.28,155735,-5.68,27.0,0.956
2025-04-10T19:00:50.000,9.9,-18.28,822.4,12.99,20.28,155736,-5.86,27.0,0.956
2025-04-10T19:01:50.000,10.01,-18.47,659.24,13.23,20.28,155737,-6.04,28.0,0.956
2025-04-10T19:02:50.000,10.04,-18.33,524.18,13.48,20.28,155738,-6.22,28.0,0.956
2025-04-10T19:03:51.000,9.93,-18.24,417.93,13.73,20.28,155739,-6.4,28.0,0.956
2025-04-10T19:04:51.000,9.98,-18.37,334.85,13.97,20.28,155740,-6.57,28.0,0.956
2025-04-10T19:05:51.000,10.05,-18.33,267.03,14.22,20.28,155741,-6.75,28.0,0.956
2025-04-10T19:06:51.000,9.95,-18.23,213.46,14.46,20.28,155742,-6.93,28.0,0.956
2025-04-10T19:07:51.000,9.95,-18.32,171.6,14.7,20.28,155743,-7.11,28.0,0.956
2025-04-10T19:08:51.000,10.04,-18.4,138.14,14.93,20.28,155744,-7.28,29.0,0.956
2025-04-10T19:09:51.000,9.96,-18.34,111.69,15.16,20.28,155745,-7.46,29.0,0.956
2025-04-10T19:10:51.000,9.91,-18.46,91.25,15.38,20.28,155746,-7.63,29.0,0.956
2025-04-10T19:11:52.000,10.02,-18.65,75.01,15.59,20.28,155747,-7.81,29.0,0.956
2025-04-10T19:12:52.000,9.99,-18.6,61.39,15.81,20.28,155748,-7.99,29.0,0.957
2025-04-10T19:13:52.000,9.92,-18.69,50.59,16.02,20.28,155749,-8.16,29.0,0.957
2025-04-10T19:14:52.000,9.99,-18.8,43.78,16.18,20.28,155750,-8.34,30.0,0.957
2025-04-10T19:15:52.000,9.99,-18.83,37.07,16.36,20.28,155751,-8.51,30.0,0.957
2025-04-10T19:16:52.000,9.92,-18.73,31.92,16.52,20.28,155752,-8.69,30.0,0.957
2025-04-10T19:17:53.000,10.0,-18.8,27.56,16.68,20.28,155753,-8.87,30.0,0.957
2025-04-10T19:18:53.000,9.98,-18.66,23.88,16.84,20.28,155754,-9.04,30.0,0.957
2025-04-10T19:19:53.000,9.94,-18.7,20.96,16.98,20.28,155755,-9.22,30.0,0.957
2025-04-10T19:20:53.000,10.02,-18.78,18.61,17.11,20.28,155756,-9.39,30.0,0.957
2025-04-10T19:21:53.000,9.97,-18.73,16.44,17.24,20.28,155757,-9.56,31.0,0.957
2025-04-10T19:22:53.000,9.91,-18.85,14.82,17.35,20.28,155758,-9.74,31.0,0.957
2025-04-10T19:23:53.000,10.01,-18.79,13.51,17.45,20.28,155759,-9.91,31.0,0.957
2025-04-10T19:24:53.000,10.04,-18.62,12.12,17.57,20.28,155760,-10.08,31.0,0.957
2025-04-10T19:25:54.000,9.89,-18.64,11.13,17.66,20.28,155761,-10.26,31.0,0.957
2025-04-10T19:26:54.000,9.86,-18.78,10.37,17.74,20.28,155762,-10.43,31.0,0.957
2025-04-10T19:27:54.000,9.96,-18.96,9.69,17.81,20.28,155763,-10.61,32.0,0.957
2025-04-10T19:28:54.000,10.03,-18.9,9.02,17.89,20.28,155764,-10.78,32.0,0.957
2025-04-10T19:29:54.000,9.9,-18.79,8.55,17.95,20.28,155765,-10.95,32.0,0.957
2025-04-10T19:30:54.000,9.92,-18.84,8.11,18.01,20.28,155766,-11.12,32.0,0.957
2025-04-10T19:31:55.000,10.03,-18.86,7.71,18.06,20.28,155767,-11.3,32.0,0.957
2025-04-10T19:32:55.000,9.97,-18.64,7.37,18.11,20.28,155768,-11.47,32.0,0.957
2025-04-10T19:33:55.000,9.94,-18.73,7.16,18.14,20.28,155769,-11.64,32.0,0.957
2025-04-10T19:34:55.000,10.02,-18.76,6.96,18.17,20.28,155770,-11.81,33.0,0.957
2025-04-10T19:35:55.000,9.96,-18.69,6.8,18.2,20.28,155771,-11.98,33.0,0.957
2025-04-10T19:36:55.000,9.92,-18.78,6.61,18.23,20.28,155772,-12.15,33.0,0.957
2025-04-10T19:37:56.000,10.02,-18.83,6.53,18.24,20.28,155773,-12.33,33.0,0.957
2025-04-10T19:38:56.000,10.03,-18.59,6.37,18.27,20.28,155774,-12.5,33.0,0.957
2025-04-10T19:39:56.000,9.9,-18.55,6.35,18.27,20.28,155775,-12.67,33.0,0.957
2025-04-10T19:40:56.000,9.96,-18.6,6.29,18.28,20.28,155776,-12.84,33.0,0.957
2025-04-10T19:41:56.000,10.05,-18.65,6.26,18.29,20.28,155777,-13.01,34.0,0.957
2025-04-10T19:42:56.000,9.95,-18.6,6.19,18.3,20.28,155778,-13.18,34.0,0.957
2025-04-10T19:43:56.000,9.93,-18.68,6.17,18.3,20.28,155779,-13.35,34.0,0.957
2025-04-10T19:44:56.000,10.04,-18.78,6.12,18.31,20.28,155780,-13.51,34.0,0.957
2025-04-10T19:45:56.000,9.98,-18.73,6.06,18.32,20.28,155781,-13.68,34.0,0.957
2025-04-10T19:46:56.000,9.92,-18.84,6.04,18.33,20.28,155782,-13.85,34.0,0.957
2025-04-10T19:47:57.000,10.01,-19.0,6.0,18.33,20.28,155783,-14.02,34.0,0.957
2025-04-10T19:48:57.000,10.01,-18.81,5.97,18.34,20.28,155784,-14.19,35.0,0.957
2025-04-10T19:49:57.000,9.89,-19.03,6.01,18.33,20.28,155785,-14.36,35.0,0.958
2025-04-10T19:50:57.000,9.92,-19.21,6.06,18.32,20.28,155786,-14.52,35.0,0.958
2025-04-10T19:51:57.000,10.05,-19.09,6.04,18.33,20.28,155787,-14.69,35.0,0.958
2025-04-10T19:52:57.000,9.99,-18.86,6.04,18.33,20.28,155788,-14.86,35.0,0.958
2025-04-10T19:53:57.000,9.89,-19.04,6.12,18.31,20.28,155789,-15.02,35.0,0.958
2025-04-10T19:54:57.000,9.96,-19.27,6.19,18.3,20.28,155790,-15.19,35.0,0.958
2025-04-10T19:55:57.000,10.03,-19.14,6.15,18.31,20.28,155791,-15.36,36.0,0.958
2025-04-10T19:56:57.000,9.92,-19.11,6.17,18.3,20.28,155792,-15.52,36.0,0.958
