ecsv/stars831/stars831_2025-04.ecsv
# %ECSV 1.0
# ---
# datatype:
# - {name: time, datatype: string}
# - {name: Enclosure Temperature, unit: deg_C, datatype: float64}
# - {name: Sky Temperature, unit: deg_C, datatype: float64}
# - {name: Frequency, unit: Hz, datatype: float64}
# - {name: MSAS, unit: mag / arcsec2, datatype: float64}
# - {name: ZP, datatype: float64}
# - {name: Sequence Number, datatype: int64}
# - {name: Sun Alt, unit: deg, datatype: float64}
# - {name: Moon Alt, unit: deg, datatype: float64}
# - {name: Moon Illumination, datatype: float64}
# delimiter: ','
# meta: !!omap
# - ida:
#     Data supplier: {affiliation: Institut d'Estudis Espacials de Catalunya, observer: null}
#     Device type: TESS-W
#     Field of view: 17.0
#     Filters per channel: None
#     Instrument ID: stars831
#     License: ODbL 1.0 http://opendatacommons.org/licenses/odbl/summary/
#     Local timezone: Europe/Madrid
#     Location name: {country: Spain, place: Observatori del Montsec, region: Catalonia, sub_region: Lleida, town: Sant Esteve de la Sarga}
#     Measurement direction per channel: {azimuth: 0.0, zenital: 0.0}
#     Moving / Fixed look direction: FIXED
#     Moving / Stationary position: STATIONARY
#     Number of channels: 1
#     Number of fields per line: 8
#     Number of header lines: 35
#     Position: {height: 0.0, latitude: 42.0516894, longitude: 0.7275013}
#     TESS MAC address: 84:CC:A8:B1:11:5B
#     TESS cover offset value: 0.0
#     TESS firmware version: Unknown
#     TESS zero point: 20.28
#     Time Synchronization: timestamp added by MQTT subscriber
#     URL: http://www.darksky.org/NSBM/sdf1.0.pdf
# - __serialized_columns__:
#     Enclosure Temperature:
#       __class__: astropy.units.quantity.Quantity
#       unit: &id001 !astropy.units.Unit {unit: deg_C}
#       value: !astropy.table.SerializedColumn {name: Enclosure Temperature}
#     Frequency:
#       __class__: astropy.units.quantity.Quantity
#       unit: !astropy.units.Unit {unit: Hz}
#       value: !astropy.table.SerializedColumn {name: Frequency}
#     MSAS:
#       __class__: astropy.units.quantity.Quantity
#       unit: !astropy.units.Unit {unit: mag / arcsec2}
#       value: !astropy.table.SerializedColumn {name: MSAS}
#     Moon Alt:
#       __class__: astropy.units.quantity.Quantity
#       unit: &id002 !astropy.units.Unit {unit: deg}
#       value: !astropy.table.SerializedColumn {name: Moon Alt}
#     Sky Temperature:
#       __class__: astropy.units.quantity.Quantity
#       unit: *id001
#       value: !astropy.table.SerializedColumn {name: Sky Temperature}
#     Sun Alt:
#       __class__: astropy.units.quantity.Quantity
#       unit: *id002
#       value: !astropy.table.SerializedColumn {name: Sun Alt}
#     time:
#       __class__: astropy.time.core.Time
#       format: isot
#       in_subfmt: '*'
#       out_subfmt: '*'
#       precision: 3
#       scale: utc
#       value: !astropy.table.SerializedColumn {name: time}
# schema: astropy-2.0
time,Enclosure Temperature,Sky Temperature,Frequency,MSAS,ZP,Sequence Number,Sun Alt,Moon Alt,Moon Illumination
[from data line 19016]
2025-04-30T02:13:00.000,9.45,-24.09,0.3,21.61,20.28,1628,-24.78,-22.0,0.079
2025-04-30T02:14:00.000,9.45,-24.06,0.3,21.6,20.28,1629,-24.67,-22.0,0.079
2025-04-30T02:15:00.000,9.44,-24.19,0.3,21.6,20.28,1630,-24.56,-22.0,0.079
2025-04-30T02:16:00.000,9.42,-24.15,0.3,21.6,20.28,1631,-24.44,-22.0,0.079
2025-04-30T02:17:00.000,9.41,-24.14,0.3,21.6,20.28,1632,-24.33,-22.0,0.079
2025-04-30T02:18:01.000,9.42,-24.14,0.3,21.59,20.28,1633,-24.21,-22.0,0.079
2025-04-30T02:19:01.000,9.41,-24.25,0.3,21.59,20.28,1634,-24.09,-22.0,0.079
2025-04-30T02:20:01.000,9.37,-24.23,0.3,21.59,20.28,1635,-23.98,-22.0,0.079
2025-04-30T02:21:01.000,9.34,-24.24,0.3,21.59,20.28,1636,-23.86,-22.0,0.079
2025-04-30T02:22:01.000,9.37,-23.94,0.3,21.59,20.28,1637,-23.74,-22.0,0.08
2025-04-30T02:23:01.000,9.36,-24.23,0.3,21.59,20.28,1638,-23.62,-22.0,0.08
2025-04-30T02:24:01.000,9.33,-24.26,0.3,21.59,20.28,1639,-23.51,-22.0,0.08
2025-04-30T02:25:01.000,9.3,-24.2,0.3,21.59,20.28,1640,-23.39,-21.0,0.08
2025-04-30T02:26:01.000,9.3,-24.11,0.3,21.6,20.28,1641,-23.27,-21.0,0.08
2025-04-30T02:27:01.000,9.32,-23.99,0.3,21.59,20.28,1642,-23.15,-21.0,0.08
2025-04-30T02:28:01.000,9.32,-24.07,0.3,21.6,20.28,1643,-23.02,-21.0,0.08
2025-04-30T02:29:01.000,9.32,-24.09,0.3,21.6,20.28,1644,-22.9,-21.0,0.08
2025-04-30T02:30:01.000,9.35,-23.96,0.3,21.6,20.28,1645,-22.78,-21.0,0.08
2025-04-30T02:31:01.000,9.37,-24.05,0.3,21.61,20.28,1646,-22.66,-21.0,0.08
2025-04-30T02:32:01.000,9.35,-24.18,0.3,21.61,20.28,1647,-22.53,-21.0,0.08
2025-04-30T02:33:01.000,9.32,-24.18,0.3,21.61,20.28,1648,-22.41,-21.0,0.08
2025-04-30T02:34:02.000,9.33,-24.07,0.3,21.61,20.28,1649,-22.28,-21.0,0.08
2025-04-30T02:35:02.000,9.31,-24.25,0.3,21.61,20.28,1650,-22.16,-21.0,0.08
2025-04-30T02:36:02.000,9.3,-24.18,0.3,21.61,20.28,1651,-22.03,-21.0,0.08
2025-04-30T02:37:02.000,9.3,-24.11,0.3,21.61,20.28,1652,-21.91,-21.0,0.08
2025-04-30T02:38:02.000,9.31,-23.94,0.29,21.61,20.28,1653,-21.78,-21.0,0.08
2025-04-30T02:39:02.000,9.32,-24.01,0.3,21.61,20.28,1654,-21.65,-21.0,0.08
2025-04-30T02:40:02.000,9.36,-23.93,0.3,21.61,20.28,1655,-21.53,-21.0,0.08
2025-04-30T02:41:02.000,9.4,-24.07,0.3,21.61,20.28,1656,-21.4,-21.0,0.08
2025-04-30T02:42:02.000,9.39,-24.1,0.3,21.6,20.28,1657,-21.27,-21.0,0.08
2025-04-30T02:43:02.000,9.37,-24.09,0.3,21.6,20.28,1658,-21.14,-21.0,0.08
2025-04-30T02:44:02.000,9.41,-23.87,0.3,21.6,20.28,1659,-21.01,-21.0,0.081
2025-04-30T02:45:02.000,9.41,-24.12,0.3,21.59,20.28,1660,-20.88,-21.0,0.081
2025-04-30T02:46:02.000,9.37,-24.19,0.3,21.59,20.28,1661,-20.75,-21.0,0.081
2025-04-30T02:47:02.000,9.31,-24.34,0.3,21.59,20.28,1662,-20.62,-21.0,0.081
2025-04-30T02:48:02.000,9.26,-24.33,0.3,21.58,20.28,1663,-20.49,-21.0,0.081
2025-04-30T02:49:03.000,9.21,-24.33,0.3,21.58,20.28,1664,-20.35,-21.0,0.081
2025-04-30T02:50:03.000,9.19,-24.11,0.3,21.58,20.28,1665,-20.22,-21.0,0.081
2025-04-30T02:51:03.000,9.23,-23.83,0.31,21.57,20.28,1666,-20.09,-21.0,0.081
2025-04-30T02:52:03.000,9.26,-23.92,0.31,21.57,20.28,1667,-19.95,-21.0,0.081
2025-04-30T02:53:03.000,9.32,-23.78,0.31,21.56,20.28,1668,-19.82,-21.0,0.081
2025-04-30T02:54:03.000,9.36,-23.86,0.31,21.55,20.28,1669,-19.69,-21.0,0.081
2025-04-30T02:55:03.000,9.37,-24.01,0.31,21.55,20.28,1670,-19.55,-21.0,0.081
2025-04-30T02:56:03.000,9.3,-24.21,0.31,21.55,20.28,1671,-19.41,-21.0,0.081
2025-04-30T02:57:03.000,9.25,-24.02,0.31,21.55,20.28,1672,-19.28,-21.0,0.081
2025-04-30T02:58:03.000,9.25,-24.0,0.31,21.54,20.28,1673,-19.14,-21.0,0.081
2025-04-30T02:59:03.000,9.24,-24.05,0.32,21.54,20.28,1674,-19.01,-21.0,0.081
2025-04-30T03:00:03.000,9.17,-24.3,0.32,21.53,20.28,1675,-18.87,-20.0,0.081
2025-04-30T03:01:03.000,9.11,-24.26,0.32,21.53,20.28,1676,-18.73,-20.0,0.081
2025-04-30T03:02:03.000,9.06,-24.31,0.32,21.52,20.28,1677,-18.59,-20.0,0.081
2025-04-30T03:03:03.000,9.03,-24.27,0.32,21.52,20.28,1678,-18.45,-20.0,0.081
2025-04-30T03:04:03.000,9.03,-24.18,0.32,21.51,20.28,1679,-18.31,-20.0,0.081
2025-04-30T03:05:04.000,9.02,-24.34,0.32,21.51,20.28,1680,-18.17,-20.0,0.081
2025-04-30T03:06:04.000,8.98,-24.38,0.33,21.5,20.28,1681,-18.03,-20.0,0.082
2025-04-30T03:07:04.000,8.94,-24.49,0.33,21.5,20.28,1682,-17.89,-20.0,0.082
2025-04-30T03:08:04.000,8.92,-24.43,0.33,21.48,20.28,1683,-17.75,-20.0,0.082
2025-04-30T03:09:04.000,8.91,-24.48,0.33,21.48,20.28,1684,-17.61,-20.0,0.082
2025-04-30T03:10:04.000,8.95,-24.19,0.33,21.48,20.28,1685,-17.47,-20.0,0.082
2025-04-30T03:11:04.000,8.96,-24.27,0.34,21.47,20.28,1686,-17.33,-20.0,0.082
2025-04-30T03:12:04.000,8.97,-24.28,0.34,21.46,20.28,1687,-17.18,-20.0,0.082
2025-04-30T03:13:04.000,9.0,-24.14,0.34,21.45,20.28,1688,-17.04,-20.0,0.082
2025-04-30T03:14:04.000,9.03,-24.12,0.34,21.45,20.28,1689,-16.9,-20.0,0.082
2025-04-30T03:15:04.000,9.03,-24.23,0.35,21.44,20.28,1690,-16.75,-20.0,0.082
2025-04-30T03:16:04.000,9.03,-24.12,0.35,21.42,20.28,1691,-16.61,-20.0,0.082
2025-04-30T03:17:04.000,9.01,-24.28,0.35,21.41,20.28,1692,-16.46,-20.0,0.082
2025-04-30T03:18:04.000,8.95,-24.54,0.36,21.4,20.28,1693,-16.32,-20.0,0.082
2025-04-30T03:19:04.000,8.89,-24.56,0.36,21.39,20.28,1694,-16.17,-20.0,0.082
2025-04-30T03:20:05.000,8.89,-24.38,0.37,21.38,20.28,1695,-16.02,-20.0,0.082
2025-04-30T03:21:05.000,8.9,-24.49,0.37,21.36,20.28,1696,-15.88,-20.0,0.082
2025-04-30T03:22:05.000,8.9,-24.35,0.38,21.34,20.28,1697,-15.73,-19.0,0.082
2025-04-30T03:23:05.000,8.9,-24.41,0.39,21.32,20.28,1698,-15.58,-19.0,0.082
2025-04-30T03:24:05.000,8.93,-24.14,0.39,21.3,20.28,1699,-15.44,-19.0,0.082
2025-04-30T03:25:05.000,8.99,-24.11,0.4,21.27,20.28,1700,-15.29,-19.0,0.082
2025-04-30T03:26:05.000,9.04,-24.05,0.41,21.24,20.28,1701,-15.14,-19.0,0.082
2025-04-30T03:27:05.000,9.05,-24.25,0.43,21.21,20.28,1702,-14.99,-19.0,0.083
2025-04-30T03:28:05.000,9.06,-24.23,0.44,21.18,20.28,1703,-14.84,-19.0,0.083
2025-04-30T03:29:05.000,9.06,-24.13,0.45,21.15,20.28,1704,-14.69,-19.0,0.083
2025-04-30T03:30:05.000,9.1,-23.87,0.47,21.11,20.28,1705,-14.54,-19.0,0.083
2025-04-30T03:31:05.000,9.19,-23.94,0.48,21.08,20.28,1706,-14.39,-19.0,0.083
2025-04-30T03:32:05.000,9.23,-23.94,0.5,21.03,20.28,1707,-14.24,-19.0,0.083
2025-04-30T03:33:05.000,9.26,-24.02,0.53,20.98,20.28,1708,-14.09,-19.0,0.083
2025-04-30T03:34:05.000,9.3,-23.88,0.55,20.93,20.28,1709,-13.94,-19.0,0.083
2025-04-30T03:35:06.000,9.33,-23.98,0.58,20.87,20.28,1710,-13.78,-19.0,0.083
2025-04-30T03:36:06.000,9.36,-23.97,0.62,20.8,20.28,1711,-13.63,-19.0,0.083
2025-04-30T03:37:06.000,9.4,-24.0,0.66,20.74,20.28,1712,-13.48,-19.0,0.083
2025-04-30T03:38:06.000,9.38,-24.26,0.7,20.66,20.28,1713,-13.33,-18.0,0.083
2025-04-30T03:39:06.000,9.37,-24.05,0.76,20.59,20.28,1714,-13.17,-18.0,0.083
2025-04-30T03:40:06.000,9.41,-23.96,0.82,20.5,20.28,1715,-13.02,-18.0,0.083
2025-04-30T03:41:06.000,9.46,-23.9,0.89,20.41,20.28,1716,-12.87,-18.0,0.083
2025-04-30T03:42:06.000,9.48,-23.96,0.97,20.32,20.28,1717,-12.71,-18.0,0.083
2025-04-30T03:43:06.000,9.52,-23.93,1.06,20.22,20.28,1718,-12.56,-18.0,0.083
2025-04-30T03:44:06.000,9.55,-23.87,1.17,20.11,20.28,1719,-12.4,-18.0,0.083
2025-04-30T03:45:06.000,9.6,-23.92,1.29,20.0,20.28,1720,-12.25,-18.0,0.083
2025-04-30T03:46:06.000,9.63,-23.98,1.44,19.89,20.28,1721,-12.09,-18.0,0.083
2025-04-30T03:47:06.000,9.64,-24.03,1.6,19.77,20.28,1722,-11.94,-18.0,0.083
2025-04-30T03:48:06.000,9.63,-24.11,1.79,19.65,20.28,1723,-11.78,-18.0,0.083
2025-04-30T03:49:07.000,9.61,-24.1,2.0,19.53,20.28,1724,-11.62,-18.0,0.084
2025-04-30T03:50:07.000,9.57,-24.29,2.24,19.41,20.28,1725,-11.46,-18.0,0.084
2025-04-30T03:51:07.000,9.51,-24.38,2.52,19.28,20.28,1726,-11.31,-18.0,0.084
2025-04-30T03:52:07.000,9.46,-24.45,2.85,19.14,20.28,1727,-11.15,-18.0,0.084
2025-04-30T03:53:07.000,9.42,-24.29,3.25,19.0,20.28,1728,-10.99,-17.0,0.084
2025-04-30T03:54:07.000,9.4,-24.31,3.7,18.86,20.28,1729,-10.83,-17.0,0.084
2025-04-30T03:55:07.000,9.38,-24.15,4.21,18.72,20.28,1730,-10.68,-17.0,0.084
2025-04-30T03:56:07.000,9.38,-24.13,4.82,18.57,20.28,1731,-10.52,-17.0,0.084
2025-04-30T03:57:08.000,9.38,-24.14,5.52,18.43,20.28,1732,-10.35,-17.0,0.084
2025-04-30T03:58:08.000,9.39,-24.11,6.35,18.27,20.28,1733,-10.2,-17.0,0.084
2025-04-30T03:59:08.000,9.41,-24.13,7.29,18.12,20.28,1734,-10.04,-17.0,0.084
2025-04-30T04:00:08.000,9.43,-24.21,8.32,17.98,20.28,1735,-9.88,-17.0,0.084
2025-04-30T04:01:08.000,9.45,-24.14,9.65,17.82,20.28,1736,-9.72,-17.0,0.084
2025-04-30T04:02:08.000,9.49,-24.19,11.13,17.67,20.28,1737,-9.55,-17.0,0.084
2025-04-30T04:03:09.000,9.51,-24.2,12.96,17.5,20.28,1738,-9.39,-17.0,0.084
2025-04-30T04:04:09.000,9.53,-24.19,14.97,17.34,20.28,1739,-9.23,-17.0,0.084
2025-04-30T04:05:09.000,9.53,-24.15,17.43,17.18,20.28,1740,-9.07,-17.0,0.084
2025-04-30T04:06:09.000,9.53,-24.24,20.27,17.01,20.28,1741,-8.91,-16.0,0.084
2025-04-30T04:07:09.000,9.53,-24.15,23.77,16.84,20.28,1742,-8.74,-16.0,0.084
2025-04-30T04:08:09.000,9.52,-24.28,27.78,16.67,20.28,1743,-8.58,-16.0,0.084
2025-04-30T04:09:09.000,9.51,-24.17,32.77,16.49,20.28,1744,-8.42,-16.0,0.084
2025-04-30T04:10:09.000,9.52,-24.12,38.88,16.31,20.28,1745,-8.26,-16.0,0.084
2025-04-30T04:11:10.000,9.51,-24.27,45.76,16.13,20.28,1746,-8.09,-16.0,0.085
2025-04-30T04:12:10.000,9.51,-24.14,54.96,15.93,20.28,1747,-7.93,-16.0,0.085
2025-04-30T04:13:10.000,9.51,-24.13,66.25,15.73,20.28,1748,-7.76,-16.0,0.085
2025-04-30T04:14:10.000,9.49,-24.3,80.43,15.52,20.28,1749,-7.6,-16.0,0.085
2025-04-30T04:15:10.000,9.47,-24.12,97.61,15.31,20.28,1750,-7.43,-16.0,0.085
2025-04-30T04:16:10.000,9.46,-24.01,119.75,15.09,20.28,1751,-7.27,-16.0,0.085
2025-04-30T04:17:10.000,9.44,-24.02,147.36,14.86,20.28,1752,-7.11,-16.0,0.085
2025-04-30T04:18:10.000,9.43,-23.86,183.64,14.62,20.28,1753,-6.94,-15.0,0.085
2025-04-30T04:19:10.000,9.43,-23.64,229.93,14.38,20.28,1754,-6.77,-15.0,0.085
2025-04-30T04:20:11.000,9.42,-23.7,287.55,14.14,20.28,1755,-6.61,-15.0,0.085
2025-04-30T04:21:11.000,9.41,-23.67,357.39,13.9,20.28,1756,-6.44,-15.0,0.085
2025-04-30T04:22:11.000,9.35,-23.81,437.47,13.68,20.28,1757,-6.27,-15.0,0.085
2025-04-30T04:23:11.000,9.31,-23.64,530.22,13.47,20.28,1758,-6.11,-15.0,0.085
2025-04-30T04:24:11.000,9.3,-23.51,649.1,13.25,20.28,1759,-5.94,-15.0,0.085
2025-04-30T04:25:11.000,9.31,-23.35,804.07,13.02,20.28,1760,-5.77,-15.0,0.085
2025-04-30T04:26:11.000,9.3,-23.32,1000.65,12.78,20.28,1761,-5.61,-15.0,0.085
2025-04-30T04:27:11.000,9.32,-23.14,1244.81,12.54,20.28,1762,-5.44,-15.0,0.085
2025-04-30T04:28:11.000,9.33,-23.04,1524.91,12.32,20.28,1763,-5.27,-15.0,0.085
2025-04-30T04:29:12.000,9.37,-22.76,1876.11,12.1,20.28,1764,-5.1,-14.0,0.085
2025-04-30T04:30:12.000,9.43,-22.74,2304.18,11.88,20.28,1765,-4.93,-14.0,0.085
2025-04-30T04:31:12.000,9.46,-22.64,2818.22,11.66,20.28,1766,-4.76,-14.0,0.085
2025-04-30T04:32:12.000,9.49,-22.5,3458.29,11.43,20.28,1767,-4.6,-14.0,0.086
2025-04-30T04:33:12.000,9.54,-22.37,4247.57,11.21,20.28,1768,-4.43,-14.0,0.086
2025-04-30T04:34:12.000,9.58,-22.33,5214.18,10.99,20.28,1769,-4.26,-14.0,0.086
2025-04-30T04:35:13.000,9.63,-22.24,6343.02,10.78,20.28,1770,-4.09,-14.0,0.086
2025-04-30T04:36:13.000,9.66,-22.17,7658.34,10.57,20.28,1771,-3.92,-14.0,0.086
2025-04-30T04:37:13.000,9.72,-21.97,9305.24,10.36,20.28,1772,-3.75,-14.0,0.086
2025-04-30T04:38:13.000,9.76,-22.04,11232.38,10.16,20.28,1773,-3.58,-14.0,0.086
2025-04-30T04:39:13.000,9.81,-21.88,13557.44,9.95,20.28,1774,-3.41,-13.0,0.086
2025-04-30T04:40:13.000,9.62,-21.79,16621.08,9.73,20.28,1775,-3.24,-13.0,0.086
2025-04-30T04:41:13.000,9.24,-21.49,20997.57,9.48,20.28,1776,-3.06,-13.0,0.086
2025-04-30T04:42:13.000,8.81,-21.31,27078.29,9.2,20.28,1777,-2.89,-13.0,0.086
2025-04-30T04:43:14.000,8.41,-21.08,33769.98,8.96,20.28,1778,-2.72,-13.0,0.086
2025-04-30T04:44:14.000,8.05,-20.95,39604.36,8.79,20.28,1779,-2.55,-13.0,0.086
2025-04-30T04:45:14.000,7.77,-20.79,46235.98,8.62,20.28,1780,-2.38,-13.0,0.086
2025-04-30T04:46:14.000,7.54,-20.78,53624.34,8.46,20.28,1781,-2.21,-13.0,0.086
2025-04-30T04:47:14.000,7.35,-20.74,59819.78,8.34,20.28,1782,-2.03,-13.0,0.086
2025-04-30T04:48:14.000,7.2,-20.76,53614.02,2.14,20.28,1783,-1.86,-13.0,0.086
2025-04-30T04:49:15.000,7.08,-20.8,50000.0,0.0,20.28,1784,-1.69,-12.0,0.086
2025-04-30T04:50:15.000,6.98,-20.92,50000.0,0.0,20.28,1785,-1.51,-12.0,0.086
2025-04-30T04:51:15.000,6.9,-20.91,50000.0,0.0,20.28,1786,-1.34,-12.0,0.086
2025-04-30T04:52:15.000,6.81,-21.04,50000.0,0.0,20.28,1787,-1.17,-12.0,0.086
2025-04-30T04:53:15.000,6.74,-21.09,50000.0,0.0,20.28,1788,-0.99,-12.0,0.086
2025-04-30T04:54:15.000,6.68,-21.15,50000.0,0.0,20.28,1789,-0.82,-12.0,0.087
2025-04-30T04:55:15.000,6.65,-21.17,49444.86,0.18,20.28,1790,-0.65,-12.0,0.087
2025-04-30T04:56:15.000,6.62,-21.29,50000.0,0.0,20.28,1791,-0.47,-12.0,0.087
2025-04-30T04:57:15.000,6.59,-21.36,50000.0,0.0,20.28,1792,-0.3,-12.0,0.087
2025-04-30T04:58:16.000,6.56,-21.39,49505.06,0.17,20.28,1793,-0.12,-12.0,0.087
2025-04-30T04:59:16.000,6.57,-21.35,50000.0,0.0,20.28,1794,0.05,-11.0,0.087
2025-04-30T05:00:16.000,6.6,-21.4,50000.0,0.0,20.28,1795,0.23,-11.0,0.087
2025-04-30T05:01:16.000,6.61,-21.32,50000.0,0.0,20.28,1796,0.4,-11.0,0.087
2025-04-30T05:19:19.000,6.75,-21.5,50000.0,0.0,20.28,1814,3.58,-9.0,0.088
2025-04-30T05:20:19.000,6.74,-21.4,50000.0,0.0,20.28,1815,3.76,-9.0,0.088
2025-04-30T05:21:19.000,6.73,-21.41,50000.0,0.0,20.28,1816,3.94,-9.0,0.088
2025-04-30T05:22:19.000,6.73,-21.33,49716.1,0.09,20.28,1817,4.12,-9.0,0.088
2025-04-30T05:23:19.000,6.74,-21.31,50000.0,0.0,20.28,1818,4.3,-9.0,0.088
2025-04-30T05:24:19.000,6.74,-21.38,49725.39,0.09,20.28,1819,4.48,-9.0,0.088
2025-04-30T05:25:19.000,6.72,-21.47,49728.37,0.09,20.28,1820,4.65,-8.0,0.088
2025-04-30T05:26:20.000,6.68,-21.42,50000.0,0.0,20.28,1821,4.84,-8.0,0.088
2025-04-30T05:27:20.000,6.66,-21.38,50000.0,0.0,20.28,1822,5.02,-8.0,0.088
2025-04-30T05:28:20.000,6.67,-21.32,50000.0,0.0,20.28,1823,5.19,-8.0,0.088
2025-04-30T18:31:20.000,9.61,-17.95,50000.0,0.0,20.28,2604,3.32,42.0,0.128
2025-04-30T18:32:20.000,9.57,-17.94,50000.0,0.0,20.28,2605,3.14,42.0,0.128
2025-04-30T18:33:20.000,9.5,-17.99,50000.0,0.0,20.28,2606,2.97,42.0,0.128
2025-04-30T18:34:21.000,9.46,-17.86,49729.97,0.09,20.28,2607,2.79,42.0,0.128
2025-04-30T18:35:21.000,9.41,-17.92,50000.0,0.0,20.28,2608,2.61,41.0,0.128
2025-04-30T18:36:21.000,9.33,-18.03,50000.0,0.0,20.28,2609,2.44,41.0,0.128
2025-04-30T18:37:21.000,9.27,-18.02,50000.0,0.0,20.28,2610,2.26,41.0,0.128
2025-04-30T18:50:23.000,8.48,-18.26,50000.0,0.0,20.28,2623,-0.02,39.0,0.129
2025-04-30T18:51:23.000,8.44,-18.36,50000.0,0.0,20.28,2624,-0.2,39.0,0.129
2025-04-30T18:52:23.000,8.38,-18.42,50000.0,0.0,20.28,2625,-0.37,38.0,0.129
2025-04-30T18:53:23.000,8.33,-18.27,49444.59,0.19,20.28,2626,-0.54,38.0,0.129
2025-04-30T18:54:24.000,8.3,-18.25,50000.0,0.0,20.28,2627,-0.72,38.0,0.129
2025-04-30T18:55:24.000,8.27,-18.26,50000.0,0.0,20.28,2628,-0.89,38.0,0.129
2025-04-30T18:56:24.000,8.24,-18.27,50000.0,0.0,20.28,2629,-1.06,38.0,0.13
2025-04-30T18:57:24.000,8.23,-18.28,50000.0,0.0,20.28,2630,-1.24,37.0,0.13
2025-04-30T18:58:24.000,8.22,-18.3,50000.0,0.0,20.28,2631,-1.41,37.0,0.13
2025-04-30T18:59:24.000,8.21,-18.3,55932.58,3.68,20.28,2632,-1.58,37.0,0.13
2025-04-30T19:00:25.000,8.19,-18.42,58358.23,8.37,20.28,2633,-1.76,37.0,0.13
2025-04-30T19:01:25.000,8.18,-18.3,51735.02,8.5,20.28,2634,-1.93,37.0,0.13
2025-04-30T19:02:25.000,8.18,-18.29,45088.47,8.65,20.28,2635,-2.1,37.0,0.13
2025-04-30T19:03:25.000,8.16,-18.24,38635.67,8.81,20.28,2636,-2.27,36.0,0.13
2025-04-30T19:04:25.000,8.17,-17.96,32621.11,9.07,20.28,2637,-2.44,36.0,0.13
2025-04-30T19:05:25.000,8.22,-17.91,28239.53,9.15,20.28,2638,-2.61,36.0,0.13
2025-04-30T19:06:25.000,8.26,-18.02,24133.22,9.32,20.28,2639,-2.78,36.0,0.13
2025-04-30T19:07:25.000,8.27,-18.13,20534.18,9.5,20.28,2640,-2.95,36.0,0.13
2025-04-30T19:08:26.000,8.28,-18.16,17359.64,9.68,20.28,2641,-3.13,36.0,0.13
2025-04-30T19:09:26.000,8.27,-18.07,14578.16,9.87,20.28,2642,-3.3,35.0,0.13
2025-04-30T19:10:26.000,8.32,-17.96,12157.49,10.07,20.28,2643,-3.47,35.0,0.13
2025-04-30T19:11:26.000,8.57,-18.29,10093.55,10.27,20.28,2644,-3.64,35.0,0.13
2025-04-30T19:12:26.000,8.99,-18.66,8345.49,10.48,20.28,2645,-3.8,35.0,0.13
