ecsv/stars831/stars831_2025-04.ecsv
# %ECSV 1.0
# ---
# datatype:
# - {name: time, datatype: string}
# - {name: Enclosure Temperature, unit: deg_C, datatype: float64}
# - {name: Sky Temperature, unit: deg_C, datatype: float64}
# - {name: Frequency, unit: Hz, datatype: float64}
# - {name: MSAS, unit: mag / arcsec2, datatype: float64}
# - {name: ZP, datatype: float64}
# - {name: Sequence Number, datatype: int64}
# - {name: Sun Alt, unit: deg, datatype: float64}
# - {name: Moon Alt, unit: deg, datatype: float64}
# - {name: Moon Illumination, datatype: float64}
# delimiter: ','
# meta: !!omap
# - ida:
#     Data supplier: {affiliation: Institut d'Estudis Espacials de Catalunya, observer: null}
#     Device type: TESS-W
#     Field of view: 17.0
#     Filters per channel: None
#     Instrument ID: stars831
#     License: ODbL 1.0 http://opendatacommons.org/licenses/odbl/summary/
#     Local timezone: Europe/Madrid
#     Location name: {country: Spain, place: Observatori del Montsec, region: Catalonia, sub_region: Lleida, town: Sant Esteve de la Sarga}
#     Measurement direction per channel: {azimuth: 0.0, zenital: 0.0}
#     Moving / Fixed look direction: FIXED
#     Moving / Stationary position: STATIONARY
#     Number of channels: 1
#     Number of fields per line: 8
#     Number of header lines: 35
#     Position: {height: 0.0, latitude: 42.0516894, longitude: 0.7275013}
#     TESS MAC address: 84:CC:A8:B1:11:5B
#     TESS cover offset value: 0.0
#     TESS firmware version: Unknown
#     TESS zero point: 20.28
#     Time Synchronization: timestamp added by MQTT subscriber
#     URL: http://www.darksky.org/NSBM/sdf1.0.pdf
# - __serialized_columns__:
#     Enclosure Temperature:
#       __class__: astropy.units.quantity.Quantity
#       unit: &id001 !astropy.units.Unit {unit: deg_C}
#       value: !astropy.table.SerializedColumn {name: Enclosure Temperature}
#     Frequency:
#       __class__: astropy.units.quantity.Quantity
#       unit: !astropy.units.Unit {unit: Hz}
#       value: !astropy.table.SerializedColumn {name: Frequency}
#     MSAS:
#       __class__: astropy.units.quantity.Quantity
#       unit: !astropy.units.Unit {unit: mag / arcsec2}
#       value: !astropy.table.SerializedColumn {name: MSAS}
#     Moon Alt:
#       __class__: astropy.units.quantity.Quantity
#       unit: &id002 !astropy.units.Unit {unit: deg}
#       value: !astropy.table.SerializedColumn {name: Moon Alt}
#     Sky Temperature:
#       __class__: astropy.units.quantity.Quantity
#       unit: *id001
#       value: !astropy.table.SerializedColumn {name: Sky Temperature}
#     Sun Alt:
#       __class__: astropy.units.quantity.Quantity
#       unit: *id002
#       value: !astropy.table.SerializedColumn {name: Sun Alt}
#     time:
#       __class__: astropy.time.core.Time
#       format: isot
#       in_subfmt: '*'
#       out_subfmt: '*'
#       precision: 3
#       scale: utc
#       value: !astropy.table.SerializedColumn {name: time}
# schema: astropy-2.0
time,Enclosure Temperature,Sky Temperature,Frequency,MSAS,ZP,Sequence Number,Sun Alt,Moon Alt,Moon Illumination
[from data line 5769]
2025-04-09T04:42:01.000,10.1,-17.41,22.02,16.92,20.28,153443,-8.76,-8.0,0.872
2025-04-09T04:43:01.000,10.06,-17.42,26.37,16.73,20.28,153444,-8.58,-8.0,0.873
2025-04-09T04:44:01.000,9.93,-17.42,31.51,16.54,20.28,153445,-8.41,-8.0,0.873
2025-04-09T04:45:01.000,10.01,-17.44,37.87,16.34,20.28,153446,-8.23,-8.0,0.873
2025-04-09T04:46:01.000,10.11,-17.36,45.3,16.14,20.28,153447,-8.05,-8.0,0.873
2025-04-09T04:47:01.000,10.05,-17.41,55.59,15.92,20.28,153448,-7.88,-8.0,0.873
2025-04-09T04:48:02.000,9.93,-17.47,68.45,15.69,20.28,153449,-7.7,-9.0,0.873
2025-04-09T04:49:02.000,9.99,-17.76,84.16,15.47,20.28,153450,-7.52,-9.0,0.873
2025-04-09T04:50:02.000,10.13,-17.5,104.58,15.23,20.28,153451,-7.34,-9.0,0.873
2025-04-09T04:51:02.000,10.1,-17.5,129.6,15.0,20.28,153452,-7.16,-9.0,0.873
2025-04-09T04:52:02.000,9.99,-17.45,159.78,14.77,20.28,153453,-6.99,-9.0,0.873
2025-04-09T04:53:02.000,9.91,-17.7,196.88,14.55,20.28,153454,-6.81,-9.0,0.873
2025-04-09T04:54:02.000,10.05,-17.74,244.52,14.31,20.28,153455,-6.63,-10.0,0.873
2025-04-09T04:55:02.000,10.15,-17.64,304.67,14.07,20.28,153456,-6.45,-10.0,0.873
2025-04-09T04:56:03.000,10.1,-17.34,380.36,13.83,20.28,153457,-6.27,-10.0,0.873
2025-04-09T04:57:03.000,9.99,-17.29,477.3,13.59,20.28,153458,-6.09,-10.0,0.873
2025-04-09T04:58:03.000,9.94,-17.32,598.81,13.34,20.28,153459,-5.91,-10.0,0.873
2025-04-09T04:59:03.000,10.09,-17.42,747.04,13.1,20.28,153460,-5.74,-10.0,0.873
2025-04-09T05:00:03.000,10.15,-17.35,930.7,12.86,20.28,153461,-5.56,-11.0,0.873
2025-04-09T05:01:03.000,10.08,-17.42,1166.0,12.62,20.28,153462,-5.38,-11.0,0.873
2025-04-09T05:02:04.000,9.94,-17.35,1471.44,12.36,20.28,153463,-5.19,-11.0,0.873
2025-04-09T05:03:04.000,9.99,-17.48,1837.02,12.12,20.28,153464,-5.02,-11.0,0.873
2025-04-09T05:04:04.000,10.1,-17.5,2275.82,11.89,20.28,153465,-4.84,-11.0,0.873
2025-04-09T05:05:04.000,10.08,-17.48,2823.38,11.66,20.28,153466,-4.66,-11.0,0.874
2025-04-09T05:06:04.000,9.94,-17.56,3492.83,11.42,20.28,153467,-4.48,-12.0,0.874
2025-04-09T05:07:04.000,9.96,-17.57,4332.2,11.19,20.28,153468,-4.3,-12.0,0.874
2025-04-09T05:08:04.000,10.11,-17.6,5351.51,10.96,20.28,153469,-4.12,-12.0,0.874
2025-04-09T05:09:04.000,10.13,-17.52,6611.38,10.73,20.28,153470,-3.94,-12.0,0.874
2025-04-09T05:10:05.000,10.04,-17.53,8223.28,10.49,20.28,153471,-3.75,-12.0,0.874
2025-04-09T05:11:05.000,9.93,-17.48,10292.73,10.25,20.28,153472,-3.57,-12.0,0.874
2025-04-09T05:12:05.000,10.02,-17.5,12849.57,10.01,20.28,153473,-3.39,-13.0,0.874
2025-04-09T05:13:05.000,10.13,-17.32,15744.31,9.79,20.28,153474,-3.21,-13.0,0.874
2025-04-09T05:14:05.000,10.08,-17.35,18652.32,9.68,20.28,153475,-3.03,-13.0,0.874
2025-04-09T05:15:06.000,9.89,-17.49,22180.84,9.42,20.28,153476,-2.85,-13.0,0.874
2025-04-09T05:16:06.000,9.69,-17.41,25209.42,9.42,20.28,153477,-2.66,-13.0,0.874
2025-04-09T05:17:06.000,9.5,-17.34,29905.02,9.09,20.28,153478,-2.48,-13.0,0.874
2025-04-09T05:18:06.000,9.34,-17.29,34198.53,9.02,20.28,153479,-2.3,-14.0,0.874
2025-04-09T05:19:06.000,9.17,-17.32,39857.18,8.78,20.28,153480,-2.12,-14.0,0.874
2025-04-09T05:20:06.000,9.02,-17.3,45728.87,8.63,20.28,153481,-1.94,-14.0,0.874
2025-04-09T05:21:06.000,8.87,-17.29,52238.96,8.49,20.28,153482,-1.76,-14.0,0.874
2025-04-09T05:22:06.000,8.76,-17.32,59609.5,8.34,20.28,153483,-1.58,-14.0,0.874
2025-04-09T05:23:07.000,8.65,-17.33,52385.09,1.38,20.28,153484,-1.39,-14.0,0.874
2025-04-09T05:24:07.000,8.55,-17.35,50000.0,0.0,20.28,153485,-1.21,-15.0,0.874
2025-04-09T05:25:07.000,8.47,-17.36,50000.0,0.0,20.28,153486,-1.03,-15.0,0.874
2025-04-09T05:26:07.000,8.41,-17.42,50000.0,0.0,20.28,153487,-0.84,-15.0,0.874
2025-04-09T05:49:11.000,8.65,-17.01,50000.0,0.0,20.28,153510,3.39,-19.0,0.875
2025-04-09T05:50:11.000,8.75,-17.0,50000.0,0.0,20.28,153511,3.57,-19.0,0.876
2025-04-09T05:51:11.000,8.84,-17.05,50000.0,0.0,20.28,153512,3.76,-19.0,0.876
2025-04-09T05:52:11.000,8.9,-17.15,49714.5,0.09,20.28,153513,3.94,-19.0,0.876
2025-04-09T05:53:11.000,8.95,-17.07,50000.0,0.0,20.28,153514,4.13,-19.0,0.876
2025-04-09T05:54:11.000,9.01,-17.04,50000.0,0.0,20.28,153515,4.31,-19.0,0.876
2025-04-09T05:55:12.000,9.05,-17.1,50000.0,0.0,20.28,153516,4.5,-20.0,0.876
2025-04-09T18:32:10.000,11.69,1.79,50000.0,0.0,20.28,154271,-0.91,34.0,0.907
2025-04-09T18:33:10.000,11.71,1.62,50000.0,0.0,20.28,154272,-1.09,34.0,0.908
2025-04-09T18:34:10.000,11.7,1.48,50000.0,0.0,20.28,154273,-1.27,34.0,0.908
2025-04-09T18:35:10.000,11.7,1.44,49444.89,0.18,20.28,154274,-1.46,34.0,0.908
2025-04-09T18:36:11.000,11.7,1.35,58860.22,6.09,20.28,154275,-1.64,34.0,0.908
2025-04-09T18:37:11.000,11.7,1.27,55529.5,8.42,20.28,154276,-1.82,34.0,0.908
2025-04-09T18:38:11.000,11.67,1.06,50932.27,8.51,20.28,154277,-2.0,35.0,0.908
2025-04-09T18:39:11.000,11.64,0.74,48024.47,8.58,20.28,154278,-2.18,35.0,0.908
2025-04-09T18:40:11.000,11.63,-0.05,45072.25,8.65,20.28,154279,-2.36,35.0,0.908
2025-04-09T18:41:11.000,11.61,-1.31,38216.82,8.83,20.28,154280,-2.55,35.0,0.908
2025-04-09T18:42:12.000,11.61,-3.02,30483.98,9.07,20.28,154281,-2.73,35.0,0.908
2025-04-09T18:43:12.000,11.56,-5.31,25362.25,9.36,20.28,154282,-2.91,35.0,0.908
2025-04-09T18:44:12.000,11.49,-7.42,20816.58,9.49,20.28,154283,-3.09,35.0,0.908
2025-04-09T18:45:12.000,11.41,-9.06,16064.64,9.85,20.28,154284,-3.27,36.0,0.908
2025-04-09T18:46:12.000,11.34,-10.17,12674.13,10.02,20.28,154285,-3.45,36.0,0.908
2025-04-09T18:47:12.000,11.24,-10.49,10377.35,10.24,20.28,154286,-3.63,36.0,0.908
2025-04-09T18:48:12.000,11.18,-9.79,9250.71,10.36,20.28,154287,-3.81,36.0,0.908
2025-04-09T18:49:12.000,11.13,-8.57,8331.46,10.48,20.28,154288,-3.99,36.0,0.908
2025-04-09T18:50:13.000,11.11,-7.57,7064.84,10.66,20.28,154289,-4.17,36.0,0.908
2025-04-09T18:51:13.000,11.09,-7.13,5842.72,10.87,20.28,154290,-4.35,37.0,0.908
2025-04-09T18:52:13.000,11.07,-6.66,4693.36,11.1,20.28,154291,-4.53,37.0,0.908
2025-04-09T18:53:13.000,11.08,-6.17,3702.25,11.36,20.28,154292,-4.71,37.0,0.908
2025-04-09T18:54:13.000,11.08,-5.76,2934.53,11.61,20.28,154293,-4.89,37.0,0.908
2025-04-09T18:55:13.000,11.05,-5.41,2291.87,11.88,20.28,154294,-5.07,37.0,0.908
2025-04-09T18:56:14.000,11.02,-4.85,1766.71,12.17,20.28,154295,-5.25,37.0,0.908
2025-04-09T18:57:14.000,11.01,-3.97,1380.34,12.43,20.28,154296,-5.43,38.0,0.908
2025-04-09T18:58:14.000,11.0,-3.08,1117.69,12.66,20.28,154297,-5.61,38.0,0.908
2025-04-09T18:59:14.000,11.07,-1.84,912.0,12.88,20.28,154298,-5.79,38.0,0.909
2025-04-09T19:00:14.000,11.13,-1.08,739.91,13.11,20.28,154299,-5.96,38.0,0.909
2025-04-09T19:01:14.000,11.17,-0.41,585.96,13.36,20.28,154300,-6.14,38.0,0.909
2025-04-09T19:02:14.000,11.23,0.4,471.28,13.6,20.28,154301,-6.32,38.0,0.909
2025-04-09T19:03:14.000,11.29,0.79,372.18,13.86,20.28,154302,-6.5,38.0,0.909
2025-04-09T19:04:15.000,11.3,0.85,296.56,14.1,20.28,154303,-6.68,39.0,0.909
2025-04-09T19:05:15.000,11.32,0.81,262.16,14.23,20.28,154304,-6.86,39.0,0.909
2025-04-09T19:06:15.000,11.35,0.6,234.07,14.36,20.28,154305,-7.03,39.0,0.909
2025-04-09T19:07:15.000,11.37,0.48,192.9,14.57,20.28,154306,-7.21,39.0,0.909
2025-04-09T19:08:15.000,11.37,0.2,154.81,14.81,20.28,154307,-7.39,39.0,0.909
2025-04-09T19:09:15.000,11.35,-0.17,136.31,14.94,20.28,154308,-7.56,39.0,0.909
2025-04-09T19:10:15.000,11.33,-0.34,127.59,15.02,20.28,154309,-7.74,39.0,0.909
2025-04-09T19:11:15.000,11.29,-0.89,105.46,15.22,20.28,154310,-7.92,40.0,0.909
2025-04-09T19:12:15.000,11.24,-1.14,86.82,15.43,20.28,154311,-8.09,40.0,0.909
2025-04-09T19:13:15.000,11.26,-1.3,75.89,15.58,20.28,154312,-8.27,40.0,0.909
2025-04-09T19:14:15.000,11.27,-1.74,65.86,15.73,20.28,154313,-8.44,40.0,0.909
2025-04-09T19:15:16.000,11.22,-2.21,56.75,15.9,20.28,154314,-8.62,40.0,0.909
2025-04-09T19:16:16.000,11.15,-2.73,47.0,16.1,20.28,154315,-8.8,40.0,0.909
2025-04-09T19:17:16.000,11.13,-3.22,39.91,16.28,20.28,154316,-8.97,41.0,0.909
2025-04-09T19:18:16.000,11.07,-4.1,35.14,16.42,20.28,154317,-9.15,41.0,0.909
2025-04-09T19:19:16.000,11.01,-4.86,33.11,16.48,20.28,154318,-9.32,41.0,0.909
2025-04-09T19:20:16.000,10.95,-6.04,32.06,16.52,20.28,154319,-9.5,41.0,0.909
2025-04-09T19:21:16.000,10.88,-7.01,25.25,16.78,20.28,154320,-9.67,41.0,0.909
2025-04-09T19:22:17.000,10.86,-7.73,21.01,16.97,20.28,154321,-9.85,41.0,0.909
2025-04-09T19:23:17.000,10.8,-8.54,18.35,17.12,20.28,154322,-10.02,41.0,0.909
2025-04-09T19:24:17.000,10.73,-9.47,13.89,17.43,20.28,154323,-10.2,42.0,0.91
2025-04-09T19:25:17.000,10.68,-10.17,15.08,17.34,20.28,154324,-10.37,42.0,0.91
2025-04-09T19:26:17.000,10.6,-10.85,17.02,17.2,20.28,154325,-10.54,42.0,0.91
2025-04-09T19:27:17.000,10.54,-11.37,17.99,17.14,20.28,154326,-10.72,42.0,0.91
2025-04-09T19:28:18.000,10.49,-11.76,17.8,17.15,20.28,154327,-10.89,42.0,0.91
2025-04-09T19:29:18.000,10.45,-11.95,19.31,17.07,20.28,154328,-11.07,42.0,0.91
2025-04-09T19:30:18.000,10.42,-11.82,15.45,17.32,20.28,154329,-11.24,42.0,0.91
2025-04-09T19:31:18.000,10.4,-11.31,16.13,17.27,20.28,154330,-11.41,43.0,0.91
2025-04-09T19:32:18.000,10.39,-10.37,18.62,17.11,20.28,154331,-11.58,43.0,0.91
2025-04-09T19:33:18.000,10.39,-8.48,20.07,17.03,20.28,154332,-11.76,43.0,0.91
2025-04-09T19:34:18.000,10.43,-5.9,25.33,16.77,20.28,154333,-11.93,43.0,0.91
2025-04-09T19:35:18.000,10.49,-4.12,19.18,17.08,20.28,154334,-12.1,43.0,0.91
2025-04-09T19:36:19.000,10.56,-2.63,18.07,17.14,20.28,154335,-12.27,43.0,0.91
2025-04-09T19:37:19.000,10.66,-1.26,18.31,17.13,20.28,154336,-12.44,43.0,0.91
2025-04-09T19:38:19.000,10.73,-1.22,13.51,17.46,20.28,154337,-12.61,43.0,0.91
2025-04-09T19:39:19.000,10.79,-2.12,14.86,17.35,20.28,154338,-12.78,44.0,0.91
2025-04-09T19:40:19.000,10.85,-2.45,17.01,17.2,20.28,154339,-12.96,44.0,0.91
2025-04-09T19:41:19.000,10.91,-3.09,12.45,17.56,20.28,154340,-13.13,44.0,0.91
2025-04-09T19:42:20.000,10.92,-3.69,9.93,17.79,20.28,154341,-13.3,44.0,0.91
2025-04-09T19:43:20.000,10.92,-4.02,16.83,17.25,20.28,154342,-13.47,44.0,0.91
2025-04-09T19:44:20.000,10.9,-5.16,23.84,16.84,20.28,154343,-13.64,44.0,0.91
2025-04-09T19:45:20.000,10.86,-7.73,12.11,17.63,20.28,154344,-13.81,44.0,0.91
2025-04-09T19:46:20.000,10.76,-10.59,11.27,17.66,20.28,154345,-13.97,45.0,0.91
2025-04-09T19:47:20.000,10.66,-12.18,10.92,17.72,20.28,154346,-14.14,45.0,0.91
2025-04-09T19:48:21.000,10.56,-12.81,13.18,17.48,20.28,154347,-14.31,45.0,0.91
2025-04-09T19:49:21.000,10.48,-13.21,13.31,17.47,20.28,154348,-14.48,45.0,0.91
2025-04-09T19:50:21.000,10.39,-13.53,13.55,17.45,20.28,154349,-14.65,45.0,0.911
2025-04-09T19:51:21.000,10.32,-13.5,13.99,17.42,20.28,154350,-14.82,45.0,0.911
2025-04-09T19:52:21.000,10.26,-13.31,15.22,17.32,20.28,154351,-14.99,45.0,0.911
2025-04-09T19:53:21.000,10.22,-12.98,14.03,17.42,20.28,154352,-15.15,45.0,0.911
2025-04-09T19:54:21.000,10.19,-12.63,9.76,17.81,20.28,154353,-15.32,46.0,0.911
2025-04-09T19:55:21.000,10.18,-12.39,10.57,17.72,20.28,154354,-15.49,46.0,0.911
2025-04-09T19:56:22.000,10.17,-12.41,11.27,17.65,20.28,154355,-15.65,46.0,0.911
2025-04-09T19:57:22.000,10.18,-12.65,9.31,17.86,20.28,154356,-15.82,46.0,0.911
2025-04-09T19:58:22.000,10.16,-13.0,10.67,17.73,20.28,154357,-15.99,46.0,0.911
2025-04-09T19:59:22.000,10.14,-13.2,14.43,17.38,20.28,154358,-16.15,46.0,0.911
2025-04-09T20:00:23.000,10.12,-13.44,15.05,17.34,20.28,154359,-16.32,46.0,0.911
2025-04-09T20:01:23.000,10.09,-13.73,14.79,17.36,20.28,154360,-16.48,46.0,0.911
2025-04-09T20:02:23.000,10.05,-13.96,14.48,17.38,20.28,154361,-16.65,47.0,0.911
2025-04-09T20:03:23.000,10.03,-14.06,14.42,17.38,20.28,154362,-16.81,47.0,0.911
2025-04-09T20:04:23.000,10.01,-14.14,14.38,17.39,20.28,154363,-16.98,47.0,0.911
2025-04-09T20:05:23.000,10.03,-14.19,14.26,17.4,20.28,154364,-17.14,47.0,0.911
2025-04-09T20:06:24.000,10.06,-14.24,13.98,17.42,20.28,154365,-17.31,47.0,0.911
2025-04-09T20:07:23.000,10.08,-14.25,14.22,17.4,20.28,154366,-17.47,47.0,0.911
2025-04-09T20:08:24.000,10.07,-14.22,13.75,17.44,20.28,154367,-17.63,47.0,0.911
2025-04-09T20:09:24.000,10.06,-14.22,13.73,17.44,20.28,154368,-17.79,47.0,0.911
2025-04-09T20:10:24.000,10.05,-14.24,13.65,17.44,20.28,154369,-17.96,48.0,0.911
2025-04-09T20:11:24.000,10.04,-14.16,13.62,17.44,20.28,154370,-18.12,48.0,0.911
2025-04-09T20:12:25.000,10.03,-14.07,13.67,17.44,20.28,154371,-18.28,48.0,0.911
2025-04-09T20:13:25.000,10.01,-14.08,13.86,17.43,20.28,154372,-18.44,48.0,0.911
2025-04-09T20:14:25.000,9.97,-14.75,14.29,17.39,20.28,154373,-18.61,48.0,0.911
2025-04-09T20:15:25.000,10.03,-14.85,14.4,17.38,20.28,154374,-18.77,48.0,0.911
2025-04-09T20:16:25.000,10.15,-14.56,14.34,17.39,20.28,154375,-18.93,48.0,0.912
2025-04-09T20:17:25.000,10.15,-14.45,14.32,17.39,20.28,154376,-19.09,48.0,0.912
2025-04-09T20:18:25.000,10.06,-14.35,14.12,17.41,20.28,154377,-19.25,48.0,0.912
2025-04-09T20:19:26.000,10.01,-14.08,13.89,17.42,20.28,154378,-19.41,48.0,0.912
2025-04-09T20:20:26.000,10.04,-14.12,13.67,17.44,20.28,154379,-19.57,49.0,0.912
2025-04-09T20:21:26.000,10.06,-14.13,13.51,17.45,20.28,154380,-19.72,49.0,0.912
2025-04-09T20:22:26.000,10.05,-14.15,13.41,17.46,20.28,154381,-19.88,49.0,0.912
2025-04-09T20:23:26.000,10.04,-13.97,13.56,17.45,20.28,154382,-20.04,49.0,0.912
2025-04-09T20:24:26.000,10.02,-13.85,13.71,17.44,20.28,154383,-20.2,49.0,0.912
2025-04-09T20:25:26.000,10.04,-13.71,14.17,17.4,20.28,154384,-20.36,49.0,0.912
2025-04-09T20:26:27.000,10.07,-13.65,12.51,17.55,20.28,154385,-20.51,49.0,0.912
2025-04-09T20:27:27.000,10.09,-13.61,13.04,17.5,20.28,154386,-20.67,49.0,0.912
2025-04-09T20:28:27.000,10.1,-13.62,13.75,17.43,20.28,154387,-20.83,49.0,0.912
2025-04-09T20:29:27.000,10.08,-13.67,13.33,17.47,20.28,154388,-20.98,50.0,0.912
2025-04-09T20:30:27.000,10.06,-13.67,12.61,17.54,20.28,154389,-21.14,50.0,0.912
2025-04-09T20:31:27.000,10.02,-13.72,10.22,17.77,20.28,154390,-21.29,50.0,0.912
2025-04-09T20:32:27.000,9.99,-13.89,9.47,17.86,20.28,154391,-21.45,50.0,0.912
2025-04-09T20:33:27.000,10.03,-14.27,12.1,17.59,20.28,154392,-21.6,50.0,0.912
2025-04-09T20:34:28.000,10.05,-14.13,13.9,17.42,20.28,154393,-21.76,50.0,0.912
2025-04-09T20:35:28.000,10.04,-13.93,13.98,17.42,20.28,154394,-21.91,50.0,0.912
2025-04-09T20:36:28.000,10.0,-13.93,14.11,17.41,20.28,154395,-22.07,50.0,0.912
2025-04-09T20:37:28.000,10.0,-13.89,14.28,17.39,20.28,154396,-22.22,50.0,0.912
2025-04-09T20:38:29.000,10.15,-13.72,14.72,17.36,20.28,154397,-22.37,50.0,0.912
2025-04-09T20:39:29.000,10.17,-13.48,12.1,17.59,20.28,154398,-22.53,50.0,0.912
2025-04-09T20:40:29.000,10.16,-13.23,10.98,17.68,20.28,154399,-22.68,51.0,0.912
2025-04-09T20:41:29.000,10.12,-13.25,12.45,17.54,20.28,154400,-22.83,51.0,0.912
2025-04-09T20:42:29.000,10.1,-13.3,13.85,17.43,20.28,154401,-22.98,51.0,0.912
2025-04-09T20:43:29.000,10.05,-13.54,14.55,17.37,20.28,154402,-23.13,51.0,0.913
2025-04-09T20:44:30.000,9.97,-13.71,14.37,17.39,20.28,154403,-23.28,51.0,0.913
2025-04-09T20:45:30.000,10.05,-14.05,13.75,17.43,20.28,154404,-23.43,51.0,0.913
2025-04-09T20:46:30.000,10.13,-14.09,13.23,17.48,20.28,154405,-23.58,51.0,0.913
2025-04-09T20:47:30.000,10.13,-14.21,13.46,17.46,20.28,154406,-23.73,51.0,0.913
2025-04-09T20:48:30.000,10.07,-14.23,13.44,17.46,20.28,154407,-23.88,51.0,0.913
2025-04-09T20:49:30.000,9.98,-14.26,13.29,17.47,20.28,154408,-24.02,51.0,0.913
2025-04-09T20:50:30.000,10.03,-14.23,13.09,17.49,20.28,154409,-24.17,51.0,0.913
2025-04-09T20:51:30.000,10.16,-14.24,12.76,17.52,20.28,154410,-24.32,51.0,0.913
2025-04-09T20:52:31.000,10.2,-14.15,12.74,17.52,20.28,154411,-24.47,51.0,0.913
2025-04-09T20:53:31.000,10.18,-14.04,13.04,17.49,20.28,154412,-24.61,52.0,0.913
2025-04-09T20:54:31.000,10.12,-14.02,13.15,17.48,20.28,154413,-24.76,52.0,0.913
2025-04-09T20:55:31.000,10.06,-13.99,13.24,17.48,20.28,154414,-24.91,52.0,0.913
2025-04-09T20:56:31.000,9.98,-14.04,13.27,17.47,20.28,154415,-25.05,52.0,0.913
2025-04-09T20:57:31.000,10.04,-14.07,13.24,17.48,20.28,154416,-25.19,52.0,0.913
2025-04-09T20:58:32.000,10.14,-14.1,13.68,17.44,20.28,154417,-25.34,52.0,0.913
2025-04-09T20:59:32.000,10.14,-14.0,16.26,17.26,20.28,154418,-25.48,52.0,0.913
2025-04-09T21:00:32.000,10.11,-13.51,20.9,16.98,20.28,154419,-25.63,52.0,0.913
