ecsv/stars831/stars831_2024-04.ecsv
# %ECSV 1.0
# ---
# datatype:
# - {name: time, datatype: string}
# - {name: Enclosure Temperature, unit: deg_C, datatype: float64}
# - {name: Sky Temperature, unit: deg_C, datatype: float64}
# - {name: Frequency, unit: Hz, datatype: float64}
# - {name: MSAS, unit: mag / arcsec2, datatype: float64}
# - {name: ZP, datatype: float64}
# - {name: Sequence Number, datatype: int64}
# - {name: Sun Alt, unit: deg, datatype: float64}
# - {name: Moon Alt, unit: deg, datatype: float64}
# - {name: Moon Illumination, datatype: float64}
# delimiter: ','
# meta: !!omap
# - ida:
#     Data supplier: {affiliation: Institut d'Estudis Espacials de Catalunya, observer: null}
#     Device type: TESS-W
#     Field of view: 17.0
#     Filters per channel: None
#     Instrument ID: stars831
#     License: ODbL 1.0 http://opendatacommons.org/licenses/odbl/summary/
#     Local timezone: Europe/Madrid
#     Location name: {country: Spain, place: Observatori del Montsec, region: Catalonia, sub_region: Lleida, town: Sant Esteve de la Sarga}
#     Measurement direction per channel: {azimuth: 0.0, zenital: 0.0}
#     Moving / Fixed look direction: FIXED
#     Moving / Stationary position: STATIONARY
#     Number of channels: 1
#     Number of fields per line: 8
#     Number of header lines: 35
#     Position: {height: 0.0, latitude: 42.0516894, longitude: 0.7275013}
#     TESS MAC address: 84:CC:A8:B1:11:5B
#     TESS cover offset value: 0.0
#     TESS firmware version: Unknown
#     TESS zero point: 20.28
#     Time Synchronization: timestamp added by MQTT subscriber
#     URL: http://www.darksky.org/NSBM/sdf1.0.pdf
# - __serialized_columns__:
#     Enclosure Temperature:
#       __class__: astropy.units.quantity.Quantity
#       unit: &id001 !astropy.units.Unit {unit: deg_C}
#       value: !astropy.table.SerializedColumn {name: Enclosure Temperature}
#     Frequency:
#       __class__: astropy.units.quantity.Quantity
#       unit: !astropy.units.Unit {unit: Hz}
#       value: !astropy.table.SerializedColumn {name: Frequency}
#     MSAS:
#       __class__: astropy.units.quantity.Quantity
#       unit: !astropy.units.Unit {unit: mag / arcsec2}
#       value: !astropy.table.SerializedColumn {name: MSAS}
#     Moon Alt:
#       __class__: astropy.units.quantity.Quantity
#       unit: &id002 !astropy.units.Unit {unit: deg}
#       value: !astropy.table.SerializedColumn {name: Moon Alt}
#     Sky Temperature:
#       __class__: astropy.units.quantity.Quantity
#       unit: *id001
#       value: !astropy.table.SerializedColumn {name: Sky Temperature}
#     Sun Alt:
#       __class__: astropy.units.quantity.Quantity
#       unit: *id002
#       value: !astropy.table.SerializedColumn {name: Sun Alt}
#     time:
#       __class__: astropy.time.core.Time
#       format: isot
#       in_subfmt: '*'
#       out_subfmt: '*'
#       precision: 3
#       scale: utc
#       value: !astropy.table.SerializedColumn {name: time}
# schema: astropy-2.0
time,Enclosure Temperature,Sky Temperature,Frequency,MSAS,ZP,Sequence Number,Sun Alt,Moon Alt,Moon Illumination
[from data line 9103]
2024-04-14T04:27:47.000,11.99,-18.02,12.3,17.56,20.28,48287,-9.64,-20.0,0.34
2024-04-14T04:28:47.000,12.02,-18.03,14.36,17.39,20.28,48288,-9.47,-20.0,0.34
2024-04-14T04:29:47.000,12.06,-18.08,16.95,17.21,20.28,48289,-9.3,-20.0,0.34
2024-04-14T04:30:48.000,12.11,-18.13,20.0,17.03,20.28,48290,-9.12,-20.0,0.34
2024-04-14T04:31:48.000,12.14,-18.16,23.64,16.85,20.28,48291,-8.95,-20.0,0.34
2024-04-14T04:32:48.000,12.15,-18.19,28.15,16.66,20.28,48292,-8.77,-20.0,0.34
2024-04-14T04:33:48.000,12.16,-18.19,33.51,16.47,20.28,48293,-8.6,-20.0,0.34
2024-04-14T04:34:48.000,12.15,-18.26,40.17,16.27,20.28,48294,-8.43,-20.0,0.34
2024-04-14T04:35:48.000,12.13,-18.23,47.06,16.1,20.28,48295,-8.25,-20.0,0.341
2024-04-14T04:36:49.000,12.12,-18.17,57.68,15.88,20.28,48296,-8.08,-20.0,0.341
2024-04-14T04:37:49.000,12.17,-17.99,70.36,15.66,20.28,48297,-7.9,-20.0,0.341
2024-04-14T04:38:49.000,12.25,-17.99,85.68,15.45,20.28,48298,-7.73,-20.0,0.341
2024-04-14T04:39:49.000,12.35,-17.97,104.83,15.23,20.28,48299,-7.56,-20.0,0.341
2024-04-14T04:40:49.000,12.45,-17.9,128.76,15.01,20.28,48300,-7.38,-20.0,0.341
2024-04-14T04:41:49.000,12.57,-17.92,158.22,14.78,20.28,48301,-7.21,-20.0,0.341
2024-04-14T04:42:50.000,12.65,-18.03,194.79,14.56,20.28,48302,-7.03,-20.0,0.341
2024-04-14T04:43:50.000,12.72,-17.98,240.81,14.33,20.28,48303,-6.85,-20.0,0.341
2024-04-14T04:44:50.000,12.78,-18.04,298.73,14.09,20.28,48304,-6.68,-20.0,0.341
2024-04-14T04:45:50.000,12.82,-18.05,371.08,13.86,20.28,48305,-6.5,-20.0,0.341
2024-04-14T04:46:50.000,12.85,-17.99,461.73,13.62,20.28,48306,-6.33,-20.0,0.341
2024-04-14T04:47:50.000,12.9,-17.99,575.24,13.38,20.28,48307,-6.15,-20.0,0.341
2024-04-14T04:48:51.000,12.94,-18.01,718.67,13.14,20.28,48308,-5.97,-20.0,0.341
2024-04-14T04:49:51.000,12.95,-18.02,901.38,12.9,20.28,48309,-5.8,-20.0,0.341
2024-04-14T04:50:51.000,12.95,-18.21,1131.91,12.65,20.28,48310,-5.62,-20.0,0.342
2024-04-14T04:51:51.000,12.91,-18.3,1417.84,12.4,20.28,48311,-5.44,-20.0,0.342
2024-04-14T04:52:51.000,12.84,-18.33,1771.67,12.16,20.28,48312,-5.27,-20.0,0.342
2024-04-14T04:53:51.000,12.78,-18.35,2209.66,11.92,20.28,48313,-5.09,-20.0,0.342
2024-04-14T04:54:52.000,12.68,-18.3,2755.22,11.68,20.28,48314,-4.91,-20.0,0.342
2024-04-14T04:55:52.000,12.62,-18.28,3435.75,11.44,20.28,48315,-4.73,-20.0,0.342
2024-04-14T04:56:52.000,12.55,-18.37,4297.96,11.2,20.28,48316,-4.56,-20.0,0.342
2024-04-14T04:57:52.000,12.42,-18.38,5376.38,10.96,20.28,48317,-4.38,-20.0,0.342
2024-04-14T04:58:52.000,12.32,-18.38,6681.51,10.72,20.28,48318,-4.2,-20.0,0.342
2024-04-14T04:59:52.000,12.22,-18.36,8242.16,10.49,20.28,48319,-4.02,-20.0,0.342
2024-04-14T05:00:53.000,12.13,-18.36,10122.36,10.27,20.28,48320,-3.84,-20.0,0.342
2024-04-14T05:01:53.000,12.05,-18.34,12393.78,10.05,20.28,48321,-3.66,-20.0,0.342
2024-04-14T05:02:53.000,12.04,-18.3,15103.96,9.83,20.28,48322,-3.48,-20.0,0.342
2024-04-14T05:03:53.000,12.03,-18.36,18057.96,9.72,20.28,48323,-3.31,-20.0,0.342
2024-04-14T05:04:53.000,12.03,-18.37,21933.02,9.43,20.28,48324,-3.13,-20.0,0.343
2024-04-14T05:05:53.000,12.04,-18.37,25373.36,9.5,20.28,48325,-2.95,-20.0,0.343
2024-04-14T05:06:54.000,12.08,-18.4,31241.58,9.04,20.28,48326,-2.77,-20.0,0.343
2024-04-14T05:07:54.000,12.1,-18.4,36476.15,8.96,20.28,48327,-2.59,-20.0,0.343
2024-04-14T05:08:54.000,12.11,-18.43,43129.68,8.69,20.28,48328,-2.41,-20.0,0.343
2024-04-14T05:09:54.000,12.14,-18.41,50114.02,8.53,20.28,48329,-2.23,-20.0,0.343
2024-04-14T05:10:54.000,12.17,-18.42,57745.98,8.38,20.28,48330,-2.05,-20.0,0.343
2024-04-14T05:11:54.000,12.2,-18.39,55189.11,3.22,20.28,48331,-1.87,-20.0,0.343
2024-04-14T05:12:54.000,12.23,-18.43,50000.0,0.0,20.28,48332,-1.69,-20.0,0.343
2024-04-14T05:13:54.000,12.26,-18.46,50000.0,0.0,20.28,48333,-1.51,-20.0,0.343
2024-04-14T05:14:55.000,12.3,-18.48,49444.91,0.18,20.28,48334,-1.33,-20.0,0.343
2024-04-14T05:15:55.000,12.33,-18.5,50000.0,0.0,20.28,48335,-1.15,-20.0,0.343
2024-04-14T05:16:55.000,12.35,-18.52,50000.0,0.0,20.28,48336,-0.97,-20.0,0.343
2024-04-14T05:17:55.000,12.35,-18.58,50000.0,0.0,20.28,48337,-0.79,-20.0,0.343
2024-04-14T05:30:57.000,12.92,-18.37,50000.0,0.0,20.28,48350,1.58,-20.0,0.344
2024-04-14T05:31:57.000,12.96,-18.44,50000.0,0.0,20.28,48351,1.76,-20.0,0.344
2024-04-14T05:32:57.000,13.0,-18.45,50000.0,0.0,20.28,48352,1.94,-20.0,0.344
2024-04-14T05:33:57.000,13.04,-18.44,49722.42,0.09,20.28,48353,2.12,-20.0,0.345
2024-04-14T05:34:58.000,13.08,-18.47,49729.95,0.09,20.28,48354,2.31,-20.0,0.345
2024-04-14T05:35:58.000,13.11,-18.44,50000.0,0.0,20.28,48355,2.49,-20.0,0.345
2024-04-14T05:36:58.000,13.15,-18.42,49732.88,0.09,20.28,48356,2.68,-20.0,0.345
2024-04-14T05:37:58.000,13.18,-18.42,50000.0,0.0,20.28,48357,2.86,-20.0,0.345
2024-04-14T05:38:58.000,13.21,-18.41,49729.93,0.09,20.28,48358,3.04,-20.0,0.345
2024-04-14T05:39:58.000,13.24,-18.4,49723.97,0.09,20.28,48359,3.22,-20.0,0.345
2024-04-14T05:40:59.000,13.27,-18.41,50000.0,0.0,20.28,48360,3.41,-20.0,0.345
2024-04-14T05:41:59.000,13.3,-18.39,50000.0,0.0,20.28,48361,3.59,-20.0,0.345
2024-04-14T05:42:59.000,13.34,-18.35,50000.0,0.0,20.28,48362,3.78,-19.0,0.345
2024-04-14T16:05:08.000,22.85,-12.54,50000.0,0.0,20.28,48982,27.2,69.0,0.388
2024-04-14T16:06:08.000,23.01,-13.47,50000.0,0.0,20.28,48983,27.02,69.0,0.388
2024-04-14T16:07:08.000,22.72,-14.9,50000.0,0.0,20.28,48984,26.84,70.0,0.388
2024-04-14T16:09:14.000,22.36,-14.09,50000.0,0.0,20.28,48986,26.46,70.0,0.388
2024-04-14T16:10:14.000,22.31,-14.41,50000.0,0.0,20.28,48987,26.28,70.0,0.389
2024-04-14T16:11:14.000,21.92,-16.12,50000.0,0.0,20.28,48988,26.09,70.0,0.389
2024-04-14T18:37:39.000,14.93,-15.43,50000.0,0.0,20.28,49134,-0.84,69.0,0.399
2024-04-14T18:38:39.000,14.9,-15.37,50000.0,0.0,20.28,49135,-1.02,69.0,0.399
2024-04-14T18:39:39.000,14.89,-15.32,50000.0,0.0,20.28,49136,-1.2,69.0,0.399
2024-04-14T18:40:40.000,14.86,-15.26,54139.22,2.48,20.28,49137,-1.39,69.0,0.399
2024-04-14T18:41:40.000,14.82,-15.25,58911.28,8.36,20.28,49138,-1.57,69.0,0.399
2024-04-14T18:42:40.000,14.76,-15.23,52081.64,8.49,20.28,49139,-1.75,68.0,0.399
2024-04-14T18:43:40.000,14.72,-15.2,45973.91,8.62,20.28,49140,-1.92,68.0,0.399
2024-04-14T18:44:41.000,14.7,-15.12,40433.49,8.76,20.28,49141,-2.11,68.0,0.399
2024-04-14T18:45:41.000,14.67,-15.15,34927.9,8.99,20.28,49142,-2.29,68.0,0.399
2024-04-14T18:46:41.000,14.63,-15.13,30565.24,9.07,20.28,49143,-2.46,68.0,0.399
2024-04-14T18:47:41.000,14.6,-15.04,25911.29,9.33,20.28,49144,-2.64,68.0,0.399
2024-04-14T18:48:41.000,14.59,-14.85,22256.98,9.41,20.28,49145,-2.82,68.0,0.4
2024-04-14T18:49:41.000,14.61,-14.85,18760.13,9.6,20.28,49146,-3.0,67.0,0.4
2024-04-14T18:50:42.000,14.6,-14.8,15709.38,9.79,20.28,49147,-3.18,67.0,0.4
2024-04-14T18:51:42.000,14.6,-14.67,13083.33,9.99,20.28,49148,-3.36,67.0,0.4
2024-04-14T18:52:42.000,14.61,-14.62,10826.93,10.2,20.28,49149,-3.54,67.0,0.4
2024-04-14T18:53:42.000,14.6,-14.67,8876.25,10.41,20.28,49150,-3.71,67.0,0.4
2024-04-14T18:54:42.000,14.55,-14.67,7224.07,10.64,20.28,49151,-3.89,67.0,0.4
2024-04-14T18:55:42.000,14.54,-14.59,5872.83,10.86,20.28,49152,-4.07,66.0,0.4
2024-04-14T18:56:43.000,14.57,-14.48,4777.36,11.08,20.28,49153,-4.25,66.0,0.4
2024-04-14T18:57:43.000,14.62,-14.45,3879.73,11.31,20.28,49154,-4.43,66.0,0.4
2024-04-14T18:58:43.000,14.66,-14.5,3153.44,11.53,20.28,49155,-4.6,66.0,0.4
2024-04-14T18:59:43.000,14.67,-14.57,2562.76,11.76,20.28,49156,-4.78,66.0,0.4
2024-04-14T19:00:43.000,14.64,-14.71,2082.99,11.99,20.28,49157,-4.96,66.0,0.4
2024-04-14T19:01:43.000,14.54,-14.73,1693.27,12.21,20.28,49158,-5.13,65.0,0.4
2024-04-14T19:02:44.000,14.47,-14.67,1371.38,12.44,20.28,49159,-5.31,65.0,0.401
2024-04-14T19:03:44.000,14.43,-14.48,1107.82,12.67,20.28,49160,-5.49,65.0,0.401
2024-04-14T19:04:44.000,14.44,-14.4,892.56,12.91,20.28,49161,-5.66,65.0,0.401
2024-04-14T19:05:44.000,14.43,-14.54,717.19,13.14,20.28,49162,-5.84,65.0,0.401
2024-04-14T19:06:44.000,14.41,-14.51,575.53,13.38,20.28,49163,-6.02,65.0,0.401
2024-04-14T19:07:44.000,14.43,-14.39,460.36,13.62,20.28,49164,-6.19,64.0,0.401
2024-04-14T19:08:45.000,14.5,-14.43,368.16,13.87,20.28,49165,-6.37,64.0,0.401
2024-04-14T19:09:45.000,14.58,-14.39,294.13,14.11,20.28,49166,-6.54,64.0,0.401
2024-04-14T19:10:45.000,14.64,-14.53,234.38,14.36,20.28,49167,-6.72,64.0,0.401
2024-04-14T19:11:45.000,14.66,-14.57,186.43,14.61,20.28,49168,-6.89,64.0,0.401
2024-04-14T19:12:46.000,14.71,-14.57,148.65,14.85,20.28,49169,-7.07,64.0,0.401
2024-04-14T19:13:46.000,14.77,-14.61,118.64,15.1,20.28,49170,-7.24,63.0,0.401
2024-04-14T19:14:46.000,14.84,-14.68,94.94,15.34,20.28,49171,-7.42,63.0,0.401
2024-04-14T19:15:46.000,14.87,-14.83,76.16,15.58,20.28,49172,-7.59,63.0,0.401
2024-04-14T19:16:46.000,14.86,-14.86,61.8,15.8,20.28,49173,-7.77,63.0,0.402
2024-04-14T19:17:46.000,14.87,-14.93,49.3,16.05,20.28,49174,-7.94,63.0,0.402
2024-04-14T19:18:47.000,14.88,-14.86,41.97,16.22,20.28,49175,-8.12,63.0,0.402
2024-04-14T19:19:47.000,14.87,-14.96,34.9,16.42,20.28,49176,-8.29,62.0,0.402
2024-04-14T19:20:47.000,14.86,-14.92,29.17,16.62,20.28,49177,-8.46,62.0,0.402
2024-04-14T19:21:47.000,14.9,-14.76,24.78,16.8,20.28,49178,-8.63,62.0,0.402
2024-04-14T19:22:47.000,14.96,-14.84,21.07,16.97,20.28,49179,-8.81,62.0,0.402
2024-04-14T19:23:47.000,15.01,-14.91,18.08,17.14,20.28,49180,-8.98,62.0,0.402
2024-04-14T19:24:48.000,15.03,-14.97,15.55,17.3,20.28,49181,-9.15,62.0,0.402
2024-04-14T19:25:48.000,15.04,-15.11,13.56,17.45,20.28,49182,-9.32,61.0,0.402
2024-04-14T19:26:48.000,15.01,-15.14,11.77,17.6,20.28,49183,-9.5,61.0,0.402
2024-04-14T19:27:48.000,14.99,-15.04,10.35,17.74,20.28,49184,-9.67,61.0,0.402
2024-04-14T19:28:48.000,15.01,-15.01,9.13,17.88,20.28,49185,-9.84,61.0,0.402
2024-04-14T19:29:48.000,15.0,-15.09,8.14,18.0,20.28,49186,-10.01,61.0,0.402
2024-04-14T19:30:48.000,14.96,-15.11,7.25,18.13,20.28,49187,-10.18,61.0,0.402
2024-04-14T19:31:49.000,14.97,-15.01,6.5,18.25,20.28,49188,-10.35,60.0,0.403
2024-04-14T19:32:49.000,15.01,-15.07,5.89,18.36,20.28,49189,-10.52,60.0,0.403
2024-04-14T19:33:49.000,15.03,-15.16,5.33,18.46,20.28,49190,-10.69,60.0,0.403
2024-04-14T19:34:49.000,15.03,-15.35,4.86,18.57,20.28,49191,-10.86,60.0,0.403
2024-04-14T19:35:49.000,15.01,-15.35,4.46,18.66,20.28,49192,-11.03,60.0,0.403
2024-04-14T19:36:49.000,14.95,-15.31,4.12,18.74,20.28,49193,-11.2,60.0,0.403
2024-04-14T19:37:49.000,14.93,-15.2,3.83,18.82,20.28,49194,-11.37,59.0,0.403
2024-04-14T19:38:50.000,14.93,-15.15,3.59,18.89,20.28,49195,-11.54,59.0,0.403
2024-04-14T19:39:50.000,14.92,-15.15,3.37,18.96,20.28,49196,-11.71,59.0,0.403
2024-04-14T19:40:50.000,14.93,-15.19,3.19,19.02,20.28,49197,-11.88,59.0,0.403
2024-04-14T19:41:50.000,14.91,-15.15,3.04,19.07,20.28,49198,-12.04,59.0,0.403
2024-04-14T19:42:50.000,14.9,-15.1,2.83,19.15,20.28,49199,-12.21,59.0,0.403
2024-04-14T19:43:50.000,14.88,-15.1,2.7,19.2,20.28,49200,-12.38,58.0,0.403
2024-04-14T19:44:50.000,14.85,-15.08,2.68,19.21,20.28,49201,-12.55,58.0,0.403
2024-04-14T19:45:50.000,14.83,-15.0,2.56,19.26,20.28,49202,-12.71,58.0,0.404
2024-04-14T19:46:50.000,14.83,-14.98,2.5,19.29,20.28,49203,-12.88,58.0,0.404
2024-04-14T19:47:51.000,14.82,-14.97,2.47,19.3,20.28,49204,-13.05,58.0,0.404
2024-04-14T19:48:51.000,14.82,-14.95,2.44,19.31,20.28,49205,-13.21,57.0,0.404
2024-04-14T19:49:51.000,14.81,-14.88,2.42,19.32,20.28,49206,-13.38,57.0,0.404
2024-04-14T19:50:51.000,14.8,-14.93,2.39,19.33,20.28,49207,-13.55,57.0,0.404
2024-04-14T19:51:51.000,14.76,-14.9,2.28,19.39,20.28,49208,-13.71,57.0,0.404
2024-04-14T19:52:51.000,14.71,-14.77,2.17,19.44,20.28,49209,-13.88,57.0,0.404
2024-04-14T19:53:51.000,14.68,-14.58,2.13,19.46,20.28,49210,-14.04,57.0,0.404
2024-04-14T19:54:51.000,14.69,-14.42,2.18,19.43,20.28,49211,-14.21,56.0,0.404
2024-04-14T19:55:51.000,14.71,-14.31,2.16,19.45,20.28,49212,-14.37,56.0,0.404
2024-04-14T19:56:52.000,14.72,-14.29,2.17,19.44,20.28,49213,-14.54,56.0,0.404
2024-04-14T19:57:52.000,14.71,-14.29,2.16,19.44,20.28,49214,-14.7,56.0,0.404
2024-04-14T19:58:52.000,14.67,-14.21,2.15,19.45,20.28,49215,-14.86,56.0,0.404
2024-04-14T19:59:52.000,14.65,-14.21,2.1,19.48,20.28,49216,-15.03,56.0,0.405
2024-04-14T20:00:52.000,14.63,-14.18,2.03,19.51,20.28,49217,-15.19,55.0,0.405
2024-04-14T20:01:52.000,14.6,-14.24,2.01,19.52,20.28,49218,-15.35,55.0,0.405
2024-04-14T20:02:52.000,14.55,-14.35,1.99,19.54,20.28,49219,-15.51,55.0,0.405
2024-04-14T20:03:52.000,14.5,-14.3,2.02,19.52,20.28,49220,-15.67,55.0,0.405
2024-04-14T20:04:52.000,14.46,-14.28,2.05,19.5,20.28,49221,-15.83,55.0,0.405
2024-04-14T20:05:52.000,14.43,-14.17,2.03,19.51,20.28,49222,-16.0,54.0,0.405
2024-04-14T20:06:52.000,14.41,-14.14,2.02,19.52,20.28,49223,-16.16,54.0,0.405
2024-04-14T20:07:52.000,14.4,-14.12,2.0,19.53,20.28,49224,-16.32,54.0,0.405
2024-04-14T20:08:52.000,14.34,-14.11,1.94,19.56,20.28,49225,-16.48,54.0,0.405
2024-04-14T20:09:52.000,14.27,-14.08,1.94,19.56,20.28,49226,-16.64,54.0,0.405
2024-04-14T20:10:52.000,14.21,-13.98,1.96,19.55,20.28,49227,-16.8,54.0,0.405
2024-04-14T20:11:53.000,14.16,-13.86,1.97,19.54,20.28,49228,-16.96,53.0,0.405
2024-04-14T20:12:53.000,14.11,-13.84,1.96,19.55,20.28,49229,-17.12,53.0,0.405
2024-04-14T20:13:53.000,14.06,-13.75,1.93,19.57,20.28,49230,-17.28,53.0,0.405
2024-04-14T20:14:53.000,14.02,-13.69,1.9,19.59,20.28,49231,-17.43,53.0,0.406
2024-04-14T20:15:53.000,14.01,-13.53,1.84,19.62,20.28,49232,-17.59,53.0,0.406
2024-04-14T20:16:53.000,13.98,-13.55,1.79,19.65,20.28,49233,-17.75,52.0,0.406
2024-04-14T20:17:53.000,13.96,-13.47,1.74,19.68,20.28,49234,-17.91,52.0,0.406
2024-04-14T20:18:53.000,13.96,-13.34,1.75,19.67,20.28,49235,-18.06,52.0,0.406
2024-04-14T20:19:53.000,13.96,-13.22,1.76,19.67,20.28,49236,-18.22,52.0,0.406
2024-04-14T20:20:53.000,13.99,-13.18,1.85,19.61,20.28,49237,-18.38,52.0,0.406
2024-04-14T20:21:53.000,14.0,-13.22,1.91,19.58,20.28,49238,-18.53,52.0,0.406
2024-04-14T20:22:54.000,13.99,-13.23,1.94,19.56,20.28,49239,-18.69,51.0,0.406
2024-04-14T20:23:54.000,13.98,-13.18,1.98,19.54,20.28,49240,-18.84,51.0,0.406
2024-04-14T20:24:54.000,13.93,-13.18,2.01,19.52,20.28,49241,-19.0,51.0,0.406
2024-04-14T20:25:54.000,13.9,-13.06,2.07,19.49,20.28,49242,-19.15,51.0,0.406
2024-04-14T20:26:54.000,13.9,-12.98,2.13,19.46,20.28,49243,-19.31,51.0,0.406
2024-04-14T20:27:54.000,13.88,-12.97,2.19,19.43,20.28,49244,-19.46,50.0,0.406
2024-04-14T20:28:54.000,13.85,-12.96,2.19,19.43,20.28,49245,-19.61,50.0,0.407
2024-04-14T20:29:54.000,13.84,-12.96,2.19,19.43,20.28,49246,-19.77,50.0,0.407
2024-04-14T20:30:55.000,13.82,-12.94,2.19,19.43,20.28,49247,-19.92,50.0,0.407
2024-04-14T20:31:55.000,13.8,-12.81,2.14,19.45,20.28,49248,-20.07,50.0,0.407
2024-04-14T20:32:55.000,13.81,-12.78,2.11,19.47,20.28,49249,-20.23,50.0,0.407
2024-04-14T20:33:55.000,13.83,-12.67,2.05,19.5,20.28,49250,-20.38,49.0,0.407
2024-04-14T20:34:55.000,13.85,-12.76,2.01,19.52,20.28,49251,-20.53,49.0,0.407
2024-04-14T20:35:55.000,13.87,-12.81,1.95,19.56,20.28,49252,-20.68,49.0,0.407
2024-04-14T20:36:55.000,13.86,-12.88,1.89,19.59,20.28,49253,-20.83,49.0,0.407
2024-04-14T20:37:55.000,13.82,-12.85,1.87,19.6,20.28,49254,-20.98,49.0,0.407
2024-04-14T20:38:56.000,13.8,-12.79,1.87,19.6,20.28,49255,-21.13,49.0,0.407
2024-04-14T20:39:56.000,13.8,-12.7,1.85,19.61,20.28,49256,-21.28,48.0,0.407
2024-04-14T20:40:56.000,13.8,-12.58,1.84,19.62,20.28,49257,-21.43,48.0,0.407
2024-04-14T20:41:56.000,13.83,-12.52,1.82,19.63,20.28,49258,-21.57,48.0,0.407
2024-04-14T20:42:56.000,13.82,-12.49,1.83,19.63,20.28,49259,-21.72,48.0,0.408
2024-04-14T20:43:56.000,13.83,-12.4,1.83,19.62,20.28,49260,-21.87,48.0,0.408
2024-04-14T20:44:56.000,13.82,-12.27,1.86,19.61,20.28,49261,-22.02,47.0,0.408
2024-04-14T20:45:56.000,13.82,-12.16,1.91,19.58,20.28,49262,-22.16,47.0,0.408
2024-04-14T20:46:56.000,13.82,-12.09,1.9,19.58,20.28,49263,-22.31,47.0,0.408
2024-04-14T20:47:56.000,13.81,-12.02,1.95,19.56,20.28,49264,-22.45,47.0,0.408
2024-04-14T20:48:56.000,13.78,-12.02,1.96,19.55,20.28,49265,-22.6,47.0,0.408
2024-04-14T20:49:56.000,13.73,-12.03,1.9,19.58,20.28,49266,-22.74,47.0,0.408
