ecsv/stars831/stars831_2024-04.ecsv
# %ECSV 1.0
# ---
# datatype:
# - {name: time, datatype: string}
# - {name: Enclosure Temperature, unit: deg_C, datatype: float64}
# - {name: Sky Temperature, unit: deg_C, datatype: float64}
# - {name: Frequency, unit: Hz, datatype: float64}
# - {name: MSAS, unit: mag / arcsec2, datatype: float64}
# - {name: ZP, datatype: float64}
# - {name: Sequence Number, datatype: int64}
# - {name: Sun Alt, unit: deg, datatype: float64}
# - {name: Moon Alt, unit: deg, datatype: float64}
# - {name: Moon Illumination, datatype: float64}
# delimiter: ','
# meta: !!omap
# - ida:
#     Data supplier: {affiliation: Institut d'Estudis Espacials de Catalunya, observer: null}
#     Device type: TESS-W
#     Field of view: 17.0
#     Filters per channel: None
#     Instrument ID: stars831
#     License: ODbL 1.0 http://opendatacommons.org/licenses/odbl/summary/
#     Local timezone: Europe/Madrid
#     Location name: {country: Spain, place: Observatori del Montsec, region: Catalonia, sub_region: Lleida, town: Sant Esteve de la Sarga}
#     Measurement direction per channel: {azimuth: 0.0, zenital: 0.0}
#     Moving / Fixed look direction: FIXED
#     Moving / Stationary position: STATIONARY
#     Number of channels: 1
#     Number of fields per line: 8
#     Number of header lines: 35
#     Position: {height: 0.0, latitude: 42.0516894, longitude: 0.7275013}
#     TESS MAC address: 84:CC:A8:B1:11:5B
#     TESS cover offset value: 0.0
#     TESS firmware version: Unknown
#     TESS zero point: 20.28
#     Time Synchronization: timestamp added by MQTT subscriber
#     URL: http://www.darksky.org/NSBM/sdf1.0.pdf
# - __serialized_columns__:
#     Enclosure Temperature:
#       __class__: astropy.units.quantity.Quantity
#       unit: &id001 !astropy.units.Unit {unit: deg_C}
#       value: !astropy.table.SerializedColumn {name: Enclosure Temperature}
#     Frequency:
#       __class__: astropy.units.quantity.Quantity
#       unit: !astropy.units.Unit {unit: Hz}
#       value: !astropy.table.SerializedColumn {name: Frequency}
#     MSAS:
#       __class__: astropy.units.quantity.Quantity
#       unit: !astropy.units.Unit {unit: mag / arcsec2}
#       value: !astropy.table.SerializedColumn {name: MSAS}
#     Moon Alt:
#       __class__: astropy.units.quantity.Quantity
#       unit: &id002 !astropy.units.Unit {unit: deg}
#       value: !astropy.table.SerializedColumn {name: Moon Alt}
#     Sky Temperature:
#       __class__: astropy.units.quantity.Quantity
#       unit: *id001
#       value: !astropy.table.SerializedColumn {name: Sky Temperature}
#     Sun Alt:
#       __class__: astropy.units.quantity.Quantity
#       unit: *id002
#       value: !astropy.table.SerializedColumn {name: Sun Alt}
#     time:
#       __class__: astropy.time.core.Time
#       format: isot
#       in_subfmt: '*'
#       out_subfmt: '*'
#       precision: 3
#       scale: utc
#       value: !astropy.table.SerializedColumn {name: time}
# schema: astropy-2.0
time,Enclosure Temperature,Sky Temperature,Frequency,MSAS,ZP,Sequence Number,Sun Alt,Moon Alt,Moon Illumination
[from data line 13271]
2024-04-25T21:41:23.000,8.81,-2.39,1.82,19.63,20.28,64673,-26.46,7.0,0.964
2024-04-25T21:42:24.000,8.75,-2.58,1.85,19.62,20.28,64674,-26.57,7.0,0.964
2024-04-25T21:43:24.000,8.7,-2.5,1.9,19.59,20.28,64675,-26.68,7.0,0.964
2024-04-25T21:44:24.000,8.7,-2.75,2.01,19.52,20.28,64676,-26.79,7.0,0.964
2024-04-25T21:45:24.000,8.65,-2.0,1.77,19.66,20.28,64677,-26.9,7.0,0.963
2024-04-25T21:46:24.000,8.59,-3.04,2.07,19.49,20.28,64678,-27.01,7.0,0.963
2024-04-25T21:47:24.000,8.57,-1.87,1.97,19.54,20.28,64679,-27.11,8.0,0.963
2024-04-25T21:48:24.000,8.63,-3.98,2.31,19.37,20.28,64680,-27.22,8.0,0.963
2024-04-25T21:49:24.000,8.5,-5.2,2.39,19.34,20.28,64681,-27.33,8.0,0.963
2024-04-25T21:50:24.000,8.57,-4.05,2.37,19.34,20.28,64682,-27.43,8.0,0.963
2024-04-25T21:51:24.000,8.38,-7.11,2.7,19.2,20.28,64683,-27.54,8.0,0.963
2024-04-25T21:52:25.000,8.29,-5.85,2.87,19.14,20.28,64684,-27.64,8.0,0.963
2024-04-25T21:53:25.000,8.27,-8.52,3.24,19.01,20.28,64685,-27.75,8.0,0.963
2024-04-25T21:54:25.000,8.07,-7.16,3.21,19.02,20.28,64686,-27.85,9.0,0.963
2024-04-25T21:55:25.000,7.66,-7.97,3.35,18.97,20.28,64687,-27.95,9.0,0.963
2024-04-25T21:56:25.000,7.55,-8.25,3.62,18.88,20.28,64688,-28.05,9.0,0.963
2024-04-25T21:57:25.000,7.36,-8.51,3.66,18.87,20.28,64689,-28.15,9.0,0.963
2024-04-25T21:58:25.000,7.08,-8.4,3.64,18.88,20.28,64690,-28.25,9.0,0.963
2024-04-25T21:59:25.000,7.05,-7.28,3.72,18.85,20.28,64691,-28.35,9.0,0.963
2024-04-25T22:00:25.000,7.1,-7.49,3.69,18.86,20.28,64692,-28.45,9.0,0.963
2024-04-25T22:01:25.000,7.02,-7.7,3.62,18.88,20.28,64693,-28.55,9.0,0.963
2024-04-25T22:02:25.000,7.05,-7.41,3.38,18.96,20.28,64694,-28.64,10.0,0.963
2024-04-25T22:03:26.000,6.96,-7.82,3.64,18.88,20.28,64695,-28.74,10.0,0.963
2024-04-25T22:04:26.000,6.96,-7.34,3.88,18.81,20.28,64696,-28.84,10.0,0.963
2024-04-25T22:05:26.000,6.81,-7.39,4.3,18.7,20.28,64697,-28.93,10.0,0.963
2024-04-25T22:06:26.000,6.77,-6.88,4.68,18.61,20.28,64698,-29.03,10.0,0.963
2024-04-25T22:07:26.000,6.77,-5.9,4.87,18.56,20.28,64699,-29.12,10.0,0.963
2024-04-25T22:08:26.000,6.83,-4.92,4.68,18.61,20.28,64700,-29.21,10.0,0.963
2024-04-25T22:09:26.000,6.83,-5.0,4.05,18.76,20.28,64701,-29.31,10.0,0.963
2024-04-25T22:10:27.000,6.71,-5.27,4.23,18.72,20.28,64702,-29.4,11.0,0.963
2024-04-25T22:11:27.000,6.62,-4.97,4.83,18.57,20.28,64703,-29.49,11.0,0.963
2024-04-25T22:12:27.000,6.61,-4.96,5.46,18.44,20.28,64704,-29.58,11.0,0.963
2024-04-25T22:13:27.000,6.64,-5.05,5.94,18.35,20.28,64705,-29.67,11.0,0.963
2024-04-25T22:14:27.000,6.78,-5.07,6.44,18.26,20.28,64706,-29.76,11.0,0.963
2024-04-25T22:15:27.000,6.73,-6.03,6.79,18.2,20.28,64707,-29.84,11.0,0.963
2024-04-25T22:16:28.000,6.62,-6.68,6.72,18.21,20.28,64708,-29.93,11.0,0.963
2024-04-25T22:17:28.000,6.46,-7.67,6.48,18.25,20.28,64709,-30.02,11.0,0.963
2024-04-25T22:18:28.000,6.43,-7.64,6.49,18.25,20.28,64710,-30.1,11.0,0.963
2024-04-25T22:19:28.000,6.46,-7.33,6.8,18.2,20.28,64711,-30.19,12.0,0.963
2024-04-25T22:20:28.000,6.67,-7.28,7.34,18.12,20.28,64712,-30.27,12.0,0.963
2024-04-25T22:21:28.000,6.7,-8.37,7.3,18.12,20.28,64713,-30.36,12.0,0.963
2024-04-25T22:22:29.000,6.68,-9.0,7.02,18.16,20.28,64714,-30.44,12.0,0.963
2024-04-25T22:23:29.000,6.82,-9.17,6.64,18.23,20.28,64715,-30.52,12.0,0.962
2024-04-25T22:24:29.000,6.89,-8.73,6.47,18.25,20.28,64716,-30.6,12.0,0.962
2024-04-25T22:25:29.000,6.99,-7.65,6.53,18.24,20.28,64717,-30.68,12.0,0.962
2024-04-25T22:26:30.000,7.01,-6.97,6.66,18.22,20.28,64718,-30.76,12.0,0.962
2024-04-25T22:27:30.000,7.12,-7.29,6.47,18.25,20.28,64719,-30.84,13.0,0.962
2024-04-25T22:28:30.000,7.03,-8.0,5.88,18.36,20.28,64720,-30.92,13.0,0.962
2024-04-25T22:29:30.000,7.01,-9.0,5.89,18.35,20.28,64721,-30.99,13.0,0.962
2024-04-25T22:30:30.000,6.97,-9.6,6.05,18.33,20.28,64722,-31.07,13.0,0.962
2024-04-25T22:31:30.000,6.93,-11.43,5.74,18.38,20.28,64723,-31.15,13.0,0.962
2024-04-25T22:32:30.000,6.84,-12.57,5.74,18.38,20.28,64724,-31.22,13.0,0.962
2024-04-25T22:33:30.000,6.83,-13.64,5.53,18.42,20.28,64725,-31.29,13.0,0.962
2024-04-25T22:34:30.000,6.74,-14.57,5.41,18.45,20.28,64726,-31.37,13.0,0.962
2024-04-25T22:35:31.000,6.71,-14.46,5.58,18.41,20.28,64727,-31.44,13.0,0.962
2024-04-25T22:36:31.000,6.71,-14.63,5.9,18.35,20.28,64728,-31.51,14.0,0.962
2024-04-25T22:37:31.000,6.6,-15.2,6.3,18.28,20.28,64729,-31.58,14.0,0.962
2024-04-25T22:38:31.000,6.59,-14.77,6.25,18.29,20.28,64730,-31.65,14.0,0.962
2024-04-25T22:39:31.000,6.6,-14.26,6.03,18.33,20.28,64731,-31.72,14.0,0.962
2024-04-25T22:40:31.000,6.84,-13.83,5.98,18.34,20.28,64732,-31.79,14.0,0.962
2024-04-25T22:41:31.000,6.99,-13.82,5.97,18.34,20.28,64733,-31.85,14.0,0.962
2024-04-25T22:42:31.000,6.89,-14.3,6.34,18.27,20.28,64734,-31.92,14.0,0.962
2024-04-25T22:43:32.000,6.73,-13.89,6.78,18.2,20.28,64735,-31.99,14.0,0.962
2024-04-25T22:44:32.000,6.69,-13.21,7.04,18.16,20.28,64736,-32.05,14.0,0.962
2024-04-25T22:45:32.000,6.63,-13.1,6.91,18.18,20.28,64737,-32.12,15.0,0.962
2024-04-25T22:46:32.000,6.64,-12.56,6.64,18.22,20.28,64738,-32.18,15.0,0.962
2024-04-25T22:47:32.000,6.68,-12.54,6.53,18.24,20.28,64739,-32.24,15.0,0.962
2024-04-25T22:48:32.000,6.64,-12.85,5.6,18.41,20.28,64740,-32.3,15.0,0.962
2024-04-25T22:49:32.000,6.73,-12.04,5.03,18.53,20.28,64741,-32.36,15.0,0.962
2024-04-25T22:50:32.000,6.82,-12.67,5.26,18.48,20.28,64742,-32.42,15.0,0.962
2024-04-25T22:51:32.000,6.77,-12.19,5.37,18.46,20.28,64743,-32.48,15.0,0.962
2024-04-25T22:52:33.000,6.8,-12.09,5.62,18.41,20.28,64744,-32.54,15.0,0.962
2024-04-25T22:53:33.000,6.89,-11.62,6.49,18.25,20.28,64745,-32.6,15.0,0.962
2024-04-25T22:54:33.000,6.84,-12.37,6.88,18.19,20.28,64746,-32.65,15.0,0.962
2024-04-25T22:55:33.000,6.67,-12.75,6.88,18.19,20.28,64747,-32.71,16.0,0.962
2024-04-25T22:56:33.000,6.5,-12.81,6.82,18.2,20.28,64748,-32.76,16.0,0.962
2024-04-25T22:57:33.000,6.44,-12.52,6.73,18.21,20.28,64749,-32.81,16.0,0.962
2024-04-25T22:58:34.000,6.43,-13.2,6.49,18.25,20.28,64750,-32.87,16.0,0.962
2024-04-25T22:59:34.000,6.37,-12.73,6.3,18.28,20.28,64751,-32.92,16.0,0.962
2024-04-25T23:00:34.000,6.33,-13.29,6.1,18.32,20.28,64752,-32.97,16.0,0.961
2024-04-25T23:01:34.000,6.23,-12.71,5.99,18.34,20.28,64753,-33.02,16.0,0.961
2024-04-25T23:02:34.000,6.15,-12.8,6.2,18.3,20.28,64754,-33.07,16.0,0.961
2024-04-25T23:03:34.000,6.17,-12.25,5.73,18.39,20.28,64755,-33.12,16.0,0.961
2024-04-25T23:04:35.000,6.18,-10.98,5.82,18.37,20.28,64756,-33.16,16.0,0.961
2024-04-25T23:05:35.000,6.21,-9.61,5.69,18.39,20.28,64757,-33.21,17.0,0.961
2024-04-25T23:06:35.000,6.37,-9.08,5.54,18.42,20.28,64758,-33.26,17.0,0.961
2024-04-25T23:07:35.000,6.52,-10.89,5.28,18.47,20.28,64759,-33.3,17.0,0.961
2024-04-25T23:08:35.000,6.48,-13.7,4.69,18.6,20.28,64760,-33.34,17.0,0.961
2024-04-25T23:09:35.000,6.49,-15.2,4.37,18.68,20.28,64761,-33.39,17.0,0.961
2024-04-25T23:10:36.000,6.56,-16.37,4.51,18.64,20.28,64762,-33.43,17.0,0.961
2024-04-25T23:11:36.000,6.59,-17.42,4.23,18.72,20.28,64763,-33.47,17.0,0.961
2024-04-25T23:12:36.000,6.61,-17.36,4.37,18.68,20.28,64764,-33.51,17.0,0.961
2024-04-25T23:13:36.000,6.67,-16.06,5.23,18.48,20.28,64765,-33.55,17.0,0.961
2024-04-25T23:14:36.000,6.77,-15.63,5.51,18.43,20.28,64766,-33.59,17.0,0.961
2024-04-25T23:15:36.000,6.82,-16.09,5.94,18.35,20.28,64767,-33.62,17.0,0.961
2024-04-25T23:16:36.000,6.93,-17.25,5.91,18.35,20.28,64768,-33.66,18.0,0.961
2024-04-25T23:17:37.000,6.99,-18.67,5.61,18.41,20.28,64769,-33.7,18.0,0.961
2024-04-25T23:18:37.000,6.95,-19.86,5.22,18.49,20.28,64770,-33.73,18.0,0.961
2024-04-25T23:19:37.000,6.94,-20.92,5.21,18.49,20.28,64771,-33.76,18.0,0.961
2024-04-25T23:20:37.000,6.91,-22.1,5.0,18.54,20.28,64772,-33.8,18.0,0.961
2024-04-25T23:21:37.000,6.85,-23.24,4.68,18.61,20.28,64773,-33.83,18.0,0.961
2024-04-25T23:22:37.000,6.8,-24.01,3.99,18.78,20.28,64774,-33.86,18.0,0.961
2024-04-25T23:23:37.000,6.76,-24.65,3.51,18.92,20.28,64775,-33.89,18.0,0.961
2024-04-25T23:24:37.000,6.7,-25.61,2.94,19.11,20.28,64776,-33.92,18.0,0.961
2024-04-25T23:25:37.000,6.62,-26.08,2.92,19.12,20.28,64777,-33.95,18.0,0.961
2024-04-25T23:26:37.000,6.6,-26.71,2.82,19.15,20.28,64778,-33.97,18.0,0.961
2024-04-25T23:27:38.000,6.55,-27.27,2.71,19.2,20.28,64779,-34.0,18.0,0.961
2024-04-25T23:28:38.000,6.55,-27.56,2.65,19.22,20.28,64780,-34.03,19.0,0.961
2024-04-25T23:29:38.000,6.58,-27.39,2.64,19.23,20.28,64781,-34.05,19.0,0.961
2024-04-25T23:30:38.000,6.62,-27.3,2.67,19.22,20.28,64782,-34.07,19.0,0.961
2024-04-25T23:31:38.000,6.62,-27.82,2.68,19.21,20.28,64783,-34.09,19.0,0.961
2024-04-25T23:32:38.000,6.58,-27.65,2.67,19.21,20.28,64784,-34.12,19.0,0.961
2024-04-25T23:33:38.000,6.54,-27.85,2.68,19.21,20.28,64785,-34.14,19.0,0.961
2024-04-25T23:34:38.000,6.49,-27.81,2.68,19.21,20.28,64786,-34.16,19.0,0.961
2024-04-25T23:35:38.000,6.42,-28.03,2.7,19.2,20.28,64787,-34.17,19.0,0.961
2024-04-25T23:36:38.000,6.42,-27.67,2.72,19.19,20.28,64788,-34.19,19.0,0.961
2024-04-25T23:37:38.000,6.41,-27.55,2.76,19.18,20.28,64789,-34.21,19.0,0.96
2024-04-25T23:38:39.000,6.41,-27.57,2.77,19.17,20.28,64790,-34.22,19.0,0.96
2024-04-25T23:39:39.000,6.35,-27.57,2.88,19.13,20.28,64791,-34.24,19.0,0.96
2024-04-25T23:40:39.000,6.28,-27.28,3.05,19.07,20.28,64792,-34.25,19.0,0.96
2024-04-25T23:41:39.000,6.28,-26.97,3.31,18.98,20.28,64793,-34.27,20.0,0.96
2024-04-25T23:42:39.000,6.31,-26.36,3.6,18.89,20.28,64794,-34.28,20.0,0.96
2024-04-25T23:43:39.000,6.31,-26.31,3.9,18.8,20.28,64795,-34.29,20.0,0.96
2024-04-25T23:44:39.000,6.33,-25.87,4.3,18.7,20.28,64796,-34.3,20.0,0.96
2024-04-25T23:45:39.000,6.31,-25.59,4.79,18.58,20.28,64797,-34.31,20.0,0.96
2024-04-25T23:46:39.000,6.36,-25.24,5.0,18.53,20.28,64798,-34.32,20.0,0.96
2024-04-25T23:47:40.000,6.38,-25.12,4.94,18.55,20.28,64799,-34.32,20.0,0.96
2024-04-25T23:48:40.000,6.35,-25.18,5.01,18.53,20.28,64800,-34.33,20.0,0.96
2024-04-25T23:49:40.000,6.37,-25.14,4.84,18.57,20.28,64801,-34.33,20.0,0.96
2024-04-25T23:50:40.000,6.36,-25.34,4.79,18.58,20.28,64802,-34.34,20.0,0.96
2024-04-25T23:51:40.000,6.36,-25.42,4.67,18.61,20.28,64803,-34.34,20.0,0.96
2024-04-25T23:52:40.000,6.35,-25.67,3.97,18.78,20.28,64804,-34.34,20.0,0.96
2024-04-25T23:53:40.000,6.34,-25.81,3.43,18.94,20.28,64805,-34.35,20.0,0.96
2024-04-25T23:54:40.000,6.33,-26.01,3.45,18.93,20.28,64806,-34.35,20.0,0.96
2024-04-25T23:55:40.000,6.29,-26.23,3.41,18.95,20.28,64807,-34.35,21.0,0.96
2024-04-25T23:56:41.000,6.22,-26.27,3.42,18.94,20.28,64808,-34.34,21.0,0.96
2024-04-25T23:57:41.000,6.13,-26.07,3.75,18.85,20.28,64809,-34.34,21.0,0.96
2024-04-25T23:58:41.000,6.08,-25.89,4.79,18.58,20.28,64810,-34.34,21.0,0.96
2024-04-25T23:59:41.000,6.01,-25.2,6.03,18.33,20.28,64811,-34.33,21.0,0.96
2024-04-26T00:00:41.000,5.99,-24.68,7.06,18.16,20.28,64812,-34.33,21.0,0.96
2024-04-26T00:01:41.000,6.01,-24.1,7.04,18.16,20.28,64813,-34.32,21.0,0.96
2024-04-26T00:02:42.000,6.01,-24.09,7.58,18.08,20.28,64814,-34.32,21.0,0.96
2024-04-26T00:03:42.000,5.92,-23.7,7.83,18.05,20.28,64815,-34.31,21.0,0.96
2024-04-26T00:04:42.000,5.96,-23.21,7.4,18.11,20.28,64816,-34.3,21.0,0.96
2024-04-26T00:05:42.000,6.0,-23.33,7.01,18.17,20.28,64817,-34.29,21.0,0.96
2024-04-26T00:06:42.000,6.07,-23.4,5.97,18.34,20.28,64818,-34.28,21.0,0.96
2024-04-26T00:07:42.000,6.07,-23.99,4.33,18.69,20.28,64819,-34.27,21.0,0.96
2024-04-26T00:08:42.000,6.1,-24.15,3.91,18.8,20.28,64820,-34.25,21.0,0.96
2024-04-26T00:09:43.000,6.11,-24.84,4.34,18.69,20.28,64821,-34.24,21.0,0.96
2024-04-26T00:10:43.000,6.11,-25.27,5.06,18.52,20.28,64822,-34.22,21.0,0.96
2024-04-26T00:11:43.000,6.02,-26.24,4.27,18.71,20.28,64823,-34.21,21.0,0.96
2024-04-26T00:12:43.000,5.94,-26.11,3.08,19.06,20.28,64824,-34.19,22.0,0.96
2024-04-26T00:13:43.000,5.95,-26.48,3.04,19.07,20.28,64825,-34.17,22.0,0.96
2024-04-26T00:14:43.000,5.98,-26.53,2.86,19.14,20.28,64826,-34.16,22.0,0.959
2024-04-26T00:15:43.000,5.98,-26.95,2.97,19.1,20.28,64827,-34.14,22.0,0.959
2024-04-26T00:16:43.000,5.93,-27.17,2.81,19.16,20.28,64828,-34.11,22.0,0.959
2024-04-26T00:17:43.000,5.91,-27.37,2.99,19.09,20.28,64829,-34.09,22.0,0.959
2024-04-26T00:18:43.000,5.86,-26.94,3.31,18.98,20.28,64830,-34.07,22.0,0.959
2024-04-26T00:19:44.000,5.83,-26.61,3.52,18.92,20.28,64831,-34.05,22.0,0.959
2024-04-26T00:20:44.000,5.85,-26.55,3.64,18.88,20.28,64832,-34.02,22.0,0.959
2024-04-26T00:21:44.000,5.85,-26.1,3.73,18.85,20.28,64833,-34.0,22.0,0.959
2024-04-26T00:22:44.000,5.86,-25.83,3.96,18.79,20.28,64834,-33.97,22.0,0.959
2024-04-26T00:23:44.000,5.89,-25.16,4.45,18.66,20.28,64835,-33.94,22.0,0.959
2024-04-26T00:24:44.000,5.85,-24.75,5.22,18.49,20.28,64836,-33.92,22.0,0.959
2024-04-26T00:25:44.000,5.74,-24.27,6.29,18.29,20.28,64837,-33.89,22.0,0.959
2024-04-26T00:26:44.000,5.62,-23.97,7.19,18.14,20.28,64838,-33.86,22.0,0.959
2024-04-26T00:27:44.000,5.6,-22.05,8.28,17.99,20.28,64839,-33.83,22.0,0.959
2024-04-26T00:28:45.000,5.59,-22.0,8.53,17.95,20.28,64840,-33.79,22.0,0.959
2024-04-26T00:29:45.000,5.64,-21.8,9.26,17.86,20.28,64841,-33.76,22.0,0.959
2024-04-26T00:30:45.000,5.61,-21.57,9.41,17.85,20.28,64842,-33.73,22.0,0.959
2024-04-26T00:31:45.000,5.64,-21.4,8.99,17.9,20.28,64843,-33.69,22.0,0.959
2024-04-26T00:32:45.000,5.69,-21.51,8.99,17.9,20.28,64844,-33.66,22.0,0.959
2024-04-26T00:33:45.000,5.69,-20.37,7.82,18.05,20.28,64845,-33.62,22.0,0.959
2024-04-26T00:34:45.000,5.63,-19.68,7.28,18.13,20.28,64846,-33.59,22.0,0.959
2024-04-26T00:35:45.000,5.63,-21.37,6.09,18.33,20.28,64847,-33.55,23.0,0.959
2024-04-26T00:36:45.000,5.53,-22.4,5.54,18.45,20.28,64848,-33.51,23.0,0.959
2024-04-26T00:37:46.000,5.4,-23.75,4.34,18.7,20.28,64849,-33.47,23.0,0.959
2024-04-26T00:38:46.000,5.28,-24.01,4.33,18.71,20.28,64850,-33.43,23.0,0.959
2024-04-26T00:39:46.000,5.15,-27.45,3.2,19.02,20.28,64851,-33.38,23.0,0.959
2024-04-26T00:40:46.000,5.02,-22.73,4.7,18.62,20.28,64852,-33.34,23.0,0.959
2024-04-26T00:41:46.000,5.07,-22.03,4.78,18.61,20.28,64853,-33.3,23.0,0.959
2024-04-26T00:42:46.000,5.01,-23.74,4.16,18.76,20.28,64854,-33.25,23.0,0.959
2024-04-26T00:43:46.000,5.03,-23.98,4.26,18.72,20.28,64855,-33.21,23.0,0.959
2024-04-26T00:44:46.000,5.01,-28.73,3.14,19.04,20.28,64856,-33.16,23.0,0.959
2024-04-26T00:45:46.000,4.93,-29.03,2.97,19.1,20.28,64857,-33.11,23.0,0.959
2024-04-26T00:46:47.000,4.88,-29.1,3.06,19.07,20.28,64858,-33.07,23.0,0.959
2024-04-26T00:47:47.000,4.86,-29.04,3.06,19.07,20.28,64859,-33.02,23.0,0.959
2024-04-26T00:48:47.000,4.9,-28.59,3.06,19.06,20.28,64860,-32.97,23.0,0.959
2024-04-26T00:49:47.000,4.97,-28.66,3.07,19.06,20.28,64861,-32.92,23.0,0.958
2024-04-26T00:50:47.000,4.94,-29.14,3.08,19.06,20.28,64862,-32.86,23.0,0.958
2024-04-26T00:51:47.000,4.85,-29.71,3.08,19.06,20.28,64863,-32.81,23.0,0.958
2024-04-26T00:52:47.000,4.79,-29.03,3.08,19.06,20.28,64864,-32.76,23.0,0.958
2024-04-26T00:53:47.000,4.75,-29.36,3.08,19.06,20.28,64865,-32.7,23.0,0.958
2024-04-26T00:54:47.000,4.74,-29.15,3.08,19.06,20.28,64866,-32.65,23.0,0.958
2024-04-26T00:55:47.000,4.73,-29.18,3.09,19.06,20.28,64867,-32.59,23.0,0.958
2024-04-26T00:56:47.000,4.71,-29.05,3.11,19.05,20.28,64868,-32.54,23.0,0.958
2024-04-26T00:57:47.000,4.7,-27.87,3.33,18.97,20.28,64869,-32.48,23.0,0.958
2024-04-26T00:58:47.000,4.67,-27.12,3.28,18.99,20.28,64870,-32.42,23.0,0.958
2024-04-26T00:59:47.000,4.67,-27.58,3.31,18.98,20.28,64871,-32.36,23.0,0.958
2024-04-26T01:00:48.000,4.68,-27.43,3.92,18.8,20.28,64872,-32.3,23.0,0.958
2024-04-26T01:01:48.000,4.72,-27.61,3.68,18.88,20.28,64873,-32.24,23.0,0.958
2024-04-26T01:02:48.000,4.68,-27.93,2.86,19.16,20.28,64874,-32.18,23.0,0.958
2024-04-26T01:03:48.000,4.66,-27.36,3.2,19.02,20.28,64875,-32.11,23.0,0.958
2024-04-26T01:04:48.000,4.71,-26.67,3.57,18.91,20.28,64876,-32.05,23.0,0.958
2024-04-26T01:05:48.000,4.77,-27.83,3.22,19.01,20.28,64877,-31.98,23.0,0.958
2024-04-26T01:06:48.000,4.79,-27.16,2.83,19.15,20.28,64878,-31.92,23.0,0.958
2024-04-26T01:07:48.000,4.8,-26.24,2.82,19.15,20.28,64879,-31.85,23.0,0.958
2024-04-26T01:08:48.000,4.9,-23.96,3.36,18.97,20.28,64880,-31.79,23.0,0.958
2024-04-26T01:09:49.000,4.93,-24.34,3.44,18.94,20.28,64881,-31.72,23.0,0.958
2024-04-26T01:10:49.000,4.99,-22.99,3.57,18.9,20.28,64882,-31.65,23.0,0.958
