ecsv/stars831/stars831_2025-04.ecsv
# %ECSV 1.0
# ---
# datatype:
# - {name: time, datatype: string}
# - {name: Enclosure Temperature, unit: deg_C, datatype: float64}
# - {name: Sky Temperature, unit: deg_C, datatype: float64}
# - {name: Frequency, unit: Hz, datatype: float64}
# - {name: MSAS, unit: mag / arcsec2, datatype: float64}
# - {name: ZP, datatype: float64}
# - {name: Sequence Number, datatype: int64}
# - {name: Sun Alt, unit: deg, datatype: float64}
# - {name: Moon Alt, unit: deg, datatype: float64}
# - {name: Moon Illumination, datatype: float64}
# delimiter: ','
# meta: !!omap
# - ida:
#     Data supplier: {affiliation: Institut d'Estudis Espacials de Catalunya, observer: null}
#     Device type: TESS-W
#     Field of view: 17.0
#     Filters per channel: None
#     Instrument ID: stars831
#     License: ODbL 1.0 http://opendatacommons.org/licenses/odbl/summary/
#     Local timezone: Europe/Madrid
#     Location name: {country: Spain, place: Observatori del Montsec, region: Catalonia, sub_region: Lleida, town: Sant Esteve de la Sarga}
#     Measurement direction per channel: {azimuth: 0.0, zenital: 0.0}
#     Moving / Fixed look direction: FIXED
#     Moving / Stationary position: STATIONARY
#     Number of channels: 1
#     Number of fields per line: 8
#     Number of header lines: 35
#     Position: {height: 0.0, latitude: 42.0516894, longitude: 0.7275013}
#     TESS MAC address: 84:CC:A8:B1:11:5B
#     TESS cover offset value: 0.0
#     TESS firmware version: Unknown
#     TESS zero point: 20.28
#     Time Synchronization: timestamp added by MQTT subscriber
#     URL: http://www.darksky.org/NSBM/sdf1.0.pdf
# - __serialized_columns__:
#     Enclosure Temperature:
#       __class__: astropy.units.quantity.Quantity
#       unit: &id001 !astropy.units.Unit {unit: deg_C}
#       value: !astropy.table.SerializedColumn {name: Enclosure Temperature}
#     Frequency:
#       __class__: astropy.units.quantity.Quantity
#       unit: !astropy.units.Unit {unit: Hz}
#       value: !astropy.table.SerializedColumn {name: Frequency}
#     MSAS:
#       __class__: astropy.units.quantity.Quantity
#       unit: !astropy.units.Unit {unit: mag / arcsec2}
#       value: !astropy.table.SerializedColumn {name: MSAS}
#     Moon Alt:
#       __class__: astropy.units.quantity.Quantity
#       unit: &id002 !astropy.units.Unit {unit: deg}
#       value: !astropy.table.SerializedColumn {name: Moon Alt}
#     Sky Temperature:
#       __class__: astropy.units.quantity.Quantity
#       unit: *id001
#       value: !astropy.table.SerializedColumn {name: Sky Temperature}
#     Sun Alt:
#       __class__: astropy.units.quantity.Quantity
#       unit: *id002
#       value: !astropy.table.SerializedColumn {name: Sun Alt}
#     time:
#       __class__: astropy.time.core.Time
#       format: isot
#       in_subfmt: '*'
#       out_subfmt: '*'
#       precision: 3
#       scale: utc
#       value: !astropy.table.SerializedColumn {name: time}
# schema: astropy-2.0
time,Enclosure Temperature,Sky Temperature,Frequency,MSAS,ZP,Sequence Number,Sun Alt,Moon Alt,Moon Illumination
[from data line 7615]
2025-04-12T02:00:15.000,9.89,-2.66,17.86,17.16,20.28,157591,-32.02,29.0,0.992
2025-04-12T02:01:15.000,10.02,-4.95,20.41,17.01,20.28,157592,-31.91,28.0,0.992
2025-04-12T02:02:16.000,9.99,-7.41,11.71,17.62,20.28,157593,-31.8,28.0,0.992
2025-04-12T02:03:16.000,9.92,-10.45,14.62,17.38,20.28,157594,-31.68,28.0,0.992
2025-04-12T02:04:16.000,9.99,-13.82,5.7,18.43,20.28,157595,-31.57,28.0,0.992
2025-04-12T02:05:16.000,10.05,-14.78,6.25,18.31,20.28,157596,-31.46,28.0,0.992
2025-04-12T02:06:16.000,9.91,-14.74,9.33,17.86,20.28,157597,-31.34,28.0,0.992
2025-04-12T02:07:16.000,9.88,-14.31,9.3,17.86,20.28,157598,-31.23,28.0,0.992
2025-04-12T02:08:16.000,9.99,-14.38,8.0,18.02,20.28,157599,-31.11,27.0,0.992
2025-04-12T02:09:16.000,10.01,-12.59,7.93,18.03,20.28,157600,-31.0,27.0,0.992
2025-04-12T02:10:17.000,10.02,-10.17,12.88,17.52,20.28,157601,-30.88,27.0,0.992
2025-04-12T02:11:17.000,9.99,-8.61,9.38,17.88,20.28,157602,-30.76,27.0,0.992
2025-04-12T02:12:17.000,9.81,-7.25,12.15,17.59,20.28,157603,-30.64,27.0,0.992
2025-04-12T02:13:17.000,9.82,-5.44,13.13,17.49,20.28,157604,-30.53,27.0,0.992
2025-04-12T02:14:17.000,10.01,-4.07,16.84,17.23,20.28,157605,-30.41,27.0,0.992
2025-04-12T02:15:17.000,10.06,-3.87,15.61,17.3,20.28,157606,-30.29,26.0,0.992
2025-04-12T02:16:18.000,9.98,-2.85,16.13,17.26,20.28,157607,-30.16,26.0,0.992
2025-04-12T02:17:18.000,9.83,-2.59,15.77,17.29,20.28,157608,-30.04,26.0,0.992
2025-04-12T02:18:18.000,9.99,-1.92,15.65,17.32,20.28,157609,-29.92,26.0,0.992
2025-04-12T02:19:18.000,10.05,-1.92,13.5,17.46,20.28,157610,-29.8,26.0,0.992
2025-04-12T02:20:19.000,9.85,-3.45,16.23,17.26,20.28,157611,-29.67,26.0,0.992
2025-04-12T02:21:19.000,9.75,-4.68,10.45,17.75,20.28,157612,-29.55,26.0,0.992
2025-04-12T02:22:19.000,9.94,-6.22,14.37,17.4,20.28,157613,-29.43,25.0,0.992
2025-04-12T02:23:19.000,10.08,-10.32,8.81,17.96,20.28,157614,-29.3,25.0,0.992
2025-04-12T02:24:19.000,9.89,-15.13,3.93,18.8,20.28,157615,-29.18,25.0,0.992
2025-04-12T02:25:19.000,9.7,-17.75,3.51,18.92,20.28,157616,-29.05,25.0,0.992
2025-04-12T02:26:19.000,9.75,-18.28,3.36,18.96,20.28,157617,-28.92,25.0,0.992
2025-04-12T02:27:19.000,9.81,-18.61,4.14,18.75,20.28,157618,-28.8,25.0,0.992
2025-04-12T02:28:19.000,9.91,-19.14,4.45,18.67,20.28,157619,-28.67,24.0,0.992
2025-04-12T02:29:19.000,9.98,-19.66,3.24,19.0,20.28,157620,-28.54,24.0,0.992
2025-04-12T02:30:20.000,9.95,-19.84,3.24,19.01,20.28,157621,-28.41,24.0,0.992
2025-04-12T02:31:20.000,9.9,-19.5,3.19,19.02,20.28,157622,-28.28,24.0,0.992
2025-04-12T02:32:20.000,9.94,-19.57,3.14,19.04,20.28,157623,-28.15,24.0,0.992
2025-04-12T02:33:20.000,9.97,-19.82,3.1,19.05,20.28,157624,-28.02,24.0,0.992
2025-04-12T02:34:20.000,9.88,-19.68,3.09,19.05,20.28,157625,-27.89,24.0,0.993
2025-04-12T02:35:20.000,9.98,-19.25,3.09,19.06,20.28,157626,-27.76,23.0,0.993
2025-04-12T02:36:20.000,10.01,-19.16,3.07,19.06,20.28,157627,-27.63,23.0,0.993
2025-04-12T02:37:20.000,9.79,-19.63,3.04,19.07,20.28,157628,-27.5,23.0,0.993
2025-04-12T02:38:20.000,9.78,-19.41,3.02,19.08,20.28,157629,-27.36,23.0,0.993
2025-04-12T02:39:20.000,9.91,-19.32,2.99,19.09,20.28,157630,-27.23,23.0,0.993
2025-04-12T02:40:20.000,10.01,-19.37,3.0,19.09,20.28,157631,-27.09,23.0,0.993
2025-04-12T02:41:20.000,9.94,-19.44,2.99,19.09,20.28,157632,-26.96,22.0,0.993
2025-04-12T02:42:20.000,9.91,-19.25,3.02,19.08,20.28,157633,-26.82,22.0,0.993
2025-04-12T02:43:20.000,10.03,-19.02,3.02,19.08,20.28,157634,-26.69,22.0,0.993
2025-04-12T02:44:21.000,9.93,-19.46,3.02,19.08,20.28,157635,-26.55,22.0,0.993
2025-04-12T02:45:21.000,9.72,-19.52,3.02,19.08,20.28,157636,-26.41,22.0,0.993
2025-04-12T02:46:21.000,9.71,-19.67,3.02,19.08,20.28,157637,-26.28,22.0,0.993
2025-04-12T02:47:21.000,9.84,-19.51,3.02,19.08,20.28,157638,-26.14,22.0,0.993
2025-04-12T02:48:21.000,9.98,-19.63,3.02,19.08,20.28,157639,-26.0,21.0,0.993
2025-04-12T02:49:21.000,10.07,-19.31,3.0,19.09,20.28,157640,-25.86,21.0,0.993
2025-04-12T02:50:21.000,9.9,-19.29,2.99,19.09,20.28,157641,-25.72,21.0,0.993
2025-04-12T02:51:21.000,9.81,-19.4,3.01,19.08,20.28,157642,-25.58,21.0,0.993
2025-04-12T02:52:21.000,9.85,-19.56,3.02,19.08,20.28,157643,-25.44,21.0,0.993
2025-04-12T02:53:21.000,9.96,-19.38,3.02,19.08,20.28,157644,-25.3,21.0,0.993
2025-04-12T02:54:21.000,9.95,-19.43,3.16,19.03,20.28,157645,-25.16,20.0,0.993
2025-04-12T02:55:22.000,9.91,-18.88,3.6,18.89,20.28,157646,-25.02,20.0,0.993
2025-04-12T02:56:22.000,9.97,-18.78,3.51,18.92,20.28,157647,-24.88,20.0,0.993
2025-04-12T02:57:22.000,9.94,-18.58,3.18,19.03,20.28,157648,-24.73,20.0,0.993
2025-04-12T02:58:22.000,10.0,-18.44,3.16,19.03,20.28,157649,-24.59,20.0,0.993
2025-04-12T02:59:22.000,9.91,-18.07,3.25,19.0,20.28,157650,-24.45,20.0,0.993
2025-04-12T03:00:22.000,9.94,-18.51,3.11,19.05,20.28,157651,-24.3,19.0,0.993
2025-04-12T03:01:22.000,10.02,-18.24,3.04,19.07,20.28,157652,-24.16,19.0,0.993
2025-04-12T03:02:22.000,9.97,-16.53,3.22,19.01,20.28,157653,-24.01,19.0,0.993
2025-04-12T03:03:22.000,9.93,-15.86,3.85,18.82,20.28,157654,-23.87,19.0,0.993
2025-04-12T03:04:22.000,10.03,-16.76,3.33,18.98,20.28,157655,-23.72,19.0,0.993
2025-04-12T03:05:22.000,9.97,-17.76,3.17,19.03,20.28,157656,-23.58,19.0,0.993
2025-04-12T03:06:22.000,9.84,-18.36,3.22,19.01,20.28,157657,-23.43,19.0,0.993
2025-04-12T03:07:23.000,9.86,-18.11,3.32,18.98,20.28,157658,-23.28,18.0,0.993
2025-04-12T03:08:23.000,10.07,-17.2,3.52,18.92,20.28,157659,-23.13,18.0,0.993
2025-04-12T03:09:23.000,9.94,-17.15,3.43,18.94,20.28,157660,-22.98,18.0,0.993
2025-04-12T03:10:23.000,9.89,-17.02,3.12,19.05,20.28,157661,-22.84,18.0,0.993
2025-04-12T03:11:23.000,10.05,-16.36,3.06,19.07,20.28,157662,-22.69,18.0,0.993
2025-04-12T03:12:23.000,10.03,-13.71,6.12,18.36,20.28,157663,-22.54,18.0,0.993
2025-04-12T03:13:24.000,9.86,-11.38,8.61,17.95,20.28,157664,-22.39,17.0,0.993
2025-04-12T03:14:24.000,9.84,-11.54,8.34,17.99,20.28,157665,-22.24,17.0,0.993
2025-04-12T03:15:27.000,9.94,-14.04,4.68,18.62,20.28,157666,-22.08,17.0,0.993
2025-04-12T03:16:26.000,9.97,-16.99,3.47,18.93,20.28,157667,-21.93,17.0,0.993
2025-04-12T03:17:26.000,9.98,-17.96,3.16,19.03,20.28,157668,-21.78,17.0,0.993
2025-04-12T03:18:26.000,10.0,-18.13,2.96,19.1,20.28,157669,-21.63,17.0,0.993
2025-04-12T03:19:26.000,9.87,-18.58,3.03,19.08,20.28,157670,-21.48,16.0,0.993
2025-04-12T03:20:27.000,9.87,-18.74,2.83,19.15,20.28,157671,-21.32,16.0,0.993
2025-04-12T03:21:27.000,9.91,-18.15,2.83,19.15,20.28,157672,-21.17,16.0,0.993
2025-04-12T03:22:27.000,10.02,-17.25,3.01,19.09,20.28,157673,-21.02,16.0,0.993
2025-04-12T03:23:27.000,9.89,-15.86,3.41,18.95,20.28,157674,-20.86,16.0,0.993
2025-04-12T03:24:27.000,9.93,-13.55,4.41,18.67,20.28,157675,-20.71,16.0,0.993
2025-04-12T03:25:27.000,10.05,-9.52,4.49,18.65,20.28,157676,-20.55,15.0,0.993
2025-04-12T03:26:27.000,10.12,-3.54,4.42,18.68,20.28,157677,-20.4,15.0,0.993
2025-04-12T03:27:27.000,9.96,-0.97,7.27,18.13,20.28,157678,-20.24,15.0,0.993
2025-04-12T03:28:27.000,9.91,-0.74,6.89,18.19,20.28,157679,-20.09,15.0,0.993
2025-04-12T03:29:27.000,10.03,-1.84,8.74,17.94,20.28,157680,-19.93,15.0,0.993
2025-04-12T03:30:28.000,9.95,-2.58,8.98,17.93,20.28,157681,-19.77,15.0,0.993
2025-04-12T03:31:28.000,10.0,-3.23,6.08,18.33,20.28,157682,-19.62,14.0,0.993
2025-04-12T03:32:28.000,10.04,-2.57,8.45,17.97,20.28,157683,-19.46,14.0,0.993
2025-04-12T03:33:28.000,9.95,-2.11,7.28,18.15,20.28,157684,-19.3,14.0,0.993
2025-04-12T03:34:28.000,10.07,-1.38,7.44,18.11,20.28,157685,-19.15,14.0,0.993
2025-04-12T03:35:28.000,10.12,-2.19,6.83,18.21,20.28,157686,-18.99,14.0,0.993
2025-04-12T03:36:29.000,10.02,-1.38,5.92,18.35,20.28,157687,-18.83,14.0,0.993
2025-04-12T03:37:29.000,9.86,-0.5,6.72,18.21,20.28,157688,-18.67,13.0,0.993
2025-04-12T03:38:29.000,10.07,0.7,5.07,18.52,20.28,157689,-18.51,13.0,0.993
2025-04-12T03:39:29.000,10.18,0.65,6.81,18.21,20.28,157690,-18.35,13.0,0.993
2025-04-12T03:40:29.000,9.99,0.58,6.52,18.25,20.28,157691,-18.19,13.0,0.993
2025-04-12T03:41:29.000,9.93,0.83,5.01,18.54,20.28,157692,-18.03,13.0,0.993
2025-04-12T03:42:29.000,10.03,1.12,5.19,18.49,20.28,157693,-17.87,12.0,0.993
2025-04-12T03:43:29.000,10.12,2.37,4.78,18.59,20.28,157694,-17.71,12.0,0.993
2025-04-12T03:44:29.000,10.17,2.37,4.71,18.6,20.28,157695,-17.55,12.0,0.993
2025-04-12T03:45:30.000,10.06,2.23,4.32,18.69,20.28,157696,-17.39,12.0,0.993
2025-04-12T03:46:30.000,9.87,2.53,4.03,18.77,20.28,157697,-17.23,12.0,0.993
2025-04-12T03:47:30.000,10.11,2.86,3.28,18.99,20.28,157698,-17.06,12.0,0.993
2025-04-12T03:48:30.000,10.29,2.33,4.63,18.62,20.28,157699,-16.9,11.0,0.993
2025-04-12T03:49:30.000,10.13,1.57,3.6,18.92,20.28,157700,-16.74,11.0,0.993
2025-04-12T03:50:30.000,9.91,2.51,2.38,19.34,20.28,157701,-16.58,11.0,0.993
2025-04-12T03:51:30.000,10.04,2.93,3.47,18.93,20.28,157702,-16.41,11.0,0.993
2025-04-12T03:52:30.000,10.15,2.38,4.0,18.78,20.28,157703,-16.25,11.0,0.993
2025-04-12T03:53:30.000,10.12,2.62,4.74,18.59,20.28,157704,-16.09,11.0,0.993
2025-04-12T03:54:31.000,10.08,2.41,3.64,18.88,20.28,157705,-15.92,10.0,0.993
2025-04-12T03:55:31.000,9.99,2.07,3.24,19.0,20.28,157706,-15.76,10.0,0.993
2025-04-12T03:56:31.000,9.94,1.59,3.79,18.84,20.28,157707,-15.59,10.0,0.993
2025-04-12T03:57:31.000,10.13,1.17,4.47,18.66,20.28,157708,-15.43,10.0,0.993
2025-04-12T03:58:31.000,10.25,0.37,4.48,18.65,20.28,157709,-15.26,10.0,0.993
2025-04-12T03:59:31.000,10.15,-0.62,5.63,18.41,20.28,157710,-15.1,10.0,0.993
2025-04-12T04:00:31.000,10.08,-0.36,4.71,18.6,20.28,157711,-14.93,9.0,0.993
2025-04-12T04:01:31.000,9.89,-0.73,4.36,18.68,20.28,157712,-14.77,9.0,0.993
2025-04-12T04:02:31.000,9.99,-0.35,4.6,18.62,20.28,157713,-14.6,9.0,0.993
2025-04-12T04:03:31.000,10.14,-0.7,5.01,18.53,20.28,157714,-14.43,9.0,0.993
2025-04-12T04:04:31.000,10.15,-1.53,3.95,18.79,20.28,157715,-14.27,9.0,0.993
2025-04-12T04:05:32.000,10.02,-2.73,4.04,18.77,20.28,157716,-14.1,8.0,0.993
2025-04-12T04:06:32.000,9.96,-3.62,3.84,18.82,20.28,157717,-13.93,8.0,0.993
2025-04-12T04:07:32.000,9.99,-5.37,3.25,19.0,20.28,157718,-13.76,8.0,0.993
2025-04-12T04:08:32.000,10.12,-6.41,3.21,19.02,20.28,157719,-13.59,8.0,0.994
2025-04-12T04:09:32.000,10.09,-8.2,3.67,18.87,20.28,157720,-13.43,8.0,0.994
2025-04-12T04:10:32.000,9.87,-9.55,3.18,19.03,20.28,157721,-13.26,8.0,0.994
2025-04-12T04:11:32.000,9.95,-8.12,3.06,19.07,20.28,157722,-13.09,7.0,0.994
2025-04-12T04:12:33.000,10.12,-4.98,3.25,19.0,20.28,157723,-12.92,7.0,0.994
2025-04-12T04:13:33.000,10.09,-2.43,3.26,19.0,20.28,157724,-12.75,7.0,0.994
2025-04-12T04:14:33.000,9.98,-1.33,3.48,18.93,20.28,157725,-12.58,7.0,0.994
2025-04-12T04:15:33.000,9.92,0.04,3.43,18.94,20.28,157726,-12.41,7.0,0.994
2025-04-12T04:16:33.000,10.02,1.36,3.26,19.0,20.28,157727,-12.24,7.0,0.994
2025-04-12T04:17:33.000,10.11,1.61,3.33,18.98,20.28,157728,-12.07,6.0,0.994
2025-04-12T04:18:33.000,9.96,-0.96,3.79,18.83,20.28,157729,-11.9,6.0,0.994
2025-04-12T04:19:33.000,9.94,-2.85,3.72,18.86,20.28,157730,-11.73,6.0,0.994
2025-04-12T04:20:34.000,10.04,-4.4,3.86,18.81,20.28,157731,-11.56,6.0,0.994
2025-04-12T04:21:34.000,10.0,-4.82,4.1,18.75,20.28,157732,-11.38,6.0,0.994
2025-04-12T04:22:34.000,9.87,-3.94,4.36,18.68,20.28,157733,-11.21,5.0,0.994
2025-04-12T04:23:34.000,10.04,-2.06,5.41,18.45,20.28,157734,-11.04,5.0,0.994
2025-04-12T04:24:34.000,10.07,-0.75,5.2,18.49,20.28,157735,-10.87,5.0,0.994
2025-04-12T04:25:34.000,9.91,0.51,5.22,18.49,20.28,157736,-10.7,5.0,0.994
2025-04-12T04:26:34.000,9.9,0.92,6.35,18.27,20.28,157737,-10.53,5.0,0.994
2025-04-12T04:27:34.000,10.04,0.98,7.07,18.16,20.28,157738,-10.35,5.0,0.994
2025-04-12T04:28:34.000,10.07,0.95,7.68,18.07,20.28,157739,-10.18,4.0,0.994
2025-04-12T04:29:34.000,9.89,1.01,6.42,18.26,20.28,157740,-10.01,4.0,0.994
2025-04-12T04:30:34.000,9.87,1.06,7.63,18.08,20.28,157741,-9.84,4.0,0.994
2025-04-12T04:31:35.000,10.07,0.44,10.24,17.76,20.28,157742,-9.66,4.0,0.994
2025-04-12T04:32:35.000,10.27,0.95,13.96,17.42,20.28,157743,-9.49,4.0,0.994
2025-04-12T04:33:35.000,10.22,1.43,14.28,17.39,20.28,157744,-9.31,4.0,0.994
2025-04-12T04:34:35.000,9.99,2.29,14.31,17.39,20.28,157745,-9.14,3.0,0.994
2025-04-12T04:35:35.000,9.95,1.73,16.59,17.24,20.28,157746,-8.96,3.0,0.994
2025-04-12T04:36:35.000,10.04,-0.1,22.25,16.92,20.28,157747,-8.79,3.0,0.994
2025-04-12T04:37:35.000,10.03,-0.87,32.65,16.5,20.28,157748,-8.62,3.0,0.994
2025-04-12T04:38:36.000,9.97,0.64,38.96,16.31,20.28,157749,-8.44,3.0,0.994
2025-04-12T04:39:36.000,10.04,1.91,25.61,16.76,20.28,157750,-8.26,2.0,0.994
2025-04-12T04:40:36.000,10.07,2.62,28.52,16.65,20.28,157751,-8.09,2.0,0.994
2025-04-12T04:41:36.000,10.07,2.27,45.58,16.14,20.28,157752,-7.91,2.0,0.994
2025-04-12T04:42:36.000,9.89,0.24,62.98,15.79,20.28,157753,-7.74,2.0,0.994
2025-04-12T04:43:36.000,9.92,-1.31,85.14,15.46,20.28,157754,-7.56,2.0,0.994
2025-04-12T04:44:36.000,10.08,-3.91,94.09,15.35,20.28,157755,-7.39,2.0,0.994
2025-04-12T04:45:36.000,10.13,-7.93,110.64,15.18,20.28,157756,-7.21,1.0,0.994
2025-04-12T04:46:36.000,9.93,-9.45,139.35,14.92,20.28,157757,-7.03,1.0,0.994
2025-04-12T04:47:36.000,9.91,-7.0,187.71,14.61,20.28,157758,-6.86,1.0,0.994
2025-04-12T04:48:36.000,10.11,-2.61,293.73,14.11,20.28,157759,-6.68,1.0,0.994
2025-04-12T04:49:36.000,10.28,0.01,253.8,14.27,20.28,157760,-6.51,1.0,0.994
2025-04-12T04:50:37.000,10.25,-0.13,339.87,13.96,20.28,157761,-6.33,0.0,0.994
2025-04-12T04:51:37.000,10.06,-2.74,426.16,13.71,20.28,157762,-6.15,0.0,0.994
2025-04-12T04:52:37.000,9.87,-6.05,509.3,13.52,20.28,157763,-5.97,0.0,0.994
2025-04-12T04:53:37.000,9.83,-8.39,708.79,13.16,20.28,157764,-5.79,-0.0,0.994
2025-04-12T04:54:37.000,10.08,-9.09,971.18,12.82,20.28,157765,-5.62,-0.0,0.994
2025-04-12T04:55:37.000,10.12,-10.5,1094.97,12.68,20.28,157766,-5.44,-0.0,0.994
2025-04-12T04:56:37.000,9.96,-11.65,1290.96,12.5,20.28,157767,-5.26,-1.0,0.994
2025-04-12T04:57:38.000,9.85,-10.96,1595.4,12.28,20.28,157768,-5.08,-1.0,0.994
2025-04-12T04:58:38.000,9.9,-9.35,2080.07,11.99,20.28,157769,-4.9,-1.0,0.994
2025-04-12T04:59:38.000,10.03,-7.32,2685.96,11.71,20.28,157770,-4.72,-1.0,0.994
2025-04-12T05:00:38.000,10.1,-6.02,3090.31,11.56,20.28,157771,-4.55,-1.0,0.994
2025-04-12T05:01:38.000,9.99,-4.31,3935.58,11.29,20.28,157772,-4.37,-2.0,0.994
2025-04-12T05:02:38.000,9.99,-2.11,4823.1,11.08,20.28,157773,-4.19,-2.0,0.994
2025-04-12T05:03:38.000,10.12,0.08,5946.44,10.85,20.28,157774,-4.01,-2.0,0.994
2025-04-12T05:04:39.000,10.11,0.74,5540.29,10.92,20.28,157775,-3.83,-2.0,0.994
2025-04-12T05:05:39.000,10.01,0.76,7888.89,10.54,20.28,157776,-3.65,-2.0,0.994
2025-04-12T05:06:39.000,9.97,-0.05,8180.45,10.5,20.28,157777,-3.47,-2.0,0.994
2025-04-12T05:07:39.000,10.01,-1.76,11826.56,10.11,20.28,157778,-3.29,-3.0,0.994
2025-04-12T05:08:39.000,10.11,-2.54,16514.29,9.74,20.28,157779,-3.11,-3.0,0.994
2025-04-12T05:09:39.000,10.13,-1.82,22049.71,9.43,20.28,157780,-2.93,-3.0,0.994
2025-04-12T05:10:40.000,10.07,-0.3,23299.6,9.36,20.28,157781,-2.75,-3.0,0.994
2025-04-12T05:11:40.000,9.93,-0.94,20963.03,9.48,20.28,157782,-2.57,-3.0,0.994
2025-04-12T05:12:40.000,9.82,-3.21,29612.88,9.18,20.28,157783,-2.39,-4.0,0.994
2025-04-12T05:13:40.000,9.63,-5.16,36467.26,8.88,20.28,157784,-2.21,-4.0,0.994
2025-04-12T05:14:40.000,9.5,-6.17,44386.91,8.66,20.28,157785,-2.03,-4.0,0.994
2025-04-12T05:15:40.000,9.3,-8.48,46371.87,8.61,20.28,157786,-1.84,-4.0,0.994
2025-04-12T05:16:41.000,9.13,-10.52,50307.41,8.53,20.28,157787,-1.66,-4.0,0.994
2025-04-12T05:17:41.000,9.0,-9.45,57960.11,7.81,20.28,157788,-1.48,-4.0,0.994
2025-04-12T05:18:41.000,8.93,-6.04,50000.0,0.0,20.28,157789,-1.3,-5.0,0.994
2025-04-12T05:19:41.000,8.88,-4.01,50000.0,0.0,20.28,157790,-1.12,-5.0,0.994
2025-04-12T05:20:41.000,8.86,-4.52,50000.0,0.0,20.28,157791,-0.94,-5.0,0.994
2025-04-12T05:29:42.000,8.45,-11.73,50000.0,0.0,20.28,157800,0.7,-7.0,0.994
2025-04-12T05:30:43.000,8.45,-10.25,50000.0,0.0,20.28,157801,0.89,-7.0,0.994
2025-04-12T05:31:43.000,8.49,-9.77,50000.0,0.0,20.28,157802,1.07,-7.0,0.994
2025-04-12T05:32:43.000,8.49,-11.03,49412.16,0.19,20.28,157803,1.25,-7.0,0.994
2025-04-12T05:33:43.000,8.47,-12.33,50000.0,0.0,20.28,157804,1.44,-7.0,0.994
