ecsv/stars831/stars831_2024-04.ecsv
# %ECSV 1.0
# ---
# datatype:
# - {name: time, datatype: string}
# - {name: Enclosure Temperature, unit: deg_C, datatype: float64}
# - {name: Sky Temperature, unit: deg_C, datatype: float64}
# - {name: Frequency, unit: Hz, datatype: float64}
# - {name: MSAS, unit: mag / arcsec2, datatype: float64}
# - {name: ZP, datatype: float64}
# - {name: Sequence Number, datatype: int64}
# - {name: Sun Alt, unit: deg, datatype: float64}
# - {name: Moon Alt, unit: deg, datatype: float64}
# - {name: Moon Illumination, datatype: float64}
# delimiter: ','
# meta: !!omap
# - ida:
#     Data supplier: {affiliation: Institut d'Estudis Espacials de Catalunya, observer: null}
#     Device type: TESS-W
#     Field of view: 17.0
#     Filters per channel: None
#     Instrument ID: stars831
#     License: ODbL 1.0 http://opendatacommons.org/licenses/odbl/summary/
#     Local timezone: Europe/Madrid
#     Location name: {country: Spain, place: Observatori del Montsec, region: Catalonia, sub_region: Lleida, town: Sant Esteve de la Sarga}
#     Measurement direction per channel: {azimuth: 0.0, zenital: 0.0}
#     Moving / Fixed look direction: FIXED
#     Moving / Stationary position: STATIONARY
#     Number of channels: 1
#     Number of fields per line: 8
#     Number of header lines: 35
#     Position: {height: 0.0, latitude: 42.0516894, longitude: 0.7275013}
#     TESS MAC address: 84:CC:A8:B1:11:5B
#     TESS cover offset value: 0.0
#     TESS firmware version: Unknown
#     TESS zero point: 20.28
#     Time Synchronization: timestamp added by MQTT subscriber
#     URL: http://www.darksky.org/NSBM/sdf1.0.pdf
# - __serialized_columns__:
#     Enclosure Temperature:
#       __class__: astropy.units.quantity.Quantity
#       unit: &id001 !astropy.units.Unit {unit: deg_C}
#       value: !astropy.table.SerializedColumn {name: Enclosure Temperature}
#     Frequency:
#       __class__: astropy.units.quantity.Quantity
#       unit: !astropy.units.Unit {unit: Hz}
#       value: !astropy.table.SerializedColumn {name: Frequency}
#     MSAS:
#       __class__: astropy.units.quantity.Quantity
#       unit: !astropy.units.Unit {unit: mag / arcsec2}
#       value: !astropy.table.SerializedColumn {name: MSAS}
#     Moon Alt:
#       __class__: astropy.units.quantity.Quantity
#       unit: &id002 !astropy.units.Unit {unit: deg}
#       value: !astropy.table.SerializedColumn {name: Moon Alt}
#     Sky Temperature:
#       __class__: astropy.units.quantity.Quantity
#       unit: *id001
#       value: !astropy.table.SerializedColumn {name: Sky Temperature}
#     Sun Alt:
#       __class__: astropy.units.quantity.Quantity
#       unit: *id002
#       value: !astropy.table.SerializedColumn {name: Sun Alt}
#     time:
#       __class__: astropy.time.core.Time
#       format: isot
#       in_subfmt: '*'
#       out_subfmt: '*'
#       precision: 3
#       scale: utc
#       value: !astropy.table.SerializedColumn {name: time}
# schema: astropy-2.0
time,Enclosure Temperature,Sky Temperature,Frequency,MSAS,ZP,Sequence Number,Sun Alt,Moon Alt,Moon Illumination
[from data line 11587]
2024-04-18T02:11:14.000,8.31,-28.51,0.73,20.63,20.28,53896,-28.63,9.0,0.716
2024-04-18T02:12:14.000,8.25,-28.48,0.72,20.64,20.28,53897,-28.52,9.0,0.716
2024-04-18T02:13:14.000,8.19,-28.41,0.72,20.64,20.28,53898,-28.4,9.0,0.716
2024-04-18T02:14:14.000,8.13,-28.28,0.71,20.65,20.28,53899,-28.28,8.0,0.716
2024-04-18T02:15:15.000,8.13,-28.19,0.71,20.66,20.28,53900,-28.16,8.0,0.716
2024-04-18T02:16:15.000,8.1,-28.45,0.7,20.67,20.28,53901,-28.05,8.0,0.716
2024-04-18T02:17:15.000,8.04,-28.47,0.7,20.68,20.28,53902,-27.93,8.0,0.716
2024-04-18T02:18:16.000,8.05,-28.3,0.69,20.68,20.28,53903,-27.81,8.0,0.716
2024-04-18T02:19:16.000,8.01,-28.55,0.68,20.69,20.28,53904,-27.68,8.0,0.716
2024-04-18T02:20:16.000,8.04,-28.14,0.68,20.7,20.28,53905,-27.56,7.0,0.717
2024-04-18T02:21:16.000,8.11,-28.0,0.67,20.71,20.28,53906,-27.44,7.0,0.717
2024-04-18T02:22:16.000,8.15,-28.17,0.67,20.72,20.28,53907,-27.32,7.0,0.717
2024-04-18T02:23:16.000,8.08,-28.8,0.66,20.73,20.28,53908,-27.2,7.0,0.717
2024-04-18T02:24:16.000,7.92,-29.0,0.66,20.74,20.28,53909,-27.08,7.0,0.717
2024-04-18T02:25:16.000,7.87,-28.47,0.65,20.75,20.28,53910,-26.95,6.0,0.717
2024-04-18T02:26:16.000,7.91,-28.28,0.65,20.76,20.28,53911,-26.83,6.0,0.717
2024-04-18T02:27:16.000,7.87,-28.52,0.64,20.76,20.28,53912,-26.7,6.0,0.717
2024-04-18T02:28:16.000,7.87,-28.44,0.64,20.77,20.28,53913,-26.58,6.0,0.717
2024-04-18T02:29:16.000,7.84,-28.49,0.63,20.78,20.28,53914,-26.45,6.0,0.717
2024-04-18T02:30:16.000,7.84,-28.36,0.63,20.79,20.28,53915,-26.33,6.0,0.717
2024-04-18T02:31:16.000,7.84,-28.46,0.62,20.8,20.28,53916,-26.2,5.0,0.717
2024-04-18T02:32:16.000,7.78,-28.93,0.62,20.81,20.28,53917,-26.07,5.0,0.717
2024-04-18T02:33:16.000,7.6,-29.48,0.61,20.81,20.28,53918,-25.94,5.0,0.717
2024-04-18T02:34:17.000,7.5,-29.07,0.61,20.83,20.28,53919,-25.81,5.0,0.717
2024-04-18T02:35:17.000,7.47,-28.95,0.6,20.84,20.28,53920,-25.68,5.0,0.717
2024-04-18T02:36:17.000,7.42,-29.19,0.6,20.85,20.28,53921,-25.55,5.0,0.717
2024-04-18T02:37:17.000,7.27,-29.91,0.59,20.86,20.28,53922,-25.42,4.0,0.718
2024-04-18T02:38:17.000,7.08,-29.67,0.58,20.87,20.28,53923,-25.29,4.0,0.718
2024-04-18T02:39:17.000,7.05,-29.18,0.58,20.88,20.28,53924,-25.16,4.0,0.718
2024-04-18T02:40:17.000,7.01,-29.52,0.57,20.89,20.28,53925,-25.03,4.0,0.718
2024-04-18T02:41:17.000,6.89,-29.83,0.57,20.9,20.28,53926,-24.9,4.0,0.718
2024-04-18T02:42:17.000,6.79,-29.86,0.56,20.91,20.28,53927,-24.76,3.0,0.718
2024-04-18T02:43:17.000,6.74,-29.6,0.55,20.92,20.28,53928,-24.63,3.0,0.718
2024-04-18T02:44:17.000,6.75,-29.37,0.55,20.94,20.28,53929,-24.5,3.0,0.718
2024-04-18T02:45:17.000,6.75,-29.28,0.54,20.95,20.28,53930,-24.36,3.0,0.718
2024-04-18T02:46:17.000,6.79,-29.25,0.54,20.96,20.28,53931,-24.23,3.0,0.718
2024-04-18T02:47:17.000,6.79,-29.27,0.53,20.98,20.28,53932,-24.09,3.0,0.718
2024-04-18T02:48:17.000,6.8,-29.48,0.52,20.99,20.28,53933,-23.96,2.0,0.718
2024-04-18T02:49:18.000,6.78,-29.45,0.51,21.01,20.28,53934,-23.82,2.0,0.718
2024-04-18T02:50:18.000,6.8,-29.31,0.51,21.02,20.28,53935,-23.68,2.0,0.718
2024-04-18T02:51:18.000,6.84,-29.4,0.5,21.03,20.28,53936,-23.54,2.0,0.718
2024-04-18T02:52:18.000,6.84,-29.59,0.5,21.05,20.28,53937,-23.41,2.0,0.718
2024-04-18T02:53:18.000,6.8,-29.8,0.49,21.06,20.28,53938,-23.27,2.0,0.718
2024-04-18T02:54:18.000,6.74,-29.93,0.48,21.08,20.28,53939,-23.13,1.0,0.719
2024-04-18T02:55:18.000,6.69,-29.68,0.48,21.09,20.28,53940,-22.99,1.0,0.719
2024-04-18T02:56:18.000,6.74,-29.41,0.47,21.11,20.28,53941,-22.85,1.0,0.719
2024-04-18T02:57:18.000,6.75,-29.67,0.46,21.12,20.28,53942,-22.71,1.0,0.719
2024-04-18T02:58:18.000,6.72,-29.82,0.46,21.13,20.28,53943,-22.57,1.0,0.719
2024-04-18T02:59:18.000,6.74,-29.65,0.45,21.15,20.28,53944,-22.43,1.0,0.719
2024-04-18T03:00:18.000,6.76,-29.6,0.44,21.17,20.28,53945,-22.29,0.0,0.719
2024-04-18T03:01:18.000,6.76,-29.55,0.44,21.18,20.28,53946,-22.14,0.0,0.719
2024-04-18T03:02:18.000,6.75,-29.74,0.43,21.19,20.28,53947,-22.0,0.0,0.719
2024-04-18T03:03:18.000,6.74,-29.69,0.43,21.21,20.28,53948,-21.86,-0.0,0.719
2024-04-18T03:04:18.000,6.7,-29.81,0.42,21.22,20.28,53949,-21.71,-0.0,0.719
2024-04-18T03:05:18.000,6.69,-29.53,0.42,21.24,20.28,53950,-21.57,-0.0,0.719
2024-04-18T03:06:19.000,6.78,-28.94,0.41,21.25,20.28,53951,-21.42,-1.0,0.719
2024-04-18T03:07:19.000,6.81,-29.39,0.41,21.26,20.28,53952,-21.28,-1.0,0.719
2024-04-18T03:08:19.000,6.81,-29.42,0.4,21.28,20.28,53953,-21.13,-1.0,0.719
2024-04-18T03:09:19.000,6.81,-29.4,0.4,21.29,20.28,53954,-20.99,-1.0,0.719
2024-04-18T03:10:19.000,6.86,-29.0,0.39,21.3,20.28,53955,-20.84,-1.0,0.719
2024-04-18T03:11:19.000,6.95,-28.92,0.39,21.31,20.28,53956,-20.7,-1.0,0.72
2024-04-18T03:12:19.000,6.98,-29.15,0.38,21.33,20.28,53957,-20.55,-2.0,0.72
2024-04-18T03:13:19.000,7.0,-29.15,0.38,21.34,20.28,53958,-20.4,-2.0,0.72
2024-04-18T03:14:19.000,6.95,-29.58,0.38,21.35,20.28,53959,-20.25,-2.0,0.72
2024-04-18T03:15:19.000,6.91,-29.23,0.37,21.35,20.28,53960,-20.11,-2.0,0.72
2024-04-18T03:16:19.000,6.97,-28.94,0.37,21.36,20.28,53961,-19.96,-2.0,0.72
2024-04-18T03:17:19.000,6.96,-29.35,0.37,21.36,20.28,53962,-19.81,-2.0,0.72
2024-04-18T03:18:19.000,6.89,-29.75,0.37,21.37,20.28,53963,-19.66,-3.0,0.72
2024-04-18T03:19:19.000,6.84,-29.63,0.37,21.38,20.28,53964,-19.51,-3.0,0.72
2024-04-18T03:20:19.000,6.83,-29.28,0.37,21.38,20.28,53965,-19.36,-3.0,0.72
2024-04-18T03:21:20.000,6.85,-29.09,0.36,21.38,20.28,53966,-19.21,-3.0,0.72
2024-04-18T03:22:20.000,6.81,-29.54,0.36,21.38,20.28,53967,-19.06,-3.0,0.72
2024-04-18T03:23:20.000,6.77,-29.4,0.36,21.39,20.28,53968,-18.9,-3.0,0.72
2024-04-18T03:24:20.000,6.83,-29.03,0.36,21.38,20.28,53969,-18.75,-4.0,0.72
2024-04-18T03:25:20.000,6.87,-29.14,0.36,21.39,20.28,53970,-18.6,-4.0,0.72
2024-04-18T03:26:20.000,6.88,-29.27,0.36,21.39,20.28,53971,-18.45,-4.0,0.72
2024-04-18T03:27:20.000,6.85,-29.27,0.36,21.38,20.28,53972,-18.3,-4.0,0.721
2024-04-18T03:28:20.000,6.89,-29.11,0.36,21.38,20.28,53973,-18.14,-4.0,0.721
2024-04-18T03:29:20.000,6.9,-29.14,0.37,21.38,20.28,53974,-17.99,-4.0,0.721
2024-04-18T03:30:20.000,6.91,-29.2,0.37,21.38,20.28,53975,-17.84,-5.0,0.721
2024-04-18T03:31:20.000,6.91,-29.17,0.37,21.37,20.28,53976,-17.68,-5.0,0.721
2024-04-18T03:32:20.000,6.92,-29.19,0.37,21.37,20.28,53977,-17.53,-5.0,0.721
2024-04-18T03:33:20.000,6.94,-29.09,0.37,21.36,20.28,53978,-17.37,-5.0,0.721
2024-04-18T03:34:20.000,6.94,-29.05,0.37,21.36,20.28,53979,-17.22,-5.0,0.721
2024-04-18T03:35:20.000,6.98,-28.93,0.37,21.35,20.28,53980,-17.06,-5.0,0.721
2024-04-18T03:36:21.000,7.05,-28.91,0.38,21.35,20.28,53981,-16.9,-6.0,0.721
2024-04-18T03:37:21.000,7.03,-29.27,0.38,21.34,20.28,53982,-16.75,-6.0,0.721
2024-04-18T03:38:21.000,6.98,-29.42,0.38,21.33,20.28,53983,-16.59,-6.0,0.721
2024-04-18T03:39:21.000,6.94,-29.29,0.38,21.32,20.28,53984,-16.43,-6.0,0.721
2024-04-18T03:40:21.000,6.98,-29.08,0.39,21.31,20.28,53985,-16.27,-6.0,0.721
2024-04-18T03:41:21.000,6.98,-29.22,0.39,21.3,20.28,53986,-16.12,-6.0,0.721
2024-04-18T03:42:21.000,6.95,-29.31,0.4,21.29,20.28,53987,-15.96,-6.0,0.721
2024-04-18T03:43:21.000,6.93,-29.34,0.4,21.27,20.28,53988,-15.8,-7.0,0.721
2024-04-18T03:44:21.000,6.92,-29.35,0.41,21.26,20.28,53989,-15.64,-7.0,0.722
2024-04-18T03:45:21.000,6.88,-29.36,0.42,21.23,20.28,53990,-15.48,-7.0,0.722
2024-04-18T03:46:21.000,6.8,-29.61,0.43,21.21,20.28,53991,-15.32,-7.0,0.722
2024-04-18T03:47:21.000,6.74,-29.66,0.44,21.19,20.28,53992,-15.16,-7.0,0.722
2024-04-18T03:48:21.000,6.72,-29.55,0.45,21.16,20.28,53993,-15.0,-7.0,0.722
2024-04-18T03:49:21.000,6.68,-29.58,0.46,21.13,20.28,53994,-14.84,-8.0,0.722
2024-04-18T03:50:21.000,6.66,-29.52,0.47,21.1,20.28,53995,-14.68,-8.0,0.722
2024-04-18T03:51:21.000,6.69,-29.18,0.49,21.06,20.28,53996,-14.52,-8.0,0.722
2024-04-18T03:52:22.000,6.78,-28.97,0.51,21.02,20.28,53997,-14.36,-8.0,0.722
2024-04-18T03:53:22.000,6.84,-29.19,0.53,20.97,20.28,53998,-14.2,-8.0,0.722
2024-04-18T03:54:22.000,6.85,-29.27,0.56,20.92,20.28,53999,-14.03,-8.0,0.722
2024-04-18T03:55:22.000,6.81,-29.61,0.59,20.86,20.28,54000,-13.87,-9.0,0.722
2024-04-18T03:56:22.000,6.81,-29.38,0.62,20.8,20.28,54001,-13.71,-9.0,0.722
2024-04-18T03:57:22.000,6.79,-29.48,0.66,20.73,20.28,54002,-13.55,-9.0,0.722
2024-04-18T03:58:22.000,6.78,-29.25,0.71,20.65,20.28,54003,-13.38,-9.0,0.722
2024-04-18T03:59:22.000,6.81,-29.37,0.77,20.57,20.28,54004,-13.22,-9.0,0.722
2024-04-18T04:00:22.000,6.79,-29.53,0.83,20.48,20.28,54005,-13.06,-9.0,0.722
2024-04-18T04:01:22.000,6.77,-29.62,0.91,20.39,20.28,54006,-12.89,-9.0,0.723
2024-04-18T04:02:22.000,6.69,-29.93,0.99,20.29,20.28,54007,-12.73,-10.0,0.723
2024-04-18T04:03:22.000,6.62,-29.87,1.09,20.18,20.28,54008,-12.56,-10.0,0.723
2024-04-18T04:04:22.000,6.58,-29.66,1.21,20.07,20.28,54009,-12.4,-10.0,0.723
2024-04-18T04:05:22.000,6.53,-29.82,1.35,19.96,20.28,54010,-12.23,-10.0,0.723
2024-04-18T04:06:22.000,6.47,-29.69,1.51,19.84,20.28,54011,-12.07,-10.0,0.723
2024-04-18T04:07:23.000,6.44,-29.65,1.69,19.71,20.28,54012,-11.9,-10.0,0.723
2024-04-18T04:08:23.000,6.44,-29.71,1.91,19.58,20.28,54013,-11.73,-11.0,0.723
2024-04-18T04:09:23.000,6.39,-30.01,2.15,19.45,20.28,54014,-11.57,-11.0,0.723
2024-04-18T04:10:23.000,6.33,-30.02,2.44,19.31,20.28,54015,-11.4,-11.0,0.723
2024-04-18T04:11:23.000,6.37,-29.5,2.79,19.17,20.28,54016,-11.23,-11.0,0.723
2024-04-18T04:12:23.000,6.39,-29.65,3.17,19.03,20.28,54017,-11.07,-11.0,0.723
2024-04-18T04:13:23.000,6.41,-29.65,3.63,18.88,20.28,54018,-10.9,-11.0,0.723
2024-04-18T04:14:23.000,6.39,-29.88,4.16,18.73,20.28,54019,-10.73,-11.0,0.723
2024-04-18T04:15:23.000,6.36,-29.95,4.8,18.58,20.28,54020,-10.57,-12.0,0.723
2024-04-18T04:16:24.000,6.34,-30.02,5.52,18.43,20.28,54021,-10.39,-12.0,0.723
2024-04-18T04:17:24.000,6.28,-30.32,6.38,18.27,20.28,54022,-10.23,-12.0,0.723
2024-04-18T04:18:24.000,6.25,-29.87,7.4,18.11,20.28,54023,-10.06,-12.0,0.724
2024-04-18T04:19:24.000,6.3,-29.82,8.59,17.95,20.28,54024,-9.89,-12.0,0.724
2024-04-18T04:20:24.000,6.32,-29.83,9.99,17.78,20.28,54025,-9.72,-12.0,0.724
2024-04-18T04:21:24.000,6.34,-30.0,11.58,17.62,20.28,54026,-9.55,-13.0,0.724
2024-04-18T04:22:24.000,6.38,-29.52,13.46,17.46,20.28,54027,-9.38,-13.0,0.724
2024-04-18T04:23:24.000,6.43,-29.73,15.84,17.28,20.28,54028,-9.21,-13.0,0.724
2024-04-18T04:24:25.000,6.49,-29.52,18.57,17.11,20.28,54029,-9.04,-13.0,0.724
2024-04-18T04:25:25.000,6.52,-29.74,21.75,16.94,20.28,54030,-8.87,-13.0,0.724
2024-04-18T04:26:25.000,6.5,-29.98,25.74,16.75,20.28,54031,-8.7,-13.0,0.724
2024-04-18T04:27:25.000,6.46,-29.98,30.52,16.57,20.28,54032,-8.53,-13.0,0.724
2024-04-18T04:28:25.000,6.43,-30.0,36.29,16.38,20.28,54033,-8.36,-14.0,0.724
2024-04-18T04:29:26.000,6.41,-30.09,43.22,16.19,20.28,54034,-8.18,-14.0,0.724
2024-04-18T04:30:26.000,6.4,-30.01,50.45,16.02,20.28,54035,-8.01,-14.0,0.724
2024-04-18T04:31:26.000,6.4,-29.95,62.23,15.8,20.28,54036,-7.84,-14.0,0.724
2024-04-18T04:32:26.000,6.4,-30.06,75.98,15.58,20.28,54037,-7.67,-14.0,0.724
2024-04-18T04:33:26.000,6.37,-30.06,92.77,15.36,20.28,54038,-7.5,-14.0,0.724
2024-04-18T04:34:26.000,6.35,-29.99,114.27,15.14,20.28,54039,-7.32,-14.0,0.724
2024-04-18T04:35:26.000,6.34,-30.1,141.35,14.91,20.28,54040,-7.15,-15.0,0.725
2024-04-18T04:36:26.000,6.29,-30.11,174.52,14.68,20.28,54041,-6.98,-15.0,0.725
2024-04-18T04:37:26.000,6.27,-30.17,216.58,14.44,20.28,54042,-6.81,-15.0,0.725
2024-04-18T04:38:26.000,6.26,-30.15,269.89,14.2,20.28,54043,-6.63,-15.0,0.725
2024-04-18T04:39:27.000,6.19,-30.24,336.99,13.96,20.28,54044,-6.46,-15.0,0.725
2024-04-18T04:40:27.000,6.17,-30.04,421.12,13.72,20.28,54045,-6.28,-15.0,0.725
2024-04-18T04:41:27.000,6.15,-30.2,526.64,13.48,20.28,54046,-6.11,-15.0,0.725
2024-04-18T04:42:27.000,6.14,-30.01,658.29,13.24,20.28,54047,-5.94,-16.0,0.725
2024-04-18T04:43:27.000,6.14,-30.16,822.33,12.99,20.28,54048,-5.76,-16.0,0.725
2024-04-18T04:44:27.000,6.11,-30.19,1025.98,12.75,20.28,54049,-5.59,-16.0,0.725
2024-04-18T04:45:28.000,6.09,-29.95,1277.87,12.52,20.28,54050,-5.41,-16.0,0.725
2024-04-18T04:46:28.000,6.19,-29.46,1591.55,12.28,20.28,54051,-5.24,-16.0,0.725
2024-04-18T04:47:28.000,6.29,-29.64,1985.13,12.04,20.28,54052,-5.06,-16.0,0.725
2024-04-18T04:48:28.000,6.27,-29.91,2476.4,11.8,20.28,54053,-4.89,-16.0,0.725
2024-04-18T04:49:28.000,6.24,-29.82,3084.18,11.56,20.28,54054,-4.71,-17.0,0.725
2024-04-18T04:50:28.000,6.34,-29.32,3829.75,11.32,20.28,54055,-4.54,-17.0,0.725
2024-04-18T04:51:29.000,6.39,-29.7,4730.22,11.09,20.28,54056,-4.36,-17.0,0.725
2024-04-18T04:52:29.000,6.36,-29.75,5822.76,10.87,20.28,54057,-4.18,-17.0,0.726
2024-04-18T04:53:29.000,6.37,-29.86,7132.7,10.65,20.28,54058,-4.0,-17.0,0.726
2024-04-18T04:54:29.000,6.34,-30.05,8706.36,10.43,20.28,54059,-3.83,-17.0,0.726
2024-04-18T04:55:29.000,6.3,-30.19,10576.2,10.22,20.28,54060,-3.65,-17.0,0.726
2024-04-18T04:56:29.000,6.25,-30.22,12791.27,10.01,20.28,54061,-3.48,-17.0,0.726
2024-04-18T04:57:30.000,6.09,-29.84,15388.07,9.81,20.28,54062,-3.3,-18.0,0.726
2024-04-18T04:58:30.000,5.68,-29.73,18419.93,9.62,20.28,54063,-3.12,-18.0,0.726
2024-04-18T04:59:30.000,5.17,-29.44,21963.6,9.43,20.28,54064,-2.94,-18.0,0.726
2024-04-18T05:00:30.000,4.76,-29.16,25757.22,9.32,20.28,54065,-2.77,-18.0,0.726
2024-04-18T05:01:30.000,4.65,-29.32,30689.8,9.06,20.28,54066,-2.59,-18.0,0.726
2024-04-18T05:02:30.000,4.74,-29.4,35924.55,8.89,20.28,54067,-2.41,-18.0,0.726
2024-04-18T05:03:31.000,4.91,-29.62,41725.77,8.73,20.28,54068,-2.23,-18.0,0.726
2024-04-18T05:04:31.000,5.04,-29.66,48152.27,8.57,20.28,54069,-2.05,-19.0,0.726
2024-04-18T05:05:31.000,4.94,-29.59,54628.95,8.51,20.28,54070,-1.87,-19.0,0.726
2024-04-18T05:06:31.000,4.91,-29.56,59048.6,6.27,20.28,54071,-1.7,-19.0,0.726
2024-04-18T05:07:31.000,5.01,-29.55,50000.0,0.0,20.28,54072,-1.52,-19.0,0.726
2024-04-18T05:08:31.000,5.04,-29.29,50000.0,0.0,20.28,54073,-1.34,-19.0,0.726
2024-04-18T05:09:31.000,4.9,-29.25,50000.0,0.0,20.28,54074,-1.16,-19.0,0.727
2024-04-18T05:25:34.000,4.96,-29.92,50000.0,0.0,20.28,54090,1.72,-21.0,0.727
2024-04-18T05:26:34.000,5.03,-30.04,50000.0,0.0,20.28,54091,1.91,-21.0,0.728
2024-04-18T05:27:34.000,4.96,-30.04,50000.0,0.0,20.28,54092,2.09,-21.0,0.728
2024-04-18T05:28:34.000,4.99,-29.97,49717.76,0.09,20.28,54093,2.27,-22.0,0.728
2024-04-18T05:29:35.000,5.01,-30.1,50000.0,0.0,20.28,54094,2.45,-22.0,0.728
2024-04-18T05:30:35.000,4.93,-29.96,50000.0,0.0,20.28,54095,2.63,-22.0,0.728
2024-04-18T05:31:35.000,5.02,-29.89,50000.0,0.0,20.28,54096,2.81,-22.0,0.728
2024-04-18T05:32:35.000,5.04,-29.86,50000.0,0.0,20.28,54097,3.0,-22.0,0.728
2024-04-18T05:33:35.000,4.92,-29.82,50000.0,0.0,20.28,54098,3.18,-22.0,0.728
2024-04-18T05:34:35.000,4.97,-29.82,49728.5,0.09,20.28,54099,3.36,-22.0,0.728
2024-04-18T05:35:36.000,5.03,-29.97,50000.0,0.0,20.28,54100,3.55,-22.0,0.728
2024-04-18T05:36:36.000,4.92,-29.86,49438.65,0.18,20.28,54101,3.73,-23.0,0.728
2024-04-18T05:37:36.000,4.97,-29.95,50000.0,0.0,20.28,54102,3.91,-23.0,0.728
2024-04-18T05:38:36.000,5.05,-29.87,50000.0,0.0,20.28,54103,4.09,-23.0,0.728
2024-04-18T05:39:36.000,4.96,-29.72,50000.0,0.0,20.28,54104,4.27,-23.0,0.728
2024-04-18T18:44:44.000,5.07,-33.54,50000.0,0.0,20.28,54886,-1.31,53.0,0.773
2024-04-18T18:45:44.000,4.96,-33.55,50000.0,0.0,20.28,54887,-1.49,54.0,0.773
2024-04-18T18:46:45.000,4.98,-33.6,50000.0,0.0,20.28,54888,-1.67,54.0,0.773
2024-04-18T18:47:45.000,5.06,-33.94,56953.25,4.51,20.28,54889,-1.85,54.0,0.773
2024-04-18T18:48:45.000,4.97,-33.79,56819.42,8.39,20.28,54890,-2.03,54.0,0.773
2024-04-18T18:49:45.000,4.99,-33.79,49704.83,8.54,20.28,54891,-2.2,54.0,0.773
2024-04-18T18:50:45.000,5.06,-33.95,43265.8,8.69,20.28,54892,-2.38,54.0,0.773
2024-04-18T18:51:45.000,4.95,-34.01,37408.55,8.85,20.28,54893,-2.56,54.0,0.773
2024-04-18T18:52:46.000,4.96,-34.19,32133.42,9.01,20.28,54894,-2.74,54.0,0.773
2024-04-18T18:53:46.000,5.09,-34.03,27462.27,9.18,20.28,54895,-2.91,55.0,0.774
2024-04-18T18:54:46.000,5.05,-33.94,23298.42,9.36,20.28,54896,-3.09,55.0,0.774
2024-04-18T18:55:46.000,4.89,-33.85,19628.2,9.55,20.28,54897,-3.27,55.0,0.774
2024-04-18T18:56:46.000,4.93,-34.08,16452.09,9.74,20.28,54898,-3.44,55.0,0.774
