ecsv/stars749/stars749_2024-04.ecsv
# %ECSV 1.0
# ---
# datatype:
# - {name: time, datatype: string}
# - {name: Enclosure Temperature, unit: deg_C, datatype: float64}
# - {name: Sky Temperature, unit: deg_C, datatype: float64}
# - {name: Frequency, unit: Hz, datatype: float64}
# - {name: MSAS, unit: mag / arcsec2, datatype: float64}
# - {name: ZP, datatype: float64}
# - {name: Sequence Number, datatype: int64}
# - {name: Sun Alt, unit: deg, datatype: float64}
# - {name: Moon Alt, unit: deg, datatype: float64}
# - {name: Moon Illumination, datatype: float64}
# delimiter: ','
# meta: !!omap
# - ida:
#     Data supplier: {affiliation: AstroCuenca, observer: null}
#     Device type: TESS-W
#     Field of view: 17.0
#     Filters per channel: None
#     Instrument ID: stars749
#     License: ODbL 1.0 http://opendatacommons.org/licenses/odbl/summary/
#     Local timezone: Europe/Madrid
#     Location name: {country: Spain, place: Observatorio de la Vega del Codorno, region: Castile-La Mancha, sub_region: Cuenca, town: Alto
#         de la Vega}
#     Measurement direction per channel: {azimuth: 0.0, zenital: 0.0}
#     Moving / Fixed look direction: FIXED
#     Moving / Stationary position: STATIONARY
#     Number of channels: 1
#     Number of fields per line: 8
#     Number of header lines: 35
#     Position: {height: 0.0, latitude: 40.417323, longitude: -1.91062}
#     TESS MAC address: E8:DB:84:82:7D:2F
#     TESS cover offset value: 0.0
#     TESS firmware version: '1.0'
#     TESS zero point: 20.35
#     Time Synchronization: timestamp added by MQTT subscriber
#     URL: http://www.darksky.org/NSBM/sdf1.0.pdf
# - __serialized_columns__:
#     Enclosure Temperature:
#       __class__: astropy.units.quantity.Quantity
#       unit: &id001 !astropy.units.Unit {unit: deg_C}
#       value: !astropy.table.SerializedColumn {name: Enclosure Temperature}
#     Frequency:
#       __class__: astropy.units.quantity.Quantity
#       unit: !astropy.units.Unit {unit: Hz}
#       value: !astropy.table.SerializedColumn {name: Frequency}
#     MSAS:
#       __class__: astropy.units.quantity.Quantity
#       unit: !astropy.units.Unit {unit: mag / arcsec2}
#       value: !astropy.table.SerializedColumn {name: MSAS}
#     Moon Alt:
#       __class__: astropy.units.quantity.Quantity
#       unit: &id002 !astropy.units.Unit {unit: deg}
#       value: !astropy.table.SerializedColumn {name: Moon Alt}
#     Sky Temperature:
#       __class__: astropy.units.quantity.Quantity
#       unit: *id001
#       value: !astropy.table.SerializedColumn {name: Sky Temperature}
#     Sun Alt:
#       __class__: astropy.units.quantity.Quantity
#       unit: *id002
#       value: !astropy.table.SerializedColumn {name: Sun Alt}
#     time:
#       __class__: astropy.time.core.Time
#       format: isot
#       in_subfmt: '*'
#       out_subfmt: '*'
#       precision: 3
#       scale: utc
#       value: !astropy.table.SerializedColumn {name: time}
# schema: astropy-2.0
time,Enclosure Temperature,Sky Temperature,Frequency,MSAS,ZP,Sequence Number,Sun Alt,Moon Alt,Moon Illumination
[from data line 6082]
2024-04-09T21:59:00.000,6.98,-30.93,0.35,21.4,20.35,944,-33.06,-20.0,0.02
2024-04-09T22:00:00.000,6.97,-30.8,0.35,21.4,20.35,945,-33.18,-20.0,0.02
2024-04-09T22:01:00.000,7.03,-30.45,0.35,21.4,20.35,946,-33.3,-20.0,0.02
2024-04-09T22:02:01.000,6.99,-30.77,0.35,21.4,20.35,947,-33.42,-20.0,0.02
2024-04-09T22:03:01.000,6.99,-30.86,0.35,21.41,20.35,948,-33.54,-21.0,0.02
2024-04-09T22:04:02.000,6.93,-31.18,0.35,21.41,20.35,949,-33.66,-21.0,0.02
2024-04-09T22:05:01.000,6.95,-31.04,0.35,21.41,20.35,950,-33.77,-21.0,0.02
2024-04-09T22:06:02.000,6.9,-31.19,0.35,21.41,20.35,951,-33.89,-21.0,0.02
2024-04-09T22:07:02.000,6.91,-31.28,0.35,21.41,20.35,952,-34.0,-21.0,0.02
2024-04-09T22:08:02.000,6.89,-30.91,0.35,21.41,20.35,953,-34.12,-21.0,0.02
2024-04-09T22:09:03.000,6.88,-31.39,0.35,21.41,20.35,954,-34.23,-21.0,0.02
2024-04-09T22:10:03.000,6.8,-31.66,0.35,21.41,20.35,955,-34.35,-21.0,0.02
2024-04-09T22:11:03.000,6.73,-31.43,0.34,21.41,20.35,956,-34.46,-22.0,0.02
2024-04-09T22:12:03.000,6.72,-31.26,0.34,21.41,20.35,957,-34.57,-22.0,0.02
2024-04-09T22:13:04.000,6.76,-30.87,0.34,21.42,20.35,958,-34.69,-22.0,0.02
2024-04-09T22:14:04.000,6.74,-31.46,0.34,21.42,20.35,959,-34.8,-22.0,0.02
2024-04-09T22:15:05.000,6.65,-31.16,0.34,21.42,20.35,960,-34.91,-22.0,0.02
2024-04-09T22:16:05.000,6.57,-31.93,0.34,21.42,20.35,961,-35.02,-22.0,0.02
2024-04-09T22:17:05.000,6.5,-31.44,0.34,21.42,20.35,962,-35.12,-22.0,0.02
2024-04-09T22:18:05.000,6.45,-31.71,0.34,21.42,20.35,963,-35.23,-22.0,0.02
2024-04-09T22:19:06.000,6.35,-31.82,0.34,21.42,20.35,964,-35.34,-23.0,0.02
2024-04-09T22:20:06.000,6.38,-31.52,0.34,21.42,20.35,965,-35.45,-23.0,0.02
2024-04-09T22:21:06.000,6.39,-30.95,0.34,21.42,20.35,966,-35.55,-23.0,0.02
2024-04-09T22:22:06.000,6.4,-31.37,0.34,21.41,20.35,967,-35.66,-23.0,0.02
2024-04-09T22:23:07.000,6.43,-31.1,0.34,21.41,20.35,968,-35.76,-23.0,0.02
2024-04-09T22:24:07.000,6.37,-31.61,0.34,21.41,20.35,969,-35.86,-23.0,0.02
2024-04-09T22:25:08.000,6.33,-31.42,0.34,21.41,20.35,970,-35.97,-23.0,0.02
2024-04-09T22:26:08.000,6.32,-31.62,0.35,21.41,20.35,971,-36.07,-23.0,0.02
2024-04-09T22:27:08.000,6.29,-31.52,0.35,21.41,20.35,972,-36.17,-24.0,0.02
2024-04-09T22:28:08.000,6.29,-31.48,0.35,21.41,20.35,973,-36.27,-24.0,0.02
2024-04-09T22:29:09.000,6.3,-31.37,0.35,21.41,20.35,974,-36.37,-24.0,0.02
2024-04-09T22:30:09.000,6.28,-31.27,0.35,21.41,20.35,975,-36.47,-24.0,0.02
2024-04-09T22:31:09.000,6.32,-31.1,0.35,21.41,20.35,976,-36.57,-24.0,0.02
2024-04-09T22:32:09.000,6.27,-31.59,0.35,21.41,20.35,977,-36.66,-24.0,0.02
2024-04-09T22:33:09.000,6.27,-31.11,0.35,21.41,20.35,978,-36.76,-24.0,0.021
2024-04-09T22:34:09.000,6.25,-31.44,0.35,21.41,20.35,979,-36.85,-24.0,0.021
2024-04-09T22:35:10.000,6.21,-31.63,0.35,21.41,20.35,980,-36.95,-24.0,0.021
2024-04-09T22:36:10.000,6.23,-31.01,0.35,21.41,20.35,981,-37.04,-25.0,0.021
2024-04-09T22:37:11.000,6.21,-31.41,0.35,21.4,20.35,982,-37.14,-25.0,0.021
2024-04-09T22:38:11.000,6.25,-30.68,0.35,21.39,20.35,983,-37.23,-25.0,0.021
2024-04-09T22:39:11.000,6.29,-30.78,0.35,21.38,20.35,984,-37.32,-25.0,0.021
2024-04-09T22:40:11.000,6.28,-30.8,0.35,21.4,20.35,985,-37.41,-25.0,0.021
2024-04-09T22:41:12.000,6.29,-30.47,0.35,21.4,20.35,986,-37.5,-25.0,0.021
2024-04-09T22:42:12.000,6.31,-30.18,0.35,21.38,20.35,987,-37.59,-25.0,0.021
2024-04-09T22:43:13.000,6.27,-30.34,0.36,21.36,20.35,988,-37.68,-25.0,0.021
2024-04-09T22:44:13.000,6.27,-29.85,0.36,21.36,20.35,989,-37.76,-26.0,0.021
2024-04-09T22:45:13.000,6.3,-29.91,0.35,21.39,20.35,990,-37.85,-26.0,0.021
2024-04-09T22:46:13.000,6.27,-30.12,0.35,21.41,20.35,991,-37.93,-26.0,0.021
2024-04-09T22:47:13.000,6.3,-30.09,0.34,21.42,20.35,992,-38.02,-26.0,0.021
2024-04-09T22:48:14.000,6.33,-30.2,0.34,21.43,20.35,993,-38.1,-26.0,0.021
2024-04-09T22:49:14.000,6.43,-29.64,0.34,21.43,20.35,994,-38.18,-26.0,0.021
2024-04-09T22:50:14.000,6.47,-30.17,0.34,21.42,20.35,995,-38.26,-26.0,0.021
2024-04-09T22:51:14.000,6.31,-30.47,0.35,21.39,20.35,996,-38.34,-26.0,0.021
2024-04-09T22:52:15.000,6.35,-29.5,0.36,21.35,20.35,997,-38.42,-26.0,0.021
2024-04-09T22:53:15.000,6.34,-29.22,0.36,21.36,20.35,998,-38.5,-26.0,0.021
2024-04-09T22:54:15.000,6.35,-29.36,0.36,21.36,20.35,999,-38.58,-27.0,0.021
2024-04-09T22:55:15.000,6.34,-29.0,0.36,21.36,20.35,1000,-38.66,-27.0,0.021
2024-04-09T22:56:16.000,6.41,-28.21,0.36,21.36,20.35,1001,-38.73,-27.0,0.021
2024-04-09T22:57:16.000,6.48,-28.29,0.37,21.34,20.35,1002,-38.81,-27.0,0.021
2024-04-09T22:58:17.000,6.45,-28.37,0.38,21.3,20.35,1003,-38.88,-27.0,0.021
2024-04-09T22:59:17.000,6.37,-28.53,0.38,21.3,20.35,1004,-38.95,-27.0,0.021
2024-04-09T23:00:17.000,6.37,-28.12,0.38,21.29,20.35,1005,-39.03,-27.0,0.021
2024-04-09T23:01:17.000,6.37,-27.62,0.4,21.26,20.35,1006,-39.1,-27.0,0.021
2024-04-09T23:02:18.000,6.53,-27.16,0.38,21.31,20.35,1007,-39.17,-27.0,0.021
2024-04-09T23:03:18.000,6.63,-27.08,0.39,21.28,20.35,1008,-39.24,-28.0,0.021
2024-04-09T23:04:19.000,6.75,-26.64,0.4,21.26,20.35,1009,-39.31,-28.0,0.021
2024-04-09T23:05:19.000,6.86,-26.65,0.38,21.3,20.35,1010,-39.37,-28.0,0.021
2024-04-09T23:06:19.000,6.85,-26.98,0.39,21.29,20.35,1011,-39.44,-28.0,0.021
2024-04-09T23:07:19.000,6.79,-26.73,0.41,21.22,20.35,1012,-39.5,-28.0,0.021
2024-04-09T23:08:20.000,6.78,-26.68,0.42,21.2,20.35,1013,-39.57,-28.0,0.021
2024-04-09T23:09:20.000,6.78,-26.43,0.4,21.25,20.35,1014,-39.63,-28.0,0.021
2024-04-09T23:10:20.000,6.77,-27.38,0.4,21.24,20.35,1015,-39.7,-28.0,0.021
2024-04-09T23:11:21.000,6.75,-27.24,0.4,21.26,20.35,1016,-39.76,-28.0,0.021
2024-04-09T23:12:21.000,6.78,-27.76,0.37,21.34,20.35,1017,-39.82,-28.0,0.021
2024-04-09T23:13:21.000,6.81,-28.17,0.37,21.35,20.35,1018,-39.88,-28.0,0.021
2024-04-09T23:14:22.000,6.8,-28.67,0.36,21.37,20.35,1019,-39.94,-29.0,0.022
2024-04-09T23:15:22.000,6.73,-29.28,0.36,21.36,20.35,1020,-39.99,-29.0,0.022
2024-04-09T23:16:22.000,6.6,-29.54,0.36,21.35,20.35,1021,-40.05,-29.0,0.022
2024-04-09T23:17:22.000,6.52,-29.4,0.36,21.36,20.35,1022,-40.11,-29.0,0.022
2024-04-09T23:18:23.000,6.56,-28.9,0.36,21.37,20.35,1023,-40.16,-29.0,0.022
2024-04-09T23:19:23.000,6.54,-29.42,0.35,21.39,20.35,1024,-40.21,-29.0,0.022
2024-04-09T23:20:24.000,6.54,-29.16,0.35,21.4,20.35,1025,-40.27,-29.0,0.022
2024-04-09T23:21:24.000,6.6,-29.19,0.35,21.4,20.35,1026,-40.32,-29.0,0.022
2024-04-09T23:22:24.000,6.62,-29.23,0.35,21.39,20.35,1027,-40.37,-29.0,0.022
2024-04-09T23:23:24.000,6.78,-28.82,0.34,21.41,20.35,1028,-40.42,-29.0,0.022
2024-04-09T23:24:25.000,6.88,-29.22,0.34,21.43,20.35,1029,-40.47,-29.0,0.022
2024-04-09T23:25:25.000,6.91,-29.92,0.34,21.44,20.35,1030,-40.51,-30.0,0.022
2024-04-09T23:26:26.000,6.87,-30.13,0.33,21.45,20.35,1031,-40.56,-30.0,0.022
2024-04-09T23:27:26.000,6.9,-30.24,0.33,21.45,20.35,1032,-40.61,-30.0,0.022
2024-04-09T23:28:26.000,6.85,-30.6,0.33,21.46,20.35,1033,-40.65,-30.0,0.022
2024-04-09T23:29:27.000,6.74,-31.26,0.33,21.46,20.35,1034,-40.69,-30.0,0.022
2024-04-09T23:30:28.000,6.62,-31.11,0.33,21.46,20.35,1035,-40.74,-30.0,0.022
2024-04-09T23:31:28.000,6.59,-30.98,0.33,21.46,20.35,1036,-40.78,-30.0,0.022
2024-04-09T23:32:28.000,6.54,-31.15,0.33,21.46,20.35,1037,-40.82,-30.0,0.022
2024-04-09T23:33:28.000,6.53,-31.11,0.33,21.47,20.35,1038,-40.85,-30.0,0.022
2024-04-09T23:34:29.000,6.52,-30.83,0.33,21.47,20.35,1039,-40.89,-30.0,0.022
2024-04-09T23:35:29.000,6.61,-30.73,0.33,21.47,20.35,1040,-40.93,-30.0,0.022
2024-04-09T23:36:29.000,6.54,-31.14,0.33,21.47,20.35,1041,-40.96,-30.0,0.022
2024-04-09T23:37:29.000,6.5,-31.03,0.33,21.47,20.35,1042,-41.0,-31.0,0.022
2024-04-09T23:38:30.000,6.47,-31.18,0.33,21.47,20.35,1043,-41.03,-31.0,0.022
2024-04-09T23:39:30.000,6.32,-31.66,0.33,21.47,20.35,1044,-41.07,-31.0,0.022
2024-04-09T23:40:31.000,6.31,-30.76,0.33,21.48,20.35,1045,-41.1,-31.0,0.022
2024-04-09T23:41:30.000,6.37,-30.62,0.33,21.48,20.35,1046,-41.13,-31.0,0.022
2024-04-09T23:42:31.000,6.47,-30.5,0.33,21.48,20.35,1047,-41.16,-31.0,0.022
2024-04-09T23:43:31.000,6.61,-30.1,0.33,21.48,20.35,1048,-41.18,-31.0,0.022
2024-04-09T23:44:32.000,6.72,-30.22,0.33,21.47,20.35,1049,-41.21,-31.0,0.022
2024-04-09T23:45:32.000,6.87,-29.75,0.33,21.47,20.35,1050,-41.24,-31.0,0.022
2024-04-09T23:46:32.000,6.98,-29.82,0.33,21.47,20.35,1051,-41.26,-31.0,0.022
2024-04-09T23:47:32.000,7.03,-30.83,0.33,21.47,20.35,1052,-41.29,-31.0,0.022
2024-04-09T23:48:33.000,6.96,-30.43,0.33,21.47,20.35,1053,-41.31,-31.0,0.022
2024-04-09T23:49:33.000,7.02,-30.03,0.33,21.47,20.35,1054,-41.33,-31.0,0.022
2024-04-09T23:50:34.000,7.14,-29.69,0.33,21.47,20.35,1055,-41.35,-31.0,0.022
2024-04-09T23:51:34.000,7.02,-31.25,0.33,21.47,20.35,1056,-41.37,-32.0,0.022
2024-04-09T23:52:35.000,6.98,-30.3,0.33,21.47,20.35,1057,-41.39,-32.0,0.022
2024-04-09T23:53:35.000,7.03,-30.14,0.33,21.47,20.35,1058,-41.41,-32.0,0.022
2024-04-09T23:54:35.000,7.14,-30.38,0.33,21.47,20.35,1059,-41.42,-32.0,0.023
2024-04-09T23:55:35.000,6.99,-30.88,0.33,21.47,20.35,1060,-41.44,-32.0,0.023
2024-04-09T23:56:35.000,6.92,-30.56,0.33,21.47,20.35,1061,-41.45,-32.0,0.023
2024-04-09T23:57:36.000,6.91,-30.28,0.33,21.47,20.35,1062,-41.46,-32.0,0.023
2024-04-09T23:58:36.000,7.01,-29.88,0.33,21.46,20.35,1063,-41.48,-32.0,0.023
2024-04-09T23:59:37.000,7.0,-30.62,0.33,21.46,20.35,1064,-41.49,-32.0,0.023
2024-04-10T00:00:37.000,6.87,-30.85,0.33,21.46,20.35,1065,-41.5,-32.0,0.023
2024-04-10T00:01:37.000,6.85,-30.34,0.33,21.46,20.35,1066,-41.5,-32.0,0.023
2024-04-10T00:02:38.000,6.91,-29.95,0.33,21.46,20.35,1067,-41.51,-32.0,0.023
2024-04-10T00:03:38.000,6.96,-30.29,0.33,21.46,20.35,1068,-41.52,-32.0,0.023
2024-04-10T00:04:39.000,7.0,-30.27,0.33,21.46,20.35,1069,-41.52,-32.0,0.023
2024-04-10T00:05:39.000,6.98,-29.88,0.33,21.46,20.35,1070,-41.53,-32.0,0.023
2024-04-10T00:06:39.000,7.07,-29.95,0.33,21.45,20.35,1071,-41.53,-32.0,0.023
2024-04-10T00:07:39.000,7.01,-30.47,0.33,21.46,20.35,1072,-41.53,-32.0,0.023
2024-04-10T00:08:39.000,7.01,-30.03,0.33,21.46,20.35,1073,-41.53,-33.0,0.023
2024-04-10T00:09:40.000,7.06,-29.44,0.33,21.46,20.35,1074,-41.53,-33.0,0.023
2024-04-10T00:10:40.000,7.16,-30.04,0.33,21.46,20.35,1075,-41.53,-33.0,0.023
2024-04-10T00:11:40.000,7.12,-30.35,0.33,21.46,20.35,1076,-41.53,-33.0,0.023
2024-04-10T00:12:40.000,7.11,-30.29,0.33,21.46,20.35,1077,-41.52,-33.0,0.023
2024-04-10T00:13:41.000,7.12,-30.3,0.33,21.46,20.35,1078,-41.52,-33.0,0.023
2024-04-10T00:14:41.000,7.08,-30.26,0.33,21.46,20.35,1079,-41.51,-33.0,0.023
2024-04-10T00:15:41.000,7.19,-29.63,0.33,21.46,20.35,1080,-41.51,-33.0,0.023
2024-04-10T00:16:42.000,7.26,-30.36,0.33,21.46,20.35,1081,-41.5,-33.0,0.023
2024-04-10T00:17:42.000,7.27,-29.91,0.33,21.46,20.35,1082,-41.49,-33.0,0.023
2024-04-10T00:18:42.000,7.37,-29.96,0.33,21.46,20.35,1083,-41.48,-33.0,0.023
2024-04-10T00:19:42.000,7.46,-29.54,0.33,21.46,20.35,1084,-41.47,-33.0,0.023
2024-04-10T00:20:43.000,7.59,-29.79,0.33,21.46,20.35,1085,-41.45,-33.0,0.023
2024-04-10T00:21:43.000,7.63,-29.79,0.33,21.46,20.35,1086,-41.44,-33.0,0.023
2024-04-10T00:22:43.000,7.72,-29.74,0.33,21.46,20.35,1087,-41.42,-33.0,0.023
2024-04-10T00:23:43.000,7.71,-30.19,0.33,21.46,20.35,1088,-41.41,-33.0,0.023
2024-04-10T00:24:44.000,7.7,-29.87,0.33,21.47,20.35,1089,-41.39,-33.0,0.023
2024-04-10T00:25:44.000,7.68,-30.01,0.33,21.47,20.35,1090,-41.37,-33.0,0.023
2024-04-10T00:26:44.000,7.46,-31.48,0.33,21.47,20.35,1091,-41.35,-33.0,0.023
2024-04-10T00:27:44.000,7.17,-30.55,0.33,21.48,20.35,1092,-41.33,-33.0,0.023
2024-04-10T00:28:45.000,7.22,-30.16,0.32,21.48,20.35,1093,-41.31,-33.0,0.023
2024-04-10T00:29:45.000,7.21,-30.18,0.32,21.48,20.35,1094,-41.29,-33.0,0.023
2024-04-10T00:30:45.000,7.35,-29.72,0.32,21.48,20.35,1095,-41.27,-33.0,0.023
2024-04-10T00:31:45.000,7.39,-30.48,0.32,21.48,20.35,1096,-41.24,-33.0,0.023
2024-04-10T00:32:45.000,7.4,-29.88,0.32,21.48,20.35,1097,-41.22,-34.0,0.023
2024-04-10T00:33:46.000,7.44,-30.28,0.32,21.48,20.35,1098,-41.19,-34.0,0.023
2024-04-10T00:34:46.000,7.39,-30.84,0.32,21.48,20.35,1099,-41.16,-34.0,0.024
2024-04-10T00:35:47.000,7.3,-30.79,0.33,21.48,20.35,1100,-41.13,-34.0,0.024
2024-04-10T00:36:47.000,7.37,-30.1,0.33,21.48,20.35,1101,-41.1,-34.0,0.024
2024-04-10T00:37:47.000,7.39,-30.35,0.33,21.48,20.35,1102,-41.07,-34.0,0.024
2024-04-10T00:38:47.000,7.45,-30.32,0.33,21.48,20.35,1103,-41.04,-34.0,0.024
2024-04-10T00:39:48.000,7.39,-30.55,0.32,21.48,20.35,1104,-41.0,-34.0,0.024
2024-04-10T00:40:48.000,7.35,-30.58,0.32,21.48,20.35,1105,-40.97,-34.0,0.024
2024-04-10T00:41:49.000,7.41,-30.27,0.32,21.49,20.35,1106,-40.93,-34.0,0.024
2024-04-10T00:42:49.000,7.42,-30.43,0.32,21.49,20.35,1107,-40.9,-34.0,0.024
2024-04-10T00:43:49.000,7.45,-30.26,0.32,21.49,20.35,1108,-40.86,-34.0,0.024
2024-04-10T00:44:49.000,7.55,-29.89,0.32,21.49,20.35,1109,-40.82,-34.0,0.024
2024-04-10T00:45:50.000,7.62,-30.1,0.32,21.49,20.35,1110,-40.78,-34.0,0.024
2024-04-10T00:46:50.000,7.72,-30.25,0.32,21.49,20.35,1111,-40.74,-34.0,0.024
2024-04-10T00:47:51.000,7.65,-31.13,0.32,21.49,20.35,1112,-40.7,-34.0,0.024
2024-04-10T00:48:51.000,7.52,-31.24,0.32,21.49,20.35,1113,-40.65,-34.0,0.024
2024-04-10T00:49:51.000,7.38,-31.01,0.32,21.49,20.35,1114,-40.61,-34.0,0.024
2024-04-10T00:50:51.000,7.33,-30.68,0.32,21.49,20.35,1115,-40.57,-34.0,0.024
2024-04-10T00:51:52.000,7.38,-30.7,0.32,21.49,20.35,1116,-40.52,-34.0,0.024
2024-04-10T00:52:52.000,7.33,-30.84,0.32,21.49,20.35,1117,-40.47,-34.0,0.024
2024-04-10T00:53:52.000,7.4,-30.26,0.32,21.49,20.35,1118,-40.42,-34.0,0.024
2024-04-10T00:54:52.000,7.56,-30.06,0.32,21.49,20.35,1119,-40.38,-34.0,0.024
2024-04-10T00:55:53.000,7.63,-30.36,0.32,21.49,20.35,1120,-40.32,-34.0,0.024
2024-04-10T00:56:53.000,7.69,-30.42,0.32,21.49,20.35,1121,-40.27,-34.0,0.024
2024-04-10T00:57:54.000,7.68,-30.44,0.32,21.5,20.35,1122,-40.22,-34.0,0.024
2024-04-10T00:58:54.000,7.81,-29.99,0.32,21.5,20.35,1123,-40.17,-34.0,0.024
2024-04-10T00:59:54.000,7.96,-29.94,0.32,21.5,20.35,1124,-40.11,-34.0,0.024
2024-04-10T01:00:54.000,7.91,-30.5,0.32,21.5,20.35,1125,-40.06,-34.0,0.024
2024-04-10T01:01:55.000,7.92,-30.27,0.32,21.49,20.35,1126,-40.0,-34.0,0.024
2024-04-10T01:02:55.000,7.72,-31.14,0.32,21.49,20.35,1127,-39.94,-34.0,0.024
2024-04-10T01:03:55.000,7.7,-30.32,0.32,21.49,20.35,1128,-39.89,-34.0,0.024
2024-04-10T01:04:55.000,7.73,-30.64,0.32,21.49,20.35,1129,-39.83,-34.0,0.024
2024-04-10T01:05:56.000,7.6,-31.32,0.32,21.49,20.35,1130,-39.77,-34.0,0.024
2024-04-10T01:06:56.000,7.44,-30.77,0.32,21.49,20.35,1131,-39.7,-34.0,0.024
2024-04-10T01:07:56.000,7.23,-31.73,0.32,21.5,20.35,1132,-39.64,-34.0,0.024
2024-04-10T01:08:56.000,7.04,-31.02,0.32,21.5,20.35,1133,-39.58,-34.0,0.024
2024-04-10T01:09:57.000,7.02,-30.78,0.32,21.5,20.35,1134,-39.51,-34.0,0.024
2024-04-10T01:10:57.000,6.94,-31.44,0.32,21.51,20.35,1135,-39.45,-34.0,0.024
2024-04-10T01:11:58.000,6.84,-31.03,0.32,21.51,20.35,1136,-39.38,-34.0,0.024
2024-04-10T01:12:58.000,6.84,-30.93,0.32,21.51,20.35,1137,-39.32,-34.0,0.024
2024-04-10T01:13:58.000,6.64,-32.56,0.32,21.51,20.35,1138,-39.25,-34.0,0.025
2024-04-10T01:14:58.000,6.21,-33.22,0.32,21.51,20.35,1139,-39.18,-34.0,0.025
2024-04-10T01:15:59.000,5.94,-32.36,0.32,21.51,20.35,1140,-39.11,-34.0,0.025
2024-04-10T01:16:59.000,5.92,-31.79,0.32,21.5,20.35,1141,-39.04,-34.0,0.025
2024-04-10T01:17:59.000,5.82,-32.06,0.32,21.5,20.35,1142,-38.96,-34.0,0.025
2024-04-10T01:18:59.000,5.74,-32.01,0.32,21.5,20.35,1143,-38.89,-34.0,0.025
2024-04-10T01:20:00.000,5.61,-32.35,0.32,21.5,20.35,1144,-38.82,-34.0,0.025
2024-04-10T01:21:00.000,5.58,-31.77,0.32,21.5,20.35,1145,-38.74,-34.0,0.025
2024-04-10T01:22:01.000,5.49,-32.58,0.32,21.5,20.35,1146,-38.67,-34.0,0.025
2024-04-10T01:23:01.000,5.32,-32.39,0.32,21.5,20.35,1147,-38.59,-34.0,0.025
2024-04-10T01:24:01.000,5.33,-31.73,0.32,21.5,20.35,1148,-38.51,-34.0,0.025
2024-04-10T01:25:01.000,5.39,-31.77,0.32,21.5,20.35,1149,-38.43,-34.0,0.025
2024-04-10T01:26:02.000,5.38,-31.91,0.32,21.5,20.35,1150,-38.35,-34.0,0.025
2024-04-10T01:27:02.000,5.36,-32.14,0.32,21.5,20.35,1151,-38.27,-34.0,0.025
2024-04-10T01:28:02.000,5.24,-32.55,0.32,21.5,20.35,1152,-38.19,-34.0,0.025
