ecsv/stars749/stars749_2025-04.ecsv
# %ECSV 1.0
# ---
# datatype:
# - {name: time, datatype: string}
# - {name: Enclosure Temperature, unit: deg_C, datatype: float64}
# - {name: Sky Temperature, unit: deg_C, datatype: float64}
# - {name: Frequency, unit: Hz, datatype: float64}
# - {name: MSAS, unit: mag / arcsec2, datatype: float64}
# - {name: ZP, datatype: float64}
# - {name: Sequence Number, datatype: int64}
# - {name: Sun Alt, unit: deg, datatype: float64}
# - {name: Moon Alt, unit: deg, datatype: float64}
# - {name: Moon Illumination, datatype: float64}
# delimiter: ','
# meta: !!omap
# - ida:
#     Data supplier: {affiliation: AstroCuenca, observer: null}
#     Device type: TESS-W
#     Field of view: 17.0
#     Filters per channel: None
#     Instrument ID: stars749
#     License: ODbL 1.0 http://opendatacommons.org/licenses/odbl/summary/
#     Local timezone: Europe/Madrid
#     Location name: {country: Spain, place: Observatorio de la Vega del Codorno, region: Castile-La Mancha, sub_region: Cuenca, town: Alto
#         de la Vega}
#     Measurement direction per channel: {azimuth: 0.0, zenital: 0.0}
#     Moving / Fixed look direction: FIXED
#     Moving / Stationary position: STATIONARY
#     Number of channels: 1
#     Number of fields per line: 8
#     Number of header lines: 35
#     Position: {height: 0.0, latitude: 40.417323, longitude: -1.91062}
#     TESS MAC address: E8:DB:84:82:7D:2F
#     TESS cover offset value: 0.0
#     TESS firmware version: '1.0'
#     TESS zero point: 20.35
#     Time Synchronization: timestamp added by MQTT subscriber
#     URL: http://www.darksky.org/NSBM/sdf1.0.pdf
# - __serialized_columns__:
#     Enclosure Temperature:
#       __class__: astropy.units.quantity.Quantity
#       unit: &id001 !astropy.units.Unit {unit: deg_C}
#       value: !astropy.table.SerializedColumn {name: Enclosure Temperature}
#     Frequency:
#       __class__: astropy.units.quantity.Quantity
#       unit: !astropy.units.Unit {unit: Hz}
#       value: !astropy.table.SerializedColumn {name: Frequency}
#     MSAS:
#       __class__: astropy.units.quantity.Quantity
#       unit: !astropy.units.Unit {unit: mag / arcsec2}
#       value: !astropy.table.SerializedColumn {name: MSAS}
#     Moon Alt:
#       __class__: astropy.units.quantity.Quantity
#       unit: &id002 !astropy.units.Unit {unit: deg}
#       value: !astropy.table.SerializedColumn {name: Moon Alt}
#     Sky Temperature:
#       __class__: astropy.units.quantity.Quantity
#       unit: *id001
#       value: !astropy.table.SerializedColumn {name: Sky Temperature}
#     Sun Alt:
#       __class__: astropy.units.quantity.Quantity
#       unit: *id002
#       value: !astropy.table.SerializedColumn {name: Sun Alt}
#     time:
#       __class__: astropy.time.core.Time
#       format: isot
#       in_subfmt: '*'
#       out_subfmt: '*'
#       precision: 3
#       scale: utc
#       value: !astropy.table.SerializedColumn {name: time}
# schema: astropy-2.0
time,Enclosure Temperature,Sky Temperature,Frequency,MSAS,ZP,Sequence Number,Sun Alt,Moon Alt,Moon Illumination
[from data line 2514]
2025-04-04T19:21:06.000,9.84,1.04,10.23,17.73,20.35,33771,-9.32,70.0,0.47
2025-04-04T19:22:06.000,9.89,0.27,14.9,17.34,20.35,33772,-9.5,70.0,0.47
2025-04-04T19:23:06.000,9.91,0.66,8.69,17.91,20.35,33773,-9.68,70.0,0.47
2025-04-04T19:24:07.000,10.0,0.8,8.81,17.89,20.35,33774,-9.87,70.0,0.47
2025-04-04T19:25:07.000,9.96,0.84,10.18,17.74,20.35,33775,-10.05,69.0,0.47
2025-04-04T19:26:07.000,9.9,1.21,5.67,18.38,20.35,33776,-10.23,69.0,0.471
2025-04-04T19:27:07.000,9.86,0.54,5.03,18.5,20.35,33777,-10.41,69.0,0.471
2025-04-04T19:28:08.000,9.83,0.81,5.57,18.39,20.35,33778,-10.6,69.0,0.471
2025-04-04T19:29:08.000,9.82,0.41,6.63,18.21,20.35,33779,-10.78,69.0,0.471
2025-04-04T19:30:09.000,9.89,1.12,8.75,17.9,20.35,33780,-10.96,69.0,0.471
2025-04-04T19:31:09.000,10.04,1.07,5.2,18.47,20.35,33781,-11.14,68.0,0.471
2025-04-04T19:32:09.000,9.8,0.82,4.76,18.56,20.35,33782,-11.32,68.0,0.471
2025-04-04T19:33:09.000,9.72,0.94,4.79,18.55,20.35,33783,-11.5,68.0,0.471
2025-04-04T19:34:10.000,9.65,0.71,4.63,18.6,20.35,33784,-11.69,68.0,0.471
2025-04-04T19:35:10.000,9.78,1.14,2.41,19.3,20.35,33785,-11.87,68.0,0.471
2025-04-04T19:36:11.000,9.83,1.03,2.01,19.5,20.35,33786,-12.05,68.0,0.471
2025-04-04T19:37:11.000,9.97,1.21,1.81,19.61,20.35,33787,-12.23,67.0,0.471
2025-04-04T19:38:11.000,10.06,1.39,1.84,19.59,20.35,33788,-12.41,67.0,0.471
2025-04-04T19:39:11.000,9.94,1.7,2.06,19.47,20.35,33789,-12.59,67.0,0.472
2025-04-04T19:40:12.000,9.71,1.23,2.43,19.29,20.35,33790,-12.77,67.0,0.472
2025-04-04T19:41:12.000,9.64,1.61,2.26,19.37,20.35,33791,-12.95,67.0,0.472
2025-04-04T19:42:12.000,9.82,1.31,2.31,19.34,20.35,33792,-13.13,67.0,0.472
2025-04-04T19:43:12.000,9.87,1.12,4.14,18.71,20.35,33793,-13.31,66.0,0.472
2025-04-04T19:44:13.000,9.95,0.88,4.79,18.55,20.35,33794,-13.49,66.0,0.472
2025-04-04T19:45:13.000,9.78,0.48,6.49,18.23,20.35,33795,-13.67,66.0,0.472
2025-04-04T19:46:13.000,9.67,0.4,5.11,18.5,20.35,33796,-13.85,66.0,0.472
2025-04-04T19:47:13.000,9.76,1.32,3.33,18.95,20.35,33797,-14.03,66.0,0.472
2025-04-04T19:48:14.000,9.92,1.18,3.92,18.77,20.35,33798,-14.21,66.0,0.472
2025-04-04T19:49:14.000,10.06,1.48,4.08,18.73,20.35,33799,-14.38,65.0,0.472
2025-04-04T19:50:15.000,9.93,1.41,4.53,18.62,20.35,33800,-14.56,65.0,0.472
2025-04-04T19:51:15.000,9.73,1.54,4.77,18.56,20.35,33801,-14.74,65.0,0.472
2025-04-04T19:52:15.000,9.74,1.61,4.27,18.68,20.35,33802,-14.92,65.0,0.473
2025-04-04T19:53:15.000,9.82,1.17,4.96,18.52,20.35,33803,-15.09,65.0,0.473
2025-04-04T19:54:15.000,9.84,0.53,5.23,18.46,20.35,33804,-15.27,65.0,0.473
2025-04-04T19:55:16.000,9.75,0.78,4.24,18.69,20.35,33805,-15.45,64.0,0.473
2025-04-04T19:56:16.000,9.83,1.02,4.61,18.59,20.35,33806,-15.63,64.0,0.473
2025-04-04T19:57:16.000,9.88,0.35,4.61,18.61,20.35,33807,-15.8,64.0,0.473
2025-04-04T19:58:17.000,9.82,0.42,3.04,19.05,20.35,33808,-15.98,64.0,0.473
2025-04-04T19:59:17.000,9.84,0.8,4.17,18.71,20.35,33809,-16.15,64.0,0.473
2025-04-04T20:00:17.000,9.83,0.65,3.91,18.77,20.35,33810,-16.33,63.0,0.473
2025-04-04T20:01:17.000,10.02,1.59,3.65,18.85,20.35,33811,-16.5,63.0,0.473
2025-04-04T20:02:18.000,9.98,1.53,3.86,18.78,20.35,33812,-16.68,63.0,0.473
2025-04-04T20:03:18.000,9.79,1.24,4.36,18.66,20.35,33813,-16.86,63.0,0.473
2025-04-04T20:04:19.000,9.66,0.57,7.46,18.09,20.35,33814,-17.03,63.0,0.473
2025-04-04T20:05:19.000,9.63,-0.57,8.15,17.98,20.35,33815,-17.21,63.0,0.474
2025-04-04T20:06:19.000,9.67,0.41,4.77,18.56,20.35,33816,-17.38,62.0,0.474
2025-04-04T20:07:19.000,9.79,0.83,6.43,18.24,20.35,33817,-17.55,62.0,0.474
2025-04-04T20:08:20.000,9.84,0.44,5.57,18.39,20.35,33818,-17.73,62.0,0.474
2025-04-04T20:09:20.000,9.88,0.74,4.4,18.65,20.35,33819,-17.9,62.0,0.474
2025-04-04T20:10:20.000,9.99,0.2,5.4,18.43,20.35,33820,-18.07,62.0,0.474
2025-04-04T20:11:20.000,9.92,0.25,5.88,18.34,20.35,33821,-18.25,62.0,0.474
2025-04-04T20:12:21.000,9.91,0.89,4.78,18.56,20.35,33822,-18.42,61.0,0.474
2025-04-04T20:13:21.000,9.9,0.78,4.71,18.58,20.35,33823,-18.59,61.0,0.474
2025-04-04T20:14:22.000,10.01,1.14,5.25,18.45,20.35,33824,-18.77,61.0,0.474
2025-04-04T20:15:22.000,9.98,1.05,3.94,18.78,20.35,33825,-18.94,61.0,0.474
2025-04-04T20:16:22.000,9.72,1.54,2.24,19.38,20.35,33826,-19.11,61.0,0.474
2025-04-04T20:17:22.000,9.81,1.65,2.85,19.14,20.35,33827,-19.28,60.0,0.474
2025-04-04T20:18:23.000,9.92,0.95,5.97,18.35,20.35,33828,-19.45,60.0,0.475
2025-04-04T20:19:23.000,10.08,0.6,8.74,17.9,20.35,33829,-19.62,60.0,0.475
2025-04-04T20:20:23.000,9.94,-0.28,7.09,18.13,20.35,33830,-19.79,60.0,0.475
2025-04-04T20:21:23.000,9.7,0.89,6.26,18.27,20.35,33831,-19.96,60.0,0.475
2025-04-04T20:22:24.000,9.65,0.81,6.23,18.27,20.35,33832,-20.13,60.0,0.475
2025-04-04T20:23:24.000,9.68,0.84,5.9,18.33,20.35,33833,-20.3,59.0,0.475
2025-04-04T20:24:25.000,9.69,0.44,4.86,18.56,20.35,33834,-20.47,59.0,0.475
2025-04-04T20:25:25.000,9.83,1.19,2.59,19.22,20.35,33835,-20.64,59.0,0.475
2025-04-04T20:26:25.000,9.97,1.53,2.96,19.11,20.35,33836,-20.81,59.0,0.475
2025-04-04T20:27:25.000,10.04,0.85,7.1,18.13,20.35,33837,-20.98,59.0,0.475
2025-04-04T20:28:26.000,9.85,1.07,4.74,18.59,20.35,33838,-21.15,58.0,0.475
2025-04-04T20:29:26.000,9.71,0.61,5.48,18.42,20.35,33839,-21.31,58.0,0.475
2025-04-04T20:30:26.000,9.71,0.75,4.05,18.74,20.35,33840,-21.48,58.0,0.475
2025-04-04T20:31:27.000,9.78,1.01,3.98,18.77,20.35,33841,-21.65,58.0,0.475
2025-04-04T20:32:26.000,9.87,0.93,3.05,19.05,20.35,33842,-21.81,58.0,0.476
2025-04-04T20:33:27.000,9.86,0.63,5.07,18.51,20.35,33843,-21.98,58.0,0.476
2025-04-04T20:34:27.000,9.97,0.79,3.67,18.84,20.35,33844,-22.15,57.0,0.476
2025-04-04T20:35:28.000,10.05,0.9,4.8,18.55,20.35,33845,-22.31,57.0,0.476
2025-04-04T20:36:28.000,9.96,1.02,5.17,18.47,20.35,33846,-22.48,57.0,0.476
2025-04-04T20:37:28.000,9.65,0.23,5.81,18.35,20.35,33847,-22.64,57.0,0.476
2025-04-04T20:38:28.000,9.53,-0.59,7.32,18.09,20.35,33848,-22.81,57.0,0.476
2025-04-04T20:39:29.000,9.56,0.03,6.97,18.14,20.35,33849,-22.97,56.0,0.476
2025-04-04T20:40:29.000,9.68,0.43,6.28,18.28,20.35,33850,-23.14,56.0,0.476
2025-04-04T20:41:30.000,9.8,0.66,4.23,18.69,20.35,33851,-23.3,56.0,0.476
2025-04-04T20:42:30.000,9.98,1.34,3.6,18.87,20.35,33852,-23.47,56.0,0.476
2025-04-04T20:43:30.000,10.11,1.44,4.22,18.7,20.35,33853,-23.63,56.0,0.476
2025-04-04T20:44:30.000,10.0,1.74,3.87,18.8,20.35,33854,-23.79,56.0,0.476
2025-04-04T20:45:31.000,9.73,0.84,5.55,18.39,20.35,33855,-23.95,55.0,0.477
2025-04-04T20:46:31.000,9.59,0.84,4.94,18.52,20.35,33856,-24.11,55.0,0.477
2025-04-04T20:47:31.000,9.6,1.03,3.44,18.91,20.35,33857,-24.28,55.0,0.477
2025-04-04T20:48:31.000,9.79,1.57,2.7,19.18,20.35,33858,-24.44,55.0,0.477
2025-04-04T20:49:32.000,10.01,1.43,2.83,19.13,20.35,33859,-24.6,55.0,0.477
2025-04-04T20:50:32.000,10.12,2.12,2.31,19.34,20.35,33860,-24.76,54.0,0.477
2025-04-04T20:51:32.000,9.91,1.34,2.27,19.36,20.35,33861,-24.92,54.0,0.477
2025-04-04T20:52:32.000,9.6,1.43,2.9,19.1,20.35,33862,-25.08,54.0,0.477
2025-04-04T20:53:33.000,9.72,1.85,3.79,18.81,20.35,33863,-25.24,54.0,0.477
2025-04-04T20:54:33.000,9.86,0.99,5.52,18.4,20.35,33864,-25.4,54.0,0.477
2025-04-04T20:55:33.000,9.96,1.0,3.75,18.83,20.35,33865,-25.55,53.0,0.477
2025-04-04T20:56:33.000,10.06,1.71,2.66,19.19,20.35,33866,-25.71,53.0,0.477
2025-04-04T20:57:34.000,9.94,1.67,3.64,18.87,20.35,33867,-25.87,53.0,0.477
2025-04-04T20:58:34.000,9.81,1.45,4.27,18.68,20.35,33868,-26.03,53.0,0.478
2025-04-04T20:59:35.000,9.76,0.97,3.75,18.82,20.35,33869,-26.19,53.0,0.478
2025-04-04T21:00:35.000,9.76,1.18,3.27,18.98,20.35,33870,-26.34,53.0,0.478
2025-04-04T21:01:35.000,9.89,1.38,2.52,19.25,20.35,33871,-26.5,52.0,0.478
2025-04-04T21:02:35.000,10.0,1.2,3.66,18.85,20.35,33872,-26.65,52.0,0.478
2025-04-04T21:03:36.000,9.88,0.69,5.71,18.41,20.35,33873,-26.81,52.0,0.478
2025-04-04T21:04:36.000,9.77,0.02,8.48,17.93,20.35,33874,-26.96,52.0,0.478
2025-04-04T21:05:36.000,9.85,0.84,6.04,18.32,20.35,33875,-27.12,52.0,0.478
2025-04-04T21:06:36.000,9.83,0.2,5.48,18.41,20.35,33876,-27.27,51.0,0.478
2025-04-04T21:07:37.000,9.75,0.15,4.66,18.6,20.35,33877,-27.42,51.0,0.478
2025-04-04T21:08:37.000,9.86,0.98,3.91,18.78,20.35,33878,-27.58,51.0,0.478
2025-04-04T21:09:38.000,9.97,1.05,5.27,18.46,20.35,33879,-27.73,51.0,0.478
2025-04-04T21:10:38.000,10.12,1.6,5.12,18.48,20.35,33880,-27.88,51.0,0.478
2025-04-04T21:11:38.000,9.88,0.95,4.98,18.51,20.35,33881,-28.03,51.0,0.479
2025-04-04T21:12:38.000,9.64,0.9,4.6,18.6,20.35,33882,-28.18,50.0,0.479
2025-04-04T21:13:39.000,9.57,0.41,4.8,18.56,20.35,33883,-28.34,50.0,0.479
2025-04-04T21:14:39.000,9.69,1.12,4.3,18.68,20.35,33884,-28.48,50.0,0.479
2025-04-04T21:15:39.000,9.87,1.28,3.0,19.06,20.35,33885,-28.63,50.0,0.479
2025-04-04T21:16:39.000,10.07,1.6,2.97,19.08,20.35,33886,-28.78,50.0,0.479
2025-04-04T21:17:40.000,9.98,1.2,3.91,18.77,20.35,33887,-28.93,49.0,0.479
2025-04-04T21:18:40.000,9.73,1.0,4.52,18.61,20.35,33888,-29.08,49.0,0.479
2025-04-04T21:19:41.000,9.72,1.17,4.26,18.68,20.35,33889,-29.23,49.0,0.479
2025-04-04T21:20:41.000,9.79,0.36,4.64,18.59,20.35,33890,-29.38,49.0,0.479
2025-04-04T21:21:41.000,9.8,-0.5,5.84,18.34,20.35,33891,-29.52,49.0,0.479
2025-04-04T21:22:41.000,9.82,0.48,3.89,18.78,20.35,33892,-29.67,48.0,0.479
2025-04-04T21:23:42.000,9.98,1.02,4.28,18.68,20.35,33893,-29.82,48.0,0.479
2025-04-04T21:24:42.000,10.02,0.73,4.42,18.64,20.35,33894,-29.96,48.0,0.48
2025-04-04T21:25:42.000,9.84,1.04,3.51,18.9,20.35,33895,-30.1,48.0,0.48
2025-04-04T21:26:42.000,9.78,0.98,3.51,18.9,20.35,33896,-30.25,48.0,0.48
2025-04-04T21:27:43.000,9.81,0.81,3.9,18.78,20.35,33897,-30.39,48.0,0.48
2025-04-04T21:28:43.000,9.81,0.58,2.52,19.25,20.35,33898,-30.54,47.0,0.48
2025-04-04T21:29:43.000,9.78,0.52,3.64,18.86,20.35,33899,-30.68,47.0,0.48
2025-04-04T21:30:43.000,9.82,0.69,3.62,18.86,20.35,33900,-30.82,47.0,0.48
2025-04-04T21:31:44.000,9.93,0.9,5.15,18.49,20.35,33901,-30.96,47.0,0.48
2025-04-04T21:32:44.000,10.15,0.95,5.37,18.44,20.35,33902,-31.1,47.0,0.48
2025-04-04T21:33:45.000,9.97,0.77,3.4,18.92,20.35,33903,-31.25,46.0,0.48
2025-04-04T21:34:45.000,9.53,0.23,4.55,18.61,20.35,33904,-31.39,46.0,0.48
2025-04-04T21:35:45.000,9.39,0.13,5.2,18.47,20.35,33905,-31.52,46.0,0.48
2025-04-04T21:36:45.000,9.4,0.57,3.97,18.76,20.35,33906,-31.66,46.0,0.48
2025-04-04T21:37:46.000,9.54,0.81,5.07,18.5,20.35,33907,-31.8,46.0,0.48
2025-04-04T21:38:46.000,9.71,0.68,4.05,18.75,20.35,33908,-31.94,45.0,0.481
2025-04-04T21:39:47.000,9.84,0.77,3.32,18.95,20.35,33909,-32.08,45.0,0.481
2025-04-04T21:40:47.000,9.99,-0.03,4.27,18.68,20.35,33910,-32.21,45.0,0.481
2025-04-04T21:41:47.000,9.95,0.14,3.31,18.95,20.35,33911,-32.35,45.0,0.481
2025-04-04T21:42:47.000,9.88,0.74,2.57,19.24,20.35,33912,-32.48,45.0,0.481
2025-04-04T21:43:48.000,9.9,1.1,1.45,19.85,20.35,33913,-32.62,45.0,0.481
2025-04-04T21:44:48.000,9.92,0.92,1.63,19.73,20.35,33914,-32.75,44.0,0.481
2025-04-04T21:45:49.000,10.03,0.72,3.16,19.01,20.35,33915,-32.89,44.0,0.481
2025-04-04T21:46:49.000,9.87,-0.36,3.87,18.78,20.35,33916,-33.02,44.0,0.481
2025-04-04T21:47:49.000,9.72,-0.35,4.24,18.69,20.35,33917,-33.15,44.0,0.481
2025-04-04T21:48:49.000,9.78,-0.72,3.51,18.89,20.35,33918,-33.29,44.0,0.481
2025-04-04T21:49:50.000,9.88,-0.48,3.6,18.86,20.35,33919,-33.42,43.0,0.481
2025-04-04T21:50:50.000,10.02,-0.23,3.55,18.88,20.35,33920,-33.55,43.0,0.481
2025-04-04T21:51:50.000,10.02,-0.3,3.69,18.83,20.35,33921,-33.68,43.0,0.482
2025-04-04T21:52:50.000,9.61,-0.42,3.11,19.02,20.35,33922,-33.81,43.0,0.482
2025-04-04T21:53:50.000,9.36,-0.3,3.69,18.85,20.35,33923,-33.93,43.0,0.482
2025-04-04T21:54:51.000,9.08,-1.33,3.4,18.93,20.35,33924,-34.06,42.0,0.482
2025-04-04T21:55:51.000,8.99,-0.96,2.92,19.09,20.35,33925,-34.19,42.0,0.482
2025-04-04T21:56:52.000,8.96,-0.7,2.89,19.1,20.35,33926,-34.32,42.0,0.482
2025-04-04T21:57:52.000,9.07,1.88,3.05,19.04,20.35,33927,-34.45,42.0,0.482
2025-04-04T21:58:52.000,9.15,1.74,2.9,19.09,20.35,33928,-34.57,42.0,0.482
2025-04-04T21:59:52.000,9.33,2.26,3.34,18.95,20.35,33929,-34.69,42.0,0.482
2025-04-04T22:00:53.000,9.48,1.66,2.87,19.11,20.35,33930,-34.82,41.0,0.482
2025-04-04T22:01:53.000,9.47,0.58,2.65,19.19,20.35,33931,-34.94,41.0,0.482
2025-04-04T22:02:53.000,9.62,0.39,2.36,19.32,20.35,33932,-35.07,41.0,0.482
2025-04-04T22:03:53.000,9.87,0.14,2.97,19.07,20.35,33933,-35.19,41.0,0.482
2025-04-04T22:04:54.000,9.93,-0.16,2.95,19.08,20.35,33934,-35.31,41.0,0.483
2025-04-04T22:05:54.000,10.01,0.35,2.49,19.26,20.35,33935,-35.43,40.0,0.483
2025-04-04T22:06:55.000,10.03,0.58,2.41,19.3,20.35,33936,-35.55,40.0,0.483
2025-04-04T22:07:55.000,9.8,0.21,2.96,19.07,20.35,33937,-35.67,40.0,0.483
2025-04-04T22:08:55.000,9.74,0.55,2.57,19.23,20.35,33938,-35.79,40.0,0.483
2025-04-04T22:09:55.000,9.87,0.72,2.63,19.21,20.35,33939,-35.91,40.0,0.483
2025-04-04T22:10:56.000,10.06,0.76,2.39,19.31,20.35,33940,-36.02,40.0,0.483
2025-04-04T22:11:56.000,10.04,0.34,2.64,19.2,20.35,33941,-36.14,39.0,0.483
2025-04-04T22:12:56.000,9.83,0.73,2.06,19.47,20.35,33942,-36.26,39.0,0.483
2025-04-04T22:13:56.000,9.77,0.58,2.88,19.11,20.35,33943,-36.37,39.0,0.483
2025-04-04T22:14:57.000,9.94,0.26,3.19,19.01,20.35,33944,-36.49,39.0,0.483
2025-04-04T22:15:57.000,10.05,0.54,3.04,19.05,20.35,33945,-36.6,39.0,0.483
2025-04-04T22:16:57.000,10.09,0.98,3.17,19.0,20.35,33946,-36.71,38.0,0.483
2025-04-04T22:17:57.000,9.94,1.7,3.48,18.9,20.35,33947,-36.82,38.0,0.484
2025-04-04T22:18:58.000,9.57,1.17,3.04,19.05,20.35,33948,-36.94,38.0,0.484
2025-04-04T22:19:58.000,9.39,1.6,2.8,19.14,20.35,33949,-37.05,38.0,0.484
2025-04-04T22:20:59.000,9.53,1.5,2.95,19.09,20.35,33950,-37.16,38.0,0.484
2025-04-04T22:21:59.000,9.64,0.52,3.05,19.05,20.35,33951,-37.27,37.0,0.484
2025-04-04T22:22:59.000,9.46,-1.21,3.12,19.02,20.35,33952,-37.37,37.0,0.484
2025-04-04T22:23:59.000,9.32,-1.77,3.44,18.91,20.35,33953,-37.48,37.0,0.484
2025-04-04T22:25:00.000,9.11,-1.35,3.12,19.02,20.35,33954,-37.59,37.0,0.484
2025-04-04T22:26:00.000,9.03,-1.29,2.42,19.29,20.35,33955,-37.69,37.0,0.484
2025-04-04T22:27:00.000,8.95,-1.06,2.77,19.15,20.35,33956,-37.8,37.0,0.484
2025-04-04T22:28:00.000,8.79,-0.68,2.42,19.29,20.35,33957,-37.9,36.0,0.484
2025-04-04T22:29:01.000,8.73,-0.07,2.04,19.48,20.35,33958,-38.01,36.0,0.484
2025-04-04T22:30:01.000,8.84,0.58,1.38,19.91,20.35,33959,-38.11,36.0,0.484
2025-04-04T22:31:01.000,8.79,0.33,1.21,20.05,20.35,33960,-38.21,36.0,0.484
2025-04-04T22:32:01.000,8.64,1.58,1.57,19.76,20.35,33961,-38.31,36.0,0.485
2025-04-04T22:33:02.000,8.98,3.51,1.91,19.58,20.35,33962,-38.41,35.0,0.485
2025-04-04T22:34:02.000,9.36,3.72,2.35,19.32,20.35,33963,-38.51,35.0,0.485
2025-04-04T22:35:03.000,9.16,1.57,2.09,19.45,20.35,33964,-38.61,35.0,0.485
2025-04-04T22:36:03.000,8.97,2.33,1.44,19.86,20.35,33965,-38.71,35.0,0.485
2025-04-04T22:37:03.000,8.88,2.24,1.41,19.88,20.35,33966,-38.8,35.0,0.485
2025-04-04T22:38:03.000,8.76,1.72,1.87,19.58,20.35,33967,-38.9,35.0,0.485
2025-04-04T22:39:04.000,8.78,2.41,1.47,19.86,20.35,33968,-39.0,34.0,0.485
2025-04-04T22:40:04.000,8.75,2.41,1.35,19.93,20.35,33969,-39.09,34.0,0.485
2025-04-04T22:41:05.000,8.98,3.56,1.4,19.89,20.35,33970,-39.18,34.0,0.485
2025-04-04T22:42:05.000,9.18,3.26,1.55,19.78,20.35,33971,-39.28,34.0,0.485
2025-04-04T22:43:05.000,9.14,2.66,1.83,19.61,20.35,33972,-39.37,34.0,0.485
2025-04-04T22:44:05.000,9.04,2.36,1.47,19.87,20.35,33973,-39.46,33.0,0.485
2025-04-04T22:45:06.000,9.02,2.53,1.27,19.99,20.35,33974,-39.55,33.0,0.486
2025-04-04T22:46:06.000,9.11,3.2,1.23,20.04,20.35,33975,-39.64,33.0,0.486
2025-04-04T22:47:06.000,9.2,3.04,0.94,20.32,20.35,33976,-39.73,33.0,0.486
2025-04-04T22:48:06.000,9.17,2.75,0.97,20.29,20.35,33977,-39.81,33.0,0.486
2025-04-04T22:49:06.000,9.3,3.73,0.93,20.33,20.35,33978,-39.9,33.0,0.486
2025-04-04T22:50:07.000,9.5,3.58,0.92,20.34,20.35,33979,-39.98,32.0,0.486
2025-04-04T22:51:07.000,9.49,2.87,1.19,20.07,20.35,33980,-40.07,32.0,0.486
2025-04-04T22:52:08.000,9.31,2.0,1.3,19.97,20.35,33981,-40.15,32.0,0.486
2025-04-04T22:53:08.000,9.06,1.57,1.64,19.73,20.35,33982,-40.24,32.0,0.486
2025-04-04T22:54:08.000,8.93,1.82,1.29,19.99,20.35,33983,-40.32,32.0,0.486
2025-04-04T22:55:08.000,8.97,2.23,0.97,20.28,20.35,33984,-40.4,31.0,0.486
