ecsv/stars749/stars749_2024-04.ecsv
# %ECSV 1.0
# ---
# datatype:
# - {name: time, datatype: string}
# - {name: Enclosure Temperature, unit: deg_C, datatype: float64}
# - {name: Sky Temperature, unit: deg_C, datatype: float64}
# - {name: Frequency, unit: Hz, datatype: float64}
# - {name: MSAS, unit: mag / arcsec2, datatype: float64}
# - {name: ZP, datatype: float64}
# - {name: Sequence Number, datatype: int64}
# - {name: Sun Alt, unit: deg, datatype: float64}
# - {name: Moon Alt, unit: deg, datatype: float64}
# - {name: Moon Illumination, datatype: float64}
# delimiter: ','
# meta: !!omap
# - ida:
#     Data supplier: {affiliation: AstroCuenca, observer: null}
#     Device type: TESS-W
#     Field of view: 17.0
#     Filters per channel: None
#     Instrument ID: stars749
#     License: ODbL 1.0 http://opendatacommons.org/licenses/odbl/summary/
#     Local timezone: Europe/Madrid
#     Location name: {country: Spain, place: Observatorio de la Vega del Codorno, region: Castile-La Mancha, sub_region: Cuenca, town: Alto
#         de la Vega}
#     Measurement direction per channel: {azimuth: 0.0, zenital: 0.0}
#     Moving / Fixed look direction: FIXED
#     Moving / Stationary position: STATIONARY
#     Number of channels: 1
#     Number of fields per line: 8
#     Number of header lines: 35
#     Position: {height: 0.0, latitude: 40.417323, longitude: -1.91062}
#     TESS MAC address: E8:DB:84:82:7D:2F
#     TESS cover offset value: 0.0
#     TESS firmware version: '1.0'
#     TESS zero point: 20.35
#     Time Synchronization: timestamp added by MQTT subscriber
#     URL: http://www.darksky.org/NSBM/sdf1.0.pdf
# - __serialized_columns__:
#     Enclosure Temperature:
#       __class__: astropy.units.quantity.Quantity
#       unit: &id001 !astropy.units.Unit {unit: deg_C}
#       value: !astropy.table.SerializedColumn {name: Enclosure Temperature}
#     Frequency:
#       __class__: astropy.units.quantity.Quantity
#       unit: !astropy.units.Unit {unit: Hz}
#       value: !astropy.table.SerializedColumn {name: Frequency}
#     MSAS:
#       __class__: astropy.units.quantity.Quantity
#       unit: !astropy.units.Unit {unit: mag / arcsec2}
#       value: !astropy.table.SerializedColumn {name: MSAS}
#     Moon Alt:
#       __class__: astropy.units.quantity.Quantity
#       unit: &id002 !astropy.units.Unit {unit: deg}
#       value: !astropy.table.SerializedColumn {name: Moon Alt}
#     Sky Temperature:
#       __class__: astropy.units.quantity.Quantity
#       unit: *id001
#       value: !astropy.table.SerializedColumn {name: Sky Temperature}
#     Sun Alt:
#       __class__: astropy.units.quantity.Quantity
#       unit: *id002
#       value: !astropy.table.SerializedColumn {name: Sun Alt}
#     time:
#       __class__: astropy.time.core.Time
#       format: isot
#       in_subfmt: '*'
#       out_subfmt: '*'
#       precision: 3
#       scale: utc
#       value: !astropy.table.SerializedColumn {name: time}
# schema: astropy-2.0
time,Enclosure Temperature,Sky Temperature,Frequency,MSAS,ZP,Sequence Number,Sun Alt,Moon Alt,Moon Illumination
[from data line 12363]
2024-04-24T02:06:33.000,1.23,-38.31,9.55,17.81,20.35,927,-29.71,27.0,1.0
2024-04-24T02:07:33.000,1.13,-39.65,7.34,18.09,20.35,928,-29.6,27.0,1.0
2024-04-24T02:08:33.000,1.13,-38.91,8.18,17.98,20.35,929,-29.49,27.0,1.0
2024-04-24T02:09:33.000,1.12,-38.96,7.84,18.02,20.35,930,-29.38,27.0,1.0
2024-04-24T02:10:34.000,1.12,-39.26,7.65,18.05,20.35,931,-29.27,27.0,1.0
2024-04-24T02:11:34.000,1.12,-39.6,7.37,18.08,20.35,932,-29.16,27.0,1.0
2024-04-24T02:12:34.000,1.16,-39.31,7.07,18.13,20.35,933,-29.05,27.0,1.0
2024-04-24T02:13:34.000,1.25,-39.23,6.94,18.15,20.35,934,-28.93,26.0,1.0
2024-04-24T02:14:35.000,1.25,-39.63,7.43,18.07,20.35,935,-28.82,26.0,1.0
2024-04-24T02:15:35.000,1.24,-39.17,7.08,18.13,20.35,936,-28.71,26.0,1.0
2024-04-24T02:16:35.000,1.24,-39.67,7.12,18.12,20.35,937,-28.59,26.0,1.0
2024-04-24T02:17:36.000,1.18,-39.32,6.96,18.14,20.35,938,-28.48,26.0,1.0
2024-04-24T02:18:36.000,1.13,-39.0,7.39,18.08,20.35,939,-28.36,26.0,1.0
2024-04-24T02:19:36.000,1.02,-39.94,7.32,18.09,20.35,940,-28.24,26.0,1.0
2024-04-24T02:20:37.000,0.99,-39.72,6.79,18.17,20.35,941,-28.13,26.0,1.0
2024-04-24T02:21:37.000,1.0,-39.22,7.05,18.13,20.35,942,-28.01,26.0,1.0
2024-04-24T02:22:37.000,1.1,-38.83,6.78,18.17,20.35,943,-27.89,25.0,1.0
2024-04-24T02:23:37.000,1.16,-37.35,9.08,17.88,20.35,944,-27.77,25.0,1.0
2024-04-24T02:24:38.000,1.14,-39.35,7.13,18.12,20.35,945,-27.65,25.0,1.0
2024-04-24T02:25:38.000,1.13,-39.51,6.58,18.2,20.35,946,-27.53,25.0,1.0
2024-04-24T02:26:38.000,1.15,-39.04,6.8,18.17,20.35,947,-27.41,25.0,1.0
2024-04-24T02:27:38.000,1.22,-38.58,7.32,18.09,20.35,948,-27.29,25.0,1.0
2024-04-24T02:28:39.000,1.34,-38.64,6.42,18.23,20.35,949,-27.17,25.0,1.0
2024-04-24T02:29:39.000,1.38,-39.1,6.7,18.19,20.35,950,-27.04,25.0,1.0
2024-04-24T02:30:39.000,1.37,-39.24,6.51,18.22,20.35,951,-26.92,25.0,1.0
2024-04-24T02:31:39.000,1.33,-38.36,7.16,18.12,20.35,952,-26.8,24.0,1.0
2024-04-24T02:32:40.000,1.34,-38.26,7.05,18.13,20.35,953,-26.67,24.0,1.0
2024-04-24T02:33:40.000,1.46,-37.27,8.13,17.99,20.35,954,-26.55,24.0,1.0
2024-04-24T02:34:40.000,1.58,-38.47,6.59,18.2,20.35,955,-26.42,24.0,1.0
2024-04-24T02:35:41.000,1.58,-38.83,6.34,18.24,20.35,956,-26.29,24.0,1.0
2024-04-24T02:36:41.000,1.62,-38.79,6.5,18.22,20.35,957,-26.17,24.0,1.0
2024-04-24T02:37:41.000,1.61,-38.93,6.28,18.25,20.35,958,-26.04,24.0,1.0
2024-04-24T02:38:42.000,1.58,-39.11,6.22,18.27,20.35,959,-25.91,24.0,1.0
2024-04-24T02:39:42.000,1.61,-38.13,6.86,18.17,20.35,960,-25.78,23.0,1.0
2024-04-24T02:40:42.000,1.62,-38.51,6.33,18.25,20.35,961,-25.65,23.0,1.0
2024-04-24T02:41:42.000,1.6,-38.8,6.2,18.27,20.35,962,-25.53,23.0,1.0
2024-04-24T02:42:43.000,1.69,-38.04,6.57,18.21,20.35,963,-25.39,23.0,1.0
2024-04-24T02:43:43.000,1.77,-38.16,6.59,18.21,20.35,964,-25.26,23.0,1.0
2024-04-24T02:44:44.000,1.83,-38.16,6.11,18.29,20.35,965,-25.13,23.0,1.0
2024-04-24T02:45:44.000,1.91,-38.25,6.01,18.3,20.35,966,-25.0,23.0,1.0
2024-04-24T02:46:44.000,1.9,-38.82,5.93,18.32,20.35,967,-24.87,23.0,1.0
2024-04-24T02:47:44.000,1.86,-38.97,5.89,18.32,20.35,968,-24.73,22.0,1.0
2024-04-24T02:48:44.000,1.84,-39.11,5.82,18.34,20.35,969,-24.6,22.0,1.0
2024-04-24T02:49:44.000,1.83,-38.85,5.74,18.35,20.35,970,-24.47,22.0,1.0
2024-04-24T02:50:45.000,1.83,-38.73,5.73,18.36,20.35,971,-24.33,22.0,1.0
2024-04-24T02:51:45.000,1.81,-38.88,5.69,18.36,20.35,972,-24.2,22.0,1.0
2024-04-24T02:52:45.000,1.81,-38.84,5.6,18.38,20.35,973,-24.06,22.0,1.0
2024-04-24T02:53:46.000,1.77,-39.36,5.6,18.38,20.35,974,-23.92,22.0,1.0
2024-04-24T02:54:46.000,1.76,-39.23,5.67,18.37,20.35,975,-23.79,22.0,1.0
2024-04-24T02:55:46.000,1.69,-39.03,5.52,18.4,20.35,976,-23.65,21.0,1.0
2024-04-24T02:56:46.000,1.67,-39.23,5.5,18.4,20.35,977,-23.51,21.0,1.0
2024-04-24T02:57:47.000,1.68,-38.54,5.5,18.4,20.35,978,-23.37,21.0,1.0
2024-04-24T02:58:47.000,1.69,-39.17,5.41,18.42,20.35,979,-23.23,21.0,1.0
2024-04-24T02:59:47.000,1.62,-39.15,5.41,18.42,20.35,980,-23.1,21.0,1.0
2024-04-24T03:00:47.000,1.65,-38.76,5.38,18.42,20.35,981,-22.96,21.0,1.0
2024-04-24T03:01:47.000,1.62,-39.31,5.34,18.43,20.35,982,-22.82,21.0,1.0
2024-04-24T03:02:48.000,1.51,-39.37,5.31,18.44,20.35,983,-22.67,20.0,1.0
2024-04-24T03:03:48.000,1.51,-38.66,5.29,18.44,20.35,984,-22.53,20.0,1.0
2024-04-24T03:04:48.000,1.57,-38.58,5.22,18.46,20.35,985,-22.39,20.0,1.0
2024-04-24T03:05:48.000,1.6,-39.07,5.2,18.46,20.35,986,-22.25,20.0,1.0
2024-04-24T03:06:49.000,1.66,-38.68,5.18,18.47,20.35,987,-22.11,20.0,1.0
2024-04-24T03:07:49.000,1.74,-38.9,5.14,18.47,20.35,988,-21.96,20.0,1.0
2024-04-24T03:08:50.000,1.67,-39.08,5.13,18.47,20.35,989,-21.82,20.0,1.0
2024-04-24T03:09:50.000,1.56,-39.56,5.08,18.48,20.35,990,-21.67,19.0,1.0
2024-04-24T03:10:50.000,1.44,-39.29,5.09,18.48,20.35,991,-21.53,19.0,1.0
2024-04-24T03:11:50.000,1.46,-38.68,5.02,18.5,20.35,992,-21.39,19.0,1.0
2024-04-24T03:12:51.000,1.53,-38.58,4.97,18.51,20.35,993,-21.24,19.0,1.0
2024-04-24T03:13:51.000,1.6,-38.3,4.93,18.52,20.35,994,-21.09,19.0,1.0
2024-04-24T03:14:51.000,1.74,-38.01,4.91,18.52,20.35,995,-20.95,19.0,1.0
2024-04-24T03:15:51.000,1.85,-38.06,4.86,18.53,20.35,996,-20.8,19.0,1.0
2024-04-24T03:16:52.000,1.77,-39.22,4.81,18.55,20.35,997,-20.65,18.0,1.0
2024-04-24T03:17:52.000,1.71,-38.2,4.77,18.55,20.35,998,-20.5,18.0,1.0
2024-04-24T03:18:52.000,1.77,-38.41,4.74,18.56,20.35,999,-20.36,18.0,1.0
2024-04-24T03:19:52.000,1.69,-38.96,4.67,18.58,20.35,1000,-20.21,18.0,1.0
2024-04-24T03:20:53.000,1.62,-38.86,4.63,18.59,20.35,1001,-20.06,18.0,1.0
2024-04-24T03:21:53.000,1.62,-38.33,4.59,18.6,20.35,1002,-19.91,18.0,1.0
2024-04-24T03:22:54.000,1.64,-38.31,4.57,18.6,20.35,1003,-19.76,18.0,1.0
2024-04-24T03:23:54.000,1.61,-39.08,4.53,18.61,20.35,1004,-19.61,17.0,1.0
2024-04-24T03:24:54.000,1.48,-38.42,4.49,18.62,20.35,1005,-19.46,17.0,1.0
2024-04-24T03:25:54.000,1.57,-38.06,4.47,18.62,20.35,1006,-19.31,17.0,1.0
2024-04-24T03:26:55.000,1.61,-38.29,4.42,18.64,20.35,1007,-19.15,17.0,1.0
2024-04-24T03:27:55.000,1.59,-38.17,4.4,18.64,20.35,1008,-19.0,17.0,1.0
2024-04-24T03:28:55.000,1.59,-38.57,4.37,18.65,20.35,1009,-18.85,17.0,1.0
2024-04-24T03:29:55.000,1.53,-38.42,4.33,18.66,20.35,1010,-18.7,17.0,1.0
2024-04-24T03:30:56.000,1.55,-38.44,4.29,18.67,20.35,1011,-18.54,16.0,1.0
2024-04-24T03:31:56.000,1.59,-37.77,4.29,18.67,20.35,1012,-18.39,16.0,1.0
2024-04-24T03:32:56.000,1.67,-37.88,4.38,18.65,20.35,1013,-18.24,16.0,1.0
2024-04-24T03:33:56.000,1.85,-37.61,4.23,18.69,20.35,1014,-18.08,16.0,1.0
2024-04-24T03:34:57.000,1.84,-38.31,4.16,18.7,20.35,1015,-17.93,16.0,1.0
2024-04-24T03:35:57.000,1.86,-37.86,4.13,18.71,20.35,1016,-17.77,16.0,1.0
2024-04-24T03:36:58.000,1.85,-38.3,4.08,18.73,20.35,1017,-17.61,16.0,1.0
2024-04-24T03:37:58.000,1.89,-38.05,4.06,18.73,20.35,1018,-17.46,15.0,0.999
2024-04-24T03:38:58.000,1.74,-39.08,4.03,18.74,20.35,1019,-17.3,15.0,0.999
2024-04-24T03:39:58.000,1.59,-38.99,4.01,18.74,20.35,1020,-17.15,15.0,0.999
2024-04-24T03:40:59.000,1.57,-38.27,3.99,18.75,20.35,1021,-16.99,15.0,0.999
2024-04-24T03:41:59.000,1.56,-38.2,3.94,18.76,20.35,1022,-16.83,15.0,0.999
2024-04-24T03:42:59.000,1.54,-38.31,3.91,18.77,20.35,1023,-16.67,15.0,0.999
2024-04-24T03:43:59.000,1.57,-38.27,3.87,18.78,20.35,1024,-16.52,15.0,0.999
2024-04-24T03:45:00.000,1.56,-37.87,3.85,18.79,20.35,1025,-16.35,14.0,0.999
2024-04-24T03:46:00.000,1.73,-37.78,3.81,18.8,20.35,1026,-16.2,14.0,0.999
2024-04-24T03:47:00.000,1.79,-37.98,3.79,18.8,20.35,1027,-16.04,14.0,0.999
2024-04-24T03:48:01.000,1.78,-38.55,3.77,18.81,20.35,1028,-15.88,14.0,0.999
2024-04-24T03:49:01.000,1.65,-38.65,3.75,18.81,20.35,1029,-15.72,14.0,0.999
2024-04-24T03:50:01.000,1.67,-38.0,3.72,18.82,20.35,1030,-15.56,14.0,0.999
2024-04-24T03:51:02.000,1.64,-38.58,3.7,18.83,20.35,1031,-15.39,13.0,0.999
2024-04-24T03:52:02.000,1.51,-38.41,3.68,18.84,20.35,1032,-15.23,13.0,0.999
2024-04-24T03:53:02.000,1.46,-38.58,3.65,18.85,20.35,1033,-15.07,13.0,0.999
2024-04-24T03:54:02.000,1.49,-38.1,3.63,18.85,20.35,1034,-14.91,13.0,0.999
2024-04-24T03:55:03.000,1.45,-38.49,3.61,18.86,20.35,1035,-14.75,13.0,0.999
2024-04-24T03:56:03.000,1.47,-37.84,3.6,18.86,20.35,1036,-14.59,13.0,0.999
2024-04-24T03:57:03.000,1.52,-37.94,3.59,18.86,20.35,1037,-14.42,13.0,0.999
2024-04-24T03:58:03.000,1.51,-38.33,3.58,18.87,20.35,1038,-14.26,12.0,0.999
2024-04-24T03:59:04.000,1.51,-38.35,3.57,18.87,20.35,1039,-14.1,12.0,0.999
2024-04-24T04:00:04.000,1.45,-38.44,3.58,18.87,20.35,1040,-13.93,12.0,0.999
2024-04-24T04:01:04.000,1.46,-37.91,3.57,18.87,20.35,1041,-13.77,12.0,0.999
2024-04-24T04:02:04.000,1.51,-37.73,3.58,18.87,20.35,1042,-13.61,12.0,0.999
2024-04-24T04:03:05.000,1.64,-37.59,3.61,18.86,20.35,1043,-13.44,12.0,0.999
2024-04-24T04:04:05.000,1.7,-37.46,3.64,18.85,20.35,1044,-13.27,11.0,0.999
2024-04-24T04:05:06.000,1.69,-38.23,3.69,18.83,20.35,1045,-13.11,11.0,0.999
2024-04-24T04:06:06.000,1.54,-38.5,3.73,18.82,20.35,1046,-12.94,11.0,0.999
2024-04-24T04:07:06.000,1.59,-37.7,3.79,18.8,20.35,1047,-12.78,11.0,0.999
2024-04-24T04:08:06.000,1.53,-38.42,3.89,18.78,20.35,1048,-12.61,11.0,0.999
2024-04-24T04:09:07.000,1.51,-37.78,3.97,18.75,20.35,1049,-12.44,11.0,0.999
2024-04-24T04:10:07.000,1.53,-37.92,4.08,18.72,20.35,1050,-12.28,10.0,0.999
2024-04-24T04:11:07.000,1.6,-37.65,4.23,18.69,20.35,1051,-12.11,10.0,0.999
2024-04-24T04:12:07.000,1.61,-37.35,4.4,18.64,20.35,1052,-11.94,10.0,0.999
2024-04-24T04:13:08.000,1.76,-36.73,4.76,18.56,20.35,1053,-11.77,10.0,0.999
2024-04-24T04:14:08.000,1.91,-37.02,4.82,18.54,20.35,1054,-11.61,10.0,0.999
2024-04-24T04:15:08.000,1.93,-37.28,5.17,18.47,20.35,1055,-11.44,10.0,0.999
2024-04-24T04:16:08.000,1.96,-37.06,5.26,18.45,20.35,1056,-11.27,9.0,0.999
2024-04-24T04:17:09.000,1.92,-38.06,5.58,18.38,20.35,1057,-11.1,9.0,0.999
2024-04-24T04:18:09.000,1.75,-38.52,6.1,18.29,20.35,1058,-10.93,9.0,0.999
2024-04-24T04:19:09.000,1.68,-37.5,7.27,18.1,20.35,1059,-10.76,9.0,0.999
2024-04-24T04:20:09.000,1.62,-38.06,7.37,18.08,20.35,1060,-10.59,9.0,0.999
2024-04-24T04:21:10.000,1.65,-37.24,8.26,17.96,20.35,1061,-10.42,9.0,0.999
2024-04-24T04:22:10.000,1.64,-38.08,9.14,17.85,20.35,1062,-10.25,8.0,0.999
2024-04-24T04:23:10.000,1.69,-37.47,10.24,17.73,20.35,1063,-10.08,8.0,0.999
2024-04-24T04:24:10.000,1.74,-37.74,11.6,17.59,20.35,1064,-9.91,8.0,0.999
2024-04-24T04:25:11.000,1.71,-37.65,13.17,17.45,20.35,1065,-9.74,8.0,0.999
2024-04-24T04:26:11.000,1.6,-38.26,15.16,17.3,20.35,1066,-9.57,8.0,0.999
2024-04-24T04:27:12.000,1.42,-38.92,17.36,17.15,20.35,1067,-9.39,8.0,0.999
2024-04-24T04:28:12.000,1.25,-38.31,19.97,17.0,20.35,1068,-9.22,8.0,0.999
2024-04-24T04:29:12.000,1.32,-37.43,23.34,16.83,20.35,1069,-9.05,7.0,0.999
2024-04-24T04:30:12.000,1.34,-38.5,26.63,16.69,20.35,1070,-8.88,7.0,0.999
2024-04-24T04:31:13.000,1.28,-38.0,31.13,16.52,20.35,1071,-8.7,7.0,0.999
2024-04-24T04:32:13.000,1.23,-38.79,36.54,16.34,20.35,1072,-8.53,7.0,0.999
2024-04-24T04:33:13.000,1.16,-38.43,43.1,16.17,20.35,1073,-8.36,7.0,0.999
2024-04-24T04:34:13.000,1.19,-38.12,49.15,16.02,20.35,1074,-8.19,7.0,0.999
2024-04-24T04:35:14.000,1.17,-37.76,60.47,15.8,20.35,1075,-8.01,6.0,0.999
2024-04-24T04:36:14.000,1.28,-38.13,72.52,15.6,20.35,1076,-7.84,6.0,0.999
2024-04-24T04:37:15.000,1.21,-38.41,88.27,15.39,20.35,1077,-7.66,6.0,0.999
2024-04-24T04:38:15.000,1.18,-38.24,107.3,15.18,20.35,1078,-7.49,6.0,0.999
2024-04-24T04:39:15.000,1.15,-38.38,132.16,14.95,20.35,1079,-7.31,6.0,0.999
2024-04-24T04:40:15.000,1.13,-38.32,163.55,14.72,20.35,1080,-7.14,6.0,0.999
2024-04-24T04:41:16.000,1.14,-38.39,202.36,14.49,20.35,1081,-6.96,5.0,0.999
2024-04-24T04:42:16.000,1.16,-38.06,251.96,14.25,20.35,1082,-6.79,5.0,0.999
2024-04-24T04:43:16.000,1.2,-38.22,315.09,14.01,20.35,1083,-6.61,5.0,0.999
2024-04-24T04:44:16.000,1.16,-38.23,393.62,13.76,20.35,1084,-6.44,5.0,0.999
2024-04-24T04:45:17.000,1.14,-38.15,492.64,13.52,20.35,1085,-6.26,5.0,0.999
2024-04-24T04:46:17.000,1.12,-38.44,618.58,13.27,20.35,1086,-6.09,4.0,0.999
2024-04-24T04:47:17.000,1.12,-37.99,773.33,13.03,20.35,1087,-5.91,4.0,0.999
2024-04-24T04:48:17.000,1.23,-37.66,976.56,12.78,20.35,1088,-5.73,4.0,0.999
2024-04-24T04:49:18.000,1.18,-38.54,1220.24,12.54,20.35,1089,-5.55,4.0,0.999
2024-04-24T04:50:18.000,1.15,-37.69,1524.58,12.29,20.35,1090,-5.38,4.0,0.999
2024-04-24T04:51:19.000,1.22,-37.38,1907.11,12.05,20.35,1091,-5.2,4.0,0.999
2024-04-24T04:52:19.000,1.29,-37.56,2370.09,11.82,20.35,1092,-5.02,3.0,0.999
2024-04-24T04:53:19.000,1.29,-37.62,2940.62,11.58,20.35,1093,-4.85,3.0,0.999
2024-04-24T04:54:19.000,1.24,-37.96,3632.38,11.35,20.35,1094,-4.67,3.0,0.999
2024-04-24T04:55:20.000,1.1,-38.25,4731.27,11.07,20.35,1095,-4.49,3.0,0.999
2024-04-24T04:56:20.000,1.01,-37.88,5615.53,10.88,20.35,1096,-4.31,3.0,0.999
2024-04-24T04:57:20.000,1.07,-36.65,6894.78,10.66,20.35,1097,-4.13,3.0,0.999
2024-04-24T04:58:20.000,1.13,-36.36,8953.33,10.37,20.35,1098,-3.95,2.0,0.999
2024-04-24T04:59:21.000,1.25,-36.49,10527.22,10.2,20.35,1099,-3.77,2.0,0.999
2024-04-24T05:00:21.000,1.18,-36.91,12598.38,10.0,20.35,1100,-3.59,2.0,0.999
2024-04-24T05:01:21.000,1.12,-35.57,15663.89,9.76,20.35,1101,-3.42,2.0,0.999
2024-04-24T05:02:21.000,1.15,-34.23,20789.69,9.46,20.35,1102,-3.24,2.0,0.999
2024-04-24T05:03:22.000,1.27,-34.85,23075.11,9.34,20.35,1103,-3.06,2.0,0.999
2024-04-24T05:04:22.000,1.31,-36.22,26082.19,9.28,20.35,1104,-2.88,1.0,0.999
2024-04-24T05:05:22.000,1.26,-35.26,31776.82,9.0,20.35,1105,-2.7,1.0,0.999
2024-04-24T05:06:22.000,1.31,-33.9,38265.14,8.8,20.35,1106,-2.52,1.0,0.999
2024-04-24T05:07:23.000,1.33,-35.65,45318.46,8.61,20.35,1107,-2.34,1.0,0.999
2024-04-24T05:08:23.000,1.35,-36.2,50403.17,8.49,20.35,1108,-2.16,1.0,0.999
2024-04-24T05:09:24.000,1.28,-36.17,57620.99,8.35,20.35,1109,-1.97,1.0,0.999
2024-04-24T05:10:24.000,1.29,-36.23,50827.89,0.46,20.35,1110,-1.79,0.0,0.999
2024-04-24T05:11:24.000,1.28,-35.89,50000.0,0.0,20.35,1111,-1.61,0.0,0.999
2024-04-24T05:12:24.000,1.39,-35.23,50000.0,0.0,20.35,1112,-1.43,0.0,0.999
2024-04-24T05:13:25.000,1.39,-37.11,50000.0,0.0,20.35,1113,-1.25,-0.0,0.999
2024-04-24T05:32:30.000,1.66,-36.54,50000.0,0.0,20.35,1132,2.23,-4.0,0.999
2024-04-24T05:33:30.000,1.63,-35.92,50000.0,0.0,20.35,1133,2.42,-4.0,0.999
2024-04-24T05:34:30.000,1.75,-36.36,50000.0,0.0,20.35,1134,2.6,-4.0,0.999
2024-04-24T05:35:31.000,1.67,-37.76,49734.21,0.09,20.35,1135,2.79,-4.0,0.999
2024-04-24T05:36:31.000,1.58,-37.31,50000.0,0.0,20.35,1136,2.97,-4.0,0.999
2024-04-24T05:37:32.000,1.59,-36.97,50000.0,0.0,20.35,1137,3.16,-4.0,0.999
2024-04-24T05:38:32.000,1.68,-37.12,50000.0,0.0,20.35,1138,3.34,-5.0,0.999
2024-04-24T14:28:17.000,21.83,-17.51,50000.0,0.0,20.35,1665,48.58,-56.0,0.996
2024-04-24T14:29:17.000,21.8,-18.18,50000.0,0.0,20.35,1666,48.42,-56.0,0.996
2024-04-24T14:30:18.000,21.46,-19.63,50000.0,0.0,20.35,1667,48.25,-56.0,0.996
2024-04-24T14:32:24.000,21.29,-16.84,50000.0,0.0,20.35,1669,47.91,-56.0,0.996
2024-04-24T14:33:24.000,21.4,-18.65,50000.0,0.0,20.35,1670,47.74,-55.0,0.996
2024-04-24T14:34:24.000,21.19,-18.47,50000.0,0.0,20.35,1671,47.58,-55.0,0.996
2024-04-24T18:30:36.000,9.75,-20.35,50000.0,0.0,20.35,1906,3.87,-14.0,0.994
2024-04-24T18:31:36.000,9.68,-20.37,50000.0,0.0,20.35,1907,3.69,-14.0,0.994
2024-04-24T18:32:37.000,9.61,-20.68,50000.0,0.0,20.35,1908,3.5,-14.0,0.994
2024-04-24T18:44:23.000,8.97,-21.21,49728.46,0.09,20.35,1919,1.34,-11.0,0.994
2024-04-24T18:45:23.000,8.93,-21.07,50000.0,0.0,20.35,1920,1.16,-11.0,0.994
2024-04-24T18:46:23.000,8.87,-21.08,50000.0,0.0,20.35,1921,0.98,-11.0,0.994
2024-04-24T18:47:24.000,8.8,-21.18,50000.0,0.0,20.35,1922,0.79,-11.0,0.994
2024-04-24T18:55:26.000,8.3,-21.63,50000.0,0.0,20.35,1930,-0.67,-10.0,0.993
2024-04-24T18:56:27.000,8.24,-21.3,50000.0,0.0,20.35,1931,-0.85,-9.0,0.993
2024-04-24T18:57:27.000,8.16,-20.82,50000.0,0.0,20.35,1932,-1.03,-9.0,0.993
2024-04-24T18:58:28.000,8.12,-20.34,49450.77,0.19,20.35,1933,-1.21,-9.0,0.993
2024-04-24T18:59:28.000,8.07,-20.09,50000.0,0.0,20.35,1934,-1.39,-9.0,0.993
2024-04-24T19:00:28.000,8.01,-19.94,50000.0,0.0,20.35,1935,-1.57,-9.0,0.993
2024-04-24T19:01:28.000,7.98,-19.74,59350.43,6.51,20.35,1936,-1.75,-8.0,0.993
