ecsv/stars749/stars749_2025-04.ecsv
# %ECSV 1.0
# ---
# datatype:
# - {name: time, datatype: string}
# - {name: Enclosure Temperature, unit: deg_C, datatype: float64}
# - {name: Sky Temperature, unit: deg_C, datatype: float64}
# - {name: Frequency, unit: Hz, datatype: float64}
# - {name: MSAS, unit: mag / arcsec2, datatype: float64}
# - {name: ZP, datatype: float64}
# - {name: Sequence Number, datatype: int64}
# - {name: Sun Alt, unit: deg, datatype: float64}
# - {name: Moon Alt, unit: deg, datatype: float64}
# - {name: Moon Illumination, datatype: float64}
# delimiter: ','
# meta: !!omap
# - ida:
#     Data supplier: {affiliation: AstroCuenca, observer: null}
#     Device type: TESS-W
#     Field of view: 17.0
#     Filters per channel: None
#     Instrument ID: stars749
#     License: ODbL 1.0 http://opendatacommons.org/licenses/odbl/summary/
#     Local timezone: Europe/Madrid
#     Location name: {country: Spain, place: Observatorio de la Vega del Codorno, region: Castile-La Mancha, sub_region: Cuenca, town: Alto
#         de la Vega}
#     Measurement direction per channel: {azimuth: 0.0, zenital: 0.0}
#     Moving / Fixed look direction: FIXED
#     Moving / Stationary position: STATIONARY
#     Number of channels: 1
#     Number of fields per line: 8
#     Number of header lines: 35
#     Position: {height: 0.0, latitude: 40.417323, longitude: -1.91062}
#     TESS MAC address: E8:DB:84:82:7D:2F
#     TESS cover offset value: 0.0
#     TESS firmware version: '1.0'
#     TESS zero point: 20.35
#     Time Synchronization: timestamp added by MQTT subscriber
#     URL: http://www.darksky.org/NSBM/sdf1.0.pdf
# - __serialized_columns__:
#     Enclosure Temperature:
#       __class__: astropy.units.quantity.Quantity
#       unit: &id001 !astropy.units.Unit {unit: deg_C}
#       value: !astropy.table.SerializedColumn {name: Enclosure Temperature}
#     Frequency:
#       __class__: astropy.units.quantity.Quantity
#       unit: !astropy.units.Unit {unit: Hz}
#       value: !astropy.table.SerializedColumn {name: Frequency}
#     MSAS:
#       __class__: astropy.units.quantity.Quantity
#       unit: !astropy.units.Unit {unit: mag / arcsec2}
#       value: !astropy.table.SerializedColumn {name: MSAS}
#     Moon Alt:
#       __class__: astropy.units.quantity.Quantity
#       unit: &id002 !astropy.units.Unit {unit: deg}
#       value: !astropy.table.SerializedColumn {name: Moon Alt}
#     Sky Temperature:
#       __class__: astropy.units.quantity.Quantity
#       unit: *id001
#       value: !astropy.table.SerializedColumn {name: Sky Temperature}
#     Sun Alt:
#       __class__: astropy.units.quantity.Quantity
#       unit: *id002
#       value: !astropy.table.SerializedColumn {name: Sun Alt}
#     time:
#       __class__: astropy.time.core.Time
#       format: isot
#       in_subfmt: '*'
#       out_subfmt: '*'
#       precision: 3
#       scale: utc
#       value: !astropy.table.SerializedColumn {name: time}
# schema: astropy-2.0
time,Enclosure Temperature,Sky Temperature,Frequency,MSAS,ZP,Sequence Number,Sun Alt,Moon Alt,Moon Illumination
[from data line 15700]
2025-04-24T19:27:03.000,14.19,-12.54,529.87,13.44,20.35,62421,-6.34,-44.0,0.13
2025-04-24T19:28:03.000,14.17,-12.57,423.84,13.68,20.35,62422,-6.52,-45.0,0.13
2025-04-24T19:29:03.000,14.14,-12.61,338.67,13.93,20.35,62423,-6.69,-45.0,0.13
2025-04-24T19:30:03.000,14.12,-12.66,270.62,14.17,20.35,62424,-6.86,-45.0,0.13
2025-04-24T19:31:04.000,14.12,-12.69,216.49,14.41,20.35,62425,-7.04,-45.0,0.13
2025-04-24T19:32:04.000,14.1,-12.62,173.15,14.66,20.35,62426,-7.22,-45.0,0.13
2025-04-24T19:33:05.000,14.09,-12.63,139.07,14.89,20.35,62427,-7.39,-45.0,0.13
2025-04-24T19:34:05.000,14.07,-12.67,111.93,15.13,20.35,62428,-7.56,-45.0,0.129
2025-04-24T19:35:05.000,14.04,-12.65,90.65,15.36,20.35,62429,-7.74,-45.0,0.129
2025-04-24T19:36:05.000,14.01,-12.63,73.73,15.58,20.35,62430,-7.91,-46.0,0.129
2025-04-24T19:37:05.000,14.0,-12.63,60.27,15.8,20.35,62431,-8.08,-46.0,0.129
2025-04-24T19:38:06.000,13.97,-12.71,48.2,16.04,20.35,62432,-8.26,-46.0,0.129
2025-04-24T19:39:06.000,13.94,-12.68,41.49,16.21,20.35,62433,-8.43,-46.0,0.129
2025-04-24T19:40:07.000,13.92,-12.69,34.51,16.41,20.35,62434,-8.6,-46.0,0.129
2025-04-24T19:41:07.000,13.88,-12.78,28.74,16.61,20.35,62435,-8.78,-46.0,0.129
2025-04-24T19:42:07.000,13.85,-12.85,24.34,16.79,20.35,62436,-8.95,-46.0,0.129
2025-04-24T19:43:07.000,13.83,-12.84,20.54,16.97,20.35,62437,-9.12,-46.0,0.129
2025-04-24T19:44:08.000,13.81,-12.92,17.44,17.15,20.35,62438,-9.29,-46.0,0.129
2025-04-24T19:45:08.000,13.77,-12.89,14.76,17.33,20.35,62439,-9.46,-47.0,0.129
2025-04-24T19:46:08.000,13.72,-12.86,12.64,17.5,20.35,62440,-9.63,-47.0,0.129
2025-04-24T19:47:09.000,13.69,-12.88,10.78,17.67,20.35,62441,-9.81,-47.0,0.129
2025-04-24T19:48:09.000,13.65,-12.98,9.2,17.84,20.35,62442,-9.98,-47.0,0.129
2025-04-24T19:49:09.000,13.58,-13.08,7.92,18.0,20.35,62443,-10.14,-47.0,0.129
2025-04-24T19:50:10.000,13.5,-12.94,6.81,18.17,20.35,62444,-10.32,-47.0,0.129
2025-04-24T19:51:10.000,13.45,-12.93,5.88,18.33,20.35,62445,-10.49,-47.0,0.129
2025-04-24T19:52:10.000,13.41,-12.93,5.08,18.49,20.35,62446,-10.65,-47.0,0.128
2025-04-24T19:53:10.000,13.38,-12.85,4.42,18.64,20.35,62447,-10.82,-47.0,0.128
2025-04-24T19:54:11.000,13.39,-12.85,3.83,18.79,20.35,62448,-10.99,-48.0,0.128
2025-04-24T19:55:11.000,13.41,-12.77,3.34,18.94,20.35,62449,-11.16,-48.0,0.128
2025-04-24T19:56:11.000,13.45,-12.86,2.92,19.09,20.35,62450,-11.33,-48.0,0.128
2025-04-24T19:57:19.000,13.45,-12.91,2.58,19.22,20.35,62451,-11.52,-48.0,0.128
2025-04-24T19:58:18.000,13.43,-12.97,2.23,19.38,20.35,62452,-11.68,-48.0,0.128
2025-04-24T19:59:18.000,13.42,-12.91,2.0,19.5,20.35,62453,-11.85,-48.0,0.128
2025-04-24T20:00:19.000,13.43,-12.9,1.78,19.63,20.35,62454,-12.02,-48.0,0.128
2025-04-24T20:01:19.000,13.44,-12.85,1.58,19.75,20.35,62455,-12.18,-48.0,0.128
2025-04-24T20:02:20.000,13.44,-12.88,1.42,19.87,20.35,62456,-12.35,-48.0,0.128
2025-04-24T20:03:19.000,13.42,-12.98,1.28,19.99,20.35,62457,-12.51,-48.0,0.128
2025-04-24T20:04:20.000,13.38,-12.97,1.16,20.09,20.35,62458,-12.68,-49.0,0.128
2025-04-24T20:05:20.000,13.34,-12.92,1.05,20.2,20.35,62459,-12.85,-49.0,0.128
2025-04-24T20:06:21.000,13.33,-12.87,0.96,20.3,20.35,62460,-13.01,-49.0,0.128
2025-04-24T20:07:21.000,13.34,-12.9,0.88,20.39,20.35,62461,-13.18,-49.0,0.128
2025-04-24T20:08:21.000,13.33,-13.0,0.82,20.47,20.35,62462,-13.34,-49.0,0.128
2025-04-24T20:09:21.000,13.29,-13.02,0.76,20.55,20.35,62463,-13.51,-49.0,0.128
2025-04-24T20:10:22.000,13.24,-13.12,0.71,20.63,20.35,62464,-13.67,-49.0,0.127
2025-04-24T20:11:22.000,13.22,-13.02,0.67,20.69,20.35,62465,-13.83,-49.0,0.127
2025-04-24T20:12:22.000,13.22,-13.03,0.63,20.75,20.35,62466,-14.0,-49.0,0.127
2025-04-24T20:13:22.000,13.22,-12.99,0.6,20.81,20.35,62467,-14.16,-49.0,0.127
2025-04-24T20:14:23.000,13.23,-12.94,0.57,20.86,20.35,62468,-14.32,-49.0,0.127
2025-04-24T20:15:23.000,13.23,-13.02,0.55,20.9,20.35,62469,-14.49,-50.0,0.127
2025-04-24T20:16:23.000,13.2,-13.22,0.53,20.94,20.35,62470,-14.65,-50.0,0.127
2025-04-24T20:17:23.000,13.17,-13.26,0.51,20.98,20.35,62471,-14.81,-50.0,0.127
2025-04-24T20:18:24.000,13.13,-13.19,0.5,21.01,20.35,62472,-14.97,-50.0,0.127
2025-04-24T20:19:24.000,13.12,-13.18,0.48,21.04,20.35,62473,-15.13,-50.0,0.127
2025-04-24T20:20:24.000,13.11,-13.22,0.47,21.07,20.35,62474,-15.29,-50.0,0.127
2025-04-24T20:21:24.000,13.09,-13.22,0.46,21.09,20.35,62475,-15.45,-50.0,0.127
2025-04-24T20:22:25.000,13.09,-13.25,0.45,21.11,20.35,62476,-15.61,-50.0,0.127
2025-04-24T20:23:25.000,13.09,-13.19,0.45,21.13,20.35,62477,-15.77,-50.0,0.127
2025-04-24T20:24:26.000,13.06,-13.42,0.44,21.14,20.35,62478,-15.93,-50.0,0.127
2025-04-24T20:25:26.000,13.01,-13.48,0.44,21.16,20.35,62479,-16.09,-50.0,0.127
2025-04-24T20:26:26.000,12.99,-13.42,0.43,21.17,20.35,62480,-16.25,-50.0,0.127
2025-04-24T20:27:26.000,12.99,-13.52,0.43,21.18,20.35,62481,-16.41,-51.0,0.127
2025-04-24T20:28:27.000,12.94,-13.64,0.42,21.19,20.35,62482,-16.57,-51.0,0.126
2025-04-24T20:29:27.000,12.86,-13.71,0.42,21.19,20.35,62483,-16.72,-51.0,0.126
2025-04-24T20:30:27.000,12.77,-13.66,0.42,21.2,20.35,62484,-16.88,-51.0,0.126
2025-04-24T20:31:27.000,12.7,-13.73,0.42,21.21,20.35,62485,-17.03,-51.0,0.126
2025-04-24T20:32:28.000,12.61,-13.73,0.42,21.21,20.35,62486,-17.19,-51.0,0.126
2025-04-24T20:33:28.000,12.56,-13.59,0.41,21.21,20.35,62487,-17.35,-51.0,0.126
2025-04-24T20:34:28.000,12.56,-13.6,0.41,21.22,20.35,62488,-17.5,-51.0,0.126
2025-04-24T20:35:28.000,12.54,-13.63,0.41,21.22,20.35,62489,-17.66,-51.0,0.126
2025-04-24T20:36:29.000,12.49,-13.61,0.41,21.23,20.35,62490,-17.81,-51.0,0.126
2025-04-24T20:37:29.000,12.45,-13.63,0.41,21.23,20.35,62491,-17.97,-51.0,0.126
2025-04-24T20:38:29.000,12.4,-13.66,0.41,21.23,20.35,62492,-18.12,-51.0,0.126
2025-04-24T20:39:29.000,12.37,-13.63,0.41,21.23,20.35,62493,-18.27,-51.0,0.126
2025-04-24T20:40:30.000,12.36,-13.51,0.41,21.23,20.35,62494,-18.43,-51.0,0.126
2025-04-24T20:41:30.000,12.37,-13.43,0.41,21.23,20.35,62495,-18.58,-51.0,0.126
2025-04-24T20:42:31.000,12.37,-13.37,0.41,21.23,20.35,62496,-18.73,-51.0,0.126
2025-04-24T20:43:31.000,12.38,-13.5,0.41,21.23,20.35,62497,-18.89,-52.0,0.126
2025-04-24T20:44:31.000,12.36,-13.57,0.41,21.23,20.35,62498,-19.04,-52.0,0.126
2025-04-24T20:45:31.000,12.31,-13.47,0.41,21.23,20.35,62499,-19.19,-52.0,0.126
2025-04-24T20:46:32.000,12.28,-13.41,0.41,21.23,20.35,62500,-19.34,-52.0,0.126
2025-04-24T20:47:32.000,12.28,-13.37,0.41,21.23,20.35,62501,-19.49,-52.0,0.125
2025-04-24T20:48:32.000,12.28,-13.35,0.4,21.24,20.35,62502,-19.64,-52.0,0.125
2025-04-24T20:49:32.000,12.29,-13.32,0.41,21.23,20.35,62503,-19.79,-52.0,0.125
2025-04-24T20:50:33.000,12.29,-13.29,0.41,21.23,20.35,62504,-19.94,-52.0,0.125
2025-04-24T20:51:33.000,12.31,-13.21,0.41,21.23,20.35,62505,-20.09,-52.0,0.125
2025-04-24T20:52:33.000,12.35,-13.12,0.41,21.23,20.35,62506,-20.23,-52.0,0.125
2025-04-24T20:53:33.000,12.41,-13.14,0.41,21.23,20.35,62507,-20.38,-52.0,0.125
2025-04-24T20:54:34.000,12.47,-13.08,0.41,21.23,20.35,62508,-20.53,-52.0,0.125
2025-04-24T20:55:34.000,12.5,-13.06,0.41,21.23,20.35,62509,-20.68,-52.0,0.125
2025-04-24T20:56:35.000,12.52,-12.96,0.41,21.23,20.35,62510,-20.82,-52.0,0.125
2025-04-24T20:57:35.000,12.56,-13.01,0.41,21.23,20.35,62511,-20.97,-52.0,0.125
2025-04-24T20:58:35.000,12.58,-12.96,0.41,21.24,20.35,62512,-21.11,-52.0,0.125
2025-04-24T20:59:35.000,12.61,-12.99,0.41,21.24,20.35,62513,-21.26,-52.0,0.125
2025-04-24T21:00:36.000,12.62,-13.08,0.41,21.23,20.35,62514,-21.4,-52.0,0.125
2025-04-24T21:01:36.000,12.61,-13.06,0.41,21.23,20.35,62515,-21.55,-52.0,0.125
2025-04-24T21:02:36.000,12.6,-13.05,0.41,21.23,20.35,62516,-21.69,-52.0,0.125
2025-04-24T21:03:36.000,12.59,-12.94,0.41,21.23,20.35,62517,-21.83,-52.0,0.125
2025-04-24T21:04:37.000,12.59,-12.91,0.4,21.24,20.35,62518,-21.98,-52.0,0.125
2025-04-24T21:05:37.000,12.6,-12.91,0.41,21.24,20.35,62519,-22.12,-52.0,0.124
2025-04-24T21:06:37.000,12.59,-12.93,0.41,21.23,20.35,62520,-22.26,-53.0,0.124
2025-04-24T21:07:37.000,12.57,-12.96,0.41,21.23,20.35,62521,-22.4,-53.0,0.124
2025-04-24T21:08:38.000,12.57,-12.94,0.41,21.24,20.35,62522,-22.54,-53.0,0.124
2025-04-24T21:09:38.000,12.57,-12.93,0.41,21.23,20.35,62523,-22.68,-53.0,0.124
2025-04-24T21:10:38.000,12.58,-12.88,0.41,21.23,20.35,62524,-22.82,-53.0,0.124
2025-04-24T21:11:39.000,12.58,-12.95,0.41,21.23,20.35,62525,-22.96,-53.0,0.124
2025-04-24T21:12:39.000,12.57,-13.0,0.41,21.23,20.35,62526,-23.1,-53.0,0.124
2025-04-24T21:13:39.000,12.53,-13.03,0.4,21.24,20.35,62527,-23.24,-53.0,0.124
2025-04-24T21:14:40.000,12.49,-13.06,0.4,21.24,20.35,62528,-23.38,-53.0,0.124
2025-04-24T21:15:40.000,12.44,-13.03,0.4,21.24,20.35,62529,-23.51,-53.0,0.124
2025-04-24T21:16:40.000,12.41,-13.05,0.4,21.24,20.35,62530,-23.65,-53.0,0.124
2025-04-24T21:17:40.000,12.39,-12.97,0.41,21.24,20.35,62531,-23.79,-53.0,0.124
2025-04-24T21:18:40.000,12.37,-12.98,0.41,21.23,20.35,62532,-23.92,-53.0,0.124
2025-04-24T21:19:41.000,12.35,-12.91,0.41,21.23,20.35,62533,-24.06,-53.0,0.124
2025-04-24T21:20:41.000,12.36,-12.9,0.41,21.24,20.35,62534,-24.19,-53.0,0.124
2025-04-24T21:21:41.000,12.37,-12.87,0.41,21.23,20.35,62535,-24.33,-53.0,0.124
2025-04-24T21:22:41.000,12.38,-12.81,0.41,21.23,20.35,62536,-24.46,-53.0,0.124
2025-04-24T21:23:42.000,12.38,-12.81,0.41,21.23,20.35,62537,-24.59,-53.0,0.123
2025-04-24T21:24:42.000,12.4,-12.79,0.41,21.23,20.35,62538,-24.73,-53.0,0.123
2025-04-24T21:25:42.000,12.42,-12.84,0.41,21.23,20.35,62539,-24.86,-53.0,0.123
2025-04-24T21:26:43.000,12.42,-12.87,0.41,21.23,20.35,62540,-24.99,-53.0,0.123
2025-04-24T21:27:43.000,12.36,-12.99,0.41,21.23,20.35,62541,-25.12,-53.0,0.123
2025-04-24T21:28:43.000,12.33,-13.03,0.41,21.24,20.35,62542,-25.25,-53.0,0.123
2025-04-24T21:29:44.000,12.31,-13.01,0.41,21.23,20.35,62543,-25.38,-53.0,0.123
2025-04-24T21:30:44.000,12.28,-12.97,0.41,21.23,20.35,62544,-25.51,-53.0,0.123
2025-04-24T21:31:44.000,12.26,-13.0,0.41,21.23,20.35,62545,-25.64,-53.0,0.123
2025-04-24T21:32:44.000,12.26,-12.98,0.41,21.23,20.35,62546,-25.77,-53.0,0.123
2025-04-24T21:33:45.000,12.24,-13.14,0.41,21.23,20.35,62547,-25.89,-53.0,0.123
2025-04-24T21:34:45.000,12.19,-13.14,0.41,21.23,20.35,62548,-26.02,-53.0,0.123
2025-04-24T21:35:45.000,12.18,-13.18,0.41,21.23,20.35,62549,-26.15,-53.0,0.123
2025-04-24T21:36:45.000,12.16,-13.19,0.41,21.23,20.35,62550,-26.27,-53.0,0.123
2025-04-24T21:37:46.000,12.15,-13.17,0.41,21.23,20.35,62551,-26.4,-53.0,0.123
2025-04-24T21:38:46.000,12.14,-13.18,0.41,21.23,20.35,62552,-26.52,-53.0,0.123
2025-04-24T21:39:47.000,12.13,-13.17,0.41,21.22,20.35,62553,-26.65,-53.0,0.123
2025-04-24T21:40:47.000,12.12,-13.29,0.41,21.22,20.35,62554,-26.77,-53.0,0.123
2025-04-24T21:41:47.000,12.09,-13.3,0.41,21.22,20.35,62555,-26.89,-53.0,0.122
2025-04-24T21:42:47.000,12.07,-13.24,0.41,21.22,20.35,62556,-27.01,-53.0,0.122
2025-04-24T21:43:48.000,12.06,-13.32,0.41,21.22,20.35,62557,-27.14,-53.0,0.122
2025-04-24T21:44:48.000,12.03,-13.51,0.41,21.22,20.35,62558,-27.26,-53.0,0.122
2025-04-24T21:45:48.000,12.01,-13.34,0.41,21.22,20.35,62559,-27.38,-53.0,0.122
2025-04-24T21:46:48.000,11.96,-13.48,0.41,21.22,20.35,62560,-27.5,-53.0,0.122
2025-04-24T21:47:49.000,11.94,-13.41,0.41,21.22,20.35,62561,-27.62,-53.0,0.122
2025-04-24T21:48:49.000,11.92,-13.39,0.41,21.22,20.35,62562,-27.73,-53.0,0.122
2025-04-24T21:49:50.000,11.93,-13.35,0.41,21.22,20.35,62563,-27.85,-53.0,0.122
2025-04-24T21:50:50.000,11.92,-13.43,0.41,21.22,20.35,62564,-27.97,-53.0,0.122
2025-04-24T21:51:50.000,11.93,-13.41,0.41,21.22,20.35,62565,-28.09,-53.0,0.122
2025-04-24T21:52:50.000,11.93,-13.41,0.41,21.23,20.35,62566,-28.2,-52.0,0.122
2025-04-24T21:53:51.000,11.93,-13.57,0.41,21.23,20.35,62567,-28.32,-52.0,0.122
2025-04-24T21:54:51.000,11.9,-13.66,0.41,21.23,20.35,62568,-28.43,-52.0,0.122
2025-04-24T21:55:51.000,11.86,-13.7,0.41,21.23,20.35,62569,-28.54,-52.0,0.122
2025-04-24T21:56:51.000,11.85,-13.66,0.41,21.23,20.35,62570,-28.66,-52.0,0.122
2025-04-24T21:57:52.000,11.85,-13.69,0.41,21.22,20.35,62571,-28.77,-52.0,0.122
2025-04-24T21:58:52.000,11.84,-13.75,0.41,21.23,20.35,62572,-28.88,-52.0,0.122
2025-04-24T21:59:53.000,11.81,-13.81,0.41,21.22,20.35,62573,-29.0,-52.0,0.122
2025-04-24T22:00:54.000,11.79,-13.77,0.41,21.22,20.35,62574,-29.11,-52.0,0.121
2025-04-24T22:01:54.000,11.78,-13.73,0.41,21.22,20.35,62575,-29.22,-52.0,0.121
2025-04-24T22:02:54.000,11.76,-13.53,0.41,21.22,20.35,62576,-29.32,-52.0,0.121
2025-04-24T22:03:54.000,11.76,-13.24,0.41,21.22,20.35,62577,-29.43,-52.0,0.121
2025-04-24T22:04:54.000,11.77,-13.01,0.41,21.22,20.35,62578,-29.54,-52.0,0.121
2025-04-24T22:05:55.000,11.79,-12.97,0.41,21.22,20.35,62579,-29.65,-52.0,0.121
2025-04-24T22:06:55.000,11.79,-12.86,0.41,21.21,20.35,62580,-29.75,-52.0,0.121
2025-04-24T22:07:56.000,11.81,-12.8,0.41,21.21,20.35,62581,-29.86,-52.0,0.121
2025-04-24T22:08:56.000,11.81,-12.77,0.41,21.21,20.35,62582,-29.97,-52.0,0.121
2025-04-24T22:09:56.000,11.82,-12.65,0.41,21.21,20.35,62583,-30.07,-52.0,0.121
2025-04-24T22:10:56.000,11.82,-12.74,0.41,21.21,20.35,62584,-30.17,-52.0,0.121
2025-04-24T22:11:57.000,11.81,-12.7,0.41,21.21,20.35,62585,-30.28,-52.0,0.121
2025-04-24T22:12:57.000,11.81,-12.73,0.41,21.21,20.35,62586,-30.38,-52.0,0.121
2025-04-24T22:13:57.000,11.79,-12.72,0.41,21.21,20.35,62587,-30.48,-52.0,0.121
2025-04-24T22:14:57.000,11.76,-12.65,0.41,21.21,20.35,62588,-30.58,-52.0,0.121
2025-04-24T22:15:58.000,11.73,-12.67,0.41,21.22,20.35,62589,-30.68,-52.0,0.121
2025-04-24T22:16:58.000,11.71,-12.6,0.41,21.22,20.35,62590,-30.78,-51.0,0.121
2025-04-24T22:17:58.000,11.7,-12.66,0.41,21.22,20.35,62591,-30.88,-51.0,0.121
2025-04-24T22:18:58.000,11.69,-12.6,0.41,21.22,20.35,62592,-30.97,-51.0,0.12
2025-04-24T22:19:59.000,11.67,-12.5,0.41,21.22,20.35,62593,-31.07,-51.0,0.12
2025-04-24T22:20:59.000,11.65,-12.44,0.41,21.22,20.35,62594,-31.17,-51.0,0.12
2025-04-24T22:22:00.000,11.62,-12.4,0.41,21.22,20.35,62595,-31.26,-51.0,0.12
2025-04-24T22:22:59.000,11.63,-12.37,0.41,21.22,20.35,62596,-31.36,-51.0,0.12
2025-04-24T22:24:00.000,11.63,-12.38,0.41,21.22,20.35,62597,-31.45,-51.0,0.12
2025-04-24T22:25:00.000,11.64,-12.37,0.41,21.22,20.35,62598,-31.54,-51.0,0.12
2025-04-24T22:26:01.000,11.63,-12.34,0.41,21.22,20.35,62599,-31.64,-51.0,0.12
2025-04-24T22:27:01.000,11.62,-12.36,0.41,21.22,20.35,62600,-31.73,-51.0,0.12
2025-04-24T22:28:01.000,11.61,-12.31,0.41,21.22,20.35,62601,-31.82,-51.0,0.12
2025-04-24T22:29:01.000,11.62,-12.27,0.41,21.22,20.35,62602,-31.91,-51.0,0.12
2025-04-24T22:30:02.000,11.65,-12.23,0.41,21.22,20.35,62603,-32.0,-51.0,0.12
2025-04-24T22:31:02.000,11.67,-12.32,0.41,21.22,20.35,62604,-32.09,-51.0,0.12
2025-04-24T22:32:02.000,11.67,-12.34,0.41,21.22,20.35,62605,-32.17,-50.0,0.12
2025-04-24T22:33:02.000,11.69,-12.35,0.41,21.22,20.35,62606,-32.26,-50.0,0.12
2025-04-24T22:34:03.000,11.69,-12.39,0.41,21.22,20.35,62607,-32.35,-50.0,0.12
2025-04-24T22:35:03.000,11.7,-12.39,0.41,21.22,20.35,62608,-32.43,-50.0,0.12
2025-04-24T22:36:03.000,11.72,-12.38,0.41,21.22,20.35,62609,-32.52,-50.0,0.12
2025-04-24T22:37:04.000,11.74,-12.53,0.41,21.22,20.35,62610,-32.6,-50.0,0.12
2025-04-24T22:38:04.000,11.74,-12.56,0.41,21.22,20.35,62611,-32.68,-50.0,0.119
2025-04-24T22:39:04.000,11.75,-12.57,0.41,21.22,20.35,62612,-32.76,-50.0,0.119
2025-04-24T22:40:05.000,11.73,-12.61,0.41,21.22,20.35,62613,-32.85,-50.0,0.119
2025-04-24T22:41:05.000,11.72,-12.6,0.41,21.22,20.35,62614,-32.93,-50.0,0.119
2025-04-24T22:42:05.000,11.71,-12.55,0.41,21.22,20.35,62615,-33.0,-50.0,0.119
2025-04-24T22:43:05.000,11.71,-12.55,0.41,21.21,20.35,62616,-33.08,-50.0,0.119
2025-04-24T22:44:06.000,11.7,-12.56,0.41,21.21,20.35,62617,-33.16,-49.0,0.119
2025-04-24T22:45:06.000,11.7,-12.49,0.41,21.21,20.35,62618,-33.24,-49.0,0.119
2025-04-24T22:46:06.000,11.7,-12.54,0.41,21.21,20.35,62619,-33.31,-49.0,0.119
2025-04-24T22:47:06.000,11.69,-12.59,0.41,21.21,20.35,62620,-33.39,-49.0,0.119
2025-04-24T22:48:06.000,11.71,-12.56,0.42,21.21,20.35,62621,-33.46,-49.0,0.119
2025-04-24T22:49:07.000,11.71,-12.67,0.42,21.21,20.35,62622,-33.54,-49.0,0.119
