ecsv/stars749/stars749_2025-04.ecsv
# %ECSV 1.0
# ---
# datatype:
# - {name: time, datatype: string}
# - {name: Enclosure Temperature, unit: deg_C, datatype: float64}
# - {name: Sky Temperature, unit: deg_C, datatype: float64}
# - {name: Frequency, unit: Hz, datatype: float64}
# - {name: MSAS, unit: mag / arcsec2, datatype: float64}
# - {name: ZP, datatype: float64}
# - {name: Sequence Number, datatype: int64}
# - {name: Sun Alt, unit: deg, datatype: float64}
# - {name: Moon Alt, unit: deg, datatype: float64}
# - {name: Moon Illumination, datatype: float64}
# delimiter: ','
# meta: !!omap
# - ida:
#     Data supplier: {affiliation: AstroCuenca, observer: null}
#     Device type: TESS-W
#     Field of view: 17.0
#     Filters per channel: None
#     Instrument ID: stars749
#     License: ODbL 1.0 http://opendatacommons.org/licenses/odbl/summary/
#     Local timezone: Europe/Madrid
#     Location name: {country: Spain, place: Observatorio de la Vega del Codorno, region: Castile-La Mancha, sub_region: Cuenca, town: Alto
#         de la Vega}
#     Measurement direction per channel: {azimuth: 0.0, zenital: 0.0}
#     Moving / Fixed look direction: FIXED
#     Moving / Stationary position: STATIONARY
#     Number of channels: 1
#     Number of fields per line: 8
#     Number of header lines: 35
#     Position: {height: 0.0, latitude: 40.417323, longitude: -1.91062}
#     TESS MAC address: E8:DB:84:82:7D:2F
#     TESS cover offset value: 0.0
#     TESS firmware version: '1.0'
#     TESS zero point: 20.35
#     Time Synchronization: timestamp added by MQTT subscriber
#     URL: http://www.darksky.org/NSBM/sdf1.0.pdf
# - __serialized_columns__:
#     Enclosure Temperature:
#       __class__: astropy.units.quantity.Quantity
#       unit: &id001 !astropy.units.Unit {unit: deg_C}
#       value: !astropy.table.SerializedColumn {name: Enclosure Temperature}
#     Frequency:
#       __class__: astropy.units.quantity.Quantity
#       unit: !astropy.units.Unit {unit: Hz}
#       value: !astropy.table.SerializedColumn {name: Frequency}
#     MSAS:
#       __class__: astropy.units.quantity.Quantity
#       unit: !astropy.units.Unit {unit: mag / arcsec2}
#       value: !astropy.table.SerializedColumn {name: MSAS}
#     Moon Alt:
#       __class__: astropy.units.quantity.Quantity
#       unit: &id002 !astropy.units.Unit {unit: deg}
#       value: !astropy.table.SerializedColumn {name: Moon Alt}
#     Sky Temperature:
#       __class__: astropy.units.quantity.Quantity
#       unit: *id001
#       value: !astropy.table.SerializedColumn {name: Sky Temperature}
#     Sun Alt:
#       __class__: astropy.units.quantity.Quantity
#       unit: *id002
#       value: !astropy.table.SerializedColumn {name: Sun Alt}
#     time:
#       __class__: astropy.time.core.Time
#       format: isot
#       in_subfmt: '*'
#       out_subfmt: '*'
#       precision: 3
#       scale: utc
#       value: !astropy.table.SerializedColumn {name: time}
# schema: astropy-2.0
time,Enclosure Temperature,Sky Temperature,Frequency,MSAS,ZP,Sequence Number,Sun Alt,Moon Alt,Moon Illumination
[from data line 4815]
2025-04-08T00:05:15.000,9.97,-16.3,4.23,18.69,20.35,38350,-42.36,41.0,0.784
2025-04-08T00:06:16.000,9.99,-16.46,4.15,18.71,20.35,38351,-42.36,40.0,0.784
2025-04-08T00:07:16.000,10.12,-16.5,4.06,18.73,20.35,38352,-42.36,40.0,0.784
2025-04-08T00:08:16.000,10.13,-16.48,3.99,18.75,20.35,38353,-42.36,40.0,0.785
2025-04-08T00:09:17.000,10.08,-16.36,3.9,18.77,20.35,38354,-42.36,40.0,0.785
2025-04-08T00:10:17.000,9.97,-16.34,3.82,18.8,20.35,38355,-42.36,40.0,0.785
2025-04-08T00:11:17.000,9.95,-16.44,3.76,18.81,20.35,38356,-42.36,39.0,0.785
2025-04-08T00:12:17.000,10.12,-16.47,3.67,18.84,20.35,38357,-42.36,39.0,0.785
2025-04-08T00:13:17.000,10.22,-16.31,3.59,18.86,20.35,38358,-42.36,39.0,0.785
2025-04-08T00:14:18.000,10.2,-16.28,3.51,18.89,20.35,38359,-42.35,39.0,0.785
2025-04-08T00:15:18.000,10.12,-16.19,3.44,18.91,20.35,38360,-42.34,39.0,0.785
2025-04-08T00:16:18.000,10.01,-16.08,3.37,18.93,20.35,38361,-42.34,38.0,0.785
2025-04-08T00:17:18.000,9.95,-16.1,3.31,18.95,20.35,38362,-42.33,38.0,0.785
2025-04-08T00:18:19.000,10.09,-16.13,3.24,18.98,20.35,38363,-42.32,38.0,0.785
2025-04-08T00:19:19.000,10.21,-16.08,3.19,18.99,20.35,38364,-42.31,38.0,0.785
2025-04-08T00:20:20.000,10.21,-16.1,3.12,19.01,20.35,38365,-42.3,38.0,0.785
2025-04-08T00:21:20.000,10.12,-16.12,3.07,19.03,20.35,38366,-42.28,38.0,0.785
2025-04-08T00:22:20.000,10.02,-16.08,3.02,19.05,20.35,38367,-42.27,37.0,0.785
2025-04-08T00:23:20.000,9.94,-16.2,3.03,19.05,20.35,38368,-42.26,37.0,0.785
2025-04-08T00:24:20.000,10.08,-16.25,3.0,19.06,20.35,38369,-42.24,37.0,0.785
2025-04-08T00:25:21.000,10.24,-16.22,2.91,19.09,20.35,38370,-42.22,37.0,0.785
2025-04-08T00:26:21.000,10.26,-16.18,2.87,19.11,20.35,38371,-42.2,37.0,0.786
2025-04-08T00:27:22.000,10.19,-16.18,2.84,19.12,20.35,38372,-42.18,36.0,0.786
2025-04-08T00:28:22.000,10.06,-16.09,2.8,19.13,20.35,38373,-42.16,36.0,0.786
2025-04-08T00:29:22.000,9.95,-16.0,2.76,19.15,20.35,38374,-42.14,36.0,0.786
2025-04-08T00:30:22.000,10.02,-16.11,2.73,19.16,20.35,38375,-42.12,36.0,0.786
2025-04-08T00:31:23.000,10.19,-16.04,2.72,19.17,20.35,38376,-42.09,36.0,0.786
2025-04-08T00:32:23.000,10.25,-16.02,2.69,19.18,20.35,38377,-42.07,36.0,0.786
2025-04-08T00:33:24.000,10.22,-15.97,2.67,19.18,20.35,38378,-42.04,35.0,0.786
2025-04-08T00:34:24.000,10.14,-15.97,2.66,19.19,20.35,38379,-42.02,35.0,0.786
2025-04-08T00:35:24.000,10.05,-15.96,2.63,19.2,20.35,38380,-41.99,35.0,0.786
2025-04-08T00:36:24.000,9.97,-15.96,2.61,19.21,20.35,38381,-41.96,35.0,0.786
2025-04-08T00:37:25.000,10.03,-16.1,2.61,19.21,20.35,38382,-41.93,35.0,0.786
2025-04-08T00:38:25.000,10.18,-16.14,2.58,19.22,20.35,38383,-41.89,34.0,0.786
2025-04-08T00:39:26.000,10.25,-16.08,2.56,19.23,20.35,38384,-41.86,34.0,0.786
2025-04-08T00:40:26.000,10.21,-16.05,2.56,19.23,20.35,38385,-41.83,34.0,0.786
2025-04-08T00:41:26.000,10.12,-16.05,2.52,19.25,20.35,38386,-41.79,34.0,0.786
2025-04-08T00:42:26.000,10.02,-16.06,2.5,19.25,20.35,38387,-41.76,34.0,0.786
2025-04-08T00:43:27.000,9.95,-16.11,2.51,19.25,20.35,38388,-41.72,33.0,0.787
2025-04-08T00:44:27.000,10.09,-16.25,2.48,19.27,20.35,38389,-41.68,33.0,0.787
2025-04-08T00:45:27.000,10.22,-16.21,2.46,19.28,20.35,38390,-41.64,33.0,0.787
2025-04-08T00:46:28.000,10.24,-16.15,2.45,19.28,20.35,38391,-41.6,33.0,0.787
2025-04-08T00:47:28.000,10.18,-16.14,2.43,19.29,20.35,38392,-41.56,33.0,0.787
2025-04-08T00:48:28.000,10.1,-16.1,2.41,19.3,20.35,38393,-41.52,33.0,0.787
2025-04-08T00:49:29.000,10.0,-16.07,2.4,19.3,20.35,38394,-41.47,32.0,0.787
2025-04-08T00:50:29.000,9.98,-16.18,2.38,19.31,20.35,38395,-41.43,32.0,0.787
2025-04-08T00:51:29.000,10.12,-16.23,2.37,19.31,20.35,38396,-41.38,32.0,0.787
2025-04-08T00:52:29.000,10.2,-16.17,2.37,19.32,20.35,38397,-41.34,32.0,0.787
2025-04-08T00:53:29.000,10.18,-16.11,2.34,19.33,20.35,38398,-41.29,32.0,0.787
2025-04-08T00:54:30.000,10.11,-16.11,2.31,19.34,20.35,38399,-41.24,31.0,0.787
2025-04-08T00:55:30.000,10.01,-16.08,2.31,19.34,20.35,38400,-41.19,31.0,0.787
2025-04-08T00:56:31.000,9.95,-16.16,2.3,19.35,20.35,38401,-41.14,31.0,0.787
2025-04-08T00:57:31.000,10.09,-16.3,2.3,19.35,20.35,38402,-41.09,31.0,0.787
2025-04-08T00:58:31.000,10.2,-16.26,2.27,19.36,20.35,38403,-41.03,31.0,0.787
2025-04-08T00:59:31.000,10.22,-16.19,2.27,19.36,20.35,38404,-40.98,30.0,0.787
2025-04-08T01:00:32.000,10.15,-16.19,2.26,19.37,20.35,38405,-40.92,30.0,0.787
2025-04-08T01:01:32.000,10.05,-16.22,2.23,19.38,20.35,38406,-40.87,30.0,0.788
2025-04-08T01:02:33.000,9.95,-16.28,2.22,19.38,20.35,38407,-40.81,30.0,0.788
2025-04-08T01:03:33.000,10.01,-16.41,2.21,19.39,20.35,38408,-40.75,30.0,0.788
2025-04-08T01:04:33.000,10.16,-16.42,2.19,19.4,20.35,38409,-40.69,29.0,0.788
2025-04-08T01:05:33.000,10.19,-16.43,2.18,19.4,20.35,38410,-40.63,29.0,0.788
2025-04-08T01:06:33.000,10.13,-16.43,2.17,19.41,20.35,38411,-40.57,29.0,0.788
2025-04-08T01:07:34.000,10.01,-16.57,2.13,19.43,20.35,38412,-40.51,29.0,0.788
2025-04-08T01:08:34.000,9.94,-16.62,2.13,19.43,20.35,38413,-40.45,29.0,0.788
2025-04-08T01:09:34.000,10.1,-16.71,2.12,19.44,20.35,38414,-40.38,29.0,0.788
2025-04-08T01:10:34.000,10.24,-16.72,2.12,19.44,20.35,38415,-40.32,28.0,0.788
2025-04-08T01:11:35.000,10.24,-16.66,2.1,19.45,20.35,38416,-40.25,28.0,0.788
2025-04-08T01:12:35.000,10.15,-16.66,2.09,19.45,20.35,38417,-40.18,28.0,0.788
2025-04-08T01:13:36.000,10.05,-16.6,2.07,19.46,20.35,38418,-40.11,28.0,0.788
2025-04-08T01:14:36.000,9.94,-16.61,2.07,19.46,20.35,38419,-40.05,28.0,0.788
2025-04-08T01:15:36.000,9.99,-16.72,2.06,19.47,20.35,38420,-39.98,27.0,0.788
2025-04-08T01:16:36.000,10.14,-16.76,2.05,19.47,20.35,38421,-39.9,27.0,0.788
2025-04-08T01:17:36.000,10.17,-16.71,2.04,19.48,20.35,38422,-39.83,27.0,0.788
2025-04-08T01:18:37.000,10.11,-16.61,2.03,19.48,20.35,38423,-39.76,27.0,0.789
2025-04-08T01:19:37.000,10.01,-16.59,2.02,19.49,20.35,38424,-39.69,27.0,0.789
2025-04-08T01:20:38.000,9.94,-16.68,2.0,19.5,20.35,38425,-39.61,26.0,0.789
2025-04-08T01:21:38.000,10.08,-16.71,1.99,19.5,20.35,38426,-39.53,26.0,0.789
2025-04-08T01:22:38.000,10.2,-16.63,1.98,19.51,20.35,38427,-39.46,26.0,0.789
2025-04-08T01:23:38.000,10.17,-16.62,1.96,19.52,20.35,38428,-39.38,26.0,0.789
2025-04-08T01:24:39.000,10.06,-16.61,1.95,19.52,20.35,38429,-39.3,26.0,0.789
2025-04-08T01:25:39.000,9.93,-16.62,1.94,19.53,20.35,38430,-39.22,26.0,0.789
2025-04-08T01:26:40.000,9.99,-16.72,1.93,19.54,20.35,38431,-39.14,25.0,0.789
2025-04-08T01:27:40.000,10.13,-16.72,1.92,19.54,20.35,38432,-39.06,25.0,0.789
2025-04-08T01:28:40.000,10.17,-16.65,1.9,19.55,20.35,38433,-38.98,25.0,0.789
2025-04-08T01:29:40.000,10.09,-16.63,1.89,19.56,20.35,38434,-38.89,25.0,0.789
2025-04-08T01:30:40.000,9.97,-16.51,1.88,19.57,20.35,38435,-38.81,25.0,0.789
2025-04-08T01:31:40.000,9.97,-16.62,1.88,19.57,20.35,38436,-38.73,24.0,0.789
2025-04-08T01:32:41.000,10.11,-16.71,1.86,19.58,20.35,38437,-38.64,24.0,0.789
2025-04-08T01:33:41.000,10.14,-16.72,1.85,19.59,20.35,38438,-38.55,24.0,0.789
2025-04-08T01:34:42.000,10.05,-16.73,1.84,19.59,20.35,38439,-38.46,24.0,0.789
2025-04-08T01:35:41.000,9.92,-16.79,1.83,19.6,20.35,38440,-38.38,24.0,0.789
2025-04-08T01:36:42.000,9.98,-16.91,1.83,19.6,20.35,38441,-38.29,23.0,0.79
2025-04-08T01:37:42.000,10.16,-16.89,1.81,19.61,20.35,38442,-38.2,23.0,0.79
2025-04-08T01:38:42.000,10.18,-16.95,1.79,19.62,20.35,38443,-38.1,23.0,0.79
2025-04-08T01:39:43.000,10.06,-16.9,1.78,19.63,20.35,38444,-38.01,23.0,0.79
2025-04-08T01:40:43.000,9.9,-16.88,1.76,19.64,20.35,38445,-37.92,23.0,0.79
2025-04-08T01:41:43.000,9.95,-17.03,1.75,19.64,20.35,38446,-37.83,23.0,0.79
2025-04-08T01:42:43.000,10.13,-16.93,1.75,19.65,20.35,38447,-37.73,22.0,0.79
2025-04-08T01:43:44.000,10.2,-16.79,1.73,19.65,20.35,38448,-37.63,22.0,0.79
2025-04-08T01:44:44.000,10.13,-16.64,1.72,19.66,20.35,38449,-37.54,22.0,0.79
2025-04-08T01:45:44.000,10.03,-16.54,1.71,19.67,20.35,38450,-37.44,22.0,0.79
2025-04-08T01:46:45.000,9.93,-16.62,1.7,19.67,20.35,38451,-37.34,22.0,0.79
2025-04-08T01:47:45.000,10.04,-16.74,1.69,19.68,20.35,38452,-37.24,21.0,0.79
2025-04-08T01:48:45.000,10.2,-16.72,1.68,19.69,20.35,38453,-37.14,21.0,0.79
2025-04-08T01:49:45.000,10.21,-16.74,1.66,19.7,20.35,38454,-37.04,21.0,0.79
2025-04-08T01:50:46.000,10.12,-16.76,1.65,19.7,20.35,38455,-36.94,21.0,0.79
2025-04-08T01:51:46.000,9.98,-16.81,1.64,19.71,20.35,38456,-36.84,21.0,0.79
2025-04-08T01:52:47.000,9.95,-16.86,1.63,19.72,20.35,38457,-36.74,20.0,0.79
2025-04-08T01:53:46.000,10.11,-16.93,1.63,19.72,20.35,38458,-36.63,20.0,0.791
2025-04-08T01:54:47.000,10.2,-16.98,1.62,19.73,20.35,38459,-36.53,20.0,0.791
2025-04-08T01:55:47.000,10.13,-16.94,1.61,19.74,20.35,38460,-36.42,20.0,0.791
2025-04-08T01:56:48.000,9.99,-16.91,1.6,19.74,20.35,38461,-36.32,20.0,0.791
2025-04-08T01:57:48.000,9.91,-16.88,1.59,19.75,20.35,38462,-36.21,19.0,0.791
2025-04-08T01:58:48.000,10.07,-16.92,1.58,19.76,20.35,38463,-36.1,19.0,0.791
2025-04-08T01:59:48.000,10.23,-16.7,1.57,19.76,20.35,38464,-36.0,19.0,0.791
2025-04-08T02:00:49.000,10.27,-16.57,1.55,19.77,20.35,38465,-35.89,19.0,0.791
2025-04-08T02:01:49.000,10.21,-16.52,1.55,19.78,20.35,38466,-35.78,19.0,0.791
2025-04-08T02:02:50.000,10.1,-16.43,1.54,19.78,20.35,38467,-35.66,19.0,0.791
2025-04-08T02:03:50.000,9.99,-16.4,1.54,19.79,20.35,38468,-35.55,18.0,0.791
2025-04-08T02:04:50.000,9.97,-16.51,1.52,19.8,20.35,38469,-35.44,18.0,0.791
2025-04-08T02:05:50.000,10.12,-16.53,1.51,19.8,20.35,38470,-35.33,18.0,0.791
2025-04-08T02:06:51.000,10.22,-16.47,1.5,19.81,20.35,38471,-35.21,18.0,0.791
2025-04-08T02:07:51.000,10.19,-16.45,1.49,19.82,20.35,38472,-35.1,18.0,0.791
2025-04-08T02:08:52.000,10.09,-16.47,1.48,19.82,20.35,38473,-34.98,17.0,0.791
2025-04-08T02:09:51.000,9.97,-16.44,1.46,19.84,20.35,38474,-34.87,17.0,0.791
2025-04-08T02:10:51.000,9.97,-16.53,1.45,19.85,20.35,38475,-34.75,17.0,0.791
2025-04-08T02:11:52.000,10.14,-16.55,1.44,19.85,20.35,38476,-34.64,17.0,0.792
2025-04-08T02:12:52.000,10.22,-16.58,1.43,19.87,20.35,38477,-34.52,17.0,0.792
2025-04-08T02:13:53.000,10.18,-16.6,1.42,19.87,20.35,38478,-34.4,16.0,0.792
2025-04-08T02:14:53.000,10.08,-16.65,1.41,19.88,20.35,38479,-34.28,16.0,0.792
2025-04-08T02:15:53.000,9.96,-16.72,1.4,19.89,20.35,38480,-34.16,16.0,0.792
2025-04-08T02:16:53.000,9.94,-16.89,1.39,19.89,20.35,38481,-34.04,16.0,0.792
2025-04-08T02:17:54.000,10.11,-17.01,1.38,19.9,20.35,38482,-33.92,16.0,0.792
2025-04-08T02:18:54.000,10.19,-17.24,1.37,19.91,20.35,38483,-33.8,16.0,0.792
2025-04-08T02:19:54.000,10.07,-17.31,1.36,19.92,20.35,38484,-33.67,15.0,0.792
2025-04-08T02:20:54.000,9.88,-17.43,1.35,19.93,20.35,38485,-33.55,15.0,0.792
2025-04-08T02:21:54.000,9.88,-17.45,1.34,19.93,20.35,38486,-33.43,15.0,0.792
2025-04-08T02:22:55.000,10.09,-17.47,1.33,19.94,20.35,38487,-33.3,15.0,0.792
2025-04-08T02:23:55.000,10.22,-17.31,1.32,19.95,20.35,38488,-33.18,15.0,0.792
2025-04-08T02:24:56.000,10.17,-17.29,1.31,19.96,20.35,38489,-33.05,14.0,0.792
2025-04-08T02:25:56.000,10.01,-17.25,1.3,19.97,20.35,38490,-32.92,14.0,0.792
2025-04-08T02:26:56.000,9.86,-17.23,1.29,19.98,20.35,38491,-32.8,14.0,0.792
2025-04-08T02:27:56.000,9.96,-17.42,1.28,19.98,20.35,38492,-32.67,14.0,0.792
2025-04-08T02:28:57.000,10.11,-17.53,1.27,19.99,20.35,38493,-32.54,14.0,0.792
2025-04-08T02:29:57.000,10.08,-17.61,1.26,20.0,20.35,38494,-32.41,14.0,0.793
2025-04-08T02:30:58.000,9.93,-17.66,1.25,20.01,20.35,38495,-32.28,13.0,0.793
2025-04-08T02:31:58.000,9.92,-17.73,1.24,20.02,20.35,38496,-32.15,13.0,0.793
2025-04-08T02:32:58.000,10.05,-18.12,1.23,20.02,20.35,38497,-32.02,13.0,0.793
2025-04-08T02:33:58.000,10.07,-17.99,1.22,20.04,20.35,38498,-31.89,13.0,0.793
2025-04-08T02:34:59.000,9.94,-18.04,1.21,20.04,20.35,38499,-31.75,13.0,0.793
2025-04-08T02:35:59.000,9.92,-18.1,1.21,20.05,20.35,38500,-31.62,12.0,0.793
2025-04-08T02:37:00.000,10.06,-18.21,1.2,20.06,20.35,38501,-31.49,12.0,0.793
2025-04-08T02:38:00.000,10.07,-17.96,1.19,20.06,20.35,38502,-31.35,12.0,0.793
2025-04-08T02:39:00.000,9.95,-17.97,1.18,20.07,20.35,38503,-31.22,12.0,0.793
2025-04-08T02:40:00.000,9.89,-17.99,1.16,20.09,20.35,38504,-31.08,12.0,0.793
2025-04-08T02:41:01.000,10.03,-18.08,1.16,20.09,20.35,38505,-30.95,11.0,0.793
2025-04-08T02:42:01.000,10.1,-18.05,1.15,20.1,20.35,38506,-30.81,11.0,0.793
2025-04-08T02:43:01.000,10.0,-18.01,1.14,20.11,20.35,38507,-30.68,11.0,0.793
2025-04-08T02:44:01.000,9.87,-18.01,1.13,20.12,20.35,38508,-30.54,11.0,0.793
2025-04-08T02:45:02.000,9.95,-18.11,1.11,20.13,20.35,38509,-30.4,11.0,0.793
2025-04-08T02:46:01.000,10.1,-18.2,1.11,20.14,20.35,38510,-30.26,11.0,0.793
2025-04-08T02:47:02.000,10.08,-17.9,1.09,20.15,20.35,38511,-30.12,10.0,0.793
2025-04-08T02:48:02.000,9.94,-17.81,1.08,20.16,20.35,38512,-29.98,10.0,0.794
2025-04-08T02:49:03.000,9.91,-17.76,1.08,20.17,20.35,38513,-29.84,10.0,0.794
2025-04-08T02:50:03.000,10.08,-17.73,1.06,20.18,20.35,38514,-29.7,10.0,0.794
2025-04-08T02:51:03.000,10.13,-17.67,1.06,20.19,20.35,38515,-29.56,10.0,0.794
2025-04-08T02:52:03.000,10.04,-17.46,1.04,20.2,20.35,38516,-29.42,9.0,0.794
2025-04-08T02:53:04.000,9.91,-17.5,1.04,20.21,20.35,38517,-29.28,9.0,0.794
2025-04-08T02:54:04.000,9.95,-17.45,1.02,20.23,20.35,38518,-29.13,9.0,0.794
2025-04-08T02:55:05.000,10.14,-17.4,1.01,20.24,20.35,38519,-28.99,9.0,0.794
2025-04-08T02:56:05.000,10.22,-17.24,1.01,20.25,20.35,38520,-28.85,9.0,0.794
2025-04-08T02:57:05.000,10.15,-17.25,1.0,20.26,20.35,38521,-28.7,9.0,0.794
2025-04-08T02:58:05.000,9.98,-17.34,0.99,20.27,20.35,38522,-28.56,8.0,0.794
2025-04-08T02:59:06.000,9.86,-17.74,0.98,20.28,20.35,38523,-28.41,8.0,0.794
2025-04-08T03:00:06.000,9.92,-18.06,0.97,20.29,20.35,38524,-28.27,8.0,0.794
2025-04-08T03:01:06.000,10.1,-17.93,0.96,20.3,20.35,38525,-28.12,8.0,0.794
2025-04-08T03:02:06.000,10.13,-17.78,0.95,20.31,20.35,38526,-27.97,8.0,0.794
2025-04-08T03:03:07.000,10.02,-17.55,0.94,20.32,20.35,38527,-27.82,7.0,0.794
2025-04-08T03:04:07.000,9.91,-17.52,0.93,20.34,20.35,38528,-27.68,7.0,0.794
2025-04-08T03:05:08.000,10.0,-17.62,0.92,20.35,20.35,38529,-27.53,7.0,0.795
2025-04-08T03:06:08.000,10.13,-17.57,0.91,20.36,20.35,38530,-27.38,7.0,0.795
2025-04-08T03:07:08.000,10.06,-17.72,0.9,20.37,20.35,38531,-27.23,7.0,0.795
2025-04-08T03:08:08.000,9.89,-17.72,0.89,20.38,20.35,38532,-27.08,7.0,0.795
2025-04-08T03:09:09.000,9.89,-17.77,0.88,20.4,20.35,38533,-26.93,6.0,0.795
2025-04-08T03:10:09.000,10.04,-17.92,0.87,20.41,20.35,38534,-26.78,6.0,0.795
2025-04-08T03:11:10.000,10.1,-17.66,0.86,20.42,20.35,38535,-26.63,6.0,0.795
2025-04-08T03:12:10.000,10.0,-17.61,0.85,20.43,20.35,38536,-26.48,6.0,0.795
2025-04-08T03:13:10.000,9.87,-17.74,0.83,20.45,20.35,38537,-26.32,6.0,0.795
2025-04-08T03:14:10.000,9.94,-17.73,0.83,20.46,20.35,38538,-26.17,5.0,0.795
2025-04-08T03:15:11.000,10.12,-17.66,0.82,20.47,20.35,38539,-26.02,5.0,0.795
2025-04-08T03:16:11.000,10.13,-17.64,0.81,20.49,20.35,38540,-25.86,5.0,0.795
2025-04-08T03:17:11.000,10.01,-17.5,0.79,20.51,20.35,38541,-25.71,5.0,0.795
2025-04-08T03:18:11.000,9.86,-17.57,0.78,20.52,20.35,38542,-25.56,5.0,0.795
2025-04-08T03:19:12.000,9.92,-17.74,0.77,20.53,20.35,38543,-25.4,5.0,0.795
2025-04-08T03:20:12.000,10.11,-17.67,0.76,20.55,20.35,38544,-25.25,4.0,0.795
2025-04-08T03:21:12.000,10.13,-17.63,0.74,20.58,20.35,38545,-25.09,4.0,0.795
2025-04-08T03:22:12.000,9.99,-17.54,0.73,20.59,20.35,38546,-24.94,4.0,0.795
2025-04-08T03:23:12.000,9.86,-17.62,0.73,20.6,20.35,38547,-24.78,4.0,0.796
2025-04-08T03:24:13.000,9.96,-17.68,0.72,20.62,20.35,38548,-24.62,4.0,0.796
2025-04-08T03:25:13.000,10.13,-17.54,0.7,20.63,20.35,38549,-24.47,3.0,0.796
2025-04-08T03:26:13.000,10.15,-17.44,0.7,20.65,20.35,38550,-24.31,3.0,0.796
2025-04-08T03:27:14.000,10.04,-17.41,0.69,20.66,20.35,38551,-24.15,3.0,0.796
2025-04-08T03:28:14.000,9.86,-17.54,0.68,20.68,20.35,38552,-23.99,3.0,0.796
2025-04-08T03:29:14.000,9.88,-17.72,0.67,20.69,20.35,38553,-23.83,3.0,0.796
2025-04-08T03:30:14.000,10.07,-17.77,0.66,20.71,20.35,38554,-23.68,3.0,0.796
2025-04-08T03:31:15.000,10.16,-17.67,0.65,20.73,20.35,38555,-23.51,2.0,0.796
2025-04-08T03:32:15.000,10.09,-17.45,0.64,20.74,20.35,38556,-23.36,2.0,0.796
