ecsv/stars749/stars749_2024-04.ecsv
# %ECSV 1.0
# ---
# datatype:
# - {name: time, datatype: string}
# - {name: Enclosure Temperature, unit: deg_C, datatype: float64}
# - {name: Sky Temperature, unit: deg_C, datatype: float64}
# - {name: Frequency, unit: Hz, datatype: float64}
# - {name: MSAS, unit: mag / arcsec2, datatype: float64}
# - {name: ZP, datatype: float64}
# - {name: Sequence Number, datatype: int64}
# - {name: Sun Alt, unit: deg, datatype: float64}
# - {name: Moon Alt, unit: deg, datatype: float64}
# - {name: Moon Illumination, datatype: float64}
# delimiter: ','
# meta: !!omap
# - ida:
#     Data supplier: {affiliation: AstroCuenca, observer: null}
#     Device type: TESS-W
#     Field of view: 17.0
#     Filters per channel: None
#     Instrument ID: stars749
#     License: ODbL 1.0 http://opendatacommons.org/licenses/odbl/summary/
#     Local timezone: Europe/Madrid
#     Location name: {country: Spain, place: Observatorio de la Vega del Codorno, region: Castile-La Mancha, sub_region: Cuenca, town: Alto
#         de la Vega}
#     Measurement direction per channel: {azimuth: 0.0, zenital: 0.0}
#     Moving / Fixed look direction: FIXED
#     Moving / Stationary position: STATIONARY
#     Number of channels: 1
#     Number of fields per line: 8
#     Number of header lines: 35
#     Position: {height: 0.0, latitude: 40.417323, longitude: -1.91062}
#     TESS MAC address: E8:DB:84:82:7D:2F
#     TESS cover offset value: 0.0
#     TESS firmware version: '1.0'
#     TESS zero point: 20.35
#     Time Synchronization: timestamp added by MQTT subscriber
#     URL: http://www.darksky.org/NSBM/sdf1.0.pdf
# - __serialized_columns__:
#     Enclosure Temperature:
#       __class__: astropy.units.quantity.Quantity
#       unit: &id001 !astropy.units.Unit {unit: deg_C}
#       value: !astropy.table.SerializedColumn {name: Enclosure Temperature}
#     Frequency:
#       __class__: astropy.units.quantity.Quantity
#       unit: !astropy.units.Unit {unit: Hz}
#       value: !astropy.table.SerializedColumn {name: Frequency}
#     MSAS:
#       __class__: astropy.units.quantity.Quantity
#       unit: !astropy.units.Unit {unit: mag / arcsec2}
#       value: !astropy.table.SerializedColumn {name: MSAS}
#     Moon Alt:
#       __class__: astropy.units.quantity.Quantity
#       unit: &id002 !astropy.units.Unit {unit: deg}
#       value: !astropy.table.SerializedColumn {name: Moon Alt}
#     Sky Temperature:
#       __class__: astropy.units.quantity.Quantity
#       unit: *id001
#       value: !astropy.table.SerializedColumn {name: Sky Temperature}
#     Sun Alt:
#       __class__: astropy.units.quantity.Quantity
#       unit: *id002
#       value: !astropy.table.SerializedColumn {name: Sun Alt}
#     time:
#       __class__: astropy.time.core.Time
#       format: isot
#       in_subfmt: '*'
#       out_subfmt: '*'
#       precision: 3
#       scale: utc
#       value: !astropy.table.SerializedColumn {name: time}
# schema: astropy-2.0
time,Enclosure Temperature,Sky Temperature,Frequency,MSAS,ZP,Sequence Number,Sun Alt,Moon Alt,Moon Illumination
[from data line 214]
2024-04-01T03:36:03.000,5.32,-5.29,1.2,20.06,20.35,32404,-25.01,16.0,0.606
2024-04-01T03:37:03.000,5.42,-5.33,1.06,20.19,20.35,32405,-24.85,16.0,0.606
2024-04-01T03:38:03.000,5.42,-5.63,1.23,20.03,20.35,32406,-24.68,16.0,0.606
2024-04-01T03:39:03.000,5.29,-6.25,1.33,19.95,20.35,32407,-24.52,16.0,0.606
2024-04-01T03:40:03.000,5.09,-6.97,1.35,19.93,20.35,32408,-24.36,16.0,0.606
2024-04-01T03:41:03.000,4.95,-6.18,1.33,19.95,20.35,32409,-24.19,16.0,0.606
2024-04-01T03:42:04.000,4.9,-6.02,1.11,20.13,20.35,32410,-24.02,16.0,0.606
2024-04-01T03:43:04.000,4.87,-5.84,1.1,20.14,20.35,32411,-23.86,16.0,0.606
2024-04-01T03:44:04.000,4.81,-5.94,1.04,20.21,20.35,32412,-23.69,16.0,0.606
2024-04-01T03:45:05.000,4.87,-5.4,1.09,20.16,20.35,32413,-23.52,16.0,0.606
2024-04-01T03:47:10.000,4.86,-5.84,1.26,20.0,20.35,32415,-23.18,16.0,0.605
2024-04-01T03:48:10.000,4.95,-5.73,1.27,20.0,20.35,32416,-23.01,16.0,0.605
2024-04-01T03:49:11.000,5.03,-5.56,1.38,19.93,20.35,32417,-22.84,16.0,0.605
2024-04-01T03:50:11.000,5.13,-6.21,1.58,19.77,20.35,32418,-22.67,17.0,0.605
2024-04-01T03:51:11.000,5.12,-5.61,1.18,20.07,20.35,32419,-22.5,17.0,0.605
2024-04-01T03:52:12.000,5.38,-4.83,1.12,20.13,20.35,32420,-22.33,17.0,0.605
2024-04-01T03:53:12.000,5.61,-4.63,1.09,20.16,20.35,32421,-22.16,17.0,0.605
2024-04-01T03:54:12.000,5.83,-4.81,1.11,20.14,20.35,32422,-21.99,17.0,0.605
2024-04-01T03:55:12.000,5.71,-5.42,0.96,20.29,20.35,32423,-21.82,17.0,0.605
2024-04-01T03:56:12.000,5.86,-4.34,0.84,20.44,20.35,32424,-21.65,17.0,0.605
2024-04-01T03:57:12.000,6.03,-3.74,0.82,20.46,20.35,32425,-21.48,17.0,0.605
2024-04-01T03:58:13.000,6.0,-3.95,1.11,20.15,20.35,32426,-21.31,17.0,0.605
2024-04-01T03:59:13.000,6.05,-3.38,1.06,20.19,20.35,32427,-21.14,17.0,0.605
2024-04-01T04:00:14.000,5.82,-4.78,0.86,20.42,20.35,32428,-20.97,17.0,0.604
2024-04-01T04:01:14.000,5.71,-4.54,0.94,20.33,20.35,32429,-20.8,17.0,0.604
2024-04-01T04:02:14.000,5.64,-4.69,1.18,20.07,20.35,32430,-20.62,17.0,0.604
2024-04-01T04:03:14.000,5.69,-4.49,1.18,20.07,20.35,32431,-20.45,17.0,0.604
2024-04-01T04:04:14.000,5.92,-4.37,1.12,20.13,20.35,32432,-20.28,17.0,0.604
2024-04-01T04:05:15.000,5.94,-4.77,1.24,20.02,20.35,32433,-20.11,18.0,0.604
2024-04-01T04:06:15.000,6.08,-4.84,1.2,20.06,20.35,32434,-19.93,18.0,0.604
2024-04-01T04:07:15.000,5.88,-5.82,1.02,20.23,20.35,32435,-19.76,18.0,0.604
2024-04-01T04:08:16.000,5.87,-5.21,1.31,19.96,20.35,32436,-19.58,18.0,0.604
2024-04-01T04:09:16.000,5.9,-5.41,1.54,19.78,20.35,32437,-19.41,18.0,0.604
2024-04-01T04:10:16.000,5.79,-6.6,1.72,19.66,20.35,32438,-19.24,18.0,0.604
2024-04-01T04:11:17.000,5.71,-5.71,1.47,19.84,20.35,32439,-19.06,18.0,0.604
2024-04-01T04:12:17.000,5.73,-5.89,1.42,19.87,20.35,32440,-18.89,18.0,0.604
2024-04-01T04:13:17.000,5.65,-5.69,1.41,19.88,20.35,32441,-18.71,18.0,0.604
2024-04-01T04:14:17.000,5.79,-5.6,1.87,19.58,20.35,32442,-18.54,18.0,0.603
2024-04-01T04:15:18.000,5.82,-5.73,1.4,19.89,20.35,32443,-18.36,18.0,0.603
2024-04-01T04:16:18.000,5.8,-5.85,1.3,19.97,20.35,32444,-18.19,18.0,0.603
2024-04-01T04:17:18.000,5.61,-6.06,1.2,20.05,20.35,32445,-18.01,18.0,0.603
2024-04-01T04:18:18.000,5.65,-5.15,1.04,20.22,20.35,32446,-17.83,18.0,0.603
2024-04-01T04:19:19.000,5.73,-5.66,1.31,19.97,20.35,32447,-17.66,18.0,0.603
2024-04-01T04:20:19.000,5.64,-5.97,1.44,19.86,20.35,32448,-17.48,18.0,0.603
2024-04-01T04:21:19.000,5.55,-6.71,1.56,19.77,20.35,32449,-17.3,18.0,0.603
2024-04-01T04:22:19.000,5.43,-6.86,1.96,19.53,20.35,32450,-17.13,18.0,0.603
2024-04-01T04:23:19.000,5.26,-11.84,2.31,19.35,20.35,32451,-16.95,19.0,0.603
2024-04-01T04:24:19.000,5.16,-9.9,2.03,19.49,20.35,32452,-16.77,19.0,0.603
2024-04-01T04:25:20.000,5.23,-7.5,2.37,19.33,20.35,32453,-16.59,19.0,0.603
2024-04-01T04:26:20.000,5.24,-7.45,2.01,19.5,20.35,32454,-16.42,19.0,0.603
2024-04-01T04:27:21.000,5.3,-6.91,1.98,19.51,20.35,32455,-16.23,19.0,0.603
2024-04-01T04:28:21.000,5.48,-5.77,2.0,19.5,20.35,32456,-16.06,19.0,0.602
2024-04-01T04:29:21.000,5.47,-5.89,1.83,19.59,20.35,32457,-15.88,19.0,0.602
2024-04-01T04:30:21.000,5.47,-5.87,1.73,19.66,20.35,32458,-15.7,19.0,0.602
2024-04-01T04:31:22.000,5.42,-6.29,2.24,19.38,20.35,32459,-15.52,19.0,0.602
2024-04-01T04:32:22.000,5.32,-5.9,1.91,19.55,20.35,32460,-15.34,19.0,0.602
2024-04-01T04:33:22.000,5.33,-6.58,2.25,19.38,20.35,32461,-15.16,19.0,0.602
2024-04-01T04:34:22.000,5.28,-7.84,2.22,19.39,20.35,32462,-14.98,19.0,0.602
2024-04-01T04:35:23.000,5.2,-8.61,2.34,19.33,20.35,32463,-14.8,19.0,0.602
2024-04-01T04:36:23.000,5.35,-7.15,2.72,19.17,20.35,32464,-14.62,19.0,0.602
2024-04-01T04:37:23.000,5.44,-6.76,2.87,19.11,20.35,32465,-14.44,19.0,0.602
2024-04-01T04:38:23.000,5.41,-7.19,2.94,19.09,20.35,32466,-14.26,19.0,0.602
2024-04-01T04:39:23.000,5.41,-6.67,2.49,19.26,20.35,32467,-14.08,19.0,0.602
2024-04-01T04:40:23.000,5.41,-6.61,2.95,19.08,20.35,32468,-13.9,19.0,0.602
2024-04-01T04:41:24.000,5.46,-6.43,2.38,19.32,20.35,32469,-13.72,19.0,0.601
2024-04-01T04:42:24.000,5.44,-6.35,1.99,19.51,20.35,32470,-13.54,19.0,0.601
2024-04-01T04:43:24.000,5.31,-6.98,2.52,19.25,20.35,32471,-13.36,19.0,0.601
2024-04-01T04:44:25.000,5.38,-5.99,1.99,19.51,20.35,32472,-13.17,19.0,0.601
2024-04-01T04:45:25.000,5.51,-5.72,1.84,19.59,20.35,32473,-12.99,19.0,0.601
2024-04-01T04:46:25.000,5.45,-6.25,2.1,19.44,20.35,32474,-12.81,19.0,0.601
2024-04-01T04:47:25.000,5.35,-5.73,2.34,19.33,20.35,32475,-12.63,19.0,0.601
2024-04-01T04:48:25.000,5.49,-5.64,3.06,19.04,20.35,32476,-12.44,19.0,0.601
2024-04-01T04:49:26.000,5.84,-4.95,2.91,19.09,20.35,32477,-12.26,20.0,0.601
2024-04-01T04:50:26.000,5.88,-6.17,3.32,18.95,20.35,32478,-12.08,20.0,0.601
2024-04-01T04:51:26.000,6.08,-5.63,3.83,18.79,20.35,32479,-11.9,20.0,0.601
2024-04-01T04:52:27.000,6.1,-6.51,4.74,18.56,20.35,32480,-11.71,20.0,0.601
2024-04-01T04:53:27.000,6.15,-6.26,5.25,18.45,20.35,32481,-11.53,20.0,0.601
2024-04-01T04:54:27.000,6.0,-7.04,4.43,18.64,20.35,32482,-11.34,20.0,0.601
2024-04-01T04:55:27.000,5.83,-6.54,4.44,18.63,20.35,32483,-11.16,20.0,0.6
2024-04-01T04:56:27.000,5.92,-5.85,4.07,18.73,20.35,32484,-10.98,20.0,0.6
2024-04-01T04:57:27.000,5.89,-6.53,3.96,18.76,20.35,32485,-10.8,20.0,0.6
2024-04-01T04:58:28.000,5.91,-6.15,4.32,18.66,20.35,32486,-10.61,20.0,0.6
2024-04-01T04:59:28.000,5.99,-5.22,4.08,18.72,20.35,32487,-10.43,20.0,0.6
2024-04-01T05:00:28.000,6.09,-6.32,5.35,18.44,20.35,32488,-10.24,20.0,0.6
2024-04-01T05:01:28.000,6.06,-6.16,6.61,18.2,20.35,32489,-10.06,20.0,0.6
2024-04-01T05:02:28.000,6.17,-5.51,6.54,18.21,20.35,32490,-9.87,20.0,0.6
2024-04-01T05:03:28.000,6.35,-5.5,9.0,17.88,20.35,32491,-9.69,20.0,0.6
2024-04-01T05:04:29.000,6.56,-5.1,10.1,17.74,20.35,32492,-9.5,20.0,0.6
2024-04-01T05:05:36.000,6.52,-6.36,12.04,17.55,20.35,32493,-9.3,20.0,0.6
2024-04-01T05:06:36.000,6.25,-7.03,14.99,17.32,20.35,32494,-9.11,20.0,0.6
2024-04-01T05:07:36.000,6.13,-7.45,23.91,16.82,20.35,32495,-8.93,20.0,0.6
2024-04-01T05:08:36.000,5.86,-8.77,31.12,16.52,20.35,32496,-8.74,20.0,0.6
2024-04-01T05:09:37.000,5.8,-9.42,33.72,16.43,20.35,32497,-8.55,20.0,0.599
2024-04-01T05:10:37.000,5.73,-9.89,41.55,16.21,20.35,32498,-8.37,20.0,0.599
2024-04-01T05:11:37.000,5.76,-6.38,47.77,16.05,20.35,32499,-8.18,20.0,0.599
2024-04-01T05:12:37.000,5.99,-5.08,49.98,16.0,20.35,32500,-8.0,20.0,0.599
2024-04-01T05:13:38.000,5.93,-6.57,64.14,15.74,20.35,32501,-7.81,20.0,0.599
2024-04-01T05:14:37.000,5.91,-5.95,79.75,15.5,20.35,32502,-7.63,20.0,0.599
2024-04-01T05:15:38.000,5.93,-5.51,89.93,15.37,20.35,32503,-7.44,20.0,0.599
2024-04-01T05:16:38.000,5.96,-5.67,103.52,15.21,20.35,32504,-7.25,20.0,0.599
2024-04-01T05:17:38.000,5.75,-5.55,140.63,14.88,20.35,32505,-7.07,20.0,0.599
2024-04-01T05:18:39.000,5.6,-5.12,146.88,14.83,20.35,32506,-6.88,20.0,0.599
2024-04-01T05:19:39.000,5.26,-6.65,194.11,14.53,20.35,32507,-6.69,20.0,0.599
2024-04-01T05:20:39.000,4.92,-6.14,265.13,14.19,20.35,32508,-6.5,20.0,0.599
2024-04-01T05:21:39.000,4.83,-6.19,341.84,13.92,20.35,32509,-6.32,20.0,0.599
2024-04-01T05:22:39.000,4.81,-5.98,502.58,13.51,20.35,32510,-6.13,20.0,0.599
2024-04-01T05:23:40.000,5.01,-5.91,715.87,13.11,20.35,32511,-5.94,20.0,0.598
2024-04-01T05:24:40.000,5.05,-6.38,863.08,12.91,20.35,32512,-5.75,20.0,0.598
2024-04-01T05:25:41.000,5.25,-8.43,1092.6,12.65,20.35,32513,-5.56,20.0,0.598
2024-04-01T05:26:41.000,5.05,-12.08,1378.89,12.41,20.35,32514,-5.38,20.0,0.598
2024-04-01T05:27:41.000,4.92,-9.96,1791.07,12.12,20.35,32515,-5.19,20.0,0.598
2024-04-01T05:28:42.000,4.67,-6.65,2040.09,11.98,20.35,32516,-5.0,20.0,0.598
2024-04-01T05:29:42.000,4.75,-6.28,2561.93,11.73,20.35,32517,-4.81,20.0,0.598
2024-04-01T05:30:42.000,4.74,-6.59,3009.42,11.56,20.35,32518,-4.62,20.0,0.598
2024-04-01T05:31:42.000,4.68,-6.84,4210.85,11.19,20.35,32519,-4.44,20.0,0.598
2024-04-01T05:32:42.000,4.69,-6.3,4895.12,11.03,20.35,32520,-4.25,20.0,0.598
2024-04-01T05:33:43.000,4.77,-5.98,5688.24,10.86,20.35,32521,-4.06,20.0,0.598
2024-04-01T05:34:43.000,4.73,-6.21,7177.66,10.61,20.35,32522,-3.87,20.0,0.598
2024-04-01T05:35:44.000,4.7,-5.84,9134.09,10.36,20.35,32523,-3.68,20.0,0.598
2024-04-01T05:36:44.000,4.7,-6.33,13451.62,9.94,20.35,32524,-3.49,20.0,0.598
2024-04-01T05:37:44.000,4.76,-5.92,15897.27,9.75,20.35,32525,-3.3,20.0,0.597
2024-04-01T05:38:44.000,4.76,-5.51,18733.35,9.57,20.35,32526,-3.11,20.0,0.597
2024-04-01T05:39:45.000,4.87,-5.42,23149.58,9.34,20.35,32527,-2.92,20.0,0.597
2024-04-01T05:40:45.000,4.89,-6.05,26674.11,9.2,20.35,32528,-2.73,20.0,0.597
2024-04-01T05:41:45.000,4.9,-5.64,32026.36,8.99,20.35,32529,-2.55,20.0,0.597
2024-04-01T05:42:46.000,4.94,-4.94,34434.64,8.91,20.35,32530,-2.35,20.0,0.597
2024-04-01T05:43:46.000,4.98,-5.0,42552.75,8.68,20.35,32531,-2.17,20.0,0.597
2024-04-01T05:44:46.000,4.79,-5.35,43721.16,8.65,20.35,32532,-1.98,20.0,0.597
2024-04-01T05:45:46.000,4.67,-5.18,38846.09,8.78,20.35,32533,-1.79,20.0,0.597
2024-04-01T05:46:47.000,4.71,-4.94,46391.98,8.6,20.35,32534,-1.6,20.0,0.597
2024-04-01T05:47:47.000,4.59,-5.63,51247.64,0.74,20.35,32535,-1.41,20.0,0.597
2024-04-01T05:48:48.000,4.31,-6.18,50000.0,0.0,20.35,32536,-1.22,20.0,0.597
2024-04-01T05:49:48.000,3.9,-4.56,50000.0,0.0,20.35,32537,-1.03,20.0,0.597
2024-04-01T05:50:48.000,3.67,-3.72,50000.0,0.0,20.35,32538,-0.84,20.0,0.596
2024-04-01T06:13:01.000,4.79,-1.86,50000.0,0.0,20.35,32560,3.38,19.0,0.595
2024-04-01T06:14:01.000,4.85,-1.71,50000.0,0.0,20.35,32561,3.57,19.0,0.595
2024-04-01T06:15:01.000,4.93,-1.65,50000.0,0.0,20.35,32562,3.76,19.0,0.595
2024-04-01T06:16:01.000,4.84,-2.83,49711.24,0.09,20.35,32563,3.95,19.0,0.595
2024-04-01T06:17:01.000,4.59,-3.25,50000.0,0.0,20.35,32564,4.14,19.0,0.595
2024-04-01T06:18:01.000,4.56,-2.61,49428.86,0.19,20.35,32565,4.33,19.0,0.595
2024-04-01T06:19:02.000,4.5,-2.83,50000.0,0.0,20.35,32566,4.52,19.0,0.594
2024-04-01T06:20:02.000,4.56,-2.33,50000.0,0.0,20.35,32567,4.71,19.0,0.594
2024-04-01T06:21:03.000,4.75,-1.77,50000.0,0.0,20.35,32568,4.91,19.0,0.594
2024-04-01T06:25:04.000,4.74,-2.8,50000.0,0.0,20.35,32572,5.67,19.0,0.594
2024-04-01T06:26:04.000,4.82,-3.43,50000.0,0.0,20.35,32573,5.86,19.0,0.594
2024-04-01T06:27:05.000,4.76,-4.51,50000.0,0.0,20.35,32574,6.06,19.0,0.594
2024-04-01T06:28:05.000,4.75,-4.39,49728.49,0.09,20.35,32575,6.25,19.0,0.594
2024-04-01T06:29:05.000,4.85,-4.45,50000.0,0.0,20.35,32576,6.44,19.0,0.594
2024-04-01T06:30:06.000,4.99,-4.25,50000.0,0.0,20.35,32577,6.63,19.0,0.594
2024-04-01T06:31:06.000,4.89,-5.11,50000.0,0.0,20.35,32578,6.82,19.0,0.594
2024-04-01T11:58:34.000,5.9,5.15,50000.0,0.0,20.35,32904,54.3,-21.0,0.57
2024-04-01T11:59:35.000,6.08,3.31,50000.0,0.0,20.35,32905,54.32,-21.0,0.57
2024-04-01T12:00:35.000,6.18,5.01,50000.0,0.0,20.35,32906,54.34,-22.0,0.57
2024-04-01T12:02:41.000,6.82,3.66,50000.0,0.0,20.35,32908,54.37,-22.0,0.569
2024-04-01T12:03:41.000,6.53,4.9,50000.0,0.0,20.35,32909,54.38,-22.0,0.569
2024-04-01T12:04:42.000,6.33,3.1,50000.0,0.0,20.35,32910,54.39,-22.0,0.569
2024-04-01T17:42:24.000,5.47,-4.48,50000.0,0.0,20.35,33246,8.68,-78.0,0.544
2024-04-01T17:43:24.000,5.45,-3.44,50000.0,0.0,20.35,33247,8.49,-78.0,0.544
2024-04-01T17:44:24.000,5.34,-2.39,50000.0,0.0,20.35,33248,8.3,-78.0,0.544
2024-04-01T17:56:11.000,5.25,-7.18,50000.0,0.0,20.35,33259,6.06,-78.0,0.543
2024-04-01T17:57:11.000,5.22,-12.68,50000.0,0.0,20.35,33260,5.87,-78.0,0.543
2024-04-01T17:58:12.000,5.13,-13.35,50000.0,0.0,20.35,33261,5.68,-78.0,0.543
2024-04-01T18:36:21.000,5.03,-9.01,50000.0,0.0,20.35,33299,-1.55,-76.0,0.54
2024-04-01T18:37:21.000,4.98,-4.14,50000.0,0.0,20.35,33300,-1.74,-76.0,0.54
2024-04-01T18:38:21.000,5.01,-6.14,50000.0,0.0,20.35,33301,-1.93,-76.0,0.54
2024-04-01T18:39:21.000,5.03,-14.07,53154.34,3.47,20.35,33302,-2.11,-76.0,0.54
2024-04-01T18:40:21.000,4.94,-12.34,53873.1,7.18,20.35,33303,-2.3,-76.0,0.54
2024-04-01T18:41:22.000,5.06,-14.03,48532.55,8.55,20.35,33304,-2.49,-76.0,0.54
2024-04-01T18:42:22.000,5.17,-11.48,47960.46,8.56,20.35,33305,-2.68,-76.0,0.54
2024-04-01T18:43:22.000,5.11,-6.9,49262.49,8.52,20.35,33306,-2.87,-76.0,0.54
2024-04-01T18:44:22.000,4.92,-17.54,33409.09,9.03,20.35,33307,-3.06,-75.0,0.54
2024-04-01T18:45:23.000,4.84,-10.59,26654.31,9.19,20.35,33308,-3.25,-75.0,0.54
2024-04-01T18:46:23.000,5.1,-6.03,21399.98,9.43,20.35,33309,-3.44,-75.0,0.539
2024-04-01T18:47:24.000,5.3,-2.82,15152.6,9.8,20.35,33310,-3.63,-75.0,0.539
2024-04-01T18:48:25.000,5.27,-3.67,15593.46,9.77,20.35,33311,-3.82,-75.0,0.539
2024-04-01T18:49:26.000,5.2,-6.1,13652.65,9.93,20.35,33312,-4.01,-75.0,0.539
2024-04-01T18:50:27.000,5.07,-8.9,10018.65,10.25,20.35,33313,-4.2,-75.0,0.539
2024-04-01T18:51:32.000,5.17,-10.75,8284.48,10.47,20.35,33314,-4.4,-75.0,0.539
2024-04-01T18:52:32.000,5.41,-12.12,6730.37,10.7,20.35,33315,-4.59,-74.0,0.539
2024-04-01T18:53:32.000,5.65,-14.86,4582.51,11.11,20.35,33316,-4.77,-74.0,0.539
2024-04-01T18:54:32.000,5.77,-15.97,3868.25,11.3,20.35,33317,-4.96,-74.0,0.539
2024-04-01T18:55:33.000,5.99,-8.69,4044.02,11.25,20.35,33318,-5.15,-74.0,0.539
2024-04-01T18:56:33.000,6.3,-12.48,2650.27,11.72,20.35,33319,-5.34,-74.0,0.539
2024-04-01T18:57:33.000,6.49,-17.28,1563.55,12.27,20.35,33320,-5.52,-74.0,0.539
2024-04-01T18:58:33.000,6.71,-5.62,1668.0,12.2,20.35,33321,-5.71,-74.0,0.539
2024-04-01T18:59:33.000,6.99,-5.88,1289.24,12.48,20.35,33322,-5.9,-74.0,0.538
2024-04-01T19:00:33.000,7.25,-7.86,987.31,12.78,20.35,33323,-6.08,-73.0,0.538
2024-04-01T19:01:34.000,7.38,-4.43,579.78,13.36,20.35,33324,-6.27,-73.0,0.538
2024-04-01T19:02:33.000,7.61,-4.03,461.39,13.59,20.35,33325,-6.46,-73.0,0.538
2024-04-01T19:03:33.000,7.74,-3.81,338.74,13.93,20.35,33326,-6.64,-73.0,0.538
2024-04-01T19:04:34.000,7.87,-3.57,300.69,14.06,20.35,33327,-6.83,-73.0,0.538
2024-04-01T19:05:34.000,7.97,-3.17,251.82,14.25,20.35,33328,-7.02,-73.0,0.538
2024-04-01T19:06:35.000,8.08,-3.75,224.44,14.37,20.35,33329,-7.2,-73.0,0.538
2024-04-01T19:07:35.000,8.01,-5.25,199.3,14.51,20.35,33330,-7.39,-72.0,0.538
2024-04-01T19:08:35.000,7.83,-7.47,157.08,14.76,20.35,33331,-7.57,-72.0,0.538
2024-04-01T19:09:35.000,7.78,-4.96,133.51,14.94,20.35,33332,-7.76,-72.0,0.538
2024-04-01T19:10:35.000,7.88,-3.76,83.5,15.46,20.35,33333,-7.95,-72.0,0.538
2024-04-01T19:11:36.000,7.95,-4.49,87.82,15.4,20.35,33334,-8.13,-72.0,0.538
2024-04-01T19:12:36.000,7.8,-5.29,71.34,15.63,20.35,33335,-8.32,-72.0,0.538
2024-04-01T19:13:36.000,7.71,-4.63,60.43,15.8,20.35,33336,-8.5,-72.0,0.537
2024-04-01T19:14:36.000,7.68,-4.78,48.86,16.03,20.35,33337,-8.69,-71.0,0.537
2024-04-01T19:15:37.000,7.58,-5.06,41.79,16.21,20.35,33338,-8.87,-71.0,0.537
2024-04-01T19:16:37.000,7.65,-4.12,29.34,16.59,20.35,33339,-9.06,-71.0,0.537
2024-04-01T19:17:37.000,7.74,-4.26,25.17,16.77,20.35,33340,-9.24,-71.0,0.537
2024-04-01T19:18:38.000,7.69,-5.01,24.29,16.79,20.35,33341,-9.43,-71.0,0.537
2024-04-01T19:19:38.000,7.67,-3.8,15.99,17.24,20.35,33342,-9.61,-71.0,0.537
2024-04-01T19:20:38.000,7.82,-3.85,16.32,17.22,20.35,33343,-9.8,-70.0,0.537
2024-04-01T19:21:39.000,7.69,-4.71,11.59,17.6,20.35,33344,-9.98,-70.0,0.537
2024-04-01T19:22:39.000,7.82,-3.38,10.47,17.71,20.35,33345,-10.17,-70.0,0.537
