ecsv/stars749/stars749_2024-04.ecsv
# %ECSV 1.0
# ---
# datatype:
# - {name: time, datatype: string}
# - {name: Enclosure Temperature, unit: deg_C, datatype: float64}
# - {name: Sky Temperature, unit: deg_C, datatype: float64}
# - {name: Frequency, unit: Hz, datatype: float64}
# - {name: MSAS, unit: mag / arcsec2, datatype: float64}
# - {name: ZP, datatype: float64}
# - {name: Sequence Number, datatype: int64}
# - {name: Sun Alt, unit: deg, datatype: float64}
# - {name: Moon Alt, unit: deg, datatype: float64}
# - {name: Moon Illumination, datatype: float64}
# delimiter: ','
# meta: !!omap
# - ida:
#     Data supplier: {affiliation: AstroCuenca, observer: null}
#     Device type: TESS-W
#     Field of view: 17.0
#     Filters per channel: None
#     Instrument ID: stars749
#     License: ODbL 1.0 http://opendatacommons.org/licenses/odbl/summary/
#     Local timezone: Europe/Madrid
#     Location name: {country: Spain, place: Observatorio de la Vega del Codorno, region: Castile-La Mancha, sub_region: Cuenca, town: Alto
#         de la Vega}
#     Measurement direction per channel: {azimuth: 0.0, zenital: 0.0}
#     Moving / Fixed look direction: FIXED
#     Moving / Stationary position: STATIONARY
#     Number of channels: 1
#     Number of fields per line: 8
#     Number of header lines: 35
#     Position: {height: 0.0, latitude: 40.417323, longitude: -1.91062}
#     TESS MAC address: E8:DB:84:82:7D:2F
#     TESS cover offset value: 0.0
#     TESS firmware version: '1.0'
#     TESS zero point: 20.35
#     Time Synchronization: timestamp added by MQTT subscriber
#     URL: http://www.darksky.org/NSBM/sdf1.0.pdf
# - __serialized_columns__:
#     Enclosure Temperature:
#       __class__: astropy.units.quantity.Quantity
#       unit: &id001 !astropy.units.Unit {unit: deg_C}
#       value: !astropy.table.SerializedColumn {name: Enclosure Temperature}
#     Frequency:
#       __class__: astropy.units.quantity.Quantity
#       unit: !astropy.units.Unit {unit: Hz}
#       value: !astropy.table.SerializedColumn {name: Frequency}
#     MSAS:
#       __class__: astropy.units.quantity.Quantity
#       unit: !astropy.units.Unit {unit: mag / arcsec2}
#       value: !astropy.table.SerializedColumn {name: MSAS}
#     Moon Alt:
#       __class__: astropy.units.quantity.Quantity
#       unit: &id002 !astropy.units.Unit {unit: deg}
#       value: !astropy.table.SerializedColumn {name: Moon Alt}
#     Sky Temperature:
#       __class__: astropy.units.quantity.Quantity
#       unit: *id001
#       value: !astropy.table.SerializedColumn {name: Sky Temperature}
#     Sun Alt:
#       __class__: astropy.units.quantity.Quantity
#       unit: *id002
#       value: !astropy.table.SerializedColumn {name: Sun Alt}
#     time:
#       __class__: astropy.time.core.Time
#       format: isot
#       in_subfmt: '*'
#       out_subfmt: '*'
#       precision: 3
#       scale: utc
#       value: !astropy.table.SerializedColumn {name: time}
# schema: astropy-2.0
time,Enclosure Temperature,Sky Temperature,Frequency,MSAS,ZP,Sequence Number,Sun Alt,Moon Alt,Moon Illumination
[from data line 2714]
2024-04-04T23:04:07.000,10.7,-21.74,0.32,21.49,20.35,37862,-40.99,-55.0,0.201
2024-04-04T23:05:07.000,10.69,-21.52,0.32,21.5,20.35,37863,-41.07,-55.0,0.201
2024-04-04T23:06:08.000,10.75,-21.49,0.32,21.5,20.35,37864,-41.14,-55.0,0.201
2024-04-04T23:07:08.000,10.76,-21.78,0.32,21.5,20.35,37865,-41.21,-55.0,0.201
2024-04-04T23:08:08.000,10.74,-21.66,0.32,21.5,20.35,37866,-41.27,-55.0,0.201
2024-04-04T23:09:08.000,10.76,-21.64,0.32,21.5,20.35,37867,-41.34,-55.0,0.201
2024-04-04T23:10:09.000,10.76,-21.71,0.32,21.5,20.35,37868,-41.41,-54.0,0.201
2024-04-04T23:11:09.000,10.73,-21.63,0.32,21.49,20.35,37869,-41.47,-54.0,0.201
2024-04-04T23:12:09.000,10.74,-21.46,0.32,21.49,20.35,37870,-41.53,-54.0,0.201
2024-04-04T23:13:10.000,10.73,-21.58,0.32,21.49,20.35,37871,-41.6,-54.0,0.201
2024-04-04T23:14:10.000,10.71,-21.55,0.32,21.49,20.35,37872,-41.66,-54.0,0.201
2024-04-04T23:15:10.000,10.69,-21.43,0.32,21.5,20.35,37873,-41.72,-54.0,0.2
2024-04-04T23:16:11.000,10.7,-21.48,0.31,21.51,20.35,37874,-41.78,-53.0,0.2
2024-04-04T23:17:11.000,10.7,-21.62,0.31,21.53,20.35,37875,-41.84,-53.0,0.2
2024-04-04T23:18:11.000,10.71,-21.47,0.31,21.53,20.35,37876,-41.9,-53.0,0.2
2024-04-04T23:19:11.000,10.73,-21.36,0.31,21.53,20.35,37877,-41.95,-53.0,0.2
2024-04-04T23:20:12.000,10.76,-21.39,0.31,21.53,20.35,37878,-42.01,-53.0,0.2
2024-04-04T23:21:12.000,10.75,-21.43,0.31,21.53,20.35,37879,-42.07,-53.0,0.2
2024-04-04T23:22:12.000,10.74,-21.36,0.31,21.53,20.35,37880,-42.12,-52.0,0.2
2024-04-04T23:23:12.000,10.77,-21.34,0.31,21.54,20.35,37881,-42.17,-52.0,0.2
2024-04-04T23:24:13.000,10.78,-21.39,0.31,21.54,20.35,37882,-42.22,-52.0,0.2
2024-04-04T23:25:13.000,10.76,-21.35,0.31,21.54,20.35,37883,-42.27,-52.0,0.2
2024-04-04T23:26:13.000,10.74,-21.42,0.31,21.54,20.35,37884,-42.32,-52.0,0.2
2024-04-04T23:27:13.000,10.74,-21.38,0.31,21.54,20.35,37885,-42.37,-52.0,0.2
2024-04-04T23:28:14.000,10.73,-21.21,0.31,21.54,20.35,37886,-42.42,-51.0,0.2
2024-04-04T23:29:14.000,10.73,-21.08,0.31,21.54,20.35,37887,-42.47,-51.0,0.2
2024-04-04T23:30:14.000,10.73,-20.92,0.31,21.54,20.35,37888,-42.51,-51.0,0.199
2024-04-04T23:31:14.000,10.76,-20.72,0.31,21.54,20.35,37889,-42.55,-51.0,0.199
2024-04-04T23:32:15.000,10.83,-20.72,0.31,21.54,20.35,37890,-42.6,-51.0,0.199
2024-04-04T23:33:15.000,10.84,-20.91,0.31,21.54,20.35,37891,-42.64,-51.0,0.199
2024-04-04T23:34:15.000,10.84,-20.8,0.31,21.54,20.35,37892,-42.68,-50.0,0.199
2024-04-04T23:35:15.000,10.81,-20.8,0.31,21.54,20.35,37893,-42.72,-50.0,0.199
2024-04-04T23:36:16.000,10.8,-20.91,0.31,21.54,20.35,37894,-42.76,-50.0,0.199
2024-04-04T23:37:16.000,10.78,-20.8,0.31,21.54,20.35,37895,-42.8,-50.0,0.199
2024-04-04T23:38:17.000,10.78,-21.0,0.31,21.54,20.35,37896,-42.83,-50.0,0.199
2024-04-04T23:39:16.000,10.77,-21.01,0.31,21.55,20.35,37897,-42.87,-50.0,0.199
2024-04-04T23:40:17.000,10.75,-21.08,0.3,21.55,20.35,37898,-42.9,-49.0,0.199
2024-04-04T23:41:17.000,10.75,-20.97,0.3,21.55,20.35,37899,-42.94,-49.0,0.199
2024-04-04T23:42:18.000,10.77,-20.96,0.3,21.55,20.35,37900,-42.97,-49.0,0.199
2024-04-04T23:43:18.000,10.77,-21.18,0.3,21.55,20.35,37901,-43.0,-49.0,0.199
2024-04-04T23:44:18.000,10.77,-21.04,0.3,21.55,20.35,37902,-43.03,-49.0,0.199
2024-04-04T23:45:18.000,10.78,-21.08,0.3,21.55,20.35,37903,-43.06,-49.0,0.198
2024-04-04T23:46:19.000,10.78,-21.07,0.3,21.56,20.35,37904,-43.08,-48.0,0.198
2024-04-04T23:47:19.000,10.78,-21.08,0.3,21.55,20.35,37905,-43.11,-48.0,0.198
2024-04-04T23:48:19.000,10.78,-20.93,0.3,21.55,20.35,37906,-43.14,-48.0,0.198
2024-04-04T23:49:19.000,10.8,-20.9,0.3,21.55,20.35,37907,-43.16,-48.0,0.198
2024-04-04T23:50:20.000,10.79,-20.98,0.3,21.55,20.35,37908,-43.18,-48.0,0.198
2024-04-04T23:51:20.000,10.8,-20.98,0.3,21.55,20.35,37909,-43.2,-48.0,0.198
2024-04-05T00:06:19.000,10.55,-21.28,0.31,21.55,20.35,37923,-43.4,-45.0,0.197
2024-04-05T00:07:19.000,10.54,-21.22,0.31,21.55,20.35,37924,-43.4,-45.0,0.197
2024-04-05T00:08:20.000,10.58,-21.07,0.31,21.55,20.35,37925,-43.4,-45.0,0.197
2024-04-05T00:09:20.000,10.62,-21.19,0.3,21.55,20.35,37926,-43.4,-44.0,0.197
2024-04-05T00:10:21.000,10.63,-21.32,0.3,21.55,20.35,37927,-43.4,-44.0,0.197
2024-04-05T00:11:21.000,10.64,-21.17,0.3,21.55,20.35,37928,-43.4,-44.0,0.197
2024-04-05T00:12:21.000,10.69,-21.24,0.31,21.55,20.35,37929,-43.4,-44.0,0.197
2024-04-05T00:13:21.000,10.64,-21.29,0.31,21.54,20.35,37930,-43.4,-44.0,0.197
2024-04-05T00:14:22.000,10.64,-21.27,0.31,21.54,20.35,37931,-43.39,-43.0,0.197
2024-04-05T00:15:22.000,10.63,-21.2,0.31,21.54,20.35,37932,-43.39,-43.0,0.196
2024-04-05T00:16:23.000,10.63,-21.28,0.31,21.54,20.35,37933,-43.38,-43.0,0.196
2024-04-05T00:17:23.000,10.63,-21.29,0.31,21.54,20.35,37934,-43.37,-43.0,0.196
2024-04-05T00:18:23.000,10.6,-21.53,0.31,21.54,20.35,37935,-43.37,-43.0,0.196
2024-04-05T00:19:23.000,10.58,-21.33,0.31,21.54,20.35,37936,-43.36,-43.0,0.196
2024-04-05T00:20:24.000,10.56,-21.45,0.31,21.53,20.35,37937,-43.34,-42.0,0.196
2024-04-05T00:21:24.000,10.54,-21.58,0.31,21.53,20.35,37938,-43.33,-42.0,0.196
2024-04-05T00:22:25.000,10.5,-21.59,0.31,21.52,20.35,37939,-43.32,-42.0,0.196
2024-04-05T00:23:25.000,10.47,-21.59,0.31,21.52,20.35,37940,-43.3,-42.0,0.196
2024-04-05T00:24:25.000,10.42,-21.77,0.31,21.52,20.35,37941,-43.29,-42.0,0.196
2024-04-05T00:25:25.000,10.37,-21.76,0.31,21.52,20.35,37942,-43.27,-41.0,0.196
2024-04-05T00:26:26.000,10.36,-21.82,0.31,21.52,20.35,37943,-43.25,-41.0,0.196
2024-04-05T00:27:26.000,10.34,-21.66,0.31,21.52,20.35,37944,-43.23,-41.0,0.196
2024-04-05T00:28:26.000,10.36,-21.56,0.31,21.51,20.35,37945,-43.21,-41.0,0.196
2024-04-05T00:29:27.000,10.37,-21.86,0.32,21.51,20.35,37946,-43.19,-41.0,0.196
2024-04-05T00:30:27.000,10.36,-21.92,0.32,21.51,20.35,37947,-43.17,-41.0,0.196
2024-04-05T00:31:27.000,10.33,-22.11,0.32,21.51,20.35,37948,-43.15,-40.0,0.195
2024-04-05T00:32:27.000,10.26,-22.21,0.32,21.51,20.35,37949,-43.12,-40.0,0.195
2024-04-05T00:33:28.000,10.21,-22.16,0.32,21.51,20.35,37950,-43.09,-40.0,0.195
2024-04-05T00:34:28.000,10.17,-22.25,0.32,21.51,20.35,37951,-43.07,-40.0,0.195
2024-04-05T00:35:29.000,10.13,-22.37,0.32,21.51,20.35,37952,-43.04,-40.0,0.195
2024-04-05T00:36:29.000,10.07,-22.45,0.32,21.5,20.35,37953,-43.01,-39.0,0.195
2024-04-05T00:37:30.000,10.04,-22.3,0.32,21.5,20.35,37954,-42.98,-39.0,0.195
2024-04-05T00:38:30.000,10.04,-22.3,0.32,21.49,20.35,37955,-42.95,-39.0,0.195
2024-04-05T00:39:30.000,10.03,-22.41,0.32,21.49,20.35,37956,-42.92,-39.0,0.195
2024-04-05T00:40:30.000,10.01,-22.33,0.32,21.49,20.35,37957,-42.88,-39.0,0.195
2024-04-05T00:41:30.000,10.03,-22.23,0.32,21.49,20.35,37958,-42.85,-39.0,0.195
2024-04-05T00:42:30.000,10.05,-22.44,0.32,21.49,20.35,37959,-42.81,-38.0,0.195
2024-04-05T00:43:31.000,10.06,-22.51,0.32,21.5,20.35,37960,-42.77,-38.0,0.195
2024-04-05T00:44:31.000,10.03,-22.47,0.32,21.5,20.35,37961,-42.74,-38.0,0.195
2024-04-05T00:45:31.000,10.01,-22.44,0.32,21.5,20.35,37962,-42.7,-38.0,0.195
2024-04-05T00:46:31.000,10.02,-22.59,0.32,21.5,20.35,37963,-42.66,-38.0,0.194
2024-04-05T00:47:31.000,10.08,-22.49,0.32,21.5,20.35,37964,-42.61,-37.0,0.194
2024-04-05T00:48:32.000,10.12,-22.47,0.32,21.5,20.35,37965,-42.57,-37.0,0.194
2024-04-05T00:49:32.000,10.11,-22.68,0.32,21.5,20.35,37966,-42.53,-37.0,0.194
2024-04-05T00:50:32.000,10.06,-22.62,0.32,21.49,20.35,37967,-42.48,-37.0,0.194
2024-04-05T00:51:32.000,10.02,-22.59,0.32,21.49,20.35,37968,-42.44,-37.0,0.194
2024-04-05T00:52:33.000,10.02,-22.62,0.32,21.49,20.35,37969,-42.39,-37.0,0.194
2024-04-05T00:53:33.000,10.0,-22.77,0.32,21.49,20.35,37970,-42.34,-36.0,0.194
2024-04-05T00:54:33.000,10.05,-22.88,0.32,21.5,20.35,37971,-42.29,-36.0,0.194
2024-04-05T00:55:34.000,10.09,-22.94,0.32,21.49,20.35,37972,-42.24,-36.0,0.194
2024-04-05T00:56:34.000,10.04,-22.98,0.32,21.49,20.35,37973,-42.19,-36.0,0.194
2024-04-05T00:57:34.000,9.95,-23.09,0.32,21.49,20.35,37974,-42.14,-36.0,0.194
2024-04-05T00:58:35.000,10.06,-23.28,0.32,21.49,20.35,37975,-42.09,-35.0,0.194
2024-04-05T00:59:35.000,10.15,-23.4,0.32,21.49,20.35,37976,-42.03,-35.0,0.194
2024-04-05T01:00:35.000,10.14,-23.19,0.32,21.49,20.35,37977,-41.98,-35.0,0.194
2024-04-05T01:01:36.000,10.06,-23.34,0.32,21.49,20.35,37978,-41.92,-35.0,0.193
2024-04-05T01:02:36.000,9.91,-23.39,0.32,21.5,20.35,37979,-41.86,-35.0,0.193
2024-04-05T01:03:36.000,9.94,-23.37,0.32,21.5,20.35,37980,-41.8,-35.0,0.193
2024-04-05T01:04:36.000,10.12,-23.6,0.32,21.5,20.35,37981,-41.75,-34.0,0.193
2024-04-05T01:05:37.000,10.15,-23.71,0.32,21.5,20.35,37982,-41.68,-34.0,0.193
2024-04-05T01:06:37.000,10.09,-23.53,0.32,21.5,20.35,37983,-41.62,-34.0,0.193
2024-04-05T01:07:37.000,9.97,-23.56,0.32,21.5,20.35,37984,-41.56,-34.0,0.193
2024-04-05T01:08:37.000,9.92,-23.51,0.32,21.5,20.35,37985,-41.5,-34.0,0.193
2024-04-05T01:09:38.000,10.08,-23.8,0.32,21.5,20.35,37986,-41.43,-33.0,0.193
2024-04-05T01:10:38.000,10.14,-23.8,0.32,21.5,20.35,37987,-41.37,-33.0,0.193
2024-04-05T01:11:39.000,10.08,-23.75,0.32,21.49,20.35,37988,-41.3,-33.0,0.193
2024-04-05T01:12:39.000,9.95,-23.64,0.32,21.49,20.35,37989,-41.23,-33.0,0.193
2024-04-05T01:13:39.000,9.92,-23.76,0.32,21.5,20.35,37990,-41.16,-33.0,0.193
2024-04-05T01:14:40.000,10.09,-23.92,0.32,21.5,20.35,37991,-41.09,-33.0,0.193
2024-04-05T01:15:40.000,10.15,-23.97,0.32,21.5,20.35,37992,-41.02,-32.0,0.193
2024-04-05T01:16:40.000,10.09,-23.95,0.32,21.5,20.35,37993,-40.95,-32.0,0.192
2024-04-05T01:17:41.000,9.93,-23.97,0.32,21.5,20.35,37994,-40.88,-32.0,0.192
2024-04-05T01:18:41.000,9.88,-24.08,0.32,21.5,20.35,37995,-40.8,-32.0,0.192
2024-04-05T01:19:42.000,10.05,-24.12,0.32,21.5,20.35,37996,-40.73,-32.0,0.192
2024-04-05T01:20:42.000,10.18,-24.08,0.32,21.51,20.35,37997,-40.65,-31.0,0.192
2024-04-05T01:21:42.000,10.1,-24.15,0.32,21.51,20.35,37998,-40.58,-31.0,0.192
2024-04-05T01:22:42.000,9.99,-23.79,0.32,21.51,20.35,37999,-40.5,-31.0,0.192
2024-04-05T01:23:43.000,9.87,-24.0,0.32,21.51,20.35,38000,-40.42,-31.0,0.192
2024-04-05T01:24:43.000,9.99,-24.08,0.32,21.51,20.35,38001,-40.34,-31.0,0.192
2024-04-05T01:25:44.000,10.16,-24.22,0.31,21.51,20.35,38002,-40.26,-30.0,0.192
2024-04-05T01:26:44.000,10.16,-24.11,0.31,21.51,20.35,38003,-40.18,-30.0,0.192
2024-04-05T01:27:44.000,10.05,-23.9,0.31,21.51,20.35,38004,-40.1,-30.0,0.192
2024-04-05T01:28:44.000,9.89,-23.73,0.31,21.51,20.35,38005,-40.02,-30.0,0.192
2024-04-05T01:29:44.000,9.94,-23.84,0.31,21.52,20.35,38006,-39.93,-30.0,0.192
2024-04-05T01:30:45.000,10.13,-23.9,0.31,21.52,20.35,38007,-39.85,-30.0,0.192
2024-04-05T01:31:45.000,10.21,-23.72,0.31,21.52,20.35,38008,-39.76,-29.0,0.192
2024-04-05T01:32:46.000,10.11,-23.52,0.31,21.52,20.35,38009,-39.67,-29.0,0.191
2024-04-05T01:33:46.000,9.94,-23.39,0.31,21.52,20.35,38010,-39.59,-29.0,0.191
2024-04-05T01:34:46.000,9.9,-23.52,0.31,21.52,20.35,38011,-39.5,-29.0,0.191
2024-04-05T01:35:46.000,10.07,-23.53,0.31,21.52,20.35,38012,-39.41,-29.0,0.191
2024-04-05T01:36:46.000,10.16,-23.63,0.31,21.52,20.35,38013,-39.32,-28.0,0.191
2024-04-05T01:37:47.000,10.08,-23.63,0.31,21.52,20.35,38014,-39.23,-28.0,0.191
2024-04-05T01:38:47.000,9.92,-23.41,0.31,21.51,20.35,38015,-39.13,-28.0,0.191
2024-04-05T01:39:47.000,9.91,-23.42,0.31,21.51,20.35,38016,-39.04,-28.0,0.191
2024-04-05T01:40:48.000,10.08,-23.61,0.31,21.51,20.35,38017,-38.95,-28.0,0.191
2024-04-05T01:41:48.000,10.16,-23.49,0.32,21.51,20.35,38018,-38.85,-28.0,0.191
2024-04-05T01:42:48.000,10.06,-23.42,0.32,21.5,20.35,38019,-38.76,-27.0,0.191
2024-04-05T01:43:48.000,9.9,-23.39,0.32,21.5,20.35,38020,-38.66,-27.0,0.191
2024-04-05T01:44:49.000,9.91,-23.26,0.32,21.51,20.35,38021,-38.56,-27.0,0.191
2024-04-05T01:45:49.000,10.07,-23.78,0.31,21.51,20.35,38022,-38.47,-27.0,0.191
2024-04-05T01:46:50.000,10.12,-23.8,0.31,21.51,20.35,38023,-38.37,-27.0,0.191
2024-04-05T01:47:50.000,10.03,-23.73,0.32,21.51,20.35,38024,-38.27,-26.0,0.19
2024-04-05T01:48:50.000,9.89,-23.65,0.32,21.51,20.35,38025,-38.17,-26.0,0.19
2024-04-05T01:49:50.000,9.96,-23.88,0.32,21.51,20.35,38026,-38.06,-26.0,0.19
2024-04-05T01:50:50.000,10.13,-23.92,0.31,21.51,20.35,38027,-37.96,-26.0,0.19
2024-04-05T01:51:51.000,10.12,-24.15,0.31,21.51,20.35,38028,-37.86,-26.0,0.19
2024-04-05T01:52:51.000,10.02,-23.72,0.31,21.51,20.35,38029,-37.76,-25.0,0.19
2024-04-05T01:53:52.000,9.92,-23.6,0.31,21.51,20.35,38030,-37.65,-25.0,0.19
2024-04-05T01:54:52.000,10.01,-23.89,0.31,21.51,20.35,38031,-37.54,-25.0,0.19
2024-04-05T01:55:52.000,10.1,-24.03,0.32,21.51,20.35,38032,-37.44,-25.0,0.19
2024-04-05T01:56:52.000,10.07,-23.94,0.32,21.51,20.35,38033,-37.33,-25.0,0.19
2024-04-05T01:57:53.000,9.92,-24.09,0.32,21.51,20.35,38034,-37.22,-25.0,0.19
2024-04-05T01:58:53.000,9.92,-24.2,0.32,21.51,20.35,38035,-37.11,-24.0,0.19
2024-04-05T01:59:53.000,10.11,-24.38,0.32,21.51,20.35,38036,-37.01,-24.0,0.19
2024-04-05T02:00:54.000,10.19,-24.45,0.32,21.5,20.35,38037,-36.89,-24.0,0.19
2024-04-05T02:01:54.000,10.09,-24.45,0.32,21.5,20.35,38038,-36.78,-24.0,0.19
2024-04-05T02:02:55.000,9.95,-24.11,0.32,21.5,20.35,38039,-36.67,-24.0,0.189
2024-04-05T02:03:55.000,9.93,-24.15,0.32,21.5,20.35,38040,-36.56,-23.0,0.189
2024-04-05T02:04:55.000,10.06,-24.46,0.32,21.51,20.35,38041,-36.45,-23.0,0.189
2024-04-05T02:05:55.000,10.12,-24.22,0.32,21.5,20.35,38042,-36.33,-23.0,0.189
2024-04-05T02:06:56.000,10.06,-23.97,0.32,21.49,20.35,38043,-36.22,-23.0,0.189
2024-04-05T02:07:56.000,9.93,-23.83,0.33,21.48,20.35,38044,-36.1,-23.0,0.189
2024-04-05T02:08:57.000,9.9,-23.82,0.33,21.46,20.35,38045,-35.98,-23.0,0.189
2024-04-05T02:09:57.000,10.15,-23.56,0.33,21.47,20.35,38046,-35.87,-22.0,0.189
2024-04-05T02:10:57.000,10.25,-23.65,0.33,21.48,20.35,38047,-35.75,-22.0,0.189
2024-04-05T02:11:57.000,10.2,-23.37,0.32,21.48,20.35,38048,-35.63,-22.0,0.189
2024-04-05T02:12:57.000,10.07,-23.47,0.32,21.5,20.35,38049,-35.51,-22.0,0.189
2024-04-05T02:13:58.000,9.93,-23.36,0.32,21.51,20.35,38050,-35.39,-22.0,0.189
2024-04-05T02:14:58.000,9.94,-23.67,0.31,21.51,20.35,38051,-35.27,-21.0,0.189
2024-04-05T02:15:59.000,10.12,-23.62,0.31,21.52,20.35,38052,-35.15,-21.0,0.189
2024-04-05T02:16:59.000,10.23,-23.5,0.31,21.51,20.35,38053,-35.03,-21.0,0.189
2024-04-05T02:17:59.000,10.18,-23.38,0.32,21.51,20.35,38054,-34.91,-21.0,0.189
2024-04-05T02:18:59.000,10.05,-23.23,0.32,21.5,20.35,38055,-34.79,-21.0,0.188
2024-04-05T02:20:00.000,9.95,-23.1,0.32,21.49,20.35,38056,-34.66,-20.0,0.188
2024-04-05T02:21:00.000,10.04,-23.09,0.32,21.49,20.35,38057,-34.54,-20.0,0.188
2024-04-05T02:22:01.000,10.17,-22.99,0.32,21.48,20.35,38058,-34.41,-20.0,0.188
2024-04-05T02:23:01.000,10.17,-22.8,0.32,21.48,20.35,38059,-34.28,-20.0,0.188
2024-04-05T02:24:01.000,10.07,-22.86,0.33,21.47,20.35,38060,-34.16,-20.0,0.188
2024-04-05T02:25:01.000,9.95,-22.68,0.33,21.47,20.35,38061,-34.03,-20.0,0.188
2024-04-05T02:26:01.000,10.01,-22.74,0.33,21.46,20.35,38062,-33.9,-19.0,0.188
2024-04-05T02:27:02.000,10.14,-22.83,0.33,21.45,20.35,38063,-33.77,-19.0,0.188
2024-04-05T02:28:02.000,10.15,-22.38,0.33,21.45,20.35,38064,-33.65,-19.0,0.188
2024-04-05T02:29:03.000,10.09,-22.12,0.33,21.45,20.35,38065,-33.51,-19.0,0.188
2024-04-05T02:30:03.000,9.97,-21.93,0.34,21.44,20.35,38066,-33.39,-19.0,0.188
2024-04-05T02:31:03.000,9.97,-22.01,0.34,21.43,20.35,38067,-33.25,-18.0,0.188
2024-04-05T02:32:03.000,10.15,-22.04,0.35,21.41,20.35,38068,-33.12,-18.0,0.188
2024-04-05T02:33:03.000,10.24,-21.76,0.35,21.39,20.35,38069,-32.99,-18.0,0.188
2024-04-05T02:34:04.000,10.18,-21.58,0.35,21.38,20.35,38070,-32.86,-18.0,0.187
2024-04-05T02:35:04.000,10.06,-21.36,0.36,21.38,20.35,38071,-32.73,-18.0,0.187
2024-04-05T02:36:04.000,9.95,-21.09,0.36,21.38,20.35,38072,-32.59,-18.0,0.187
2024-04-05T02:37:05.000,10.02,-20.93,0.36,21.38,20.35,38073,-32.46,-17.0,0.187
2024-04-05T02:38:05.000,10.11,-21.01,0.36,21.36,20.35,38074,-32.32,-17.0,0.187
2024-04-05T02:39:05.000,10.1,-20.5,0.36,21.35,20.35,38075,-32.19,-17.0,0.187
2024-04-05T02:40:05.000,10.02,-20.14,0.37,21.34,20.35,38076,-32.05,-17.0,0.187
2024-04-05T02:41:06.000,9.94,-19.67,0.38,21.32,20.35,38077,-31.91,-17.0,0.187
2024-04-05T02:42:06.000,10.05,-19.52,0.39,21.29,20.35,38078,-31.77,-16.0,0.187
