ecsv/stars749/stars749_2025-04.ecsv
# %ECSV 1.0
# ---
# datatype:
# - {name: time, datatype: string}
# - {name: Enclosure Temperature, unit: deg_C, datatype: float64}
# - {name: Sky Temperature, unit: deg_C, datatype: float64}
# - {name: Frequency, unit: Hz, datatype: float64}
# - {name: MSAS, unit: mag / arcsec2, datatype: float64}
# - {name: ZP, datatype: float64}
# - {name: Sequence Number, datatype: int64}
# - {name: Sun Alt, unit: deg, datatype: float64}
# - {name: Moon Alt, unit: deg, datatype: float64}
# - {name: Moon Illumination, datatype: float64}
# delimiter: ','
# meta: !!omap
# - ida:
#     Data supplier: {affiliation: AstroCuenca, observer: null}
#     Device type: TESS-W
#     Field of view: 17.0
#     Filters per channel: None
#     Instrument ID: stars749
#     License: ODbL 1.0 http://opendatacommons.org/licenses/odbl/summary/
#     Local timezone: Europe/Madrid
#     Location name: {country: Spain, place: Observatorio de la Vega del Codorno, region: Castile-La Mancha, sub_region: Cuenca, town: Alto
#         de la Vega}
#     Measurement direction per channel: {azimuth: 0.0, zenital: 0.0}
#     Moving / Fixed look direction: FIXED
#     Moving / Stationary position: STATIONARY
#     Number of channels: 1
#     Number of fields per line: 8
#     Number of header lines: 35
#     Position: {height: 0.0, latitude: 40.417323, longitude: -1.91062}
#     TESS MAC address: E8:DB:84:82:7D:2F
#     TESS cover offset value: 0.0
#     TESS firmware version: '1.0'
#     TESS zero point: 20.35
#     Time Synchronization: timestamp added by MQTT subscriber
#     URL: http://www.darksky.org/NSBM/sdf1.0.pdf
# - __serialized_columns__:
#     Enclosure Temperature:
#       __class__: astropy.units.quantity.Quantity
#       unit: &id001 !astropy.units.Unit {unit: deg_C}
#       value: !astropy.table.SerializedColumn {name: Enclosure Temperature}
#     Frequency:
#       __class__: astropy.units.quantity.Quantity
#       unit: !astropy.units.Unit {unit: Hz}
#       value: !astropy.table.SerializedColumn {name: Frequency}
#     MSAS:
#       __class__: astropy.units.quantity.Quantity
#       unit: !astropy.units.Unit {unit: mag / arcsec2}
#       value: !astropy.table.SerializedColumn {name: MSAS}
#     Moon Alt:
#       __class__: astropy.units.quantity.Quantity
#       unit: &id002 !astropy.units.Unit {unit: deg}
#       value: !astropy.table.SerializedColumn {name: Moon Alt}
#     Sky Temperature:
#       __class__: astropy.units.quantity.Quantity
#       unit: *id001
#       value: !astropy.table.SerializedColumn {name: Sky Temperature}
#     Sun Alt:
#       __class__: astropy.units.quantity.Quantity
#       unit: *id002
#       value: !astropy.table.SerializedColumn {name: Sun Alt}
#     time:
#       __class__: astropy.time.core.Time
#       format: isot
#       in_subfmt: '*'
#       out_subfmt: '*'
#       precision: 3
#       scale: utc
#       value: !astropy.table.SerializedColumn {name: time}
# schema: astropy-2.0
time,Enclosure Temperature,Sky Temperature,Frequency,MSAS,ZP,Sequence Number,Sun Alt,Moon Alt,Moon Illumination
[from data line 16107]
2025-04-25T02:16:08.000,11.01,-13.95,0.37,21.34,20.35,62828,-28.41,-18.0,0.108
2025-04-25T02:17:09.000,11.0,-14.01,0.37,21.34,20.35,62829,-28.29,-18.0,0.108
2025-04-25T02:18:08.000,11.01,-13.97,0.37,21.34,20.35,62830,-28.18,-18.0,0.108
2025-04-25T02:19:09.000,11.04,-13.96,0.37,21.34,20.35,62831,-28.06,-18.0,0.108
2025-04-25T02:20:09.000,11.08,-13.92,0.37,21.34,20.35,62832,-27.95,-17.0,0.108
2025-04-25T02:21:09.000,11.12,-13.97,0.37,21.34,20.35,62833,-27.83,-17.0,0.108
2025-04-25T02:22:10.000,11.12,-13.96,0.38,21.32,20.35,62834,-27.71,-17.0,0.108
2025-04-25T02:23:10.000,11.13,-14.0,0.37,21.34,20.35,62835,-27.59,-17.0,0.108
2025-04-25T02:24:10.000,11.13,-14.05,0.37,21.35,20.35,62836,-27.47,-17.0,0.108
2025-04-25T02:25:10.000,11.13,-14.13,0.37,21.35,20.35,62837,-27.35,-16.0,0.108
2025-04-25T02:26:11.000,11.13,-14.13,0.37,21.35,20.35,62838,-27.23,-16.0,0.107
2025-04-25T02:27:11.000,11.11,-14.16,0.37,21.35,20.35,62839,-27.11,-16.0,0.107
2025-04-25T02:28:11.000,11.07,-14.15,0.37,21.35,20.35,62840,-26.99,-16.0,0.107
2025-04-25T02:29:12.000,11.05,-14.12,0.36,21.35,20.35,62841,-26.87,-16.0,0.107
2025-04-25T02:30:12.000,11.04,-14.13,0.37,21.35,20.35,62842,-26.75,-16.0,0.107
2025-04-25T02:31:12.000,11.01,-14.1,0.37,21.35,20.35,62843,-26.62,-15.0,0.107
2025-04-25T02:32:13.000,11.0,-14.14,0.37,21.35,20.35,62844,-26.5,-15.0,0.107
2025-04-25T02:33:13.000,10.98,-14.17,0.37,21.35,20.35,62845,-26.37,-15.0,0.107
2025-04-25T02:34:13.000,10.95,-14.22,0.37,21.35,20.35,62846,-26.25,-15.0,0.107
2025-04-25T02:35:13.000,10.93,-14.21,0.37,21.35,20.35,62847,-26.12,-15.0,0.107
2025-04-25T02:36:14.000,10.92,-14.19,0.37,21.35,20.35,62848,-26.0,-14.0,0.107
2025-04-25T02:37:14.000,10.91,-14.23,0.37,21.35,20.35,62849,-25.87,-14.0,0.107
2025-04-25T02:38:15.000,10.88,-14.25,0.37,21.35,20.35,62850,-25.74,-14.0,0.107
2025-04-25T02:39:15.000,10.89,-14.24,0.37,21.34,20.35,62851,-25.61,-14.0,0.107
2025-04-25T02:40:15.000,10.91,-14.23,0.37,21.34,20.35,62852,-25.48,-14.0,0.107
2025-04-25T02:41:15.000,10.92,-14.15,0.37,21.34,20.35,62853,-25.36,-14.0,0.107
2025-04-25T02:42:16.000,10.93,-14.27,0.37,21.34,20.35,62854,-25.22,-13.0,0.107
2025-04-25T02:43:16.000,10.94,-14.31,0.37,21.34,20.35,62855,-25.09,-13.0,0.107
2025-04-25T02:44:16.000,10.94,-14.35,0.37,21.34,20.35,62856,-24.96,-13.0,0.107
2025-04-25T02:45:17.000,10.93,-14.35,0.37,21.34,20.35,62857,-24.83,-13.0,0.106
2025-04-25T02:46:16.000,10.91,-14.37,0.37,21.34,20.35,62858,-24.7,-13.0,0.106
2025-04-25T02:47:17.000,10.92,-14.39,0.37,21.33,20.35,62859,-24.57,-12.0,0.106
2025-04-25T02:48:17.000,10.93,-14.41,0.37,21.33,20.35,62860,-24.43,-12.0,0.106
2025-04-25T02:49:18.000,10.92,-14.55,0.37,21.33,20.35,62861,-24.3,-12.0,0.106
2025-04-25T02:50:18.000,10.9,-14.56,0.37,21.33,20.35,62862,-24.17,-12.0,0.106
2025-04-25T02:51:18.000,10.88,-14.57,0.37,21.33,20.35,62863,-24.03,-12.0,0.106
2025-04-25T02:52:18.000,10.85,-14.65,0.37,21.33,20.35,62864,-23.9,-11.0,0.106
2025-04-25T02:53:19.000,10.8,-14.65,0.37,21.33,20.35,62865,-23.76,-11.0,0.106
2025-04-25T02:54:19.000,10.76,-14.6,0.37,21.32,20.35,62866,-23.62,-11.0,0.106
2025-04-25T02:55:20.000,10.75,-14.62,0.37,21.32,20.35,62867,-23.48,-11.0,0.106
2025-04-25T02:56:20.000,10.72,-14.57,0.37,21.32,20.35,62868,-23.35,-11.0,0.106
2025-04-25T02:57:20.000,10.71,-14.58,0.38,21.32,20.35,62869,-23.21,-11.0,0.106
2025-04-25T02:58:20.000,10.71,-14.62,0.38,21.31,20.35,62870,-23.07,-10.0,0.106
2025-04-25T02:59:21.000,10.72,-14.65,0.38,21.31,20.35,62871,-22.93,-10.0,0.106
2025-04-25T03:00:21.000,10.72,-14.67,0.38,21.31,20.35,62872,-22.79,-10.0,0.106
2025-04-25T03:01:21.000,10.71,-14.74,0.38,21.3,20.35,62873,-22.65,-10.0,0.106
2025-04-25T03:02:22.000,10.68,-14.7,0.38,21.3,20.35,62874,-22.51,-10.0,0.106
2025-04-25T03:03:22.000,10.68,-14.72,0.38,21.3,20.35,62875,-22.37,-9.0,0.106
2025-04-25T03:04:22.000,10.63,-14.77,0.38,21.3,20.35,62876,-22.23,-9.0,0.105
2025-04-25T03:05:23.000,10.63,-14.7,0.38,21.29,20.35,62877,-22.09,-9.0,0.105
2025-04-25T03:06:23.000,10.61,-14.7,0.39,21.29,20.35,62878,-21.95,-9.0,0.105
2025-04-25T03:07:23.000,10.59,-14.7,0.39,21.29,20.35,62879,-21.8,-9.0,0.105
2025-04-25T03:08:23.000,10.59,-14.55,0.39,21.29,20.35,62880,-21.66,-8.0,0.105
2025-04-25T03:09:24.000,10.58,-14.61,0.39,21.28,20.35,62881,-21.52,-8.0,0.105
2025-04-25T03:10:24.000,10.58,-14.65,0.39,21.28,20.35,62882,-21.37,-8.0,0.105
2025-04-25T03:11:25.000,10.59,-14.65,0.39,21.28,20.35,62883,-21.23,-8.0,0.105
2025-04-25T03:12:25.000,10.58,-14.69,0.39,21.28,20.35,62884,-21.08,-8.0,0.105
2025-04-25T03:13:25.000,10.58,-14.7,0.39,21.28,20.35,62885,-20.94,-8.0,0.105
2025-04-25T03:14:25.000,10.56,-14.64,0.39,21.28,20.35,62886,-20.79,-7.0,0.105
2025-04-25T03:15:26.000,10.57,-14.58,0.39,21.28,20.35,62887,-20.64,-7.0,0.105
2025-04-25T03:16:26.000,10.57,-14.62,0.39,21.28,20.35,62888,-20.5,-7.0,0.105
2025-04-25T03:17:27.000,10.56,-14.59,0.39,21.28,20.35,62889,-20.35,-7.0,0.105
2025-04-25T03:18:27.000,10.55,-14.6,0.39,21.28,20.35,62890,-20.2,-7.0,0.105
2025-04-25T03:19:27.000,10.55,-14.58,0.39,21.28,20.35,62891,-20.05,-6.0,0.105
2025-04-25T03:20:27.000,10.54,-14.55,0.39,21.28,20.35,62892,-19.9,-6.0,0.105
2025-04-25T03:21:27.000,10.54,-14.6,0.39,21.27,20.35,62893,-19.76,-6.0,0.105
2025-04-25T03:22:28.000,10.52,-14.58,0.39,21.27,20.35,62894,-19.6,-6.0,0.105
2025-04-25T03:23:28.000,10.51,-14.6,0.39,21.27,20.35,62895,-19.46,-6.0,0.105
2025-04-25T03:24:29.000,10.49,-14.6,0.39,21.27,20.35,62896,-19.3,-5.0,0.104
2025-04-25T03:25:29.000,10.47,-14.57,0.39,21.27,20.35,62897,-19.15,-5.0,0.104
2025-04-25T03:26:29.000,10.45,-14.53,0.39,21.26,20.35,62898,-19.0,-5.0,0.104
2025-04-25T03:27:29.000,10.46,-14.45,0.39,21.27,20.35,62899,-18.85,-5.0,0.104
2025-04-25T03:28:30.000,10.45,-14.5,0.39,21.26,20.35,62900,-18.7,-5.0,0.104
2025-04-25T03:29:30.000,10.47,-14.46,0.4,21.26,20.35,62901,-18.55,-5.0,0.104
2025-04-25T03:30:30.000,10.47,-14.45,0.4,21.26,20.35,62902,-18.39,-4.0,0.104
2025-04-25T03:31:30.000,10.48,-14.47,0.4,21.25,20.35,62903,-18.24,-4.0,0.104
2025-04-25T03:32:31.000,10.49,-14.44,0.4,21.25,20.35,62904,-18.09,-4.0,0.104
2025-04-25T03:33:31.000,10.5,-14.42,0.4,21.25,20.35,62905,-17.93,-4.0,0.104
2025-04-25T03:34:31.000,10.52,-14.39,0.4,21.25,20.35,62906,-17.78,-4.0,0.104
2025-04-25T03:35:31.000,10.52,-14.44,0.4,21.24,20.35,62907,-17.62,-3.0,0.104
2025-04-25T03:36:32.000,10.54,-14.45,0.41,21.24,20.35,62908,-17.47,-3.0,0.104
2025-04-25T03:37:32.000,10.55,-14.47,0.41,21.23,20.35,62909,-17.31,-3.0,0.104
2025-04-25T03:38:33.000,10.56,-14.39,0.41,21.22,20.35,62910,-17.15,-3.0,0.104
2025-04-25T03:39:33.000,10.6,-14.36,0.41,21.22,20.35,62911,-17.0,-3.0,0.104
2025-04-25T03:40:33.000,10.66,-14.41,0.41,21.21,20.35,62912,-16.84,-2.0,0.104
2025-04-25T03:41:34.000,10.71,-14.39,0.42,21.2,20.35,62913,-16.68,-2.0,0.104
2025-04-25T03:42:34.000,10.76,-14.42,0.42,21.2,20.35,62914,-16.53,-2.0,0.104
2025-04-25T03:43:34.000,10.8,-14.44,0.43,21.18,20.35,62915,-16.37,-2.0,0.103
2025-04-25T03:44:35.000,10.83,-14.47,0.43,21.18,20.35,62916,-16.21,-2.0,0.103
2025-04-25T03:45:35.000,10.84,-14.5,0.43,21.16,20.35,62917,-16.05,-2.0,0.103
2025-04-25T03:46:35.000,10.85,-14.5,0.44,21.15,20.35,62918,-15.89,-1.0,0.103
2025-04-25T03:47:35.000,10.86,-14.51,0.44,21.14,20.35,62919,-15.73,-1.0,0.103
2025-04-25T03:48:36.000,10.86,-14.55,0.45,21.12,20.35,62920,-15.57,-1.0,0.103
2025-04-25T03:49:36.000,10.84,-14.61,0.47,21.08,20.35,62921,-15.41,-1.0,0.103
2025-04-25T03:50:36.000,10.82,-14.6,0.47,21.08,20.35,62922,-15.25,-1.0,0.103
2025-04-25T03:51:36.000,10.81,-14.55,0.48,21.05,20.35,62923,-15.09,-0.0,0.103
2025-04-25T03:52:37.000,10.79,-14.54,0.49,21.02,20.35,62924,-14.93,-0.0,0.103
2025-04-25T03:53:44.000,10.77,-14.48,0.51,20.99,20.35,62925,-14.75,-0.0,0.103
2025-04-25T03:54:44.000,10.77,-14.47,0.53,20.95,20.35,62926,-14.59,0.0,0.103
2025-04-25T03:55:44.000,10.79,-14.43,0.54,20.92,20.35,62927,-14.43,0.0,0.103
2025-04-25T03:56:44.000,10.8,-14.48,0.57,20.87,20.35,62928,-14.27,1.0,0.103
2025-04-25T03:57:44.000,10.81,-14.48,0.59,20.82,20.35,62929,-14.1,1.0,0.103
2025-04-25T03:58:44.000,10.81,-14.52,0.62,20.77,20.35,62930,-13.94,1.0,0.103
2025-04-25T03:59:44.000,10.81,-14.57,0.66,20.71,20.35,62931,-13.78,1.0,0.103
2025-04-25T04:00:45.000,10.8,-14.6,0.7,20.65,20.35,62932,-13.61,1.0,0.103
2025-04-25T04:01:45.000,10.8,-14.6,0.74,20.58,20.35,62933,-13.45,1.0,0.103
2025-04-25T04:02:45.000,10.79,-14.61,0.79,20.51,20.35,62934,-13.29,2.0,0.103
2025-04-25T04:03:46.000,10.78,-14.64,0.86,20.42,20.35,62935,-13.12,2.0,0.102
2025-04-25T04:04:46.000,10.77,-14.6,0.93,20.34,20.35,62936,-12.96,2.0,0.102
2025-04-25T04:05:46.000,10.77,-14.6,1.01,20.24,20.35,62937,-12.79,2.0,0.102
2025-04-25T04:06:47.000,10.77,-14.58,1.11,20.14,20.35,62938,-12.62,2.0,0.102
2025-04-25T04:07:47.000,10.76,-14.55,1.22,20.04,20.35,62939,-12.46,3.0,0.102
2025-04-25T04:08:48.000,10.77,-14.54,1.35,19.93,20.35,62940,-12.29,3.0,0.102
2025-04-25T04:09:48.000,10.78,-14.53,1.49,19.82,20.35,62941,-12.12,3.0,0.102
2025-04-25T04:10:48.000,10.79,-14.5,1.67,19.7,20.35,62942,-11.96,3.0,0.102
2025-04-25T04:11:48.000,10.81,-14.45,1.88,19.57,20.35,62943,-11.79,3.0,0.102
2025-04-25T04:12:48.000,10.83,-14.46,2.11,19.44,20.35,62944,-11.62,4.0,0.102
2025-04-25T04:13:49.000,10.85,-14.48,2.38,19.31,20.35,62945,-11.45,4.0,0.102
2025-04-25T04:14:49.000,10.85,-14.48,2.68,19.18,20.35,62946,-11.29,4.0,0.102
2025-04-25T04:15:49.000,10.86,-14.48,3.07,19.03,20.35,62947,-11.12,4.0,0.102
2025-04-25T04:16:50.000,10.87,-14.55,3.51,18.89,20.35,62948,-10.95,4.0,0.102
2025-04-25T04:17:49.000,10.88,-14.59,4.03,18.74,20.35,62949,-10.78,4.0,0.102
2025-04-25T04:18:50.000,10.89,-14.56,4.63,18.59,20.35,62950,-10.61,5.0,0.102
2025-04-25T04:19:50.000,10.92,-14.57,5.35,18.43,20.35,62951,-10.44,5.0,0.102
2025-04-25T04:20:50.000,10.95,-14.59,6.21,18.27,20.35,62952,-10.27,5.0,0.102
2025-04-25T04:21:51.000,10.97,-14.62,7.16,18.11,20.35,62953,-10.1,5.0,0.102
2025-04-25T04:22:51.000,10.99,-14.59,8.32,17.95,20.35,62954,-9.93,5.0,0.102
2025-04-25T04:23:51.000,11.03,-14.65,9.75,17.78,20.35,62955,-9.76,6.0,0.101
2025-04-25T04:24:51.000,11.06,-14.65,11.34,17.61,20.35,62956,-9.59,6.0,0.101
2025-04-25T04:25:51.000,11.08,-14.68,13.23,17.45,20.35,62957,-9.42,6.0,0.101
2025-04-25T04:26:52.000,11.07,-14.7,15.61,17.27,20.35,62958,-9.25,6.0,0.101
2025-04-25T04:27:52.000,11.04,-14.65,18.38,17.09,20.35,62959,-9.08,6.0,0.101
2025-04-25T04:28:53.000,11.0,-14.6,21.73,16.91,20.35,62960,-8.9,7.0,0.101
2025-04-25T04:29:53.000,10.96,-14.66,25.78,16.72,20.35,62961,-8.73,7.0,0.101
2025-04-25T04:30:53.000,10.92,-14.69,30.48,16.54,20.35,62962,-8.56,7.0,0.101
2025-04-25T04:31:53.000,10.86,-14.66,36.56,16.34,20.35,62963,-8.39,7.0,0.101
2025-04-25T04:32:53.000,10.83,-14.53,43.88,16.15,20.35,62964,-8.22,7.0,0.101
2025-04-25T04:33:54.000,10.82,-14.55,51.25,15.98,20.35,62965,-8.04,7.0,0.101
2025-04-25T04:34:54.000,10.79,-14.59,63.25,15.75,20.35,62966,-7.87,8.0,0.101
2025-04-25T04:35:55.000,10.76,-14.59,77.19,15.53,20.35,62967,-7.69,8.0,0.101
2025-04-25T04:36:55.000,10.74,-14.63,94.83,15.31,20.35,62968,-7.52,8.0,0.101
2025-04-25T04:37:55.000,10.73,-14.61,117.15,15.08,20.35,62969,-7.35,8.0,0.101
2025-04-25T04:38:55.000,10.72,-14.63,144.83,14.85,20.35,62970,-7.17,8.0,0.101
2025-04-25T04:39:56.000,10.71,-14.65,180.29,14.61,20.35,62971,-7.0,9.0,0.101
2025-04-25T04:40:56.000,10.7,-14.68,224.58,14.37,20.35,62972,-6.82,9.0,0.101
2025-04-25T04:41:57.000,10.71,-14.65,280.44,14.13,20.35,62973,-6.65,9.0,0.101
2025-04-25T04:42:57.000,10.73,-14.65,350.31,13.89,20.35,62974,-6.47,9.0,0.101
2025-04-25T04:43:57.000,10.74,-14.62,437.49,13.65,20.35,62975,-6.3,9.0,0.1
2025-04-25T04:44:57.000,10.73,-14.55,546.38,13.41,20.35,62976,-6.12,10.0,0.1
2025-04-25T04:45:57.000,10.73,-14.53,680.72,13.17,20.35,62977,-5.95,10.0,0.1
2025-04-25T04:46:58.000,10.72,-14.45,848.98,12.93,20.35,62978,-5.77,10.0,0.1
2025-04-25T04:47:58.000,10.73,-14.34,1057.69,12.69,20.35,62979,-5.59,10.0,0.1
2025-04-25T04:48:58.000,10.75,-14.39,1318.22,12.45,20.35,62980,-5.42,10.0,0.1
2025-04-25T04:49:59.000,10.76,-14.33,1641.03,12.21,20.35,62981,-5.24,10.0,0.1
2025-04-25T04:50:59.000,10.78,-14.35,2038.67,11.98,20.35,62982,-5.06,11.0,0.1
2025-04-25T04:51:59.000,10.78,-14.33,2528.58,11.74,20.35,62983,-4.89,11.0,0.1
2025-04-25T04:53:00.000,10.78,-14.35,3135.38,11.51,20.35,62984,-4.71,11.0,0.1
2025-04-25T04:54:00.000,10.78,-14.3,3879.33,11.28,20.35,62985,-4.53,11.0,0.1
2025-04-25T04:55:00.000,10.78,-14.27,4782.31,11.05,20.35,62986,-4.35,11.0,0.1
2025-04-25T04:56:00.000,10.79,-14.22,5882.54,10.83,20.35,62987,-4.17,12.0,0.1
2025-04-25T04:57:01.000,10.8,-14.22,7234.7,10.6,20.35,62988,-3.99,12.0,0.1
2025-04-25T04:58:01.000,10.8,-14.21,8880.47,10.38,20.35,62989,-3.82,12.0,0.1
2025-04-25T04:59:01.000,10.8,-14.24,10858.38,10.16,20.35,62990,-3.64,12.0,0.1
2025-04-25T05:00:02.000,10.81,-14.26,13230.74,9.95,20.35,62991,-3.46,12.0,0.1
2025-04-25T05:01:02.000,10.8,-14.26,16060.67,9.74,20.35,62992,-3.28,12.0,0.1
2025-04-25T05:02:02.000,10.79,-14.21,19208.63,9.61,20.35,62993,-3.1,13.0,0.1
2025-04-25T05:03:03.000,10.8,-14.17,23359.03,9.33,20.35,62994,-2.92,13.0,0.099
2025-04-25T05:04:03.000,10.8,-14.18,27286.92,9.32,20.35,62995,-2.74,13.0,0.099
2025-04-25T05:05:03.000,10.81,-14.24,32749.82,9.03,20.35,62996,-2.56,13.0,0.099
2025-04-25T05:06:03.000,10.8,-14.27,39266.91,8.77,20.35,62997,-2.38,13.0,0.099
2025-04-25T05:07:03.000,10.78,-14.24,46363.51,8.59,20.35,62998,-2.2,14.0,0.099
2025-04-25T05:08:04.000,10.79,-14.19,54329.89,8.41,20.35,62999,-2.02,14.0,0.099
2025-04-25T05:09:04.000,10.78,-14.19,58308.47,5.86,20.35,63000,-1.84,14.0,0.099
2025-04-25T05:10:05.000,10.78,-14.19,50000.0,0.0,20.35,63001,-1.66,14.0,0.099
2025-04-25T05:11:05.000,10.79,-14.2,50000.0,0.0,20.35,63002,-1.48,14.0,0.099
2025-04-25T05:12:05.000,10.8,-14.2,50000.0,0.0,20.35,63003,-1.3,15.0,0.099
2025-04-25T05:13:05.000,10.82,-14.13,50000.0,0.0,20.35,63004,-1.12,15.0,0.099
2025-04-25T05:14:05.000,10.85,-14.14,49444.54,0.2,20.35,63005,-0.93,15.0,0.099
2025-04-25T05:15:06.000,10.88,-14.16,50000.0,0.0,20.35,63006,-0.75,15.0,0.099
2025-04-25T05:16:06.000,10.91,-14.06,50000.0,0.0,20.35,63007,-0.57,15.0,0.099
2025-04-25T05:17:07.000,10.94,-14.08,50000.0,0.0,20.35,63008,-0.39,15.0,0.099
2025-04-25T05:32:11.000,11.37,-14.21,50000.0,0.0,20.35,63023,2.36,18.0,0.098
2025-04-25T05:33:11.000,11.35,-14.18,50000.0,0.0,20.35,63024,2.55,18.0,0.098
2025-04-25T05:34:12.000,11.34,-14.11,50000.0,0.0,20.35,63025,2.73,19.0,0.098
2025-04-25T05:35:12.000,11.33,-14.11,49732.71,0.09,20.35,63026,2.92,19.0,0.098
2025-04-25T05:36:12.000,11.31,-14.09,50000.0,0.0,20.35,63027,3.1,19.0,0.098
2025-04-25T05:37:12.000,11.31,-14.14,50000.0,0.0,20.35,63028,3.29,19.0,0.098
2025-04-25T05:38:13.000,11.29,-14.16,50000.0,0.0,20.35,63029,3.47,19.0,0.098
2025-04-25T18:42:08.000,16.48,-3.21,50000.0,0.0,20.35,63809,1.89,-25.0,0.062
2025-04-25T18:43:08.000,16.43,-3.81,50000.0,0.0,20.35,63810,1.71,-25.0,0.062
2025-04-25T18:44:08.000,16.42,-4.29,50000.0,0.0,20.35,63811,1.52,-26.0,0.062
2025-04-25T18:45:08.000,16.39,-4.61,49731.29,0.09,20.35,63812,1.34,-26.0,0.062
2025-04-25T18:46:08.000,16.33,-4.79,50000.0,0.0,20.35,63813,1.16,-26.0,0.062
2025-04-25T18:47:09.000,16.27,-4.99,50000.0,0.0,20.35,63814,0.97,-26.0,0.062
2025-04-25T18:48:09.000,16.17,-4.98,50000.0,0.0,20.35,63815,0.79,-26.0,0.062
2025-04-25T19:01:12.000,15.81,-2.64,50000.0,0.0,20.35,63828,-1.57,-28.0,0.061
2025-04-25T19:02:12.000,15.78,-2.41,50000.0,0.0,20.35,63829,-1.75,-28.0,0.061
2025-04-25T19:03:13.000,15.75,-2.28,50000.0,0.0,20.35,63830,-1.93,-28.0,0.061
2025-04-25T19:04:13.000,15.75,-2.14,49444.91,0.18,20.35,63831,-2.11,-29.0,0.061
2025-04-25T19:05:14.000,15.75,-2.07,61352.07,8.0,20.35,63832,-2.29,-29.0,0.061
2025-04-25T19:06:14.000,15.73,-1.92,55950.43,8.38,20.35,63833,-2.47,-29.0,0.061
2025-04-25T19:07:14.000,15.75,-1.91,50524.67,8.49,20.35,63834,-2.65,-29.0,0.061
2025-04-25T19:08:14.000,15.74,-1.92,44220.55,8.64,20.35,63835,-2.83,-29.0,0.061
2025-04-25T19:09:15.000,15.71,-2.06,37467.8,8.82,20.35,63836,-3.01,-29.0,0.061
2025-04-25T19:10:15.000,15.71,-2.07,31375.91,9.01,20.35,63837,-3.18,-30.0,0.061
