ecsv/stars85/stars85_2025-04.ecsv
# %ECSV 1.0
# ---
# datatype:
# - {name: time, datatype: string}
# - {name: Enclosure Temperature, unit: deg_C, datatype: float64}
# - {name: Sky Temperature, unit: deg_C, datatype: float64}
# - {name: Frequency, unit: Hz, datatype: float64}
# - {name: MSAS, unit: mag / arcsec2, datatype: float64}
# - {name: ZP, datatype: float64}
# - {name: Sequence Number, datatype: int64}
# - {name: Sun Alt, unit: deg, datatype: float64}
# - {name: Moon Alt, unit: deg, datatype: float64}
# - {name: Moon Illumination, datatype: float64}
# delimiter: ','
# meta: !!omap
# - ida:
#     Data supplier: {affiliation: null, observer: null}
#     Device type: TESS-W
#     Field of view: 17.0
#     Filters per channel: None
#     Instrument ID: stars85
#     License: ODbL 1.0 http://opendatacommons.org/licenses/odbl/summary/
#     Local timezone: Europe/Madrid
#     Location name: {country: Spain, place: Observatorio Universidad Complutense de Madrid, region: Community of Madrid, sub_region: "\xC1\
#         rea metropolitana de Madrid y Corredor del Henares", town: Madrid}
#     Measurement direction per channel: {azimuth: 0.0, zenital: 0.0}
#     Moving / Fixed look direction: FIXED
#     Moving / Stationary position: STATIONARY
#     Number of channels: 1
#     Number of fields per line: 8
#     Number of header lines: 35
#     Position: {height: 0.0, latitude: 40.45098, longitude: -3.726072}
#     TESS MAC address: A0:20:A6:03:DF:2B
#     TESS cover offset value: 0.0
#     TESS firmware version: '1.0'
#     TESS zero point: 20.29
#     Time Synchronization: timestamp added by MQTT subscriber
#     URL: http://www.darksky.org/NSBM/sdf1.0.pdf
# - __serialized_columns__:
#     Enclosure Temperature:
#       __class__: astropy.units.quantity.Quantity
#       unit: &id001 !astropy.units.Unit {unit: deg_C}
#       value: !astropy.table.SerializedColumn {name: Enclosure Temperature}
#     Frequency:
#       __class__: astropy.units.quantity.Quantity
#       unit: !astropy.units.Unit {unit: Hz}
#       value: !astropy.table.SerializedColumn {name: Frequency}
#     MSAS:
#       __class__: astropy.units.quantity.Quantity
#       unit: !astropy.units.Unit {unit: mag / arcsec2}
#       value: !astropy.table.SerializedColumn {name: MSAS}
#     Moon Alt:
#       __class__: astropy.units.quantity.Quantity
#       unit: &id002 !astropy.units.Unit {unit: deg}
#       value: !astropy.table.SerializedColumn {name: Moon Alt}
#     Sky Temperature:
#       __class__: astropy.units.quantity.Quantity
#       unit: *id001
#       value: !astropy.table.SerializedColumn {name: Sky Temperature}
#     Sun Alt:
#       __class__: astropy.units.quantity.Quantity
#       unit: *id002
#       value: !astropy.table.SerializedColumn {name: Sun Alt}
#     time:
#       __class__: astropy.time.core.Time
#       format: isot
#       in_subfmt: '*'
#       out_subfmt: '*'
#       precision: 3
#       scale: utc
#       value: !astropy.table.SerializedColumn {name: time}
# schema: astropy-2.0
time,Enclosure Temperature,Sky Temperature,Frequency,MSAS,ZP,Sequence Number,Sun Alt,Moon Alt,Moon Illumination
[from data line 6980]
2025-04-10T22:35:02.000,17.11,-2.23,19.14,17.09,20.29,119481,-35.97,49.0,0.962
2025-04-10T22:36:02.000,17.08,-2.52,19.1,17.09,20.29,119482,-36.07,49.0,0.962
2025-04-10T22:37:02.000,16.99,-2.72,19.11,17.09,20.29,119483,-36.17,49.0,0.962
2025-04-10T22:38:02.000,16.88,-2.91,18.98,17.09,20.29,119484,-36.26,49.0,0.962
2025-04-10T22:39:02.000,16.74,-3.11,18.95,17.1,20.29,119485,-36.36,49.0,0.962
2025-04-10T22:40:02.000,16.77,-2.53,18.97,17.1,20.29,119486,-36.45,49.0,0.962
2025-04-10T22:41:02.000,16.8,-2.84,18.84,17.1,20.29,119487,-36.55,49.0,0.962
2025-04-10T22:42:03.000,16.75,-2.89,18.9,17.1,20.29,119488,-36.64,49.0,0.962
2025-04-10T22:43:03.000,16.72,-3.0,18.88,17.1,20.29,119489,-36.74,49.0,0.962
2025-04-10T22:44:03.000,16.75,-2.59,18.91,17.1,20.29,119490,-36.83,49.0,0.962
2025-04-10T22:45:03.000,16.85,-2.48,19.07,17.09,20.29,119491,-36.92,49.0,0.962
2025-04-10T22:46:03.000,16.87,-2.69,19.04,17.09,20.29,119492,-37.01,49.0,0.962
2025-04-10T22:47:03.000,16.86,-2.64,18.98,17.09,20.29,119493,-37.1,49.0,0.962
2025-04-10T22:48:03.000,16.84,-2.91,18.93,17.1,20.29,119494,-37.19,49.0,0.962
2025-04-10T22:49:03.000,16.78,-2.95,18.89,17.1,20.29,119495,-37.28,49.0,0.962
2025-04-10T22:50:04.000,16.79,-2.76,18.8,17.1,20.29,119496,-37.37,49.0,0.962
2025-04-10T22:51:04.000,16.73,-3.08,18.73,17.11,20.29,119497,-37.45,49.0,0.962
2025-04-10T22:52:04.000,16.71,-2.93,18.82,17.1,20.29,119498,-37.54,49.0,0.962
2025-04-10T22:53:04.000,16.73,-2.74,18.66,17.11,20.29,119499,-37.62,49.0,0.962
2025-04-10T22:54:04.000,16.8,-2.61,18.64,17.11,20.29,119500,-37.7,49.0,0.962
2025-04-10T22:55:04.000,16.77,-3.14,18.43,17.13,20.29,119501,-37.79,49.0,0.962
2025-04-10T22:56:04.000,16.71,-3.08,18.26,17.14,20.29,119502,-37.87,49.0,0.962
2025-04-10T22:57:04.000,16.73,-2.86,18.51,17.12,20.29,119503,-37.95,49.0,0.962
2025-04-10T22:58:04.000,16.82,-2.52,18.46,17.12,20.29,119504,-38.03,49.0,0.962
2025-04-10T22:59:05.000,16.89,-2.7,18.21,17.14,20.29,119505,-38.11,49.0,0.962
2025-04-10T23:00:05.000,16.93,-2.6,18.05,17.15,20.29,119506,-38.19,49.0,0.962
2025-04-10T23:01:05.000,16.97,-2.52,17.82,17.16,20.29,119507,-38.27,49.0,0.962
2025-04-10T23:02:05.000,17.01,-2.72,17.69,17.17,20.29,119508,-38.34,49.0,0.962
2025-04-10T23:03:05.000,16.97,-2.83,17.45,17.19,20.29,119509,-38.42,49.0,0.963
2025-04-10T23:04:05.000,16.98,-2.8,17.23,17.2,20.29,119510,-38.49,49.0,0.963
2025-04-10T23:05:05.000,16.97,-2.78,17.19,17.2,20.29,119511,-38.56,49.0,0.963
2025-04-10T23:06:05.000,16.97,-2.77,17.13,17.21,20.29,119512,-38.64,49.0,0.963
2025-04-10T23:07:05.000,17.01,-2.66,17.11,17.21,20.29,119513,-38.71,49.0,0.963
2025-04-10T23:08:05.000,16.96,-2.89,16.9,17.22,20.29,119514,-38.78,49.0,0.963
2025-04-10T23:09:06.000,16.93,-2.91,16.66,17.24,20.29,119515,-38.85,49.0,0.963
2025-04-10T23:10:06.000,16.91,-2.99,16.63,17.24,20.29,119516,-38.92,49.0,0.963
2025-04-10T23:11:06.000,16.82,-3.2,16.92,17.22,20.29,119517,-38.99,49.0,0.963
2025-04-10T23:12:06.000,16.8,-2.98,16.92,17.22,20.29,119518,-39.05,49.0,0.963
2025-04-10T23:13:06.000,16.8,-2.92,16.93,17.22,20.29,119519,-39.12,49.0,0.963
2025-04-10T23:14:06.000,16.81,-2.98,16.3,17.26,20.29,119520,-39.19,49.0,0.963
2025-04-10T23:15:06.000,16.69,-3.34,16.17,17.27,20.29,119521,-39.25,49.0,0.963
2025-04-10T23:16:07.000,16.74,-2.96,16.24,17.26,20.29,119522,-39.31,49.0,0.963
2025-04-10T23:17:07.000,16.61,-3.55,16.62,17.24,20.29,119523,-39.38,49.0,0.963
2025-04-10T23:18:07.000,16.53,-3.32,17.12,17.21,20.29,119524,-39.44,49.0,0.963
2025-04-10T23:19:07.000,16.5,-3.3,17.58,17.18,20.29,119525,-39.5,49.0,0.963
2025-04-10T23:20:07.000,16.48,-3.38,17.54,17.18,20.29,119526,-39.56,49.0,0.963
2025-04-10T23:21:08.000,16.47,-3.01,17.5,17.18,20.29,119527,-39.62,49.0,0.963
2025-04-10T23:22:08.000,16.54,-3.14,17.45,17.19,20.29,119528,-39.67,49.0,0.963
2025-04-10T23:23:08.000,16.52,-3.28,17.04,17.21,20.29,119529,-39.73,49.0,0.963
2025-04-10T23:24:08.000,16.48,-3.22,16.69,17.23,20.29,119530,-39.78,49.0,0.963
2025-04-10T23:25:08.000,16.49,-3.34,16.39,17.25,20.29,119531,-39.84,49.0,0.963
2025-04-10T23:26:08.000,16.43,-3.51,16.14,17.27,20.29,119532,-39.89,48.0,0.963
2025-04-10T23:27:08.000,16.35,-3.68,16.04,17.28,20.29,119533,-39.94,48.0,0.963
2025-04-10T23:28:08.000,16.29,-3.74,15.81,17.29,20.29,119534,-40.0,48.0,0.963
2025-04-10T23:29:08.000,16.25,-3.51,15.77,17.3,20.29,119535,-40.05,48.0,0.963
2025-04-10T23:30:08.000,16.32,-3.25,15.68,17.3,20.29,119536,-40.09,48.0,0.963
2025-04-10T23:31:09.000,16.29,-3.89,15.62,17.31,20.29,119537,-40.14,48.0,0.963
2025-04-10T23:32:09.000,16.16,-3.84,15.46,17.32,20.29,119538,-40.19,48.0,0.963
2025-04-10T23:33:09.000,16.17,-3.5,15.58,17.31,20.29,119539,-40.24,48.0,0.963
2025-04-10T23:34:09.000,16.24,-3.51,15.56,17.31,20.29,119540,-40.28,48.0,0.963
2025-04-10T23:35:09.000,16.22,-3.67,15.6,17.31,20.29,119541,-40.33,48.0,0.963
2025-04-10T23:36:09.000,16.14,-3.9,15.62,17.31,20.29,119542,-40.37,48.0,0.963
2025-04-10T23:37:09.000,16.06,-3.89,16.32,17.26,20.29,119543,-40.41,48.0,0.963
2025-04-10T23:38:09.000,15.98,-3.79,18.64,17.12,20.29,119544,-40.45,48.0,0.963
2025-04-10T23:39:09.000,15.96,-3.62,21.25,16.97,20.29,119545,-40.49,48.0,0.963
2025-04-10T23:40:10.000,15.98,-3.41,20.98,16.99,20.29,119546,-40.53,48.0,0.963
2025-04-10T23:41:10.000,16.02,-3.26,19.68,17.06,20.29,119547,-40.57,48.0,0.963
2025-04-10T23:42:10.000,16.04,-3.31,17.95,17.16,20.29,119548,-40.61,48.0,0.963
2025-04-10T23:43:10.000,15.98,-3.43,16.85,17.22,20.29,119549,-40.64,48.0,0.964
2025-04-10T23:44:10.000,15.97,-3.45,16.71,17.23,20.29,119550,-40.68,47.0,0.964
2025-04-10T23:45:10.000,16.02,-3.38,16.69,17.23,20.29,119551,-40.71,47.0,0.964
2025-04-10T23:46:10.000,15.98,-3.47,16.22,17.27,20.29,119552,-40.74,47.0,0.964
2025-04-10T23:47:10.000,16.01,-3.4,16.56,17.24,20.29,119553,-40.77,47.0,0.964
2025-04-10T23:48:11.000,15.98,-3.72,17.02,17.21,20.29,119554,-40.8,47.0,0.964
2025-04-10T23:49:11.000,16.01,-3.36,17.24,17.2,20.29,119555,-40.83,47.0,0.964
2025-04-10T23:50:11.000,15.97,-3.87,17.5,17.18,20.29,119556,-40.86,47.0,0.964
2025-04-10T23:51:11.000,15.92,-3.72,17.32,17.19,20.29,119557,-40.89,47.0,0.964
2025-04-10T23:52:11.000,15.96,-3.63,16.36,17.26,20.29,119558,-40.92,47.0,0.964
2025-04-10T23:53:11.000,15.99,-3.51,15.44,17.32,20.29,119559,-40.94,47.0,0.964
2025-04-10T23:54:11.000,16.07,-3.51,15.11,17.34,20.29,119560,-40.96,47.0,0.964
2025-04-10T23:55:11.000,16.08,-3.73,15.02,17.35,20.29,119561,-40.99,47.0,0.964
2025-04-10T23:56:11.000,16.02,-3.99,14.9,17.36,20.29,119562,-41.01,47.0,0.964
2025-04-10T23:57:11.000,16.01,-3.78,14.9,17.36,20.29,119563,-41.03,47.0,0.964
2025-04-10T23:58:11.000,15.98,-3.88,14.84,17.36,20.29,119564,-41.05,46.0,0.964
2025-04-10T23:59:12.000,16.0,-3.69,14.77,17.37,20.29,119565,-41.07,46.0,0.964
2025-04-11T00:00:12.000,16.06,-3.59,14.73,17.37,20.29,119566,-41.09,46.0,0.964
2025-04-11T00:01:12.000,16.14,-3.53,14.73,17.37,20.29,119567,-41.1,46.0,0.964
2025-04-11T00:02:12.000,16.18,-3.67,14.72,17.37,20.29,119568,-41.12,46.0,0.964
2025-04-11T00:03:12.000,16.12,-3.97,14.7,17.37,20.29,119569,-41.13,46.0,0.964
2025-04-11T00:04:12.000,16.04,-4.07,14.69,17.37,20.29,119570,-41.14,46.0,0.964
2025-04-11T00:05:12.000,15.92,-4.28,14.69,17.37,20.29,119571,-41.16,46.0,0.964
2025-04-11T00:06:12.000,15.85,-4.18,14.7,17.37,20.29,119572,-41.17,46.0,0.964
2025-04-11T00:07:13.000,15.77,-4.32,14.75,17.37,20.29,119573,-41.18,46.0,0.964
2025-04-11T00:08:13.000,15.77,-4.06,14.77,17.37,20.29,119574,-41.19,46.0,0.964
2025-04-11T00:09:13.000,15.79,-4.02,14.87,17.36,20.29,119575,-41.19,46.0,0.964
2025-04-11T00:10:13.000,15.81,-3.96,14.99,17.35,20.29,119576,-41.2,45.0,0.964
2025-04-11T00:11:13.000,15.82,-3.9,15.14,17.34,20.29,119577,-41.21,45.0,0.964
2025-04-11T00:12:13.000,15.93,-3.73,15.34,17.33,20.29,119578,-41.21,45.0,0.964
2025-04-11T00:13:13.000,15.94,-3.85,15.48,17.32,20.29,119579,-41.21,45.0,0.964
2025-04-11T00:14:13.000,15.99,-3.68,15.58,17.31,20.29,119580,-41.22,45.0,0.964
2025-04-11T00:15:13.000,16.04,-3.77,15.71,17.3,20.29,119581,-41.22,45.0,0.964
2025-04-11T00:16:14.000,16.0,-3.86,15.93,17.28,20.29,119582,-41.22,45.0,0.964
2025-04-11T00:17:14.000,16.0,-3.78,15.99,17.28,20.29,119583,-41.22,45.0,0.964
2025-04-11T00:18:14.000,16.01,-3.7,16.0,17.28,20.29,119584,-41.21,45.0,0.964
2025-04-11T00:19:14.000,16.02,-3.71,15.99,17.28,20.29,119585,-41.21,45.0,0.964
2025-04-11T00:20:14.000,16.05,-3.7,16.01,17.28,20.29,119586,-41.21,45.0,0.964
2025-04-11T00:21:14.000,15.99,-3.74,16.01,17.28,20.29,119587,-41.2,44.0,0.964
2025-04-11T00:22:14.000,16.03,-3.58,15.91,17.29,20.29,119588,-41.19,44.0,0.964
2025-04-11T00:23:14.000,16.02,-3.73,16.1,17.27,20.29,119589,-41.19,44.0,0.965
2025-04-11T00:24:14.000,16.06,-3.46,15.91,17.29,20.29,119590,-41.18,44.0,0.965
2025-04-11T00:25:14.000,16.1,-3.5,15.52,17.31,20.29,119591,-41.17,44.0,0.965
2025-04-11T00:26:15.000,16.06,-3.82,15.3,17.33,20.29,119592,-41.16,44.0,0.965
2025-04-11T00:27:15.000,16.01,-3.77,15.7,17.3,20.29,119593,-41.15,44.0,0.965
2025-04-11T00:28:15.000,15.95,-3.74,15.93,17.28,20.29,119594,-41.13,44.0,0.965
2025-04-11T00:29:15.000,15.94,-3.85,15.83,17.29,20.29,119595,-41.12,44.0,0.965
2025-04-11T00:30:15.000,15.78,-4.12,15.46,17.32,20.29,119596,-41.1,43.0,0.965
2025-04-11T00:31:15.000,15.77,-3.56,15.88,17.29,20.29,119597,-41.09,43.0,0.965
2025-04-11T00:32:15.000,15.8,-3.44,16.54,17.24,20.29,119598,-41.07,43.0,0.965
2025-04-11T00:33:15.000,15.8,-3.42,18.51,17.12,20.29,119599,-41.05,43.0,0.965
2025-04-11T00:34:15.000,15.77,-3.43,22.94,16.89,20.29,119600,-41.03,43.0,0.965
2025-04-11T00:35:15.000,15.64,-3.44,27.06,16.71,20.29,119601,-41.01,43.0,0.965
2025-04-11T00:36:15.000,15.66,-2.81,27.81,16.68,20.29,119602,-40.99,43.0,0.965
2025-04-11T00:37:16.000,15.79,-2.47,26.07,16.75,20.29,119603,-40.97,43.0,0.965
2025-04-11T00:38:16.000,15.78,-2.91,23.83,16.85,20.29,119604,-40.94,43.0,0.965
2025-04-11T00:39:16.000,15.69,-2.84,23.97,16.84,20.29,119605,-40.92,42.0,0.965
2025-04-11T00:40:16.000,15.59,-2.82,23.67,16.85,20.29,119606,-40.89,42.0,0.965
2025-04-11T00:41:16.000,15.59,-2.47,23.26,16.87,20.29,119607,-40.86,42.0,0.965
2025-04-11T00:42:16.000,15.58,-2.63,22.61,16.9,20.29,119608,-40.84,42.0,0.965
2025-04-11T00:43:16.000,15.51,-2.74,22.52,16.91,20.29,119609,-40.81,42.0,0.965
2025-04-11T00:44:16.000,15.5,-2.47,21.67,16.95,20.29,119610,-40.78,42.0,0.965
2025-04-11T00:45:16.000,15.53,-2.25,20.92,16.99,20.29,119611,-40.74,42.0,0.965
2025-04-11T00:46:16.000,15.57,-2.29,20.89,16.99,20.29,119612,-40.71,42.0,0.965
2025-04-11T00:47:17.000,15.52,-2.17,21.2,16.97,20.29,119613,-40.68,41.0,0.965
2025-04-11T00:48:17.000,15.62,-1.6,22.5,16.91,20.29,119614,-40.64,41.0,0.965
2025-04-11T00:49:17.000,15.69,-1.66,24.37,16.82,20.29,119615,-40.61,41.0,0.965
2025-04-11T00:50:17.000,15.72,-1.52,26.8,16.72,20.29,119616,-40.57,41.0,0.965
2025-04-11T00:51:17.000,15.72,-1.37,29.68,16.61,20.29,119617,-40.53,41.0,0.965
2025-04-11T00:52:17.000,15.68,-1.27,32.39,16.51,20.29,119618,-40.49,41.0,0.965
2025-04-11T00:53:17.000,15.72,-1.0,34.41,16.45,20.29,119619,-40.45,41.0,0.965
2025-04-11T00:54:18.000,15.76,-0.83,34.93,16.43,20.29,119620,-40.41,41.0,0.965
2025-04-11T00:55:18.000,15.68,-0.98,34.33,16.45,20.29,119621,-40.37,40.0,0.965
2025-04-11T00:56:18.000,15.71,-0.83,34.13,16.46,20.29,119622,-40.33,40.0,0.965
2025-04-11T00:57:18.000,15.71,-0.84,34.48,16.45,20.29,119623,-40.28,40.0,0.965
2025-04-11T00:58:18.000,15.74,-0.65,34.93,16.43,20.29,119624,-40.24,40.0,0.965
2025-04-11T00:59:18.000,15.75,-0.59,36.62,16.38,20.29,119625,-40.19,40.0,0.965
2025-04-11T01:00:18.000,15.8,-0.61,38.89,16.32,20.29,119626,-40.15,40.0,0.965
2025-04-11T01:01:18.000,15.79,-0.7,40.63,16.27,20.29,119627,-40.1,40.0,0.965
2025-04-11T01:02:18.000,15.74,-0.96,39.15,16.31,20.29,119628,-40.05,40.0,0.965
2025-04-11T01:03:18.000,15.67,-0.92,34.7,16.44,20.29,119629,-40.0,39.0,0.965
2025-04-11T01:04:19.000,15.68,-0.91,30.4,16.58,20.29,119630,-39.95,39.0,0.966
2025-04-11T01:05:19.000,15.66,-1.12,27.79,16.68,20.29,119631,-39.89,39.0,0.966
2025-04-11T01:06:19.000,15.64,-1.27,26.18,16.75,20.29,119632,-39.84,39.0,0.966
2025-04-11T01:07:19.000,15.67,-1.2,24.89,16.8,20.29,119633,-39.79,39.0,0.966
2025-04-11T01:08:19.000,15.67,-1.62,24.13,16.83,20.29,119634,-39.73,39.0,0.966
2025-04-11T01:09:19.000,15.61,-1.74,24.44,16.82,20.29,119635,-39.68,39.0,0.966
2025-04-11T01:10:19.000,15.54,-1.99,25.43,16.78,20.29,119636,-39.62,39.0,0.966
2025-04-11T01:11:19.000,15.53,-1.73,26.28,16.74,20.29,119637,-39.56,38.0,0.966
2025-04-11T01:12:19.000,15.53,-1.6,27.13,16.71,20.29,119638,-39.5,38.0,0.966
2025-04-11T01:13:20.000,15.53,-1.67,27.66,16.69,20.29,119639,-39.44,38.0,0.966
2025-04-11T01:14:20.000,15.5,-1.62,28.1,16.67,20.29,119640,-39.38,38.0,0.966
2025-04-11T01:15:20.000,15.51,-1.27,27.68,16.68,20.29,119641,-39.32,38.0,0.966
2025-04-11T01:16:20.000,15.51,-1.5,27.23,16.7,20.29,119642,-39.25,38.0,0.966
2025-04-11T01:17:20.000,15.44,-1.62,26.88,16.72,20.29,119643,-39.19,38.0,0.966
2025-04-11T01:18:20.000,15.33,-1.82,26.4,16.74,20.29,119644,-39.13,37.0,0.966
2025-04-11T01:19:20.000,15.31,-1.53,25.39,16.78,20.29,119645,-39.06,37.0,0.966
2025-04-11T01:20:20.000,15.38,-1.33,23.88,16.84,20.29,119646,-38.99,37.0,0.966
2025-04-11T01:21:20.000,15.49,-1.23,23.27,16.87,20.29,119647,-38.92,37.0,0.966
2025-04-11T01:22:21.000,15.53,-1.53,21.57,16.96,20.29,119648,-38.85,37.0,0.966
2025-04-11T01:23:21.000,15.46,-2.0,20.07,17.03,20.29,119649,-38.78,37.0,0.966
2025-04-11T01:24:21.000,15.47,-1.72,19.5,17.06,20.29,119650,-38.71,37.0,0.966
2025-04-11T01:25:21.000,15.53,-1.69,19.69,17.05,20.29,119651,-38.64,36.0,0.966
2025-04-11T01:26:21.000,15.61,-1.78,19.42,17.07,20.29,119652,-38.57,36.0,0.966
2025-04-11T01:27:21.000,15.64,-1.76,18.99,17.09,20.29,119653,-38.5,36.0,0.966
2025-04-11T01:28:21.000,15.7,-1.71,18.95,17.1,20.29,119654,-38.42,36.0,0.966
2025-04-11T01:29:21.000,15.77,-1.6,19.85,17.05,20.29,119655,-38.35,36.0,0.966
2025-04-11T01:30:22.000,15.82,-1.91,19.84,17.05,20.29,119656,-38.27,36.0,0.966
2025-04-11T01:31:22.000,15.66,-2.54,18.56,17.12,20.29,119657,-38.19,36.0,0.966
2025-04-11T01:32:22.000,15.57,-2.18,17.67,17.17,20.29,119658,-38.11,35.0,0.966
2025-04-11T01:33:22.000,15.62,-2.0,19.22,17.08,20.29,119659,-38.04,35.0,0.966
2025-04-11T01:34:22.000,15.63,-1.9,21.56,16.96,20.29,119660,-37.96,35.0,0.966
2025-04-11T01:35:22.000,15.66,-1.67,22.39,16.91,20.29,119661,-37.87,35.0,0.966
2025-04-11T01:36:22.000,15.71,-1.59,21.29,16.97,20.29,119662,-37.79,35.0,0.966
2025-04-11T01:37:22.000,15.77,-1.26,20.45,17.01,20.29,119663,-37.71,35.0,0.966
2025-04-11T01:38:22.000,15.79,-1.33,20.72,17.0,20.29,119664,-37.63,34.0,0.966
2025-04-11T01:39:23.000,15.79,-1.09,22.82,16.89,20.29,119665,-37.54,34.0,0.966
2025-04-11T01:40:23.000,15.76,-1.32,26.07,16.75,20.29,119666,-37.46,34.0,0.966
2025-04-11T01:41:23.000,15.66,-1.29,29.63,16.61,20.29,119667,-37.37,34.0,0.966
2025-04-11T01:42:23.000,15.61,-1.19,32.73,16.5,20.29,119668,-37.28,34.0,0.966
2025-04-11T01:43:23.000,15.54,-1.03,36.11,16.4,20.29,119669,-37.2,34.0,0.966
2025-04-11T01:44:23.000,15.6,-0.76,37.85,16.35,20.29,119670,-37.11,34.0,0.966
2025-04-11T01:45:23.000,15.56,-0.96,37.85,16.34,20.29,119671,-37.02,33.0,0.966
2025-04-11T01:46:23.000,15.46,-1.11,36.07,16.4,20.29,119672,-36.93,33.0,0.967
2025-04-11T01:47:23.000,15.44,-1.11,33.37,16.48,20.29,119673,-36.84,33.0,0.967
2025-04-11T01:48:23.000,15.41,-1.2,30.9,16.57,20.29,119674,-36.74,33.0,0.967
2025-04-11T01:49:24.000,15.44,-1.16,29.36,16.62,20.29,119675,-36.65,33.0,0.967
2025-04-11T01:50:24.000,15.53,-1.18,28.0,16.67,20.29,119676,-36.56,33.0,0.967
2025-04-11T01:51:24.000,15.55,-1.37,26.03,16.75,20.29,119677,-36.46,32.0,0.967
2025-04-11T01:52:24.000,15.54,-1.48,24.44,16.82,20.29,119678,-36.37,32.0,0.967
2025-04-11T01:53:24.000,15.55,-1.39,24.67,16.81,20.29,119679,-36.27,32.0,0.967
2025-04-11T01:54:24.000,15.59,-1.28,26.3,16.74,20.29,119680,-36.17,32.0,0.967
2025-04-11T01:55:24.000,15.59,-1.42,27.34,16.7,20.29,119681,-36.07,32.0,0.967
2025-04-11T01:56:24.000,15.61,-1.4,27.27,16.7,20.29,119682,-35.98,32.0,0.967
2025-04-11T01:57:24.000,15.6,-1.63,26.15,16.75,20.29,119683,-35.88,32.0,0.967
