ecsv/stars85/stars85_2025-04.ecsv
# %ECSV 1.0
# ---
# datatype:
# - {name: time, datatype: string}
# - {name: Enclosure Temperature, unit: deg_C, datatype: float64}
# - {name: Sky Temperature, unit: deg_C, datatype: float64}
# - {name: Frequency, unit: Hz, datatype: float64}
# - {name: MSAS, unit: mag / arcsec2, datatype: float64}
# - {name: ZP, datatype: float64}
# - {name: Sequence Number, datatype: int64}
# - {name: Sun Alt, unit: deg, datatype: float64}
# - {name: Moon Alt, unit: deg, datatype: float64}
# - {name: Moon Illumination, datatype: float64}
# delimiter: ','
# meta: !!omap
# - ida:
#     Data supplier: {affiliation: null, observer: null}
#     Device type: TESS-W
#     Field of view: 17.0
#     Filters per channel: None
#     Instrument ID: stars85
#     License: ODbL 1.0 http://opendatacommons.org/licenses/odbl/summary/
#     Local timezone: Europe/Madrid
#     Location name: {country: Spain, place: Observatorio Universidad Complutense de Madrid, region: Community of Madrid, sub_region: "\xC1\
#         rea metropolitana de Madrid y Corredor del Henares", town: Madrid}
#     Measurement direction per channel: {azimuth: 0.0, zenital: 0.0}
#     Moving / Fixed look direction: FIXED
#     Moving / Stationary position: STATIONARY
#     Number of channels: 1
#     Number of fields per line: 8
#     Number of header lines: 35
#     Position: {height: 0.0, latitude: 40.45098, longitude: -3.726072}
#     TESS MAC address: A0:20:A6:03:DF:2B
#     TESS cover offset value: 0.0
#     TESS firmware version: '1.0'
#     TESS zero point: 20.29
#     Time Synchronization: timestamp added by MQTT subscriber
#     URL: http://www.darksky.org/NSBM/sdf1.0.pdf
# - __serialized_columns__:
#     Enclosure Temperature:
#       __class__: astropy.units.quantity.Quantity
#       unit: &id001 !astropy.units.Unit {unit: deg_C}
#       value: !astropy.table.SerializedColumn {name: Enclosure Temperature}
#     Frequency:
#       __class__: astropy.units.quantity.Quantity
#       unit: !astropy.units.Unit {unit: Hz}
#       value: !astropy.table.SerializedColumn {name: Frequency}
#     MSAS:
#       __class__: astropy.units.quantity.Quantity
#       unit: !astropy.units.Unit {unit: mag / arcsec2}
#       value: !astropy.table.SerializedColumn {name: MSAS}
#     Moon Alt:
#       __class__: astropy.units.quantity.Quantity
#       unit: &id002 !astropy.units.Unit {unit: deg}
#       value: !astropy.table.SerializedColumn {name: Moon Alt}
#     Sky Temperature:
#       __class__: astropy.units.quantity.Quantity
#       unit: *id001
#       value: !astropy.table.SerializedColumn {name: Sky Temperature}
#     Sun Alt:
#       __class__: astropy.units.quantity.Quantity
#       unit: *id002
#       value: !astropy.table.SerializedColumn {name: Sun Alt}
#     time:
#       __class__: astropy.time.core.Time
#       format: isot
#       in_subfmt: '*'
#       out_subfmt: '*'
#       precision: 3
#       scale: utc
#       value: !astropy.table.SerializedColumn {name: time}
# schema: astropy-2.0
time,Enclosure Temperature,Sky Temperature,Frequency,MSAS,ZP,Sequence Number,Sun Alt,Moon Alt,Moon Illumination
[from data line 13762]
2025-04-20T23:20:26.000,13.66,4.72,92.59,15.37,20.29,133887,-36.26,-29.0,0.511
2025-04-20T23:21:26.000,13.69,4.7,88.04,15.43,20.29,133888,-36.31,-29.0,0.511
2025-04-20T23:22:26.000,13.67,4.55,86.74,15.44,20.29,133889,-36.36,-29.0,0.511
2025-04-20T23:23:26.000,13.65,4.67,85.55,15.46,20.29,133890,-36.41,-29.0,0.511
2025-04-20T23:24:26.000,13.74,4.92,85.57,15.46,20.29,133891,-36.46,-29.0,0.511
2025-04-20T23:25:26.000,13.79,4.69,86.49,15.45,20.29,133892,-36.51,-28.0,0.511
2025-04-20T23:26:27.000,13.77,4.69,87.0,15.44,20.29,133893,-36.56,-28.0,0.511
2025-04-20T23:27:27.000,13.82,4.85,85.69,15.46,20.29,133894,-36.6,-28.0,0.511
2025-04-20T23:28:27.000,13.91,4.92,81.95,15.51,20.29,133895,-36.65,-28.0,0.51
2025-04-20T23:29:27.000,13.91,4.71,77.33,15.57,20.29,133896,-36.7,-28.0,0.51
2025-04-20T23:30:27.000,13.96,4.57,73.77,15.62,20.29,133897,-36.74,-27.0,0.51
2025-04-20T23:31:28.000,13.9,4.38,72.07,15.65,20.29,133898,-36.78,-27.0,0.51
2025-04-20T23:32:28.000,13.91,4.47,69.66,15.68,20.29,133899,-36.82,-27.0,0.51
2025-04-20T23:33:28.000,13.97,4.47,65.43,15.75,20.29,133900,-36.86,-27.0,0.51
2025-04-20T23:34:28.000,14.0,4.18,60.59,15.83,20.29,133901,-36.9,-27.0,0.51
2025-04-20T23:35:28.000,14.03,3.95,54.38,15.95,20.29,133902,-36.94,-27.0,0.51
2025-04-20T23:36:28.000,13.98,3.42,47.6,16.1,20.29,133903,-36.98,-26.0,0.51
2025-04-20T23:37:29.000,13.9,3.27,45.16,16.15,20.29,133904,-37.02,-26.0,0.51
2025-04-20T23:38:29.000,13.83,2.84,44.27,16.18,20.29,133905,-37.06,-26.0,0.51
2025-04-20T23:39:29.000,13.77,2.72,44.77,16.16,20.29,133906,-37.09,-26.0,0.51
2025-04-20T23:40:29.000,13.66,2.62,44.55,16.17,20.29,133907,-37.12,-26.0,0.51
2025-04-20T23:41:29.000,13.61,2.69,44.51,16.17,20.29,133908,-37.16,-25.0,0.51
2025-04-20T23:42:29.000,13.56,2.74,44.48,16.17,20.29,133909,-37.19,-25.0,0.509
2025-04-20T23:43:29.000,13.53,2.38,42.78,16.21,20.29,133910,-37.22,-25.0,0.509
2025-04-20T23:44:29.000,13.45,1.99,39.25,16.31,20.29,133911,-37.25,-25.0,0.509
2025-04-20T23:45:29.000,13.43,1.68,33.94,16.47,20.29,133912,-37.28,-25.0,0.509
2025-04-20T23:46:30.000,13.49,0.99,29.77,16.61,20.29,133913,-37.31,-25.0,0.509
2025-04-20T23:47:30.000,13.45,0.42,25.8,16.76,20.29,133914,-37.33,-24.0,0.509
2025-04-20T23:48:30.000,13.52,0.4,21.35,16.97,20.29,133915,-37.36,-24.0,0.509
2025-04-20T23:49:30.000,13.57,0.05,19.43,17.07,20.29,133916,-37.38,-24.0,0.509
2025-04-20T23:50:30.000,13.59,-0.06,18.45,17.13,20.29,133917,-37.41,-24.0,0.509
2025-04-20T23:51:30.000,13.6,-0.15,18.24,17.14,20.29,133918,-37.43,-24.0,0.509
2025-04-20T23:52:30.000,13.58,-0.27,19.0,17.09,20.29,133919,-37.45,-24.0,0.509
2025-04-20T23:53:30.000,13.49,-0.63,19.23,17.08,20.29,133920,-37.47,-23.0,0.509
2025-04-20T23:54:31.000,13.51,-0.45,19.31,17.08,20.29,133921,-37.49,-23.0,0.509
2025-04-20T23:55:31.000,13.53,-0.92,19.18,17.08,20.29,133922,-37.51,-23.0,0.509
2025-04-20T23:56:31.000,13.46,-1.64,17.72,17.17,20.29,133923,-37.53,-23.0,0.508
2025-04-20T23:57:31.000,13.48,-2.03,14.79,17.37,20.29,133924,-37.55,-23.0,0.508
2025-04-20T23:58:31.000,13.49,-2.87,12.44,17.55,20.29,133925,-37.56,-22.0,0.508
2025-04-20T23:59:31.000,13.35,-3.81,11.14,17.67,20.29,133926,-37.58,-22.0,0.508
2025-04-21T00:00:31.000,13.27,-4.1,10.32,17.76,20.29,133927,-37.59,-22.0,0.508
2025-04-21T00:01:31.000,13.32,-3.98,9.36,17.86,20.29,133928,-37.6,-22.0,0.508
2025-04-21T00:02:31.000,13.38,-4.36,8.53,17.96,20.29,133929,-37.62,-22.0,0.508
2025-04-21T00:03:31.000,13.41,-4.54,8.01,18.03,20.29,133930,-37.63,-22.0,0.508
2025-04-21T00:04:32.000,13.36,-5.12,7.36,18.12,20.29,133931,-37.64,-21.0,0.508
2025-04-21T00:05:32.000,13.32,-5.7,6.72,18.22,20.29,133932,-37.65,-21.0,0.508
2025-04-21T00:06:32.000,13.31,-5.89,6.44,18.27,20.29,133933,-37.65,-21.0,0.508
2025-04-21T00:07:32.000,13.28,-6.36,6.2,18.31,20.29,133934,-37.66,-21.0,0.508
2025-04-21T00:08:32.000,13.21,-6.47,6.04,18.34,20.29,133935,-37.66,-21.0,0.508
2025-04-21T00:09:32.000,13.23,-6.17,5.96,18.35,20.29,133936,-37.67,-20.0,0.508
2025-04-21T00:10:32.000,13.34,-6.17,5.9,18.36,20.29,133937,-37.67,-20.0,0.507
2025-04-21T00:11:32.000,13.24,-6.52,5.87,18.37,20.29,133938,-37.68,-20.0,0.507
2025-04-21T00:12:32.000,13.17,-6.59,5.84,18.37,20.29,133939,-37.68,-20.0,0.507
2025-04-21T00:13:33.000,13.21,-6.41,5.95,18.35,20.29,133940,-37.68,-20.0,0.507
2025-04-21T00:14:33.000,13.15,-6.73,5.97,18.35,20.29,133941,-37.68,-20.0,0.507
2025-04-21T00:15:33.000,13.21,-6.52,5.72,18.4,20.29,133942,-37.67,-19.0,0.507
2025-04-21T00:16:33.000,13.15,-7.19,5.52,18.44,20.29,133943,-37.67,-19.0,0.507
2025-04-21T00:17:33.000,13.04,-7.29,5.42,18.46,20.29,133944,-37.67,-19.0,0.507
2025-04-21T00:18:33.000,12.98,-7.41,5.36,18.47,20.29,133945,-37.66,-19.0,0.507
2025-04-21T00:19:33.000,12.92,-7.42,5.3,18.48,20.29,133946,-37.66,-19.0,0.507
2025-04-21T00:20:33.000,12.96,-7.26,5.27,18.49,20.29,133947,-37.65,-19.0,0.507
2025-04-21T00:21:34.000,12.89,-7.61,5.25,18.49,20.29,133948,-37.64,-18.0,0.507
2025-04-21T00:22:34.000,12.82,-7.72,5.21,18.5,20.29,133949,-37.63,-18.0,0.507
2025-04-21T00:23:34.000,12.76,-7.7,5.2,18.5,20.29,133950,-37.62,-18.0,0.506
2025-04-21T00:24:34.000,12.72,-7.66,5.18,18.5,20.29,133951,-37.61,-18.0,0.506
2025-04-21T00:25:34.000,12.67,-7.78,5.2,18.5,20.29,133952,-37.6,-18.0,0.506
2025-04-21T00:26:34.000,12.61,-7.76,5.22,18.5,20.29,133953,-37.59,-17.0,0.506
2025-04-21T00:27:34.000,12.59,-7.72,5.21,18.5,20.29,133954,-37.57,-17.0,0.506
2025-04-21T00:28:34.000,12.59,-7.64,5.22,18.5,20.29,133955,-37.56,-17.0,0.506
2025-04-21T00:29:35.000,12.53,-7.81,5.38,18.46,20.29,133956,-37.54,-17.0,0.506
2025-04-21T00:30:35.000,12.49,-7.48,6.0,18.35,20.29,133957,-37.53,-17.0,0.506
2025-04-21T00:31:35.000,12.48,-7.44,6.91,18.19,20.29,133958,-37.51,-17.0,0.506
2025-04-21T00:32:35.000,12.47,-7.18,7.35,18.13,20.29,133959,-37.49,-16.0,0.506
2025-04-21T00:33:35.000,12.45,-7.11,7.54,18.1,20.29,133960,-37.47,-16.0,0.506
2025-04-21T00:34:35.000,12.42,-7.04,8.32,17.99,20.29,133961,-37.45,-16.0,0.506
2025-04-21T00:35:35.000,12.37,-7.02,9.07,17.9,20.29,133962,-37.43,-16.0,0.506
2025-04-21T00:36:35.000,12.39,-6.83,8.37,17.98,20.29,133963,-37.4,-16.0,0.506
2025-04-21T00:37:35.000,12.38,-6.9,7.48,18.11,20.29,133964,-37.38,-16.0,0.505
2025-04-21T00:38:35.000,12.39,-6.86,7.78,18.06,20.29,133965,-37.35,-15.0,0.505
2025-04-21T00:39:35.000,12.4,-7.16,8.59,17.96,20.29,133966,-37.33,-15.0,0.505
2025-04-21T00:40:35.000,12.39,-7.21,8.39,17.98,20.29,133967,-37.3,-15.0,0.505
2025-04-21T00:41:35.000,12.42,-7.43,6.5,18.26,20.29,133968,-37.27,-15.0,0.505
2025-04-21T00:42:36.000,12.41,-7.66,5.91,18.36,20.29,133969,-37.24,-15.0,0.505
2025-04-21T00:43:36.000,12.4,-7.62,5.85,18.37,20.29,133970,-37.21,-15.0,0.505
2025-04-21T00:44:36.000,12.41,-7.58,5.73,18.4,20.29,133971,-37.18,-14.0,0.505
2025-04-21T00:45:36.000,12.48,-7.56,5.39,18.46,20.29,133972,-37.15,-14.0,0.505
2025-04-21T00:46:36.000,12.49,-7.56,5.24,18.49,20.29,133973,-37.11,-14.0,0.505
2025-04-21T00:47:36.000,12.48,-7.68,5.2,18.5,20.29,133974,-37.08,-14.0,0.505
2025-04-21T00:48:36.000,12.5,-7.56,5.18,18.5,20.29,133975,-37.04,-14.0,0.505
2025-04-21T00:49:36.000,12.5,-7.72,5.25,18.49,20.29,133976,-37.01,-13.0,0.505
2025-04-21T00:50:36.000,12.42,-7.9,5.38,18.46,20.29,133977,-36.97,-13.0,0.505
2025-04-21T00:51:36.000,12.39,-7.8,5.37,18.47,20.29,133978,-36.93,-13.0,0.504
2025-04-21T00:52:37.000,12.36,-7.82,5.22,18.5,20.29,133979,-36.89,-13.0,0.504
2025-04-21T00:53:37.000,12.37,-7.71,5.14,18.51,20.29,133980,-36.85,-13.0,0.504
2025-04-21T00:54:37.000,12.36,-7.84,5.13,18.51,20.29,133981,-36.81,-13.0,0.504
2025-04-21T00:55:37.000,12.31,-8.06,5.14,18.51,20.29,133982,-36.77,-12.0,0.504
2025-04-21T00:56:37.000,12.24,-8.01,5.15,18.51,20.29,133983,-36.73,-12.0,0.504
2025-04-21T00:57:37.000,12.22,-7.95,5.14,18.51,20.29,133984,-36.68,-12.0,0.504
2025-04-21T00:58:38.000,12.21,-7.95,5.13,18.51,20.29,133985,-36.64,-12.0,0.504
2025-04-21T00:59:38.000,12.23,-7.91,5.13,18.51,20.29,133986,-36.59,-12.0,0.504
2025-04-21T01:00:38.000,12.22,-7.92,5.13,18.52,20.29,133987,-36.54,-12.0,0.504
2025-04-21T01:01:38.000,12.24,-7.83,5.13,18.52,20.29,133988,-36.5,-11.0,0.504
2025-04-21T01:02:38.000,12.23,-7.91,5.1,18.52,20.29,133989,-36.45,-11.0,0.504
2025-04-21T01:03:38.000,12.26,-7.86,5.12,18.52,20.29,133990,-36.4,-11.0,0.504
2025-04-21T01:04:38.000,12.24,-7.89,5.12,18.52,20.29,133991,-36.35,-11.0,0.504
2025-04-21T01:05:39.000,12.27,-7.79,5.1,18.52,20.29,133992,-36.29,-11.0,0.503
2025-04-21T01:06:39.000,12.31,-7.78,5.1,18.52,20.29,133993,-36.24,-11.0,0.503
2025-04-21T01:07:39.000,12.28,-7.92,5.1,18.52,20.29,133994,-36.19,-10.0,0.503
2025-04-21T01:08:39.000,12.26,-7.92,5.1,18.52,20.29,133995,-36.13,-10.0,0.503
2025-04-21T01:09:39.000,12.23,-8.01,5.1,18.52,20.29,133996,-36.08,-10.0,0.503
2025-04-21T01:10:39.000,12.3,-7.74,5.11,18.52,20.29,133997,-36.02,-10.0,0.503
2025-04-21T01:11:39.000,12.31,-7.84,5.11,18.52,20.29,133998,-35.96,-10.0,0.503
2025-04-21T01:12:39.000,12.3,-7.87,5.11,18.52,20.29,133999,-35.91,-10.0,0.503
2025-04-21T01:13:40.000,12.34,-7.73,5.11,18.52,20.29,134000,-35.85,-9.0,0.503
2025-04-21T01:14:40.000,12.33,-7.87,5.12,18.52,20.29,134001,-35.79,-9.0,0.503
2025-04-21T01:15:40.000,12.31,-7.96,5.13,18.52,20.29,134002,-35.72,-9.0,0.503
2025-04-21T01:16:40.000,12.27,-8.01,5.12,18.52,20.29,134003,-35.66,-9.0,0.503
2025-04-21T01:17:40.000,12.25,-7.99,5.14,18.51,20.29,134004,-35.6,-9.0,0.503
2025-04-21T01:18:40.000,12.26,-7.92,5.14,18.51,20.29,134005,-35.54,-9.0,0.503
2025-04-21T01:19:40.000,12.26,-7.92,5.14,18.51,20.29,134006,-35.47,-8.0,0.502
2025-04-21T01:20:41.000,12.31,-7.75,5.13,18.51,20.29,134007,-35.4,-8.0,0.502
2025-04-21T01:21:41.000,12.37,-7.74,5.14,18.51,20.29,134008,-35.34,-8.0,0.502
2025-04-21T01:22:41.000,12.41,-7.72,5.13,18.51,20.29,134009,-35.27,-8.0,0.502
2025-04-21T01:23:41.000,12.37,-8.0,5.13,18.51,20.29,134010,-35.2,-8.0,0.502
2025-04-21T01:24:41.000,12.36,-7.86,5.13,18.51,20.29,134011,-35.13,-8.0,0.502
2025-04-21T01:25:41.000,12.37,-7.93,5.13,18.51,20.29,134012,-35.06,-7.0,0.502
2025-04-21T01:26:41.000,12.3,-8.17,5.13,18.52,20.29,134013,-34.99,-7.0,0.502
2025-04-21T01:27:41.000,12.2,-8.31,5.13,18.52,20.29,134014,-34.92,-7.0,0.502
2025-04-21T01:28:42.000,12.14,-8.21,5.13,18.51,20.29,134015,-34.85,-7.0,0.502
2025-04-21T01:29:42.000,12.13,-8.12,5.13,18.51,20.29,134016,-34.77,-7.0,0.502
2025-04-21T01:30:42.000,12.17,-7.96,5.13,18.51,20.29,134017,-34.7,-7.0,0.502
2025-04-21T01:31:42.000,12.18,-8.07,5.14,18.51,20.29,134018,-34.62,-6.0,0.502
2025-04-21T01:32:42.000,12.2,-7.92,5.13,18.51,20.29,134019,-34.55,-6.0,0.501
2025-04-21T01:33:42.000,12.2,-8.17,5.13,18.51,20.29,134020,-34.47,-6.0,0.501
2025-04-21T01:34:42.000,12.12,-8.2,5.12,18.52,20.29,134021,-34.39,-6.0,0.501
2025-04-21T01:35:43.000,12.1,-8.17,5.13,18.52,20.29,134022,-34.31,-6.0,0.501
2025-04-21T01:36:43.000,12.1,-8.08,5.12,18.52,20.29,134023,-34.23,-6.0,0.501
2025-04-21T01:37:43.000,12.12,-8.06,5.13,18.52,20.29,134024,-34.15,-5.0,0.501
2025-04-21T01:38:43.000,12.07,-8.26,5.12,18.52,20.29,134025,-34.07,-5.0,0.501
2025-04-21T01:39:43.000,12.07,-8.13,5.12,18.52,20.29,134026,-33.99,-5.0,0.501
2025-04-21T01:40:43.000,12.08,-8.07,5.12,18.52,20.29,134027,-33.9,-5.0,0.501
2025-04-21T01:41:43.000,12.11,-8.15,5.11,18.52,20.29,134028,-33.82,-5.0,0.501
2025-04-21T01:42:43.000,12.12,-8.13,5.1,18.52,20.29,134029,-33.74,-5.0,0.501
2025-04-21T01:43:44.000,12.1,-8.28,5.09,18.52,20.29,134030,-33.65,-4.0,0.501
2025-04-21T01:44:44.000,12.06,-8.33,5.1,18.52,20.29,134031,-33.56,-4.0,0.501
2025-04-21T01:45:44.000,11.99,-8.44,5.1,18.52,20.29,134032,-33.47,-4.0,0.501
2025-04-21T01:46:44.000,11.92,-8.5,5.09,18.52,20.29,134033,-33.39,-4.0,0.5
2025-04-21T01:47:44.000,11.9,-8.39,5.08,18.52,20.29,134034,-33.3,-4.0,0.5
2025-04-21T01:48:44.000,11.87,-8.43,5.09,18.52,20.29,134035,-33.21,-4.0,0.5
2025-04-21T01:49:44.000,11.85,-8.49,5.08,18.52,20.29,134036,-33.12,-3.0,0.5
2025-04-21T01:50:44.000,11.81,-8.45,5.08,18.53,20.29,134037,-33.03,-3.0,0.5
2025-04-21T01:51:45.000,11.78,-8.53,5.08,18.52,20.29,134038,-32.93,-3.0,0.5
2025-04-21T01:52:45.000,11.76,-8.57,5.09,18.52,20.29,134039,-32.84,-3.0,0.5
2025-04-21T01:53:45.000,11.74,-8.47,5.1,18.52,20.29,134040,-32.75,-3.0,0.5
2025-04-21T01:54:45.000,11.7,-8.71,5.08,18.53,20.29,134041,-32.65,-3.0,0.5
2025-04-21T01:55:45.000,11.61,-8.86,5.09,18.52,20.29,134042,-32.56,-2.0,0.5
2025-04-21T01:56:45.000,11.59,-8.58,5.09,18.52,20.29,134043,-32.46,-2.0,0.5
2025-04-21T01:57:45.000,11.57,-8.75,5.1,18.52,20.29,134044,-32.37,-2.0,0.5
2025-04-21T01:58:45.000,11.54,-8.72,5.09,18.52,20.29,134045,-32.27,-2.0,0.5
2025-04-21T01:59:46.000,11.53,-8.62,5.1,18.52,20.29,134046,-32.17,-2.0,0.5
2025-04-21T02:00:46.000,11.58,-8.37,5.1,18.52,20.29,134047,-32.07,-2.0,0.499
2025-04-21T02:01:46.000,11.7,-8.17,5.11,18.52,20.29,134048,-31.97,-2.0,0.499
2025-04-21T02:02:46.000,11.75,-8.25,5.1,18.52,20.29,134049,-31.87,-1.0,0.499
2025-04-21T02:03:46.000,11.77,-8.34,5.09,18.52,20.29,134050,-31.77,-1.0,0.499
2025-04-21T02:04:46.000,11.79,-8.32,5.09,18.52,20.29,134051,-31.67,-1.0,0.499
2025-04-21T02:05:46.000,11.82,-8.24,5.09,18.52,20.29,134052,-31.56,-1.0,0.499
2025-04-21T02:06:47.000,11.85,-8.23,5.1,18.52,20.29,134053,-31.46,-1.0,0.499
2025-04-21T02:07:47.000,11.87,-8.34,5.11,18.52,20.29,134054,-31.36,-1.0,0.499
2025-04-21T02:08:47.000,11.86,-8.24,5.1,18.52,20.29,134055,-31.25,-0.0,0.499
2025-04-21T02:09:47.000,11.88,-8.25,5.09,18.52,20.29,134056,-31.15,-0.0,0.499
2025-04-21T02:10:47.000,11.88,-8.29,5.09,18.52,20.29,134057,-31.04,-0.0,0.499
2025-04-21T02:11:47.000,11.85,-8.52,5.1,18.52,20.29,134058,-30.93,0.0,0.499
2025-04-21T02:12:47.000,11.82,-8.3,5.1,18.52,20.29,134059,-30.82,0.0,0.499
2025-04-21T02:13:48.000,11.82,-8.35,5.1,18.52,20.29,134060,-30.71,0.0,0.498
2025-04-21T02:14:48.000,11.8,-8.36,5.1,18.52,20.29,134061,-30.61,0.0,0.498
2025-04-21T02:15:48.000,11.83,-8.27,5.09,18.52,20.29,134062,-30.5,1.0,0.498
2025-04-21T02:16:48.000,11.83,-8.34,5.1,18.52,20.29,134063,-30.39,1.0,0.498
2025-04-21T02:17:48.000,11.86,-8.19,5.1,18.52,20.29,134064,-30.27,1.0,0.498
2025-04-21T02:18:48.000,11.87,-8.35,5.09,18.52,20.29,134065,-30.16,1.0,0.498
2025-04-21T02:19:48.000,11.85,-8.26,5.09,18.52,20.29,134066,-30.05,1.0,0.498
2025-04-21T02:20:48.000,11.86,-8.21,5.09,18.52,20.29,134067,-29.94,1.0,0.498
2025-04-21T02:21:49.000,11.86,-8.38,5.1,18.52,20.29,134068,-29.82,2.0,0.498
2025-04-21T02:22:49.000,11.8,-8.46,5.1,18.52,20.29,134069,-29.71,2.0,0.498
2025-04-21T02:23:49.000,11.77,-8.34,5.09,18.52,20.29,134070,-29.59,2.0,0.498
2025-04-21T02:24:49.000,11.76,-8.27,5.09,18.52,20.29,134071,-29.48,2.0,0.498
2025-04-21T02:25:49.000,11.74,-8.45,5.1,18.52,20.29,134072,-29.36,2.0,0.498
2025-04-21T02:26:49.000,11.69,-8.29,5.11,18.52,20.29,134073,-29.24,2.0,0.498
2025-04-21T02:27:49.000,11.68,-8.41,5.09,18.52,20.29,134074,-29.13,2.0,0.497
2025-04-21T02:28:50.000,11.64,-8.4,5.1,18.52,20.29,134075,-29.01,3.0,0.497
2025-04-21T02:29:50.000,11.62,-8.34,5.1,18.52,20.29,134076,-28.89,3.0,0.497
2025-04-21T02:30:50.000,11.67,-8.19,5.08,18.53,20.29,134077,-28.77,3.0,0.497
2025-04-21T02:31:50.000,11.68,-8.31,5.11,18.52,20.29,134078,-28.65,3.0,0.497
2025-04-21T02:32:50.000,11.68,-8.29,5.1,18.52,20.29,134079,-28.53,3.0,0.497
2025-04-21T02:33:50.000,11.63,-8.41,5.1,18.52,20.29,134080,-28.4,3.0,0.497
2025-04-21T02:34:50.000,11.62,-8.34,5.11,18.52,20.29,134081,-28.28,4.0,0.497
2025-04-21T02:35:50.000,11.59,-8.42,5.09,18.52,20.29,134082,-28.16,4.0,0.497
2025-04-21T02:36:51.000,11.57,-8.42,5.09,18.52,20.29,134083,-28.03,4.0,0.497
2025-04-21T02:37:51.000,11.58,-8.3,5.08,18.52,20.29,134084,-27.91,4.0,0.497
2025-04-21T02:38:51.000,11.59,-8.34,5.09,18.52,20.29,134085,-27.79,4.0,0.497
2025-04-21T02:39:51.000,11.62,-8.27,5.09,18.52,20.29,134086,-27.66,4.0,0.497
2025-04-21T02:40:51.000,11.61,-8.37,5.08,18.53,20.29,134087,-27.53,4.0,0.497
2025-04-21T02:41:51.000,11.59,-8.47,5.09,18.52,20.29,134088,-27.41,5.0,0.496
2025-04-21T02:42:51.000,11.54,-8.5,5.08,18.53,20.29,134089,-27.28,5.0,0.496
2025-04-21T02:43:51.000,11.51,-8.58,5.1,18.52,20.29,134090,-27.15,5.0,0.496
2025-04-21T02:44:51.000,11.5,-8.51,5.1,18.52,20.29,134091,-27.03,5.0,0.496
