ecsv/stars85/stars85_2025-04.ecsv
# %ECSV 1.0
# ---
# datatype:
# - {name: time, datatype: string}
# - {name: Enclosure Temperature, unit: deg_C, datatype: float64}
# - {name: Sky Temperature, unit: deg_C, datatype: float64}
# - {name: Frequency, unit: Hz, datatype: float64}
# - {name: MSAS, unit: mag / arcsec2, datatype: float64}
# - {name: ZP, datatype: float64}
# - {name: Sequence Number, datatype: int64}
# - {name: Sun Alt, unit: deg, datatype: float64}
# - {name: Moon Alt, unit: deg, datatype: float64}
# - {name: Moon Illumination, datatype: float64}
# delimiter: ','
# meta: !!omap
# - ida:
#     Data supplier: {affiliation: null, observer: null}
#     Device type: TESS-W
#     Field of view: 17.0
#     Filters per channel: None
#     Instrument ID: stars85
#     License: ODbL 1.0 http://opendatacommons.org/licenses/odbl/summary/
#     Local timezone: Europe/Madrid
#     Location name: {country: Spain, place: Observatorio Universidad Complutense de Madrid, region: Community of Madrid, sub_region: "\xC1\
#         rea metropolitana de Madrid y Corredor del Henares", town: Madrid}
#     Measurement direction per channel: {azimuth: 0.0, zenital: 0.0}
#     Moving / Fixed look direction: FIXED
#     Moving / Stationary position: STATIONARY
#     Number of channels: 1
#     Number of fields per line: 8
#     Number of header lines: 35
#     Position: {height: 0.0, latitude: 40.45098, longitude: -3.726072}
#     TESS MAC address: A0:20:A6:03:DF:2B
#     TESS cover offset value: 0.0
#     TESS firmware version: '1.0'
#     TESS zero point: 20.29
#     Time Synchronization: timestamp added by MQTT subscriber
#     URL: http://www.darksky.org/NSBM/sdf1.0.pdf
# - __serialized_columns__:
#     Enclosure Temperature:
#       __class__: astropy.units.quantity.Quantity
#       unit: &id001 !astropy.units.Unit {unit: deg_C}
#       value: !astropy.table.SerializedColumn {name: Enclosure Temperature}
#     Frequency:
#       __class__: astropy.units.quantity.Quantity
#       unit: !astropy.units.Unit {unit: Hz}
#       value: !astropy.table.SerializedColumn {name: Frequency}
#     MSAS:
#       __class__: astropy.units.quantity.Quantity
#       unit: !astropy.units.Unit {unit: mag / arcsec2}
#       value: !astropy.table.SerializedColumn {name: MSAS}
#     Moon Alt:
#       __class__: astropy.units.quantity.Quantity
#       unit: &id002 !astropy.units.Unit {unit: deg}
#       value: !astropy.table.SerializedColumn {name: Moon Alt}
#     Sky Temperature:
#       __class__: astropy.units.quantity.Quantity
#       unit: *id001
#       value: !astropy.table.SerializedColumn {name: Sky Temperature}
#     Sun Alt:
#       __class__: astropy.units.quantity.Quantity
#       unit: *id002
#       value: !astropy.table.SerializedColumn {name: Sun Alt}
#     time:
#       __class__: astropy.time.core.Time
#       format: isot
#       in_subfmt: '*'
#       out_subfmt: '*'
#       precision: 3
#       scale: utc
#       value: !astropy.table.SerializedColumn {name: time}
# schema: astropy-2.0
time,Enclosure Temperature,Sky Temperature,Frequency,MSAS,ZP,Sequence Number,Sun Alt,Moon Alt,Moon Illumination
[from data line 14582]
2025-04-22T01:53:04.000,11.33,5.74,109.46,15.19,20.29,135475,-32.48,-9.0,0.394
2025-04-22T01:54:04.000,11.31,5.83,114.52,15.14,20.29,135476,-32.39,-9.0,0.394
2025-04-22T01:55:04.000,11.44,5.92,114.18,15.15,20.29,135477,-32.29,-8.0,0.394
2025-04-22T01:56:05.000,11.41,5.67,109.3,15.19,20.29,135478,-32.2,-8.0,0.394
2025-04-22T01:57:05.000,11.49,5.73,108.13,15.21,20.29,135479,-32.1,-8.0,0.394
2025-04-22T01:58:05.000,11.51,5.52,109.82,15.19,20.29,135480,-32.0,-8.0,0.394
2025-04-22T01:59:05.000,11.49,5.36,109.25,15.19,20.29,135481,-31.91,-8.0,0.394
2025-04-22T02:00:05.000,11.5,5.13,106.63,15.22,20.29,135482,-31.81,-7.0,0.394
2025-04-22T02:01:05.000,11.4,4.65,100.31,15.29,20.29,135483,-31.71,-7.0,0.394
2025-04-22T02:02:06.000,11.46,5.01,97.07,15.32,20.29,135484,-31.61,-7.0,0.394
2025-04-22T02:03:06.000,11.37,4.47,92.31,15.38,20.29,135485,-31.51,-7.0,0.394
2025-04-22T02:04:06.000,11.46,5.23,96.0,15.33,20.29,135486,-31.41,-7.0,0.394
2025-04-22T02:05:06.000,11.63,5.29,103.27,15.26,20.29,135487,-31.31,-7.0,0.394
2025-04-22T02:06:06.000,11.74,5.42,102.02,15.27,20.29,135488,-31.2,-6.0,0.393
2025-04-22T02:07:06.000,11.74,4.79,97.73,15.32,20.29,135489,-31.1,-6.0,0.393
2025-04-22T02:08:07.000,11.59,4.58,95.69,15.34,20.29,135490,-30.99,-6.0,0.393
2025-04-22T02:09:07.000,11.61,4.71,93.3,15.37,20.29,135491,-30.89,-6.0,0.393
2025-04-22T02:10:07.000,11.55,4.39,89.07,15.42,20.29,135492,-30.78,-6.0,0.393
2025-04-22T02:11:07.000,11.6,4.81,92.27,15.38,20.29,135493,-30.68,-6.0,0.393
2025-04-22T02:12:07.000,11.65,4.36,89.7,15.41,20.29,135494,-30.57,-5.0,0.393
2025-04-22T02:13:08.000,11.59,4.58,82.88,15.49,20.29,135495,-30.46,-5.0,0.393
2025-04-22T02:14:08.000,11.63,4.19,83.02,15.49,20.29,135496,-30.35,-5.0,0.393
2025-04-22T02:15:08.000,11.61,4.12,87.87,15.43,20.29,135497,-30.25,-5.0,0.393
2025-04-22T02:16:08.000,11.68,4.32,94.52,15.35,20.29,135498,-30.14,-5.0,0.393
2025-04-22T02:17:08.000,11.89,4.99,95.09,15.34,20.29,135499,-30.03,-5.0,0.393
2025-04-22T02:18:08.000,12.08,5.11,100.31,15.29,20.29,135500,-29.91,-4.0,0.393
2025-04-22T02:19:09.000,12.19,5.18,107.46,15.21,20.29,135501,-29.8,-4.0,0.393
2025-04-22T02:20:09.000,12.27,5.29,109.25,15.19,20.29,135502,-29.69,-4.0,0.392
2025-04-22T02:21:09.000,12.35,5.3,107.87,15.21,20.29,135503,-29.58,-4.0,0.392
2025-04-22T02:22:09.000,12.39,5.44,106.36,15.22,20.29,135504,-29.46,-4.0,0.392
2025-04-22T02:23:09.000,12.49,5.46,104.93,15.24,20.29,135505,-29.35,-4.0,0.392
2025-04-22T02:24:10.000,12.55,5.5,105.03,15.24,20.29,135506,-29.23,-3.0,0.392
2025-04-22T02:25:10.000,12.55,5.37,110.34,15.18,20.29,135507,-29.12,-3.0,0.392
2025-04-22T02:26:10.000,12.59,5.5,112.0,15.17,20.29,135508,-29.0,-3.0,0.392
2025-04-22T02:27:10.000,12.63,5.57,112.92,15.16,20.29,135509,-28.88,-3.0,0.392
2025-04-22T02:28:10.000,12.61,5.32,114.56,15.14,20.29,135510,-28.76,-3.0,0.392
2025-04-22T02:29:11.000,12.56,5.32,115.98,15.13,20.29,135511,-28.64,-2.0,0.392
2025-04-22T02:30:11.000,12.58,5.51,114.23,15.15,20.29,135512,-28.53,-2.0,0.392
2025-04-22T02:31:11.000,12.64,5.68,112.29,15.16,20.29,135513,-28.41,-2.0,0.392
2025-04-22T02:32:11.000,12.69,5.59,111.12,15.18,20.29,135514,-28.29,-2.0,0.392
2025-04-22T02:33:11.000,12.7,5.57,112.89,15.16,20.29,135515,-28.17,-2.0,0.391
2025-04-22T02:34:11.000,12.74,5.77,116.0,15.13,20.29,135516,-28.04,-2.0,0.391
2025-04-22T02:35:11.000,12.77,5.67,117.53,15.11,20.29,135517,-27.92,-1.0,0.391
2025-04-22T02:36:12.000,12.76,5.41,118.0,15.11,20.29,135518,-27.8,-1.0,0.391
2025-04-22T02:37:12.000,12.65,5.48,116.31,15.13,20.29,135519,-27.67,-1.0,0.391
2025-04-22T02:38:12.000,12.66,5.52,114.4,15.14,20.29,135520,-27.55,-1.0,0.391
2025-04-22T02:39:12.000,12.61,5.53,115.96,15.13,20.29,135521,-27.43,-1.0,0.391
2025-04-22T02:40:12.000,12.61,5.62,114.3,15.14,20.29,135522,-27.3,-1.0,0.391
2025-04-22T02:41:13.000,12.65,5.84,113.71,15.15,20.29,135523,-27.17,-0.0,0.391
2025-04-22T02:42:13.000,12.63,5.66,112.09,15.17,20.29,135524,-27.05,-0.0,0.391
2025-04-22T02:43:13.000,12.37,5.01,111.84,15.17,20.29,135525,-26.92,-0.0,0.391
2025-04-22T02:44:13.000,12.04,4.95,112.0,15.17,20.29,135526,-26.79,0.0,0.391
2025-04-22T02:45:13.000,11.77,5.58,111.28,15.17,20.29,135527,-26.67,0.0,0.391
2025-04-22T02:46:14.000,11.42,5.83,108.94,15.2,20.29,135528,-26.54,0.0,0.391
2025-04-22T02:47:14.000,11.23,7.03,108.0,15.21,20.29,135529,-26.41,1.0,0.39
2025-04-22T02:48:14.000,11.07,7.74,108.0,15.21,20.29,135530,-26.28,1.0,0.39
2025-04-22T02:49:14.000,11.06,8.17,108.0,15.21,20.29,135531,-26.15,1.0,0.39
2025-04-22T02:50:14.000,11.05,8.29,108.92,15.2,20.29,135532,-26.02,1.0,0.39
2025-04-22T02:51:14.000,10.99,7.75,108.68,15.2,20.29,135533,-25.88,1.0,0.39
2025-04-22T02:52:14.000,11.02,8.37,106.56,15.22,20.29,135534,-25.75,1.0,0.39
2025-04-22T02:53:15.000,11.04,7.95,107.71,15.21,20.29,135535,-25.62,2.0,0.39
2025-04-22T02:54:15.000,10.99,8.17,108.0,15.21,20.29,135536,-25.49,2.0,0.39
2025-04-22T02:55:15.000,11.04,8.33,107.39,15.21,20.29,135537,-25.35,2.0,0.39
2025-04-22T02:56:15.000,10.99,8.36,103.96,15.25,20.29,135538,-25.22,2.0,0.39
2025-04-22T02:57:15.000,11.03,8.49,102.0,15.27,20.29,135539,-25.08,2.0,0.39
2025-04-22T02:58:16.000,11.05,8.52,102.0,15.27,20.29,135540,-24.95,2.0,0.39
2025-04-22T02:59:16.000,11.04,8.4,100.83,15.28,20.29,135541,-24.81,2.0,0.39
2025-04-22T03:00:16.000,10.96,8.36,98.52,15.31,20.29,135542,-24.67,3.0,0.389
2025-04-22T03:01:16.000,10.99,8.29,96.81,15.33,20.29,135543,-24.54,3.0,0.389
2025-04-22T03:02:16.000,10.7,7.29,93.75,15.36,20.29,135544,-24.4,3.0,0.389
2025-04-22T03:03:16.000,10.57,7.58,90.54,15.4,20.29,135545,-24.26,3.0,0.389
2025-04-22T03:04:17.000,10.64,8.13,87.8,15.43,20.29,135546,-24.12,3.0,0.389
2025-04-22T03:05:17.000,10.61,7.06,83.86,15.48,20.29,135547,-23.98,3.0,0.389
2025-04-22T03:06:17.000,10.48,7.63,78.95,15.55,20.29,135548,-23.85,4.0,0.389
2025-04-22T03:07:17.000,10.56,7.87,74.79,15.61,20.29,135549,-23.71,4.0,0.389
2025-04-22T03:08:17.000,10.55,7.71,71.52,15.65,20.29,135550,-23.57,4.0,0.389
2025-04-22T03:09:17.000,10.54,7.92,70.0,15.68,20.29,135551,-23.42,4.0,0.389
2025-04-22T03:10:17.000,10.67,8.03,70.79,15.67,20.29,135552,-23.28,4.0,0.389
2025-04-22T03:11:18.000,10.74,8.06,70.73,15.67,20.29,135553,-23.14,4.0,0.389
2025-04-22T03:12:18.000,10.75,8.26,69.14,15.69,20.29,135554,-23.0,5.0,0.389
2025-04-22T03:13:18.000,10.81,8.45,68.0,15.71,20.29,135555,-22.86,5.0,0.389
2025-04-22T03:14:18.000,10.82,8.26,67.98,15.71,20.29,135556,-22.71,5.0,0.388
2025-04-22T03:15:18.000,10.72,7.96,65.64,15.75,20.29,135557,-22.57,5.0,0.388
2025-04-22T03:16:18.000,10.78,8.44,64.2,15.77,20.29,135558,-22.42,5.0,0.388
2025-04-22T03:17:19.000,10.87,8.51,66.76,15.73,20.29,135559,-22.28,5.0,0.388
2025-04-22T03:18:19.000,10.9,8.43,68.45,15.7,20.29,135560,-22.13,6.0,0.388
2025-04-22T03:19:19.000,10.87,8.31,69.68,15.68,20.29,135561,-21.99,6.0,0.388
2025-04-22T03:20:19.000,10.92,8.56,69.64,15.68,20.29,135562,-21.84,6.0,0.388
2025-04-22T03:21:20.000,10.98,8.61,67.75,15.71,20.29,135563,-21.69,6.0,0.388
2025-04-22T03:22:20.000,10.9,7.99,60.82,15.83,20.29,135564,-21.55,6.0,0.388
2025-04-22T03:23:20.000,10.8,8.11,49.37,16.06,20.29,135565,-21.4,6.0,0.388
2025-04-22T03:24:20.000,10.87,8.34,39.48,16.3,20.29,135566,-21.25,6.0,0.388
2025-04-22T03:25:20.000,10.89,8.12,32.42,16.51,20.29,135567,-21.1,7.0,0.388
2025-04-22T03:26:20.000,10.88,8.09,30.1,16.59,20.29,135568,-20.96,7.0,0.388
2025-04-22T03:27:20.000,10.86,7.97,28.34,16.66,20.29,135569,-20.81,7.0,0.387
2025-04-22T03:28:20.000,10.89,7.79,25.82,16.76,20.29,135570,-20.66,7.0,0.387
2025-04-22T03:29:21.000,10.74,6.85,22.97,16.89,20.29,135571,-20.5,7.0,0.387
2025-04-22T03:30:21.000,10.62,6.86,20.06,17.04,20.29,135572,-20.35,7.0,0.387
2025-04-22T03:31:21.000,10.58,6.54,17.26,17.2,20.29,135573,-20.2,8.0,0.387
2025-04-22T03:32:21.000,10.61,6.56,14.64,17.38,20.29,135574,-20.05,8.0,0.387
2025-04-22T03:33:21.000,10.65,6.63,12.82,17.52,20.29,135575,-19.9,8.0,0.387
2025-04-22T03:34:21.000,10.77,6.89,12.11,17.58,20.29,135576,-19.75,8.0,0.387
2025-04-22T03:35:21.000,10.81,6.53,13.63,17.46,20.29,135577,-19.6,8.0,0.387
2025-04-22T03:36:21.000,10.74,6.33,14.68,17.37,20.29,135578,-19.44,8.0,0.387
2025-04-22T03:37:21.000,10.69,6.07,13.48,17.47,20.29,135579,-19.29,8.0,0.387
2025-04-22T03:38:21.000,10.62,5.8,11.9,17.6,20.29,135580,-19.14,9.0,0.387
2025-04-22T03:39:22.000,10.68,6.13,10.89,17.7,20.29,135581,-18.98,9.0,0.387
2025-04-22T03:40:22.000,10.81,6.14,11.34,17.66,20.29,135582,-18.83,9.0,0.387
2025-04-22T03:41:22.000,10.82,6.04,16.82,17.24,20.29,135583,-18.67,9.0,0.386
2025-04-22T03:42:22.000,10.9,6.49,25.49,16.78,20.29,135584,-18.52,9.0,0.386
2025-04-22T03:43:22.000,10.94,6.54,30.92,16.56,20.29,135585,-18.36,9.0,0.386
2025-04-22T03:44:22.000,11.01,6.6,26.64,16.73,20.29,135586,-18.21,10.0,0.386
2025-04-22T03:45:22.000,11.05,6.44,17.12,17.22,20.29,135587,-18.05,10.0,0.386
2025-04-22T03:46:22.000,11.09,6.41,12.76,17.53,20.29,135588,-17.89,10.0,0.386
2025-04-22T03:47:23.000,11.11,6.17,11.09,17.68,20.29,135589,-17.73,10.0,0.386
2025-04-22T03:48:23.000,11.03,5.64,13.98,17.44,20.29,135590,-17.58,10.0,0.386
2025-04-22T03:49:23.000,10.96,5.94,22.01,16.94,20.29,135591,-17.42,10.0,0.386
2025-04-22T03:50:23.000,11.06,6.69,26.12,16.75,20.29,135592,-17.26,10.0,0.386
2025-04-22T03:51:23.000,11.13,6.68,24.46,16.82,20.29,135593,-17.1,11.0,0.386
2025-04-22T03:52:23.000,11.19,6.6,21.63,16.95,20.29,135594,-16.94,11.0,0.386
2025-04-22T03:53:23.000,11.2,6.3,18.3,17.14,20.29,135595,-16.79,11.0,0.386
2025-04-22T03:54:23.000,11.24,6.2,16.54,17.24,20.29,135596,-16.63,11.0,0.386
2025-04-22T03:55:23.000,11.27,6.18,16.7,17.23,20.29,135597,-16.47,11.0,0.385
2025-04-22T03:56:23.000,11.33,6.18,17.01,17.21,20.29,135598,-16.31,11.0,0.385
2025-04-22T03:57:24.000,11.36,6.13,17.92,17.16,20.29,135599,-16.14,11.0,0.385
2025-04-22T03:58:24.000,11.37,6.17,20.9,16.99,20.29,135600,-15.98,12.0,0.385
2025-04-22T03:59:24.000,11.4,6.18,25.2,16.79,20.29,135601,-15.82,12.0,0.385
2025-04-22T04:00:24.000,11.38,6.25,27.95,16.67,20.29,135602,-15.66,12.0,0.385
2025-04-22T04:01:24.000,11.38,6.33,30.23,16.59,20.29,135603,-15.5,12.0,0.385
2025-04-22T04:02:24.000,11.46,6.55,31.05,16.56,20.29,135604,-15.34,12.0,0.385
2025-04-22T04:03:24.000,11.47,6.35,31.8,16.53,20.29,135605,-15.17,12.0,0.385
2025-04-22T04:04:24.000,11.51,6.25,30.53,16.58,20.29,135606,-15.01,12.0,0.385
2025-04-22T04:05:25.000,11.56,6.1,29.35,16.62,20.29,135607,-14.84,13.0,0.385
2025-04-22T04:06:25.000,11.55,5.63,28.16,16.67,20.29,135608,-14.68,13.0,0.385
2025-04-22T04:07:25.000,11.56,5.44,25.22,16.79,20.29,135609,-14.52,13.0,0.385
2025-04-22T04:08:25.000,11.58,5.0,21.59,16.96,20.29,135610,-14.35,13.0,0.384
2025-04-22T04:09:25.000,11.55,4.51,18.96,17.1,20.29,135611,-14.19,13.0,0.384
2025-04-22T04:10:25.000,11.51,4.1,18.1,17.15,20.29,135612,-14.02,13.0,0.384
2025-04-22T04:11:25.000,11.54,4.2,19.16,17.08,20.29,135613,-13.86,13.0,0.384
2025-04-22T04:12:25.000,11.57,3.91,19.74,17.05,20.29,135614,-13.69,14.0,0.384
2025-04-22T04:13:25.000,11.55,3.57,19.15,17.09,20.29,135615,-13.53,14.0,0.384
2025-04-22T04:14:26.000,11.52,3.41,19.55,17.06,20.29,135616,-13.36,14.0,0.384
2025-04-22T04:15:26.000,11.49,3.84,25.85,16.77,20.29,135617,-13.19,14.0,0.384
2025-04-22T04:16:26.000,11.53,4.77,40.17,16.29,20.29,135618,-13.03,14.0,0.384
2025-04-22T04:17:26.000,11.59,5.52,52.65,15.99,20.29,135619,-12.86,14.0,0.384
2025-04-22T04:18:26.000,11.62,5.79,58.18,15.88,20.29,135620,-12.69,14.0,0.384
2025-04-22T04:19:26.000,11.68,5.95,53.4,15.97,20.29,135621,-12.53,15.0,0.384
2025-04-22T04:20:26.000,11.71,5.75,45.13,16.15,20.29,135622,-12.36,15.0,0.384
2025-04-22T04:21:26.000,11.76,5.7,40.62,16.27,20.29,135623,-12.19,15.0,0.384
2025-04-22T04:22:26.000,11.82,5.63,42.53,16.22,20.29,135624,-12.02,15.0,0.383
2025-04-22T04:23:26.000,11.9,5.53,46.56,16.12,20.29,135625,-11.85,15.0,0.383
2025-04-22T04:24:27.000,11.93,5.5,46.61,16.12,20.29,135626,-11.68,15.0,0.383
2025-04-22T04:25:27.000,11.99,5.67,46.01,16.13,20.29,135627,-11.51,15.0,0.383
2025-04-22T04:26:27.000,11.95,5.36,49.18,16.06,20.29,135628,-11.34,16.0,0.383
2025-04-22T04:27:27.000,11.91,5.34,55.39,15.93,20.29,135629,-11.17,16.0,0.383
2025-04-22T04:28:27.000,11.95,5.42,49.71,16.05,20.29,135630,-11.0,16.0,0.383
2025-04-22T04:29:27.000,11.96,5.04,44.88,16.16,20.29,135631,-10.83,16.0,0.383
2025-04-22T04:30:27.000,11.93,4.65,46.06,16.13,20.29,135632,-10.66,16.0,0.383
2025-04-22T04:31:27.000,11.86,4.77,54.61,15.95,20.29,135633,-10.49,16.0,0.383
2025-04-22T04:32:28.000,11.94,4.88,61.45,15.82,20.29,135634,-10.32,16.0,0.383
2025-04-22T04:33:28.000,11.94,4.98,64.0,15.77,20.29,135635,-10.15,16.0,0.383
2025-04-22T04:34:28.000,12.0,5.19,64.5,15.77,20.29,135636,-9.98,17.0,0.383
2025-04-22T04:35:28.000,12.04,5.19,67.73,15.71,20.29,135637,-9.8,17.0,0.382
2025-04-22T04:36:29.000,11.92,4.63,68.0,15.71,20.29,135638,-9.63,17.0,0.382
2025-04-22T04:37:29.000,11.85,4.63,69.66,15.68,20.29,135639,-9.46,17.0,0.382
2025-04-22T04:38:29.000,11.79,4.57,74.27,15.61,20.29,135640,-9.28,17.0,0.382
2025-04-22T04:39:29.000,11.81,4.8,79.64,15.54,20.29,135641,-9.11,17.0,0.382
2025-04-22T04:40:29.000,11.85,4.69,81.07,15.52,20.29,135642,-8.94,17.0,0.382
2025-04-22T04:41:30.000,11.87,4.96,81.28,15.52,20.29,135643,-8.76,17.0,0.382
2025-04-22T04:42:30.000,11.91,4.8,80.0,15.53,20.29,135644,-8.59,18.0,0.382
2025-04-22T04:43:30.000,11.88,4.74,80.57,15.52,20.29,135645,-8.42,18.0,0.382
2025-04-22T04:44:30.000,11.89,4.66,81.93,15.51,20.29,135646,-8.24,18.0,0.382
2025-04-22T04:45:30.000,11.88,4.54,85.57,15.46,20.29,135647,-8.07,18.0,0.382
2025-04-22T04:46:30.000,11.87,4.59,90.88,15.39,20.29,135648,-7.89,18.0,0.382
2025-04-22T04:47:30.000,12.0,4.9,96.27,15.33,20.29,135649,-7.72,18.0,0.382
2025-04-22T04:48:31.000,11.98,4.41,102.18,15.27,20.29,135650,-7.54,18.0,0.382
2025-04-22T04:49:31.000,12.06,4.86,111.69,15.17,20.29,135651,-7.36,18.0,0.381
2025-04-22T04:50:31.000,12.12,4.58,125.48,15.04,20.29,135652,-7.19,19.0,0.381
2025-04-22T04:51:31.000,12.09,4.34,145.73,14.88,20.29,135653,-7.01,19.0,0.381
2025-04-22T04:52:32.000,12.09,4.36,170.42,14.71,20.29,135654,-6.84,19.0,0.381
2025-04-22T04:53:32.000,12.19,4.62,196.43,14.56,20.29,135655,-6.66,19.0,0.381
2025-04-22T04:54:32.000,12.24,4.99,225.04,14.41,20.29,135656,-6.48,19.0,0.381
2025-04-22T04:55:33.000,12.28,5.4,257.71,14.26,20.29,135657,-6.3,19.0,0.381
2025-04-22T04:56:33.000,12.32,5.7,298.62,14.1,20.29,135658,-6.13,19.0,0.381
2025-04-22T04:57:34.000,12.42,6.21,350.36,13.93,20.29,135659,-5.95,19.0,0.381
2025-04-22T04:58:34.000,12.49,6.21,416.96,13.74,20.29,135660,-5.77,20.0,0.381
2025-04-22T04:59:34.000,12.48,6.2,499.73,13.54,20.29,135661,-5.59,20.0,0.381
2025-04-22T05:00:35.000,12.53,6.5,603.73,13.34,20.29,135662,-5.41,20.0,0.381
2025-04-22T05:01:35.000,12.63,6.61,737.4,13.12,20.29,135663,-5.24,20.0,0.381
2025-04-22T05:02:36.000,12.71,6.62,907.8,12.9,20.29,135664,-5.05,20.0,0.381
2025-04-22T05:03:36.000,12.69,6.62,1108.67,12.68,20.29,135665,-4.88,20.0,0.38
2025-04-22T05:04:37.000,12.71,6.65,1335.36,12.48,20.29,135666,-4.69,20.0,0.38
2025-04-22T05:05:37.000,12.7,6.82,1591.18,12.29,20.29,135667,-4.52,20.0,0.38
2025-04-22T05:06:38.000,12.73,6.89,1927.22,12.08,20.29,135668,-4.33,21.0,0.38
2025-04-22T05:07:38.000,12.79,6.98,2404.09,11.84,20.29,135669,-4.16,21.0,0.38
2025-04-22T05:08:39.000,12.87,7.01,3066.4,11.58,20.29,135670,-3.97,21.0,0.38
2025-04-22T05:09:39.000,12.94,6.89,3906.2,11.31,20.29,135671,-3.79,21.0,0.38
2025-04-22T05:10:40.000,12.99,6.74,4934.0,11.06,20.29,135672,-3.61,21.0,0.38
2025-04-22T05:11:40.000,12.98,6.74,6153.0,10.82,20.29,135673,-3.43,21.0,0.38
2025-04-22T05:12:41.000,12.97,6.56,7554.42,10.6,20.29,135674,-3.25,21.0,0.38
2025-04-22T05:13:41.000,12.92,6.66,9049.98,10.4,20.29,135675,-3.07,21.0,0.38
2025-04-22T05:14:42.000,12.89,6.7,10705.07,10.22,20.29,135676,-2.89,21.0,0.38
2025-04-22T05:15:42.000,12.87,6.57,12555.33,10.04,20.29,135677,-2.71,22.0,0.38
2025-04-22T05:16:43.000,12.83,6.66,14527.82,9.89,20.29,135678,-2.52,22.0,0.379
2025-04-22T05:17:43.000,12.81,6.61,16792.09,9.73,20.29,135679,-2.34,22.0,0.379
2025-04-22T05:18:43.000,12.82,6.82,19506.24,9.57,20.29,135680,-2.16,22.0,0.379
