ecsv/stars85/stars85_2025-04.ecsv
# %ECSV 1.0
# ---
# datatype:
# - {name: time, datatype: string}
# - {name: Enclosure Temperature, unit: deg_C, datatype: float64}
# - {name: Sky Temperature, unit: deg_C, datatype: float64}
# - {name: Frequency, unit: Hz, datatype: float64}
# - {name: MSAS, unit: mag / arcsec2, datatype: float64}
# - {name: ZP, datatype: float64}
# - {name: Sequence Number, datatype: int64}
# - {name: Sun Alt, unit: deg, datatype: float64}
# - {name: Moon Alt, unit: deg, datatype: float64}
# - {name: Moon Illumination, datatype: float64}
# delimiter: ','
# meta: !!omap
# - ida:
#     Data supplier: {affiliation: null, observer: null}
#     Device type: TESS-W
#     Field of view: 17.0
#     Filters per channel: None
#     Instrument ID: stars85
#     License: ODbL 1.0 http://opendatacommons.org/licenses/odbl/summary/
#     Local timezone: Europe/Madrid
#     Location name: {country: Spain, place: Observatorio Universidad Complutense de Madrid, region: Community of Madrid, sub_region: "\xC1\
#         rea metropolitana de Madrid y Corredor del Henares", town: Madrid}
#     Measurement direction per channel: {azimuth: 0.0, zenital: 0.0}
#     Moving / Fixed look direction: FIXED
#     Moving / Stationary position: STATIONARY
#     Number of channels: 1
#     Number of fields per line: 8
#     Number of header lines: 35
#     Position: {height: 0.0, latitude: 40.45098, longitude: -3.726072}
#     TESS MAC address: A0:20:A6:03:DF:2B
#     TESS cover offset value: 0.0
#     TESS firmware version: '1.0'
#     TESS zero point: 20.29
#     Time Synchronization: timestamp added by MQTT subscriber
#     URL: http://www.darksky.org/NSBM/sdf1.0.pdf
# - __serialized_columns__:
#     Enclosure Temperature:
#       __class__: astropy.units.quantity.Quantity
#       unit: &id001 !astropy.units.Unit {unit: deg_C}
#       value: !astropy.table.SerializedColumn {name: Enclosure Temperature}
#     Frequency:
#       __class__: astropy.units.quantity.Quantity
#       unit: !astropy.units.Unit {unit: Hz}
#       value: !astropy.table.SerializedColumn {name: Frequency}
#     MSAS:
#       __class__: astropy.units.quantity.Quantity
#       unit: !astropy.units.Unit {unit: mag / arcsec2}
#       value: !astropy.table.SerializedColumn {name: MSAS}
#     Moon Alt:
#       __class__: astropy.units.quantity.Quantity
#       unit: &id002 !astropy.units.Unit {unit: deg}
#       value: !astropy.table.SerializedColumn {name: Moon Alt}
#     Sky Temperature:
#       __class__: astropy.units.quantity.Quantity
#       unit: *id001
#       value: !astropy.table.SerializedColumn {name: Sky Temperature}
#     Sun Alt:
#       __class__: astropy.units.quantity.Quantity
#       unit: *id002
#       value: !astropy.table.SerializedColumn {name: Sun Alt}
#     time:
#       __class__: astropy.time.core.Time
#       format: isot
#       in_subfmt: '*'
#       out_subfmt: '*'
#       precision: 3
#       scale: utc
#       value: !astropy.table.SerializedColumn {name: time}
# schema: astropy-2.0
time,Enclosure Temperature,Sky Temperature,Frequency,MSAS,ZP,Sequence Number,Sun Alt,Moon Alt,Moon Illumination
[from data line 1637]
2025-04-03T04:14:59.000,10.45,6.75,133.07,14.98,20.29,108330,-19.09,-22.0,0.294
2025-04-03T04:15:59.000,10.51,6.22,129.15,15.01,20.29,108331,-18.91,-22.0,0.294
2025-04-03T04:16:59.000,10.05,5.52,128.24,15.02,20.29,108332,-18.74,-22.0,0.295
2025-04-03T04:17:59.000,9.98,5.37,128.45,15.02,20.29,108333,-18.57,-22.0,0.295
2025-04-03T04:18:59.000,9.91,4.51,130.39,15.0,20.29,108334,-18.39,-22.0,0.295
2025-04-03T04:19:59.000,10.29,5.54,137.6,14.94,20.29,108335,-18.22,-22.0,0.295
2025-04-03T04:21:00.000,10.55,5.68,134.13,14.97,20.29,108336,-18.04,-22.0,0.295
2025-04-03T04:22:00.000,9.92,4.52,130.49,15.0,20.29,108337,-17.87,-22.0,0.295
2025-04-03T04:23:00.000,9.92,4.54,129.91,15.01,20.29,108338,-17.7,-22.0,0.295
2025-04-03T04:24:00.000,10.3,6.01,130.95,15.0,20.29,108339,-17.52,-22.0,0.295
2025-04-03T04:25:00.000,10.89,6.67,132.99,14.98,20.29,108340,-17.35,-22.0,0.295
2025-04-03T04:26:00.000,10.54,5.1,132.36,14.99,20.29,108341,-17.17,-22.0,0.295
2025-04-03T04:27:00.000,10.22,6.14,134.45,14.97,20.29,108342,-17.0,-22.0,0.295
2025-04-03T04:28:01.000,10.06,5.88,138.76,14.93,20.29,108343,-16.82,-22.0,0.295
2025-04-03T04:29:01.000,10.02,6.52,138.13,14.94,20.29,108344,-16.64,-22.0,0.295
2025-04-03T04:30:01.000,10.09,5.51,142.83,14.9,20.29,108345,-16.47,-22.0,0.296
2025-04-03T04:31:01.000,9.94,5.89,148.74,14.86,20.29,108346,-16.29,-22.0,0.296
2025-04-03T04:32:01.000,10.17,6.69,144.36,14.89,20.29,108347,-16.11,-22.0,0.296
2025-04-03T04:33:02.000,10.49,6.03,135.21,14.96,20.29,108348,-15.93,-22.0,0.296
2025-04-03T04:34:02.000,10.33,6.37,134.68,14.97,20.29,108349,-15.76,-22.0,0.296
2025-04-03T04:35:02.000,10.07,5.35,143.53,14.9,20.29,108350,-15.58,-22.0,0.296
2025-04-03T04:36:02.000,9.79,5.51,150.22,14.85,20.29,108351,-15.4,-22.0,0.296
2025-04-03T04:37:02.000,10.32,6.59,149.57,14.85,20.29,108352,-15.22,-22.0,0.296
2025-04-03T04:38:02.000,10.57,6.01,151.73,14.84,20.29,108353,-15.05,-22.0,0.296
2025-04-03T04:39:03.000,10.39,6.35,148.42,14.86,20.29,108354,-14.87,-22.0,0.296
2025-04-03T04:40:03.000,10.2,6.17,145.57,14.88,20.29,108355,-14.69,-22.0,0.296
2025-04-03T04:41:03.000,10.03,6.43,158.43,14.79,20.29,108356,-14.51,-22.0,0.296
2025-04-03T04:42:03.000,10.04,6.58,157.56,14.8,20.29,108357,-14.33,-22.0,0.296
2025-04-03T04:43:04.000,10.34,6.74,151.21,14.84,20.29,108358,-14.15,-22.0,0.296
2025-04-03T04:44:04.000,10.35,6.4,147.28,14.87,20.29,108359,-13.97,-22.0,0.297
2025-04-03T04:45:04.000,10.33,7.06,150.13,14.85,20.29,108360,-13.79,-22.0,0.297
2025-04-03T04:46:04.000,10.12,6.53,156.81,14.8,20.29,108361,-13.61,-22.0,0.297
2025-04-03T04:47:05.000,9.94,6.56,148.74,14.86,20.29,108362,-13.43,-22.0,0.297
2025-04-03T04:48:05.000,10.04,6.01,143.98,14.89,20.29,108363,-13.25,-22.0,0.297
2025-04-03T04:49:05.000,10.05,5.63,144.27,14.89,20.29,108364,-13.07,-22.0,0.297
2025-04-03T04:50:05.000,10.38,5.38,143.64,14.9,20.29,108365,-12.89,-22.0,0.297
2025-04-03T04:51:05.000,9.99,4.54,147.28,14.87,20.29,108366,-12.71,-22.0,0.297
2025-04-03T04:52:06.000,9.82,4.71,147.73,14.87,20.29,108367,-12.52,-22.0,0.297
2025-04-03T04:53:06.000,10.34,5.97,143.93,14.89,20.29,108368,-12.34,-22.0,0.297
2025-04-03T04:54:06.000,10.67,5.7,142.4,14.91,20.29,108369,-12.16,-22.0,0.297
2025-04-03T04:55:06.000,10.61,6.27,145.57,14.88,20.29,108370,-11.98,-22.0,0.297
2025-04-03T04:56:06.000,10.41,5.91,145.8,14.88,20.29,108371,-11.8,-22.0,0.297
2025-04-03T04:57:06.000,9.94,5.25,145.6,14.88,20.29,108372,-11.62,-22.0,0.297
2025-04-03T04:58:07.000,9.89,6.04,150.97,14.84,20.29,108373,-11.43,-22.0,0.298
2025-04-03T04:59:07.000,10.54,7.15,159.26,14.78,20.29,108374,-11.25,-22.0,0.298
2025-04-03T05:00:07.000,10.67,6.28,153.82,14.82,20.29,108375,-11.07,-22.0,0.298
2025-04-03T05:01:08.000,10.35,5.43,151.33,14.84,20.29,108376,-10.88,-22.0,0.298
2025-04-03T05:02:08.000,9.93,5.67,150.67,14.84,20.29,108377,-10.7,-22.0,0.298
2025-04-03T05:03:08.000,10.16,6.28,151.57,14.84,20.29,108378,-10.52,-22.0,0.298
2025-04-03T05:04:08.000,10.23,5.43,157.3,14.8,20.29,108379,-10.34,-22.0,0.298
2025-04-03T05:05:08.000,10.15,6.25,160.0,14.78,20.29,108380,-10.15,-22.0,0.298
2025-04-03T05:06:09.000,10.03,6.43,165.93,14.74,20.29,108381,-9.97,-22.0,0.298
2025-04-03T05:07:09.000,9.95,5.87,175.8,14.68,20.29,108382,-9.78,-22.0,0.298
2025-04-03T05:08:09.000,10.21,6.38,175.24,14.68,20.29,108383,-9.6,-22.0,0.298
2025-04-03T05:09:10.000,10.52,6.4,182.04,14.64,20.29,108384,-9.41,-22.0,0.298
2025-04-03T05:10:10.000,10.51,6.91,179.19,14.66,20.29,108385,-9.23,-22.0,0.298
2025-04-03T05:11:10.000,10.34,6.54,176.97,14.67,20.29,108386,-9.05,-22.0,0.298
2025-04-03T05:12:11.000,10.04,6.04,168.49,14.72,20.29,108387,-8.86,-22.0,0.299
2025-04-03T05:13:11.000,9.59,5.29,155.46,14.81,20.29,108388,-8.68,-22.0,0.299
2025-04-03T05:14:11.000,10.1,6.26,150.0,14.85,20.29,108389,-8.49,-22.0,0.299
2025-04-03T05:15:11.000,10.33,5.84,150.49,14.85,20.29,108390,-8.31,-22.0,0.299
2025-04-03T05:16:11.000,10.32,6.13,162.16,14.77,20.29,108391,-8.12,-22.0,0.299
2025-04-03T05:17:11.000,10.1,5.81,158.38,14.79,20.29,108392,-7.94,-22.0,0.299
2025-04-03T05:18:12.000,9.76,5.29,160.85,14.77,20.29,108393,-7.75,-22.0,0.299
2025-04-03T05:19:12.000,10.15,6.2,168.2,14.73,20.29,108394,-7.57,-22.0,0.299
2025-04-03T05:20:12.000,10.64,6.05,173.08,14.69,20.29,108395,-7.38,-22.0,0.299
2025-04-03T05:21:13.000,10.72,6.83,186.79,14.61,20.29,108396,-7.19,-22.0,0.299
2025-04-03T05:22:13.000,10.69,7.02,193.91,14.57,20.29,108397,-7.01,-22.0,0.299
2025-04-03T05:23:13.000,10.44,6.69,202.52,14.52,20.29,108398,-6.82,-22.0,0.299
2025-04-03T05:24:14.000,9.96,5.87,215.13,14.46,20.29,108399,-6.63,-21.0,0.299
2025-04-03T05:25:14.000,10.08,6.5,234.22,14.37,20.29,108400,-6.45,-21.0,0.3
2025-04-03T05:26:15.000,10.13,6.07,263.89,14.24,20.29,108401,-6.26,-21.0,0.3
2025-04-03T05:27:15.000,9.94,5.88,294.91,14.12,20.29,108402,-6.07,-21.0,0.3
2025-04-03T05:28:15.000,10.18,6.53,327.12,14.0,20.29,108403,-5.89,-21.0,0.3
2025-04-03T05:29:16.000,10.43,6.38,346.31,13.94,20.29,108404,-5.7,-21.0,0.3
2025-04-03T05:30:16.000,10.27,5.8,384.43,13.83,20.29,108405,-5.51,-21.0,0.3
2025-04-03T05:31:16.000,9.86,5.4,446.89,13.67,20.29,108406,-5.32,-21.0,0.3
2025-04-03T05:32:17.000,10.0,5.73,501.18,13.54,20.29,108407,-5.13,-21.0,0.3
2025-04-03T05:33:17.000,10.12,5.49,554.98,13.43,20.29,108408,-4.95,-21.0,0.3
2025-04-03T05:34:18.000,10.19,5.73,599.24,13.35,20.29,108409,-4.76,-21.0,0.3
2025-04-03T05:35:18.000,9.89,5.15,658.02,13.24,20.29,108410,-4.57,-21.0,0.3
2025-04-03T05:36:19.000,9.81,5.32,704.96,13.17,20.29,108411,-4.38,-21.0,0.3
2025-04-03T05:37:19.000,10.08,5.08,773.16,13.07,20.29,108412,-4.19,-21.0,0.3
2025-04-03T05:38:20.000,10.58,6.03,900.64,12.91,20.29,108413,-4.0,-21.0,0.3
2025-04-03T05:39:20.000,10.62,6.12,1142.96,12.65,20.29,108414,-3.82,-21.0,0.301
2025-04-03T05:40:21.000,10.3,5.55,1486.44,12.36,20.29,108415,-3.63,-21.0,0.301
2025-04-03T05:41:21.000,9.77,5.11,1990.71,12.05,20.29,108416,-3.44,-21.0,0.301
2025-04-03T05:42:22.000,9.9,5.15,2535.29,11.78,20.29,108417,-3.25,-21.0,0.301
2025-04-03T05:43:22.000,10.56,5.72,3114.93,11.56,20.29,108418,-3.06,-21.0,0.301
2025-04-03T05:44:23.000,10.22,4.83,3677.31,11.38,20.29,108419,-2.87,-21.0,0.301
2025-04-03T05:45:23.000,9.9,4.73,4571.76,11.14,20.29,108420,-2.68,-21.0,0.301
2025-04-03T05:46:24.000,9.71,4.99,5557.4,10.93,20.29,108421,-2.49,-21.0,0.301
2025-04-03T05:47:24.000,10.14,4.78,7067.91,10.67,20.29,108422,-2.3,-21.0,0.301
2025-04-03T05:48:25.000,10.25,5.72,8707.87,10.44,20.29,108423,-2.11,-21.0,0.301
2025-04-03T05:49:25.000,10.11,5.41,10264.69,10.26,20.29,108424,-1.92,-20.0,0.301
2025-04-03T05:50:26.000,9.78,4.61,11905.67,10.1,20.29,108425,-1.73,-20.0,0.301
2025-04-03T05:51:26.000,9.56,4.52,13565.13,9.96,20.29,108426,-1.54,-20.0,0.301
2025-04-03T05:52:26.000,9.68,4.53,15735.78,9.8,20.29,108427,-1.36,-20.0,0.302
2025-04-03T05:53:27.000,9.75,5.44,18075.07,9.65,20.29,108428,-1.16,-20.0,0.302
2025-04-03T05:54:27.000,9.76,6.23,20315.45,9.52,20.29,108429,-0.98,-20.0,0.302
2025-04-03T05:55:28.000,9.62,5.9,21379.55,9.47,20.29,108430,-0.78,-20.0,0.302
2025-04-03T05:56:28.000,9.27,5.54,23273.13,9.37,20.29,108431,-0.59,-20.0,0.302
2025-04-03T05:57:29.000,9.17,6.17,25532.51,9.27,20.29,108432,-0.4,-20.0,0.302
2025-04-03T05:58:29.000,9.13,6.18,25435.09,9.69,20.29,108433,-0.21,-20.0,0.302
2025-04-03T05:59:29.000,9.06,6.04,30367.38,9.09,20.29,108434,-0.02,-20.0,0.302
2025-04-03T06:00:30.000,9.08,6.37,33907.89,9.11,20.29,108435,0.17,-20.0,0.302
2025-04-03T06:01:30.000,8.7,4.85,38537.51,8.83,20.29,108436,0.36,-20.0,0.302
2025-04-03T06:02:31.000,8.56,5.48,43830.31,8.69,20.29,108437,0.55,-20.0,0.302
2025-04-03T06:03:31.000,8.68,6.17,50291.22,8.54,20.29,108438,0.74,-20.0,0.302
2025-04-03T06:04:32.000,8.76,6.02,57491.54,8.39,20.29,108439,0.93,-20.0,0.302
2025-04-03T06:05:32.000,8.66,5.83,52479.25,1.47,20.29,108440,1.12,-20.0,0.302
2025-04-03T06:06:32.000,8.64,5.7,50000.0,0.0,20.29,108441,1.31,-20.0,0.303
2025-04-03T06:07:33.000,8.52,5.65,50000.0,0.0,20.29,108442,1.5,-19.0,0.303
2025-04-03T06:08:33.000,8.41,5.29,50000.0,0.0,20.29,108443,1.69,-19.0,0.303
2025-04-03T06:36:38.000,8.76,6.02,50000.0,0.0,20.29,108471,7.03,-17.0,0.305
2025-04-03T06:37:39.000,8.74,6.04,50000.0,0.0,20.29,108472,7.22,-17.0,0.305
2025-04-03T06:38:39.000,8.83,6.59,50000.0,0.0,20.29,108473,7.41,-17.0,0.305
2025-04-03T06:39:39.000,8.82,6.09,49664.66,0.11,20.29,108474,7.6,-17.0,0.305
2025-04-03T06:40:39.000,8.75,5.87,49704.39,0.1,20.29,108475,7.79,-17.0,0.305
2025-04-03T06:41:39.000,8.72,6.16,50000.0,0.0,20.29,108476,7.98,-17.0,0.305
2025-04-03T06:42:39.000,8.84,6.5,50000.0,0.0,20.29,108477,8.17,-17.0,0.305
2025-04-03T06:43:39.000,8.87,6.42,50000.0,0.0,20.29,108478,8.37,-17.0,0.305
2025-04-03T06:52:40.000,8.64,5.79,50000.0,0.0,20.29,108487,10.08,-16.0,0.306
2025-04-03T06:53:40.000,8.66,5.79,50000.0,0.0,20.29,108488,10.27,-16.0,0.306
2025-04-03T06:54:40.000,8.64,5.93,50000.0,0.0,20.29,108489,10.46,-16.0,0.306
2025-04-03T06:55:41.000,8.62,5.87,49720.85,0.09,20.29,108490,10.66,-16.0,0.306
2025-04-03T06:56:41.000,8.55,5.29,50000.0,0.0,20.29,108491,10.85,-16.0,0.306
2025-04-03T06:57:41.000,8.43,5.43,50000.0,0.0,20.29,108492,11.04,-16.0,0.306
2025-04-03T06:58:41.000,8.48,5.48,50000.0,0.0,20.29,108493,11.23,-16.0,0.306
2025-04-03T17:29:57.000,9.9,7.73,50000.0,0.0,20.29,109123,12.77,77.0,0.353
2025-04-03T17:30:57.000,9.98,7.52,50000.0,0.0,20.29,109124,12.58,77.0,0.353
2025-04-03T17:31:57.000,9.98,7.46,50000.0,0.0,20.29,109125,12.39,77.0,0.353
2025-04-03T17:32:57.000,9.98,7.41,49725.42,0.09,20.29,109126,12.2,77.0,0.353
2025-04-03T17:33:57.000,10.02,7.54,50000.0,0.0,20.29,109127,12.01,77.0,0.353
2025-04-03T17:34:57.000,10.05,7.47,50000.0,0.0,20.29,109128,11.82,77.0,0.353
2025-04-03T17:35:57.000,10.01,7.36,50000.0,0.0,20.29,109129,11.63,77.0,0.354
2025-04-03T18:09:01.000,9.5,6.76,50000.0,0.0,20.29,109162,5.34,73.0,0.356
2025-04-03T18:10:01.000,9.65,7.31,50000.0,0.0,20.29,109163,5.15,73.0,0.356
2025-04-03T18:11:01.000,9.7,6.91,50000.0,0.0,20.29,109164,4.96,73.0,0.356
2025-04-03T18:12:01.000,9.61,6.8,49725.53,0.09,20.29,109165,4.77,73.0,0.356
2025-04-03T18:13:02.000,9.65,6.83,50000.0,0.0,20.29,109166,4.58,73.0,0.356
2025-04-03T18:14:02.000,9.57,6.65,50000.0,0.0,20.29,109167,4.39,73.0,0.356
2025-04-03T18:15:02.000,9.54,6.5,50000.0,0.0,20.29,109168,4.2,72.0,0.356
2025-04-03T18:16:02.000,9.58,7.0,50000.0,0.0,20.29,109169,4.01,72.0,0.357
2025-04-03T18:17:02.000,9.66,6.9,50000.0,0.0,20.29,109170,3.82,72.0,0.357
2025-04-03T18:18:02.000,9.66,6.9,49717.76,0.09,20.29,109171,3.63,72.0,0.357
2025-04-03T18:19:02.000,9.7,6.84,49679.79,0.1,20.29,109172,3.44,72.0,0.357
2025-04-03T18:20:02.000,9.67,6.58,50000.0,0.0,20.29,109173,3.25,72.0,0.357
2025-04-03T18:21:03.000,9.64,6.72,50000.0,0.0,20.29,109174,3.06,72.0,0.357
2025-04-03T18:22:03.000,9.58,6.36,50000.0,0.0,20.29,109175,2.87,71.0,0.357
2025-04-03T18:23:03.000,9.56,6.62,49673.33,0.11,20.29,109176,2.68,71.0,0.357
2025-04-03T18:24:03.000,9.61,6.57,50000.0,0.0,20.29,109177,2.49,71.0,0.357
2025-04-03T18:25:03.000,9.62,6.68,50000.0,0.0,20.29,109178,2.3,71.0,0.357
2025-04-03T18:26:03.000,9.69,6.86,50000.0,0.0,20.29,109179,2.11,71.0,0.357
2025-04-03T18:27:04.000,9.73,6.95,50000.0,0.0,20.29,109180,1.92,71.0,0.357
2025-04-03T18:28:04.000,9.71,6.6,50000.0,0.0,20.29,109181,1.73,70.0,0.357
2025-04-03T18:29:05.000,9.67,6.69,52403.0,1.38,20.29,109182,1.54,70.0,0.358
2025-04-03T18:30:05.000,9.75,6.85,60107.91,8.34,20.29,109183,1.35,70.0,0.358
2025-04-03T18:31:06.000,9.8,6.85,53532.49,8.47,20.29,109184,1.16,70.0,0.358
2025-04-03T18:32:06.000,9.75,6.53,48817.8,8.57,20.29,109185,0.97,70.0,0.358
2025-04-03T18:33:07.000,9.79,6.66,46221.16,8.63,20.29,109186,0.78,70.0,0.358
2025-04-03T18:34:07.000,9.75,6.44,43351.49,8.7,20.29,109187,0.59,70.0,0.358
2025-04-03T18:35:07.000,9.82,6.67,41603.2,8.74,20.29,109188,0.4,69.0,0.358
2025-04-03T18:36:08.000,9.86,6.56,41933.62,8.73,20.29,109189,0.21,69.0,0.358
2025-04-03T18:37:08.000,9.92,6.56,40793.67,8.76,20.29,109190,0.02,69.0,0.358
2025-04-03T18:38:09.000,9.92,6.42,35187.75,8.93,20.29,109191,-0.17,69.0,0.358
2025-04-03T18:39:09.000,9.91,6.34,27262.09,9.34,20.29,109192,-0.36,69.0,0.358
2025-04-03T18:40:10.000,9.87,6.2,22519.64,9.41,20.29,109193,-0.55,69.0,0.358
2025-04-03T18:41:10.000,9.9,6.15,16939.55,9.72,20.29,109194,-0.74,68.0,0.358
2025-04-03T18:42:11.000,9.99,6.4,13486.42,9.97,20.29,109195,-0.93,68.0,0.359
2025-04-03T18:43:11.000,10.17,6.59,10805.89,10.21,20.29,109196,-1.12,68.0,0.359
2025-04-03T18:44:12.000,10.19,6.15,9164.64,10.39,20.29,109197,-1.31,68.0,0.359
2025-04-03T18:45:12.000,10.22,6.3,7613.8,10.59,20.29,109198,-1.5,68.0,0.359
2025-04-03T18:46:13.000,10.24,5.91,6550.67,10.75,20.29,109199,-1.69,68.0,0.359
2025-04-03T18:47:13.000,10.13,5.51,5602.11,10.92,20.29,109200,-1.88,67.0,0.359
2025-04-03T18:48:14.000,10.11,5.73,4860.93,11.08,20.29,109201,-2.07,67.0,0.359
2025-04-03T18:49:14.000,10.04,5.39,4054.67,11.27,20.29,109202,-2.25,67.0,0.359
2025-04-03T18:50:15.000,10.29,5.9,3410.24,11.46,20.29,109203,-2.45,67.0,0.359
2025-04-03T18:51:15.000,10.57,5.96,3033.18,11.59,20.29,109204,-2.63,67.0,0.359
2025-04-03T18:52:16.000,10.58,5.55,2622.89,11.74,20.29,109205,-2.82,67.0,0.359
2025-04-03T18:53:16.000,10.49,5.54,2286.07,11.89,20.29,109206,-3.01,66.0,0.359
2025-04-03T18:54:16.000,10.54,5.72,2039.89,12.02,20.29,109207,-3.2,66.0,0.359
2025-04-03T18:55:17.000,10.64,6.12,1870.76,12.11,20.29,109208,-3.39,66.0,0.359
2025-04-03T18:56:17.000,10.77,5.99,1669.27,12.24,20.29,109209,-3.57,66.0,0.36
2025-04-03T18:57:18.000,10.82,5.87,1545.09,12.32,20.29,109210,-3.76,66.0,0.36
2025-04-03T18:58:18.000,10.74,5.35,1456.67,12.38,20.29,109211,-3.95,65.0,0.36
2025-04-03T18:59:19.000,10.61,5.24,1265.33,12.54,20.29,109212,-4.14,65.0,0.36
2025-04-03T19:00:19.000,10.68,5.69,964.53,12.84,20.29,109213,-4.33,65.0,0.36
2025-04-03T19:01:20.000,10.62,5.25,744.18,13.11,20.29,109214,-4.52,65.0,0.36
2025-04-03T19:02:20.000,10.64,5.6,612.49,13.32,20.29,109215,-4.7,65.0,0.36
2025-04-03T19:03:21.000,10.64,5.26,521.47,13.5,20.29,109216,-4.89,65.0,0.36
2025-04-03T19:04:22.000,10.66,5.68,454.31,13.65,20.29,109217,-5.08,64.0,0.36
2025-04-03T19:05:22.000,10.74,5.62,392.82,13.8,20.29,109218,-5.27,64.0,0.36
2025-04-03T19:06:23.000,10.73,5.55,348.91,13.93,20.29,109219,-5.46,64.0,0.36
2025-04-03T19:07:23.000,10.8,5.62,333.33,13.98,20.29,109220,-5.64,64.0,0.36
2025-04-03T19:08:24.000,10.75,5.44,326.91,14.0,20.29,109221,-5.83,64.0,0.36
2025-04-03T19:09:24.000,10.76,5.32,299.47,14.1,20.29,109222,-6.02,64.0,0.361
2025-04-03T19:10:24.000,10.73,5.61,283.03,14.16,20.29,109223,-6.2,63.0,0.361
2025-04-03T19:11:25.000,10.74,5.76,271.42,14.21,20.29,109224,-6.39,63.0,0.361
2025-04-03T19:12:25.000,10.64,5.47,253.53,14.28,20.29,109225,-6.58,63.0,0.361
2025-04-03T19:13:25.000,10.57,5.48,243.69,14.32,20.29,109226,-6.76,63.0,0.361
2025-04-03T19:14:26.000,10.46,5.54,236.36,14.36,20.29,109227,-6.95,63.0,0.361
2025-04-03T19:15:26.000,10.52,5.61,228.07,14.39,20.29,109228,-7.13,62.0,0.361
2025-04-03T19:16:27.000,10.38,5.13,219.96,14.43,20.29,109229,-7.32,62.0,0.361
2025-04-03T19:17:27.000,10.29,5.32,208.13,14.49,20.29,109230,-7.51,62.0,0.361
