ecsv/stars76/stars76_2025-04.ecsv
# %ECSV 1.0
# ---
# datatype:
# - {name: time, datatype: string}
# - {name: Enclosure Temperature, unit: deg_C, datatype: float64}
# - {name: Sky Temperature, unit: deg_C, datatype: float64}
# - {name: Frequency, unit: Hz, datatype: float64}
# - {name: MSAS, unit: mag / arcsec2, datatype: float64}
# - {name: ZP, datatype: float64}
# - {name: Sequence Number, datatype: int64}
# - {name: Sun Alt, unit: deg, datatype: float64}
# - {name: Moon Alt, unit: deg, datatype: float64}
# - {name: Moon Illumination, datatype: float64}
# delimiter: ','
# meta: !!omap
# - ida:
#     Data supplier: {affiliation: null, observer: Enric Marco}
#     Device type: TESS-W
#     Field of view: 17.0
#     Filters per channel: None
#     Instrument ID: stars76
#     License: ODbL 1.0 http://opendatacommons.org/licenses/odbl/summary/
#     Local timezone: Europe/Madrid
#     Location name: {country: Spain, place: Valencia, region: Valencian Community, sub_region: "Comarca de Val\xE8ncia", town: Valencia}
#     Measurement direction per channel: {azimuth: 0.0, zenital: 0.0}
#     Moving / Fixed look direction: FIXED
#     Moving / Stationary position: STATIONARY
#     Number of channels: 1
#     Number of fields per line: 8
#     Number of header lines: 35
#     Position: {height: 0.0, latitude: 39.478898, longitude: -0.376524}
#     TESS MAC address: 18:FE:34:CF:ED:70
#     TESS cover offset value: 0.0
#     TESS firmware version: '1.0'
#     TESS zero point: 20.47
#     Time Synchronization: timestamp added by MQTT subscriber
#     URL: http://www.darksky.org/NSBM/sdf1.0.pdf
# - __serialized_columns__:
#     Enclosure Temperature:
#       __class__: astropy.units.quantity.Quantity
#       unit: &id001 !astropy.units.Unit {unit: deg_C}
#       value: !astropy.table.SerializedColumn {name: Enclosure Temperature}
#     Frequency:
#       __class__: astropy.units.quantity.Quantity
#       unit: !astropy.units.Unit {unit: Hz}
#       value: !astropy.table.SerializedColumn {name: Frequency}
#     MSAS:
#       __class__: astropy.units.quantity.Quantity
#       unit: !astropy.units.Unit {unit: mag / arcsec2}
#       value: !astropy.table.SerializedColumn {name: MSAS}
#     Moon Alt:
#       __class__: astropy.units.quantity.Quantity
#       unit: &id002 !astropy.units.Unit {unit: deg}
#       value: !astropy.table.SerializedColumn {name: Moon Alt}
#     Sky Temperature:
#       __class__: astropy.units.quantity.Quantity
#       unit: *id001
#       value: !astropy.table.SerializedColumn {name: Sky Temperature}
#     Sun Alt:
#       __class__: astropy.units.quantity.Quantity
#       unit: *id002
#       value: !astropy.table.SerializedColumn {name: Sun Alt}
#     time:
#       __class__: astropy.time.core.Time
#       format: isot
#       in_subfmt: '*'
#       out_subfmt: '*'
#       precision: 3
#       scale: utc
#       value: !astropy.table.SerializedColumn {name: time}
# schema: astropy-2.0
time,Enclosure Temperature,Sky Temperature,Frequency,MSAS,ZP,Sequence Number,Sun Alt,Moon Alt,Moon Illumination
[from data line 17462]
2025-04-23T04:44:18.000,12.39,-9.94,387.28,14.0,20.47,36956,-6.02,18.0,0.278
2025-04-23T04:45:18.000,12.42,-9.75,480.88,13.77,20.47,36957,-5.84,18.0,0.278
2025-04-23T04:46:18.000,12.41,-9.93,597.06,13.53,20.47,36958,-5.67,18.0,0.278
2025-04-23T04:47:18.000,12.41,-9.85,741.69,13.3,20.47,36959,-5.49,18.0,0.278
2025-04-23T04:48:18.000,12.42,-9.89,920.83,13.06,20.47,36960,-5.31,19.0,0.278
2025-04-23T04:49:18.000,12.41,-10.0,1144.11,12.83,20.47,36961,-5.13,19.0,0.278
2025-04-23T04:50:18.000,12.38,-10.06,1428.8,12.58,20.47,36962,-4.94,19.0,0.278
2025-04-23T04:51:18.000,12.37,-10.11,1793.55,12.34,20.47,36963,-4.76,19.0,0.278
2025-04-23T04:52:18.000,12.36,-10.03,2260.16,12.09,20.47,36964,-4.58,19.0,0.278
2025-04-23T04:53:18.000,12.35,-10.12,2853.75,11.83,20.47,36965,-4.4,19.0,0.277
2025-04-23T04:54:18.000,12.35,-10.05,3594.29,11.58,20.47,36966,-4.22,20.0,0.277
2025-04-23T04:55:18.000,12.34,-10.07,4514.64,11.34,20.47,36967,-4.04,20.0,0.277
2025-04-23T04:56:18.000,12.33,-10.05,5643.35,11.09,20.47,36968,-3.86,20.0,0.277
2025-04-23T04:57:18.000,12.29,-10.09,7026.62,10.86,20.47,36969,-3.68,20.0,0.277
2025-04-23T04:58:18.000,12.28,-10.1,8692.72,10.62,20.47,36970,-3.49,20.0,0.277
2025-04-23T04:59:19.000,12.27,-10.01,10637.42,10.4,20.47,36971,-3.31,20.0,0.277
2025-04-23T05:00:19.000,12.27,-10.05,12911.0,10.19,20.47,36972,-3.13,20.0,0.277
2025-04-23T05:01:19.000,12.28,-9.97,15554.04,9.99,20.47,36973,-2.94,21.0,0.277
2025-04-23T05:02:19.000,12.25,-10.06,18626.96,9.8,20.47,36974,-2.76,21.0,0.277
2025-04-23T05:03:19.000,12.25,-9.97,22165.84,9.61,20.47,36975,-2.58,21.0,0.277
2025-04-23T05:05:19.000,12.22,-10.08,30740.27,9.25,20.47,36977,-2.21,21.0,0.277
2025-04-23T05:06:19.000,12.23,-9.89,35818.36,9.09,20.47,36978,-2.03,21.0,0.277
2025-04-23T05:07:19.000,12.24,-10.0,41497.18,8.93,20.47,36979,-1.85,21.0,0.276
2025-04-23T05:08:19.000,12.23,-10.02,47772.29,8.77,20.47,36980,-1.66,22.0,0.276
2025-04-23T05:09:19.000,12.25,-9.91,54682.51,8.63,20.47,36981,-1.48,22.0,0.276
2025-04-23T05:10:19.000,12.27,-9.92,52632.99,7.25,20.47,36982,-1.29,22.0,0.276
2025-04-23T05:11:19.000,12.26,-9.96,0.0,0.0,20.47,36983,-1.11,22.0,0.276
2025-04-23T05:12:19.000,12.27,-9.93,0.0,0.0,20.47,36984,-0.92,22.0,0.276
2025-04-23T05:13:19.000,12.28,-9.93,0.0,0.0,20.47,36985,-0.74,22.0,0.276
2025-04-23T05:25:20.000,12.53,-9.83,0.0,0.0,20.47,36997,1.49,24.0,0.275
2025-04-23T05:26:20.000,12.57,-9.78,0.0,0.0,20.47,36998,1.68,24.0,0.275
2025-04-23T05:27:20.000,12.63,-9.79,0.0,0.0,20.47,36999,1.86,24.0,0.275
2025-04-23T05:28:20.000,12.65,-9.89,0.15,0.11,20.47,37000,2.05,24.0,0.275
2025-04-23T05:29:20.000,12.69,-10.0,0.0,0.0,20.47,37001,2.24,24.0,0.275
2025-04-23T05:30:20.000,12.78,-9.74,0.0,0.0,20.47,37002,2.42,25.0,0.275
2025-04-23T05:31:20.000,12.88,-9.69,0.0,0.0,20.47,37003,2.61,25.0,0.275
2025-04-23T05:32:20.000,12.96,-9.82,0.0,0.0,20.47,37004,2.8,25.0,0.275
2025-04-23T05:33:21.000,12.97,-10.05,0.0,0.0,20.47,37005,2.99,25.0,0.275
2025-04-23T05:34:21.000,13.08,-9.67,0.0,0.0,20.47,37006,3.18,25.0,0.275
2025-04-23T05:35:21.000,13.15,-9.75,0.24,0.09,20.47,37007,3.36,25.0,0.275
2025-04-23T05:36:21.000,13.22,-9.78,0.0,0.0,20.47,37008,3.55,25.0,0.274
2025-04-23T05:37:21.000,13.31,-9.73,0.0,0.0,20.47,37009,3.74,26.0,0.274
2025-04-23T05:38:21.000,13.4,-9.64,0.0,0.0,20.47,37010,3.93,26.0,0.274
2025-04-23T05:39:21.000,13.41,-10.02,0.0,0.0,20.47,37011,4.12,26.0,0.274
2025-04-23T05:40:21.000,13.5,-9.73,0.0,0.0,20.47,37012,4.3,26.0,0.274
2025-04-23T05:41:21.000,13.54,-9.85,0.24,0.09,20.47,37013,4.49,26.0,0.274
2025-04-23T05:42:21.000,13.61,-9.69,0.0,0.0,20.47,37014,4.68,26.0,0.274
2025-04-23T05:43:21.000,13.69,-9.65,0.0,0.0,20.47,37015,4.87,26.0,0.274
2025-04-23T05:44:21.000,13.76,-9.71,0.0,0.0,20.47,37016,5.06,26.0,0.274
2025-04-23T06:06:23.000,15.72,-8.88,0.0,0.0,20.47,37038,9.24,29.0,0.272
2025-04-23T06:07:23.000,15.77,-9.51,0.0,0.0,20.47,37039,9.43,29.0,0.272
2025-04-23T06:08:23.000,15.8,-9.15,0.0,0.0,20.47,37040,9.62,29.0,0.272
2025-04-23T06:09:23.000,15.89,-9.27,0.11,0.1,20.47,37041,9.81,29.0,0.272
2025-04-23T06:10:23.000,15.96,-9.35,0.19,0.09,20.47,37042,10.01,29.0,0.272
2025-04-23T06:11:23.000,15.92,-9.6,0.0,0.0,20.47,37043,10.2,30.0,0.272
2025-04-23T06:12:23.000,16.0,-9.12,0.0,0.0,20.47,37044,10.39,30.0,0.272
2025-04-23T06:13:23.000,16.06,-9.32,0.22,0.09,20.47,37045,10.58,30.0,0.272
2025-04-23T06:14:23.000,16.1,-9.24,0.9,0.37,20.47,37046,10.77,30.0,0.272
2025-04-23T06:15:23.000,16.09,-9.74,0.0,0.0,20.47,37047,10.96,30.0,0.272
2025-04-23T06:16:23.000,16.13,-9.29,0.44,0.19,20.47,37048,11.15,30.0,0.272
2025-04-23T06:17:23.000,16.24,-9.03,0.74,0.28,20.47,37049,11.35,30.0,0.272
2025-04-23T06:18:24.000,16.29,-9.27,0.0,0.0,20.47,37050,11.54,30.0,0.272
2025-04-23T06:19:23.000,16.43,-8.75,0.5,0.18,20.47,37051,11.73,30.0,0.271
2025-04-23T06:20:23.000,16.67,-8.52,1.0,0.47,20.47,37052,11.92,30.0,0.271
2025-04-23T06:21:23.000,16.67,-9.44,0.49,0.19,20.47,37053,12.11,31.0,0.271
2025-04-23T06:22:24.000,16.76,-9.07,1.26,0.56,20.47,37054,12.31,31.0,0.271
2025-04-23T06:23:24.000,16.87,-8.68,0.0,0.0,20.47,37055,12.5,31.0,0.271
2025-04-23T06:24:24.000,17.13,-8.36,0.16,0.1,20.47,37056,12.69,31.0,0.271
2025-04-23T06:25:24.000,17.14,-9.36,1.43,0.65,20.47,37057,12.88,31.0,0.271
2025-04-23T06:26:24.000,17.13,-9.19,2.44,1.1,20.47,37058,13.08,31.0,0.271
2025-04-23T06:27:24.000,17.28,-8.65,0.17,0.1,20.47,37059,13.27,31.0,0.271
2025-04-23T06:28:24.000,17.45,-8.53,0.88,0.37,20.47,37060,13.46,31.0,0.271
2025-04-23T06:29:24.000,17.68,-8.33,2.14,0.82,20.47,37061,13.65,31.0,0.271
2025-04-23T06:30:24.000,17.69,-9.26,1.18,0.66,20.47,37062,13.85,31.0,0.271
2025-04-23T06:31:24.000,17.67,-9.34,2.19,0.92,20.47,37063,14.04,32.0,0.271
2025-04-23T06:32:24.000,17.54,-9.31,4.21,2.09,20.47,37064,14.23,32.0,0.271
2025-04-23T06:33:24.000,17.68,-9.02,1.43,0.75,20.47,37065,14.42,32.0,0.27
2025-04-23T06:34:24.000,17.51,-9.88,1.76,0.83,20.47,37066,14.61,32.0,0.27
2025-04-23T06:35:24.000,17.39,-9.54,1.14,0.47,20.47,37067,14.81,32.0,0.27
2025-04-23T06:36:24.000,17.38,-9.45,0.71,0.28,20.47,37068,15.0,32.0,0.27
2025-04-23T06:37:24.000,17.37,-9.56,0.76,0.38,20.47,37069,15.19,32.0,0.27
2025-04-23T06:38:25.000,17.29,-9.62,1.14,0.46,20.47,37070,15.39,32.0,0.27
2025-04-23T06:39:25.000,17.26,-9.35,0.85,0.37,20.47,37071,15.58,32.0,0.27
2025-04-23T06:40:25.000,17.38,-9.1,0.42,0.19,20.47,37072,15.77,32.0,0.27
2025-04-23T06:41:25.000,17.51,-9.14,0.89,0.37,20.47,37073,15.97,32.0,0.27
2025-04-23T06:42:25.000,17.67,-8.5,2.16,1.02,20.47,37074,16.16,33.0,0.27
2025-04-23T06:43:25.000,17.74,-8.98,0.59,0.29,20.47,37075,16.35,33.0,0.27
2025-04-23T06:44:25.000,17.84,-9.38,2.02,1.12,20.47,37076,16.55,33.0,0.27
2025-04-23T06:45:25.000,17.71,-9.43,2.82,1.19,20.47,37077,16.74,33.0,0.27
2025-04-23T06:46:25.000,17.87,-8.53,0.54,0.29,20.47,37078,16.93,33.0,0.27
2025-04-23T06:47:25.000,18.07,-8.5,1.42,0.75,20.47,37079,17.12,33.0,0.269
2025-04-23T06:48:25.000,18.22,-8.83,2.36,1.02,20.47,37080,17.32,33.0,0.269
2025-04-23T06:49:25.000,18.38,-8.49,1.9,0.83,20.47,37081,17.51,33.0,0.269
2025-04-23T06:50:25.000,18.42,-9.01,3.68,2.12,20.47,37082,17.7,33.0,0.269
2025-04-23T06:51:25.000,18.54,-8.6,5.1,2.7,20.47,37083,17.9,33.0,0.269
2025-04-23T06:52:25.000,18.6,-8.72,3.54,1.84,20.47,37084,18.09,33.0,0.269
2025-04-23T06:53:25.000,18.8,-8.39,4.56,2.35,20.47,37085,18.28,33.0,0.269
2025-04-23T06:54:25.000,18.79,-8.99,5.02,2.34,20.47,37086,18.48,34.0,0.269
2025-04-23T06:55:25.000,18.83,-8.78,3.56,1.75,20.47,37087,18.67,34.0,0.269
2025-04-23T06:56:26.000,18.89,-8.72,5.1,2.33,20.47,37088,18.86,34.0,0.269
2025-04-23T06:57:26.000,18.93,-8.87,2.86,1.47,20.47,37089,19.06,34.0,0.269
2025-04-23T06:58:26.000,19.02,-8.35,3.12,1.57,20.47,37090,19.25,34.0,0.269
2025-04-23T06:59:26.000,19.25,-7.88,3.96,2.11,20.47,37091,19.44,34.0,0.269
2025-04-23T07:00:26.000,19.58,-7.67,3.18,1.58,20.47,37092,19.64,34.0,0.269
2025-04-23T07:01:26.000,19.79,-7.86,1.13,0.47,20.47,37093,19.83,34.0,0.269
2025-04-23T07:02:26.000,19.95,-7.78,1.65,0.75,20.47,37094,20.02,34.0,0.268
2025-04-23T07:03:26.000,20.0,-8.86,0.0,0.0,20.47,37095,20.22,34.0,0.268
2025-04-23T07:04:26.000,20.0,-7.77,0.0,0.0,20.47,37096,20.41,34.0,0.268
2025-04-23T07:05:26.000,20.24,-7.41,0.11,0.1,20.47,37097,20.6,34.0,0.268
2025-04-23T07:07:33.000,20.64,-7.75,1.97,0.93,20.47,37099,21.01,34.0,0.268
2025-04-23T07:08:32.000,20.65,-7.85,1.45,0.65,20.47,37100,21.2,35.0,0.268
2025-04-23T07:09:33.000,20.92,-7.41,0.87,0.38,20.47,37101,21.4,35.0,0.268
2025-04-23T07:10:33.000,21.01,-7.4,1.09,0.47,20.47,37102,21.59,35.0,0.268
2025-04-23T07:11:33.000,21.05,-7.73,0.22,0.09,20.47,37103,21.78,35.0,0.268
2025-04-23T07:12:33.000,21.18,-7.53,0.16,0.1,20.47,37104,21.98,35.0,0.268
2025-04-23T07:13:33.000,21.34,-6.99,0.88,0.58,20.47,37105,22.17,35.0,0.268
2025-04-23T07:14:33.000,21.65,-7.04,0.89,0.47,20.47,37106,22.36,35.0,0.268
2025-04-23T07:15:33.000,21.79,-7.19,0.0,0.0,20.47,37107,22.56,35.0,0.268
2025-04-23T07:16:33.000,21.79,-7.83,1.3,0.66,20.47,37108,22.75,35.0,0.267
2025-04-23T07:17:33.000,21.85,-7.21,0.64,0.28,20.47,37109,22.94,35.0,0.267
2025-04-23T07:18:33.000,21.93,-7.39,0.79,0.28,20.47,37110,23.14,35.0,0.267
2025-04-23T07:19:37.000,22.1,-6.46,0.26,0.09,20.47,37111,23.34,35.0,0.267
2025-04-23T07:20:38.000,22.22,-7.44,0.23,0.09,20.47,37112,23.54,35.0,0.267
2025-04-23T07:21:37.000,22.24,-7.0,0.55,0.18,20.47,37113,23.73,35.0,0.267
2025-04-23T07:22:37.000,22.2,-7.6,0.0,0.0,20.47,37114,23.92,35.0,0.267
2025-04-23T07:23:39.000,22.13,-7.75,0.27,0.09,20.47,37115,24.12,35.0,0.267
2025-04-23T07:24:49.000,22.03,-8.01,0.0,0.0,20.47,37116,24.34,35.0,0.267
2025-04-23T07:25:49.000,21.93,-7.22,0.0,0.0,20.47,37117,24.54,36.0,0.267
2025-04-23T07:26:49.000,22.19,-6.95,0.37,0.19,20.47,37118,24.73,36.0,0.267
2025-04-23T07:27:49.000,22.11,-7.18,0.0,0.0,20.47,37119,24.92,36.0,0.267
2025-04-23T07:28:49.000,22.26,-7.41,0.0,0.0,20.47,37120,25.11,36.0,0.267
2025-04-23T07:29:49.000,22.36,-6.44,0.0,0.0,20.47,37121,25.31,36.0,0.267
2025-04-23T07:33:49.000,22.49,-7.57,0.0,0.0,20.47,37125,26.08,36.0,0.266
2025-04-23T07:34:49.000,22.45,-7.15,0.0,0.0,20.47,37126,26.27,36.0,0.266
2025-04-23T07:35:49.000,22.67,-6.26,0.0,0.0,20.47,37127,26.46,36.0,0.266
2025-04-23T07:36:50.000,22.78,-6.65,0.28,0.09,20.47,37128,26.66,36.0,0.266
2025-04-23T07:37:50.000,22.8,-6.87,0.0,0.0,20.47,37129,26.85,36.0,0.266
2025-04-23T07:38:50.000,22.86,-6.55,0.0,0.0,20.47,37130,27.04,36.0,0.266
2025-04-23T07:39:50.000,23.0,-6.98,0.0,0.0,20.47,37131,27.23,36.0,0.266
2025-04-23T07:42:50.000,23.79,-6.1,0.0,0.0,20.47,37134,27.81,36.0,0.266
2025-04-23T07:43:50.000,23.86,-6.54,0.0,0.0,20.47,37135,28.0,36.0,0.266
2025-04-23T07:44:50.000,23.86,-6.76,0.0,0.0,20.47,37136,28.19,36.0,0.266
2025-04-23T07:45:50.000,23.6,-7.67,0.2,0.09,20.47,37137,28.39,36.0,0.265
2025-04-23T07:46:50.000,23.49,-6.67,0.0,0.0,20.47,37138,28.58,36.0,0.265
2025-04-23T07:47:50.000,23.48,-6.96,0.0,0.0,20.47,37139,28.77,36.0,0.265
2025-04-23T07:48:50.000,23.63,-6.03,0.0,0.0,20.47,37140,28.96,36.0,0.265
2025-04-23T10:42:05.000,36.63,-1.03,0.0,0.0,20.47,37313,58.19,28.0,0.253
2025-04-23T10:43:05.000,36.5,0.71,0.0,0.0,20.47,37314,58.31,27.0,0.253
2025-04-23T10:44:05.000,36.71,1.16,0.0,0.0,20.47,37315,58.43,27.0,0.253
2025-04-23T10:46:12.000,36.79,-0.47,0.0,0.0,20.47,37317,58.67,27.0,0.253
2025-04-23T10:47:11.000,36.61,-0.05,0.0,0.0,20.47,37318,58.79,27.0,0.253
2025-04-23T10:48:11.000,36.84,2.37,0.0,0.0,20.47,37319,58.9,27.0,0.253
2025-04-23T12:51:23.000,33.99,1.35,0.0,0.0,20.47,37442,60.91,8.0,0.244
2025-04-23T12:52:23.000,34.0,2.54,0.0,0.0,20.47,37443,60.83,8.0,0.244
2025-04-23T12:53:23.000,34.29,2.47,0.0,0.0,20.47,37444,60.74,8.0,0.244
2025-04-23T12:55:24.000,33.81,-0.05,0.0,0.0,20.47,37446,60.55,8.0,0.244
2025-04-23T12:56:24.000,33.46,1.85,0.0,0.0,20.47,37447,60.46,8.0,0.244
2025-04-23T12:57:23.000,33.83,3.21,0.0,0.0,20.47,37448,60.37,7.0,0.244
2025-04-23T16:03:38.000,28.12,-0.33,0.0,0.0,20.47,37634,30.38,-26.0,0.231
2025-04-23T16:04:38.000,27.97,-0.95,0.0,0.0,20.47,37635,30.18,-26.0,0.231
2025-04-23T16:05:38.000,28.23,0.85,0.0,0.0,20.47,37636,29.99,-26.0,0.231
2025-04-23T16:07:38.000,28.0,-0.43,0.0,0.0,20.47,37638,29.61,-27.0,0.231
2025-04-23T16:08:38.000,28.38,1.33,0.0,0.0,20.47,37639,29.42,-27.0,0.231
2025-04-23T16:09:38.000,28.16,-1.29,0.0,0.0,20.47,37640,29.23,-27.0,0.231
2025-04-23T16:58:41.000,25.41,-1.06,0.0,0.0,20.47,37689,19.8,-36.0,0.228
2025-04-23T16:59:41.000,25.22,-1.11,0.0,0.0,20.47,37690,19.6,-36.0,0.228
2025-04-23T17:00:41.000,25.25,-0.6,0.0,0.0,20.47,37691,19.41,-36.0,0.228
2025-04-23T17:02:41.000,25.18,-0.87,0.0,0.0,20.47,37693,19.02,-36.0,0.227
2025-04-23T17:03:41.000,25.19,-0.71,0.0,0.0,20.47,37694,18.83,-37.0,0.227
2025-04-23T17:04:41.000,25.04,-0.96,0.0,0.0,20.47,37695,18.64,-37.0,0.227
2025-04-23T17:40:44.000,22.81,-0.89,0.0,0.0,20.47,37731,11.71,-43.0,0.225
2025-04-23T17:41:44.000,22.85,-1.12,0.0,0.0,20.47,37732,11.52,-43.0,0.225
2025-04-23T17:42:44.000,22.73,-1.53,0.0,0.0,20.47,37733,11.33,-43.0,0.225
2025-04-23T17:44:44.000,22.68,-0.94,0.0,0.0,20.47,37735,10.94,-44.0,0.225
2025-04-23T17:45:44.000,22.75,-0.77,0.0,0.0,20.47,37736,10.75,-44.0,0.225
2025-04-23T17:46:44.000,22.6,-1.5,0.0,0.0,20.47,37737,10.56,-44.0,0.225
2025-04-23T18:10:47.000,21.52,-1.34,0.0,0.0,20.47,37761,5.99,-48.0,0.223
2025-04-23T18:11:47.000,21.46,-1.4,0.0,0.0,20.47,37762,5.8,-48.0,0.223
2025-04-23T18:12:47.000,21.4,-1.46,0.0,0.0,20.47,37763,5.61,-48.0,0.223
2025-04-23T18:14:52.000,21.22,-1.92,0.0,0.0,20.47,37765,5.22,-48.0,0.223
2025-04-23T18:15:52.000,21.07,-1.94,0.0,0.0,20.47,37766,5.03,-48.0,0.223
2025-04-23T18:16:52.000,20.93,-1.79,0.0,0.0,20.47,37767,4.85,-49.0,0.223
2025-04-23T18:18:52.000,20.83,-1.34,0.0,0.0,20.47,37769,4.47,-49.0,0.222
2025-04-23T18:19:52.000,20.73,-1.82,0.0,0.0,20.47,37770,4.28,-49.0,0.222
2025-04-23T18:20:52.000,20.61,-1.99,0.0,0.0,20.47,37771,4.09,-49.0,0.222
2025-04-23T18:21:53.000,20.62,-1.42,0.11,0.09,20.47,37772,3.9,-49.0,0.222
2025-04-23T18:22:53.000,20.53,-1.96,0.0,0.0,20.47,37773,3.71,-49.0,0.222
2025-04-23T18:23:53.000,20.45,-1.78,0.0,0.0,20.47,37774,3.53,-50.0,0.222
2025-04-23T18:24:53.000,20.4,-1.69,0.11,0.09,20.47,37775,3.34,-50.0,0.222
2025-04-23T18:25:53.000,20.35,-1.8,0.0,0.0,20.47,37776,3.15,-50.0,0.222
2025-04-23T18:26:53.000,20.25,-2.15,0.21,0.09,20.47,37777,2.97,-50.0,0.222
2025-04-23T18:27:53.000,20.09,-2.51,0.0,0.0,20.47,37778,2.78,-50.0,0.222
2025-04-23T18:28:53.000,19.95,-2.25,0.0,0.0,20.47,37779,2.59,-50.0,0.222
2025-04-23T18:29:53.000,19.78,-2.71,0.0,0.0,20.47,37780,2.41,-50.0,0.222
2025-04-23T18:30:53.000,19.63,-2.51,0.0,0.0,20.47,37781,2.22,-51.0,0.222
2025-04-23T18:31:53.000,19.6,-2.03,0.32,0.11,20.47,37782,2.03,-51.0,0.222
2025-04-23T18:32:53.000,19.55,-2.25,0.0,0.0,20.47,37783,1.85,-51.0,0.221
2025-04-23T18:33:53.000,19.47,-2.35,0.0,0.0,20.47,37784,1.66,-51.0,0.221
2025-04-23T18:34:53.000,19.36,-2.5,0.0,0.0,20.47,37785,1.47,-51.0,0.221
2025-04-23T18:43:54.000,18.75,-2.33,0.0,0.0,20.47,37794,-0.2,-52.0,0.221
2025-04-23T18:44:54.000,18.68,-2.59,0.0,0.0,20.47,37795,-0.38,-53.0,0.221
2025-04-23T18:45:54.000,18.65,-2.21,0.0,0.0,20.47,37796,-0.56,-53.0,0.221
2025-04-23T18:46:54.000,18.66,-2.29,0.46,0.18,20.47,37797,-0.75,-53.0,0.221
2025-04-23T18:47:54.000,18.61,-2.42,0.0,0.0,20.47,37798,-0.93,-53.0,0.22
2025-04-23T18:48:54.000,18.53,-2.53,0.0,0.0,20.47,37799,-1.12,-53.0,0.22
2025-04-23T18:49:54.000,18.49,-2.41,10720.78,1.41,20.47,37800,-1.3,-53.0,0.22
2025-04-23T18:50:54.000,18.47,-2.41,59963.73,8.53,20.47,37801,-1.48,-53.0,0.22
2025-04-23T18:51:54.000,18.37,-2.83,52898.05,8.66,20.47,37802,-1.67,-53.0,0.22
2025-04-23T18:52:54.000,18.32,-2.57,46372.64,8.81,20.47,37803,-1.85,-54.0,0.22
2025-04-23T18:53:54.000,18.33,-2.51,40401.39,8.95,20.47,37804,-2.03,-54.0,0.22
2025-04-23T18:54:55.000,18.26,-2.73,34992.07,9.11,20.47,37805,-2.22,-54.0,0.22
2025-04-23T18:55:55.000,18.2,-2.82,30114.34,9.27,20.47,37806,-2.4,-54.0,0.22
2025-04-23T18:56:55.000,18.18,-2.72,25466.66,9.52,20.47,37807,-2.58,-54.0,0.22
2025-04-23T18:57:55.000,18.19,-2.45,21869.71,9.62,20.47,37808,-2.77,-54.0,0.22
