ecsv/stars76/stars76_2024-04.ecsv
# %ECSV 1.0
# ---
# datatype:
# - {name: time, datatype: string}
# - {name: Enclosure Temperature, unit: deg_C, datatype: float64}
# - {name: Sky Temperature, unit: deg_C, datatype: float64}
# - {name: Frequency, unit: Hz, datatype: float64}
# - {name: MSAS, unit: mag / arcsec2, datatype: float64}
# - {name: ZP, datatype: float64}
# - {name: Sequence Number, datatype: int64}
# - {name: Sun Alt, unit: deg, datatype: float64}
# - {name: Moon Alt, unit: deg, datatype: float64}
# - {name: Moon Illumination, datatype: float64}
# delimiter: ','
# meta: !!omap
# - ida:
#     Data supplier: {affiliation: null, observer: Enric Marco}
#     Device type: TESS-W
#     Field of view: 17.0
#     Filters per channel: None
#     Instrument ID: stars76
#     License: ODbL 1.0 http://opendatacommons.org/licenses/odbl/summary/
#     Local timezone: Europe/Madrid
#     Location name: {country: '- Valencia', place: Valencia, region: Spain, sub_region: Valencian Community, town: "Comarca de Val\xE8\
#         ncia"}
#     Measurement direction per channel: {azimuth: 0.0, zenital: 0.0}
#     Moving / Fixed look direction: FIXED
#     Moving / Stationary position: STATIONARY
#     Number of channels: 1
#     Number of fields per line: 8
#     Number of header lines: 35
#     Position: {height: 0.0, latitude: 39.478898, longitude: -0.376524}
#     TESS MAC address: 18:FE:34:CF:ED:70
#     TESS cover offset value: 0.0
#     TESS firmware version: '1.0'
#     TESS zero point: 20.47
#     Time Synchronization: timestamp added by MQTT subscriber
#     URL: http://www.darksky.org/NSBM/sdf1.0.pdf
# - __serialized_columns__:
#     Enclosure Temperature:
#       __class__: astropy.units.quantity.Quantity
#       unit: &id001 !astropy.units.Unit {unit: deg_C}
#       value: !astropy.table.SerializedColumn {name: Enclosure Temperature}
#     Frequency:
#       __class__: astropy.units.quantity.Quantity
#       unit: !astropy.units.Unit {unit: Hz}
#       value: !astropy.table.SerializedColumn {name: Frequency}
#     MSAS:
#       __class__: astropy.units.quantity.Quantity
#       unit: !astropy.units.Unit {unit: mag / arcsec2}
#       value: !astropy.table.SerializedColumn {name: MSAS}
#     Moon Alt:
#       __class__: astropy.units.quantity.Quantity
#       unit: &id002 !astropy.units.Unit {unit: deg}
#       value: !astropy.table.SerializedColumn {name: Moon Alt}
#     Sky Temperature:
#       __class__: astropy.units.quantity.Quantity
#       unit: *id001
#       value: !astropy.table.SerializedColumn {name: Sky Temperature}
#     Sun Alt:
#       __class__: astropy.units.quantity.Quantity
#       unit: *id002
#       value: !astropy.table.SerializedColumn {name: Sun Alt}
#     time:
#       __class__: astropy.time.core.Time
#       format: isot
#       in_subfmt: '*'
#       out_subfmt: '*'
#       precision: 3
#       scale: utc
#       value: !astropy.table.SerializedColumn {name: time}
# schema: astropy-2.0
time,Enclosure Temperature,Sky Temperature,Frequency,MSAS,ZP,Sequence Number,Sun Alt,Moon Alt,Moon Illumination
[from data line 8403]
2024-04-11T07:34:42.000,24.13,2.06,4.13,2.27,20.47,56370,23.16,6.0,0.091
2024-04-11T07:35:43.000,24.32,2.0,3.78,1.83,20.47,56371,23.35,6.0,0.091
2024-04-11T07:36:44.000,24.5,1.63,2.15,1.23,20.47,56372,23.55,6.0,0.091
2024-04-11T07:37:43.000,24.34,0.45,4.29,2.27,20.47,56373,23.74,6.0,0.091
2024-04-11T07:38:43.000,24.24,1.71,5.15,2.8,20.47,56374,23.93,7.0,0.091
2024-04-11T07:39:44.000,24.49,1.96,4.72,2.35,20.47,56375,24.12,7.0,0.091
2024-04-11T07:40:44.000,24.71,2.26,2.88,1.29,20.47,56376,24.31,7.0,0.091
2024-04-11T07:41:48.000,24.96,2.73,2.24,1.11,20.47,56377,24.52,7.0,0.091
2024-04-11T07:42:48.000,25.2,2.13,2.49,1.2,20.47,56378,24.71,7.0,0.091
2024-04-11T07:43:48.000,25.21,1.66,3.27,1.75,20.47,56379,24.9,7.0,0.092
2024-04-11T07:44:48.000,25.14,2.0,4.36,2.0,20.47,56380,25.09,8.0,0.092
2024-04-11T07:45:48.000,25.1,1.51,3.09,1.28,20.47,56381,25.28,8.0,0.092
2024-04-11T07:46:48.000,24.85,1.03,3.11,1.46,20.47,56382,25.47,8.0,0.092
2024-04-11T07:47:48.000,24.54,0.42,1.75,0.84,20.47,56383,25.66,8.0,0.092
2024-04-11T07:48:49.000,24.34,0.73,1.29,0.86,20.47,56384,25.85,8.0,0.092
2024-04-11T07:49:49.000,24.27,1.56,1.54,0.76,20.47,56385,26.04,8.0,0.092
2024-04-11T07:50:49.000,24.42,1.63,2.04,0.83,20.47,56386,26.23,9.0,0.092
2024-04-11T07:51:49.000,24.6,2.58,3.73,2.02,20.47,56387,26.42,9.0,0.092
2024-04-11T07:54:46.000,25.34,2.07,0.54,0.29,20.47,56388,26.98,9.0,0.092
2024-04-11T07:55:46.000,25.35,1.48,0.0,0.0,20.47,56389,27.17,10.0,0.092
2024-04-11T07:56:46.000,25.32,2.61,0.26,0.09,20.47,56390,27.36,10.0,0.092
2024-04-11T07:57:46.000,25.56,1.99,0.81,0.48,20.47,56391,27.54,10.0,0.092
2024-04-11T07:58:46.000,25.51,2.24,1.21,0.56,20.47,56392,27.73,10.0,0.092
2024-04-11T07:59:46.000,25.7,2.72,0.92,0.48,20.47,56393,27.92,10.0,0.092
2024-04-11T08:00:46.000,25.96,3.11,0.18,0.1,20.47,56394,28.11,10.0,0.092
2024-04-11T08:01:46.000,26.11,2.71,0.38,0.19,20.47,56395,28.3,11.0,0.092
2024-04-11T08:02:47.000,26.05,2.76,0.0,0.0,20.47,56396,28.49,11.0,0.092
2024-04-11T08:03:47.000,26.22,2.75,0.0,0.0,20.47,56397,28.68,11.0,0.092
2024-04-11T08:04:47.000,26.15,2.39,0.0,0.0,20.47,56398,28.87,11.0,0.093
2024-04-11T08:05:47.000,26.32,3.05,0.19,0.1,20.47,56399,29.05,11.0,0.093
2024-04-11T08:06:48.000,26.59,3.53,0.27,0.09,20.47,56400,29.24,11.0,0.093
2024-04-11T08:07:48.000,26.78,2.71,0.0,0.0,20.47,56401,29.43,12.0,0.093
2024-04-11T08:08:48.000,26.98,3.2,0.0,0.0,20.47,56402,29.62,12.0,0.093
2024-04-11T08:09:48.000,27.32,3.84,0.0,0.0,20.47,56403,29.81,12.0,0.093
2024-04-11T08:37:05.000,30.04,4.61,0.0,0.0,20.47,56429,34.84,17.0,0.094
2024-04-11T08:38:05.000,30.13,4.53,0.0,0.0,20.47,56430,35.02,17.0,0.094
2024-04-11T08:39:05.000,29.6,2.23,0.0,0.0,20.47,56431,35.2,17.0,0.094
2024-04-11T08:41:09.000,29.01,2.12,0.0,0.0,20.47,56433,35.58,18.0,0.094
2024-04-11T08:42:09.000,28.86,3.08,0.0,0.0,20.47,56434,35.76,18.0,0.094
2024-04-11T08:43:10.000,28.55,2.47,0.0,0.0,20.47,56435,35.94,18.0,0.094
2024-04-11T08:52:21.000,30.58,4.47,0.0,0.0,20.47,56444,37.59,20.0,0.095
2024-04-11T08:53:25.000,30.72,5.82,0.0,0.0,20.47,56445,37.78,20.0,0.095
2024-04-11T08:54:25.000,30.93,4.94,0.0,0.0,20.47,56446,37.95,20.0,0.095
2024-04-11T08:56:42.000,31.13,4.54,0.0,0.0,20.47,56448,38.36,20.0,0.095
2024-04-11T08:58:41.000,30.85,3.4,0.0,0.0,20.47,56450,38.71,21.0,0.095
2024-04-11T09:00:29.000,30.44,3.98,0.0,0.0,20.47,56451,39.02,21.0,0.095
2024-04-11T09:01:29.000,30.17,4.79,0.0,0.0,20.47,56452,39.2,21.0,0.095
2024-04-11T09:04:29.000,30.61,6.71,0.0,0.0,20.47,56455,39.72,22.0,0.095
2024-04-11T09:05:29.000,31.01,6.45,0.0,0.0,20.47,56456,39.9,22.0,0.095
2024-04-11T09:06:30.000,31.39,6.92,0.0,0.0,20.47,56457,40.07,22.0,0.095
2024-04-11T09:08:30.000,31.82,6.41,0.0,0.0,20.47,56459,40.42,23.0,0.096
2024-04-11T09:09:30.000,32.01,6.16,0.0,0.0,20.47,56460,40.59,23.0,0.096
2024-04-11T09:10:30.000,32.06,5.4,0.0,0.0,20.47,56461,40.76,23.0,0.096
2024-04-11T09:37:31.000,32.7,5.92,0.0,0.0,20.47,56488,45.26,28.0,0.097
2024-04-11T09:38:32.000,32.61,5.22,0.0,0.0,20.47,56489,45.43,28.0,0.097
2024-04-11T09:39:32.000,31.99,2.7,0.0,0.0,20.47,56490,45.59,28.0,0.097
2024-04-11T09:42:40.000,32.2,4.56,0.0,0.0,20.47,56493,46.08,29.0,0.097
2024-04-11T09:43:40.000,32.28,5.45,0.0,0.0,20.47,56494,46.24,29.0,0.097
2024-04-11T09:44:40.000,32.37,5.39,0.0,0.0,20.47,56495,46.4,29.0,0.097
2024-04-11T10:04:23.000,34.3,6.1,0.0,0.0,20.47,56513,49.37,33.0,0.098
2024-04-11T10:05:23.000,34.58,7.68,0.0,0.0,20.47,56514,49.52,33.0,0.098
2024-04-11T10:06:22.000,34.86,7.84,0.0,0.0,20.47,56515,49.66,33.0,0.098
2024-04-11T10:58:26.000,34.36,8.18,0.0,0.0,20.47,56567,55.95,43.0,0.101
2024-04-11T10:59:26.000,34.88,7.81,0.0,0.0,20.47,56568,56.04,44.0,0.101
2024-04-11T11:00:27.000,34.53,5.98,0.0,0.0,20.47,56569,56.14,44.0,0.101
2024-04-11T11:03:38.000,34.99,6.25,0.0,0.0,20.47,56572,56.42,44.0,0.101
2024-04-11T11:04:38.000,34.95,7.18,0.0,0.0,20.47,56573,56.51,44.0,0.101
2024-04-11T11:05:38.000,34.43,5.95,0.0,0.0,20.47,56574,56.6,45.0,0.101
2024-04-11T11:38:39.000,36.9,8.32,0.0,0.0,20.47,56606,58.66,51.0,0.103
2024-04-11T11:39:39.000,37.19,9.84,0.0,0.0,20.47,56607,58.7,51.0,0.103
2024-04-11T11:40:40.000,37.38,7.86,0.0,0.0,20.47,56608,58.74,51.0,0.103
2024-04-11T11:42:40.000,36.47,6.89,0.0,0.0,20.47,56610,58.8,52.0,0.103
2024-04-11T11:43:40.000,36.62,9.39,0.0,0.0,20.47,56611,58.83,52.0,0.103
2024-04-11T11:44:40.000,36.73,8.99,0.0,0.0,20.47,56612,58.86,52.0,0.103
2024-04-11T11:45:40.000,37.26,10.02,0.0,0.0,20.47,56613,58.89,52.0,0.103
2024-04-11T11:46:40.000,37.36,8.82,0.0,0.0,20.47,56614,58.92,52.0,0.103
2024-04-11T11:48:42.000,37.86,8.62,0.0,0.0,20.47,56616,58.97,53.0,0.103
2024-04-11T11:49:42.000,37.37,6.5,0.0,0.0,20.47,56617,58.99,53.0,0.103
2024-04-11T11:50:41.000,36.9,7.7,0.0,0.0,20.47,56618,59.01,53.0,0.103
2024-04-11T11:52:42.000,36.53,8.22,0.0,0.0,20.47,56620,59.04,53.0,0.103
2024-04-11T11:54:42.000,36.37,8.24,0.0,0.0,20.47,56622,59.07,54.0,0.103
2024-04-11T11:55:42.000,36.41,6.74,0.0,0.0,20.47,56623,59.08,54.0,0.104
2024-04-11T11:58:42.000,36.52,7.41,0.0,0.0,20.47,56626,59.11,55.0,0.104
2024-04-11T11:59:42.000,36.82,8.75,0.0,0.0,20.47,56627,59.12,55.0,0.104
2024-04-11T12:01:42.000,36.23,8.25,0.0,0.0,20.47,56629,59.12,55.0,0.104
2024-04-11T12:02:42.000,36.53,7.55,0.0,0.0,20.47,56630,59.12,55.0,0.104
2024-04-11T12:03:42.000,36.34,7.46,0.0,0.0,20.47,56631,59.12,55.0,0.104
2024-04-11T12:05:42.000,36.89,7.76,0.0,0.0,20.47,56633,59.11,56.0,0.104
2024-04-11T12:06:42.000,36.52,6.76,0.0,0.0,20.47,56634,59.11,56.0,0.104
2024-04-11T12:07:42.000,36.84,8.95,0.0,0.0,20.47,56635,59.1,56.0,0.104
2024-04-11T12:09:42.000,36.57,6.8,0.0,0.0,20.47,56637,59.08,57.0,0.104
2024-04-11T12:10:42.000,36.36,6.87,0.0,0.0,20.47,56638,59.07,57.0,0.104
2024-04-11T12:11:43.000,36.35,7.6,0.0,0.0,20.47,56639,59.05,57.0,0.104
2024-04-11T13:37:57.000,33.52,5.0,0.0,0.0,20.47,56725,52.48,71.0,0.109
2024-04-11T13:38:57.000,33.59,6.58,0.0,0.0,20.47,56726,52.35,71.0,0.109
2024-04-11T13:39:58.000,33.83,7.03,0.0,0.0,20.47,56727,52.22,71.0,0.109
2024-04-11T13:41:58.000,34.14,6.36,0.0,0.0,20.47,56729,51.96,71.0,0.109
2024-04-11T13:42:58.000,34.13,6.84,0.0,0.0,20.47,56730,51.83,71.0,0.109
2024-04-11T13:44:00.000,34.42,7.38,0.0,0.0,20.47,56731,51.69,71.0,0.109
2024-04-11T15:55:18.000,29.44,3.9,0.0,0.0,20.47,56862,29.83,67.0,0.115
2024-04-11T15:56:18.000,29.32,3.18,0.0,0.0,20.47,56863,29.64,67.0,0.116
2024-04-11T15:57:18.000,29.18,3.24,0.0,0.0,20.47,56864,29.46,67.0,0.116
2024-04-11T15:59:28.000,28.53,3.28,0.0,0.0,20.47,56866,29.05,66.0,0.116
2024-04-11T16:00:28.000,28.69,4.25,0.0,0.0,20.47,56867,28.86,66.0,0.116
2024-04-11T16:01:28.000,28.76,3.15,0.0,0.0,20.47,56868,28.68,66.0,0.116
2024-04-11T17:32:34.000,22.54,0.15,0.0,0.0,20.47,56959,11.24,50.0,0.12
2024-04-11T17:33:34.000,22.46,0.34,0.0,0.0,20.47,56960,11.04,50.0,0.12
2024-04-11T17:34:34.000,22.28,0.0,0.0,0.0,20.47,56961,10.85,50.0,0.121
2024-04-11T17:35:34.000,22.1,-0.21,0.43,0.19,20.47,56962,10.66,50.0,0.121
2024-04-11T17:36:35.000,21.94,-0.16,1.09,0.57,20.47,56963,10.46,49.0,0.121
2024-04-11T17:37:35.000,21.91,0.5,2.47,1.31,20.47,56964,10.27,49.0,0.121
2024-04-11T17:38:35.000,21.99,0.56,2.3,1.21,20.47,56965,10.08,49.0,0.121
2024-04-11T17:39:35.000,21.86,-0.43,0.42,0.19,20.47,56966,9.89,49.0,0.121
2024-04-11T17:40:35.000,21.61,-0.54,0.25,0.19,20.47,56967,9.69,49.0,0.121
2024-04-11T17:41:35.000,21.64,-0.06,1.28,0.56,20.47,56968,9.5,48.0,0.121
2024-04-11T17:42:35.000,21.47,-0.58,3.32,1.76,20.47,56969,9.31,48.0,0.121
2024-04-11T17:43:35.000,21.29,-0.46,2.44,1.2,20.47,56970,9.12,48.0,0.121
2024-04-11T17:44:35.000,21.3,0.0,1.77,0.84,20.47,56971,8.92,48.0,0.121
2024-04-11T17:45:35.000,21.26,-0.2,1.42,0.76,20.47,56972,8.73,48.0,0.121
2024-04-11T17:46:35.000,21.14,-0.73,1.9,1.03,20.47,56973,8.54,47.0,0.121
2024-04-11T17:47:35.000,21.09,0.06,1.52,0.76,20.47,56974,8.35,47.0,0.121
2024-04-11T17:48:35.000,21.09,-0.17,1.47,0.66,20.47,56975,8.15,47.0,0.121
2024-04-11T17:49:35.000,21.05,-0.14,3.54,1.83,20.47,56976,7.96,47.0,0.121
2024-04-11T17:50:35.000,21.01,-0.06,1.89,0.94,20.47,56977,7.77,47.0,0.121
2024-04-11T17:51:35.000,20.95,-0.38,2.45,1.21,20.47,56978,7.58,47.0,0.121
2024-04-11T17:52:35.000,20.82,-0.8,2.99,1.58,20.47,56979,7.39,46.0,0.121
2024-04-11T17:53:36.000,20.71,-0.38,5.2,2.43,20.47,56980,7.19,46.0,0.122
2024-04-11T17:54:36.000,20.68,-0.53,3.38,1.93,20.47,56981,7.0,46.0,0.122
2024-04-11T17:55:36.000,20.71,-0.16,4.45,2.36,20.47,56982,6.81,46.0,0.122
2024-04-11T17:56:36.000,20.69,-0.3,3.35,1.86,20.47,56983,6.61,46.0,0.122
2024-04-11T17:57:36.000,20.63,-0.28,3.42,1.65,20.47,56984,6.42,45.0,0.122
2024-04-11T17:58:36.000,20.53,-0.63,2.94,1.48,20.47,56985,6.23,45.0,0.122
2024-04-11T17:59:36.000,20.36,-0.66,4.39,2.18,20.47,56986,6.04,45.0,0.122
2024-04-11T18:00:36.000,20.34,-0.34,4.7,2.45,20.47,56987,5.85,45.0,0.122
2024-04-11T18:01:36.000,20.33,-0.41,4.41,2.18,20.47,56988,5.66,45.0,0.122
2024-04-11T18:02:36.000,20.29,-0.45,3.32,1.56,20.47,56989,5.46,45.0,0.122
2024-04-11T18:03:36.000,20.27,-0.38,2.21,1.01,20.47,56990,5.27,44.0,0.122
2024-04-11T18:04:36.000,20.15,-0.88,1.13,0.56,20.47,56991,5.08,44.0,0.122
2024-04-11T18:05:36.000,20.04,-0.73,0.26,0.09,20.47,56992,4.89,44.0,0.122
2024-04-11T18:06:37.000,19.93,-0.94,1.82,0.83,20.47,56993,4.7,44.0,0.122
2024-04-11T18:07:37.000,19.78,-1.02,2.07,1.12,20.47,56994,4.5,44.0,0.122
2024-04-11T18:08:37.000,19.72,-0.84,0.45,0.19,20.47,56995,4.31,43.0,0.122
2024-04-11T18:09:37.000,19.66,-0.9,0.75,0.28,20.47,56996,4.12,43.0,0.122
2024-04-11T18:10:37.000,19.53,-1.23,2.39,1.31,20.47,56997,3.93,43.0,0.122
2024-04-11T18:11:37.000,19.39,-1.2,2.47,1.2,20.47,56998,3.74,43.0,0.122
2024-04-11T18:12:37.000,19.23,-1.47,0.0,0.0,20.47,56999,3.55,43.0,0.123
2024-04-11T18:13:39.000,19.13,-1.3,0.0,0.0,20.47,57000,3.35,42.0,0.123
2024-04-11T18:15:38.000,18.97,-1.09,0.12,0.09,20.47,57002,2.97,42.0,0.123
2024-04-11T18:16:38.000,18.9,-1.08,0.0,0.0,20.47,57003,2.78,42.0,0.123
2024-04-11T18:17:39.000,18.81,-1.25,0.0,0.0,20.47,57004,2.59,42.0,0.123
2024-04-11T18:18:39.000,18.68,-1.27,0.12,0.1,20.47,57005,2.4,42.0,0.123
2024-04-11T18:19:39.000,18.64,-1.11,0.0,0.0,20.47,57006,2.21,41.0,0.123
2024-04-11T18:20:39.000,18.56,-1.23,0.0,0.0,20.47,57007,2.02,41.0,0.123
2024-04-11T18:21:39.000,18.45,-1.27,0.0,0.0,20.47,57008,1.83,41.0,0.123
2024-04-11T18:31:40.000,17.75,-1.27,0.0,0.0,20.47,57018,-0.07,39.0,0.124
2024-04-11T18:32:39.000,17.71,-1.28,0.0,0.0,20.47,57019,-0.26,39.0,0.124
2024-04-11T18:33:40.000,17.65,-1.39,0.0,0.0,20.47,57020,-0.45,39.0,0.124
2024-04-11T18:34:40.000,17.56,-1.54,0.54,0.18,20.47,57021,-0.64,39.0,0.124
2024-04-11T18:35:40.000,17.48,-1.51,0.0,0.0,20.47,57022,-0.82,38.0,0.124
2024-04-11T18:36:40.000,17.44,-1.49,0.0,0.0,20.47,57023,-1.01,38.0,0.124
2024-04-11T18:37:40.000,17.37,-1.55,0.0,0.0,20.47,57024,-1.2,38.0,0.124
2024-04-11T18:38:40.000,17.33,-1.48,0.0,0.0,20.47,57025,-1.39,38.0,0.124
2024-04-11T18:39:40.000,17.28,-1.66,0.0,0.0,20.47,57026,-1.58,38.0,0.124
2024-04-11T18:40:40.000,17.2,-1.73,22572.69,3.01,20.47,57027,-1.77,37.0,0.124
2024-04-11T18:41:40.000,17.18,-1.45,58101.05,8.56,20.47,57028,-1.95,37.0,0.124
2024-04-11T18:42:40.000,17.18,-1.4,50673.8,8.71,20.47,57029,-2.14,37.0,0.124
2024-04-11T18:43:43.000,17.16,-1.44,43696.49,8.87,20.47,57030,-2.34,37.0,0.124
2024-04-11T18:44:42.000,17.13,-1.48,36933.41,9.05,20.47,57031,-2.52,37.0,0.124
2024-04-11T18:45:42.000,17.09,-1.51,30848.24,9.25,20.47,57032,-2.71,36.0,0.124
2024-04-11T18:46:42.000,17.08,-1.46,25328.08,9.53,20.47,57033,-2.9,36.0,0.124
2024-04-11T18:47:43.000,17.04,-1.6,21040.9,9.66,20.47,57034,-3.09,36.0,0.124
2024-04-11T18:48:43.000,17.0,-1.51,17111.08,9.89,20.47,57035,-3.28,36.0,0.124
2024-04-11T18:49:43.000,16.99,-1.51,13866.6,10.12,20.47,57036,-3.46,36.0,0.124
2024-04-11T18:50:43.000,16.97,-1.57,11239.06,10.35,20.47,57037,-3.65,36.0,0.124
2024-04-11T18:51:43.000,16.93,-1.6,9048.88,10.58,20.47,57038,-3.84,35.0,0.125
2024-04-11T18:52:43.000,16.92,-1.47,7172.33,10.83,20.47,57039,-4.02,35.0,0.125
2024-04-11T18:53:43.000,16.91,-1.48,5616.58,11.1,20.47,57040,-4.21,35.0,0.125
2024-04-11T18:54:44.000,16.91,-1.42,4383.91,11.37,20.47,57041,-4.4,35.0,0.125
2024-04-11T18:55:43.000,16.88,-1.57,3434.67,11.63,20.47,57042,-4.58,35.0,0.125
2024-04-11T18:56:43.000,16.85,-1.67,2709.62,11.89,20.47,57043,-4.77,34.0,0.125
2024-04-11T18:57:43.000,16.83,-1.52,2150.25,12.14,20.47,57044,-4.95,34.0,0.125
2024-04-11T18:58:43.000,16.82,-1.61,1713.64,12.39,20.47,57045,-5.14,34.0,0.125
2024-04-11T18:59:45.000,16.82,-1.51,1368.55,12.63,20.47,57046,-5.33,34.0,0.125
2024-04-11T19:00:45.000,16.8,-1.55,1095.82,12.87,20.47,57047,-5.52,34.0,0.125
2024-04-11T19:01:45.000,16.81,-1.48,880.04,13.11,20.47,57048,-5.7,34.0,0.125
2024-04-11T19:02:45.000,16.8,-1.47,707.84,13.35,20.47,57049,-5.89,33.0,0.125
2024-04-11T19:03:46.000,16.78,-1.48,571.66,13.58,20.47,57050,-6.07,33.0,0.125
2024-04-11T19:04:45.000,16.77,-1.56,463.44,13.81,20.47,57051,-6.26,33.0,0.125
2024-04-11T19:05:45.000,16.77,-1.51,376.47,14.03,20.47,57052,-6.44,33.0,0.125
2024-04-11T19:06:45.000,16.74,-1.63,305.69,14.26,20.47,57053,-6.63,33.0,0.125
2024-04-11T19:08:48.000,16.71,-1.58,204.88,14.69,20.47,57055,-7.0,32.0,0.125
2024-04-11T19:09:47.000,16.71,-1.63,167.96,14.91,20.47,57056,-7.18,32.0,0.125
2024-04-11T19:10:48.000,16.69,-1.63,138.56,15.12,20.47,57057,-7.37,32.0,0.126
2024-04-11T19:11:47.000,16.68,-1.7,115.3,15.32,20.47,57058,-7.55,32.0,0.126
2024-04-11T19:12:47.000,16.64,-1.78,97.07,15.5,20.47,57059,-7.73,31.0,0.126
2024-04-11T19:13:47.000,16.64,-1.65,82.07,15.69,20.47,57060,-7.92,31.0,0.126
2024-04-11T19:14:47.000,16.64,-1.65,69.98,15.86,20.47,57061,-8.1,31.0,0.126
2024-04-11T19:15:48.000,16.61,-1.69,60.32,16.02,20.47,57062,-8.29,31.0,0.126
2024-04-11T19:16:49.000,16.57,-1.75,51.81,16.19,20.47,57063,-8.47,31.0,0.126
2024-04-11T19:17:48.000,16.56,-1.67,46.02,16.31,20.47,57064,-8.65,31.0,0.126
2024-04-11T19:18:48.000,16.56,-1.69,41.67,16.42,20.47,57065,-8.83,30.0,0.126
2024-04-11T19:19:48.000,16.55,-1.68,37.35,16.54,20.47,57066,-9.02,30.0,0.126
2024-04-11T19:20:48.000,16.53,-1.69,33.67,16.65,20.47,57067,-9.2,30.0,0.126
2024-04-11T19:21:48.000,16.53,-1.66,30.79,16.75,20.47,57068,-9.38,30.0,0.126
2024-04-11T19:23:57.000,16.49,-1.72,26.46,16.91,20.47,57070,-9.77,29.0,0.126
2024-04-11T19:24:57.000,16.44,-1.72,24.99,16.98,20.47,57071,-9.95,29.0,0.126
2024-04-11T19:25:57.000,16.45,-1.66,23.67,17.03,20.47,57072,-10.13,29.0,0.126
2024-04-11T19:26:57.000,16.44,-1.63,22.59,17.09,20.47,57073,-10.31,29.0,0.126
2024-04-11T19:27:58.000,16.42,-1.65,21.78,17.13,20.47,57074,-10.5,29.0,0.126
2024-04-11T19:28:59.000,16.41,-1.64,20.97,17.17,20.47,57075,-10.68,29.0,0.127
2024-04-11T19:29:59.000,16.39,-1.65,20.39,17.2,20.47,57076,-10.86,28.0,0.127
2024-04-11T19:30:59.000,16.37,-1.6,19.72,17.23,20.47,57077,-11.04,28.0,0.127
2024-04-11T19:31:59.000,16.35,-1.59,19.34,17.25,20.47,57078,-11.22,28.0,0.127
2024-04-11T19:32:59.000,16.34,-1.56,18.93,17.28,20.47,57079,-11.4,28.0,0.127
2024-04-11T19:33:59.000,16.33,-1.62,18.34,17.31,20.47,57080,-11.58,28.0,0.127
2024-04-11T19:34:59.000,16.33,-1.53,18.05,17.33,20.47,57081,-11.76,27.0,0.127
