ecsv/stars76/stars76_2025-04.ecsv
# %ECSV 1.0
# ---
# datatype:
# - {name: time, datatype: string}
# - {name: Enclosure Temperature, unit: deg_C, datatype: float64}
# - {name: Sky Temperature, unit: deg_C, datatype: float64}
# - {name: Frequency, unit: Hz, datatype: float64}
# - {name: MSAS, unit: mag / arcsec2, datatype: float64}
# - {name: ZP, datatype: float64}
# - {name: Sequence Number, datatype: int64}
# - {name: Sun Alt, unit: deg, datatype: float64}
# - {name: Moon Alt, unit: deg, datatype: float64}
# - {name: Moon Illumination, datatype: float64}
# delimiter: ','
# meta: !!omap
# - ida:
#     Data supplier: {affiliation: null, observer: Enric Marco}
#     Device type: TESS-W
#     Field of view: 17.0
#     Filters per channel: None
#     Instrument ID: stars76
#     License: ODbL 1.0 http://opendatacommons.org/licenses/odbl/summary/
#     Local timezone: Europe/Madrid
#     Location name: {country: Spain, place: Valencia, region: Valencian Community, sub_region: "Comarca de Val\xE8ncia", town: Valencia}
#     Measurement direction per channel: {azimuth: 0.0, zenital: 0.0}
#     Moving / Fixed look direction: FIXED
#     Moving / Stationary position: STATIONARY
#     Number of channels: 1
#     Number of fields per line: 8
#     Number of header lines: 35
#     Position: {height: 0.0, latitude: 39.478898, longitude: -0.376524}
#     TESS MAC address: 18:FE:34:CF:ED:70
#     TESS cover offset value: 0.0
#     TESS firmware version: '1.0'
#     TESS zero point: 20.47
#     Time Synchronization: timestamp added by MQTT subscriber
#     URL: http://www.darksky.org/NSBM/sdf1.0.pdf
# - __serialized_columns__:
#     Enclosure Temperature:
#       __class__: astropy.units.quantity.Quantity
#       unit: &id001 !astropy.units.Unit {unit: deg_C}
#       value: !astropy.table.SerializedColumn {name: Enclosure Temperature}
#     Frequency:
#       __class__: astropy.units.quantity.Quantity
#       unit: !astropy.units.Unit {unit: Hz}
#       value: !astropy.table.SerializedColumn {name: Frequency}
#     MSAS:
#       __class__: astropy.units.quantity.Quantity
#       unit: !astropy.units.Unit {unit: mag / arcsec2}
#       value: !astropy.table.SerializedColumn {name: MSAS}
#     Moon Alt:
#       __class__: astropy.units.quantity.Quantity
#       unit: &id002 !astropy.units.Unit {unit: deg}
#       value: !astropy.table.SerializedColumn {name: Moon Alt}
#     Sky Temperature:
#       __class__: astropy.units.quantity.Quantity
#       unit: *id001
#       value: !astropy.table.SerializedColumn {name: Sky Temperature}
#     Sun Alt:
#       __class__: astropy.units.quantity.Quantity
#       unit: *id002
#       value: !astropy.table.SerializedColumn {name: Sun Alt}
#     time:
#       __class__: astropy.time.core.Time
#       format: isot
#       in_subfmt: '*'
#       out_subfmt: '*'
#       precision: 3
#       scale: utc
#       value: !astropy.table.SerializedColumn {name: time}
# schema: astropy-2.0
time,Enclosure Temperature,Sky Temperature,Frequency,MSAS,ZP,Sequence Number,Sun Alt,Moon Alt,Moon Illumination
[from data line 11596]
2025-04-16T01:43:08.000,12.22,-10.94,9.07,18.08,20.47,26752,-35.02,25.0,0.917
2025-04-16T01:44:08.000,12.17,-11.24,9.05,18.08,20.47,26753,-34.92,25.0,0.917
2025-04-16T01:45:08.000,12.17,-11.1,9.06,18.08,20.47,26754,-34.82,25.0,0.917
2025-04-16T01:46:08.000,12.14,-11.24,8.97,18.09,20.47,26755,-34.72,25.0,0.917
2025-04-16T01:47:08.000,12.16,-11.05,8.84,18.1,20.47,26756,-34.62,25.0,0.917
2025-04-16T01:48:08.000,12.14,-11.06,8.83,18.11,20.47,26757,-34.51,25.0,0.917
2025-04-16T01:49:08.000,12.13,-11.07,8.9,18.1,20.47,26758,-34.41,25.0,0.917
2025-04-16T01:50:09.000,12.15,-11.01,8.84,18.1,20.47,26759,-34.3,25.0,0.917
2025-04-16T01:51:09.000,12.1,-11.16,8.86,18.1,20.47,26760,-34.2,25.0,0.917
2025-04-16T01:52:09.000,12.08,-11.13,8.87,18.1,20.47,26761,-34.09,25.0,0.917
2025-04-16T01:53:09.000,12.09,-11.01,8.86,18.1,20.47,26762,-33.98,25.0,0.917
2025-04-16T01:54:09.000,12.09,-10.96,8.94,18.09,20.47,26763,-33.87,25.0,0.917
2025-04-16T01:55:09.000,12.09,-10.88,9.04,18.08,20.47,26764,-33.77,25.0,0.917
2025-04-16T01:56:09.000,12.07,-11.0,9.06,18.08,20.47,26765,-33.66,25.0,0.917
2025-04-16T01:57:09.000,12.05,-11.05,9.05,18.08,20.47,26766,-33.55,25.0,0.917
2025-04-16T01:58:09.000,12.0,-11.23,9.06,18.08,20.47,26767,-33.43,25.0,0.917
2025-04-16T01:59:09.000,11.97,-11.14,9.09,18.07,20.47,26768,-33.32,25.0,0.917
2025-04-16T02:00:09.000,11.94,-11.23,9.13,18.07,20.47,26769,-33.21,25.0,0.917
2025-04-16T02:01:09.000,11.9,-11.15,9.18,18.06,20.47,26770,-33.1,25.0,0.917
2025-04-16T02:02:09.000,11.88,-11.11,9.28,18.05,20.47,26771,-32.98,25.0,0.917
2025-04-16T02:03:09.000,11.87,-10.92,9.36,18.04,20.47,26772,-32.87,25.0,0.917
2025-04-16T02:04:09.000,11.88,-10.82,9.43,18.03,20.47,26773,-32.75,25.0,0.917
2025-04-16T02:05:09.000,11.88,-10.75,9.51,18.03,20.47,26774,-32.64,25.0,0.917
2025-04-16T02:06:10.000,11.87,-10.76,9.5,18.03,20.47,26775,-32.52,25.0,0.916
2025-04-16T02:07:10.000,11.87,-10.69,9.44,18.03,20.47,26776,-32.4,25.0,0.916
2025-04-16T02:08:10.000,11.87,-10.84,9.33,18.05,20.47,26777,-32.28,25.0,0.916
2025-04-16T02:09:10.000,11.87,-10.91,9.21,18.06,20.47,26778,-32.17,25.0,0.916
2025-04-16T02:10:10.000,11.83,-11.15,9.06,18.08,20.47,26779,-32.05,25.0,0.916
2025-04-16T02:11:10.000,11.83,-11.24,8.99,18.09,20.47,26780,-31.93,25.0,0.916
2025-04-16T02:12:10.000,11.8,-11.31,8.78,18.11,20.47,26781,-31.81,25.0,0.916
2025-04-16T02:13:10.000,11.79,-11.35,8.79,18.11,20.47,26782,-31.68,25.0,0.916
2025-04-16T02:14:10.000,11.76,-11.43,8.77,18.11,20.47,26783,-31.56,25.0,0.916
2025-04-16T02:15:10.000,11.71,-11.61,8.74,18.12,20.47,26784,-31.44,25.0,0.916
2025-04-16T02:16:11.000,11.69,-11.51,8.76,18.11,20.47,26785,-31.31,25.0,0.916
2025-04-16T02:17:10.000,11.67,-11.54,8.77,18.11,20.47,26786,-31.19,25.0,0.916
2025-04-16T02:18:11.000,11.66,-11.47,8.73,18.12,20.47,26787,-31.07,25.0,0.916
2025-04-16T02:19:11.000,11.65,-11.53,8.69,18.12,20.47,26788,-30.94,25.0,0.916
2025-04-16T02:20:11.000,11.64,-11.54,8.71,18.12,20.47,26789,-30.81,25.0,0.916
2025-04-16T02:21:11.000,11.63,-11.49,8.71,18.12,20.47,26790,-30.69,25.0,0.916
2025-04-16T02:22:11.000,11.61,-11.42,8.78,18.11,20.47,26791,-30.56,25.0,0.916
2025-04-16T02:23:11.000,11.6,-11.5,8.69,18.12,20.47,26792,-30.43,25.0,0.916
2025-04-16T02:24:11.000,11.56,-11.58,8.63,18.13,20.47,26793,-30.3,25.0,0.916
2025-04-16T02:25:11.000,11.57,-11.36,8.67,18.13,20.47,26794,-30.18,25.0,0.916
2025-04-16T02:26:11.000,11.57,-11.41,8.82,18.11,20.47,26795,-30.05,25.0,0.916
2025-04-16T02:27:11.000,11.56,-11.44,8.83,18.11,20.47,26796,-29.92,25.0,0.916
2025-04-16T02:28:11.000,11.58,-11.2,8.99,18.09,20.47,26797,-29.79,25.0,0.916
2025-04-16T02:29:11.000,11.56,-11.34,8.97,18.09,20.47,26798,-29.65,25.0,0.916
2025-04-16T02:30:11.000,11.56,-11.2,9.07,18.08,20.47,26799,-29.52,25.0,0.916
2025-04-16T02:31:11.000,11.56,-11.12,9.14,18.07,20.47,26800,-29.39,25.0,0.916
2025-04-16T02:32:11.000,11.56,-11.1,9.17,18.06,20.47,26801,-29.26,25.0,0.916
2025-04-16T02:33:11.000,11.56,-11.09,9.21,18.06,20.47,26802,-29.12,25.0,0.915
2025-04-16T02:34:11.000,11.55,-11.09,9.2,18.06,20.47,26803,-28.99,25.0,0.915
2025-04-16T02:35:12.000,11.51,-11.25,9.22,18.06,20.47,26804,-28.85,25.0,0.915
2025-04-16T02:36:12.000,11.48,-11.33,9.19,18.06,20.47,26805,-28.72,25.0,0.915
2025-04-16T02:37:12.000,11.49,-11.19,9.12,18.07,20.47,26806,-28.58,25.0,0.915
2025-04-16T02:38:12.000,11.5,-11.24,9.09,18.07,20.47,26807,-28.44,25.0,0.915
2025-04-16T02:39:12.000,11.48,-11.31,8.9,18.1,20.47,26808,-28.31,25.0,0.915
2025-04-16T02:40:12.000,11.49,-11.3,8.84,18.1,20.47,26809,-28.17,25.0,0.915
2025-04-16T02:41:12.000,11.48,-11.37,8.83,18.11,20.47,26810,-28.03,25.0,0.915
2025-04-16T02:42:12.000,11.48,-11.38,8.95,18.09,20.47,26811,-27.89,25.0,0.915
2025-04-16T02:43:12.000,11.5,-11.19,8.91,18.1,20.47,26812,-27.75,25.0,0.915
2025-04-16T02:44:12.000,11.5,-11.37,9.0,18.08,20.47,26813,-27.61,25.0,0.915
2025-04-16T02:45:12.000,11.48,-11.43,8.81,18.11,20.47,26814,-27.47,25.0,0.915
2025-04-16T02:46:12.000,11.51,-11.29,8.81,18.11,20.47,26815,-27.33,24.0,0.915
2025-04-16T02:47:12.000,11.5,-11.46,8.77,18.11,20.47,26816,-27.19,24.0,0.915
2025-04-16T02:48:12.000,11.49,-11.45,8.79,18.11,20.47,26817,-27.05,24.0,0.915
2025-04-16T02:49:12.000,11.5,-11.4,8.79,18.11,20.47,26818,-26.91,24.0,0.915
2025-04-16T02:50:12.000,11.5,-11.42,8.74,18.12,20.47,26819,-26.76,24.0,0.915
2025-04-16T02:51:12.000,11.52,-11.33,8.75,18.12,20.47,26820,-26.62,24.0,0.915
2025-04-16T02:52:13.000,11.52,-11.39,8.67,18.13,20.47,26821,-26.47,24.0,0.915
2025-04-16T02:53:13.000,11.52,-11.42,8.63,18.13,20.47,26822,-26.33,24.0,0.915
2025-04-16T02:54:13.000,11.52,-11.44,8.62,18.13,20.47,26823,-26.18,24.0,0.915
2025-04-16T02:55:13.000,11.5,-11.51,8.6,18.13,20.47,26824,-26.04,24.0,0.915
2025-04-16T02:56:13.000,11.51,-11.39,8.58,18.14,20.47,26825,-25.89,24.0,0.915
2025-04-16T02:57:13.000,11.52,-11.33,8.55,18.14,20.47,26826,-25.75,24.0,0.915
2025-04-16T02:58:13.000,11.53,-11.29,8.46,18.15,20.47,26827,-25.6,24.0,0.915
2025-04-16T02:59:13.000,11.52,-11.35,8.57,18.14,20.47,26828,-25.45,24.0,0.915
2025-04-16T03:00:13.000,11.5,-11.3,8.62,18.13,20.47,26829,-25.3,24.0,0.914
2025-04-16T03:01:13.000,11.49,-11.38,8.61,18.13,20.47,26830,-25.16,24.0,0.914
2025-04-16T03:02:13.000,11.47,-11.47,8.6,18.13,20.47,26831,-25.01,24.0,0.914
2025-04-16T03:03:13.000,11.45,-11.48,8.58,18.14,20.47,26832,-24.86,24.0,0.914
2025-04-16T03:04:13.000,11.47,-11.43,8.56,18.14,20.47,26833,-24.71,24.0,0.914
2025-04-16T03:05:13.000,11.45,-11.57,8.56,18.14,20.47,26834,-24.56,24.0,0.914
2025-04-16T03:06:14.000,11.47,-11.53,8.57,18.14,20.47,26835,-24.4,24.0,0.914
2025-04-16T03:07:13.000,11.48,-11.39,8.56,18.14,20.47,26836,-24.26,24.0,0.914
2025-04-16T03:08:14.000,11.48,-11.51,8.53,18.14,20.47,26837,-24.1,24.0,0.914
2025-04-16T03:09:14.000,11.44,-11.77,8.52,18.14,20.47,26838,-23.95,24.0,0.914
2025-04-16T03:10:14.000,11.44,-11.67,8.52,18.14,20.47,26839,-23.8,23.0,0.914
2025-04-16T03:11:14.000,11.48,-11.58,8.53,18.14,20.47,26840,-23.64,23.0,0.914
2025-04-16T03:12:14.000,11.49,-11.58,8.53,18.14,20.47,26841,-23.49,23.0,0.914
2025-04-16T03:13:14.000,11.48,-11.6,8.54,18.14,20.47,26842,-23.34,23.0,0.914
2025-04-16T03:14:14.000,11.49,-11.6,8.52,18.14,20.47,26843,-23.18,23.0,0.914
2025-04-16T03:15:14.000,11.48,-11.66,8.51,18.14,20.47,26844,-23.03,23.0,0.914
2025-04-16T03:16:14.000,11.48,-11.61,8.51,18.15,20.47,26845,-22.87,23.0,0.914
2025-04-16T03:17:14.000,11.47,-11.78,8.5,18.15,20.47,26846,-22.72,23.0,0.914
2025-04-16T03:18:14.000,11.49,-11.57,8.5,18.15,20.47,26847,-22.56,23.0,0.914
2025-04-16T03:19:14.000,11.5,-11.55,8.5,18.15,20.47,26848,-22.41,23.0,0.914
2025-04-16T03:20:14.000,11.51,-11.57,8.48,18.15,20.47,26849,-22.25,23.0,0.914
2025-04-16T03:21:14.000,11.5,-11.62,8.48,18.15,20.47,26850,-22.09,23.0,0.914
2025-04-16T03:22:14.000,11.51,-11.55,8.47,18.15,20.47,26851,-21.94,23.0,0.914
2025-04-16T03:23:14.000,11.52,-11.48,8.47,18.15,20.47,26852,-21.78,23.0,0.914
2025-04-16T03:24:15.000,11.51,-11.57,8.46,18.15,20.47,26853,-21.62,23.0,0.914
2025-04-16T03:25:15.000,11.5,-11.56,8.46,18.15,20.47,26854,-21.46,23.0,0.914
2025-04-16T03:26:15.000,11.49,-11.69,8.44,18.15,20.47,26855,-21.3,23.0,0.914
2025-04-16T03:27:15.000,11.49,-11.55,8.44,18.15,20.47,26856,-21.14,23.0,0.913
2025-04-16T03:28:15.000,11.5,-11.69,8.44,18.15,20.47,26857,-20.98,22.0,0.913
2025-04-16T03:29:15.000,11.53,-11.49,8.43,18.16,20.47,26858,-20.82,22.0,0.913
2025-04-16T03:30:15.000,11.52,-11.53,8.39,18.16,20.47,26859,-20.66,22.0,0.913
2025-04-16T03:31:15.000,11.51,-11.52,8.29,18.17,20.47,26860,-20.5,22.0,0.913
2025-04-16T03:32:15.000,11.51,-11.52,8.3,18.17,20.47,26861,-20.34,22.0,0.913
2025-04-16T03:33:15.000,11.49,-11.61,8.28,18.17,20.47,26862,-20.18,22.0,0.913
2025-04-16T03:34:15.000,11.49,-11.51,8.27,18.18,20.47,26863,-20.01,22.0,0.913
2025-04-16T03:35:15.000,11.48,-11.66,8.27,18.18,20.47,26864,-19.85,22.0,0.913
2025-04-16T03:36:15.000,11.48,-11.72,8.26,18.18,20.47,26865,-19.69,22.0,0.913
2025-04-16T03:37:15.000,11.5,-11.57,8.27,18.18,20.47,26866,-19.53,22.0,0.913
2025-04-16T03:38:15.000,11.51,-11.55,8.35,18.17,20.47,26867,-19.36,22.0,0.913
2025-04-16T03:39:15.000,11.5,-11.54,8.28,18.18,20.47,26868,-19.2,22.0,0.913
2025-04-16T03:40:15.000,11.47,-11.74,8.26,18.18,20.47,26869,-19.04,22.0,0.913
2025-04-16T03:41:15.000,11.49,-11.58,8.3,18.17,20.47,26870,-18.87,22.0,0.913
2025-04-16T03:42:16.000,11.48,-11.57,8.29,18.17,20.47,26871,-18.7,22.0,0.913
2025-04-16T03:43:16.000,11.47,-11.65,8.29,18.17,20.47,26872,-18.54,21.0,0.913
2025-04-16T03:44:16.000,11.45,-11.7,8.28,18.17,20.47,26873,-18.37,21.0,0.913
2025-04-16T03:45:16.000,11.47,-11.66,8.27,18.18,20.47,26874,-18.21,21.0,0.913
2025-04-16T03:46:16.000,11.47,-11.68,8.27,18.18,20.47,26875,-18.04,21.0,0.913
2025-04-16T03:47:16.000,11.46,-11.66,8.25,18.18,20.47,26876,-17.87,21.0,0.913
2025-04-16T03:48:16.000,11.45,-11.74,8.18,18.19,20.47,26877,-17.71,21.0,0.913
2025-04-16T03:49:16.000,11.44,-11.67,8.21,18.18,20.47,26878,-17.54,21.0,0.913
2025-04-16T03:50:16.000,11.44,-11.76,8.18,18.19,20.47,26879,-17.37,21.0,0.913
2025-04-16T03:51:16.000,11.46,-11.62,8.15,18.19,20.47,26880,-17.21,21.0,0.913
2025-04-16T03:52:16.000,11.45,-11.62,8.14,18.19,20.47,26881,-17.04,21.0,0.913
2025-04-16T03:53:16.000,11.43,-11.72,8.16,18.19,20.47,26882,-16.87,21.0,0.913
2025-04-16T03:54:16.000,11.42,-11.63,8.14,18.19,20.47,26883,-16.7,21.0,0.912
2025-04-16T03:55:16.000,11.36,-11.81,8.1,18.2,20.47,26884,-16.53,21.0,0.912
2025-04-16T03:56:16.000,11.35,-11.77,8.11,18.2,20.47,26885,-16.36,20.0,0.912
2025-04-16T03:57:16.000,11.37,-11.71,8.11,18.2,20.47,26886,-16.19,20.0,0.912
2025-04-16T03:58:17.000,11.34,-11.93,8.09,18.2,20.47,26887,-16.02,20.0,0.912
2025-04-16T03:59:17.000,11.36,-11.67,8.09,18.2,20.47,26888,-15.85,20.0,0.912
2025-04-16T04:00:17.000,11.37,-11.7,8.1,18.2,20.47,26889,-15.68,20.0,0.912
2025-04-16T04:01:17.000,11.36,-11.76,7.85,18.23,20.47,26890,-15.51,20.0,0.912
2025-04-16T04:02:17.000,11.34,-11.87,7.15,18.34,20.47,26891,-15.34,20.0,0.912
2025-04-16T04:03:17.000,11.34,-11.76,6.84,18.38,20.47,26892,-15.17,20.0,0.912
2025-04-16T04:04:17.000,11.35,-11.78,7.19,18.33,20.47,26893,-14.99,20.0,0.912
2025-04-16T04:05:17.000,11.35,-11.76,7.16,18.33,20.47,26894,-14.82,20.0,0.912
2025-04-16T04:06:17.000,11.35,-11.78,7.27,18.32,20.47,26895,-14.65,20.0,0.912
2025-04-16T04:07:17.000,11.34,-11.95,7.67,18.26,20.47,26896,-14.48,20.0,0.912
2025-04-16T04:08:17.000,11.35,-11.83,7.84,18.23,20.47,26897,-14.31,19.0,0.912
2025-04-16T04:09:17.000,11.36,-11.86,7.89,18.23,20.47,26898,-14.13,19.0,0.912
2025-04-16T04:10:17.000,11.36,-11.77,7.92,18.22,20.47,26899,-13.96,19.0,0.912
2025-04-16T04:11:17.000,11.37,-11.8,7.99,18.21,20.47,26900,-13.79,19.0,0.912
2025-04-16T04:12:17.000,11.34,-11.83,8.07,18.2,20.47,26901,-13.61,19.0,0.912
2025-04-16T04:13:17.000,11.35,-11.83,8.12,18.2,20.47,26902,-13.44,19.0,0.912
2025-04-16T04:14:18.000,11.32,-11.95,8.15,18.19,20.47,26903,-13.26,19.0,0.912
2025-04-16T04:15:18.000,11.31,-11.96,8.26,18.18,20.47,26904,-13.09,19.0,0.912
2025-04-16T04:16:18.000,11.31,-12.06,8.29,18.17,20.47,26905,-12.91,19.0,0.912
2025-04-16T04:17:18.000,11.31,-12.03,8.3,18.17,20.47,26906,-12.74,19.0,0.912
2025-04-16T04:18:18.000,11.34,-11.92,8.25,18.18,20.47,26907,-12.56,19.0,0.912
2025-04-16T04:19:18.000,11.34,-11.98,8.3,18.17,20.47,26908,-12.39,18.0,0.912
2025-04-16T04:20:18.000,11.32,-12.15,8.41,18.16,20.47,26909,-12.21,18.0,0.912
2025-04-16T04:21:18.000,11.33,-11.95,8.55,18.14,20.47,26910,-12.03,18.0,0.911
2025-04-16T04:22:18.000,11.31,-12.06,8.61,18.13,20.47,26911,-11.86,18.0,0.911
2025-04-16T04:23:18.000,11.33,-12.02,8.69,18.12,20.47,26912,-11.68,18.0,0.911
2025-04-16T04:24:18.000,11.34,-11.97,8.8,18.11,20.47,26913,-11.5,18.0,0.911
2025-04-16T04:25:18.000,11.34,-12.0,8.89,18.1,20.47,26914,-11.33,18.0,0.911
2025-04-16T04:26:18.000,11.34,-12.06,9.13,18.07,20.47,26915,-11.15,18.0,0.911
2025-04-16T04:27:18.000,11.32,-12.02,9.35,18.04,20.47,26916,-10.97,18.0,0.911
2025-04-16T04:28:18.000,11.35,-11.93,9.52,18.02,20.47,26917,-10.79,18.0,0.911
2025-04-16T04:29:18.000,11.33,-12.07,9.87,17.99,20.47,26918,-10.62,17.0,0.911
2025-04-16T04:30:18.000,11.33,-12.02,10.22,17.95,20.47,26919,-10.44,17.0,0.911
2025-04-16T04:31:19.000,11.34,-12.0,10.62,17.91,20.47,26920,-10.26,17.0,0.911
2025-04-16T04:32:19.000,11.31,-12.09,11.18,17.85,20.47,26921,-10.08,17.0,0.911
2025-04-16T04:33:19.000,11.33,-11.96,11.67,17.8,20.47,26922,-9.9,17.0,0.911
2025-04-16T04:34:19.000,11.33,-12.01,12.44,17.73,20.47,26923,-9.72,17.0,0.911
2025-04-16T04:35:19.000,11.32,-12.0,13.32,17.66,20.47,26924,-9.54,17.0,0.911
2025-04-16T04:36:19.000,11.32,-12.03,14.35,17.58,20.47,26925,-9.36,17.0,0.911
2025-04-16T04:37:19.000,11.33,-11.98,15.53,17.49,20.47,26926,-9.18,17.0,0.911
2025-04-16T04:38:19.000,11.32,-12.13,17.18,17.38,20.47,26927,-9.0,16.0,0.911
2025-04-16T04:39:19.000,11.32,-12.02,19.08,17.27,20.47,26928,-8.82,16.0,0.911
2025-04-16T04:40:19.000,11.34,-11.94,21.17,17.16,20.47,26929,-8.64,16.0,0.911
2025-04-16T04:41:19.000,11.34,-11.95,24.03,17.02,20.47,26930,-8.46,16.0,0.911
2025-04-16T04:42:19.000,11.34,-12.01,27.59,16.87,20.47,26931,-8.28,16.0,0.911
2025-04-16T04:43:19.000,11.34,-11.96,32.1,16.71,20.47,26932,-8.1,16.0,0.911
2025-04-16T04:44:19.000,11.34,-12.03,37.8,16.53,20.47,26933,-7.92,16.0,0.911
2025-04-16T04:45:19.000,11.35,-11.94,44.32,16.36,20.47,26934,-7.74,16.0,0.911
2025-04-16T04:46:19.000,11.37,-11.92,52.54,16.17,20.47,26935,-7.56,16.0,0.911
2025-04-16T04:47:19.000,11.38,-11.87,65.02,15.94,20.47,26936,-7.37,16.0,0.91
2025-04-16T04:48:20.000,11.37,-11.9,79.64,15.72,20.47,26937,-7.19,15.0,0.91
2025-04-16T04:49:20.000,11.36,-11.91,98.2,15.49,20.47,26938,-7.01,15.0,0.91
2025-04-16T04:50:20.000,11.38,-11.9,122.05,15.26,20.47,26939,-6.82,15.0,0.91
2025-04-16T04:51:20.000,11.39,-11.86,152.02,15.02,20.47,26940,-6.64,15.0,0.91
2025-04-16T04:52:20.000,11.38,-11.87,190.74,14.77,20.47,26941,-6.46,15.0,0.91
2025-04-16T04:53:20.000,11.36,-11.96,239.28,14.53,20.47,26942,-6.28,15.0,0.91
2025-04-16T04:54:20.000,11.35,-11.98,300.43,14.28,20.47,26943,-6.09,15.0,0.91
2025-04-16T04:55:20.000,11.38,-11.89,376.56,14.03,20.47,26944,-5.91,15.0,0.91
2025-04-16T04:56:20.000,11.4,-11.89,472.04,13.79,20.47,26945,-5.73,14.0,0.91
2025-04-16T04:57:20.000,11.4,-11.88,590.07,13.54,20.47,26946,-5.54,14.0,0.91
2025-04-16T04:58:20.000,11.39,-11.97,737.03,13.3,20.47,26947,-5.36,14.0,0.91
2025-04-16T04:59:20.000,11.39,-11.9,921.09,13.06,20.47,26948,-5.18,14.0,0.91
2025-04-16T05:00:20.000,11.4,-11.86,1151.19,12.82,20.47,26949,-4.99,14.0,0.91
2025-04-16T05:01:20.000,11.4,-11.85,1438.2,12.58,20.47,26950,-4.81,14.0,0.91
2025-04-16T05:02:20.000,11.38,-11.95,1798.96,12.33,20.47,26951,-4.62,14.0,0.91
2025-04-16T05:03:21.000,11.35,-11.96,2249.6,12.09,20.47,26952,-4.44,14.0,0.91
2025-04-16T05:04:21.000,11.35,-11.93,2814.78,11.85,20.47,26953,-4.25,14.0,0.91
2025-04-16T05:05:21.000,11.35,-11.93,3526.67,11.6,20.47,26954,-4.07,13.0,0.91
2025-04-16T05:06:21.000,11.33,-12.03,4420.4,11.36,20.47,26955,-3.88,13.0,0.91
2025-04-16T05:07:21.000,11.33,-12.03,5523.98,11.12,20.47,26956,-3.7,13.0,0.91
