ecsv/stars76/stars76_2024-04.ecsv
# %ECSV 1.0
# ---
# datatype:
# - {name: time, datatype: string}
# - {name: Enclosure Temperature, unit: deg_C, datatype: float64}
# - {name: Sky Temperature, unit: deg_C, datatype: float64}
# - {name: Frequency, unit: Hz, datatype: float64}
# - {name: MSAS, unit: mag / arcsec2, datatype: float64}
# - {name: ZP, datatype: float64}
# - {name: Sequence Number, datatype: int64}
# - {name: Sun Alt, unit: deg, datatype: float64}
# - {name: Moon Alt, unit: deg, datatype: float64}
# - {name: Moon Illumination, datatype: float64}
# delimiter: ','
# meta: !!omap
# - ida:
#     Data supplier: {affiliation: null, observer: Enric Marco}
#     Device type: TESS-W
#     Field of view: 17.0
#     Filters per channel: None
#     Instrument ID: stars76
#     License: ODbL 1.0 http://opendatacommons.org/licenses/odbl/summary/
#     Local timezone: Europe/Madrid
#     Location name: {country: '- Valencia', place: Valencia, region: Spain, sub_region: Valencian Community, town: "Comarca de Val\xE8\
#         ncia"}
#     Measurement direction per channel: {azimuth: 0.0, zenital: 0.0}
#     Moving / Fixed look direction: FIXED
#     Moving / Stationary position: STATIONARY
#     Number of channels: 1
#     Number of fields per line: 8
#     Number of header lines: 35
#     Position: {height: 0.0, latitude: 39.478898, longitude: -0.376524}
#     TESS MAC address: 18:FE:34:CF:ED:70
#     TESS cover offset value: 0.0
#     TESS firmware version: '1.0'
#     TESS zero point: 20.47
#     Time Synchronization: timestamp added by MQTT subscriber
#     URL: http://www.darksky.org/NSBM/sdf1.0.pdf
# - __serialized_columns__:
#     Enclosure Temperature:
#       __class__: astropy.units.quantity.Quantity
#       unit: &id001 !astropy.units.Unit {unit: deg_C}
#       value: !astropy.table.SerializedColumn {name: Enclosure Temperature}
#     Frequency:
#       __class__: astropy.units.quantity.Quantity
#       unit: !astropy.units.Unit {unit: Hz}
#       value: !astropy.table.SerializedColumn {name: Frequency}
#     MSAS:
#       __class__: astropy.units.quantity.Quantity
#       unit: !astropy.units.Unit {unit: mag / arcsec2}
#       value: !astropy.table.SerializedColumn {name: MSAS}
#     Moon Alt:
#       __class__: astropy.units.quantity.Quantity
#       unit: &id002 !astropy.units.Unit {unit: deg}
#       value: !astropy.table.SerializedColumn {name: Moon Alt}
#     Sky Temperature:
#       __class__: astropy.units.quantity.Quantity
#       unit: *id001
#       value: !astropy.table.SerializedColumn {name: Sky Temperature}
#     Sun Alt:
#       __class__: astropy.units.quantity.Quantity
#       unit: *id002
#       value: !astropy.table.SerializedColumn {name: Sun Alt}
#     time:
#       __class__: astropy.time.core.Time
#       format: isot
#       in_subfmt: '*'
#       out_subfmt: '*'
#       precision: 3
#       scale: utc
#       value: !astropy.table.SerializedColumn {name: time}
# schema: astropy-2.0
time,Enclosure Temperature,Sky Temperature,Frequency,MSAS,ZP,Sequence Number,Sun Alt,Moon Alt,Moon Illumination
[from data line 3151]
2024-04-05T02:55:53.000,14.67,-1.84,7.92,18.22,20.47,47699,-29.53,-13.0,0.186
2024-04-05T02:56:53.000,14.67,-1.85,7.93,18.22,20.47,47700,-29.38,-12.0,0.186
2024-04-05T02:57:53.000,14.66,-1.86,7.92,18.22,20.47,47701,-29.23,-12.0,0.186
2024-04-05T02:58:54.000,14.64,-1.9,7.87,18.23,20.47,47702,-29.07,-12.0,0.186
2024-04-05T02:59:54.000,14.62,-1.96,7.86,18.23,20.47,47703,-28.92,-12.0,0.186
2024-04-05T03:00:54.000,14.6,-2.01,7.85,18.23,20.47,47704,-28.77,-12.0,0.186
2024-04-05T03:01:54.000,14.59,-2.03,7.85,18.23,20.47,47705,-28.62,-11.0,0.186
2024-04-05T03:02:54.000,14.57,-2.05,7.84,18.24,20.47,47706,-28.46,-11.0,0.186
2024-04-05T03:03:54.000,14.57,-2.14,7.82,18.24,20.47,47707,-28.31,-11.0,0.186
2024-04-05T03:04:54.000,14.58,-2.03,7.82,18.24,20.47,47708,-28.16,-11.0,0.185
2024-04-05T03:05:54.000,14.58,-2.09,7.89,18.23,20.47,47709,-28.0,-11.0,0.185
2024-04-05T03:06:54.000,14.59,-2.06,7.89,18.23,20.47,47710,-27.85,-11.0,0.185
2024-04-05T03:07:54.000,14.59,-2.13,7.9,18.23,20.47,47711,-27.69,-10.0,0.185
2024-04-05T03:08:55.000,14.58,-2.13,7.89,18.23,20.47,47712,-27.53,-10.0,0.185
2024-04-05T03:09:54.000,14.59,-2.1,7.84,18.24,20.47,47713,-27.38,-10.0,0.185
2024-04-05T03:10:54.000,14.57,-2.18,7.85,18.23,20.47,47714,-27.22,-10.0,0.185
2024-04-05T03:11:54.000,14.57,-2.18,7.9,18.23,20.47,47715,-27.06,-10.0,0.185
2024-04-05T03:12:54.000,14.56,-2.22,7.93,18.22,20.47,47716,-26.9,-9.0,0.185
2024-04-05T03:13:54.000,14.58,-2.11,7.89,18.23,20.47,47717,-26.75,-9.0,0.185
2024-04-05T03:14:55.000,14.61,-2.12,7.93,18.22,20.47,47718,-26.59,-9.0,0.185
2024-04-05T03:15:55.000,14.57,-2.2,7.96,18.22,20.47,47719,-26.43,-9.0,0.185
2024-04-05T03:16:55.000,14.56,-2.23,7.93,18.22,20.47,47720,-26.27,-9.0,0.185
2024-04-05T03:17:55.000,14.55,-2.19,7.85,18.23,20.47,47721,-26.11,-9.0,0.185
2024-04-05T03:18:55.000,14.58,-2.19,7.9,18.23,20.47,47722,-25.95,-8.0,0.185
2024-04-05T03:19:55.000,14.57,-2.17,7.93,18.22,20.47,47723,-25.79,-8.0,0.185
2024-04-05T03:20:55.000,14.61,-2.12,7.86,18.23,20.47,47724,-25.62,-8.0,0.184
2024-04-05T03:21:55.000,14.61,-2.15,7.84,18.23,20.47,47725,-25.46,-8.0,0.184
2024-04-05T03:22:55.000,14.59,-2.15,7.86,18.23,20.47,47726,-25.3,-8.0,0.184
2024-04-05T03:23:55.000,14.57,-2.18,7.89,18.23,20.47,47727,-25.14,-8.0,0.184
2024-04-05T03:24:56.000,14.57,-2.09,7.97,18.22,20.47,47728,-24.97,-7.0,0.184
2024-04-05T03:25:55.000,14.54,-2.22,7.99,18.21,20.47,47729,-24.81,-7.0,0.184
2024-04-05T03:26:55.000,14.52,-2.23,8.05,18.21,20.47,47730,-24.65,-7.0,0.184
2024-04-05T03:27:55.000,14.53,-2.07,8.18,18.19,20.47,47731,-24.49,-7.0,0.184
2024-04-05T03:28:55.000,14.52,-2.13,8.36,18.16,20.47,47732,-24.32,-7.0,0.184
2024-04-05T03:29:56.000,14.52,-2.06,8.53,18.14,20.47,47733,-24.16,-6.0,0.184
2024-04-05T03:30:56.000,14.53,-1.98,8.66,18.13,20.47,47734,-23.99,-6.0,0.184
2024-04-05T03:31:56.000,14.53,-1.96,8.83,18.11,20.47,47735,-23.83,-6.0,0.184
2024-04-05T03:32:56.000,14.53,-1.92,9.19,18.06,20.47,47736,-23.66,-6.0,0.184
2024-04-05T03:33:56.000,14.55,-1.8,9.41,18.04,20.47,47737,-23.49,-6.0,0.184
2024-04-05T03:34:56.000,14.58,-1.65,9.53,18.02,20.47,47738,-23.33,-6.0,0.184
2024-04-05T03:35:56.000,14.59,-1.7,9.79,18.0,20.47,47739,-23.16,-5.0,0.183
2024-04-05T03:36:56.000,14.59,-1.57,10.11,17.96,20.47,47740,-22.99,-5.0,0.183
2024-04-05T03:37:56.000,14.62,-1.42,10.37,17.93,20.47,47741,-22.83,-5.0,0.183
2024-04-05T03:38:56.000,14.62,-1.38,10.54,17.91,20.47,47742,-22.66,-5.0,0.183
2024-04-05T03:39:56.000,14.64,-1.31,10.73,17.89,20.47,47743,-22.49,-5.0,0.183
2024-04-05T03:40:56.000,14.65,-1.32,10.9,17.88,20.47,47744,-22.32,-4.0,0.183
2024-04-05T03:41:56.000,14.63,-1.37,11.14,17.85,20.47,47745,-22.15,-4.0,0.183
2024-04-05T03:42:56.000,14.66,-1.26,11.41,17.83,20.47,47746,-21.99,-4.0,0.183
2024-04-05T03:43:57.000,14.69,-1.25,11.19,17.85,20.47,47747,-21.81,-4.0,0.183
2024-04-05T03:44:57.000,14.69,-1.31,10.53,17.92,20.47,47748,-21.64,-4.0,0.183
2024-04-05T03:45:57.000,14.69,-1.38,9.79,17.99,20.47,47749,-21.47,-4.0,0.183
2024-04-05T03:46:57.000,14.69,-1.39,9.26,18.05,20.47,47750,-21.3,-3.0,0.183
2024-04-05T03:47:57.000,14.69,-1.52,8.81,18.11,20.47,47751,-21.13,-3.0,0.183
2024-04-05T03:48:57.000,14.69,-1.54,8.68,18.12,20.47,47752,-20.96,-3.0,0.183
2024-04-05T03:49:58.000,14.69,-1.55,8.63,18.13,20.47,47753,-20.79,-3.0,0.183
2024-04-05T03:50:58.000,14.69,-1.52,8.75,18.11,20.47,47754,-20.62,-3.0,0.183
2024-04-05T03:51:57.000,14.68,-1.53,8.95,18.09,20.47,47755,-20.45,-2.0,0.182
2024-04-05T03:52:57.000,14.66,-1.53,9.3,18.05,20.47,47756,-20.28,-2.0,0.182
2024-04-05T03:53:57.000,14.66,-1.43,9.54,18.02,20.47,47757,-20.1,-2.0,0.182
2024-04-05T03:54:57.000,14.62,-1.51,9.79,17.99,20.47,47758,-19.93,-2.0,0.182
2024-04-05T03:55:57.000,14.59,-1.49,9.97,17.97,20.47,47759,-19.76,-2.0,0.182
2024-04-05T03:56:57.000,14.56,-1.46,10.13,17.96,20.47,47760,-19.59,-2.0,0.182
2024-04-05T03:57:57.000,14.56,-1.39,10.26,17.94,20.47,47761,-19.41,-1.0,0.182
2024-04-05T03:58:57.000,14.56,-1.32,10.42,17.93,20.47,47762,-19.24,-1.0,0.182
2024-04-05T03:59:58.000,14.56,-1.29,10.52,17.92,20.47,47763,-19.06,-1.0,0.182
2024-04-05T04:00:58.000,14.53,-1.34,10.31,17.94,20.47,47764,-18.89,-1.0,0.182
2024-04-05T04:01:58.000,14.52,-1.26,10.5,17.92,20.47,47765,-18.71,-1.0,0.182
2024-04-05T04:02:58.000,14.51,-1.3,10.31,17.94,20.47,47766,-18.54,-1.0,0.182
2024-04-05T04:03:58.000,14.48,-1.25,10.09,17.96,20.47,47767,-18.36,-0.0,0.182
2024-04-05T04:04:58.000,14.49,-1.19,9.91,17.98,20.47,47768,-18.19,-0.0,0.182
2024-04-05T04:05:58.000,14.48,-1.19,9.81,17.99,20.47,47769,-18.01,-0.0,0.182
2024-04-05T04:06:58.000,14.47,-1.16,9.84,17.99,20.47,47770,-17.84,0.0,0.182
2024-04-05T04:07:58.000,14.47,-1.15,9.99,17.97,20.47,47771,-17.66,0.0,0.181
2024-04-05T04:08:58.000,14.47,-1.17,10.32,17.94,20.47,47772,-17.48,0.0,0.181
2024-04-05T04:09:58.000,14.48,-1.11,10.81,17.89,20.47,47773,-17.31,1.0,0.181
2024-04-05T04:10:58.000,14.48,-1.1,11.3,17.84,20.47,47774,-17.13,1.0,0.181
2024-04-05T04:11:58.000,14.47,-1.18,11.74,17.8,20.47,47775,-16.95,1.0,0.181
2024-04-05T04:12:59.000,14.47,-1.16,11.74,17.8,20.47,47776,-16.77,1.0,0.181
2024-04-05T04:13:58.000,14.49,-1.12,11.41,17.83,20.47,47777,-16.6,1.0,0.181
2024-04-05T04:14:58.000,14.5,-1.1,10.99,17.87,20.47,47778,-16.42,2.0,0.181
2024-04-05T04:15:59.000,14.51,-1.16,10.73,17.89,20.47,47779,-16.24,2.0,0.181
2024-04-05T04:16:59.000,14.51,-1.25,10.62,17.91,20.47,47780,-16.06,2.0,0.181
2024-04-05T04:17:59.000,14.5,-1.3,10.54,17.91,20.47,47781,-15.88,2.0,0.181
2024-04-05T04:18:59.000,14.49,-1.35,10.31,17.94,20.47,47782,-15.7,2.0,0.181
2024-04-05T04:19:59.000,14.48,-1.46,9.91,17.98,20.47,47783,-15.53,2.0,0.181
2024-04-05T04:20:59.000,14.44,-1.62,9.48,18.03,20.47,47784,-15.35,3.0,0.181
2024-04-05T04:21:59.000,14.43,-1.64,9.26,18.05,20.47,47785,-15.17,3.0,0.181
2024-04-05T04:22:59.000,14.42,-1.68,9.15,18.07,20.47,47786,-14.99,3.0,0.18
2024-04-05T04:23:59.000,14.4,-1.73,9.19,18.06,20.47,47787,-14.81,3.0,0.18
2024-04-05T04:24:59.000,14.39,-1.73,9.3,18.05,20.47,47788,-14.63,3.0,0.18
2024-04-05T04:25:59.000,14.38,-1.75,9.3,18.05,20.47,47789,-14.45,3.0,0.18
2024-04-05T04:26:59.000,14.37,-1.72,9.2,18.06,20.47,47790,-14.27,4.0,0.18
2024-04-05T04:27:59.000,14.36,-1.68,9.21,18.06,20.47,47791,-14.09,4.0,0.18
2024-04-05T04:28:59.000,14.34,-1.67,9.33,18.05,20.47,47792,-13.91,4.0,0.18
2024-04-05T04:29:59.000,14.32,-1.63,9.5,18.03,20.47,47793,-13.72,4.0,0.18
2024-04-05T04:31:00.000,14.31,-1.52,9.87,17.99,20.47,47794,-13.54,4.0,0.18
2024-04-05T04:32:00.000,14.3,-1.44,10.54,17.91,20.47,47795,-13.36,4.0,0.18
2024-04-05T04:33:00.000,14.29,-1.3,11.2,17.85,20.47,47796,-13.18,5.0,0.18
2024-04-05T04:34:00.000,14.32,-1.07,11.87,17.78,20.47,47797,-12.99,5.0,0.18
2024-04-05T04:35:01.000,14.35,-0.92,12.77,17.7,20.47,47798,-12.81,5.0,0.18
2024-04-05T04:36:00.000,14.37,-0.82,13.73,17.63,20.47,47799,-12.63,5.0,0.18
2024-04-05T04:37:00.000,14.36,-0.78,14.58,17.56,20.47,47800,-12.45,5.0,0.18
2024-04-05T04:38:00.000,14.37,-0.67,15.19,17.52,20.47,47801,-12.26,5.0,0.18
2024-04-05T04:39:00.000,14.39,-0.63,15.31,17.51,20.47,47802,-12.08,6.0,0.179
2024-04-05T04:40:00.000,14.4,-0.59,14.83,17.54,20.47,47803,-11.9,6.0,0.179
2024-04-05T04:41:00.000,14.4,-0.61,14.05,17.6,20.47,47804,-11.72,6.0,0.179
2024-04-05T04:42:00.000,14.37,-0.66,13.38,17.65,20.47,47805,-11.53,6.0,0.179
2024-04-05T04:43:00.000,14.35,-0.72,13.09,17.68,20.47,47806,-11.35,6.0,0.179
2024-04-05T04:44:00.000,14.33,-0.77,13.43,17.65,20.47,47807,-11.16,6.0,0.179
2024-04-05T04:45:00.000,14.34,-0.71,14.32,17.58,20.47,47808,-10.98,7.0,0.179
2024-04-05T04:46:00.000,14.33,-0.71,15.44,17.5,20.47,47809,-10.8,7.0,0.179
2024-04-05T04:47:00.000,14.34,-0.59,16.65,17.42,20.47,47810,-10.61,7.0,0.179
2024-04-05T04:48:01.000,14.34,-0.57,18.06,17.33,20.47,47811,-10.42,7.0,0.179
2024-04-05T04:49:01.000,14.33,-0.54,19.11,17.27,20.47,47812,-10.24,7.0,0.179
2024-04-05T04:50:01.000,14.33,-0.49,20.09,17.21,20.47,47813,-10.05,7.0,0.179
2024-04-05T04:51:01.000,14.33,-0.44,21.11,17.16,20.47,47814,-9.87,8.0,0.179
2024-04-05T04:52:01.000,14.33,-0.39,22.19,17.1,20.47,47815,-9.68,8.0,0.179
2024-04-05T04:53:01.000,14.33,-0.31,24.19,17.01,20.47,47816,-9.5,8.0,0.179
2024-04-05T04:54:01.000,14.35,-0.25,27.34,16.88,20.47,47817,-9.31,8.0,0.179
2024-04-05T04:55:02.000,14.36,-0.22,31.68,16.72,20.47,47818,-9.13,8.0,0.178
2024-04-05T04:56:01.000,14.4,-0.06,36.36,16.57,20.47,47819,-8.94,8.0,0.178
2024-04-05T04:57:02.000,14.41,-0.07,42.2,16.41,20.47,47820,-8.75,9.0,0.178
2024-04-05T04:58:02.000,14.4,-0.07,47.0,16.29,20.47,47821,-8.57,9.0,0.178
2024-04-05T04:59:02.000,14.39,-0.08,53.86,16.14,20.47,47822,-8.38,9.0,0.178
2024-04-05T05:00:03.000,14.36,-0.13,61.48,16.0,20.47,47823,-8.19,9.0,0.178
2024-04-05T05:01:03.000,14.38,-0.08,71.53,15.84,20.47,47824,-8.01,9.0,0.178
2024-04-05T05:02:03.000,14.39,-0.03,83.77,15.66,20.47,47825,-7.82,9.0,0.178
2024-04-05T05:03:03.000,14.4,-0.14,97.28,15.5,20.47,47826,-7.63,10.0,0.178
2024-04-05T05:04:03.000,14.38,-0.28,111.23,15.36,20.47,47827,-7.44,10.0,0.178
2024-04-05T05:05:03.000,14.4,-0.23,128.0,15.2,20.47,47828,-7.26,10.0,0.178
2024-04-05T05:06:03.000,14.43,-0.27,148.65,15.04,20.47,47829,-7.07,10.0,0.178
2024-04-05T05:07:03.000,14.43,-0.43,172.67,14.88,20.47,47830,-6.88,10.0,0.178
2024-04-05T05:08:03.000,14.42,-0.62,201.33,14.71,20.47,47831,-6.7,10.0,0.178
2024-04-05T05:09:04.000,14.42,-0.72,238.54,14.53,20.47,47832,-6.5,11.0,0.178
2024-04-05T05:10:03.000,14.42,-0.83,288.2,14.32,20.47,47833,-6.32,11.0,0.177
2024-04-05T05:11:03.000,14.41,-1.03,352.52,14.1,20.47,47834,-6.13,11.0,0.177
2024-04-05T05:12:03.000,14.38,-1.15,433.69,13.88,20.47,47835,-5.94,11.0,0.177
2024-04-05T05:13:03.000,14.36,-1.31,536.56,13.65,20.47,47836,-5.76,11.0,0.177
2024-04-05T05:14:03.000,14.32,-1.44,668.9,13.41,20.47,47837,-5.57,11.0,0.177
2024-04-05T05:15:03.000,14.29,-1.38,840.67,13.16,20.47,47838,-5.38,11.0,0.177
2024-04-05T05:16:04.000,14.29,-1.3,1065.33,12.9,20.47,47839,-5.19,12.0,0.177
2024-04-05T05:17:04.000,14.28,-1.3,1361.28,12.64,20.47,47840,-5.0,12.0,0.177
2024-04-05T05:18:04.000,14.25,-1.28,1747.21,12.37,20.47,47841,-4.81,12.0,0.177
2024-04-05T05:19:04.000,14.24,-1.18,2256.33,12.09,20.47,47842,-4.62,12.0,0.177
2024-04-05T05:20:04.000,14.22,-1.07,2945.55,11.8,20.47,47843,-4.43,12.0,0.177
2024-04-05T05:21:04.000,14.23,-0.79,3907.13,11.49,20.47,47844,-4.24,12.0,0.177
2024-04-05T05:22:05.000,14.24,-0.67,5220.25,11.18,20.47,47845,-4.05,13.0,0.177
2024-04-05T05:23:04.000,14.25,-0.57,6481.69,10.94,20.47,47846,-3.86,13.0,0.177
2024-04-05T05:24:04.000,14.25,-0.48,7639.71,10.76,20.47,47847,-3.67,13.0,0.177
2024-04-05T05:25:04.000,14.24,-0.48,9183.53,10.56,20.47,47848,-3.49,13.0,0.177
2024-04-05T05:27:14.000,14.25,-0.3,14507.47,10.07,20.47,47850,-3.07,13.0,0.176
2024-04-05T05:28:16.000,14.26,-0.3,17678.79,9.85,20.47,47851,-2.88,14.0,0.176
2024-04-05T05:29:16.000,14.27,-0.38,21240.27,9.65,20.47,47852,-2.69,14.0,0.176
2024-04-05T05:30:15.000,14.27,-0.59,23788.04,9.53,20.47,47853,-2.5,14.0,0.176
2024-04-05T05:31:16.000,14.27,-0.75,25438.08,9.54,20.47,47854,-2.31,14.0,0.176
2024-04-05T05:32:15.000,14.25,-1.03,28872.52,9.32,20.47,47855,-2.12,14.0,0.176
2024-04-05T05:33:15.000,14.25,-1.05,32609.67,9.19,20.47,47856,-1.93,14.0,0.176
2024-04-05T05:34:16.000,14.26,-1.21,36288.29,9.14,20.47,47857,-1.74,14.0,0.176
2024-04-05T05:35:15.000,14.24,-1.38,41155.55,8.93,20.47,47858,-1.55,15.0,0.176
2024-04-05T05:36:16.000,14.22,-1.53,46042.07,8.81,20.47,47859,-1.36,15.0,0.176
2024-04-05T05:37:19.000,14.17,-1.72,51324.51,8.69,20.47,47860,-1.16,15.0,0.176
2024-04-05T05:38:21.000,14.16,-1.71,57483.38,8.57,20.47,47861,-0.96,15.0,0.176
2024-04-05T05:39:21.000,14.14,-1.78,41610.47,5.62,20.47,47862,-0.77,15.0,0.176
2024-04-05T05:40:21.000,14.13,-1.76,0.0,0.0,20.47,47863,-0.58,15.0,0.176
2024-04-05T05:41:21.000,14.13,-1.7,0.0,0.0,20.47,47864,-0.39,16.0,0.176
2024-04-05T05:42:21.000,14.13,-1.63,0.0,0.0,20.47,47865,-0.19,16.0,0.175
2024-04-05T05:50:21.000,14.3,-0.55,0.0,0.0,20.47,47873,1.34,17.0,0.175
2024-04-05T05:51:21.000,14.33,-0.45,0.0,0.0,20.47,47874,1.53,17.0,0.175
2024-04-05T05:52:21.000,14.37,-0.28,0.0,0.0,20.47,47875,1.72,17.0,0.175
2024-04-05T05:53:21.000,14.43,-0.17,0.17,0.09,20.47,47876,1.91,17.0,0.175
2024-04-05T05:54:22.000,14.46,-0.12,0.19,0.09,20.47,47877,2.11,17.0,0.175
2024-04-05T05:55:23.000,14.52,0.01,0.0,0.0,20.47,47878,2.3,18.0,0.175
2024-04-05T05:56:22.000,14.57,0.09,0.0,0.0,20.47,47879,2.49,18.0,0.175
2024-04-05T05:57:22.000,14.64,0.12,0.0,0.0,20.47,47880,2.68,18.0,0.175
2024-04-05T06:22:25.000,17.02,-0.19,0.0,0.0,20.47,47905,7.51,21.0,0.173
2024-04-05T06:23:26.000,17.15,-0.28,0.0,0.0,20.47,47906,7.71,21.0,0.173
2024-04-05T06:24:25.000,17.28,-0.24,0.0,0.0,20.47,47907,7.9,22.0,0.173
2024-04-05T06:35:04.000,18.8,0.3,0.0,0.0,20.47,47917,9.95,23.0,0.172
2024-04-05T06:36:04.000,18.98,0.21,0.0,0.0,20.47,47918,10.15,23.0,0.172
2024-04-05T06:37:04.000,19.13,0.27,0.0,0.0,20.47,47919,10.34,23.0,0.172
2024-04-05T06:38:05.000,19.27,0.17,0.0,0.0,20.47,47920,10.54,23.0,0.172
2024-04-05T06:39:05.000,19.39,0.13,0.24,0.09,20.47,47921,10.73,23.0,0.172
2024-04-05T06:40:06.000,19.45,-0.14,0.0,0.0,20.47,47922,10.93,24.0,0.172
2024-04-05T06:41:05.000,19.51,-0.13,0.37,0.19,20.47,47923,11.12,24.0,0.172
2024-04-05T06:42:06.000,19.55,-0.08,0.0,0.0,20.47,47924,11.31,24.0,0.172
2024-04-05T06:43:06.000,19.54,-0.4,0.0,0.0,20.47,47925,11.51,24.0,0.172
2024-04-05T06:44:06.000,19.52,-0.32,0.48,0.19,20.47,47926,11.7,24.0,0.172
2024-04-05T06:45:06.000,19.59,0.01,0.0,0.0,20.47,47927,11.89,24.0,0.172
2024-04-05T06:46:06.000,19.61,-0.43,0.0,0.0,20.47,47928,12.08,24.0,0.171
2024-04-05T06:47:06.000,19.58,-0.49,0.19,0.09,20.47,47929,12.28,24.0,0.171
2024-04-05T06:48:06.000,19.59,-0.3,0.65,0.28,20.47,47930,12.47,25.0,0.171
2024-04-05T06:49:06.000,19.7,0.01,0.13,0.1,20.47,47931,12.66,25.0,0.171
2024-04-05T06:50:06.000,19.88,0.1,0.42,0.29,20.47,47932,12.86,25.0,0.171
2024-04-05T06:51:06.000,19.98,-0.06,0.0,0.0,20.47,47933,13.05,25.0,0.171
2024-04-05T06:52:06.000,20.07,-0.04,0.22,0.09,20.47,47934,13.24,25.0,0.171
2024-04-05T06:53:06.000,20.23,0.26,1.01,0.37,20.47,47935,13.44,25.0,0.171
2024-04-05T06:54:06.000,20.43,0.29,0.43,0.19,20.47,47936,13.63,25.0,0.171
2024-04-05T06:55:06.000,20.55,0.19,0.22,0.09,20.47,47937,13.82,25.0,0.171
2024-04-05T06:56:06.000,20.61,-0.2,1.54,0.75,20.47,47938,14.01,25.0,0.171
2024-04-05T06:57:06.000,20.64,-0.09,2.74,1.39,20.47,47939,14.21,26.0,0.171
2024-04-05T06:58:06.000,20.62,-0.35,3.82,2.02,20.47,47940,14.4,26.0,0.171
2024-04-05T06:59:07.000,20.62,-0.15,3.12,1.56,20.47,47941,14.6,26.0,0.171
2024-04-05T07:00:07.000,20.64,-0.19,2.13,0.92,20.47,47942,14.79,26.0,0.171
2024-04-05T07:01:07.000,20.64,-0.15,2.71,1.38,20.47,47943,14.98,26.0,0.171
2024-04-05T07:02:07.000,20.67,-0.01,2.35,1.4,20.47,47944,15.17,26.0,0.17
2024-04-05T07:03:07.000,20.82,0.53,0.95,0.57,20.47,47945,15.37,26.0,0.17
2024-04-05T07:04:07.000,20.99,0.46,1.88,1.03,20.47,47946,15.56,26.0,0.17
2024-04-05T07:05:08.000,21.18,0.7,1.84,0.84,20.47,47947,15.75,26.0,0.17
2024-04-05T07:06:08.000,21.32,0.6,2.2,1.12,20.47,47948,15.95,27.0,0.17
2024-04-05T07:07:09.000,21.41,0.38,4.39,2.08,20.47,47949,16.14,27.0,0.17
