ecsv/stars76/stars76_2024-04.ecsv
# %ECSV 1.0
# ---
# datatype:
# - {name: time, datatype: string}
# - {name: Enclosure Temperature, unit: deg_C, datatype: float64}
# - {name: Sky Temperature, unit: deg_C, datatype: float64}
# - {name: Frequency, unit: Hz, datatype: float64}
# - {name: MSAS, unit: mag / arcsec2, datatype: float64}
# - {name: ZP, datatype: float64}
# - {name: Sequence Number, datatype: int64}
# - {name: Sun Alt, unit: deg, datatype: float64}
# - {name: Moon Alt, unit: deg, datatype: float64}
# - {name: Moon Illumination, datatype: float64}
# delimiter: ','
# meta: !!omap
# - ida:
#     Data supplier: {affiliation: null, observer: Enric Marco}
#     Device type: TESS-W
#     Field of view: 17.0
#     Filters per channel: None
#     Instrument ID: stars76
#     License: ODbL 1.0 http://opendatacommons.org/licenses/odbl/summary/
#     Local timezone: Europe/Madrid
#     Location name: {country: '- Valencia', place: Valencia, region: Spain, sub_region: Valencian Community, town: "Comarca de Val\xE8\
#         ncia"}
#     Measurement direction per channel: {azimuth: 0.0, zenital: 0.0}
#     Moving / Fixed look direction: FIXED
#     Moving / Stationary position: STATIONARY
#     Number of channels: 1
#     Number of fields per line: 8
#     Number of header lines: 35
#     Position: {height: 0.0, latitude: 39.478898, longitude: -0.376524}
#     TESS MAC address: 18:FE:34:CF:ED:70
#     TESS cover offset value: 0.0
#     TESS firmware version: '1.0'
#     TESS zero point: 20.47
#     Time Synchronization: timestamp added by MQTT subscriber
#     URL: http://www.darksky.org/NSBM/sdf1.0.pdf
# - __serialized_columns__:
#     Enclosure Temperature:
#       __class__: astropy.units.quantity.Quantity
#       unit: &id001 !astropy.units.Unit {unit: deg_C}
#       value: !astropy.table.SerializedColumn {name: Enclosure Temperature}
#     Frequency:
#       __class__: astropy.units.quantity.Quantity
#       unit: !astropy.units.Unit {unit: Hz}
#       value: !astropy.table.SerializedColumn {name: Frequency}
#     MSAS:
#       __class__: astropy.units.quantity.Quantity
#       unit: !astropy.units.Unit {unit: mag / arcsec2}
#       value: !astropy.table.SerializedColumn {name: MSAS}
#     Moon Alt:
#       __class__: astropy.units.quantity.Quantity
#       unit: &id002 !astropy.units.Unit {unit: deg}
#       value: !astropy.table.SerializedColumn {name: Moon Alt}
#     Sky Temperature:
#       __class__: astropy.units.quantity.Quantity
#       unit: *id001
#       value: !astropy.table.SerializedColumn {name: Sky Temperature}
#     Sun Alt:
#       __class__: astropy.units.quantity.Quantity
#       unit: *id002
#       value: !astropy.table.SerializedColumn {name: Sun Alt}
#     time:
#       __class__: astropy.time.core.Time
#       format: isot
#       in_subfmt: '*'
#       out_subfmt: '*'
#       precision: 3
#       scale: utc
#       value: !astropy.table.SerializedColumn {name: time}
# schema: astropy-2.0
time,Enclosure Temperature,Sky Temperature,Frequency,MSAS,ZP,Sequence Number,Sun Alt,Moon Alt,Moon Illumination
[from data line 15277]
2024-04-25T08:17:15.000,29.31,3.26,0.0,0.0,20.47,1147,34.9,-29.0,0.982
2024-04-25T08:31:06.000,29.02,3.18,0.0,0.0,20.47,1148,37.5,-32.0,0.981
2024-04-25T08:32:06.000,29.14,2.83,0.0,0.0,20.47,1149,37.69,-32.0,0.981
2024-04-25T08:33:10.000,29.37,3.4,0.0,0.0,20.47,1150,37.89,-32.0,0.981
2024-04-25T08:34:38.000,29.53,3.44,0.0,0.0,20.47,1151,38.16,-32.0,0.981
2024-04-25T08:58:29.000,29.02,0.76,0.0,0.0,20.47,1173,42.54,-37.0,0.981
2024-04-25T08:59:29.000,28.95,4.52,0.0,0.0,20.47,1174,42.72,-37.0,0.981
2024-04-25T09:00:28.000,29.53,5.24,0.0,0.0,20.47,1175,42.9,-37.0,0.981
2024-04-25T09:01:28.000,29.84,4.65,0.0,0.0,20.47,1176,43.08,-37.0,0.981
2024-04-25T09:21:16.000,32.62,7.83,0.0,0.0,20.47,1194,46.59,-41.0,0.98
2024-04-25T09:22:16.000,33.09,6.67,0.0,0.0,20.47,1195,46.77,-41.0,0.98
2024-04-25T09:23:16.000,32.94,6.01,0.0,0.0,20.47,1196,46.94,-41.0,0.98
2024-04-25T09:25:16.000,33.58,8.35,0.0,0.0,20.47,1198,47.29,-42.0,0.98
2024-04-25T09:26:16.000,33.87,8.16,0.0,0.0,20.47,1199,47.46,-42.0,0.98
2024-04-25T09:27:16.000,33.77,7.7,0.0,0.0,20.47,1200,47.63,-42.0,0.98
2024-04-25T10:47:03.000,32.77,8.01,0.0,0.0,20.47,1246,59.46,-57.0,0.979
2024-04-25T10:48:03.000,32.18,5.99,0.0,0.0,20.47,1247,59.58,-57.0,0.979
2024-04-25T10:49:04.000,31.37,5.91,0.0,0.0,20.47,1248,59.69,-57.0,0.979
2024-04-25T10:51:04.000,29.61,4.67,0.0,0.0,20.47,1250,59.92,-57.0,0.979
2024-04-25T10:52:03.000,29.58,6.81,0.0,0.0,20.47,1251,60.02,-57.0,0.979
2024-04-25T10:53:04.000,30.46,8.52,0.0,0.0,20.47,1252,60.13,-58.0,0.979
2024-04-25T11:02:05.000,30.51,7.29,0.0,0.0,20.47,1261,61.05,-59.0,0.978
2024-04-25T11:03:05.000,30.82,6.41,0.0,0.0,20.47,1262,61.15,-59.0,0.978
2024-04-25T11:04:05.000,30.77,5.25,0.0,0.0,20.47,1263,61.24,-59.0,0.978
2024-04-25T11:23:48.000,30.26,6.07,0.0,0.0,20.47,1281,62.8,-63.0,0.978
2024-04-25T11:24:48.000,30.25,5.83,0.0,0.0,20.47,1282,62.86,-63.0,0.978
2024-04-25T11:25:48.000,30.68,7.59,0.0,0.0,20.47,1283,62.93,-63.0,0.978
2024-04-25T11:30:49.000,32.19,5.79,0.0,0.0,20.47,1288,63.21,-64.0,0.978
2024-04-25T11:31:49.000,31.95,6.86,0.0,0.0,20.47,1289,63.26,-64.0,0.978
2024-04-25T11:33:15.000,32.48,8.06,0.0,0.0,20.47,1290,63.33,-64.0,0.978
2024-04-25T11:35:41.000,33.38,8.09,0.0,0.0,20.47,1292,63.44,-64.0,0.978
2024-04-25T11:43:42.000,33.38,9.09,0.0,0.0,20.47,1298,63.73,-66.0,0.978
2024-04-25T11:44:43.000,33.5,8.81,0.0,0.0,20.47,1299,63.76,-66.0,0.978
2024-04-25T11:47:52.000,32.91,7.94,0.0,0.0,20.47,1300,63.84,-66.0,0.977
2024-04-25T11:48:52.000,32.8,9.62,0.0,0.0,20.47,1301,63.86,-66.0,0.977
2024-04-25T11:49:52.000,32.82,9.42,0.0,0.0,20.47,1302,63.88,-67.0,0.977
2024-04-25T12:06:18.000,30.73,10.55,0.0,0.0,20.47,1317,63.92,-69.0,0.977
2024-04-25T12:07:18.000,30.93,9.82,0.0,0.0,20.47,1318,63.91,-69.0,0.977
2024-04-25T12:08:18.000,31.49,11.83,0.0,0.0,20.47,1319,63.89,-69.0,0.977
2024-04-25T12:14:18.000,30.14,8.56,0.0,0.0,20.47,1325,63.76,-69.0,0.977
2024-04-25T12:15:18.000,29.72,8.62,0.0,0.0,20.47,1326,63.73,-70.0,0.977
2024-04-25T12:16:18.000,29.98,10.33,0.0,0.0,20.47,1327,63.7,-70.0,0.977
2024-04-25T12:19:18.000,28.98,10.05,0.0,0.0,20.47,1330,63.6,-70.0,0.977
2024-04-25T12:20:21.000,28.99,8.65,0.0,0.0,20.47,1331,63.56,-70.0,0.977
2024-04-25T12:21:20.000,29.35,10.03,0.0,0.0,20.47,1332,63.52,-70.0,0.977
2024-04-25T12:22:21.000,29.36,8.7,0.0,0.0,20.47,1333,63.48,-70.0,0.977
2024-04-25T12:23:20.000,29.28,9.14,0.0,0.0,20.47,1334,63.44,-70.0,0.977
2024-04-25T12:25:22.000,28.56,8.1,0.0,0.0,20.47,1336,63.35,-71.0,0.977
2024-04-25T12:29:39.000,27.94,9.18,0.0,0.0,20.47,1340,63.13,-71.0,0.977
2024-04-25T12:30:42.000,27.85,9.04,0.0,0.0,20.47,1341,63.07,-71.0,0.977
2024-04-25T12:31:42.000,27.6,8.47,0.0,0.0,20.47,1342,63.01,-71.0,0.977
2024-04-25T12:32:42.000,27.21,8.78,0.0,0.0,20.47,1343,62.96,-71.0,0.977
2024-04-25T12:35:02.000,26.53,8.57,0.0,0.0,20.47,1345,62.81,-71.0,0.976
2024-04-25T12:36:02.000,26.13,7.62,0.0,0.0,20.47,1346,62.75,-71.0,0.976
2024-04-25T12:37:03.000,26.11,9.05,0.0,0.0,20.47,1347,62.68,-72.0,0.976
2024-04-25T12:46:07.000,25.35,8.37,0.0,0.0,20.47,1356,62.01,-72.0,0.976
2024-04-25T12:47:07.000,25.44,8.1,0.0,0.0,20.47,1357,61.93,-72.0,0.976
2024-04-25T12:48:07.000,25.52,8.03,0.0,0.0,20.47,1358,61.85,-72.0,0.976
2024-04-25T12:49:07.000,25.39,7.09,0.26,0.09,20.47,1359,61.76,-72.0,0.976
2024-04-25T12:50:07.000,25.52,8.46,0.0,0.0,20.47,1360,61.68,-72.0,0.976
2024-04-25T12:51:08.000,25.52,7.5,0.19,0.09,20.47,1361,61.59,-72.0,0.976
2024-04-25T12:52:07.000,25.68,7.76,0.3,0.19,20.47,1362,61.5,-72.0,0.976
2024-04-25T12:53:09.000,26.09,9.7,0.72,0.48,20.47,1363,61.41,-72.0,0.976
2024-04-25T12:54:09.000,26.61,8.85,0.19,0.09,20.47,1364,61.31,-72.0,0.976
2024-04-25T12:55:08.000,26.72,8.01,0.0,0.0,20.47,1365,61.22,-72.0,0.976
2024-04-25T12:56:08.000,27.24,9.09,0.23,0.09,20.47,1366,61.13,-72.0,0.976
2024-04-25T12:57:08.000,27.43,9.09,0.18,0.1,20.47,1367,61.03,-72.0,0.976
2024-04-25T12:58:08.000,28.06,10.15,0.0,0.0,20.47,1368,60.94,-72.0,0.976
2024-04-25T12:59:08.000,28.57,9.5,0.0,0.0,20.47,1369,60.84,-72.0,0.976
2024-04-25T13:00:08.000,28.65,10.18,0.0,0.0,20.47,1370,60.74,-72.0,0.976
2024-04-25T13:15:13.000,28.58,8.61,0.0,0.0,20.47,1385,59.08,-72.0,0.976
2024-04-25T13:16:13.000,28.54,7.97,0.0,0.0,20.47,1386,58.96,-72.0,0.976
2024-04-25T13:17:14.000,28.13,7.11,0.0,0.0,20.47,1387,58.84,-72.0,0.976
2024-04-25T13:19:13.000,27.01,6.42,0.0,0.0,20.47,1389,58.6,-72.0,0.976
2024-04-25T13:20:13.000,26.31,6.41,0.0,0.0,20.47,1390,58.48,-72.0,0.976
2024-04-25T13:21:14.000,25.68,5.93,0.0,0.0,20.47,1391,58.35,-72.0,0.976
2024-04-25T13:25:16.000,24.74,6.54,0.0,0.0,20.47,1395,57.84,-72.0,0.975
2024-04-25T13:26:16.000,24.74,7.01,0.0,0.0,20.47,1396,57.71,-72.0,0.975
2024-04-25T13:27:16.000,25.04,7.88,0.0,0.0,20.47,1397,57.58,-72.0,0.975
2024-04-25T13:29:19.000,26.0,8.32,0.0,0.0,20.47,1399,57.31,-72.0,0.975
2024-04-25T13:30:19.000,26.58,9.72,0.0,0.0,20.47,1400,57.18,-72.0,0.975
2024-04-25T13:32:20.000,27.94,9.32,0.0,0.0,20.47,1402,56.9,-72.0,0.975
2024-04-25T13:33:19.000,28.3,9.83,0.0,0.0,20.47,1403,56.77,-72.0,0.975
2024-04-25T13:34:19.000,28.53,9.33,0.0,0.0,20.47,1404,56.63,-72.0,0.975
2024-04-25T13:40:20.000,26.17,8.25,0.0,0.0,20.47,1410,55.79,-71.0,0.975
2024-04-25T13:41:20.000,25.66,8.76,0.0,0.0,20.47,1411,55.65,-71.0,0.975
2024-04-25T13:42:20.000,25.57,9.27,0.0,0.0,20.47,1412,55.51,-71.0,0.975
2024-04-25T13:43:21.000,25.47,9.06,0.18,0.1,20.47,1413,55.36,-71.0,0.975
2024-04-25T13:44:21.000,25.28,9.31,0.0,0.0,20.47,1414,55.22,-71.0,0.975
2024-04-25T13:45:21.000,25.01,8.44,0.71,0.38,20.47,1415,55.07,-71.0,0.975
2024-04-25T13:46:21.000,24.77,8.85,1.16,0.56,20.47,1416,54.92,-71.0,0.975
2024-04-25T13:47:21.000,24.59,8.54,1.48,0.76,20.47,1417,54.78,-71.0,0.975
2024-04-25T13:48:21.000,24.24,8.21,3.73,1.92,20.47,1418,54.63,-71.0,0.975
2024-04-25T13:49:22.000,24.37,9.52,3.75,1.74,20.47,1419,54.48,-71.0,0.975
2024-04-25T13:50:22.000,24.38,8.86,3.87,1.83,20.47,1420,54.33,-70.0,0.975
2024-04-25T13:51:23.000,24.36,9.11,4.83,2.33,20.47,1421,54.18,-70.0,0.975
2024-04-25T13:52:23.000,24.29,8.62,4.37,2.55,20.47,1422,54.02,-70.0,0.975
2024-04-25T13:53:23.000,24.11,8.34,2.49,1.3,20.47,1423,53.87,-70.0,0.975
2024-04-25T13:54:24.000,24.03,8.69,4.06,2.29,20.47,1424,53.72,-70.0,0.975
2024-04-25T13:55:23.000,23.82,7.9,3.72,1.83,20.47,1425,53.57,-70.0,0.975
2024-04-25T13:56:23.000,23.75,8.84,3.64,1.94,20.47,1426,53.41,-70.0,0.975
2024-04-25T13:57:24.000,23.88,8.89,3.15,1.56,20.47,1427,53.26,-70.0,0.975
2024-04-25T13:58:25.000,23.88,8.47,4.19,2.38,20.47,1428,53.1,-70.0,0.975
2024-04-25T13:59:26.000,23.95,8.69,6.11,3.12,20.47,1429,52.94,-70.0,0.975
2024-04-25T14:00:26.000,23.89,8.2,3.86,2.1,20.47,1430,52.79,-69.0,0.975
2024-04-25T14:01:26.000,23.78,8.46,5.07,2.42,20.47,1431,52.63,-69.0,0.975
2024-04-25T14:02:27.000,23.83,7.97,4.07,2.01,20.47,1432,52.47,-69.0,0.975
2024-04-25T14:03:29.000,23.48,8.03,2.44,1.11,20.47,1433,52.31,-69.0,0.975
2024-04-25T14:04:28.000,23.56,9.11,1.83,1.03,20.47,1434,52.15,-69.0,0.975
2024-04-25T14:05:29.000,23.9,10.06,4.04,2.0,20.47,1435,51.99,-69.0,0.975
2024-04-25T14:06:29.000,24.09,8.94,4.08,2.0,20.47,1436,51.83,-69.0,0.975
2024-04-25T14:07:29.000,23.79,8.55,3.54,1.65,20.47,1437,51.67,-69.0,0.975
2024-04-25T14:08:29.000,23.97,9.92,4.53,2.17,20.47,1438,51.51,-69.0,0.974
2024-04-25T14:09:29.000,24.07,9.08,2.7,1.5,20.47,1439,51.35,-68.0,0.974
2024-04-25T14:10:29.000,23.79,8.91,2.7,1.49,20.47,1440,51.19,-68.0,0.974
2024-04-25T14:11:30.000,23.98,9.67,4.4,2.18,20.47,1441,51.02,-68.0,0.974
2024-04-25T14:12:29.000,23.78,7.95,4.08,2.29,20.47,1442,50.86,-68.0,0.974
2024-04-25T14:13:29.000,23.38,7.89,3.06,1.56,20.47,1443,50.7,-68.0,0.974
2024-04-25T14:14:30.000,23.11,7.6,3.09,1.56,20.47,1444,50.53,-68.0,0.974
2024-04-25T14:15:30.000,22.65,7.46,2.31,1.12,20.47,1445,50.37,-68.0,0.974
2024-04-25T14:16:30.000,22.44,8.22,3.96,2.1,20.47,1446,50.2,-68.0,0.974
2024-04-25T14:18:38.000,22.18,7.87,1.65,0.85,20.47,1448,49.85,-67.0,0.974
2024-04-25T14:19:39.000,21.96,7.89,3.98,1.71,20.47,1449,49.68,-67.0,0.974
2024-04-25T14:20:40.000,21.91,8.1,0.9,0.57,20.47,1450,49.51,-67.0,0.974
2024-04-25T14:21:40.000,21.92,8.58,0.86,0.47,20.47,1451,49.34,-67.0,0.974
2024-04-25T14:22:40.000,21.96,8.47,1.6,0.74,20.47,1452,49.18,-67.0,0.974
2024-04-25T14:23:41.000,21.97,8.42,1.61,0.84,20.47,1453,49.01,-67.0,0.974
2024-04-25T14:24:40.000,21.92,7.96,0.53,0.28,20.47,1454,48.84,-67.0,0.974
2024-04-25T14:25:40.000,21.78,7.74,0.38,0.19,20.47,1455,48.67,-66.0,0.974
2024-04-25T14:26:40.000,21.48,7.24,0.18,0.09,20.47,1456,48.5,-66.0,0.974
2024-04-25T14:30:54.000,21.77,8.14,0.62,0.28,20.47,1460,47.78,-66.0,0.974
2024-04-25T14:31:55.000,21.61,7.35,0.21,0.09,20.47,1461,47.61,-66.0,0.974
2024-04-25T14:32:55.000,21.59,7.79,0.94,0.47,20.47,1462,47.43,-65.0,0.974
2024-04-25T14:33:55.000,21.59,7.78,0.13,0.1,20.47,1463,47.26,-65.0,0.974
2024-04-25T14:34:55.000,21.71,8.09,0.28,0.09,20.47,1464,47.09,-65.0,0.974
2024-04-25T14:35:55.000,21.81,8.09,0.0,0.0,20.47,1465,46.92,-65.0,0.974
2024-04-25T14:36:57.000,22.0,8.21,0.0,0.0,20.47,1466,46.74,-65.0,0.974
2024-04-25T14:39:08.000,22.29,7.91,0.0,0.0,20.47,1468,46.36,-64.0,0.974
2024-04-25T14:40:09.000,22.33,7.59,0.0,0.0,20.47,1469,46.18,-64.0,0.974
2024-04-25T14:43:29.000,23.57,10.08,2.07,1.02,20.47,1472,45.59,-64.0,0.974
2024-04-25T14:44:28.000,25.35,13.06,3.02,1.57,20.47,1473,45.42,-64.0,0.974
2024-04-25T14:45:29.000,26.86,12.55,4.54,2.35,20.47,1474,45.24,-64.0,0.974
2024-04-25T14:46:30.000,28.14,13.13,0.95,0.47,20.47,1475,45.06,-63.0,0.974
2024-04-25T14:47:29.000,29.25,11.94,0.37,0.19,20.47,1476,44.89,-63.0,0.974
2024-04-25T14:48:30.000,29.62,8.41,0.11,0.1,20.47,1477,44.71,-63.0,0.974
2024-04-25T14:49:30.000,29.35,9.79,0.0,0.0,20.47,1478,44.53,-63.0,0.974
2024-04-25T14:50:44.000,30.16,9.78,0.0,0.0,20.47,1479,44.31,-63.0,0.974
2024-04-25T14:51:44.000,29.97,6.6,0.0,0.0,20.47,1480,44.13,-63.0,0.974
2024-04-25T15:29:47.000,26.33,5.77,0.0,0.0,20.47,1518,37.16,-56.0,0.973
2024-04-25T15:30:47.000,25.85,6.6,0.0,0.0,20.47,1519,36.98,-56.0,0.973
2024-04-25T15:31:47.000,25.58,6.9,0.0,0.0,20.47,1520,36.79,-56.0,0.973
2024-04-25T15:33:48.000,25.13,7.1,0.0,0.0,20.47,1522,36.41,-56.0,0.973
2024-04-25T15:34:48.000,25.17,8.81,0.0,0.0,20.47,1523,36.22,-55.0,0.973
2024-04-25T15:35:48.000,25.25,8.76,0.0,0.0,20.47,1524,36.04,-55.0,0.973
2024-04-25T15:41:48.000,26.24,11.27,0.0,0.0,20.47,1530,34.91,-54.0,0.972
2024-04-25T15:42:48.000,27.18,11.15,0.0,0.0,20.47,1531,34.72,-54.0,0.972
2024-04-25T15:43:48.000,27.52,9.79,0.0,0.0,20.47,1532,34.53,-54.0,0.972
2024-04-25T15:45:49.000,26.84,7.65,0.0,0.0,20.47,1534,34.15,-54.0,0.972
2024-04-25T15:46:48.000,26.87,8.99,0.0,0.0,20.47,1535,33.96,-53.0,0.972
2024-04-25T15:47:49.000,26.92,7.62,0.0,0.0,20.47,1536,33.77,-53.0,0.972
2024-04-25T15:53:49.000,24.07,6.45,0.0,0.0,20.47,1542,32.63,-52.0,0.972
2024-04-25T15:54:49.000,24.14,5.91,0.0,0.0,20.47,1543,32.44,-52.0,0.972
2024-04-25T15:55:49.000,23.98,5.14,0.0,0.0,20.47,1544,32.25,-52.0,0.972
2024-04-25T15:57:09.000,23.81,5.27,0.58,0.37,20.47,1545,32.0,-52.0,0.972
2024-04-25T15:58:09.000,23.82,5.34,0.0,0.0,20.47,1546,31.81,-51.0,0.972
2024-04-25T15:59:08.000,23.76,4.8,0.15,0.1,20.47,1547,31.62,-51.0,0.972
2024-04-25T16:00:08.000,23.53,4.96,0.63,0.28,20.47,1548,31.43,-51.0,0.972
2024-04-25T16:01:08.000,23.72,6.0,0.88,0.38,20.47,1549,31.24,-51.0,0.972
2024-04-25T16:02:08.000,24.22,7.36,1.23,0.56,20.47,1550,31.05,-51.0,0.972
2024-04-25T16:03:08.000,24.84,7.29,0.2,0.09,20.47,1551,30.85,-50.0,0.972
2024-04-25T16:04:09.000,25.05,6.24,0.0,0.0,20.47,1552,30.66,-50.0,0.972
2024-04-25T16:05:09.000,25.32,7.67,0.0,0.0,20.47,1553,30.47,-50.0,0.972
2024-04-25T16:06:09.000,25.73,7.21,0.0,0.0,20.47,1554,30.28,-50.0,0.972
2024-04-25T16:11:09.000,24.68,3.45,0.0,0.0,20.47,1559,29.32,-49.0,0.972
2024-04-25T16:12:09.000,24.43,3.88,0.0,0.0,20.47,1560,29.13,-49.0,0.972
2024-04-25T16:13:09.000,24.15,4.2,0.0,0.0,20.47,1561,28.94,-49.0,0.972
2024-04-25T16:15:10.000,24.49,4.89,0.0,0.0,20.47,1563,28.55,-48.0,0.972
2024-04-25T16:16:10.000,24.77,5.64,0.0,0.0,20.47,1564,28.36,-48.0,0.972
2024-04-25T16:17:10.000,24.97,4.96,0.0,0.0,20.47,1565,28.17,-48.0,0.972
2024-04-25T16:18:11.000,25.04,5.04,0.0,0.0,20.47,1566,27.97,-48.0,0.972
2024-04-25T16:33:31.000,25.51,4.36,0.0,0.0,20.47,1580,25.02,-45.0,0.971
2024-04-25T16:34:30.000,25.24,3.7,0.0,0.0,20.47,1581,24.83,-45.0,0.971
2024-04-25T16:36:32.000,24.61,4.92,0.0,0.0,20.47,1583,24.44,-44.0,0.971
2024-04-25T16:37:32.000,24.43,6.48,0.0,0.0,20.47,1584,24.25,-44.0,0.971
2024-04-25T16:38:32.000,24.77,8.32,0.0,0.0,20.47,1585,24.06,-44.0,0.971
2024-04-25T16:42:32.000,25.23,7.69,0.0,0.0,20.47,1589,23.29,-43.0,0.971
2024-04-25T16:43:32.000,25.31,8.07,0.0,0.0,20.47,1590,23.09,-43.0,0.971
2024-04-25T16:44:32.000,25.63,8.43,0.0,0.0,20.47,1591,22.9,-43.0,0.971
2024-04-25T16:46:32.000,25.68,6.61,0.0,0.0,20.47,1593,22.51,-43.0,0.971
2024-04-25T16:47:32.000,25.55,6.67,0.0,0.0,20.47,1594,22.32,-42.0,0.971
2024-04-25T16:48:32.000,25.39,6.4,0.0,0.0,20.47,1595,22.13,-42.0,0.971
2024-04-25T16:51:33.000,25.29,5.82,0.0,0.0,20.47,1598,21.55,-42.0,0.971
2024-04-25T16:52:33.000,25.28,5.72,0.0,0.0,20.47,1599,21.35,-42.0,0.971
2024-04-25T16:53:33.000,25.16,4.66,0.0,0.0,20.47,1600,21.16,-41.0,0.971
2024-04-25T16:55:33.000,24.44,3.03,0.0,0.0,20.47,1602,20.78,-41.0,0.971
2024-04-25T16:56:33.000,23.9,2.5,0.0,0.0,20.47,1603,20.58,-41.0,0.971
2024-04-25T16:57:33.000,23.58,2.01,0.0,0.0,20.47,1604,20.39,-41.0,0.971
2024-04-25T16:59:33.000,23.11,1.17,0.0,0.0,20.47,1606,20.0,-40.0,0.971
2024-04-25T17:00:33.000,22.65,0.66,0.0,0.0,20.47,1607,19.81,-40.0,0.971
2024-04-25T17:01:33.000,22.37,1.18,0.0,0.0,20.47,1608,19.62,-40.0,0.971
2024-04-25T17:02:33.000,22.23,1.18,0.25,0.09,20.47,1609,19.43,-40.0,0.971
2024-04-25T17:03:33.000,22.11,1.15,0.37,0.19,20.47,1610,19.23,-40.0,0.971
2024-04-25T17:04:33.000,22.02,1.02,0.73,0.38,20.47,1611,19.04,-39.0,0.97
2024-04-25T17:05:33.000,21.8,0.55,2.51,1.22,20.47,1612,18.85,-39.0,0.97
2024-04-25T17:06:33.000,21.77,0.7,0.88,0.47,20.47,1613,18.66,-39.0,0.97
2024-04-25T17:07:34.000,21.58,0.33,1.86,0.84,20.47,1614,18.46,-39.0,0.97
2024-04-25T17:08:34.000,21.52,0.74,3.12,1.67,20.47,1615,18.27,-39.0,0.97
2024-04-25T17:09:34.000,21.52,1.12,3.82,2.02,20.47,1616,18.07,-38.0,0.97
2024-04-25T17:10:34.000,21.42,0.16,2.65,1.49,20.47,1617,17.88,-38.0,0.97
2024-04-25T17:11:34.000,21.01,-0.65,2.83,1.39,20.47,1618,17.69,-38.0,0.97
2024-04-25T17:12:34.000,20.66,-0.45,5.8,2.86,20.47,1619,17.5,-38.0,0.97
2024-04-25T17:13:34.000,20.56,-0.21,4.79,2.44,20.47,1620,17.3,-38.0,0.97
2024-04-25T17:14:34.000,20.19,-0.73,3.04,1.67,20.47,1621,17.11,-38.0,0.97
2024-04-25T17:15:34.000,19.98,-0.42,3.67,2.21,20.47,1622,16.92,-37.0,0.97
2024-04-25T17:16:34.000,19.7,-0.24,4.23,2.18,20.47,1623,16.73,-37.0,0.97
2024-04-25T17:17:34.000,19.8,0.69,2.48,1.5,20.47,1624,16.53,-37.0,0.97
2024-04-25T17:18:34.000,19.86,0.73,3.87,1.99,20.47,1625,16.34,-37.0,0.97
2024-04-25T17:19:34.000,19.95,1.93,4.2,2.28,20.47,1626,16.15,-37.0,0.97
2024-04-25T17:20:34.000,20.18,2.42,3.05,1.38,20.47,1627,15.96,-36.0,0.97
2024-04-25T17:21:34.000,20.06,2.1,0.76,0.38,20.47,1628,15.77,-36.0,0.97
