ecsv/stars76/stars76_2025-04.ecsv
# %ECSV 1.0
# ---
# datatype:
# - {name: time, datatype: string}
# - {name: Enclosure Temperature, unit: deg_C, datatype: float64}
# - {name: Sky Temperature, unit: deg_C, datatype: float64}
# - {name: Frequency, unit: Hz, datatype: float64}
# - {name: MSAS, unit: mag / arcsec2, datatype: float64}
# - {name: ZP, datatype: float64}
# - {name: Sequence Number, datatype: int64}
# - {name: Sun Alt, unit: deg, datatype: float64}
# - {name: Moon Alt, unit: deg, datatype: float64}
# - {name: Moon Illumination, datatype: float64}
# delimiter: ','
# meta: !!omap
# - ida:
#     Data supplier: {affiliation: null, observer: Enric Marco}
#     Device type: TESS-W
#     Field of view: 17.0
#     Filters per channel: None
#     Instrument ID: stars76
#     License: ODbL 1.0 http://opendatacommons.org/licenses/odbl/summary/
#     Local timezone: Europe/Madrid
#     Location name: {country: Spain, place: Valencia, region: Valencian Community, sub_region: "Comarca de Val\xE8ncia", town: Valencia}
#     Measurement direction per channel: {azimuth: 0.0, zenital: 0.0}
#     Moving / Fixed look direction: FIXED
#     Moving / Stationary position: STATIONARY
#     Number of channels: 1
#     Number of fields per line: 8
#     Number of header lines: 35
#     Position: {height: 0.0, latitude: 39.478898, longitude: -0.376524}
#     TESS MAC address: 18:FE:34:CF:ED:70
#     TESS cover offset value: 0.0
#     TESS firmware version: '1.0'
#     TESS zero point: 20.47
#     Time Synchronization: timestamp added by MQTT subscriber
#     URL: http://www.darksky.org/NSBM/sdf1.0.pdf
# - __serialized_columns__:
#     Enclosure Temperature:
#       __class__: astropy.units.quantity.Quantity
#       unit: &id001 !astropy.units.Unit {unit: deg_C}
#       value: !astropy.table.SerializedColumn {name: Enclosure Temperature}
#     Frequency:
#       __class__: astropy.units.quantity.Quantity
#       unit: !astropy.units.Unit {unit: Hz}
#       value: !astropy.table.SerializedColumn {name: Frequency}
#     MSAS:
#       __class__: astropy.units.quantity.Quantity
#       unit: !astropy.units.Unit {unit: mag / arcsec2}
#       value: !astropy.table.SerializedColumn {name: MSAS}
#     Moon Alt:
#       __class__: astropy.units.quantity.Quantity
#       unit: &id002 !astropy.units.Unit {unit: deg}
#       value: !astropy.table.SerializedColumn {name: Moon Alt}
#     Sky Temperature:
#       __class__: astropy.units.quantity.Quantity
#       unit: *id001
#       value: !astropy.table.SerializedColumn {name: Sky Temperature}
#     Sun Alt:
#       __class__: astropy.units.quantity.Quantity
#       unit: *id002
#       value: !astropy.table.SerializedColumn {name: Sun Alt}
#     time:
#       __class__: astropy.time.core.Time
#       format: isot
#       in_subfmt: '*'
#       out_subfmt: '*'
#       precision: 3
#       scale: utc
#       value: !astropy.table.SerializedColumn {name: time}
# schema: astropy-2.0
time,Enclosure Temperature,Sky Temperature,Frequency,MSAS,ZP,Sequence Number,Sun Alt,Moon Alt,Moon Illumination
[from data line 12429]
2025-04-17T02:57:48.000,14.61,-2.25,19.3,17.26,20.47,28264,-25.34,22.0,0.854
2025-04-17T02:58:48.000,14.53,-3.04,18.08,17.33,20.47,28265,-25.2,22.0,0.854
2025-04-17T02:59:48.000,14.52,-4.51,12.0,17.78,20.47,28266,-25.05,22.0,0.854
2025-04-17T03:00:48.000,14.44,-5.63,10.16,17.95,20.47,28267,-24.9,22.0,0.854
2025-04-17T03:01:48.000,14.38,-5.63,10.12,17.96,20.47,28268,-24.75,22.0,0.854
2025-04-17T03:02:48.000,14.34,-5.73,10.2,17.95,20.47,28269,-24.6,22.0,0.854
2025-04-17T03:03:48.000,14.3,-5.75,10.45,17.92,20.47,28270,-24.46,22.0,0.854
2025-04-17T03:04:48.000,14.26,-5.46,11.05,17.86,20.47,28271,-24.31,22.0,0.854
2025-04-17T03:05:48.000,14.26,-4.7,12.64,17.72,20.47,28272,-24.16,22.0,0.854
2025-04-17T03:06:48.000,14.27,-3.72,14.77,17.55,20.47,28273,-24.01,22.0,0.854
2025-04-17T03:07:48.000,14.31,-2.38,18.48,17.31,20.47,28274,-23.85,22.0,0.854
2025-04-17T03:08:48.000,14.35,-0.73,22.91,17.07,20.47,28275,-23.7,22.0,0.854
2025-04-17T03:09:49.000,14.44,0.82,28.88,16.82,20.47,28276,-23.55,22.0,0.854
2025-04-17T03:10:49.000,14.53,1.91,30.46,16.76,20.47,28277,-23.4,22.0,0.853
2025-04-17T03:11:49.000,14.56,2.17,32.24,16.7,20.47,28278,-23.24,22.0,0.853
2025-04-17T03:12:49.000,14.66,2.65,33.09,16.67,20.47,28279,-23.09,22.0,0.853
2025-04-17T03:13:49.000,14.72,2.88,37.01,16.55,20.47,28280,-22.94,22.0,0.853
2025-04-17T03:14:49.000,14.78,3.68,41.85,16.42,20.47,28281,-22.78,22.0,0.853
2025-04-17T03:15:49.000,14.84,3.91,45.12,16.34,20.47,28282,-22.63,22.0,0.853
2025-04-17T03:16:49.000,14.9,4.4,44.15,16.36,20.47,28283,-22.47,22.0,0.853
2025-04-17T03:17:49.000,14.98,4.95,52.22,16.18,20.47,28284,-22.32,22.0,0.853
2025-04-17T03:18:49.000,15.04,5.46,61.98,15.99,20.47,28285,-22.16,22.0,0.853
2025-04-17T03:19:49.000,15.12,5.65,62.77,15.98,20.47,28286,-22.01,22.0,0.853
2025-04-17T03:20:49.000,15.14,5.59,60.05,16.02,20.47,28287,-21.85,22.0,0.853
2025-04-17T03:21:49.000,15.23,5.6,60.76,16.01,20.47,28288,-21.69,22.0,0.853
2025-04-17T03:22:49.000,15.19,5.25,56.52,16.09,20.47,28289,-21.54,22.0,0.853
2025-04-17T03:23:49.000,15.19,5.22,54.39,16.13,20.47,28290,-21.38,22.0,0.853
2025-04-17T03:24:49.000,15.21,5.35,53.52,16.15,20.47,28291,-21.22,22.0,0.853
2025-04-17T03:25:49.000,15.28,5.26,51.12,16.2,20.47,28292,-21.06,22.0,0.853
2025-04-17T03:26:50.000,15.28,4.99,49.46,16.23,20.47,28293,-20.9,22.0,0.853
2025-04-17T03:27:50.000,15.27,4.7,47.54,16.28,20.47,28294,-20.74,22.0,0.853
2025-04-17T03:28:50.000,15.31,4.23,41.94,16.42,20.47,28295,-20.58,22.0,0.853
2025-04-17T03:29:50.000,15.38,3.19,33.99,16.64,20.47,28296,-20.42,22.0,0.853
2025-04-17T03:30:50.000,15.38,2.52,32.61,16.69,20.47,28297,-20.26,22.0,0.853
2025-04-17T03:31:50.000,15.38,2.63,30.79,16.75,20.47,28298,-20.1,22.0,0.852
2025-04-17T03:32:50.000,15.35,2.81,33.91,16.65,20.47,28299,-19.94,22.0,0.852
2025-04-17T03:33:50.000,15.33,3.55,38.24,16.51,20.47,28300,-19.78,22.0,0.852
2025-04-17T03:34:50.000,15.29,3.8,42.18,16.41,20.47,28301,-19.62,22.0,0.852
2025-04-17T03:35:50.000,15.36,4.44,54.42,16.13,20.47,28302,-19.45,22.0,0.852
2025-04-17T03:36:50.000,15.34,4.36,51.04,16.2,20.47,28303,-19.29,22.0,0.852
2025-04-17T03:37:50.000,15.31,4.13,47.8,16.27,20.47,28304,-19.13,22.0,0.852
2025-04-17T03:38:50.000,15.29,4.22,54.11,16.14,20.47,28305,-18.97,22.0,0.852
2025-04-17T03:39:50.000,15.27,4.3,50.48,16.21,20.47,28306,-18.8,22.0,0.852
2025-04-17T03:40:50.000,15.38,3.86,42.27,16.41,20.47,28307,-18.64,22.0,0.852
2025-04-17T03:41:51.000,15.38,3.15,41.01,16.44,20.47,28308,-18.47,22.0,0.852
2025-04-17T03:42:51.000,15.42,3.16,38.12,16.52,20.47,28309,-18.31,22.0,0.852
2025-04-17T03:43:51.000,15.4,3.07,40.79,16.45,20.47,28310,-18.14,22.0,0.852
2025-04-17T03:44:51.000,15.33,3.08,42.97,16.39,20.47,28311,-17.98,22.0,0.852
2025-04-17T03:45:51.000,15.32,3.54,40.42,16.46,20.47,28312,-17.81,22.0,0.852
2025-04-17T03:46:51.000,15.37,3.76,44.9,16.34,20.47,28313,-17.65,22.0,0.852
2025-04-17T03:47:51.000,15.38,4.1,44.78,16.34,20.47,28314,-17.48,21.0,0.852
2025-04-17T03:48:51.000,15.3,4.09,48.92,16.25,20.47,28315,-17.31,21.0,0.852
2025-04-17T03:49:51.000,15.22,4.57,55.55,16.11,20.47,28316,-17.15,21.0,0.852
2025-04-17T03:50:51.000,15.21,4.8,57.98,16.06,20.47,28317,-16.98,21.0,0.852
2025-04-17T03:51:51.000,15.19,4.88,55.41,16.11,20.47,28318,-16.81,21.0,0.852
2025-04-17T03:52:51.000,15.2,4.85,60.23,16.02,20.47,28319,-16.64,21.0,0.852
2025-04-17T03:53:51.000,15.11,4.69,63.36,15.97,20.47,28320,-16.47,21.0,0.851
2025-04-17T03:54:51.000,15.16,4.92,52.55,16.17,20.47,28321,-16.31,21.0,0.851
2025-04-17T03:55:51.000,15.19,4.83,56.41,16.09,20.47,28322,-16.14,21.0,0.851
2025-04-17T03:56:51.000,15.22,5.06,63.73,15.96,20.47,28323,-15.97,21.0,0.851
2025-04-17T03:57:51.000,15.14,4.88,64.3,15.95,20.47,28324,-15.8,21.0,0.851
2025-04-17T03:58:52.000,15.19,5.12,62.8,15.98,20.47,28325,-15.63,21.0,0.851
2025-04-17T03:59:52.000,15.25,5.0,55.84,16.1,20.47,28326,-15.46,21.0,0.851
2025-04-17T04:00:52.000,15.21,5.23,57.79,16.07,20.47,28327,-15.29,21.0,0.851
2025-04-17T04:01:52.000,15.2,5.28,62.7,15.98,20.47,28328,-15.12,21.0,0.851
2025-04-17T04:02:52.000,15.1,5.09,67.75,15.89,20.47,28329,-14.94,21.0,0.851
2025-04-17T04:03:52.000,14.95,5.3,77.1,15.75,20.47,28330,-14.77,21.0,0.851
2025-04-17T04:04:52.000,14.94,5.63,81.55,15.69,20.47,28331,-14.6,21.0,0.851
2025-04-17T04:05:52.000,14.92,5.68,83.14,15.67,20.47,28332,-14.43,21.0,0.851
2025-04-17T04:06:52.000,14.91,5.69,84.84,15.65,20.47,28333,-14.26,21.0,0.851
2025-04-17T04:07:52.000,14.89,5.54,87.35,15.62,20.47,28334,-14.09,21.0,0.851
2025-04-17T04:08:52.000,14.85,5.46,82.52,15.68,20.47,28335,-13.91,21.0,0.851
2025-04-17T04:09:52.000,14.9,5.81,74.07,15.8,20.47,28336,-13.74,20.0,0.851
2025-04-17T04:10:52.000,14.92,5.48,67.02,15.9,20.47,28337,-13.57,20.0,0.851
2025-04-17T04:11:52.000,14.98,5.38,63.39,15.97,20.47,28338,-13.39,20.0,0.851
2025-04-17T04:12:52.000,14.9,4.98,62.52,15.98,20.47,28339,-13.22,20.0,0.851
2025-04-17T04:13:52.000,14.92,5.57,66.36,15.92,20.47,28340,-13.05,20.0,0.851
2025-04-17T04:14:53.000,14.93,5.4,67.48,15.9,20.47,28341,-12.87,20.0,0.85
2025-04-17T04:15:53.000,14.95,5.72,68.7,15.88,20.47,28342,-12.7,20.0,0.85
2025-04-17T04:16:53.000,15.04,5.67,66.05,15.92,20.47,28343,-12.52,20.0,0.85
2025-04-17T04:17:53.000,15.1,5.58,63.91,15.96,20.47,28344,-12.35,20.0,0.85
2025-04-17T04:18:53.000,15.11,5.22,65.16,15.94,20.47,28345,-12.17,20.0,0.85
2025-04-17T04:19:53.000,15.08,5.17,74.93,15.78,20.47,28346,-12.0,20.0,0.85
2025-04-17T04:20:53.000,15.04,5.33,83.36,15.67,20.47,28347,-11.82,20.0,0.85
2025-04-17T04:21:53.000,15.06,5.7,92.83,15.55,20.47,28348,-11.64,20.0,0.85
2025-04-17T04:22:53.000,15.08,5.79,92.59,15.55,20.47,28349,-11.47,20.0,0.85
2025-04-17T04:23:53.000,15.08,5.67,92.58,15.55,20.47,28350,-11.29,20.0,0.85
2025-04-17T04:24:54.000,14.98,5.51,86.57,15.63,20.47,28351,-11.11,20.0,0.85
2025-04-17T04:25:53.000,15.0,5.56,77.84,15.74,20.47,28352,-10.94,20.0,0.85
2025-04-17T04:26:53.000,15.06,5.44,71.86,15.83,20.47,28353,-10.76,19.0,0.85
2025-04-17T04:27:53.000,15.09,5.41,67.52,15.9,20.47,28354,-10.58,19.0,0.85
2025-04-17T04:28:53.000,15.08,5.36,74.7,15.79,20.47,28355,-10.41,19.0,0.85
2025-04-17T04:29:53.000,15.07,5.2,76.84,15.76,20.47,28356,-10.23,19.0,0.85
2025-04-17T04:30:54.000,15.04,4.76,75.18,15.78,20.47,28357,-10.05,19.0,0.85
2025-04-17T04:31:54.000,14.98,4.03,59.93,16.03,20.47,28358,-9.87,19.0,0.85
2025-04-17T04:32:54.000,14.94,3.22,52.59,16.17,20.47,28359,-9.69,19.0,0.85
2025-04-17T04:33:54.000,14.9,2.11,47.79,16.27,20.47,28360,-9.51,19.0,0.85
2025-04-17T04:34:54.000,14.84,0.52,43.22,16.38,20.47,28361,-9.33,19.0,0.85
2025-04-17T04:35:54.000,14.73,-1.14,36.95,16.55,20.47,28362,-9.15,19.0,0.849
2025-04-17T04:36:54.000,14.65,-2.18,34.54,16.63,20.47,28363,-8.97,19.0,0.849
2025-04-17T04:37:54.000,14.54,-2.73,37.01,16.55,20.47,28364,-8.79,19.0,0.849
2025-04-17T04:38:54.000,14.48,-2.26,46.03,16.32,20.47,28365,-8.61,19.0,0.849
2025-04-17T04:39:54.000,14.41,-1.87,52.39,16.17,20.47,28366,-8.43,19.0,0.849
2025-04-17T04:40:54.000,14.34,-1.48,68.36,15.89,20.47,28367,-8.25,18.0,0.849
2025-04-17T04:41:54.000,14.32,-0.13,84.98,15.65,20.47,28368,-8.07,18.0,0.849
2025-04-17T04:42:54.000,14.31,1.06,102.84,15.44,20.47,28369,-7.89,18.0,0.849
2025-04-17T04:43:54.000,14.33,1.58,108.09,15.39,20.47,28370,-7.71,18.0,0.849
2025-04-17T04:44:54.000,14.36,1.64,119.66,15.28,20.47,28371,-7.53,18.0,0.849
2025-04-17T04:45:54.000,14.4,1.85,160.75,14.96,20.47,28372,-7.35,18.0,0.849
2025-04-17T04:46:55.000,14.43,1.69,186.45,14.79,20.47,28373,-7.17,18.0,0.849
2025-04-17T04:47:55.000,14.45,0.92,186.04,14.8,20.47,28374,-6.98,18.0,0.849
2025-04-17T04:48:55.000,14.44,0.39,244.22,14.51,20.47,28375,-6.8,18.0,0.849
2025-04-17T04:49:55.000,14.41,-0.37,285.69,14.33,20.47,28376,-6.62,18.0,0.849
2025-04-17T04:50:55.000,14.44,-0.83,312.13,14.24,20.47,28377,-6.44,18.0,0.849
2025-04-17T04:51:55.000,14.42,-1.31,407.08,13.95,20.47,28378,-6.26,18.0,0.849
2025-04-17T04:52:55.000,14.39,-1.59,482.99,13.76,20.47,28379,-6.07,18.0,0.849
2025-04-17T04:53:55.000,14.34,-2.18,541.66,13.64,20.47,28380,-5.89,17.0,0.849
2025-04-17T04:54:55.000,14.31,-2.79,715.2,13.34,20.47,28381,-5.71,17.0,0.849
2025-04-17T04:55:55.000,14.25,-3.41,893.1,13.1,20.47,28382,-5.53,17.0,0.849
2025-04-17T04:56:55.000,14.21,-4.03,1135.6,12.84,20.47,28383,-5.34,17.0,0.848
2025-04-17T04:57:55.000,14.13,-4.82,1455.76,12.57,20.47,28384,-5.16,17.0,0.848
2025-04-17T04:58:55.000,14.07,-5.29,1944.49,12.25,20.47,28385,-4.98,17.0,0.848
2025-04-17T04:59:55.000,13.97,-5.98,2226.11,12.1,20.47,28386,-4.79,17.0,0.848
2025-04-17T05:00:55.000,13.88,-7.17,2507.13,11.97,20.47,28387,-4.61,17.0,0.848
2025-04-17T05:01:55.000,13.78,-8.12,3057.39,11.76,20.47,28388,-4.42,17.0,0.848
2025-04-17T05:02:56.000,13.7,-8.51,3812.29,11.52,20.47,28389,-4.24,17.0,0.848
2025-04-17T05:03:56.000,13.59,-8.67,4729.73,11.29,20.47,28390,-4.05,17.0,0.848
2025-04-17T05:04:56.000,13.5,-8.6,5900.4,11.04,20.47,28391,-3.87,17.0,0.848
2025-04-17T05:05:56.000,13.42,-8.57,7321.4,10.81,20.47,28392,-3.68,16.0,0.848
2025-04-17T05:06:56.000,13.35,-8.58,9015.82,10.58,20.47,28393,-3.5,16.0,0.848
2025-04-17T05:07:56.000,13.31,-8.29,11053.69,10.36,20.47,28394,-3.31,16.0,0.848
2025-04-17T05:08:56.000,13.27,-7.81,13573.78,10.14,20.47,28395,-3.13,16.0,0.848
2025-04-17T05:09:56.000,13.25,-7.44,16645.71,9.92,20.47,28396,-2.94,16.0,0.848
2025-04-17T05:10:56.000,13.22,-7.46,20061.24,9.72,20.47,28397,-2.76,16.0,0.848
2025-04-17T05:11:56.000,13.22,-6.94,23980.25,9.52,20.47,28398,-2.57,16.0,0.848
2025-04-17T05:12:56.000,13.26,-5.88,29309.46,9.4,20.47,28399,-2.39,16.0,0.848
2025-04-17T05:13:56.000,13.29,-5.19,36510.15,9.14,20.47,28400,-2.2,16.0,0.848
2025-04-17T05:14:56.000,13.28,-5.83,42505.09,8.9,20.47,28401,-2.01,16.0,0.848
2025-04-17T05:15:56.000,13.28,-6.83,46983.89,8.79,20.47,28402,-1.83,15.0,0.848
2025-04-17T05:16:56.000,13.27,-7.13,51799.39,8.68,20.47,28403,-1.64,15.0,0.847
2025-04-17T05:17:56.000,13.24,-6.36,51095.02,7.3,20.47,28404,-1.45,15.0,0.847
2025-04-17T05:18:56.000,13.28,-4.92,0.0,0.0,20.47,28405,-1.27,15.0,0.847
2025-04-17T05:19:57.000,13.31,-4.47,0.22,0.19,20.47,28406,-1.08,15.0,0.847
2025-04-17T05:20:57.000,13.32,-5.65,0.0,0.0,20.47,28407,-0.89,15.0,0.847
2025-04-17T05:21:57.000,13.33,-7.55,0.0,0.0,20.47,28408,-0.7,15.0,0.847
2025-04-17T05:22:57.000,13.3,-8.36,0.0,0.0,20.47,28409,-0.52,15.0,0.847
2025-04-17T05:33:57.000,13.27,-9.07,0.0,0.0,20.47,28420,1.55,14.0,0.847
2025-04-17T05:34:57.000,13.33,-8.98,0.0,0.0,20.47,28421,1.74,14.0,0.847
2025-04-17T05:35:58.000,13.38,-8.93,0.0,0.0,20.47,28422,1.93,13.0,0.847
2025-04-17T05:36:58.000,13.43,-8.98,0.16,0.11,20.47,28423,2.12,13.0,0.847
2025-04-17T05:37:58.000,13.49,-9.05,0.0,0.0,20.47,28424,2.31,13.0,0.846
2025-04-17T05:38:58.000,13.54,-9.05,0.0,0.0,20.47,28425,2.5,13.0,0.846
2025-04-17T05:39:58.000,13.61,-8.98,0.0,0.0,20.47,28426,2.69,13.0,0.846
2025-04-17T05:40:58.000,13.68,-9.11,0.17,0.1,20.47,28427,2.88,13.0,0.846
2025-04-17T05:41:58.000,13.72,-9.18,0.0,0.0,20.47,28428,3.07,13.0,0.846
2025-04-17T05:42:58.000,13.85,-8.89,0.27,0.09,20.47,28429,3.26,13.0,0.846
2025-04-17T05:43:58.000,13.95,-8.99,0.0,0.0,20.47,28430,3.45,13.0,0.846
2025-04-17T05:44:58.000,14.02,-9.08,0.0,0.0,20.47,28431,3.64,13.0,0.846
2025-04-17T05:45:58.000,14.08,-9.1,0.0,0.0,20.47,28432,3.83,12.0,0.846
2025-04-17T05:46:58.000,14.18,-8.95,0.16,0.09,20.47,28433,4.02,12.0,0.846
2025-04-17T05:47:58.000,14.27,-9.03,0.51,0.18,20.47,28434,4.21,12.0,0.846
2025-04-17T05:48:58.000,14.3,-9.07,0.0,0.0,20.47,28435,4.4,12.0,0.846
2025-04-17T05:49:58.000,14.32,-9.09,0.0,0.0,20.47,28436,4.59,12.0,0.846
2025-04-17T05:50:58.000,14.37,-8.94,0.0,0.0,20.47,28437,4.78,12.0,0.846
2025-04-17T06:00:59.000,15.44,-8.46,0.0,0.0,20.47,28447,6.69,11.0,0.845
2025-04-17T06:01:59.000,15.54,-8.46,0.0,0.0,20.47,28448,6.88,11.0,0.845
2025-04-17T06:02:59.000,15.65,-8.35,0.0,0.0,20.47,28449,7.07,10.0,0.845
2025-04-17T06:03:59.000,15.8,-8.39,0.32,0.19,20.47,28450,7.26,10.0,0.845
2025-04-17T06:04:59.000,15.93,-8.32,0.0,0.0,20.47,28451,7.45,10.0,0.845
2025-04-17T06:05:59.000,16.08,-8.05,0.42,0.19,20.47,28452,7.64,10.0,0.845
2025-04-17T06:06:59.000,16.22,-8.24,2.02,1.03,20.47,28453,7.84,10.0,0.845
2025-04-17T06:08:00.000,16.37,-8.24,2.9,1.47,20.47,28454,8.03,10.0,0.845
2025-04-17T06:09:00.000,16.56,-8.03,2.11,1.22,20.47,28455,8.22,10.0,0.845
2025-04-17T06:10:00.000,16.73,-7.98,2.91,1.48,20.47,28456,8.41,10.0,0.845
2025-04-17T06:11:00.000,16.91,-7.97,5.14,2.8,20.47,28457,8.61,9.0,0.845
2025-04-17T06:12:00.000,17.06,-7.95,2.74,1.48,20.47,28458,8.8,9.0,0.845
2025-04-17T06:13:00.000,17.18,-8.16,3.44,1.65,20.47,28459,8.99,9.0,0.845
2025-04-17T06:14:00.000,17.24,-8.32,1.9,0.84,20.47,28460,9.18,9.0,0.845
2025-04-17T06:15:00.000,17.25,-8.55,2.98,1.57,20.47,28461,9.37,9.0,0.845
2025-04-17T06:16:00.000,17.32,-8.42,3.1,1.86,20.47,28462,9.57,9.0,0.845
2025-04-17T06:17:00.000,17.37,-8.2,3.3,1.56,20.47,28463,9.76,9.0,0.845
2025-04-17T06:18:00.000,17.42,-8.4,4.01,2.19,20.47,28464,9.95,9.0,0.845
2025-04-17T06:19:00.000,17.49,-8.18,3.12,1.67,20.47,28465,10.14,8.0,0.845
2025-04-17T06:20:00.000,17.53,-8.47,2.58,1.19,20.47,28466,10.33,8.0,0.844
2025-04-17T06:21:00.000,17.46,-8.55,4.72,2.17,20.47,28467,10.53,8.0,0.844
2025-04-17T06:22:00.000,17.52,-8.29,2.81,1.38,20.47,28468,10.72,8.0,0.844
2025-04-17T06:23:00.000,17.59,-8.14,3.25,1.76,20.47,28469,10.91,8.0,0.844
2025-04-17T06:24:00.000,17.67,-8.3,3.77,1.82,20.47,28470,11.1,8.0,0.844
2025-04-17T06:25:01.000,17.74,-8.15,3.87,1.82,20.47,28471,11.3,8.0,0.844
2025-04-17T06:26:01.000,17.87,-8.0,1.88,0.84,20.47,28472,11.49,8.0,0.844
2025-04-17T06:27:01.000,17.92,-8.36,4.12,2.26,20.47,28473,11.69,7.0,0.844
2025-04-17T06:28:01.000,17.96,-8.15,2.67,1.5,20.47,28474,11.88,7.0,0.844
2025-04-17T06:29:01.000,18.05,-8.25,3.73,2.01,20.47,28475,12.07,7.0,0.844
2025-04-17T06:30:01.000,18.19,-7.86,3.8,1.92,20.47,28476,12.26,7.0,0.844
2025-04-17T06:31:01.000,18.36,-7.79,3.66,1.92,20.47,28477,12.46,7.0,0.844
2025-04-17T06:32:01.000,18.4,-8.3,2.62,1.11,20.47,28478,12.65,7.0,0.844
2025-04-17T06:33:01.000,18.43,-8.26,3.16,1.76,20.47,28479,12.84,7.0,0.844
2025-04-17T06:34:01.000,18.5,-7.9,1.88,0.84,20.47,28480,13.03,7.0,0.844
2025-04-17T06:35:01.000,18.6,-7.9,4.23,2.0,20.47,28481,13.23,6.0,0.844
2025-04-17T06:36:01.000,18.77,-7.9,3.34,1.84,20.47,28482,13.42,6.0,0.844
2025-04-17T06:37:01.000,18.75,-8.2,0.89,0.48,20.47,28483,13.61,6.0,0.844
2025-04-17T06:38:01.000,18.82,-8.03,0.26,0.09,20.47,28484,13.81,6.0,0.844
2025-04-17T06:39:01.000,18.89,-7.62,1.9,1.04,20.47,28485,14.0,6.0,0.844
2025-04-17T06:40:02.000,19.03,-7.8,1.25,0.56,20.47,28486,14.2,6.0,0.843
2025-04-17T06:41:02.000,19.19,-7.41,1.35,0.66,20.47,28487,14.39,6.0,0.843
2025-04-17T06:42:02.000,19.33,-7.41,0.0,0.0,20.47,28488,14.58,5.0,0.843
2025-04-17T06:43:02.000,19.44,-7.8,0.0,0.0,20.47,28489,14.77,5.0,0.843
2025-04-17T06:44:02.000,19.43,-7.98,0.19,0.1,20.47,28490,14.97,5.0,0.843
2025-04-17T06:45:02.000,19.52,-7.72,0.1,0.1,20.47,28491,15.16,5.0,0.843
2025-04-17T06:46:02.000,19.64,-7.62,0.22,0.09,20.47,28492,15.35,5.0,0.843
2025-04-17T06:47:02.000,19.66,-7.85,1.4,0.66,20.47,28493,15.55,5.0,0.843
