ecsv/stars76/stars76_2025-04.ecsv
# %ECSV 1.0
# ---
# datatype:
# - {name: time, datatype: string}
# - {name: Enclosure Temperature, unit: deg_C, datatype: float64}
# - {name: Sky Temperature, unit: deg_C, datatype: float64}
# - {name: Frequency, unit: Hz, datatype: float64}
# - {name: MSAS, unit: mag / arcsec2, datatype: float64}
# - {name: ZP, datatype: float64}
# - {name: Sequence Number, datatype: int64}
# - {name: Sun Alt, unit: deg, datatype: float64}
# - {name: Moon Alt, unit: deg, datatype: float64}
# - {name: Moon Illumination, datatype: float64}
# delimiter: ','
# meta: !!omap
# - ida:
#     Data supplier: {affiliation: null, observer: Enric Marco}
#     Device type: TESS-W
#     Field of view: 17.0
#     Filters per channel: None
#     Instrument ID: stars76
#     License: ODbL 1.0 http://opendatacommons.org/licenses/odbl/summary/
#     Local timezone: Europe/Madrid
#     Location name: {country: Spain, place: Valencia, region: Valencian Community, sub_region: "Comarca de Val\xE8ncia", town: Valencia}
#     Measurement direction per channel: {azimuth: 0.0, zenital: 0.0}
#     Moving / Fixed look direction: FIXED
#     Moving / Stationary position: STATIONARY
#     Number of channels: 1
#     Number of fields per line: 8
#     Number of header lines: 35
#     Position: {height: 0.0, latitude: 39.478898, longitude: -0.376524}
#     TESS MAC address: 18:FE:34:CF:ED:70
#     TESS cover offset value: 0.0
#     TESS firmware version: '1.0'
#     TESS zero point: 20.47
#     Time Synchronization: timestamp added by MQTT subscriber
#     URL: http://www.darksky.org/NSBM/sdf1.0.pdf
# - __serialized_columns__:
#     Enclosure Temperature:
#       __class__: astropy.units.quantity.Quantity
#       unit: &id001 !astropy.units.Unit {unit: deg_C}
#       value: !astropy.table.SerializedColumn {name: Enclosure Temperature}
#     Frequency:
#       __class__: astropy.units.quantity.Quantity
#       unit: !astropy.units.Unit {unit: Hz}
#       value: !astropy.table.SerializedColumn {name: Frequency}
#     MSAS:
#       __class__: astropy.units.quantity.Quantity
#       unit: !astropy.units.Unit {unit: mag / arcsec2}
#       value: !astropy.table.SerializedColumn {name: MSAS}
#     Moon Alt:
#       __class__: astropy.units.quantity.Quantity
#       unit: &id002 !astropy.units.Unit {unit: deg}
#       value: !astropy.table.SerializedColumn {name: Moon Alt}
#     Sky Temperature:
#       __class__: astropy.units.quantity.Quantity
#       unit: *id001
#       value: !astropy.table.SerializedColumn {name: Sky Temperature}
#     Sun Alt:
#       __class__: astropy.units.quantity.Quantity
#       unit: *id002
#       value: !astropy.table.SerializedColumn {name: Sun Alt}
#     time:
#       __class__: astropy.time.core.Time
#       format: isot
#       in_subfmt: '*'
#       out_subfmt: '*'
#       precision: 3
#       scale: utc
#       value: !astropy.table.SerializedColumn {name: time}
# schema: astropy-2.0
time,Enclosure Temperature,Sky Temperature,Frequency,MSAS,ZP,Sequence Number,Sun Alt,Moon Alt,Moon Illumination
[from data line 21884]
2025-04-29T19:59:43.000,18.68,6.39,90.14,15.59,20.47,1257,-12.37,14.0,0.063
2025-04-29T20:00:43.000,18.7,5.7,70.55,15.85,20.47,1258,-12.54,14.0,0.063
2025-04-29T20:01:43.000,18.67,6.02,88.89,15.6,20.47,1259,-12.7,14.0,0.063
2025-04-29T20:02:43.000,18.63,5.83,67.55,15.9,20.47,1260,-12.87,14.0,0.063
2025-04-29T20:03:43.000,18.61,5.64,67.18,15.9,20.47,1261,-13.03,14.0,0.063
2025-04-29T20:04:43.000,18.65,5.57,78.97,15.73,20.47,1262,-13.19,13.0,0.063
2025-04-29T20:05:43.000,18.62,5.35,62.25,15.99,20.47,1263,-13.36,13.0,0.063
2025-04-29T20:06:43.000,18.65,8.68,174.13,14.94,20.47,1264,-13.52,13.0,0.063
2025-04-29T20:07:43.000,18.71,10.07,207.24,14.68,20.47,1265,-13.68,13.0,0.063
2025-04-29T20:08:43.000,18.76,9.38,163.46,14.94,20.47,1266,-13.84,13.0,0.063
2025-04-29T20:09:43.000,18.79,7.16,120.47,15.29,20.47,1267,-14.01,13.0,0.064
2025-04-29T20:10:43.000,18.79,5.52,65.02,15.94,20.47,1268,-14.17,12.0,0.064
2025-04-29T20:11:44.000,18.75,5.08,57.86,16.06,20.47,1269,-14.33,12.0,0.064
2025-04-29T20:12:43.000,18.72,5.88,65.41,15.94,20.47,1270,-14.49,12.0,0.064
2025-04-29T20:13:44.000,18.71,6.92,98.48,15.5,20.47,1271,-14.65,12.0,0.064
2025-04-29T20:14:44.000,18.78,7.43,88.57,15.61,20.47,1272,-14.81,12.0,0.064
2025-04-29T20:15:44.000,18.78,8.33,131.75,15.18,20.47,1273,-14.97,12.0,0.064
2025-04-29T20:16:44.000,18.72,8.54,149.37,15.04,20.47,1274,-15.13,11.0,0.064
2025-04-29T20:17:44.000,18.7,8.18,106.95,15.4,20.47,1275,-15.29,11.0,0.064
2025-04-29T20:18:44.000,18.72,8.25,105.35,15.42,20.47,1276,-15.45,11.0,0.064
2025-04-29T20:19:44.000,18.78,9.57,127.51,15.21,20.47,1277,-15.61,11.0,0.064
2025-04-29T20:20:44.000,18.9,10.69,161.75,14.97,20.47,1278,-15.77,11.0,0.064
2025-04-29T20:21:44.000,18.98,11.8,271.42,14.39,20.47,1279,-15.92,11.0,0.064
2025-04-29T20:22:44.000,19.02,11.68,262.71,14.42,20.47,1280,-16.08,10.0,0.064
2025-04-29T20:23:44.000,19.05,11.3,195.35,14.75,20.47,1281,-16.24,10.0,0.064
2025-04-29T20:24:44.000,19.06,11.58,238.76,14.53,20.47,1282,-16.39,10.0,0.064
2025-04-29T20:25:44.000,19.18,12.42,271.46,14.39,20.47,1283,-16.55,10.0,0.064
2025-04-29T20:26:44.000,19.12,11.88,271.48,14.39,20.47,1284,-16.7,10.0,0.064
2025-04-29T20:27:44.000,18.99,11.87,236.76,14.53,20.47,1285,-16.86,10.0,0.064
2025-04-29T20:28:44.000,19.01,11.82,250.79,14.47,20.47,1286,-17.01,9.0,0.064
2025-04-29T20:29:45.000,19.01,12.02,231.48,14.56,20.47,1287,-17.17,9.0,0.064
2025-04-29T20:30:45.000,19.09,11.97,205.69,14.69,20.47,1288,-17.33,9.0,0.064
2025-04-29T20:31:45.000,19.13,11.54,202.52,14.71,20.47,1289,-17.48,9.0,0.064
2025-04-29T20:32:46.000,19.11,11.45,222.25,14.6,20.47,1290,-17.64,9.0,0.064
2025-04-29T20:33:45.000,19.07,10.61,161.17,14.96,20.47,1291,-17.79,9.0,0.065
2025-04-29T20:34:45.000,19.04,10.69,178.11,14.85,20.47,1292,-17.94,8.0,0.065
2025-04-29T20:35:45.000,19.05,11.14,203.84,14.7,20.47,1293,-18.09,8.0,0.065
2025-04-29T20:36:45.000,19.06,11.21,177.46,14.85,20.47,1294,-18.24,8.0,0.065
2025-04-29T20:37:45.000,18.97,10.55,186.94,14.79,20.47,1295,-18.39,8.0,0.065
2025-04-29T20:38:45.000,18.97,10.64,231.01,14.56,20.47,1296,-18.54,8.0,0.065
2025-04-29T20:39:45.000,19.04,10.16,218.34,14.63,20.47,1297,-18.69,8.0,0.065
2025-04-29T20:40:45.000,19.1,9.44,128.93,15.2,20.47,1298,-18.84,7.0,0.065
2025-04-29T20:41:45.000,19.13,8.62,96.47,15.51,20.47,1299,-18.99,7.0,0.065
2025-04-29T20:42:46.000,19.1,7.89,83.55,15.67,20.47,1300,-19.15,7.0,0.065
2025-04-29T20:43:46.000,19.0,7.15,73.16,15.81,20.47,1301,-19.29,7.0,0.065
2025-04-29T20:44:46.000,18.88,8.31,125.03,15.29,20.47,1302,-19.44,7.0,0.065
2025-04-29T20:45:46.000,18.91,10.14,199.03,14.72,20.47,1303,-19.59,7.0,0.065
2025-04-29T20:46:46.000,18.87,8.37,119.09,15.32,20.47,1304,-19.74,6.0,0.065
2025-04-29T20:47:46.000,18.76,8.95,163.82,14.95,20.47,1305,-19.89,6.0,0.065
2025-04-29T20:48:46.000,18.73,10.61,183.35,14.81,20.47,1306,-20.03,6.0,0.065
2025-04-29T20:49:46.000,18.75,11.49,200.58,14.71,20.47,1307,-20.18,6.0,0.065
2025-04-29T20:50:46.000,18.79,12.13,238.0,14.53,20.47,1308,-20.32,6.0,0.065
2025-04-29T20:51:46.000,18.86,12.45,287.71,14.32,20.47,1309,-20.47,6.0,0.065
2025-04-29T20:52:46.000,18.94,12.39,286.85,14.33,20.47,1310,-20.61,5.0,0.065
2025-04-29T20:53:46.000,18.92,10.05,166.85,14.94,20.47,1311,-20.76,5.0,0.065
2025-04-29T20:54:46.000,18.87,9.11,119.96,15.29,20.47,1312,-20.9,5.0,0.065
2025-04-29T20:55:46.000,18.86,10.51,223.17,14.6,20.47,1313,-21.04,5.0,0.065
2025-04-29T20:56:46.000,18.89,11.5,229.98,14.57,20.47,1314,-21.19,5.0,0.065
2025-04-29T20:57:46.000,18.97,11.92,250.65,14.47,20.47,1315,-21.33,5.0,0.065
2025-04-29T20:58:47.000,18.95,11.18,234.13,14.55,20.47,1316,-21.47,4.0,0.066
2025-04-29T20:59:47.000,18.91,10.42,167.93,14.91,20.47,1317,-21.62,4.0,0.066
2025-04-29T21:00:47.000,18.96,11.02,166.88,14.92,20.47,1318,-21.76,4.0,0.066
2025-04-29T21:01:47.000,19.01,11.39,187.93,14.79,20.47,1319,-21.9,4.0,0.066
2025-04-29T21:02:47.000,19.03,11.8,225.89,14.59,20.47,1320,-22.04,4.0,0.066
2025-04-29T21:03:47.000,19.03,11.74,218.13,14.62,20.47,1321,-22.18,4.0,0.066
2025-04-29T21:04:47.000,18.95,11.83,222.43,14.6,20.47,1322,-22.31,4.0,0.066
2025-04-29T21:05:47.000,19.0,12.19,208.25,14.67,20.47,1323,-22.45,3.0,0.066
2025-04-29T21:06:47.000,18.99,10.43,157.78,15.0,20.47,1324,-22.59,3.0,0.066
2025-04-29T21:07:47.000,19.0,9.52,97.34,15.5,20.47,1325,-22.73,3.0,0.066
2025-04-29T21:08:47.000,18.98,9.42,104.63,15.42,20.47,1326,-22.87,3.0,0.066
2025-04-29T21:09:47.000,18.97,9.0,89.27,15.59,20.47,1327,-23.0,3.0,0.066
2025-04-29T21:10:47.000,18.88,8.74,101.66,15.46,20.47,1328,-23.14,3.0,0.066
2025-04-29T21:11:48.000,18.8,9.35,106.57,15.4,20.47,1329,-23.28,2.0,0.066
2025-04-29T21:12:47.000,18.78,8.01,87.0,15.63,20.47,1330,-23.41,2.0,0.066
2025-04-29T21:13:47.000,18.76,6.7,71.45,15.84,20.47,1331,-23.54,2.0,0.066
2025-04-29T21:14:47.000,18.75,7.45,85.82,15.65,20.47,1332,-23.68,2.0,0.066
2025-04-29T21:15:48.000,18.73,8.09,100.82,15.46,20.47,1333,-23.81,2.0,0.066
2025-04-29T21:16:48.000,18.75,7.9,74.66,15.79,20.47,1334,-23.94,2.0,0.066
2025-04-29T21:17:48.000,18.78,8.73,104.76,15.42,20.47,1335,-24.08,2.0,0.066
2025-04-29T21:18:48.000,18.84,9.17,110.18,15.37,20.47,1336,-24.21,1.0,0.066
2025-04-29T21:19:48.000,18.83,10.15,133.55,15.16,20.47,1337,-24.34,1.0,0.066
2025-04-29T21:20:48.000,18.82,11.19,163.55,14.94,20.47,1338,-24.47,1.0,0.066
2025-04-29T21:21:48.000,18.85,11.66,195.12,14.74,20.47,1339,-24.6,1.0,0.066
2025-04-29T21:22:48.000,18.88,11.48,188.16,14.79,20.47,1340,-24.73,1.0,0.067
2025-04-29T21:23:48.000,18.9,12.43,268.4,14.4,20.47,1341,-24.86,1.0,0.067
2025-04-29T21:24:48.000,18.93,12.39,266.94,14.4,20.47,1342,-24.99,0.0,0.067
2025-04-29T21:25:48.000,18.95,12.07,204.81,14.7,20.47,1343,-25.11,0.0,0.067
2025-04-29T21:26:48.000,18.97,12.04,220.27,14.61,20.47,1344,-25.24,0.0,0.067
2025-04-29T21:27:48.000,19.05,11.08,173.75,14.88,20.47,1345,-25.37,0.0,0.067
2025-04-29T21:28:48.000,19.11,8.9,86.89,15.64,20.47,1346,-25.49,-0.0,0.067
2025-04-29T21:29:48.000,19.07,7.21,62.73,15.98,20.47,1347,-25.62,-0.0,0.067
2025-04-29T21:30:48.000,18.99,6.94,65.7,15.93,20.47,1348,-25.74,-0.0,0.067
2025-04-29T21:31:49.000,18.95,7.44,72.09,15.83,20.47,1349,-25.87,-1.0,0.067
2025-04-29T21:32:49.000,18.86,8.39,75.73,15.77,20.47,1350,-25.99,-1.0,0.067
2025-04-29T21:33:49.000,18.93,10.48,116.18,15.34,20.47,1351,-26.12,-1.0,0.067
2025-04-29T21:34:49.000,18.91,11.58,164.97,14.93,20.47,1352,-26.24,-1.0,0.067
2025-04-29T21:35:49.000,18.93,12.56,226.92,14.58,20.47,1353,-26.36,-1.0,0.067
2025-04-29T21:36:49.000,18.98,12.73,260.2,14.43,20.47,1354,-26.48,-1.0,0.067
2025-04-29T21:37:49.000,18.98,12.42,265.96,14.41,20.47,1355,-26.6,-1.0,0.067
2025-04-29T21:38:49.000,18.95,11.77,235.37,14.54,20.47,1356,-26.72,-2.0,0.067
2025-04-29T21:39:49.000,18.91,10.82,177.82,14.85,20.47,1357,-26.84,-2.0,0.067
2025-04-29T21:40:49.000,18.86,10.51,187.33,14.79,20.47,1358,-26.96,-2.0,0.067
2025-04-29T21:41:49.000,18.93,11.46,226.49,14.58,20.47,1359,-27.08,-2.0,0.067
2025-04-29T21:42:49.000,19.0,11.64,222.11,14.6,20.47,1360,-27.19,-2.0,0.067
2025-04-29T21:43:49.000,18.97,11.66,211.39,14.66,20.47,1361,-27.31,-2.0,0.067
2025-04-29T21:44:49.000,19.02,11.34,195.66,14.74,20.47,1362,-27.43,-3.0,0.067
2025-04-29T21:45:49.000,19.03,11.01,183.44,14.81,20.47,1363,-27.54,-3.0,0.068
2025-04-29T21:46:49.000,19.1,10.85,178.7,14.84,20.47,1364,-27.66,-3.0,0.068
2025-04-29T21:47:49.000,19.15,10.6,135.87,15.15,20.47,1365,-27.77,-3.0,0.068
2025-04-29T21:48:50.000,19.14,10.76,164.41,14.94,20.47,1366,-27.89,-3.0,0.068
2025-04-29T21:49:50.000,19.15,11.42,197.89,14.73,20.47,1367,-28.0,-3.0,0.068
2025-04-29T21:50:50.000,19.16,11.07,172.81,14.88,20.47,1368,-28.11,-3.0,0.068
2025-04-29T21:51:50.000,19.17,10.44,124.79,15.23,20.47,1369,-28.22,-4.0,0.068
2025-04-29T21:52:50.000,19.13,9.79,121.73,15.26,20.47,1370,-28.33,-4.0,0.068
2025-04-29T21:53:50.000,19.15,9.32,93.05,15.55,20.47,1371,-28.44,-4.0,0.068
2025-04-29T21:54:50.000,19.13,9.58,114.04,15.34,20.47,1372,-28.55,-4.0,0.068
2025-04-29T21:55:50.000,19.05,10.99,173.05,14.88,20.47,1373,-28.66,-4.0,0.068
2025-04-29T21:56:50.000,19.05,11.95,193.98,14.75,20.47,1374,-28.77,-4.0,0.068
2025-04-29T21:57:50.000,19.08,12.03,205.01,14.69,20.47,1375,-28.88,-4.0,0.068
2025-04-29T21:58:50.000,19.15,11.96,186.18,14.8,20.47,1376,-28.99,-5.0,0.068
2025-04-29T21:59:50.000,19.13,11.15,162.58,14.94,20.47,1377,-29.09,-5.0,0.068
2025-04-29T22:00:50.000,19.14,10.23,129.8,15.19,20.47,1378,-29.2,-5.0,0.068
2025-04-29T22:01:50.000,19.09,9.43,111.8,15.35,20.47,1379,-29.3,-5.0,0.068
2025-04-29T22:02:50.000,19.01,9.86,125.33,15.23,20.47,1380,-29.41,-5.0,0.068
2025-04-29T22:03:50.000,18.96,10.4,133.06,15.16,20.47,1381,-29.51,-5.0,0.068
2025-04-29T22:04:50.000,18.97,9.9,119.08,15.28,20.47,1382,-29.61,-5.0,0.068
2025-04-29T22:05:51.000,18.94,9.01,104.36,15.42,20.47,1383,-29.71,-6.0,0.068
2025-04-29T22:06:51.000,18.86,8.72,105.01,15.42,20.47,1384,-29.82,-6.0,0.068
2025-04-29T22:07:51.000,18.82,8.49,104.8,15.42,20.47,1385,-29.92,-6.0,0.068
2025-04-29T22:08:51.000,18.77,8.85,108.7,15.38,20.47,1386,-30.02,-6.0,0.068
2025-04-29T22:09:51.000,18.68,9.68,120.82,15.27,20.47,1387,-30.11,-6.0,0.069
2025-04-29T22:10:51.000,18.44,9.7,126.52,15.21,20.47,1388,-30.21,-6.0,0.069
2025-04-29T22:11:51.000,18.19,9.56,126.16,15.22,20.47,1389,-30.31,-6.0,0.069
2025-04-29T22:12:51.000,18.12,8.88,111.41,15.35,20.47,1390,-30.41,-6.0,0.069
2025-04-29T22:13:51.000,18.08,8.58,109.57,15.37,20.47,1391,-30.5,-7.0,0.069
2025-04-29T22:14:51.000,18.06,8.73,110.92,15.36,20.47,1392,-30.6,-7.0,0.069
2025-04-29T22:15:51.000,18.04,8.48,110.91,15.36,20.47,1393,-30.69,-7.0,0.069
2025-04-29T22:17:55.000,17.91,8.34,103.33,15.43,20.47,1395,-30.88,-7.0,0.069
2025-04-29T22:18:55.000,17.95,9.02,103.08,15.44,20.47,1396,-30.98,-7.0,0.069
2025-04-29T22:19:55.000,17.94,8.54,97.14,15.5,20.47,1397,-31.07,-7.0,0.069
2025-04-29T22:20:55.000,17.99,7.99,92.77,15.55,20.47,1398,-31.16,-8.0,0.069
2025-04-29T22:21:55.000,18.08,7.81,90.22,15.58,20.47,1399,-31.25,-8.0,0.069
2025-04-29T22:22:55.000,18.15,7.79,90.0,15.58,20.47,1400,-31.34,-8.0,0.069
2025-04-29T22:23:55.000,18.21,8.29,91.8,15.56,20.47,1401,-31.43,-8.0,0.069
2025-04-29T22:24:55.000,18.25,9.43,101.5,15.46,20.47,1402,-31.51,-8.0,0.069
2025-04-29T22:25:55.000,18.24,10.33,116.74,15.31,20.47,1403,-31.6,-8.0,0.069
2025-04-29T22:26:55.000,18.29,9.96,98.0,15.49,20.47,1404,-31.68,-8.0,0.069
2025-04-29T22:27:55.000,18.33,9.93,99.98,15.47,20.47,1405,-31.77,-8.0,0.069
2025-04-29T22:28:55.000,18.37,9.43,94.91,15.53,20.47,1406,-31.85,-9.0,0.069
2025-04-29T22:29:55.000,18.4,8.75,97.09,15.5,20.47,1407,-31.94,-9.0,0.069
2025-04-29T22:30:55.000,18.38,8.14,85.33,15.64,20.47,1408,-32.02,-9.0,0.069
2025-04-29T22:31:55.000,18.26,8.32,92.34,15.56,20.47,1409,-32.1,-9.0,0.069
2025-04-29T22:32:56.000,18.3,8.49,80.14,15.71,20.47,1410,-32.18,-9.0,0.069
2025-04-29T22:33:56.000,18.31,7.83,74.56,15.79,20.47,1411,-32.26,-9.0,0.07
2025-04-29T22:34:56.000,18.29,7.96,73.11,15.81,20.47,1412,-32.34,-9.0,0.07
2025-04-29T22:35:56.000,18.31,9.5,85.3,15.65,20.47,1413,-32.42,-10.0,0.07
2025-04-29T22:36:56.000,18.4,11.29,130.2,15.19,20.47,1414,-32.5,-10.0,0.07
2025-04-29T22:37:56.000,18.41,12.15,157.64,14.98,20.47,1415,-32.58,-10.0,0.07
2025-04-29T22:38:56.000,18.48,12.61,179.25,14.84,20.47,1416,-32.65,-10.0,0.07
2025-04-29T22:39:56.000,18.53,12.45,181.71,14.82,20.47,1417,-32.73,-10.0,0.07
2025-04-29T22:40:56.000,18.57,12.26,152.18,15.02,20.47,1418,-32.8,-10.0,0.07
2025-04-29T22:41:56.000,18.66,12.1,162.18,14.95,20.47,1419,-32.87,-10.0,0.07
2025-04-29T22:42:56.000,18.77,11.24,125.17,15.23,20.47,1420,-32.95,-10.0,0.07
2025-04-29T22:43:56.000,18.83,10.24,83.59,15.67,20.47,1421,-33.02,-11.0,0.07
2025-04-29T22:44:56.000,18.89,8.67,57.87,16.09,20.47,1422,-33.09,-11.0,0.07
2025-04-29T22:45:56.000,18.86,7.43,47.99,16.27,20.47,1423,-33.16,-11.0,0.07
2025-04-29T22:46:56.000,18.83,8.3,59.16,16.04,20.47,1424,-33.23,-11.0,0.07
2025-04-29T22:47:56.000,18.8,7.78,53.53,16.15,20.47,1425,-33.3,-11.0,0.07
2025-04-29T22:48:57.000,18.65,6.59,46.26,16.31,20.47,1426,-33.36,-11.0,0.07
2025-04-29T22:49:57.000,18.68,6.64,43.42,16.38,20.47,1427,-33.43,-11.0,0.07
2025-04-29T22:50:57.000,18.67,6.8,65.03,15.99,20.47,1428,-33.5,-11.0,0.07
2025-04-29T22:51:57.000,18.58,8.12,81.39,15.7,20.47,1429,-33.56,-11.0,0.07
2025-04-29T22:52:57.000,18.59,9.09,95.23,15.52,20.47,1430,-33.62,-12.0,0.07
2025-04-29T22:53:57.000,18.62,10.63,125.8,15.22,20.47,1431,-33.69,-12.0,0.07
2025-04-29T22:54:57.000,18.69,11.01,121.15,15.27,20.47,1432,-33.75,-12.0,0.07
2025-04-29T22:55:57.000,18.72,11.35,115.98,15.31,20.47,1433,-33.81,-12.0,0.07
2025-04-29T22:56:57.000,18.76,11.78,133.24,15.16,20.47,1434,-33.87,-12.0,0.071
2025-04-29T22:57:57.000,18.76,11.33,114.09,15.33,20.47,1435,-33.93,-12.0,0.071
2025-04-29T22:58:57.000,18.84,11.81,127.73,15.21,20.47,1436,-33.99,-12.0,0.071
2025-04-29T22:59:57.000,18.9,11.94,138.79,15.11,20.47,1437,-34.04,-12.0,0.071
2025-04-29T23:00:57.000,18.96,12.27,150.65,15.03,20.47,1438,-34.1,-13.0,0.071
2025-04-29T23:01:57.000,19.04,12.46,151.73,15.02,20.47,1439,-34.16,-13.0,0.071
2025-04-29T23:02:57.000,19.13,12.69,154.2,15.0,20.47,1440,-34.21,-13.0,0.071
2025-04-29T23:03:57.000,19.09,12.51,164.64,14.93,20.47,1441,-34.27,-13.0,0.071
2025-04-29T23:04:57.000,19.09,12.56,170.29,14.89,20.47,1442,-34.32,-13.0,0.071
2025-04-29T23:05:58.000,19.17,12.72,169.53,14.9,20.47,1443,-34.37,-13.0,0.071
2025-04-29T23:06:58.000,19.2,12.5,166.27,14.92,20.47,1444,-34.42,-13.0,0.071
2025-04-29T23:07:58.000,19.22,12.24,153.17,15.01,20.47,1445,-34.47,-13.0,0.071
2025-04-29T23:08:58.000,19.19,11.62,126.49,15.22,20.47,1446,-34.52,-13.0,0.071
2025-04-29T23:09:58.000,19.17,11.49,92.61,15.56,20.47,1447,-34.57,-14.0,0.071
2025-04-29T23:10:58.000,19.17,11.29,95.52,15.52,20.47,1448,-34.62,-14.0,0.071
2025-04-29T23:11:58.000,19.15,11.46,120.02,15.27,20.47,1449,-34.66,-14.0,0.071
2025-04-29T23:12:58.000,19.16,11.2,105.87,15.41,20.47,1450,-34.71,-14.0,0.071
2025-04-29T23:13:58.000,19.09,10.8,91.73,15.57,20.47,1451,-34.75,-14.0,0.071
2025-04-29T23:14:58.000,19.11,11.4,122.0,15.26,20.47,1452,-34.8,-14.0,0.071
2025-04-29T23:15:58.000,19.17,12.15,152.91,15.01,20.47,1453,-34.84,-14.0,0.071
2025-04-29T23:16:58.000,19.21,12.63,175.6,14.86,20.47,1454,-34.88,-14.0,0.071
2025-04-29T23:17:58.000,19.23,12.84,176.18,14.86,20.47,1455,-34.92,-14.0,0.071
2025-04-29T23:18:58.000,19.19,12.36,148.61,15.04,20.47,1456,-34.96,-15.0,0.071
2025-04-29T23:19:58.000,19.23,12.41,137.26,15.13,20.47,1457,-35.0,-15.0,0.072
2025-04-29T23:20:59.000,19.26,12.52,173.19,14.88,20.47,1458,-35.04,-15.0,0.072
2025-04-29T23:21:58.000,19.26,12.64,190.76,14.77,20.47,1459,-35.07,-15.0,0.072
2025-04-29T23:22:59.000,19.28,12.33,159.61,14.97,20.47,1460,-35.11,-15.0,0.072
2025-04-29T23:23:59.000,19.21,11.74,128.9,15.19,20.47,1461,-35.14,-15.0,0.072
2025-04-29T23:24:59.000,19.18,11.59,107.69,15.39,20.47,1462,-35.18,-15.0,0.072
2025-04-29T23:25:59.000,19.18,11.4,99.23,15.48,20.47,1463,-35.21,-15.0,0.072
2025-04-29T23:26:59.000,19.14,11.17,119.1,15.28,20.47,1464,-35.24,-15.0,0.072
2025-04-29T23:27:59.000,19.18,10.83,107.41,15.4,20.47,1465,-35.27,-16.0,0.072
