ecsv/stars76/stars76_2024-04.ecsv
# %ECSV 1.0
# ---
# datatype:
# - {name: time, datatype: string}
# - {name: Enclosure Temperature, unit: deg_C, datatype: float64}
# - {name: Sky Temperature, unit: deg_C, datatype: float64}
# - {name: Frequency, unit: Hz, datatype: float64}
# - {name: MSAS, unit: mag / arcsec2, datatype: float64}
# - {name: ZP, datatype: float64}
# - {name: Sequence Number, datatype: int64}
# - {name: Sun Alt, unit: deg, datatype: float64}
# - {name: Moon Alt, unit: deg, datatype: float64}
# - {name: Moon Illumination, datatype: float64}
# delimiter: ','
# meta: !!omap
# - ida:
#     Data supplier: {affiliation: null, observer: Enric Marco}
#     Device type: TESS-W
#     Field of view: 17.0
#     Filters per channel: None
#     Instrument ID: stars76
#     License: ODbL 1.0 http://opendatacommons.org/licenses/odbl/summary/
#     Local timezone: Europe/Madrid
#     Location name: {country: '- Valencia', place: Valencia, region: Spain, sub_region: Valencian Community, town: "Comarca de Val\xE8\
#         ncia"}
#     Measurement direction per channel: {azimuth: 0.0, zenital: 0.0}
#     Moving / Fixed look direction: FIXED
#     Moving / Stationary position: STATIONARY
#     Number of channels: 1
#     Number of fields per line: 8
#     Number of header lines: 35
#     Position: {height: 0.0, latitude: 39.478898, longitude: -0.376524}
#     TESS MAC address: 18:FE:34:CF:ED:70
#     TESS cover offset value: 0.0
#     TESS firmware version: '1.0'
#     TESS zero point: 20.47
#     Time Synchronization: timestamp added by MQTT subscriber
#     URL: http://www.darksky.org/NSBM/sdf1.0.pdf
# - __serialized_columns__:
#     Enclosure Temperature:
#       __class__: astropy.units.quantity.Quantity
#       unit: &id001 !astropy.units.Unit {unit: deg_C}
#       value: !astropy.table.SerializedColumn {name: Enclosure Temperature}
#     Frequency:
#       __class__: astropy.units.quantity.Quantity
#       unit: !astropy.units.Unit {unit: Hz}
#       value: !astropy.table.SerializedColumn {name: Frequency}
#     MSAS:
#       __class__: astropy.units.quantity.Quantity
#       unit: !astropy.units.Unit {unit: mag / arcsec2}
#       value: !astropy.table.SerializedColumn {name: MSAS}
#     Moon Alt:
#       __class__: astropy.units.quantity.Quantity
#       unit: &id002 !astropy.units.Unit {unit: deg}
#       value: !astropy.table.SerializedColumn {name: Moon Alt}
#     Sky Temperature:
#       __class__: astropy.units.quantity.Quantity
#       unit: *id001
#       value: !astropy.table.SerializedColumn {name: Sky Temperature}
#     Sun Alt:
#       __class__: astropy.units.quantity.Quantity
#       unit: *id002
#       value: !astropy.table.SerializedColumn {name: Sun Alt}
#     time:
#       __class__: astropy.time.core.Time
#       format: isot
#       in_subfmt: '*'
#       out_subfmt: '*'
#       precision: 3
#       scale: utc
#       value: !astropy.table.SerializedColumn {name: time}
# schema: astropy-2.0
time,Enclosure Temperature,Sky Temperature,Frequency,MSAS,ZP,Sequence Number,Sun Alt,Moon Alt,Moon Illumination
[from data line 10765]
2024-04-14T19:33:01.000,18.65,0.65,23.97,17.02,20.47,2561,-10.79,62.0,0.403
2024-04-14T19:34:01.000,18.67,0.75,23.15,17.06,20.47,2562,-10.97,62.0,0.403
2024-04-14T19:47:08.000,18.69,0.88,19.75,17.23,20.47,2574,-13.29,59.0,0.404
2024-04-14T19:48:13.000,18.68,0.88,19.58,17.24,20.47,2575,-13.48,59.0,0.404
2024-04-14T19:50:20.000,18.67,0.88,19.46,17.25,20.47,2577,-13.84,59.0,0.404
2024-04-14T19:53:32.000,18.7,0.96,19.5,17.25,20.47,2580,-14.4,58.0,0.404
2024-04-14T19:54:32.000,18.69,0.92,19.24,17.26,20.47,2581,-14.57,58.0,0.404
2024-04-14T20:01:03.000,18.7,0.93,16.13,17.45,20.47,2587,-15.69,57.0,0.405
2024-04-14T20:09:44.000,18.62,1.02,15.45,17.5,20.47,2595,-17.17,55.0,0.405
2024-04-14T20:12:56.000,18.61,0.92,15.35,17.51,20.47,2598,-17.71,54.0,0.405
2024-04-14T20:16:08.000,18.61,1.01,15.41,17.5,20.47,2601,-18.24,54.0,0.406
2024-04-14T20:17:08.000,18.58,0.96,15.3,17.51,20.47,2602,-18.41,54.0,0.406
2024-04-14T20:28:04.000,18.51,1.14,15.12,17.52,20.47,2612,-20.2,52.0,0.406
2024-04-14T20:30:12.000,18.47,0.96,15.51,17.49,20.47,2614,-20.55,51.0,0.407
2024-04-14T20:31:13.000,18.46,0.99,15.32,17.51,20.47,2615,-20.71,51.0,0.407
2024-04-14T20:32:13.000,18.47,0.97,15.23,17.51,20.47,2616,-20.88,51.0,0.407
2024-04-14T20:33:13.000,18.49,1.21,15.39,17.5,20.47,2617,-21.04,51.0,0.407
2024-04-14T20:34:14.000,18.49,1.13,15.61,17.49,20.47,2618,-21.2,50.0,0.407
2024-04-14T20:35:14.000,18.49,1.16,15.76,17.48,20.47,2619,-21.36,50.0,0.407
2024-04-14T20:36:14.000,18.49,1.18,15.78,17.48,20.47,2620,-21.52,50.0,0.407
2024-04-14T20:39:32.000,18.5,1.19,15.81,17.47,20.47,2623,-22.04,49.0,0.407
2024-04-14T20:50:27.000,18.52,1.17,15.36,17.51,20.47,2633,-23.75,47.0,0.408
2024-04-14T20:51:28.000,18.49,1.08,15.49,17.5,20.47,2634,-23.9,47.0,0.408
2024-04-14T20:52:28.000,18.5,1.19,15.59,17.49,20.47,2635,-24.05,47.0,0.408
2024-04-14T20:53:29.000,18.51,1.17,15.77,17.48,20.47,2636,-24.21,47.0,0.408
2024-04-14T21:13:13.000,18.38,1.23,15.66,17.48,20.47,2654,-27.13,43.0,0.41
2024-04-14T21:15:18.000,18.35,1.29,15.87,17.47,20.47,2656,-27.42,43.0,0.41
2024-04-14T21:21:00.000,18.27,1.33,16.26,17.44,20.47,2661,-28.22,42.0,0.41
2024-04-14T21:26:25.000,18.22,1.39,16.26,17.44,20.47,2666,-28.97,41.0,0.411
2024-04-14T21:27:26.000,18.21,1.35,16.1,17.45,20.47,2667,-29.11,40.0,0.411
2024-04-14T21:28:26.000,18.21,1.36,16.1,17.45,20.47,2668,-29.24,40.0,0.411
2024-04-14T21:29:25.000,18.2,1.31,15.86,17.47,20.47,2669,-29.37,40.0,0.411
2024-04-14T21:39:15.000,18.13,1.32,15.1,17.52,20.47,2678,-30.66,38.0,0.411
2024-04-14T21:42:34.000,18.12,1.36,15.19,17.52,20.47,2681,-31.09,38.0,0.412
2024-04-14T21:44:58.000,18.18,1.41,15.21,17.52,20.47,2683,-31.39,37.0,0.412
2024-04-14T21:45:58.000,18.18,1.36,15.24,17.51,20.47,2684,-31.51,37.0,0.412
2024-04-14T21:46:58.000,18.18,1.38,15.33,17.51,20.47,2685,-31.64,37.0,0.412
2024-04-14T21:47:58.000,18.2,1.38,15.46,17.5,20.47,2686,-31.76,37.0,0.412
2024-04-14T21:48:58.000,18.21,1.37,15.43,17.5,20.47,2687,-31.88,36.0,0.412
2024-04-14T21:49:59.000,18.22,1.36,15.45,17.5,20.47,2688,-32.01,36.0,0.412
2024-04-14T21:50:59.000,18.23,1.4,15.7,17.48,20.47,2689,-32.13,36.0,0.412
2024-04-14T21:51:59.000,18.26,1.45,15.93,17.47,20.47,2690,-32.25,36.0,0.412
2024-04-14T21:52:59.000,18.28,1.45,15.91,17.47,20.47,2691,-32.37,36.0,0.412
2024-04-14T21:53:59.000,18.29,1.44,16.14,17.45,20.47,2692,-32.49,35.0,0.412
2024-04-14T21:54:59.000,18.31,1.44,16.38,17.44,20.47,2693,-32.61,35.0,0.413
2024-04-14T21:55:59.000,18.35,1.45,16.53,17.43,20.47,2694,-32.72,35.0,0.413
2024-04-14T21:56:59.000,18.39,1.5,16.64,17.42,20.47,2695,-32.84,35.0,0.413
2024-04-14T21:57:59.000,18.42,1.49,16.75,17.41,20.47,2696,-32.96,35.0,0.413
2024-04-14T21:58:59.000,18.44,1.43,16.96,17.4,20.47,2697,-33.07,34.0,0.413
2024-04-14T21:59:59.000,18.45,1.47,17.04,17.39,20.47,2698,-33.19,34.0,0.413
2024-04-14T22:00:59.000,18.47,1.49,17.12,17.39,20.47,2699,-33.3,34.0,0.413
2024-04-14T22:01:59.000,18.48,1.52,17.31,17.38,20.47,2700,-33.42,34.0,0.413
2024-04-14T22:02:59.000,18.5,1.5,17.97,17.33,20.47,2701,-33.53,34.0,0.413
2024-04-14T22:03:59.000,18.52,1.49,18.17,17.32,20.47,2702,-33.64,34.0,0.413
2024-04-14T22:05:00.000,18.54,1.49,18.56,17.3,20.47,2703,-33.76,33.0,0.413
2024-04-14T22:06:01.000,18.56,1.48,18.71,17.29,20.47,2704,-33.87,33.0,0.413
2024-04-14T22:07:00.000,18.57,1.42,18.59,17.3,20.47,2705,-33.98,33.0,0.413
2024-04-14T22:08:00.000,18.58,1.45,18.8,17.29,20.47,2706,-34.09,33.0,0.413
2024-04-14T22:09:00.000,18.6,1.48,19.06,17.27,20.47,2707,-34.19,33.0,0.414
2024-04-14T22:10:00.000,18.61,1.52,19.18,17.26,20.47,2708,-34.3,32.0,0.414
2024-04-14T22:11:00.000,18.59,1.43,18.97,17.28,20.47,2709,-34.41,32.0,0.414
2024-04-14T22:12:01.000,18.58,1.46,18.91,17.28,20.47,2710,-34.52,32.0,0.414
2024-04-14T22:13:01.000,18.58,1.43,18.58,17.3,20.47,2711,-34.62,32.0,0.414
2024-04-14T22:14:01.000,18.58,1.4,18.31,17.31,20.47,2712,-34.73,32.0,0.414
2024-04-14T22:15:01.000,18.57,1.45,18.45,17.31,20.47,2713,-34.83,32.0,0.414
2024-04-14T22:16:01.000,18.57,1.45,18.59,17.3,20.47,2714,-34.93,31.0,0.414
2024-04-14T22:17:01.000,18.55,1.53,18.73,17.29,20.47,2715,-35.04,31.0,0.414
2024-04-14T22:18:01.000,18.54,1.63,18.68,17.29,20.47,2716,-35.14,31.0,0.414
2024-04-14T22:19:01.000,18.49,1.58,18.71,17.29,20.47,2717,-35.24,31.0,0.414
2024-04-14T22:20:02.000,18.46,1.59,18.83,17.28,20.47,2718,-35.34,31.0,0.414
2024-04-14T22:21:01.000,18.44,1.6,18.74,17.29,20.47,2719,-35.44,30.0,0.414
2024-04-14T22:22:01.000,18.43,1.58,18.59,17.3,20.47,2720,-35.54,30.0,0.414
2024-04-14T22:23:01.000,18.42,1.6,18.62,17.3,20.47,2721,-35.64,30.0,0.414
2024-04-14T22:24:01.000,18.39,1.5,18.44,17.31,20.47,2722,-35.73,30.0,0.415
2024-04-14T22:25:01.000,18.38,1.53,18.15,17.32,20.47,2723,-35.83,30.0,0.415
2024-04-14T22:26:02.000,18.39,1.51,17.97,17.33,20.47,2724,-35.92,29.0,0.415
2024-04-14T22:27:03.000,18.39,1.48,17.87,17.34,20.47,2725,-36.02,29.0,0.415
2024-04-14T22:28:03.000,18.39,1.5,18.1,17.33,20.47,2726,-36.11,29.0,0.415
2024-04-14T22:29:02.000,18.41,1.63,17.86,17.34,20.47,2727,-36.21,29.0,0.415
2024-04-14T22:30:12.000,18.41,1.63,17.13,17.39,20.47,2728,-36.31,29.0,0.415
2024-04-14T22:31:12.000,18.41,1.65,16.85,17.4,20.47,2729,-36.4,29.0,0.415
2024-04-14T22:32:12.000,18.37,1.56,16.71,17.41,20.47,2730,-36.49,28.0,0.415
2024-04-14T22:33:12.000,18.29,1.35,16.63,17.42,20.47,2731,-36.58,28.0,0.415
2024-04-14T22:35:17.000,18.19,1.51,16.51,17.43,20.47,2733,-36.77,28.0,0.415
2024-04-14T22:36:19.000,18.19,1.58,16.47,17.43,20.47,2734,-36.86,28.0,0.415
2024-04-14T22:37:19.000,18.18,1.46,16.38,17.44,20.47,2735,-36.94,27.0,0.415
2024-04-14T22:38:19.000,18.16,1.43,16.18,17.45,20.47,2736,-37.03,27.0,0.416
2024-04-14T22:39:19.000,18.18,1.38,15.81,17.47,20.47,2737,-37.11,27.0,0.416
2024-04-14T22:40:19.000,18.19,1.3,15.69,17.48,20.47,2738,-37.19,27.0,0.416
2024-04-14T22:41:19.000,18.2,1.31,15.45,17.5,20.47,2739,-37.28,27.0,0.416
2024-04-14T22:42:19.000,18.22,1.21,15.26,17.51,20.47,2740,-37.36,27.0,0.416
2024-04-14T22:43:19.000,18.25,1.37,15.13,17.52,20.47,2741,-37.44,26.0,0.416
2024-04-14T22:44:19.000,18.27,1.38,14.99,17.53,20.47,2742,-37.52,26.0,0.416
2024-04-14T23:13:56.000,17.92,1.33,12.98,17.69,20.47,2769,-39.44,21.0,0.418
2024-04-14T23:14:56.000,17.92,1.29,12.84,17.7,20.47,2770,-39.49,21.0,0.418
2024-04-14T23:15:56.000,17.91,1.23,12.72,17.71,20.47,2771,-39.54,20.0,0.418
2024-04-14T23:16:56.000,17.92,1.25,12.52,17.73,20.47,2772,-39.59,20.0,0.418
2024-04-14T23:17:56.000,17.92,1.27,12.39,17.74,20.47,2773,-39.64,20.0,0.418
2024-04-14T23:18:57.000,17.93,1.32,12.38,17.74,20.47,2774,-39.68,20.0,0.418
2024-04-14T23:19:57.000,17.94,1.32,12.33,17.74,20.47,2775,-39.73,20.0,0.418
2024-04-14T23:20:57.000,17.92,1.22,12.35,17.74,20.47,2776,-39.77,20.0,0.419
2024-04-14T23:21:57.000,17.9,1.25,12.34,17.74,20.47,2777,-39.82,19.0,0.419
2024-04-14T23:22:57.000,17.88,1.2,12.27,17.75,20.47,2778,-39.86,19.0,0.419
2024-04-14T23:23:57.000,17.89,1.21,12.24,17.75,20.47,2779,-39.9,19.0,0.419
2024-04-14T23:24:57.000,17.9,1.19,12.21,17.75,20.47,2780,-39.94,19.0,0.419
2024-04-14T23:25:57.000,17.91,1.16,12.11,17.76,20.47,2781,-39.98,19.0,0.419
2024-04-14T23:26:57.000,17.92,1.12,12.07,17.77,20.47,2782,-40.01,19.0,0.419
2024-04-14T23:27:57.000,17.94,1.15,12.09,17.76,20.47,2783,-40.05,18.0,0.419
2024-04-14T23:28:57.000,17.95,1.14,12.09,17.76,20.47,2784,-40.09,18.0,0.419
2024-04-14T23:29:57.000,17.98,1.14,12.04,17.77,20.47,2785,-40.12,18.0,0.419
2024-04-14T23:30:57.000,17.99,1.17,11.87,17.78,20.47,2786,-40.15,18.0,0.419
2024-04-14T23:31:57.000,18.0,1.13,11.86,17.78,20.47,2787,-40.19,18.0,0.419
2024-04-14T23:32:57.000,18.01,1.16,11.86,17.79,20.47,2788,-40.22,17.0,0.419
2024-04-14T23:33:57.000,18.02,1.18,11.95,17.78,20.47,2789,-40.25,17.0,0.419
2024-04-14T23:34:57.000,18.03,1.2,11.97,17.78,20.47,2790,-40.28,17.0,0.42
2024-04-14T23:35:59.000,18.03,1.19,11.98,17.77,20.47,2791,-40.31,17.0,0.42
2024-04-14T23:37:59.000,18.04,1.14,12.06,17.77,20.47,2793,-40.36,17.0,0.42
2024-04-14T23:39:59.000,18.04,1.14,12.09,17.76,20.47,2795,-40.41,16.0,0.42
2024-04-14T23:40:59.000,18.04,1.09,12.09,17.76,20.47,2796,-40.43,16.0,0.42
2024-04-14T23:41:59.000,18.04,1.14,11.98,17.77,20.47,2797,-40.45,16.0,0.42
2024-04-14T23:42:59.000,18.04,1.13,11.85,17.79,20.47,2798,-40.47,16.0,0.42
2024-04-14T23:45:59.000,18.02,1.12,11.65,17.8,20.47,2801,-40.53,15.0,0.42
2024-04-14T23:48:00.000,17.97,1.04,11.73,17.8,20.47,2803,-40.56,15.0,0.42
2024-04-14T23:50:00.000,17.95,0.96,11.71,17.8,20.47,2805,-40.59,15.0,0.421
2024-04-14T23:51:00.000,17.99,1.06,11.69,17.8,20.47,2806,-40.6,14.0,0.421
2024-04-14T23:52:00.000,17.97,0.96,11.72,17.8,20.47,2807,-40.61,14.0,0.421
2024-04-14T23:54:00.000,17.9,0.88,11.71,17.8,20.47,2809,-40.63,14.0,0.421
2024-04-14T23:55:00.000,17.9,0.88,11.67,17.8,20.47,2810,-40.63,14.0,0.421
2024-04-14T23:56:00.000,17.85,0.7,11.65,17.8,20.47,2811,-40.64,13.0,0.421
2024-04-14T23:57:00.000,17.85,0.85,11.68,17.8,20.47,2812,-40.65,13.0,0.421
2024-04-14T23:58:00.000,17.85,0.87,11.67,17.8,20.47,2813,-40.65,13.0,0.421
2024-04-14T23:59:00.000,17.83,0.9,11.68,17.8,20.47,2814,-40.65,13.0,0.421
2024-04-15T00:00:00.000,17.82,0.96,11.68,17.8,20.47,2815,-40.65,13.0,0.421
2024-04-15T00:01:00.000,17.82,1.03,11.66,17.8,20.47,2816,-40.66,13.0,0.421
2024-04-15T00:03:06.000,17.76,1.01,11.68,17.8,20.47,2818,-40.65,12.0,0.421
2024-04-15T00:04:07.000,17.73,1.03,11.61,17.81,20.47,2819,-40.65,12.0,0.422
2024-04-15T00:05:06.000,17.7,0.98,11.64,17.81,20.47,2820,-40.65,12.0,0.422
2024-04-15T00:06:06.000,17.7,1.17,11.66,17.8,20.47,2821,-40.64,12.0,0.422
2024-04-15T00:07:06.000,17.68,1.08,11.7,17.8,20.47,2822,-40.64,12.0,0.422
2024-04-15T00:08:07.000,17.66,1.12,11.72,17.8,20.47,2823,-40.63,11.0,0.422
2024-04-15T00:09:06.000,17.64,0.98,11.7,17.8,20.47,2824,-40.62,11.0,0.422
2024-04-15T00:10:06.000,17.64,1.08,11.67,17.8,20.47,2825,-40.61,11.0,0.422
2024-04-15T00:11:07.000,17.67,1.15,11.59,17.81,20.47,2826,-40.6,11.0,0.422
2024-04-15T00:12:07.000,17.66,1.11,11.59,17.81,20.47,2827,-40.59,11.0,0.422
2024-04-15T00:14:20.000,17.68,1.2,11.75,17.79,20.47,2829,-40.56,10.0,0.422
2024-04-15T00:15:20.000,17.68,1.29,11.8,17.79,20.47,2830,-40.55,10.0,0.422
2024-04-15T00:16:20.000,17.67,1.26,11.77,17.79,20.47,2831,-40.53,10.0,0.422
2024-04-15T00:17:20.000,17.65,1.25,11.87,17.78,20.47,2832,-40.52,10.0,0.422
2024-04-15T00:18:20.000,17.64,1.17,11.8,17.79,20.47,2833,-40.5,10.0,0.423
2024-04-15T00:19:20.000,17.64,1.23,11.74,17.8,20.47,2834,-40.48,10.0,0.423
2024-04-15T00:20:20.000,17.64,1.23,11.78,17.79,20.47,2835,-40.46,9.0,0.423
2024-04-15T00:21:20.000,17.62,1.12,11.78,17.79,20.47,2836,-40.44,9.0,0.423
2024-04-15T00:22:21.000,17.6,1.02,11.81,17.79,20.47,2837,-40.41,9.0,0.423
2024-04-15T00:23:20.000,17.6,1.11,11.84,17.79,20.47,2838,-40.39,9.0,0.423
2024-04-15T00:24:20.000,17.62,1.14,11.74,17.8,20.47,2839,-40.37,9.0,0.423
2024-04-15T00:25:21.000,17.63,1.11,11.76,17.79,20.47,2840,-40.34,9.0,0.423
2024-04-15T00:26:21.000,17.61,1.07,11.8,17.79,20.47,2841,-40.31,8.0,0.423
2024-04-15T00:27:21.000,17.61,1.12,11.87,17.78,20.47,2842,-40.29,8.0,0.423
2024-04-15T00:28:21.000,17.6,1.13,11.82,17.79,20.47,2843,-40.26,8.0,0.423
2024-04-15T00:29:21.000,17.63,1.21,11.81,17.79,20.47,2844,-40.23,8.0,0.423
2024-04-15T00:30:21.000,17.62,1.19,11.72,17.8,20.47,2845,-40.2,8.0,0.423
2024-04-15T00:31:21.000,17.6,1.13,11.7,17.8,20.47,2846,-40.16,8.0,0.423
2024-04-15T00:32:21.000,17.59,1.13,11.71,17.8,20.47,2847,-40.13,7.0,0.424
2024-04-15T00:33:21.000,17.56,1.11,11.72,17.8,20.47,2848,-40.1,7.0,0.424
2024-04-15T00:34:21.000,17.56,1.11,11.72,17.8,20.47,2849,-40.06,7.0,0.424
2024-04-15T00:35:21.000,17.55,1.12,11.66,17.8,20.47,2850,-40.03,7.0,0.424
2024-04-15T00:36:21.000,17.57,1.2,11.54,17.81,20.47,2851,-39.99,7.0,0.424
2024-04-15T00:37:21.000,17.56,1.09,11.44,17.82,20.47,2852,-39.95,7.0,0.424
2024-04-15T00:38:21.000,17.54,1.11,11.42,17.83,20.47,2853,-39.91,6.0,0.424
2024-04-15T00:39:21.000,17.51,0.97,11.42,17.83,20.47,2854,-39.87,6.0,0.424
2024-04-15T00:40:21.000,17.48,0.91,11.37,17.83,20.47,2855,-39.83,6.0,0.424
2024-04-15T00:41:22.000,17.46,0.88,11.47,17.82,20.47,2856,-39.79,6.0,0.424
2024-04-15T00:42:22.000,17.48,1.01,11.35,17.83,20.47,2857,-39.74,6.0,0.424
2024-04-15T00:43:22.000,17.47,0.92,11.45,17.82,20.47,2858,-39.7,6.0,0.424
2024-04-15T00:44:22.000,17.47,0.99,11.34,17.83,20.47,2859,-39.65,5.0,0.424
2024-04-15T00:50:24.000,17.43,1.14,11.12,17.85,20.47,2864,-39.36,4.0,0.425
2024-04-15T00:51:24.000,17.36,1.14,11.03,17.86,20.47,2865,-39.3,4.0,0.425
2024-04-15T00:52:24.000,17.31,1.01,10.95,17.87,20.47,2866,-39.25,4.0,0.425
2024-04-15T00:53:24.000,17.29,0.96,10.89,17.88,20.47,2867,-39.19,4.0,0.425
2024-04-15T00:54:24.000,17.29,1.09,10.79,17.89,20.47,2868,-39.14,4.0,0.425
2024-04-15T00:55:24.000,17.29,0.93,10.73,17.89,20.47,2869,-39.08,4.0,0.425
2024-04-15T00:56:25.000,17.28,0.89,10.72,17.9,20.47,2870,-39.02,4.0,0.425
2024-04-15T00:57:25.000,17.26,0.89,10.69,17.9,20.47,2871,-38.96,3.0,0.425
2024-04-15T00:58:25.000,17.29,1.02,10.63,17.9,20.47,2872,-38.9,3.0,0.425
2024-04-15T00:59:25.000,17.28,0.84,10.51,17.92,20.47,2873,-38.84,3.0,0.425
2024-04-15T01:00:25.000,17.28,0.83,10.56,17.91,20.47,2874,-38.78,3.0,0.425
2024-04-15T01:01:25.000,17.3,0.96,10.43,17.93,20.47,2875,-38.72,3.0,0.426
2024-04-15T01:02:25.000,17.29,0.89,10.41,17.93,20.47,2876,-38.66,3.0,0.426
2024-04-15T01:03:25.000,17.28,0.86,10.32,17.94,20.47,2877,-38.59,2.0,0.426
2024-04-15T01:04:25.000,17.25,0.81,10.25,17.94,20.47,2878,-38.53,2.0,0.426
2024-04-15T01:05:25.000,17.23,0.89,10.1,17.96,20.47,2879,-38.46,2.0,0.426
2024-04-15T01:06:25.000,17.24,0.91,9.93,17.98,20.47,2880,-38.39,2.0,0.426
2024-04-15T01:07:25.000,17.21,0.77,9.81,17.99,20.47,2881,-38.32,2.0,0.426
2024-04-15T01:08:25.000,17.21,0.88,9.7,18.0,20.47,2882,-38.25,2.0,0.426
2024-04-15T01:09:25.000,17.23,0.92,9.64,18.01,20.47,2883,-38.18,2.0,0.426
2024-04-15T01:10:25.000,17.21,0.97,9.6,18.02,20.47,2884,-38.11,1.0,0.426
2024-04-15T01:11:25.000,17.18,0.86,9.56,18.02,20.47,2885,-38.04,1.0,0.426
2024-04-15T01:12:25.000,17.15,0.94,9.49,18.03,20.47,2886,-37.97,1.0,0.426
2024-04-15T01:13:26.000,17.13,0.8,9.48,18.03,20.47,2887,-37.89,1.0,0.426
2024-04-15T01:14:26.000,17.1,0.8,9.45,18.03,20.47,2888,-37.82,1.0,0.426
2024-04-15T01:15:26.000,17.11,0.83,9.41,18.04,20.47,2889,-37.74,1.0,0.427
2024-04-15T01:16:26.000,17.1,0.92,9.37,18.04,20.47,2890,-37.66,0.0,0.427
2024-04-15T01:17:26.000,17.09,0.89,9.37,18.04,20.47,2891,-37.58,0.0,0.427
2024-04-15T01:18:26.000,17.04,0.68,9.38,18.04,20.47,2892,-37.51,0.0,0.427
2024-04-15T01:19:26.000,17.05,0.8,9.34,18.05,20.47,2893,-37.43,-0.0,0.427
2024-04-15T01:20:26.000,17.04,0.7,9.34,18.04,20.47,2894,-37.35,-0.0,0.427
2024-04-15T01:21:26.000,17.04,0.73,9.31,18.05,20.47,2895,-37.26,-0.0,0.427
2024-04-15T01:22:26.000,17.06,0.76,9.25,18.06,20.47,2896,-37.18,-0.0,0.427
2024-04-15T01:23:26.000,17.06,0.71,9.29,18.05,20.47,2897,-37.1,-1.0,0.427
2024-04-15T01:25:26.000,17.06,0.71,9.19,18.06,20.47,2899,-36.93,-1.0,0.427
2024-04-15T01:26:26.000,17.06,0.65,9.13,18.07,20.47,2900,-36.84,-1.0,0.427
2024-04-15T01:27:26.000,17.06,0.59,9.12,18.07,20.47,2901,-36.76,-1.0,0.427
