ecsv/stars835/stars835_2025-04.ecsv
# %ECSV 1.0
# ---
# datatype:
# - {name: time, datatype: string}
# - {name: Enclosure Temperature, unit: deg_C, datatype: float64}
# - {name: Sky Temperature, unit: deg_C, datatype: float64}
# - {name: Frequency, unit: Hz, datatype: float64}
# - {name: MSAS, unit: mag / arcsec2, datatype: float64}
# - {name: ZP, datatype: float64}
# - {name: Sequence Number, datatype: int64}
# - {name: Sun Alt, unit: deg, datatype: float64}
# - {name: Moon Alt, unit: deg, datatype: float64}
# - {name: Moon Illumination, datatype: float64}
# delimiter: ','
# meta: !!omap
# - ida:
#     Data supplier: {affiliation: "Diputaci\xF3n de Badajoz", observer: "Alejandro Pe\xF1a Paredes"}
#     Device type: TESS-W
#     Field of view: 17.0
#     Filters per channel: None
#     Instrument ID: stars835
#     License: ODbL 1.0 http://opendatacommons.org/licenses/odbl/summary/
#     Local timezone: Europe/Madrid
#     Location name: {country: Spain, place: Ayuntamiento, region: Extremadura, sub_region: 'Sierra Suroeste, Badajoz', town: Oliva de
#         la Frontera}
#     Measurement direction per channel: {azimuth: 0.0, zenital: 0.0}
#     Moving / Fixed look direction: FIXED
#     Moving / Stationary position: STATIONARY
#     Number of channels: 1
#     Number of fields per line: 8
#     Number of header lines: 35
#     Position: {height: 0.0, latitude: 38.276969, longitude: -6.91978}
#     TESS MAC address: E8:DB:84:82:FB:35
#     TESS cover offset value: 0.0
#     TESS firmware version: '1.0'
#     TESS zero point: 20.33
#     Time Synchronization: timestamp added by MQTT subscriber
#     URL: http://www.darksky.org/NSBM/sdf1.0.pdf
# - __serialized_columns__:
#     Enclosure Temperature:
#       __class__: astropy.units.quantity.Quantity
#       unit: &id001 !astropy.units.Unit {unit: deg_C}
#       value: !astropy.table.SerializedColumn {name: Enclosure Temperature}
#     Frequency:
#       __class__: astropy.units.quantity.Quantity
#       unit: !astropy.units.Unit {unit: Hz}
#       value: !astropy.table.SerializedColumn {name: Frequency}
#     MSAS:
#       __class__: astropy.units.quantity.Quantity
#       unit: !astropy.units.Unit {unit: mag / arcsec2}
#       value: !astropy.table.SerializedColumn {name: MSAS}
#     Moon Alt:
#       __class__: astropy.units.quantity.Quantity
#       unit: &id002 !astropy.units.Unit {unit: deg}
#       value: !astropy.table.SerializedColumn {name: Moon Alt}
#     Sky Temperature:
#       __class__: astropy.units.quantity.Quantity
#       unit: *id001
#       value: !astropy.table.SerializedColumn {name: Sky Temperature}
#     Sun Alt:
#       __class__: astropy.units.quantity.Quantity
#       unit: *id002
#       value: !astropy.table.SerializedColumn {name: Sun Alt}
#     time:
#       __class__: astropy.time.core.Time
#       format: isot
#       in_subfmt: '*'
#       out_subfmt: '*'
#       precision: 3
#       scale: utc
#       value: !astropy.table.SerializedColumn {name: time}
# schema: astropy-2.0
time,Enclosure Temperature,Sky Temperature,Frequency,MSAS,ZP,Sequence Number,Sun Alt,Moon Alt,Moon Illumination
[from data line 4048]
2025-04-08T20:57:57.000,18.37,0.88,27.1,16.75,20.33,336,-22.88,61.0,0.851
2025-04-08T20:58:57.000,18.38,0.84,27.25,16.74,20.33,337,-23.04,62.0,0.851
2025-04-08T20:59:57.000,18.37,0.76,27.41,16.74,20.33,338,-23.21,62.0,0.851
2025-04-08T21:00:57.000,18.32,0.71,27.58,16.73,20.33,339,-23.38,62.0,0.851
2025-04-08T21:01:57.000,18.28,0.65,27.7,16.72,20.33,340,-23.55,62.0,0.851
2025-04-08T21:02:57.000,18.22,0.62,27.85,16.72,20.33,341,-23.71,62.0,0.851
2025-04-08T21:03:57.000,18.17,0.61,27.98,16.71,20.33,342,-23.88,62.0,0.851
2025-04-08T21:04:58.000,18.13,0.61,28.13,16.71,20.33,343,-24.05,62.0,0.851
2025-04-08T21:05:58.000,18.08,0.6,28.39,16.7,20.33,344,-24.21,62.0,0.851
2025-04-08T21:06:58.000,18.04,0.58,28.65,16.69,20.33,345,-24.38,62.0,0.851
2025-04-08T21:07:58.000,18.0,0.54,28.9,16.68,20.33,346,-24.54,62.0,0.851
2025-04-08T21:08:58.000,17.97,0.49,29.13,16.67,20.33,347,-24.71,62.0,0.851
2025-04-08T21:09:59.000,17.93,0.49,29.67,16.65,20.33,348,-24.87,62.0,0.851
2025-04-08T21:10:59.000,17.92,0.51,29.93,16.64,20.33,349,-25.04,62.0,0.851
2025-04-08T21:11:59.000,17.91,0.44,30.32,16.63,20.33,350,-25.2,62.0,0.851
2025-04-08T21:12:59.000,17.91,0.42,30.52,16.62,20.33,351,-25.36,62.0,0.851
2025-04-08T21:13:59.000,17.9,0.4,30.62,16.62,20.33,352,-25.52,62.0,0.851
2025-04-08T21:14:59.000,17.88,0.34,30.74,16.61,20.33,353,-25.69,63.0,0.851
2025-04-08T21:15:59.000,17.86,0.36,31.03,16.6,20.33,354,-25.85,63.0,0.852
2025-04-08T21:16:59.000,17.85,0.39,31.1,16.6,20.33,355,-26.01,63.0,0.852
2025-04-08T21:18:00.000,17.85,0.39,31.25,16.59,20.33,356,-26.17,63.0,0.852
2025-04-08T21:19:00.000,17.84,0.34,31.4,16.59,20.33,357,-26.33,63.0,0.852
2025-04-08T21:20:01.000,17.84,0.38,31.51,16.58,20.33,358,-26.5,63.0,0.852
2025-04-08T21:21:01.000,17.84,0.36,31.5,16.58,20.33,359,-26.65,63.0,0.852
2025-04-08T21:22:01.000,17.84,0.37,31.26,16.59,20.33,360,-26.81,63.0,0.852
2025-04-08T21:23:01.000,17.83,0.33,31.53,16.58,20.33,361,-26.97,63.0,0.852
2025-04-08T21:24:01.000,17.82,0.34,31.6,16.58,20.33,362,-27.13,63.0,0.852
2025-04-08T21:25:17.000,17.81,0.32,31.62,16.58,20.33,363,-27.33,63.0,0.852
2025-04-08T21:26:17.000,17.77,0.27,31.93,16.57,20.33,364,-27.49,63.0,0.852
2025-04-08T21:27:17.000,17.75,0.24,31.84,16.57,20.33,365,-27.64,63.0,0.852
2025-04-08T21:28:18.000,17.72,0.23,31.84,16.57,20.33,366,-27.8,63.0,0.852
2025-04-08T21:29:18.000,17.69,0.25,31.83,16.57,20.33,367,-27.96,63.0,0.852
2025-04-08T21:30:18.000,17.64,0.27,31.84,16.57,20.33,368,-28.11,63.0,0.852
2025-04-08T21:31:18.000,17.61,0.2,31.82,16.57,20.33,369,-28.27,63.0,0.852
2025-04-08T21:32:18.000,17.58,0.2,31.92,16.57,20.33,370,-28.42,63.0,0.852
2025-04-08T21:33:18.000,17.54,0.17,31.91,16.57,20.33,371,-28.58,63.0,0.852
2025-04-08T21:34:18.000,17.51,0.18,31.9,16.57,20.33,372,-28.73,63.0,0.852
2025-04-08T21:35:18.000,17.49,0.16,32.04,16.57,20.33,373,-28.88,63.0,0.852
2025-04-08T21:36:19.000,17.48,0.2,32.17,16.56,20.33,374,-29.04,63.0,0.853
2025-04-08T21:37:19.000,17.47,0.17,32.2,16.56,20.33,375,-29.19,63.0,0.853
2025-04-08T21:38:19.000,17.46,0.16,32.24,16.56,20.33,376,-29.34,63.0,0.853
2025-04-08T21:39:19.000,17.44,0.19,32.2,16.56,20.33,377,-29.49,63.0,0.853
2025-04-08T21:40:19.000,17.43,0.15,31.94,16.57,20.33,378,-29.64,63.0,0.853
2025-04-08T21:41:19.000,17.42,0.17,31.83,16.57,20.33,379,-29.79,63.0,0.853
2025-04-08T21:42:19.000,17.42,0.12,31.84,16.57,20.33,380,-29.94,63.0,0.853
2025-04-08T21:43:19.000,17.4,0.15,31.8,16.57,20.33,381,-30.09,63.0,0.853
2025-04-08T21:44:20.000,17.41,0.18,31.88,16.57,20.33,382,-30.24,63.0,0.853
2025-04-08T21:45:20.000,17.41,0.19,31.83,16.57,20.33,383,-30.39,63.0,0.853
2025-04-08T21:46:20.000,17.41,0.2,31.86,16.57,20.33,384,-30.54,63.0,0.853
2025-04-08T21:47:21.000,17.41,0.24,31.87,16.57,20.33,385,-30.69,63.0,0.853
2025-04-08T21:48:21.000,17.43,0.26,31.84,16.57,20.33,386,-30.84,63.0,0.853
2025-04-08T21:49:21.000,17.45,0.23,31.97,16.57,20.33,387,-30.98,63.0,0.853
2025-04-08T21:50:21.000,17.46,0.29,32.05,16.57,20.33,388,-31.13,63.0,0.853
2025-04-08T21:51:21.000,17.48,0.29,31.81,16.57,20.33,389,-31.27,63.0,0.853
2025-04-08T21:52:21.000,17.48,0.27,30.78,16.61,20.33,390,-31.42,63.0,0.853
2025-04-08T21:53:21.000,17.48,0.23,31.37,16.59,20.33,391,-31.56,63.0,0.853
2025-04-08T21:54:21.000,17.49,0.3,31.33,16.59,20.33,392,-31.7,63.0,0.853
2025-04-08T21:55:22.000,17.5,0.29,31.22,16.59,20.33,393,-31.85,63.0,0.853
2025-04-08T21:56:22.000,17.51,0.26,31.03,16.6,20.33,394,-31.99,63.0,0.853
2025-04-08T21:57:22.000,17.51,0.25,30.72,16.61,20.33,395,-32.13,63.0,0.854
2025-04-08T21:58:22.000,17.5,0.22,30.24,16.63,20.33,396,-32.27,63.0,0.854
2025-04-08T21:59:22.000,17.48,0.18,30.63,16.61,20.33,397,-32.41,63.0,0.854
2025-04-08T22:00:22.000,17.47,0.2,30.89,16.61,20.33,398,-32.55,63.0,0.854
2025-04-08T22:01:22.000,17.47,0.15,31.26,16.59,20.33,399,-32.69,63.0,0.854
2025-04-08T22:02:23.000,17.47,0.17,31.13,16.6,20.33,400,-32.83,63.0,0.854
2025-04-08T22:03:23.000,17.46,0.1,31.2,16.59,20.33,401,-32.97,63.0,0.854
2025-04-08T22:04:23.000,17.45,0.12,31.38,16.59,20.33,402,-33.11,63.0,0.854
2025-04-08T22:05:23.000,17.46,0.14,31.54,16.58,20.33,403,-33.25,63.0,0.854
2025-04-08T22:06:24.000,17.47,0.03,31.4,16.59,20.33,404,-33.38,63.0,0.854
2025-04-08T22:07:24.000,17.44,-0.02,31.39,16.59,20.33,405,-33.52,63.0,0.854
2025-04-08T22:08:24.000,17.41,-0.04,31.33,16.59,20.33,406,-33.65,63.0,0.854
2025-04-08T22:09:24.000,17.39,-0.06,31.42,16.59,20.33,407,-33.79,63.0,0.854
2025-04-08T22:10:25.000,17.37,-0.08,31.36,16.59,20.33,408,-33.92,63.0,0.854
2025-04-08T22:11:25.000,17.35,-0.12,30.88,16.61,20.33,409,-34.06,63.0,0.854
2025-04-08T22:12:25.000,17.33,-0.16,30.97,16.6,20.33,410,-34.19,62.0,0.854
2025-04-08T22:13:25.000,17.31,-0.18,30.13,16.63,20.33,411,-34.32,62.0,0.854
2025-04-08T22:14:26.000,17.29,-0.15,30.64,16.61,20.33,412,-34.45,62.0,0.854
2025-04-08T22:15:26.000,17.28,-0.22,30.71,16.61,20.33,413,-34.59,62.0,0.854
2025-04-08T22:16:26.000,17.25,-0.23,30.19,16.63,20.33,414,-34.72,62.0,0.854
2025-04-08T22:17:26.000,17.22,-0.25,29.4,16.66,20.33,415,-34.84,62.0,0.855
2025-04-08T22:18:27.000,17.17,-0.25,29.45,16.66,20.33,416,-34.97,62.0,0.855
2025-04-08T22:19:26.000,17.14,-0.23,29.27,16.66,20.33,417,-35.1,62.0,0.855
2025-04-08T22:20:26.000,17.11,-0.23,28.96,16.68,20.33,418,-35.23,62.0,0.855
2025-04-08T22:21:27.000,17.09,-0.22,28.6,16.69,20.33,419,-35.36,62.0,0.855
2025-04-08T22:22:27.000,17.07,-0.21,28.47,16.69,20.33,420,-35.48,62.0,0.855
2025-04-08T22:23:27.000,17.06,-0.22,28.32,16.7,20.33,421,-35.61,62.0,0.855
2025-04-08T22:24:27.000,17.05,-0.22,28.31,16.7,20.33,422,-35.73,62.0,0.855
2025-04-08T22:25:27.000,17.03,-0.28,28.13,16.71,20.33,423,-35.85,62.0,0.855
2025-04-08T22:26:27.000,17.0,-0.26,27.9,16.72,20.33,424,-35.98,62.0,0.855
2025-04-08T22:27:28.000,16.98,-0.28,27.81,16.72,20.33,425,-36.1,62.0,0.855
2025-04-08T22:28:27.000,16.95,-0.28,27.38,16.74,20.33,426,-36.22,61.0,0.855
2025-04-08T22:29:28.000,16.94,-0.21,27.31,16.74,20.33,427,-36.34,61.0,0.855
2025-04-08T22:30:28.000,16.94,-0.26,27.13,16.75,20.33,428,-36.46,61.0,0.855
2025-04-08T22:31:28.000,16.93,-0.24,26.92,16.76,20.33,429,-36.58,61.0,0.855
2025-04-08T22:32:28.000,16.93,-0.23,26.43,16.77,20.33,430,-36.7,61.0,0.855
2025-04-08T22:33:28.000,16.92,-0.25,26.2,16.78,20.33,431,-36.82,61.0,0.855
2025-04-08T22:34:29.000,16.92,-0.25,26.05,16.79,20.33,432,-36.94,61.0,0.855
2025-04-08T22:35:29.000,16.91,-0.29,25.65,16.81,20.33,433,-37.06,61.0,0.855
2025-04-08T22:36:29.000,16.9,-0.3,25.52,16.81,20.33,434,-37.17,61.0,0.855
2025-04-08T22:37:29.000,16.91,-0.31,25.22,16.83,20.33,435,-37.29,61.0,0.855
2025-04-08T22:38:29.000,16.92,-0.33,25.26,16.82,20.33,436,-37.4,61.0,0.856
2025-04-08T22:39:29.000,16.91,-0.34,24.67,16.85,20.33,437,-37.51,61.0,0.856
2025-04-08T22:40:29.000,16.91,-0.35,24.36,16.86,20.33,438,-37.63,60.0,0.856
2025-04-08T22:41:29.000,16.91,-0.35,24.28,16.87,20.33,439,-37.74,60.0,0.856
2025-04-08T22:42:29.000,16.91,-0.31,24.46,16.86,20.33,440,-37.85,60.0,0.856
2025-04-08T22:43:29.000,16.91,-0.32,24.77,16.85,20.33,441,-37.96,60.0,0.856
2025-04-08T22:44:29.000,16.91,-0.29,24.66,16.85,20.33,442,-38.07,60.0,0.856
2025-04-08T22:45:30.000,16.9,-0.34,24.67,16.85,20.33,443,-38.18,60.0,0.856
2025-04-08T22:46:30.000,16.89,-0.32,24.66,16.85,20.33,444,-38.29,60.0,0.856
2025-04-08T22:47:30.000,16.88,-0.32,24.64,16.85,20.33,445,-38.39,60.0,0.856
2025-04-08T22:48:30.000,16.87,-0.33,24.95,16.84,20.33,446,-38.5,60.0,0.856
2025-04-08T22:49:30.000,16.87,-0.35,24.89,16.84,20.33,447,-38.6,60.0,0.856
2025-04-08T22:50:30.000,16.87,-0.39,24.59,16.85,20.33,448,-38.71,59.0,0.856
2025-04-08T22:51:30.000,16.85,-0.39,24.22,16.87,20.33,449,-38.81,59.0,0.856
2025-04-08T22:52:31.000,16.85,-0.38,24.2,16.87,20.33,450,-38.92,59.0,0.856
2025-04-08T22:53:31.000,16.85,-0.44,23.7,16.89,20.33,451,-39.02,59.0,0.856
2025-04-08T22:54:31.000,16.84,-0.47,23.75,16.89,20.33,452,-39.12,59.0,0.856
2025-04-08T22:55:31.000,16.81,-0.51,23.58,16.9,20.33,453,-39.22,59.0,0.856
2025-04-08T22:56:31.000,16.77,-0.54,23.32,16.91,20.33,454,-39.32,59.0,0.856
2025-04-08T22:57:31.000,16.75,-0.55,22.92,16.93,20.33,455,-39.42,59.0,0.856
2025-04-08T22:58:31.000,16.71,-0.59,22.68,16.94,20.33,456,-39.51,59.0,0.856
2025-04-08T22:59:32.000,16.69,-0.54,22.35,16.96,20.33,457,-39.61,58.0,0.857
2025-04-08T23:00:32.000,16.67,-0.5,22.0,16.97,20.33,458,-39.71,58.0,0.857
2025-04-08T23:01:32.000,16.67,-0.52,21.72,16.99,20.33,459,-39.8,58.0,0.857
2025-04-08T23:02:32.000,16.66,-0.49,21.43,17.0,20.33,460,-39.9,58.0,0.857
2025-04-08T23:03:32.000,16.66,-0.5,21.06,17.02,20.33,461,-39.99,58.0,0.857
2025-04-08T23:04:32.000,16.64,-0.57,20.33,17.06,20.33,462,-40.08,58.0,0.857
2025-04-08T23:05:32.000,16.62,-0.54,19.86,17.09,20.33,463,-40.17,58.0,0.857
2025-04-08T23:06:33.000,16.61,-0.52,19.18,17.12,20.33,464,-40.27,58.0,0.857
2025-04-08T23:07:33.000,16.59,-0.53,18.67,17.15,20.33,465,-40.36,57.0,0.857
2025-04-08T23:08:33.000,16.57,-0.51,18.89,17.14,20.33,466,-40.44,57.0,0.857
2025-04-08T23:09:34.000,16.57,-0.51,18.66,17.15,20.33,467,-40.53,57.0,0.857
2025-04-08T23:10:34.000,16.55,-0.55,18.06,17.19,20.33,468,-40.62,57.0,0.857
2025-04-08T23:11:34.000,16.53,-0.54,18.96,17.14,20.33,469,-40.7,57.0,0.857
2025-04-08T23:12:34.000,16.51,-0.59,19.75,17.09,20.33,470,-40.79,57.0,0.857
2025-04-08T23:13:34.000,16.51,-0.54,19.86,17.09,20.33,471,-40.87,57.0,0.857
2025-04-08T23:14:34.000,16.5,-0.58,19.81,17.09,20.33,472,-40.96,57.0,0.857
2025-04-08T23:15:35.000,16.47,-0.6,20.12,17.07,20.33,473,-41.04,56.0,0.857
2025-04-08T23:16:35.000,16.45,-0.62,19.1,17.13,20.33,474,-41.12,56.0,0.857
2025-04-08T23:17:35.000,16.43,-0.62,18.8,17.15,20.33,475,-41.2,56.0,0.857
2025-04-08T23:18:35.000,16.42,-0.64,18.61,17.16,20.33,476,-41.28,56.0,0.857
2025-04-08T23:19:35.000,16.4,-0.65,18.29,17.18,20.33,477,-41.36,56.0,0.857
2025-04-08T23:20:36.000,16.37,-0.66,18.61,17.16,20.33,478,-41.43,56.0,0.858
2025-04-08T23:21:36.000,16.34,-0.66,18.45,17.17,20.33,479,-41.51,56.0,0.858
2025-04-08T23:22:36.000,16.3,-0.71,18.16,17.18,20.33,480,-41.59,55.0,0.858
2025-04-08T23:23:37.000,16.28,-0.66,18.03,17.19,20.33,481,-41.66,55.0,0.858
2025-04-08T23:24:37.000,16.26,-0.71,17.98,17.19,20.33,482,-41.73,55.0,0.858
2025-04-08T23:25:37.000,16.24,-0.76,17.77,17.21,20.33,483,-41.81,55.0,0.858
2025-04-08T23:26:37.000,16.22,-0.75,17.35,17.23,20.33,484,-41.88,55.0,0.858
2025-04-08T23:27:37.000,16.2,-0.78,17.08,17.25,20.33,485,-41.95,55.0,0.858
2025-04-08T23:28:37.000,16.19,-0.84,16.89,17.26,20.33,486,-42.02,55.0,0.858
2025-04-08T23:29:37.000,16.17,-0.81,16.71,17.27,20.33,487,-42.08,54.0,0.858
2025-04-08T23:30:38.000,16.16,-0.84,16.56,17.28,20.33,488,-42.15,54.0,0.858
2025-04-08T23:31:38.000,16.16,-0.86,16.35,17.3,20.33,489,-42.22,54.0,0.858
2025-04-08T23:32:38.000,16.15,-0.87,16.07,17.32,20.33,490,-42.28,54.0,0.858
2025-04-08T23:33:38.000,16.12,-0.92,15.52,17.35,20.33,491,-42.34,54.0,0.858
2025-04-08T23:34:39.000,16.09,-0.92,15.87,17.33,20.33,492,-42.41,54.0,0.858
2025-04-08T23:35:39.000,16.06,-0.91,15.95,17.32,20.33,493,-42.47,54.0,0.858
2025-04-08T23:36:39.000,16.03,-0.94,15.96,17.32,20.33,494,-42.53,53.0,0.858
2025-04-08T23:37:39.000,15.99,-0.93,16.02,17.32,20.33,495,-42.59,53.0,0.858
2025-04-08T23:38:40.000,15.97,-0.92,15.76,17.34,20.33,496,-42.65,53.0,0.858
2025-04-08T23:39:40.000,15.95,-0.93,15.61,17.35,20.33,497,-42.71,53.0,0.858
2025-04-08T23:40:40.000,15.93,-0.94,15.43,17.36,20.33,498,-42.76,53.0,0.858
2025-04-08T23:41:40.000,15.92,-0.98,15.24,17.37,20.33,499,-42.82,53.0,0.859
2025-04-08T23:42:41.000,15.9,-0.95,14.99,17.39,20.33,500,-42.87,53.0,0.859
2025-04-08T23:43:41.000,15.9,-0.97,14.81,17.4,20.33,501,-42.92,52.0,0.859
2025-04-08T23:44:41.000,15.89,-0.97,14.56,17.42,20.33,502,-42.98,52.0,0.859
2025-04-08T23:45:41.000,15.89,-0.91,14.43,17.43,20.33,503,-43.03,52.0,0.859
2025-04-08T23:46:41.000,15.9,-0.96,14.43,17.43,20.33,504,-43.08,52.0,0.859
2025-04-08T23:47:41.000,15.9,-0.99,14.48,17.43,20.33,505,-43.13,52.0,0.859
2025-04-08T23:48:42.000,15.87,-1.04,14.46,17.43,20.33,506,-43.17,52.0,0.859
2025-04-08T23:49:42.000,15.84,-1.03,14.38,17.44,20.33,507,-43.22,51.0,0.859
2025-04-08T23:50:42.000,15.81,-1.0,14.29,17.44,20.33,508,-43.26,51.0,0.859
2025-04-08T23:51:42.000,15.79,-0.97,14.02,17.46,20.33,509,-43.31,51.0,0.859
2025-04-08T23:52:42.000,15.77,-0.92,13.68,17.49,20.33,510,-43.35,51.0,0.859
2025-04-08T23:53:43.000,15.76,-1.0,13.35,17.52,20.33,511,-43.39,51.0,0.859
2025-04-08T23:54:43.000,15.73,-1.05,12.54,17.58,20.33,512,-43.43,51.0,0.859
2025-04-08T23:55:43.000,15.72,-1.03,11.76,17.65,20.33,513,-43.47,50.0,0.859
2025-04-08T23:56:43.000,15.7,-1.01,11.72,17.66,20.33,514,-43.51,50.0,0.859
2025-04-08T23:57:43.000,15.7,-0.99,12.27,17.61,20.33,515,-43.55,50.0,0.859
2025-04-08T23:58:43.000,15.68,-0.95,12.51,17.59,20.33,516,-43.59,50.0,0.859
2025-04-08T23:59:43.000,15.66,-0.92,12.98,17.55,20.33,517,-43.62,50.0,0.859
2025-04-09T00:00:43.000,15.66,-0.85,13.71,17.49,20.33,518,-43.65,50.0,0.859
2025-04-09T00:01:44.000,15.65,-0.88,13.95,17.47,20.33,519,-43.69,49.0,0.859
2025-04-09T00:02:44.000,15.63,-0.9,13.86,17.48,20.33,520,-43.72,49.0,0.86
2025-04-09T00:03:44.000,15.61,-0.85,13.72,17.49,20.33,521,-43.75,49.0,0.86
2025-04-09T00:04:44.000,15.59,-0.82,13.39,17.51,20.33,522,-43.78,49.0,0.86
2025-04-09T00:05:44.000,15.59,-0.76,13.18,17.53,20.33,523,-43.81,49.0,0.86
2025-04-09T00:06:45.000,15.6,-0.73,12.96,17.55,20.33,524,-43.83,49.0,0.86
2025-04-09T00:07:45.000,15.62,-0.69,12.8,17.56,20.33,525,-43.86,48.0,0.86
2025-04-09T00:08:45.000,15.66,-0.6,12.61,17.58,20.33,526,-43.88,48.0,0.86
2025-04-09T00:09:45.000,15.7,-0.58,12.41,17.6,20.33,527,-43.91,48.0,0.86
2025-04-09T00:10:45.000,15.74,-0.57,12.5,17.59,20.33,528,-43.93,48.0,0.86
2025-04-09T00:11:45.000,15.78,-0.52,12.03,17.63,20.33,529,-43.95,48.0,0.86
2025-04-09T00:12:45.000,15.81,-0.52,12.19,17.62,20.33,530,-43.97,48.0,0.86
2025-04-09T00:13:46.000,15.84,-0.53,12.32,17.6,20.33,531,-43.99,47.0,0.86
2025-04-09T00:14:46.000,15.87,-0.56,12.22,17.61,20.33,532,-44.01,47.0,0.86
2025-04-09T00:15:46.000,15.9,-0.57,12.38,17.6,20.33,533,-44.02,47.0,0.86
2025-04-09T00:16:46.000,15.94,-0.58,12.39,17.6,20.33,534,-44.04,47.0,0.86
2025-04-09T00:17:46.000,15.96,-0.6,12.27,17.61,20.33,535,-44.05,47.0,0.86
2025-04-09T00:18:46.000,15.97,-0.63,12.35,17.6,20.33,536,-44.06,47.0,0.86
2025-04-09T00:19:46.000,15.99,-0.61,12.4,17.6,20.33,537,-44.08,46.0,0.86
2025-04-09T00:20:46.000,16.02,-0.63,12.31,17.6,20.33,538,-44.09,46.0,0.86
2025-04-09T00:21:46.000,16.04,-0.61,12.29,17.61,20.33,539,-44.1,46.0,0.86
2025-04-09T00:22:47.000,16.07,-0.64,12.23,17.61,20.33,540,-44.1,46.0,0.86
2025-04-09T00:23:47.000,16.08,-0.64,11.97,17.64,20.33,541,-44.11,46.0,0.861
2025-04-09T00:24:47.000,16.09,-0.64,11.9,17.64,20.33,542,-44.12,46.0,0.861
2025-04-09T00:25:47.000,16.1,-0.66,11.83,17.65,20.33,543,-44.12,45.0,0.861
2025-04-09T00:26:47.000,16.1,-0.66,11.84,17.65,20.33,544,-44.12,45.0,0.861
2025-04-09T00:27:48.000,16.13,-0.64,11.92,17.64,20.33,545,-44.13,45.0,0.861
2025-04-09T00:28:48.000,16.16,-0.66,11.82,17.65,20.33,546,-44.13,45.0,0.861
2025-04-09T00:29:48.000,16.16,-0.7,11.77,17.65,20.33,547,-44.13,45.0,0.861
