ecsv/stars835/stars835_2024-04.ecsv
# %ECSV 1.0
# ---
# datatype:
# - {name: time, datatype: string}
# - {name: Enclosure Temperature, unit: deg_C, datatype: float64}
# - {name: Sky Temperature, unit: deg_C, datatype: float64}
# - {name: Frequency, unit: Hz, datatype: float64}
# - {name: MSAS, unit: mag / arcsec2, datatype: float64}
# - {name: ZP, datatype: float64}
# - {name: Sequence Number, datatype: int64}
# - {name: Sun Alt, unit: deg, datatype: float64}
# - {name: Moon Alt, unit: deg, datatype: float64}
# - {name: Moon Illumination, datatype: float64}
# delimiter: ','
# meta: !!omap
# - ida:
#     Data supplier: {affiliation: "Diputaci\xF3n de Badajoz", observer: "Alejandro Pe\xF1a Paredes"}
#     Device type: TESS-W
#     Field of view: 17.0
#     Filters per channel: None
#     Instrument ID: stars835
#     License: ODbL 1.0 http://opendatacommons.org/licenses/odbl/summary/
#     Local timezone: Europe/Madrid
#     Location name: {country: Spain, place: Ayuntamiento, region: Extremadura, sub_region: 'Sierra Suroeste, Badajoz', town: Oliva de
#         la Frontera}
#     Measurement direction per channel: {azimuth: 0.0, zenital: 0.0}
#     Moving / Fixed look direction: FIXED
#     Moving / Stationary position: STATIONARY
#     Number of channels: 1
#     Number of fields per line: 8
#     Number of header lines: 35
#     Position: {height: 0.0, latitude: 38.276969, longitude: -6.91978}
#     TESS MAC address: E8:DB:84:82:FB:35
#     TESS cover offset value: 0.0
#     TESS firmware version: '1.0'
#     TESS zero point: 20.33
#     Time Synchronization: timestamp added by MQTT subscriber
#     URL: http://www.darksky.org/NSBM/sdf1.0.pdf
# - __serialized_columns__:
#     Enclosure Temperature:
#       __class__: astropy.units.quantity.Quantity
#       unit: &id001 !astropy.units.Unit {unit: deg_C}
#       value: !astropy.table.SerializedColumn {name: Enclosure Temperature}
#     Frequency:
#       __class__: astropy.units.quantity.Quantity
#       unit: !astropy.units.Unit {unit: Hz}
#       value: !astropy.table.SerializedColumn {name: Frequency}
#     MSAS:
#       __class__: astropy.units.quantity.Quantity
#       unit: !astropy.units.Unit {unit: mag / arcsec2}
#       value: !astropy.table.SerializedColumn {name: MSAS}
#     Moon Alt:
#       __class__: astropy.units.quantity.Quantity
#       unit: &id002 !astropy.units.Unit {unit: deg}
#       value: !astropy.table.SerializedColumn {name: Moon Alt}
#     Sky Temperature:
#       __class__: astropy.units.quantity.Quantity
#       unit: *id001
#       value: !astropy.table.SerializedColumn {name: Sky Temperature}
#     Sun Alt:
#       __class__: astropy.units.quantity.Quantity
#       unit: *id002
#       value: !astropy.table.SerializedColumn {name: Sun Alt}
#     time:
#       __class__: astropy.time.core.Time
#       format: isot
#       in_subfmt: '*'
#       out_subfmt: '*'
#       precision: 3
#       scale: utc
#       value: !astropy.table.SerializedColumn {name: time}
# schema: astropy-2.0
time,Enclosure Temperature,Sky Temperature,Frequency,MSAS,ZP,Sequence Number,Sun Alt,Moon Alt,Moon Illumination
[from data line 13527]
2024-04-27T04:38:48.000,10.12,-11.26,7.7,18.12,20.33,6706,-11.05,19.0,0.899
2024-04-27T04:39:49.000,10.0,-11.57,7.95,18.08,20.33,6707,-10.87,19.0,0.899
2024-04-27T04:40:49.000,10.05,-11.79,8.42,18.02,20.33,6708,-10.7,19.0,0.899
2024-04-27T04:41:49.000,10.18,-11.98,8.9,17.96,20.33,6709,-10.52,19.0,0.899
2024-04-27T04:42:49.000,10.14,-12.0,9.68,17.87,20.33,6710,-10.35,19.0,0.899
2024-04-27T04:43:49.000,10.0,-12.01,10.62,17.77,20.33,6711,-10.17,19.0,0.899
2024-04-27T04:44:50.000,10.04,-12.01,11.84,17.65,20.33,6712,-10.0,19.0,0.899
2024-04-27T04:45:50.000,10.2,-11.95,13.07,17.54,20.33,6713,-9.82,19.0,0.899
2024-04-27T04:46:50.000,10.17,-11.96,14.57,17.42,20.33,6714,-9.65,19.0,0.899
2024-04-27T04:47:50.000,10.03,-11.88,16.55,17.29,20.33,6715,-9.47,19.0,0.899
2024-04-27T04:48:50.000,9.99,-12.02,18.77,17.15,20.33,6716,-9.29,19.0,0.899
2024-04-27T04:49:50.000,10.14,-12.16,21.36,17.01,20.33,6717,-9.12,19.0,0.899
2024-04-27T04:50:50.000,10.15,-12.14,24.54,16.86,20.33,6718,-8.94,18.0,0.899
2024-04-27T04:51:51.000,10.03,-11.98,29.06,16.67,20.33,6719,-8.76,18.0,0.898
2024-04-27T04:52:51.000,10.0,-12.12,33.22,16.53,20.33,6720,-8.58,18.0,0.898
2024-04-27T04:53:51.000,10.14,-12.22,39.17,16.35,20.33,6721,-8.41,18.0,0.898
2024-04-27T04:54:51.000,10.11,-12.18,45.16,16.19,20.33,6722,-8.23,18.0,0.898
2024-04-27T04:55:51.000,9.99,-12.1,53.06,16.02,20.33,6723,-8.05,18.0,0.898
2024-04-27T04:56:51.000,10.06,-12.16,65.68,15.79,20.33,6724,-7.87,18.0,0.898
2024-04-27T04:57:51.000,10.2,-11.68,80.27,15.57,20.33,6725,-7.69,18.0,0.898
2024-04-27T04:58:51.000,10.15,-10.26,102.4,15.31,20.33,6726,-7.52,18.0,0.898
2024-04-27T04:59:52.000,10.05,-8.0,139.75,14.97,20.33,6727,-7.33,18.0,0.898
2024-04-27T05:00:52.000,10.01,-7.39,160.39,14.82,20.33,6728,-7.15,18.0,0.898
2024-04-27T05:01:52.000,10.09,-6.21,224.61,14.46,20.33,6729,-6.98,17.0,0.898
2024-04-27T05:02:52.000,10.14,-2.69,282.31,14.23,20.33,6730,-6.8,17.0,0.898
2024-04-27T05:03:52.000,10.16,1.91,453.1,13.69,20.33,6731,-6.62,17.0,0.898
2024-04-27T05:04:53.000,10.21,3.7,508.18,13.57,20.33,6732,-6.43,17.0,0.898
2024-04-27T05:05:53.000,10.26,3.6,562.51,13.46,20.33,6733,-6.25,17.0,0.898
2024-04-27T05:06:53.000,10.25,1.28,609.35,13.37,20.33,6734,-6.07,17.0,0.898
2024-04-27T05:07:53.000,10.22,1.32,832.93,13.04,20.33,6735,-5.89,17.0,0.898
2024-04-27T05:08:53.000,10.21,-0.09,1037.08,12.79,20.33,6736,-5.71,17.0,0.898
2024-04-27T05:09:54.000,10.14,-4.22,1105.0,12.72,20.33,6737,-5.53,17.0,0.898
2024-04-27T05:10:54.000,10.03,-4.91,1500.56,12.39,20.33,6738,-5.34,17.0,0.898
2024-04-27T05:11:54.000,10.02,-4.51,1844.18,12.17,20.33,6739,-5.16,16.0,0.898
2024-04-27T05:12:54.000,10.2,-3.83,2453.62,11.86,20.33,6740,-4.98,16.0,0.898
2024-04-27T05:13:54.000,10.24,-2.84,2993.51,11.65,20.33,6741,-4.8,16.0,0.898
2024-04-27T05:14:54.000,10.21,0.46,4395.11,11.22,20.33,6742,-4.62,16.0,0.897
2024-04-27T05:15:54.000,10.19,1.51,4808.56,11.13,20.33,6743,-4.44,16.0,0.897
2024-04-27T05:16:55.000,10.17,0.03,6196.49,10.85,20.33,6744,-4.25,16.0,0.897
2024-04-27T05:17:55.000,10.14,-0.66,7694.73,10.62,20.33,6745,-4.07,16.0,0.897
2024-04-27T05:18:55.000,10.12,0.28,8921.64,10.46,20.33,6746,-3.88,16.0,0.897
2024-04-27T05:19:55.000,10.11,2.74,11936.18,10.14,20.33,6747,-3.7,16.0,0.897
2024-04-27T05:20:55.000,10.11,2.16,12342.36,10.1,20.33,6748,-3.52,16.0,0.897
2024-04-27T05:21:55.000,10.11,2.11,16694.27,9.78,20.33,6749,-3.33,15.0,0.897
2024-04-27T05:22:55.000,10.15,4.16,20682.16,9.55,20.33,6750,-3.15,15.0,0.897
2024-04-27T05:23:55.000,10.19,5.44,22301.11,9.46,20.33,6751,-2.97,15.0,0.897
2024-04-27T05:24:55.000,10.21,3.73,26854.74,9.26,20.33,6752,-2.78,15.0,0.897
2024-04-27T05:25:55.000,10.22,2.23,34956.09,8.97,20.33,6753,-2.6,15.0,0.897
2024-04-27T05:26:55.000,10.18,-1.83,40565.29,8.81,20.33,6754,-2.41,15.0,0.897
2024-04-27T05:27:56.000,10.04,-7.4,40372.45,8.82,20.33,6755,-2.23,15.0,0.897
2024-04-27T05:28:56.000,9.9,-10.11,46225.68,8.67,20.33,6756,-2.04,15.0,0.897
2024-04-27T05:29:56.000,9.74,-10.92,54255.87,8.49,20.33,6757,-1.86,15.0,0.897
2024-04-27T05:30:56.000,9.6,-11.43,59228.84,6.88,20.33,6758,-1.67,14.0,0.897
2024-04-27T05:31:57.000,9.51,-11.11,50000.0,0.0,20.33,6759,-1.48,14.0,0.897
2024-04-27T05:32:57.000,9.43,-11.57,50000.0,0.0,20.33,6760,-1.3,14.0,0.897
2024-04-27T05:33:57.000,9.35,-11.46,50000.0,0.0,20.33,6761,-1.11,14.0,0.897
2024-04-27T05:50:00.000,9.06,-11.58,50000.0,0.0,20.33,6777,1.89,12.0,0.896
2024-04-27T05:51:00.000,9.06,-11.55,50000.0,0.0,20.33,6778,2.08,12.0,0.896
2024-04-27T05:52:00.000,9.05,-11.65,50000.0,0.0,20.33,6779,2.27,12.0,0.896
2024-04-27T05:53:00.000,9.04,-11.57,49723.95,0.09,20.33,6780,2.46,12.0,0.896
2024-04-27T05:54:01.000,9.04,-11.52,50000.0,0.0,20.33,6781,2.65,12.0,0.896
2024-04-27T05:55:01.000,9.04,-11.46,50000.0,0.0,20.33,6782,2.84,12.0,0.896
2024-04-27T05:56:01.000,9.05,-11.38,49731.43,0.09,20.33,6783,3.03,12.0,0.896
2024-04-27T05:57:01.000,9.07,-11.15,50000.0,0.0,20.33,6784,3.22,11.0,0.896
2024-04-27T05:58:01.000,9.1,-10.57,49712.79,0.1,20.33,6785,3.41,11.0,0.896
2024-04-27T05:59:01.000,9.14,-10.47,50000.0,0.0,20.33,6786,3.6,11.0,0.896
2024-04-27T06:00:02.000,9.18,-10.73,50000.0,0.0,20.33,6787,3.79,11.0,0.896
2024-04-27T06:01:02.000,9.2,-10.25,50000.0,0.0,20.33,6788,3.98,11.0,0.895
2024-04-27T07:06:14.000,12.18,-4.97,50000.0,0.0,20.33,6853,16.58,2.0,0.893
2024-04-27T07:07:15.000,12.12,-3.75,50000.0,0.0,20.33,6854,16.78,2.0,0.893
2024-04-27T07:08:15.000,12.18,-2.79,50000.0,0.0,20.33,6855,16.98,2.0,0.893
2024-04-27T07:21:12.000,15.26,6.06,50000.0,0.0,20.33,6867,19.52,-0.0,0.892
2024-04-27T07:32:52.000,12.18,6.65,50000.0,0.0,20.33,6878,21.81,-2.0,0.891
2024-04-27T07:33:52.000,11.87,6.33,50000.0,0.0,20.33,6879,22.0,-2.0,0.891
2024-04-27T07:34:52.000,11.52,5.85,50000.0,0.0,20.33,6880,22.2,-2.0,0.891
2024-04-27T08:01:59.000,12.72,4.95,50000.0,0.0,20.33,6907,27.52,-7.0,0.89
2024-04-27T08:02:59.000,12.68,0.56,50000.0,0.0,20.33,6908,27.72,-7.0,0.89
2024-04-27T08:03:59.000,12.72,0.08,50000.0,0.0,20.33,6909,27.92,-7.0,0.89
2024-04-27T08:06:14.000,13.2,5.67,50000.0,0.0,20.33,6911,28.36,-8.0,0.89
2024-04-27T08:08:35.000,13.83,7.71,50000.0,0.0,20.33,6913,28.82,-8.0,0.89
2024-04-27T08:09:35.000,13.94,4.56,50000.0,0.0,20.33,6914,29.01,-8.0,0.89
2024-04-27T08:10:36.000,13.7,-2.89,50000.0,0.0,20.33,6915,29.21,-8.0,0.89
2024-04-27T08:11:36.000,13.5,-4.63,50000.0,0.0,20.33,6916,29.41,-8.0,0.89
2024-04-27T08:15:15.000,14.14,-5.82,50000.0,0.0,20.33,6919,30.12,-9.0,0.89
2024-04-27T08:16:18.000,14.08,-6.61,50000.0,0.0,20.33,6920,30.33,-9.0,0.889
2024-04-27T08:17:17.000,14.21,-3.28,50000.0,0.0,20.33,6921,30.52,-9.0,0.889
2024-04-27T08:39:21.000,15.03,6.91,50000.0,0.0,20.33,6943,34.81,-13.0,0.888
2024-04-27T08:40:21.000,15.08,8.14,50000.0,0.0,20.33,6944,35.0,-13.0,0.888
2024-04-27T08:41:25.000,15.06,8.01,50000.0,0.0,20.33,6945,35.21,-13.0,0.888
2024-04-27T08:50:58.000,16.63,7.49,50000.0,0.0,20.33,6953,37.05,-15.0,0.888
2024-04-27T08:59:05.000,16.39,6.86,50000.0,0.0,20.33,6960,38.6,-16.0,0.888
2024-04-27T09:00:06.000,16.29,7.1,50000.0,0.0,20.33,6961,38.8,-17.0,0.887
2024-04-27T09:01:05.000,16.28,7.5,50000.0,0.0,20.33,6962,38.98,-17.0,0.887
2024-04-27T09:11:19.000,16.65,3.4,50000.0,0.0,20.33,6972,40.93,-19.0,0.887
2024-04-27T09:12:18.000,16.81,2.85,50000.0,0.0,20.33,6973,41.11,-19.0,0.887
2024-04-27T09:13:21.000,17.31,4.53,50000.0,0.0,20.33,6974,41.31,-19.0,0.887
2024-04-27T09:16:47.000,17.67,7.19,50000.0,0.0,20.33,6977,41.96,-20.0,0.887
2024-04-27T09:17:47.000,17.7,7.69,50000.0,0.0,20.33,6978,42.14,-20.0,0.887
2024-04-27T09:18:55.000,17.64,7.64,50000.0,0.0,20.33,6979,42.36,-20.0,0.887
2024-04-27T09:55:30.000,15.95,8.0,50000.0,0.0,20.33,6991,49.03,-27.0,0.885
2024-04-27T09:56:30.000,15.9,8.08,50000.0,0.0,20.33,6992,49.21,-27.0,0.885
2024-04-27T09:57:30.000,15.82,7.98,50000.0,0.0,20.33,6993,49.39,-27.0,0.885
2024-04-27T09:59:42.000,15.72,8.11,50000.0,0.0,20.33,6995,49.77,-27.0,0.885
2024-04-27T10:00:44.000,15.83,8.49,50000.0,0.0,20.33,6996,49.95,-27.0,0.885
2024-04-27T10:01:44.000,16.27,9.45,50000.0,0.0,20.33,6997,50.13,-28.0,0.885
2024-04-27T10:02:44.000,16.64,9.31,50000.0,0.0,20.33,6998,50.3,-28.0,0.885
2024-04-27T10:03:46.000,16.91,9.57,50000.0,0.0,20.33,6999,50.48,-28.0,0.885
2024-04-27T10:04:45.000,16.87,8.36,50000.0,0.0,20.33,7000,50.65,-28.0,0.885
2024-04-27T10:07:58.000,16.72,5.39,50000.0,0.0,20.33,7003,51.2,-29.0,0.884
2024-04-27T10:11:31.000,18.24,2.33,50000.0,0.0,20.33,7006,51.81,-29.0,0.884
2024-04-27T10:12:42.000,18.42,2.64,50000.0,0.0,20.33,7007,52.01,-30.0,0.884
2024-04-27T10:13:51.000,18.7,3.32,50000.0,0.0,20.33,7008,52.21,-30.0,0.884
2024-04-27T10:16:14.000,19.83,1.98,50000.0,0.0,20.33,7010,52.61,-30.0,0.884
2024-04-27T10:17:13.000,20.88,2.76,50000.0,0.0,20.33,7011,52.77,-30.0,0.884
2024-04-27T10:18:13.000,21.28,0.12,50000.0,0.0,20.33,7012,52.94,-31.0,0.884
2024-04-27T10:19:15.000,21.55,1.09,50000.0,0.0,20.33,7013,53.11,-31.0,0.884
2024-04-27T10:20:14.000,20.79,-2.03,50000.0,0.0,20.33,7014,53.27,-31.0,0.884
2024-04-27T10:22:39.000,21.91,4.95,50000.0,0.0,20.33,7016,53.67,-31.0,0.884
2024-04-27T10:23:42.000,22.37,8.49,50000.0,0.0,20.33,7017,53.84,-32.0,0.884
2024-04-27T10:24:45.000,23.03,12.26,50000.0,0.0,20.33,7018,54.01,-32.0,0.884
2024-04-27T10:28:48.000,20.47,9.28,50000.0,0.0,20.33,7022,54.67,-33.0,0.883
2024-04-27T10:29:47.000,19.78,8.3,50000.0,0.0,20.33,7023,54.82,-33.0,0.883
2024-04-27T10:30:47.000,18.98,7.27,50000.0,0.0,20.33,7024,54.98,-33.0,0.883
2024-04-27T10:32:52.000,15.51,6.59,50000.0,0.0,20.33,7026,55.31,-33.0,0.883
2024-04-27T10:33:52.000,14.49,7.9,50000.0,0.0,20.33,7027,55.47,-34.0,0.883
2024-04-27T10:34:53.000,13.87,8.57,50000.0,0.0,20.33,7028,55.63,-34.0,0.883
2024-04-27T10:41:53.000,13.88,6.08,50000.0,0.0,20.33,7035,56.71,-35.0,0.883
2024-04-27T10:42:53.000,13.93,3.76,50000.0,0.0,20.33,7036,56.86,-35.0,0.883
2024-04-27T10:43:53.000,14.0,2.26,50000.0,0.0,20.33,7037,57.01,-35.0,0.883
2024-04-27T10:52:34.000,18.22,-1.27,50000.0,0.0,20.33,7045,58.28,-37.0,0.882
2024-04-27T10:53:44.000,18.7,-2.82,50000.0,0.0,20.33,7046,58.45,-37.0,0.882
2024-04-27T10:54:50.000,19.18,-2.31,50000.0,0.0,20.33,7047,58.6,-37.0,0.882
2024-04-27T10:55:50.000,19.08,-1.43,50000.0,0.0,20.33,7048,58.74,-38.0,0.882
2024-04-27T11:01:14.000,21.51,-1.2,50000.0,0.0,20.33,7053,59.48,-39.0,0.882
2024-04-27T11:02:14.000,21.88,-2.06,50000.0,0.0,20.33,7054,59.62,-39.0,0.882
2024-04-27T11:03:14.000,22.14,-2.98,50000.0,0.0,20.33,7055,59.75,-39.0,0.882
2024-04-27T11:18:14.000,24.07,-1.96,50000.0,0.0,20.33,7069,61.61,-42.0,0.881
2024-04-27T11:19:14.000,24.19,-0.2,50000.0,0.0,20.33,7070,61.73,-42.0,0.881
2024-04-27T11:20:14.000,24.32,-0.56,50000.0,0.0,20.33,7071,61.84,-42.0,0.881
2024-04-27T16:47:14.000,15.54,9.43,50000.0,0.0,20.33,7397,27.84,-70.0,0.865
2024-04-27T16:48:14.000,15.76,8.88,50000.0,0.0,20.33,7398,27.64,-70.0,0.865
2024-04-27T16:49:15.000,15.75,8.12,50000.0,0.0,20.33,7399,27.44,-69.0,0.865
2024-04-27T17:04:09.000,19.75,-5.77,50000.0,0.0,20.33,7413,24.52,-67.0,0.865
2024-04-27T17:05:11.000,19.92,-5.9,50000.0,0.0,20.33,7414,24.32,-67.0,0.864
2024-04-27T17:06:10.000,20.08,-5.91,50000.0,0.0,20.33,7415,24.13,-66.0,0.864
2024-04-27T17:46:24.000,18.51,-3.1,50000.0,0.0,20.33,7455,16.24,-59.0,0.862
2024-04-27T17:47:24.000,18.15,-3.26,50000.0,0.0,20.33,7456,16.05,-59.0,0.862
2024-04-27T17:48:24.000,17.96,-2.72,50000.0,0.0,20.33,7457,15.85,-59.0,0.862
2024-04-27T17:50:31.000,17.83,-2.39,50000.0,0.0,20.33,7459,15.44,-58.0,0.862
2024-04-27T17:51:31.000,17.85,-3.31,50000.0,0.0,20.33,7460,15.25,-58.0,0.862
2024-04-27T17:52:31.000,17.62,-3.16,50000.0,0.0,20.33,7461,15.05,-58.0,0.862
2024-04-27T18:55:44.000,15.36,-8.27,50000.0,0.0,20.33,7524,2.89,-46.0,0.859
2024-04-27T18:56:44.000,15.19,-8.17,50000.0,0.0,20.33,7525,2.71,-46.0,0.859
2024-04-27T18:57:44.000,15.06,-8.09,50000.0,0.0,20.33,7526,2.52,-46.0,0.859
2024-04-27T18:58:44.000,14.92,-8.1,49728.37,0.09,20.33,7527,2.33,-46.0,0.859
2024-04-27T18:59:45.000,14.8,-7.94,50000.0,0.0,20.33,7528,2.14,-46.0,0.859
2024-04-27T19:00:45.000,14.68,-7.94,50000.0,0.0,20.33,7529,1.95,-45.0,0.859
2024-04-27T19:01:45.000,14.56,-8.02,50000.0,0.0,20.33,7530,1.76,-45.0,0.859
2024-04-27T19:17:48.000,13.32,-8.8,50000.0,0.0,20.33,7546,-1.23,-42.0,0.858
2024-04-27T19:18:48.000,13.27,-8.74,50000.0,0.0,20.33,7547,-1.42,-42.0,0.858
2024-04-27T19:19:49.000,13.23,-8.81,50000.0,0.0,20.33,7548,-1.61,-42.0,0.858
2024-04-27T19:20:49.000,13.18,-8.86,54155.04,2.52,20.33,7549,-1.79,-42.0,0.858
2024-04-27T19:21:49.000,13.14,-8.89,58355.51,8.42,20.33,7550,-1.97,-41.0,0.858
2024-04-27T19:22:49.000,13.1,-8.88,50793.32,8.57,20.33,7551,-2.16,-41.0,0.858
2024-04-27T19:23:50.000,13.06,-8.86,44200.58,8.72,20.33,7552,-2.35,-41.0,0.858
2024-04-27T19:24:50.000,13.03,-8.82,38213.84,8.88,20.33,7553,-2.53,-41.0,0.857
2024-04-27T19:25:50.000,13.0,-8.75,32403.91,9.05,20.33,7554,-2.71,-41.0,0.857
2024-04-27T19:26:50.000,12.97,-8.43,27349.14,9.32,20.33,7555,-2.9,-41.0,0.857
2024-04-27T19:27:50.000,12.94,-7.95,24104.98,9.38,20.33,7556,-3.08,-40.0,0.857
2024-04-27T19:28:50.000,12.92,-7.57,20899.24,9.53,20.33,7557,-3.26,-40.0,0.857
2024-04-27T19:29:51.000,12.9,-7.58,18607.49,9.66,20.33,7558,-3.45,-40.0,0.857
2024-04-27T19:30:51.000,12.88,-7.89,14552.27,9.93,20.33,7559,-3.63,-40.0,0.857
2024-04-27T19:31:51.000,12.86,-8.19,11205.33,10.21,20.33,7560,-3.82,-40.0,0.857
2024-04-27T19:32:51.000,12.85,-7.91,9155.33,10.43,20.33,7561,-4.0,-39.0,0.857
2024-04-27T19:33:52.000,12.85,-6.88,7568.29,10.63,20.33,7562,-4.18,-39.0,0.857
2024-04-27T19:34:52.000,12.85,-5.28,6383.93,10.82,20.33,7563,-4.37,-39.0,0.857
2024-04-27T19:35:52.000,12.88,-3.68,5533.82,10.97,20.33,7564,-4.55,-39.0,0.857
2024-04-27T19:36:52.000,12.91,-2.95,5182.0,11.04,20.33,7565,-4.73,-39.0,0.857
2024-04-27T19:37:52.000,12.95,-3.29,4834.82,11.12,20.33,7566,-4.91,-38.0,0.857
2024-04-27T19:38:52.000,12.98,-4.3,3251.51,11.56,20.33,7567,-5.09,-38.0,0.857
2024-04-27T19:39:53.000,12.97,-5.21,2252.31,11.95,20.33,7568,-5.28,-38.0,0.857
2024-04-27T19:40:53.000,12.94,-5.82,1744.25,12.23,20.33,7569,-5.46,-38.0,0.857
2024-04-27T19:42:58.000,12.89,-6.48,1412.28,12.46,20.33,7571,-5.83,-38.0,0.857
2024-04-27T19:43:58.000,12.86,-6.83,922.7,12.92,20.33,7572,-6.01,-37.0,0.857
2024-04-27T19:44:58.000,12.82,-7.25,724.62,13.18,20.33,7573,-6.19,-37.0,0.856
2024-04-27T19:45:58.000,12.77,-7.56,610.85,13.37,20.33,7574,-6.37,-37.0,0.856
2024-04-27T19:46:59.000,12.71,-7.72,474.64,13.64,20.33,7575,-6.55,-37.0,0.856
2024-04-27T19:47:59.000,12.67,-7.69,366.11,13.92,20.33,7576,-6.73,-37.0,0.856
2024-04-27T19:48:59.000,12.63,-7.63,296.99,14.15,20.33,7577,-6.91,-36.0,0.856
2024-04-27T19:50:00.000,12.6,-7.67,236.07,14.4,20.33,7578,-7.09,-36.0,0.856
2024-04-27T19:50:59.000,12.58,-7.88,187.91,14.65,20.33,7579,-7.27,-36.0,0.856
2024-04-27T19:51:59.000,12.55,-8.02,154.47,14.86,20.33,7580,-7.45,-36.0,0.856
2024-04-27T19:53:00.000,12.51,-8.27,123.84,15.1,20.33,7581,-7.63,-36.0,0.856
2024-04-27T19:54:00.000,12.48,-8.53,100.0,15.33,20.33,7582,-7.81,-35.0,0.856
2024-04-27T19:55:00.000,12.45,-8.66,82.52,15.54,20.33,7583,-7.99,-35.0,0.856
2024-04-27T19:56:00.000,12.41,-8.74,68.36,15.74,20.33,7584,-8.16,-35.0,0.856
2024-04-27T19:57:00.000,12.39,-8.74,56.73,15.95,20.33,7585,-8.34,-35.0,0.856
2024-04-27T19:58:00.000,12.36,-8.87,46.72,16.16,20.33,7586,-8.52,-35.0,0.856
2024-04-27T19:59:00.000,12.35,-8.88,40.49,16.31,20.33,7587,-8.69,-35.0,0.856
2024-04-27T20:00:02.000,12.32,-8.91,34.21,16.5,20.33,7588,-8.88,-34.0,0.856
2024-04-27T20:01:02.000,12.29,-8.69,29.25,16.67,20.33,7589,-9.05,-34.0,0.856
2024-04-27T20:02:02.000,12.27,-8.26,25.29,16.82,20.33,7590,-9.23,-34.0,0.856
2024-04-27T20:03:02.000,12.25,-7.9,22.21,16.96,20.33,7591,-9.4,-34.0,0.856
2024-04-27T20:04:02.000,12.23,-7.8,19.93,17.08,20.33,7592,-9.58,-34.0,0.855
2024-04-27T20:05:02.000,12.21,-8.03,17.17,17.25,20.33,7593,-9.75,-33.0,0.855
2024-04-27T20:06:02.000,12.19,-8.44,14.08,17.46,20.33,7594,-9.93,-33.0,0.855
2024-04-27T20:07:02.000,12.16,-8.82,12.12,17.62,20.33,7595,-10.1,-33.0,0.855
2024-04-27T20:08:02.000,12.13,-9.11,10.67,17.76,20.33,7596,-10.28,-33.0,0.855
