ecsv/stars835/stars835_2024-04.ecsv
# %ECSV 1.0
# ---
# datatype:
# - {name: time, datatype: string}
# - {name: Enclosure Temperature, unit: deg_C, datatype: float64}
# - {name: Sky Temperature, unit: deg_C, datatype: float64}
# - {name: Frequency, unit: Hz, datatype: float64}
# - {name: MSAS, unit: mag / arcsec2, datatype: float64}
# - {name: ZP, datatype: float64}
# - {name: Sequence Number, datatype: int64}
# - {name: Sun Alt, unit: deg, datatype: float64}
# - {name: Moon Alt, unit: deg, datatype: float64}
# - {name: Moon Illumination, datatype: float64}
# delimiter: ','
# meta: !!omap
# - ida:
#     Data supplier: {affiliation: "Diputaci\xF3n de Badajoz", observer: "Alejandro Pe\xF1a Paredes"}
#     Device type: TESS-W
#     Field of view: 17.0
#     Filters per channel: None
#     Instrument ID: stars835
#     License: ODbL 1.0 http://opendatacommons.org/licenses/odbl/summary/
#     Local timezone: Europe/Madrid
#     Location name: {country: Spain, place: Ayuntamiento, region: Extremadura, sub_region: 'Sierra Suroeste, Badajoz', town: Oliva de
#         la Frontera}
#     Measurement direction per channel: {azimuth: 0.0, zenital: 0.0}
#     Moving / Fixed look direction: FIXED
#     Moving / Stationary position: STATIONARY
#     Number of channels: 1
#     Number of fields per line: 8
#     Number of header lines: 35
#     Position: {height: 0.0, latitude: 38.276969, longitude: -6.91978}
#     TESS MAC address: E8:DB:84:82:FB:35
#     TESS cover offset value: 0.0
#     TESS firmware version: '1.0'
#     TESS zero point: 20.33
#     Time Synchronization: timestamp added by MQTT subscriber
#     URL: http://www.darksky.org/NSBM/sdf1.0.pdf
# - __serialized_columns__:
#     Enclosure Temperature:
#       __class__: astropy.units.quantity.Quantity
#       unit: &id001 !astropy.units.Unit {unit: deg_C}
#       value: !astropy.table.SerializedColumn {name: Enclosure Temperature}
#     Frequency:
#       __class__: astropy.units.quantity.Quantity
#       unit: !astropy.units.Unit {unit: Hz}
#       value: !astropy.table.SerializedColumn {name: Frequency}
#     MSAS:
#       __class__: astropy.units.quantity.Quantity
#       unit: !astropy.units.Unit {unit: mag / arcsec2}
#       value: !astropy.table.SerializedColumn {name: MSAS}
#     Moon Alt:
#       __class__: astropy.units.quantity.Quantity
#       unit: &id002 !astropy.units.Unit {unit: deg}
#       value: !astropy.table.SerializedColumn {name: Moon Alt}
#     Sky Temperature:
#       __class__: astropy.units.quantity.Quantity
#       unit: *id001
#       value: !astropy.table.SerializedColumn {name: Sky Temperature}
#     Sun Alt:
#       __class__: astropy.units.quantity.Quantity
#       unit: *id002
#       value: !astropy.table.SerializedColumn {name: Sun Alt}
#     time:
#       __class__: astropy.time.core.Time
#       format: isot
#       in_subfmt: '*'
#       out_subfmt: '*'
#       precision: 3
#       scale: utc
#       value: !astropy.table.SerializedColumn {name: time}
# schema: astropy-2.0
time,Enclosure Temperature,Sky Temperature,Frequency,MSAS,ZP,Sequence Number,Sun Alt,Moon Alt,Moon Illumination
[from data line 15198]
2024-04-29T22:51:14.000,10.94,-8.28,2.03,19.56,20.33,10609,-32.53,-24.0,0.667
2024-04-29T22:52:14.000,10.93,-7.97,2.05,19.55,20.33,10610,-32.61,-24.0,0.667
2024-04-29T22:53:14.000,10.94,-7.69,2.07,19.54,20.33,10611,-32.7,-23.0,0.667
2024-04-29T22:54:14.000,10.92,-7.53,2.08,19.53,20.33,10612,-32.79,-23.0,0.667
2024-04-29T22:55:14.000,10.91,-7.23,2.1,19.52,20.33,10613,-32.88,-23.0,0.667
2024-04-29T22:56:14.000,10.91,-7.1,2.11,19.52,20.33,10614,-32.96,-23.0,0.666
2024-04-29T22:57:14.000,10.91,-6.81,2.11,19.52,20.33,10615,-33.05,-23.0,0.666
2024-04-29T22:58:14.000,10.92,-6.65,2.12,19.51,20.33,10616,-33.13,-23.0,0.666
2024-04-29T22:59:14.000,10.92,-6.58,2.13,19.51,20.33,10617,-33.21,-22.0,0.666
2024-04-29T23:00:14.000,10.9,-6.54,2.1,19.53,20.33,10618,-33.29,-22.0,0.666
2024-04-29T23:01:14.000,10.9,-6.46,2.09,19.53,20.33,10619,-33.38,-22.0,0.666
2024-04-29T23:02:15.000,10.88,-6.49,2.08,19.54,20.33,10620,-33.46,-22.0,0.666
2024-04-29T23:03:15.000,10.87,-6.36,2.07,19.54,20.33,10621,-33.54,-22.0,0.666
2024-04-29T23:04:15.000,10.88,-6.23,2.07,19.54,20.33,10622,-33.62,-22.0,0.666
2024-04-29T23:05:15.000,10.87,-6.28,2.06,19.55,20.33,10623,-33.69,-21.0,0.666
2024-04-29T23:06:15.000,10.86,-6.22,2.06,19.55,20.33,10624,-33.77,-21.0,0.666
2024-04-29T23:07:15.000,10.83,-6.25,2.05,19.55,20.33,10625,-33.85,-21.0,0.666
2024-04-29T23:08:15.000,10.82,-6.11,2.06,19.55,20.33,10626,-33.92,-21.0,0.666
2024-04-29T23:09:15.000,10.81,-5.93,2.09,19.53,20.33,10627,-34.0,-21.0,0.666
2024-04-29T23:10:15.000,10.8,-5.73,2.12,19.52,20.33,10628,-34.07,-20.0,0.665
2024-04-29T23:11:15.000,10.81,-5.46,2.13,19.51,20.33,10629,-34.14,-20.0,0.665
2024-04-29T23:12:15.000,10.82,-5.3,2.15,19.5,20.33,10630,-34.21,-20.0,0.665
2024-04-29T23:13:15.000,10.82,-5.15,2.17,19.49,20.33,10631,-34.29,-20.0,0.665
2024-04-29T23:14:15.000,10.81,-5.08,2.17,19.49,20.33,10632,-34.36,-20.0,0.665
2024-04-29T23:15:15.000,10.8,-5.04,2.15,19.5,20.33,10633,-34.42,-20.0,0.665
2024-04-29T23:16:16.000,10.8,-4.97,2.12,19.52,20.33,10634,-34.49,-19.0,0.665
2024-04-29T23:17:16.000,10.78,-5.01,2.11,19.52,20.33,10635,-34.56,-19.0,0.665
2024-04-29T23:18:16.000,10.78,-4.96,2.11,19.52,20.33,10636,-34.63,-19.0,0.665
2024-04-29T23:19:16.000,10.78,-4.95,2.11,19.52,20.33,10637,-34.69,-19.0,0.665
2024-04-29T23:20:16.000,10.77,-4.99,2.1,19.53,20.33,10638,-34.76,-19.0,0.665
2024-04-29T23:21:16.000,10.76,-5.05,2.1,19.53,20.33,10639,-34.82,-18.0,0.665
2024-04-29T23:22:16.000,10.76,-5.15,2.08,19.53,20.33,10640,-34.88,-18.0,0.665
2024-04-29T23:23:16.000,10.73,-5.34,2.08,19.54,20.33,10641,-34.95,-18.0,0.665
2024-04-29T23:24:16.000,10.71,-5.39,2.08,19.54,20.33,10642,-35.01,-18.0,0.664
2024-04-29T23:25:16.000,10.68,-5.55,2.08,19.53,20.33,10643,-35.07,-18.0,0.664
2024-04-29T23:26:16.000,10.67,-5.57,2.07,19.54,20.33,10644,-35.13,-18.0,0.664
2024-04-29T23:27:16.000,10.65,-5.64,2.05,19.55,20.33,10645,-35.18,-17.0,0.664
2024-04-29T23:28:16.000,10.63,-5.65,2.09,19.53,20.33,10646,-35.24,-17.0,0.664
2024-04-29T23:29:17.000,10.63,-5.55,2.11,19.52,20.33,10647,-35.3,-17.0,0.664
2024-04-29T23:30:17.000,10.64,-5.4,2.1,19.53,20.33,10648,-35.35,-17.0,0.664
2024-04-29T23:31:17.000,10.61,-5.53,2.09,19.53,20.33,10649,-35.41,-17.0,0.664
2024-04-29T23:32:17.000,10.6,-5.45,2.09,19.53,20.33,10650,-35.46,-17.0,0.664
2024-04-29T23:33:17.000,10.58,-5.54,2.09,19.53,20.33,10651,-35.51,-16.0,0.664
2024-04-29T23:34:17.000,10.57,-5.62,2.08,19.53,20.33,10652,-35.56,-16.0,0.664
2024-04-29T23:35:17.000,10.56,-5.72,2.07,19.54,20.33,10653,-35.61,-16.0,0.664
2024-04-29T23:36:17.000,10.54,-5.9,2.09,19.53,20.33,10654,-35.66,-16.0,0.664
2024-04-29T23:37:17.000,10.52,-6.09,2.11,19.52,20.33,10655,-35.71,-16.0,0.664
2024-04-29T23:38:17.000,10.49,-6.34,2.1,19.52,20.33,10656,-35.76,-16.0,0.663
2024-04-29T23:39:17.000,10.47,-6.66,2.06,19.54,20.33,10657,-35.81,-15.0,0.663
2024-04-29T23:40:17.000,10.44,-6.93,2.03,19.56,20.33,10658,-35.85,-15.0,0.663
2024-04-29T23:41:18.000,10.41,-7.21,2.0,19.58,20.33,10659,-35.9,-15.0,0.663
2024-04-29T23:42:18.000,10.38,-7.53,1.99,19.58,20.33,10660,-35.94,-15.0,0.663
2024-04-29T23:43:18.000,10.33,-7.92,2.0,19.58,20.33,10661,-35.98,-15.0,0.663
2024-04-29T23:44:18.000,10.27,-8.18,2.0,19.58,20.33,10662,-36.02,-14.0,0.663
2024-04-29T23:45:18.000,10.23,-8.45,2.0,19.58,20.33,10663,-36.07,-14.0,0.663
2024-04-29T23:46:18.000,10.2,-8.67,1.98,19.59,20.33,10664,-36.1,-14.0,0.663
2024-04-29T23:47:18.000,10.16,-8.81,1.96,19.6,20.33,10665,-36.14,-14.0,0.663
2024-04-29T23:48:18.000,10.13,-8.94,1.93,19.62,20.33,10666,-36.18,-14.0,0.663
2024-04-29T23:49:18.000,10.1,-8.94,1.92,19.62,20.33,10667,-36.22,-14.0,0.663
2024-04-29T23:50:18.000,10.06,-9.06,1.93,19.62,20.33,10668,-36.25,-13.0,0.663
2024-04-29T23:51:18.000,10.02,-9.15,1.95,19.61,20.33,10669,-36.29,-13.0,0.662
2024-04-29T23:52:18.000,10.05,-9.2,1.96,19.6,20.33,10670,-36.32,-13.0,0.662
2024-04-29T23:53:18.000,10.11,-9.26,1.97,19.6,20.33,10671,-36.35,-13.0,0.662
2024-04-29T23:54:19.000,10.1,-9.38,1.98,19.59,20.33,10672,-36.39,-13.0,0.662
2024-04-29T23:55:19.000,10.07,-9.51,1.99,19.58,20.33,10673,-36.42,-13.0,0.662
2024-04-29T23:56:19.000,10.01,-9.77,1.98,19.59,20.33,10674,-36.45,-12.0,0.662
2024-04-29T23:57:19.000,10.03,-10.0,1.96,19.6,20.33,10675,-36.48,-12.0,0.662
2024-04-29T23:58:19.000,10.08,-10.16,1.94,19.61,20.33,10676,-36.5,-12.0,0.662
2024-04-29T23:59:19.000,10.07,-10.4,1.92,19.62,20.33,10677,-36.53,-12.0,0.662
2024-04-30T00:00:19.000,10.02,-10.68,1.91,19.63,20.33,10678,-36.56,-12.0,0.662
2024-04-30T00:01:20.000,10.03,-11.0,1.88,19.64,20.33,10679,-36.58,-12.0,0.662
2024-04-30T00:02:19.000,10.12,-11.25,1.87,19.65,20.33,10680,-36.6,-11.0,0.662
2024-04-30T00:03:20.000,10.11,-11.43,1.87,19.65,20.33,10681,-36.63,-11.0,0.662
2024-04-30T00:04:20.000,10.02,-11.53,1.87,19.65,20.33,10682,-36.65,-11.0,0.662
2024-04-30T00:05:20.000,10.02,-11.69,1.87,19.65,20.33,10683,-36.67,-11.0,0.661
2024-04-30T00:06:20.000,10.15,-11.79,1.87,19.65,20.33,10684,-36.69,-11.0,0.661
2024-04-30T00:07:20.000,10.14,-11.81,1.89,19.64,20.33,10685,-36.71,-11.0,0.661
2024-04-30T00:08:20.000,10.06,-11.87,1.88,19.65,20.33,10686,-36.72,-10.0,0.661
2024-04-30T00:09:20.000,9.99,-11.92,1.85,19.66,20.33,10687,-36.74,-10.0,0.661
2024-04-30T00:10:20.000,10.11,-12.1,1.86,19.66,20.33,10688,-36.75,-10.0,0.661
2024-04-30T00:11:20.000,10.2,-12.07,1.85,19.66,20.33,10689,-36.77,-10.0,0.661
2024-04-30T00:12:20.000,10.15,-12.13,1.85,19.66,20.33,10690,-36.78,-10.0,0.661
2024-04-30T00:13:20.000,10.04,-12.13,1.84,19.67,20.33,10691,-36.79,-10.0,0.661
2024-04-30T00:14:20.000,10.0,-12.19,1.83,19.67,20.33,10692,-36.81,-9.0,0.661
2024-04-30T00:15:20.000,10.14,-12.27,1.83,19.68,20.33,10693,-36.82,-9.0,0.661
2024-04-30T00:16:20.000,10.15,-12.21,1.82,19.68,20.33,10694,-36.83,-9.0,0.661
2024-04-30T00:17:21.000,10.05,-12.27,1.82,19.68,20.33,10695,-36.83,-9.0,0.661
2024-04-30T00:18:21.000,9.99,-12.54,1.83,19.68,20.33,10696,-36.84,-9.0,0.661
2024-04-30T00:19:21.000,10.19,-12.49,1.83,19.68,20.33,10697,-36.85,-9.0,0.66
2024-04-30T00:20:21.000,10.24,-12.49,1.84,19.67,20.33,10698,-36.85,-8.0,0.66
2024-04-30T00:21:21.000,10.16,-12.45,1.84,19.67,20.33,10699,-36.86,-8.0,0.66
2024-04-30T00:22:21.000,10.03,-12.41,1.84,19.67,20.33,10700,-36.86,-8.0,0.66
2024-04-30T00:23:21.000,9.98,-12.62,1.84,19.67,20.33,10701,-36.86,-8.0,0.66
2024-04-30T00:24:21.000,10.19,-12.64,1.85,19.66,20.33,10702,-36.86,-8.0,0.66
2024-04-30T00:25:21.000,10.25,-12.6,1.85,19.66,20.33,10703,-36.86,-8.0,0.66
2024-04-30T00:26:22.000,10.16,-12.63,1.84,19.67,20.33,10704,-36.86,-7.0,0.66
2024-04-30T00:27:22.000,10.0,-12.63,1.84,19.67,20.33,10705,-36.86,-7.0,0.66
2024-04-30T00:28:22.000,10.03,-12.77,1.84,19.67,20.33,10706,-36.85,-7.0,0.66
2024-04-30T00:29:22.000,10.17,-12.85,1.84,19.67,20.33,10707,-36.85,-7.0,0.66
2024-04-30T00:30:22.000,10.12,-12.81,1.84,19.67,20.33,10708,-36.84,-7.0,0.66
2024-04-30T00:31:22.000,9.99,-12.85,1.84,19.67,20.33,10709,-36.84,-7.0,0.66
2024-04-30T00:32:22.000,10.08,-12.86,1.84,19.67,20.33,10710,-36.83,-6.0,0.66
2024-04-30T00:33:22.000,10.15,-12.98,1.84,19.67,20.33,10711,-36.82,-6.0,0.659
2024-04-30T00:34:22.000,10.1,-12.73,1.84,19.67,20.33,10712,-36.81,-6.0,0.659
2024-04-30T00:35:22.000,9.98,-13.01,1.84,19.67,20.33,10713,-36.8,-6.0,0.659
2024-04-30T00:36:22.000,10.05,-13.21,1.83,19.67,20.33,10714,-36.79,-6.0,0.659
2024-04-30T00:37:22.000,10.23,-13.04,1.83,19.68,20.33,10715,-36.78,-6.0,0.659
2024-04-30T00:38:22.000,10.19,-13.03,1.83,19.68,20.33,10716,-36.76,-5.0,0.659
2024-04-30T00:39:22.000,10.05,-12.92,1.83,19.68,20.33,10717,-36.75,-5.0,0.659
2024-04-30T00:40:23.000,9.97,-13.02,1.83,19.68,20.33,10718,-36.73,-5.0,0.659
2024-04-30T00:41:22.000,10.11,-13.26,1.83,19.68,20.33,10719,-36.72,-5.0,0.659
2024-04-30T00:42:23.000,10.1,-13.33,1.83,19.68,20.33,10720,-36.7,-5.0,0.659
2024-04-30T00:43:23.000,9.97,-13.38,1.82,19.68,20.33,10721,-36.68,-5.0,0.659
2024-04-30T00:44:23.000,10.06,-13.3,1.82,19.68,20.33,10722,-36.66,-4.0,0.659
2024-04-30T00:45:23.000,10.21,-13.25,1.82,19.68,20.33,10723,-36.64,-4.0,0.659
2024-04-30T00:46:23.000,10.18,-13.23,1.81,19.68,20.33,10724,-36.62,-4.0,0.659
2024-04-30T00:47:23.000,10.01,-13.35,1.81,19.69,20.33,10725,-36.6,-4.0,0.658
2024-04-30T00:48:23.000,9.98,-13.54,1.81,19.68,20.33,10726,-36.57,-4.0,0.658
2024-04-30T00:49:23.000,10.18,-13.65,1.81,19.68,20.33,10727,-36.55,-4.0,0.658
2024-04-30T00:50:23.000,10.17,-13.61,1.81,19.69,20.33,10728,-36.52,-3.0,0.658
2024-04-30T00:51:23.000,10.04,-13.48,1.82,19.68,20.33,10729,-36.49,-3.0,0.658
2024-04-30T00:52:24.000,9.99,-13.49,1.82,19.68,20.33,10730,-36.47,-3.0,0.658
2024-04-30T00:53:23.000,10.15,-13.71,1.81,19.69,20.33,10731,-36.44,-3.0,0.658
2024-04-30T00:54:24.000,10.11,-13.74,1.82,19.68,20.33,10732,-36.41,-3.0,0.658
2024-04-30T00:55:24.000,9.97,-13.73,1.82,19.68,20.33,10733,-36.38,-3.0,0.658
2024-04-30T00:56:24.000,10.03,-14.13,1.81,19.69,20.33,10734,-36.34,-2.0,0.658
2024-04-30T00:57:24.000,10.21,-13.85,1.81,19.69,20.33,10735,-36.31,-2.0,0.658
2024-04-30T00:58:24.000,10.17,-13.72,1.81,19.69,20.33,10736,-36.28,-2.0,0.658
2024-04-30T00:59:24.000,10.01,-13.76,1.82,19.68,20.33,10737,-36.24,-2.0,0.658
2024-04-30T01:00:24.000,9.98,-14.0,1.82,19.68,20.33,10738,-36.21,-2.0,0.658
2024-04-30T01:01:24.000,10.14,-14.22,1.82,19.68,20.33,10739,-36.17,-2.0,0.657
2024-04-30T01:02:24.000,10.07,-14.21,1.82,19.68,20.33,10740,-36.13,-2.0,0.657
2024-04-30T01:03:24.000,9.97,-14.04,1.83,19.68,20.33,10741,-36.09,-1.0,0.657
2024-04-30T01:04:24.000,10.1,-14.21,1.83,19.68,20.33,10742,-36.05,-1.0,0.657
2024-04-30T01:05:24.000,10.13,-14.16,1.83,19.68,20.33,10743,-36.01,-1.0,0.657
2024-04-30T01:06:24.000,9.98,-14.08,1.83,19.67,20.33,10744,-35.97,-1.0,0.657
2024-04-30T01:07:24.000,10.05,-14.15,1.84,19.67,20.33,10745,-35.93,-1.0,0.657
2024-04-30T01:08:24.000,10.14,-14.09,1.84,19.67,20.33,10746,-35.88,-1.0,0.657
2024-04-30T01:09:25.000,10.03,-13.89,1.85,19.66,20.33,10747,-35.84,-0.0,0.657
2024-04-30T01:10:25.000,9.94,-14.37,1.85,19.66,20.33,10748,-35.79,-0.0,0.657
2024-04-30T01:11:25.000,10.14,-14.3,1.85,19.66,20.33,10749,-35.74,-0.0,0.657
2024-04-30T01:12:25.000,10.21,-14.13,1.86,19.66,20.33,10750,-35.7,0.0,0.657
2024-04-30T01:13:25.000,10.06,-14.11,1.87,19.65,20.33,10751,-35.65,0.0,0.657
2024-04-30T01:14:25.000,9.96,-14.24,1.87,19.65,20.33,10752,-35.6,0.0,0.657
2024-04-30T01:15:25.000,10.09,-14.48,1.87,19.65,20.33,10753,-35.55,0.0,0.656
2024-04-30T01:16:25.000,10.17,-14.08,1.87,19.65,20.33,10754,-35.49,1.0,0.656
2024-04-30T01:17:25.000,10.06,-14.05,1.88,19.65,20.33,10755,-35.44,1.0,0.656
2024-04-30T01:18:25.000,9.94,-14.28,1.88,19.65,20.33,10756,-35.39,1.0,0.656
2024-04-30T01:19:25.000,10.12,-14.3,1.89,19.64,20.33,10757,-35.33,1.0,0.656
2024-04-30T01:20:25.000,10.19,-14.15,1.89,19.64,20.33,10758,-35.28,1.0,0.656
2024-04-30T01:21:25.000,10.04,-14.08,1.9,19.64,20.33,10759,-35.22,1.0,0.656
2024-04-30T01:22:26.000,9.92,-14.19,1.9,19.63,20.33,10760,-35.16,2.0,0.656
2024-04-30T01:23:26.000,10.13,-14.15,1.91,19.63,20.33,10761,-35.11,2.0,0.656
2024-04-30T01:24:26.000,10.19,-14.07,1.91,19.63,20.33,10762,-35.05,2.0,0.656
2024-04-30T01:25:26.000,10.03,-14.11,1.92,19.62,20.33,10763,-34.99,2.0,0.656
2024-04-30T01:26:26.000,9.96,-14.24,1.94,19.61,20.33,10764,-34.92,2.0,0.656
2024-04-30T01:27:27.000,10.13,-14.28,1.94,19.61,20.33,10765,-34.86,2.0,0.656
2024-04-30T01:28:26.000,10.18,-14.03,1.95,19.61,20.33,10766,-34.8,2.0,0.656
2024-04-30T01:29:26.000,10.02,-14.13,1.96,19.6,20.33,10767,-34.74,3.0,0.655
2024-04-30T01:30:26.000,9.94,-14.35,1.97,19.6,20.33,10768,-34.67,3.0,0.655
2024-04-30T01:31:26.000,10.15,-14.3,1.97,19.59,20.33,10769,-34.61,3.0,0.655
2024-04-30T01:32:26.000,10.19,-14.12,1.96,19.6,20.33,10770,-34.54,3.0,0.655
2024-04-30T01:33:26.000,10.02,-14.08,1.98,19.59,20.33,10771,-34.47,3.0,0.655
2024-04-30T01:34:27.000,9.94,-14.2,1.98,19.59,20.33,10772,-34.4,3.0,0.655
2024-04-30T01:35:27.000,10.13,-14.22,1.99,19.58,20.33,10773,-34.33,3.0,0.655
2024-04-30T01:36:27.000,10.16,-13.93,2.0,19.58,20.33,10774,-34.26,4.0,0.655
2024-04-30T01:37:27.000,10.0,-13.85,2.01,19.57,20.33,10775,-34.19,4.0,0.655
2024-04-30T01:38:27.000,9.95,-13.89,2.03,19.56,20.33,10776,-34.12,4.0,0.655
2024-04-30T01:39:27.000,10.18,-13.69,2.06,19.55,20.33,10777,-34.05,4.0,0.655
2024-04-30T01:40:28.000,10.18,-13.53,2.09,19.53,20.33,10778,-33.97,4.0,0.655
2024-04-30T01:41:27.000,10.01,-13.37,2.12,19.52,20.33,10779,-33.9,4.0,0.655
2024-04-30T01:42:28.000,9.95,-13.46,2.14,19.51,20.33,10780,-33.82,4.0,0.655
2024-04-30T01:43:28.000,10.14,-13.43,2.21,19.47,20.33,10781,-33.74,5.0,0.654
2024-04-30T01:44:28.000,10.15,-13.25,2.23,19.46,20.33,10782,-33.67,5.0,0.654
2024-04-30T01:45:28.000,10.0,-13.12,2.25,19.45,20.33,10783,-33.59,5.0,0.654
2024-04-30T01:46:28.000,9.97,-13.3,2.29,19.43,20.33,10784,-33.51,5.0,0.654
2024-04-30T01:47:28.000,10.17,-13.21,2.35,19.4,20.33,10785,-33.43,5.0,0.654
2024-04-30T01:48:29.000,10.13,-13.13,2.4,19.38,20.33,10786,-33.35,5.0,0.654
2024-04-30T01:49:29.000,9.96,-12.98,2.45,19.36,20.33,10787,-33.27,5.0,0.654
2024-04-30T01:50:29.000,10.03,-13.06,2.5,19.34,20.33,10788,-33.18,6.0,0.654
2024-04-30T01:51:29.000,10.19,-12.8,2.56,19.31,20.33,10789,-33.1,6.0,0.654
2024-04-30T01:52:29.000,10.1,-12.72,2.64,19.28,20.33,10790,-33.02,6.0,0.654
2024-04-30T01:53:29.000,9.93,-12.76,2.7,19.25,20.33,10791,-32.93,6.0,0.654
2024-04-30T01:54:30.000,10.08,-12.78,2.73,19.24,20.33,10792,-32.84,6.0,0.654
2024-04-30T01:55:30.000,10.21,-12.54,2.75,19.23,20.33,10793,-32.76,6.0,0.654
2024-04-30T01:56:30.000,10.1,-12.49,2.77,19.22,20.33,10794,-32.67,6.0,0.654
2024-04-30T01:57:30.000,9.94,-12.49,2.79,19.22,20.33,10795,-32.58,7.0,0.653
2024-04-30T01:58:31.000,10.08,-12.69,2.73,19.24,20.33,10796,-32.49,7.0,0.653
2024-04-30T01:59:30.000,10.17,-12.67,2.69,19.26,20.33,10797,-32.4,7.0,0.653
2024-04-30T02:00:31.000,10.05,-12.55,2.63,19.28,20.33,10798,-32.31,7.0,0.653
2024-04-30T02:01:31.000,9.9,-13.05,2.61,19.29,20.33,10799,-32.22,7.0,0.653
2024-04-30T02:02:31.000,10.09,-13.15,2.52,19.33,20.33,10800,-32.13,7.0,0.653
2024-04-30T02:03:31.000,10.17,-13.34,2.47,19.35,20.33,10801,-32.03,7.0,0.653
2024-04-30T02:04:31.000,10.02,-13.39,2.43,19.37,20.33,10802,-31.94,8.0,0.653
2024-04-30T02:05:31.000,9.96,-13.56,2.4,19.38,20.33,10803,-31.84,8.0,0.653
2024-04-30T02:06:31.000,10.12,-13.81,2.42,19.37,20.33,10804,-31.75,8.0,0.653
2024-04-30T02:07:31.000,10.07,-13.57,2.41,19.38,20.33,10805,-31.65,8.0,0.653
2024-04-30T02:08:32.000,9.96,-13.36,2.42,19.37,20.33,10806,-31.55,8.0,0.653
2024-04-30T02:09:32.000,10.08,-13.54,2.46,19.36,20.33,10807,-31.46,8.0,0.653
2024-04-30T02:10:32.000,10.06,-13.28,2.51,19.33,20.33,10808,-31.36,8.0,0.652
2024-04-30T02:11:33.000,9.96,-13.09,2.52,19.33,20.33,10809,-31.26,9.0,0.652
2024-04-30T02:12:32.000,10.12,-12.92,2.54,19.32,20.33,10810,-31.16,9.0,0.652
2024-04-30T02:13:32.000,10.16,-12.49,2.65,19.28,20.33,10811,-31.06,9.0,0.652
2024-04-30T02:14:33.000,10.0,-12.22,2.73,19.24,20.33,10812,-30.95,9.0,0.652
2024-04-30T02:15:33.000,9.98,-12.0,2.81,19.21,20.33,10813,-30.85,9.0,0.652
2024-04-30T02:16:33.000,10.15,-11.81,2.87,19.19,20.33,10814,-30.75,9.0,0.652
2024-04-30T02:17:33.000,10.12,-11.31,2.99,19.14,20.33,10815,-30.64,9.0,0.652
