ecsv/stars835/stars835_2025-04.ecsv
# %ECSV 1.0
# ---
# datatype:
# - {name: time, datatype: string}
# - {name: Enclosure Temperature, unit: deg_C, datatype: float64}
# - {name: Sky Temperature, unit: deg_C, datatype: float64}
# - {name: Frequency, unit: Hz, datatype: float64}
# - {name: MSAS, unit: mag / arcsec2, datatype: float64}
# - {name: ZP, datatype: float64}
# - {name: Sequence Number, datatype: int64}
# - {name: Sun Alt, unit: deg, datatype: float64}
# - {name: Moon Alt, unit: deg, datatype: float64}
# - {name: Moon Illumination, datatype: float64}
# delimiter: ','
# meta: !!omap
# - ida:
#     Data supplier: {affiliation: "Diputaci\xF3n de Badajoz", observer: "Alejandro Pe\xF1a Paredes"}
#     Device type: TESS-W
#     Field of view: 17.0
#     Filters per channel: None
#     Instrument ID: stars835
#     License: ODbL 1.0 http://opendatacommons.org/licenses/odbl/summary/
#     Local timezone: Europe/Madrid
#     Location name: {country: Spain, place: Ayuntamiento, region: Extremadura, sub_region: 'Sierra Suroeste, Badajoz', town: Oliva de
#         la Frontera}
#     Measurement direction per channel: {azimuth: 0.0, zenital: 0.0}
#     Moving / Fixed look direction: FIXED
#     Moving / Stationary position: STATIONARY
#     Number of channels: 1
#     Number of fields per line: 8
#     Number of header lines: 35
#     Position: {height: 0.0, latitude: 38.276969, longitude: -6.91978}
#     TESS MAC address: E8:DB:84:82:FB:35
#     TESS cover offset value: 0.0
#     TESS firmware version: '1.0'
#     TESS zero point: 20.33
#     Time Synchronization: timestamp added by MQTT subscriber
#     URL: http://www.darksky.org/NSBM/sdf1.0.pdf
# - __serialized_columns__:
#     Enclosure Temperature:
#       __class__: astropy.units.quantity.Quantity
#       unit: &id001 !astropy.units.Unit {unit: deg_C}
#       value: !astropy.table.SerializedColumn {name: Enclosure Temperature}
#     Frequency:
#       __class__: astropy.units.quantity.Quantity
#       unit: !astropy.units.Unit {unit: Hz}
#       value: !astropy.table.SerializedColumn {name: Frequency}
#     MSAS:
#       __class__: astropy.units.quantity.Quantity
#       unit: !astropy.units.Unit {unit: mag / arcsec2}
#       value: !astropy.table.SerializedColumn {name: MSAS}
#     Moon Alt:
#       __class__: astropy.units.quantity.Quantity
#       unit: &id002 !astropy.units.Unit {unit: deg}
#       value: !astropy.table.SerializedColumn {name: Moon Alt}
#     Sky Temperature:
#       __class__: astropy.units.quantity.Quantity
#       unit: *id001
#       value: !astropy.table.SerializedColumn {name: Sky Temperature}
#     Sun Alt:
#       __class__: astropy.units.quantity.Quantity
#       unit: *id002
#       value: !astropy.table.SerializedColumn {name: Sun Alt}
#     time:
#       __class__: astropy.time.core.Time
#       format: isot
#       in_subfmt: '*'
#       out_subfmt: '*'
#       precision: 3
#       scale: utc
#       value: !astropy.table.SerializedColumn {name: time}
# schema: astropy-2.0
time,Enclosure Temperature,Sky Temperature,Frequency,MSAS,ZP,Sequence Number,Sun Alt,Moon Alt,Moon Illumination
[from data line 5964]
2025-04-12T00:50:31.000,17.95,6.98,28.26,16.7,20.33,2783,-42.74,43.0,0.991
2025-04-12T00:51:36.000,18.09,7.28,29.04,16.68,20.33,2784,-42.71,43.0,0.991
2025-04-12T00:52:45.000,18.18,7.43,29.05,16.67,20.33,2785,-42.68,43.0,0.991
2025-04-12T01:11:21.000,18.33,6.17,22.26,16.96,20.33,2802,-41.96,41.0,0.992
2025-04-12T01:12:20.000,18.33,7.28,26.85,16.76,20.33,2803,-41.91,41.0,0.992
2025-04-12T01:18:04.000,18.6,10.19,35.31,16.46,20.33,2808,-41.61,40.0,0.992
2025-04-12T01:19:04.000,18.69,9.91,34.8,16.48,20.33,2809,-41.55,40.0,0.992
2025-04-12T01:20:04.000,18.69,9.35,36.04,16.44,20.33,2810,-41.49,40.0,0.992
2025-04-12T01:21:04.000,18.75,8.39,31.13,16.6,20.33,2811,-41.44,40.0,0.992
2025-04-12T01:22:04.000,18.74,7.48,25.93,16.8,20.33,2812,-41.38,40.0,0.992
2025-04-12T01:23:04.000,18.64,6.92,22.21,16.96,20.33,2813,-41.32,40.0,0.992
2025-04-12T01:24:04.000,18.47,6.85,25.82,16.8,20.33,2814,-41.25,40.0,0.992
2025-04-12T01:25:04.000,18.24,7.06,30.21,16.63,20.33,2815,-41.19,40.0,0.992
2025-04-12T01:26:05.000,17.97,7.29,30.58,16.62,20.33,2816,-41.13,40.0,0.992
2025-04-12T01:27:05.000,17.73,7.08,29.16,16.67,20.33,2817,-41.06,39.0,0.992
2025-04-12T01:28:05.000,17.5,6.21,32.58,16.55,20.33,2818,-41.0,39.0,0.992
2025-04-12T01:29:05.000,17.27,4.78,31.59,16.58,20.33,2819,-40.93,39.0,0.992
2025-04-12T01:30:06.000,17.05,3.23,24.83,16.84,20.33,2820,-40.86,39.0,0.992
2025-04-12T01:31:05.000,16.81,2.02,21.92,16.98,20.33,2821,-40.79,39.0,0.992
2025-04-12T01:32:05.000,16.59,1.54,21.48,17.0,20.33,2822,-40.72,39.0,0.992
2025-04-12T01:33:06.000,16.38,1.34,21.22,17.01,20.33,2823,-40.65,39.0,0.992
2025-04-12T01:34:08.000,16.2,1.27,21.08,17.02,20.33,2824,-40.58,39.0,0.992
2025-04-12T01:35:08.000,16.03,1.2,20.55,17.05,20.33,2825,-40.5,39.0,0.992
2025-04-12T01:36:08.000,15.89,1.18,20.48,17.05,20.33,2826,-40.43,38.0,0.992
2025-04-12T01:37:09.000,15.77,1.13,20.66,17.04,20.33,2827,-40.35,38.0,0.992
2025-04-12T01:38:08.000,15.65,1.06,20.32,17.06,20.33,2828,-40.28,38.0,0.992
2025-04-12T01:39:09.000,15.54,1.05,20.16,17.07,20.33,2829,-40.2,38.0,0.992
2025-04-12T01:40:08.000,15.45,1.1,20.16,17.07,20.33,2830,-40.12,38.0,0.992
2025-04-12T01:41:09.000,15.37,1.18,19.85,17.09,20.33,2831,-40.04,38.0,0.992
2025-04-12T01:42:09.000,15.31,1.19,19.73,17.09,20.33,2832,-39.96,38.0,0.992
2025-04-12T01:43:09.000,15.26,1.27,19.12,17.13,20.33,2833,-39.88,38.0,0.992
2025-04-12T01:44:09.000,15.22,1.29,18.68,17.15,20.33,2834,-39.8,37.0,0.992
2025-04-12T01:45:09.000,15.13,1.07,19.15,17.13,20.33,2835,-39.72,37.0,0.992
2025-04-12T01:46:10.000,15.06,1.06,18.37,17.17,20.33,2836,-39.63,37.0,0.992
2025-04-12T01:47:18.000,14.95,0.91,19.4,17.11,20.33,2837,-39.54,37.0,0.992
2025-04-12T01:48:25.000,14.85,0.96,21.39,17.0,20.33,2838,-39.44,37.0,0.992
2025-04-12T01:49:32.000,14.8,1.15,20.83,17.03,20.33,2839,-39.35,37.0,0.992
2025-04-12T01:50:32.000,14.76,1.31,21.19,17.02,20.33,2840,-39.26,37.0,0.992
2025-04-12T01:51:33.000,14.72,1.51,20.31,17.06,20.33,2841,-39.17,37.0,0.992
2025-04-12T01:52:38.000,14.7,1.61,20.19,17.07,20.33,2842,-39.07,36.0,0.992
2025-04-12T01:53:37.000,14.68,1.63,20.57,17.05,20.33,2843,-38.98,36.0,0.992
2025-04-12T01:54:38.000,14.65,1.66,20.39,17.06,20.33,2844,-38.89,36.0,0.992
2025-04-12T01:55:38.000,14.61,1.58,21.13,17.02,20.33,2845,-38.8,36.0,0.992
2025-04-12T01:56:39.000,14.57,1.61,20.5,17.05,20.33,2846,-38.7,36.0,0.992
2025-04-12T01:57:41.000,14.53,1.67,21.03,17.02,20.33,2847,-38.61,36.0,0.992
2025-04-12T01:58:40.000,14.49,1.69,21.66,16.99,20.33,2848,-38.51,36.0,0.992
2025-04-12T01:59:41.000,14.46,1.7,20.3,17.06,20.33,2849,-38.42,35.0,0.992
2025-04-12T02:01:46.000,14.41,1.61,20.9,17.03,20.33,2851,-38.21,35.0,0.992
2025-04-12T02:02:47.000,14.38,1.54,20.33,17.06,20.33,2852,-38.11,35.0,0.992
2025-04-12T02:03:46.000,14.36,1.48,19.62,17.1,20.33,2853,-38.02,35.0,0.992
2025-04-12T02:04:46.000,14.33,1.4,19.35,17.11,20.33,2854,-37.92,35.0,0.992
2025-04-12T02:16:31.000,16.23,1.11,15.74,17.34,20.33,2865,-36.68,33.0,0.992
2025-04-12T02:20:49.000,16.43,1.55,18.49,17.16,20.33,2869,-36.2,33.0,0.992
2025-04-12T02:32:33.000,17.14,1.39,16.93,17.26,20.33,2880,-34.82,31.0,0.992
2025-04-12T02:33:33.000,17.22,1.43,15.86,17.33,20.33,2881,-34.69,31.0,0.992
2025-04-12T02:45:52.000,15.17,1.43,16.15,17.31,20.33,2892,-33.13,29.0,0.993
2025-04-12T03:07:29.000,17.18,2.58,15.41,17.36,20.33,2911,-30.16,25.0,0.993
2025-04-12T03:19:12.000,17.14,2.2,13.89,17.47,20.33,2922,-28.44,23.0,0.993
2025-04-12T03:20:12.000,17.16,2.18,14.36,17.44,20.33,2923,-28.29,23.0,0.993
2025-04-12T03:21:13.000,17.11,2.23,14.45,17.43,20.33,2924,-28.14,23.0,0.993
2025-04-12T03:22:13.000,16.96,2.24,13.33,17.52,20.33,2925,-27.98,23.0,0.993
2025-04-12T03:23:13.000,16.74,2.19,12.84,17.56,20.33,2926,-27.83,23.0,0.993
2025-04-12T03:24:13.000,16.49,2.22,13.2,17.53,20.33,2927,-27.68,23.0,0.993
2025-04-12T03:25:13.000,16.25,2.24,14.21,17.45,20.33,2928,-27.53,22.0,0.993
2025-04-12T03:26:13.000,16.0,2.19,15.16,17.38,20.33,2929,-27.38,22.0,0.993
2025-04-12T03:27:13.000,15.75,2.07,14.61,17.42,20.33,2930,-27.22,22.0,0.993
2025-04-12T03:28:14.000,15.54,2.01,14.11,17.46,20.33,2931,-27.07,22.0,0.993
2025-04-12T03:29:15.000,15.35,1.94,14.16,17.45,20.33,2932,-26.91,22.0,0.993
2025-04-12T03:30:15.000,15.18,1.89,14.94,17.4,20.33,2933,-26.75,21.0,0.993
2025-04-12T03:31:16.000,15.02,1.76,13.73,17.49,20.33,2934,-26.6,21.0,0.993
2025-04-12T03:32:15.000,14.87,1.62,12.95,17.55,20.33,2935,-26.44,21.0,0.993
2025-04-12T03:33:15.000,14.71,1.53,14.46,17.43,20.33,2936,-26.29,21.0,0.993
2025-04-12T03:34:16.000,14.59,1.6,15.58,17.35,20.33,2937,-26.13,21.0,0.993
2025-04-12T03:35:17.000,14.48,1.57,14.46,17.43,20.33,2938,-25.97,21.0,0.993
2025-04-12T03:36:16.000,14.39,1.56,13.03,17.54,20.33,2939,-25.81,20.0,0.993
2025-04-12T03:38:29.000,14.23,1.5,12.37,17.6,20.33,2941,-25.46,20.0,0.993
2025-04-12T03:39:29.000,14.27,1.49,11.97,17.64,20.33,2942,-25.3,20.0,0.993
2025-04-12T03:40:29.000,14.37,1.59,11.28,17.7,20.33,2943,-25.14,20.0,0.993
2025-04-12T03:41:30.000,14.42,1.7,11.5,17.68,20.33,2944,-24.98,20.0,0.993
2025-04-12T03:45:05.000,14.43,1.49,12.95,17.55,20.33,2947,-24.41,19.0,0.993
2025-04-12T03:46:06.000,14.47,1.48,11.34,17.7,20.33,2948,-24.24,19.0,0.993
2025-04-12T03:48:19.000,14.64,2.41,11.26,17.7,20.33,2950,-23.88,18.0,0.993
2025-04-12T03:49:20.000,14.75,3.97,15.19,17.4,20.33,2951,-23.72,18.0,0.993
2025-04-12T03:50:19.000,14.94,6.49,19.98,17.08,20.33,2952,-23.56,18.0,0.993
2025-04-12T03:52:33.000,15.46,11.22,31.82,16.58,20.33,2954,-23.19,18.0,0.993
2025-04-12T03:53:32.000,15.69,12.01,30.0,16.64,20.33,2955,-23.03,17.0,0.993
2025-04-12T03:54:32.000,15.86,12.17,32.21,16.56,20.33,2956,-22.86,17.0,0.993
2025-04-12T03:55:33.000,15.99,12.45,34.88,16.47,20.33,2957,-22.7,17.0,0.993
2025-04-12T03:56:33.000,16.07,12.51,34.66,16.48,20.33,2958,-22.53,17.0,0.993
2025-04-12T03:57:33.000,16.14,12.55,36.54,16.42,20.33,2959,-22.37,17.0,0.993
2025-04-12T03:58:33.000,16.15,12.26,33.76,16.51,20.33,2960,-22.2,17.0,0.993
2025-04-12T03:59:34.000,16.13,12.45,33.94,16.51,20.33,2961,-22.03,16.0,0.993
2025-04-12T04:00:34.000,16.12,12.53,35.76,16.45,20.33,2962,-21.86,16.0,0.993
2025-04-12T04:01:34.000,16.14,11.95,28.28,16.71,20.33,2963,-21.7,16.0,0.993
2025-04-12T04:02:35.000,16.14,11.26,21.9,16.98,20.33,2964,-21.52,16.0,0.993
2025-04-12T04:03:35.000,16.15,11.39,23.23,16.92,20.33,2965,-21.36,16.0,0.993
2025-04-12T04:04:34.000,16.12,11.46,25.39,16.82,20.33,2966,-21.19,15.0,0.993
2025-04-12T04:05:35.000,16.15,11.75,26.84,16.76,20.33,2967,-21.02,15.0,0.993
2025-04-12T04:06:35.000,16.15,11.48,26.88,16.76,20.33,2968,-20.85,15.0,0.993
2025-04-12T04:07:36.000,16.12,10.55,23.5,16.9,20.33,2969,-20.68,15.0,0.993
2025-04-12T04:08:36.000,16.09,10.33,17.83,17.2,20.33,2970,-20.51,15.0,0.994
2025-04-12T04:09:36.000,16.11,11.44,25.34,16.83,20.33,2971,-20.34,15.0,0.994
2025-04-12T04:10:36.000,16.14,11.95,25.9,16.8,20.33,2972,-20.17,14.0,0.994
2025-04-12T04:37:01.000,18.22,6.69,7.92,18.08,20.33,2994,-15.56,10.0,0.994
2025-04-12T04:41:41.000,18.17,7.29,8.34,18.03,20.33,2998,-14.72,9.0,0.994
2025-04-12T04:55:57.000,19.52,11.09,7.76,18.11,20.33,3011,-12.14,6.0,0.994
2025-04-12T04:56:57.000,19.7,11.18,7.97,18.08,20.33,3012,-11.96,6.0,0.994
2025-04-12T05:10:01.000,20.67,11.57,14.84,17.4,20.33,3024,-9.55,3.0,0.994
2025-04-12T05:25:21.000,20.54,11.27,203.69,14.56,20.33,3038,-6.69,0.0,0.994
2025-04-12T05:33:58.000,18.94,11.02,1619.25,12.31,20.33,3046,-5.06,-1.0,0.994
2025-04-12T05:49:19.000,18.91,4.15,36947.08,8.91,20.33,3060,-2.13,-4.0,0.994
2025-04-12T06:04:17.000,18.74,2.28,50000.0,0.0,20.33,3074,0.74,-7.0,0.995
2025-04-12T06:11:29.000,17.89,3.48,50000.0,0.0,20.33,3080,2.14,-8.0,0.995
2025-04-12T06:12:28.000,17.89,3.81,50000.0,0.0,20.33,3081,2.33,-9.0,0.995
2025-04-12T06:22:33.000,16.39,6.12,50000.0,0.0,20.33,3090,4.29,-11.0,0.995
2025-04-12T06:32:03.000,18.05,11.48,50000.0,0.0,20.33,3098,6.14,-12.0,0.995
2025-04-12T06:33:03.000,18.18,12.17,50000.0,0.0,20.33,3099,6.33,-13.0,0.995
2025-04-12T06:44:48.000,20.09,13.39,50000.0,0.0,20.33,3110,8.63,-15.0,0.995
2025-04-12T06:45:48.000,20.22,13.23,50000.0,0.0,20.33,3111,8.83,-15.0,0.995
2025-04-12T06:46:48.000,20.36,13.32,50000.0,0.0,20.33,3112,9.02,-15.0,0.995
2025-04-12T06:49:03.000,20.46,13.28,49732.87,0.09,20.33,3114,9.46,-16.0,0.995
2025-04-12T06:50:02.000,20.5,13.31,50000.0,0.0,20.33,3115,9.66,-16.0,0.995
2025-04-12T06:51:04.000,20.59,13.5,50000.0,0.0,20.33,3116,9.86,-16.0,0.995
2025-04-12T06:52:17.000,20.7,13.6,50000.0,0.0,20.33,3117,10.1,-16.0,0.995
2025-04-12T06:53:18.000,20.8,13.48,50000.0,0.0,20.33,3118,10.3,-16.0,0.995
2025-04-12T06:54:17.000,20.79,13.34,49731.29,0.09,20.33,3119,10.49,-17.0,0.995
2025-04-12T06:55:23.000,20.7,13.69,50000.0,0.0,20.33,3120,10.71,-17.0,0.995
2025-04-12T06:56:23.000,20.56,13.63,50000.0,0.0,20.33,3121,10.9,-17.0,0.995
2025-04-12T06:57:23.000,20.46,13.46,49719.25,0.09,20.33,3122,11.1,-17.0,0.995
2025-04-12T06:58:23.000,20.4,13.36,50000.0,0.0,20.33,3123,11.29,-17.0,0.995
2025-04-12T06:59:25.000,20.29,13.02,50000.0,0.0,20.33,3124,11.5,-18.0,0.995
2025-04-12T07:00:25.000,20.21,13.54,50000.0,0.0,20.33,3125,11.69,-18.0,0.995
2025-04-12T09:26:57.000,21.48,14.83,50000.0,0.0,20.33,3271,39.8,-45.0,0.996
2025-04-12T09:27:58.000,21.44,14.61,50000.0,0.0,20.33,3272,39.99,-45.0,0.996
2025-04-12T09:28:58.000,21.39,14.67,50000.0,0.0,20.33,3273,40.17,-45.0,0.996
2025-04-12T09:32:12.000,21.16,14.58,50000.0,0.0,20.33,3276,40.74,-45.0,0.996
2025-04-12T09:33:12.000,21.05,14.34,50000.0,0.0,20.33,3277,40.92,-46.0,0.996
2025-04-12T09:34:12.000,21.07,14.85,50000.0,0.0,20.33,3278,41.1,-46.0,0.996
2025-04-12T14:12:20.000,21.96,15.82,50000.0,0.0,20.33,3555,52.47,-50.0,0.998
2025-04-12T14:13:20.000,21.29,13.66,50000.0,0.0,20.33,3556,52.33,-50.0,0.998
2025-04-12T14:14:20.000,20.32,13.47,50000.0,0.0,20.33,3557,52.19,-50.0,0.998
2025-04-12T14:16:28.000,19.23,16.08,50000.0,0.0,20.33,3559,51.89,-49.0,0.998
2025-04-12T14:17:29.000,19.12,16.68,50000.0,0.0,20.33,3560,51.74,-49.0,0.998
2025-04-12T14:18:29.000,19.13,16.96,50000.0,0.0,20.33,3561,51.6,-49.0,0.998
2025-04-12T14:29:31.000,18.38,13.64,50000.0,0.0,20.33,3572,49.96,-48.0,0.998
2025-04-12T14:30:32.000,18.32,13.11,50000.0,0.0,20.33,3573,49.81,-47.0,0.998
2025-04-12T14:31:32.000,18.33,12.8,50000.0,0.0,20.33,3574,49.66,-47.0,0.998
2025-04-12T14:43:14.000,20.93,11.85,50000.0,0.0,20.33,3585,47.82,-45.0,0.998
2025-04-12T14:44:14.000,20.88,13.08,50000.0,0.0,20.33,3586,47.66,-45.0,0.998
2025-04-12T14:45:15.000,20.83,14.38,50000.0,0.0,20.33,3587,47.5,-45.0,0.998
2025-04-12T14:46:18.000,20.84,14.78,50000.0,0.0,20.33,3588,47.33,-45.0,0.998
2025-04-12T14:50:57.000,21.0,14.24,50000.0,0.0,20.33,3592,46.57,-44.0,0.998
2025-04-12T14:51:58.000,21.14,14.42,50000.0,0.0,20.33,3593,46.4,-44.0,0.998
2025-04-12T15:03:40.000,23.24,15.12,50000.0,0.0,20.33,3604,44.44,-42.0,0.998
2025-04-12T15:04:40.000,23.33,14.43,50000.0,0.0,20.33,3605,44.27,-42.0,0.998
2025-04-12T15:05:40.000,23.37,13.7,50000.0,0.0,20.33,3606,44.1,-42.0,0.998
2025-04-12T17:01:08.000,16.58,15.15,50000.0,0.0,20.33,3721,22.6,-21.0,0.999
2025-04-12T17:02:08.000,16.61,15.36,50000.0,0.0,20.33,3722,22.41,-21.0,0.999
2025-04-12T17:03:08.000,16.61,15.21,50000.0,0.0,20.33,3723,22.21,-20.0,0.999
2025-04-12T17:05:25.000,16.56,15.14,50000.0,0.0,20.33,3725,21.77,-20.0,0.999
2025-04-12T17:06:26.000,16.58,15.25,50000.0,0.0,20.33,3726,21.57,-20.0,0.999
2025-04-12T17:07:26.000,16.63,15.48,50000.0,0.0,20.33,3727,21.37,-20.0,0.999
2025-04-12T17:11:27.000,16.68,15.25,50000.0,0.0,20.33,3731,20.59,-19.0,0.999
2025-04-12T17:12:27.000,16.64,15.21,50000.0,0.0,20.33,3732,20.39,-19.0,0.999
2025-04-12T17:13:27.000,16.63,15.19,50000.0,0.0,20.33,3733,20.2,-18.0,0.999
2025-04-12T18:37:38.000,15.82,14.54,49958.02,0.0,20.33,3735,3.73,-3.0,0.999
2025-04-12T18:38:38.000,15.34,14.14,50000.0,0.0,20.33,3736,3.54,-3.0,0.999
2025-04-12T18:39:39.000,15.37,14.35,50000.0,0.0,20.33,3737,3.34,-2.0,0.999
2025-04-12T18:41:38.000,15.46,14.44,50000.0,0.0,20.33,3739,2.96,-2.0,0.999
2025-04-12T18:42:41.000,15.49,14.37,50000.0,0.0,20.33,3740,2.75,-2.0,0.999
2025-04-12T18:43:45.000,15.47,14.28,50000.0,0.0,20.33,3741,2.55,-2.0,0.999
2025-04-12T18:46:02.000,15.57,14.23,50000.0,0.0,20.33,3743,2.1,-1.0,0.999
2025-04-12T19:17:05.000,18.76,16.66,7741.67,10.61,20.33,3770,-3.85,4.0,0.999
2025-04-12T19:19:17.000,18.6,16.26,5027.16,11.08,20.33,3772,-4.26,5.0,0.999
2025-04-12T19:20:17.000,18.4,16.56,4028.9,11.32,20.33,3773,-4.45,5.0,0.999
2025-04-12T19:32:02.000,18.32,15.78,279.25,14.22,20.33,3784,-6.67,7.0,0.999
2025-04-12T19:43:44.000,17.42,14.27,33.86,16.51,20.33,3795,-8.85,9.0,0.999
2025-04-12T19:44:44.000,17.4,14.04,30.9,16.61,20.33,3796,-9.04,9.0,0.999
2025-04-12T19:45:44.000,17.3,13.27,27.91,16.72,20.33,3797,-9.22,10.0,0.999
2025-04-12T19:46:45.000,17.13,12.8,25.91,16.8,20.33,3798,-9.41,10.0,0.999
2025-04-12T19:47:44.000,16.92,12.29,23.96,16.88,20.33,3799,-9.59,10.0,0.999
2025-04-12T19:48:46.000,16.72,12.28,22.39,16.96,20.33,3800,-9.78,10.0,0.999
2025-04-12T19:49:46.000,16.49,11.71,21.11,17.02,20.33,3801,-9.97,10.0,0.999
2025-04-12T19:50:46.000,16.24,11.33,19.93,17.08,20.33,3802,-10.15,10.0,0.999
2025-04-12T19:51:47.000,16.03,11.02,19.17,17.12,20.33,3803,-10.34,11.0,0.999
2025-04-12T19:52:49.000,15.88,10.73,18.47,17.17,20.33,3804,-10.53,11.0,0.999
2025-04-12T19:53:48.000,15.65,10.04,17.99,17.19,20.33,3805,-10.71,11.0,0.999
2025-04-12T20:10:03.000,17.33,10.82,19.19,17.12,20.33,3820,-13.66,14.0,0.999
2025-04-12T20:11:03.000,17.42,11.09,19.91,17.08,20.33,3821,-13.84,14.0,0.999
2025-04-12T20:12:03.000,17.39,11.41,22.32,16.96,20.33,3822,-14.02,14.0,0.999
2025-04-12T20:13:03.000,17.33,11.8,25.9,16.8,20.33,3823,-14.2,14.0,0.999
2025-04-12T20:14:03.000,17.21,11.92,25.92,16.8,20.33,3824,-14.38,14.0,0.999
2025-04-12T20:15:03.000,17.06,11.88,25.51,16.81,20.33,3825,-14.56,15.0,0.999
2025-04-12T20:16:03.000,16.91,11.89,25.63,16.81,20.33,3826,-14.74,15.0,0.999
2025-04-12T20:17:03.000,16.82,11.94,25.55,16.81,20.33,3827,-14.92,15.0,0.999
2025-04-12T20:18:03.000,16.74,11.89,26.87,16.76,20.33,3828,-15.09,15.0,0.999
2025-04-12T20:19:03.000,16.67,11.92,28.33,16.7,20.33,3829,-15.27,15.0,0.999
2025-04-12T20:20:04.000,16.62,11.9,30.81,16.61,20.33,3830,-15.45,15.0,0.999
2025-04-12T20:21:04.000,16.52,11.95,29.56,16.65,20.33,3831,-15.63,16.0,0.999
2025-04-12T20:22:04.000,16.49,12.23,27.56,16.73,20.33,3832,-15.81,16.0,0.999
2025-04-12T20:23:04.000,16.53,12.43,27.84,16.72,20.33,3833,-15.98,16.0,0.999
2025-04-12T20:24:05.000,16.51,12.32,31.31,16.59,20.33,3834,-16.16,16.0,0.999
2025-04-12T20:25:04.000,16.5,12.53,33.36,16.52,20.33,3835,-16.34,16.0,0.999
2025-04-12T20:26:04.000,16.5,12.55,36.97,16.41,20.33,3836,-16.51,16.0,0.999
2025-04-12T20:27:05.000,16.46,12.57,41.89,16.28,20.33,3837,-16.69,17.0,0.999
2025-04-12T20:28:05.000,16.42,12.94,43.8,16.23,20.33,3838,-16.87,17.0,0.999
2025-04-12T20:29:05.000,16.43,13.2,45.19,16.19,20.33,3839,-17.04,17.0,0.999
2025-04-12T20:30:05.000,16.41,13.01,46.59,16.16,20.33,3840,-17.22,17.0,0.999
2025-04-12T20:31:06.000,16.36,13.09,46.78,16.16,20.33,3841,-17.4,17.0,0.999
2025-04-12T20:32:06.000,16.34,13.16,46.95,16.15,20.33,3842,-17.57,17.0,0.999
