ecsv/stars835/stars835_2024-04.ecsv
# %ECSV 1.0
# ---
# datatype:
# - {name: time, datatype: string}
# - {name: Enclosure Temperature, unit: deg_C, datatype: float64}
# - {name: Sky Temperature, unit: deg_C, datatype: float64}
# - {name: Frequency, unit: Hz, datatype: float64}
# - {name: MSAS, unit: mag / arcsec2, datatype: float64}
# - {name: ZP, datatype: float64}
# - {name: Sequence Number, datatype: int64}
# - {name: Sun Alt, unit: deg, datatype: float64}
# - {name: Moon Alt, unit: deg, datatype: float64}
# - {name: Moon Illumination, datatype: float64}
# delimiter: ','
# meta: !!omap
# - ida:
#     Data supplier: {affiliation: "Diputaci\xF3n de Badajoz", observer: "Alejandro Pe\xF1a Paredes"}
#     Device type: TESS-W
#     Field of view: 17.0
#     Filters per channel: None
#     Instrument ID: stars835
#     License: ODbL 1.0 http://opendatacommons.org/licenses/odbl/summary/
#     Local timezone: Europe/Madrid
#     Location name: {country: Spain, place: Ayuntamiento, region: Extremadura, sub_region: 'Sierra Suroeste, Badajoz', town: Oliva de
#         la Frontera}
#     Measurement direction per channel: {azimuth: 0.0, zenital: 0.0}
#     Moving / Fixed look direction: FIXED
#     Moving / Stationary position: STATIONARY
#     Number of channels: 1
#     Number of fields per line: 8
#     Number of header lines: 35
#     Position: {height: 0.0, latitude: 38.276969, longitude: -6.91978}
#     TESS MAC address: E8:DB:84:82:FB:35
#     TESS cover offset value: 0.0
#     TESS firmware version: '1.0'
#     TESS zero point: 20.33
#     Time Synchronization: timestamp added by MQTT subscriber
#     URL: http://www.darksky.org/NSBM/sdf1.0.pdf
# - __serialized_columns__:
#     Enclosure Temperature:
#       __class__: astropy.units.quantity.Quantity
#       unit: &id001 !astropy.units.Unit {unit: deg_C}
#       value: !astropy.table.SerializedColumn {name: Enclosure Temperature}
#     Frequency:
#       __class__: astropy.units.quantity.Quantity
#       unit: !astropy.units.Unit {unit: Hz}
#       value: !astropy.table.SerializedColumn {name: Frequency}
#     MSAS:
#       __class__: astropy.units.quantity.Quantity
#       unit: !astropy.units.Unit {unit: mag / arcsec2}
#       value: !astropy.table.SerializedColumn {name: MSAS}
#     Moon Alt:
#       __class__: astropy.units.quantity.Quantity
#       unit: &id002 !astropy.units.Unit {unit: deg}
#       value: !astropy.table.SerializedColumn {name: Moon Alt}
#     Sky Temperature:
#       __class__: astropy.units.quantity.Quantity
#       unit: *id001
#       value: !astropy.table.SerializedColumn {name: Sky Temperature}
#     Sun Alt:
#       __class__: astropy.units.quantity.Quantity
#       unit: *id002
#       value: !astropy.table.SerializedColumn {name: Sun Alt}
#     time:
#       __class__: astropy.time.core.Time
#       format: isot
#       in_subfmt: '*'
#       out_subfmt: '*'
#       precision: 3
#       scale: utc
#       value: !astropy.table.SerializedColumn {name: time}
# schema: astropy-2.0
time,Enclosure Temperature,Sky Temperature,Frequency,MSAS,ZP,Sequence Number,Sun Alt,Moon Alt,Moon Illumination
2024-04-01T00:01:41.000,9.92,6.7,10.62,17.77,20.33,1570,-46.52,-14.0,0.622
2024-04-01T00:02:42.000,10.18,7.08,8.12,18.06,20.33,1571,-46.56,-14.0,0.621
2024-04-01T00:03:42.000,10.2,7.9,6.73,18.26,20.33,1572,-46.59,-14.0,0.621
2024-04-01T00:04:42.000,10.09,8.0,5.77,18.43,20.33,1573,-46.63,-13.0,0.621
2024-04-01T00:05:42.000,9.94,7.82,5.31,18.52,20.33,1574,-46.66,-13.0,0.621
2024-04-01T00:06:42.000,9.96,7.12,4.94,18.6,20.33,1575,-46.69,-13.0,0.621
2024-04-01T00:07:42.000,10.22,7.73,4.66,18.66,20.33,1576,-46.72,-13.0,0.621
2024-04-01T00:08:42.000,10.18,7.68,4.2,18.77,20.33,1577,-46.75,-13.0,0.621
2024-04-01T00:09:43.000,10.03,7.85,4.14,18.79,20.33,1578,-46.78,-13.0,0.621
2024-04-01T00:10:43.000,9.92,7.47,4.3,18.75,20.33,1579,-46.8,-12.0,0.621
2024-04-01T00:11:43.000,10.09,7.48,4.73,18.64,20.33,1580,-46.83,-12.0,0.621
2024-04-01T00:12:43.000,10.19,7.48,4.95,18.59,20.33,1581,-46.85,-12.0,0.621
2024-04-01T00:13:43.000,9.99,7.35,5.04,18.57,20.33,1582,-46.88,-12.0,0.621
2024-04-01T00:14:43.000,9.97,7.61,5.28,18.53,20.33,1583,-46.9,-12.0,0.621
2024-04-01T00:15:43.000,10.14,7.51,5.83,18.42,20.33,1584,-46.92,-12.0,0.621
2024-04-01T00:16:43.000,10.05,7.59,6.1,18.37,20.33,1585,-46.94,-11.0,0.62
2024-04-01T00:17:43.000,9.87,7.21,6.72,18.26,20.33,1586,-46.95,-11.0,0.62
2024-04-01T00:18:43.000,10.01,7.11,7.85,18.1,20.33,1587,-46.97,-11.0,0.62
2024-04-01T00:19:44.000,10.09,7.02,9.18,17.93,20.33,1588,-46.99,-11.0,0.62
2024-04-01T00:20:44.000,9.96,7.22,10.54,17.78,20.33,1589,-47.0,-11.0,0.62
2024-04-01T00:21:44.000,9.93,7.18,10.59,17.77,20.33,1590,-47.01,-11.0,0.62
2024-04-01T00:22:44.000,10.08,7.02,10.19,17.82,20.33,1591,-47.02,-10.0,0.62
2024-04-01T00:23:44.000,10.05,7.42,10.24,17.81,20.33,1592,-47.03,-10.0,0.62
2024-04-01T00:24:45.000,9.93,7.13,9.52,17.89,20.33,1593,-47.04,-10.0,0.62
2024-04-01T00:25:45.000,10.03,6.88,10.62,17.77,20.33,1594,-47.05,-10.0,0.62
2024-04-01T00:26:45.000,10.13,7.14,12.02,17.63,20.33,1595,-47.06,-10.0,0.62
2024-04-01T00:27:45.000,9.97,7.22,12.03,17.67,20.33,1596,-47.06,-10.0,0.62
2024-04-01T00:28:45.000,10.0,7.14,7.82,18.13,20.33,1597,-47.07,-9.0,0.62
2024-04-01T00:29:45.000,10.14,7.26,7.78,18.22,20.33,1598,-47.07,-9.0,0.62
2024-04-01T00:30:45.000,9.97,7.14,2.93,19.17,20.33,1599,-47.07,-9.0,0.619
2024-04-01T00:31:45.000,9.84,6.65,2.21,19.48,20.33,1600,-47.07,-9.0,0.619
2024-04-01T00:32:45.000,10.0,6.59,1.73,19.74,20.33,1601,-47.07,-9.0,0.619
2024-04-01T00:33:45.000,10.11,6.97,1.67,19.78,20.33,1602,-47.07,-9.0,0.619
2024-04-01T00:34:45.000,9.87,6.53,1.72,19.74,20.33,1603,-47.06,-8.0,0.619
2024-04-01T00:35:45.000,9.7,6.06,1.87,19.66,20.33,1604,-47.06,-8.0,0.619
2024-04-01T00:36:46.000,9.78,6.16,1.6,19.82,20.33,1605,-47.05,-8.0,0.619
2024-04-01T00:37:46.000,9.97,5.87,1.64,19.8,20.33,1606,-47.04,-8.0,0.619
2024-04-01T00:38:46.000,10.02,6.04,1.78,19.71,20.33,1607,-47.03,-8.0,0.619
2024-04-01T00:39:46.000,9.92,6.12,1.53,19.87,20.33,1608,-47.02,-8.0,0.619
2024-04-01T00:40:46.000,9.93,6.17,1.53,19.87,20.33,1609,-47.01,-7.0,0.619
2024-04-01T00:41:46.000,10.07,6.46,1.5,19.89,20.33,1610,-47.0,-7.0,0.619
2024-04-01T00:42:46.000,9.88,6.36,1.5,19.89,20.33,1611,-46.99,-7.0,0.619
2024-04-01T00:43:47.000,9.88,6.34,1.53,19.87,20.33,1612,-46.97,-7.0,0.619
2024-04-01T00:44:46.000,10.01,6.2,1.53,19.87,20.33,1613,-46.96,-7.0,0.618
2024-04-01T00:45:46.000,10.0,6.67,1.49,19.9,20.33,1614,-46.94,-7.0,0.618
2024-04-01T00:46:46.000,10.01,6.93,1.48,19.91,20.33,1615,-46.92,-7.0,0.618
2024-04-01T00:47:47.000,9.95,6.87,1.52,19.88,20.33,1616,-46.9,-6.0,0.618
2024-04-01T00:48:46.000,9.98,6.45,1.54,19.86,20.33,1617,-46.88,-6.0,0.618
2024-04-01T00:49:47.000,10.04,6.63,1.51,19.88,20.33,1618,-46.86,-6.0,0.618
2024-04-01T00:50:47.000,9.88,6.54,1.51,19.89,20.33,1619,-46.83,-6.0,0.618
2024-04-01T00:51:47.000,9.9,6.52,1.53,19.87,20.33,1620,-46.81,-6.0,0.618
2024-04-01T00:52:47.000,10.04,6.47,1.53,19.87,20.33,1621,-46.78,-6.0,0.618
2024-04-01T00:53:47.000,9.95,6.69,1.54,19.86,20.33,1622,-46.75,-5.0,0.618
2024-04-01T00:54:47.000,9.97,6.68,1.57,19.84,20.33,1623,-46.73,-5.0,0.618
2024-04-01T00:55:47.000,10.1,7.05,1.57,19.84,20.33,1624,-46.7,-5.0,0.618
2024-04-01T00:56:47.000,9.95,7.06,1.61,19.81,20.33,1625,-46.66,-5.0,0.618
2024-04-01T00:57:47.000,9.87,6.81,1.55,19.85,20.33,1626,-46.63,-5.0,0.618
2024-04-01T00:58:47.000,10.04,6.88,1.54,19.86,20.33,1627,-46.6,-5.0,0.617
2024-04-01T00:59:47.000,10.05,6.93,1.51,19.88,20.33,1628,-46.56,-4.0,0.617
2024-04-01T01:00:47.000,9.9,6.98,1.54,19.86,20.33,1629,-46.53,-4.0,0.617
2024-04-01T01:01:47.000,9.94,6.54,1.58,19.83,20.33,1630,-46.49,-4.0,0.617
2024-04-01T01:02:47.000,10.06,6.74,1.76,19.72,20.33,1631,-46.45,-4.0,0.617
2024-04-01T01:03:48.000,9.96,7.07,2.0,19.58,20.33,1632,-46.41,-4.0,0.617
2024-04-01T01:04:48.000,9.98,6.89,1.9,19.63,20.33,1633,-46.37,-4.0,0.617
2024-04-01T01:05:48.000,10.12,7.06,1.92,19.62,20.33,1634,-46.33,-4.0,0.617
2024-04-01T01:06:48.000,10.04,7.35,2.07,19.54,20.33,1635,-46.29,-3.0,0.617
2024-04-01T01:07:48.000,9.97,7.61,2.41,19.38,20.33,1636,-46.24,-3.0,0.617
2024-04-01T01:08:48.000,10.09,7.44,2.44,19.36,20.33,1637,-46.2,-3.0,0.617
2024-04-01T01:09:48.000,10.07,7.8,2.53,19.32,20.33,1638,-46.15,-3.0,0.617
2024-04-01T01:10:48.000,9.92,7.46,2.73,19.24,20.33,1639,-46.1,-3.0,0.617
2024-04-01T01:11:48.000,10.07,7.62,3.03,19.13,20.33,1640,-46.05,-3.0,0.617
2024-04-01T01:12:48.000,10.08,7.41,2.69,19.26,20.33,1641,-46.0,-2.0,0.616
2024-04-01T01:13:48.000,9.91,7.29,2.16,19.5,20.33,1642,-45.95,-2.0,0.616
2024-04-01T01:14:49.000,10.04,7.43,2.33,19.41,20.33,1643,-45.9,-2.0,0.616
2024-04-01T01:15:49.000,10.12,7.37,2.09,19.53,20.33,1644,-45.85,-2.0,0.616
2024-04-01T01:16:49.000,9.94,7.38,1.93,19.62,20.33,1645,-45.79,-2.0,0.616
2024-04-01T01:17:49.000,9.92,7.09,1.78,19.7,20.33,1646,-45.73,-2.0,0.616
2024-04-01T01:18:49.000,10.11,7.07,1.74,19.73,20.33,1647,-45.68,-2.0,0.616
2024-04-01T01:19:49.000,10.0,7.28,1.83,19.67,20.33,1648,-45.62,-1.0,0.616
2024-04-01T01:20:49.000,9.93,7.13,2.15,19.5,20.33,1649,-45.56,-1.0,0.616
2024-04-01T01:21:49.000,10.08,7.1,2.34,19.41,20.33,1650,-45.5,-1.0,0.616
2024-04-01T01:22:49.000,10.1,7.31,3.73,18.93,20.33,1651,-45.44,-1.0,0.616
2024-04-01T01:23:49.000,9.99,7.66,5.58,18.47,20.33,1652,-45.38,-1.0,0.616
2024-04-01T01:24:50.000,10.0,7.29,5.64,18.46,20.33,1653,-45.31,-1.0,0.616
2024-04-01T01:25:50.000,10.03,7.36,3.96,18.84,20.33,1654,-45.25,-0.0,0.616
2024-04-01T01:26:50.000,9.99,7.67,6.75,18.27,20.33,1655,-45.18,-0.0,0.615
2024-04-01T01:27:50.000,9.95,7.53,5.12,18.58,20.33,1656,-45.11,-0.0,0.615
2024-04-01T01:28:50.000,10.11,7.44,4.23,18.81,20.33,1657,-45.04,-0.0,0.615
2024-04-01T01:29:50.000,9.99,7.36,3.56,18.97,20.33,1658,-44.97,0.0,0.615
2024-04-01T01:30:50.000,9.89,7.17,2.85,19.2,20.33,1659,-44.9,0.0,0.615
2024-04-01T01:31:50.000,10.07,7.28,2.64,19.3,20.33,1660,-44.83,0.0,0.615
2024-04-01T01:32:50.000,10.11,7.49,1.91,19.63,20.33,1661,-44.76,1.0,0.615
2024-04-01T01:33:50.000,9.9,7.29,1.8,19.7,20.33,1662,-44.69,1.0,0.615
2024-04-01T01:34:50.000,9.93,7.14,1.74,19.73,20.33,1663,-44.61,1.0,0.615
2024-04-01T01:35:50.000,10.1,7.27,1.74,19.73,20.33,1664,-44.54,1.0,0.615
2024-04-01T01:36:50.000,10.05,7.4,1.73,19.74,20.33,1665,-44.46,1.0,0.615
2024-04-01T01:37:51.000,9.84,6.97,1.77,19.71,20.33,1666,-44.38,1.0,0.615
2024-04-01T01:38:51.000,9.96,7.1,1.82,19.68,20.33,1667,-44.3,1.0,0.615
2024-04-01T01:39:51.000,10.15,7.47,1.82,19.68,20.33,1668,-44.22,2.0,0.615
2024-04-01T01:40:51.000,10.02,7.42,1.85,19.67,20.33,1669,-44.14,2.0,0.614
2024-04-01T01:41:51.000,9.86,7.32,2.33,19.42,20.33,1670,-44.06,2.0,0.614
2024-04-01T01:42:51.000,10.06,7.49,2.7,19.25,20.33,1671,-43.98,2.0,0.614
2024-04-01T01:43:52.000,10.08,7.53,2.36,19.4,20.33,1672,-43.89,2.0,0.614
2024-04-01T01:44:52.000,9.91,7.45,2.15,19.5,20.33,1673,-43.8,2.0,0.614
2024-04-01T01:45:52.000,9.95,7.33,2.27,19.44,20.33,1674,-43.72,2.0,0.614
2024-04-01T01:46:52.000,10.14,7.64,2.24,19.46,20.33,1675,-43.63,3.0,0.614
2024-04-01T01:47:52.000,10.05,7.52,2.66,19.27,20.33,1676,-43.54,3.0,0.614
2024-04-01T01:48:52.000,9.86,7.39,2.24,19.46,20.33,1677,-43.45,3.0,0.614
2024-04-01T01:49:52.000,9.99,7.21,1.96,19.6,20.33,1678,-43.36,3.0,0.614
2024-04-01T01:50:52.000,10.12,7.52,2.07,19.54,20.33,1679,-43.27,3.0,0.614
2024-04-01T01:51:53.000,9.99,7.48,2.21,19.47,20.33,1680,-43.18,3.0,0.614
2024-04-01T01:52:53.000,9.8,7.14,2.07,19.54,20.33,1681,-43.09,3.0,0.614
2024-04-01T01:53:53.000,10.04,7.58,2.02,19.57,20.33,1682,-42.99,4.0,0.614
2024-04-01T01:54:53.000,10.2,7.86,2.8,19.26,20.33,1683,-42.9,4.0,0.613
2024-04-01T01:55:53.000,10.13,8.1,5.99,18.4,20.33,1684,-42.8,4.0,0.613
2024-04-01T01:56:53.000,9.93,7.75,4.4,18.74,20.33,1685,-42.71,4.0,0.613
2024-04-01T01:57:53.000,9.99,7.69,2.63,19.29,20.33,1686,-42.61,4.0,0.613
2024-04-01T01:58:53.000,10.18,8.04,2.33,19.41,20.33,1687,-42.51,4.0,0.613
2024-04-01T01:59:53.000,10.1,8.01,3.92,18.88,20.33,1688,-42.41,4.0,0.613
2024-04-01T02:00:53.000,9.88,7.52,4.26,18.8,20.33,1689,-42.31,5.0,0.613
2024-04-01T02:01:53.000,9.89,7.23,2.23,19.46,20.33,1690,-42.21,5.0,0.613
2024-04-01T02:02:53.000,10.13,7.57,2.01,19.57,20.33,1691,-42.11,5.0,0.613
2024-04-01T02:03:54.000,10.09,7.67,1.97,19.6,20.33,1692,-42.0,5.0,0.613
2024-04-01T02:04:54.000,9.91,7.74,1.98,19.59,20.33,1693,-41.9,5.0,0.613
2024-04-01T02:05:54.000,9.93,7.31,2.0,19.58,20.33,1694,-41.79,5.0,0.613
2024-04-01T02:06:54.000,10.11,7.42,2.13,19.51,20.33,1695,-41.69,5.0,0.613
2024-04-01T02:07:54.000,10.04,7.61,2.54,19.33,20.33,1696,-41.58,5.0,0.613
2024-04-01T02:08:54.000,9.85,7.33,2.17,19.49,20.33,1697,-41.47,6.0,0.612
2024-04-01T02:09:54.000,9.97,7.3,2.1,19.52,20.33,1698,-41.36,6.0,0.612
2024-04-01T02:10:54.000,10.1,7.43,2.89,19.2,20.33,1699,-41.26,6.0,0.612
2024-04-01T02:11:54.000,9.96,7.49,4.92,18.61,20.33,1700,-41.15,6.0,0.612
2024-04-01T02:12:55.000,9.97,7.49,7.26,18.2,20.33,1701,-41.03,6.0,0.612
2024-04-01T02:13:55.000,10.21,8.12,7.4,18.21,20.33,1702,-40.92,6.0,0.612
2024-04-01T02:14:55.000,10.21,8.03,3.73,18.91,20.33,1703,-40.81,6.0,0.612
2024-04-01T02:15:55.000,9.96,7.7,3.07,19.12,20.33,1704,-40.7,7.0,0.612
2024-04-01T02:16:55.000,9.93,7.53,5.85,18.46,20.33,1705,-40.58,7.0,0.612
2024-04-01T02:17:55.000,10.19,7.91,10.03,17.83,20.33,1706,-40.47,7.0,0.612
2024-04-01T02:18:55.000,10.22,8.1,8.54,18.03,20.33,1707,-40.35,7.0,0.612
2024-04-01T02:19:55.000,10.09,8.12,13.32,17.54,20.33,1708,-40.23,7.0,0.612
2024-04-01T02:20:56.000,9.97,8.06,11.26,17.71,20.33,1709,-40.11,7.0,0.612
2024-04-01T02:21:56.000,10.11,8.09,9.49,17.91,20.33,1710,-40.0,7.0,0.612
2024-04-01T02:22:56.000,10.07,7.85,8.55,18.03,20.33,1711,-39.88,7.0,0.611
2024-04-01T02:23:56.000,9.89,7.42,6.23,18.36,20.33,1712,-39.76,8.0,0.611
2024-04-01T02:24:56.000,10.0,7.45,4.21,18.78,20.33,1713,-39.64,8.0,0.611
2024-04-01T02:25:56.000,10.14,7.48,4.16,18.79,20.33,1714,-39.52,8.0,0.611
2024-04-01T02:26:56.000,9.95,7.25,2.77,19.23,20.33,1715,-39.39,8.0,0.611
2024-04-01T02:27:56.000,9.97,7.41,4.25,18.78,20.33,1716,-39.27,8.0,0.611
2024-04-01T02:28:57.000,10.12,7.66,4.54,18.72,20.33,1717,-39.15,8.0,0.611
2024-04-01T02:29:57.000,10.03,7.74,7.63,18.13,20.33,1718,-39.02,8.0,0.611
2024-04-01T02:30:57.000,10.0,7.8,13.68,17.51,20.33,1719,-38.9,8.0,0.611
2024-04-01T02:31:57.000,10.12,7.88,17.1,17.25,20.33,1720,-38.77,9.0,0.611
2024-04-01T02:32:57.000,10.11,8.24,9.48,17.9,20.33,1721,-38.64,9.0,0.611
2024-04-01T02:33:57.000,9.95,7.82,8.39,18.02,20.33,1722,-38.52,9.0,0.611
2024-04-01T02:34:57.000,10.01,6.73,8.73,17.98,20.33,1723,-38.39,9.0,0.611
2024-04-01T02:35:58.000,10.15,7.47,9.07,17.94,20.33,1724,-38.26,9.0,0.611
2024-04-01T02:36:58.000,10.02,7.7,9.44,17.9,20.33,1725,-38.13,9.0,0.61
2024-04-01T02:37:58.000,9.99,7.91,9.39,17.9,20.33,1726,-38.0,9.0,0.61
2024-04-01T02:38:58.000,10.12,7.92,8.97,17.95,20.33,1727,-37.87,9.0,0.61
2024-04-01T02:39:58.000,10.04,8.02,8.08,18.06,20.33,1728,-37.74,10.0,0.61
2024-04-01T02:40:58.000,9.91,7.66,9.29,17.92,20.33,1729,-37.6,10.0,0.61
2024-04-01T02:41:58.000,10.12,8.07,6.37,18.33,20.33,1730,-37.47,10.0,0.61
2024-04-01T02:42:58.000,10.11,7.66,4.83,18.63,20.33,1731,-37.34,10.0,0.61
2024-04-01T02:43:58.000,9.86,7.35,3.96,18.84,20.33,1732,-37.2,10.0,0.61
2024-04-01T02:44:59.000,9.89,7.11,3.09,19.11,20.33,1733,-37.07,10.0,0.61
2024-04-01T02:45:59.000,10.06,7.11,2.64,19.28,20.33,1734,-36.93,10.0,0.61
2024-04-01T02:46:59.000,10.01,7.08,2.52,19.33,20.33,1735,-36.8,10.0,0.61
2024-04-01T02:47:59.000,9.92,7.22,2.45,19.36,20.33,1736,-36.66,11.0,0.61
2024-04-01T02:48:59.000,10.04,7.08,2.4,19.38,20.33,1737,-36.52,11.0,0.61
2024-04-01T02:49:59.000,10.05,7.24,2.34,19.41,20.33,1738,-36.38,11.0,0.609
2024-04-01T02:50:59.000,9.89,7.26,2.4,19.38,20.33,1739,-36.24,11.0,0.609
2024-04-01T02:51:59.000,9.99,7.26,3.17,19.08,20.33,1740,-36.11,11.0,0.609
2024-04-01T02:52:59.000,10.11,7.37,3.82,18.88,20.33,1741,-35.97,11.0,0.609
2024-04-01T02:53:59.000,9.93,7.19,2.86,19.2,20.33,1742,-35.83,11.0,0.609
2024-04-01T02:54:59.000,9.98,7.34,2.4,19.38,20.33,1743,-35.68,11.0,0.609
2024-04-01T02:55:59.000,10.05,7.26,2.25,19.45,20.33,1744,-35.54,11.0,0.609
2024-04-01T02:56:59.000,9.9,7.03,2.29,19.43,20.33,1745,-35.4,12.0,0.609
2024-04-01T02:58:00.000,9.85,6.69,2.25,19.45,20.33,1746,-35.26,12.0,0.609
2024-04-01T02:59:00.000,10.11,7.27,2.25,19.45,20.33,1747,-35.11,12.0,0.609
2024-04-01T03:00:00.000,10.07,7.49,2.43,19.37,20.33,1748,-34.97,12.0,0.609
2024-04-01T03:01:00.000,9.87,7.14,2.48,19.35,20.33,1749,-34.82,12.0,0.609
2024-04-01T03:02:00.000,9.91,6.98,2.5,19.34,20.33,1750,-34.68,12.0,0.609
2024-04-01T03:03:00.000,10.09,7.02,2.68,19.26,20.33,1751,-34.53,12.0,0.609
2024-04-01T03:04:00.000,9.97,7.15,2.62,19.29,20.33,1752,-34.39,12.0,0.608
2024-04-01T03:05:00.000,9.87,7.14,2.69,19.26,20.33,1753,-34.24,12.0,0.608
2024-04-01T03:06:00.000,10.05,7.07,2.81,19.21,20.33,1754,-34.09,13.0,0.608
2024-04-01T03:07:00.000,10.04,7.26,3.41,19.0,20.33,1755,-33.94,13.0,0.608
2024-04-01T03:08:01.000,9.92,7.26,5.03,18.59,20.33,1756,-33.79,13.0,0.608
2024-04-01T03:09:01.000,10.03,7.05,6.84,18.25,20.33,1757,-33.64,13.0,0.608
2024-04-01T03:10:01.000,10.12,7.41,5.54,18.5,20.33,1758,-33.49,13.0,0.608
2024-04-01T03:11:01.000,9.95,7.34,3.91,18.85,20.33,1759,-33.34,13.0,0.608
2024-04-01T03:12:01.000,9.98,7.5,5.93,18.41,20.33,1760,-33.19,13.0,0.608
2024-04-01T03:13:01.000,10.16,7.42,17.59,17.29,20.33,1761,-33.04,13.0,0.608
2024-04-01T03:14:01.000,10.09,7.74,29.82,16.65,20.33,1762,-32.89,13.0,0.608
2024-04-01T03:15:01.000,10.0,7.93,20.49,17.08,20.33,1763,-32.74,14.0,0.608
2024-04-01T03:16:01.000,9.93,7.44,11.67,17.67,20.33,1764,-32.59,14.0,0.608
2024-04-01T03:17:02.000,10.2,8.03,10.82,17.75,20.33,1765,-32.43,14.0,0.608
2024-04-01T03:18:02.000,10.25,8.1,15.31,17.38,20.33,1766,-32.28,14.0,0.607
2024-04-01T03:19:02.000,10.1,8.13,19.71,17.1,20.33,1767,-32.12,14.0,0.607
2024-04-01T03:20:02.000,9.95,7.84,19.47,17.11,20.33,1768,-31.97,14.0,0.607
2024-04-01T03:21:02.000,9.94,7.75,12.44,17.6,20.33,1769,-31.81,14.0,0.607
2024-04-01T03:22:02.000,10.15,7.43,19.18,17.13,20.33,1770,-31.66,14.0,0.607
2024-04-01T03:23:03.000,10.07,7.63,18.54,17.16,20.33,1771,-31.5,14.0,0.607
2024-04-01T03:24:03.000,9.96,7.56,15.33,17.38,20.33,1772,-31.34,14.0,0.607
2024-04-01T03:25:03.000,10.04,7.25,11.61,17.67,20.33,1773,-31.18,15.0,0.607
2024-04-01T03:26:03.000,10.05,7.24,11.68,17.66,20.33,1774,-31.03,15.0,0.607
2024-04-01T03:27:03.000,10.0,7.68,11.7,17.66,20.33,1775,-30.87,15.0,0.607
2024-04-01T03:28:03.000,10.07,7.85,11.26,17.7,20.33,1776,-30.71,15.0,0.607
2024-04-01T03:29:03.000,9.97,7.59,11.7,17.66,20.33,1777,-30.55,15.0,0.607
2024-04-01T03:30:04.000,9.93,7.14,11.73,17.66,20.33,1778,-30.39,15.0,0.607
2024-04-01T03:31:04.000,10.09,7.08,11.99,17.63,20.33,1779,-30.23,15.0,0.607
2024-04-01T03:32:04.000,10.05,7.4,13.08,17.54,20.33,1780,-30.07,15.0,0.606
2024-04-01T03:33:04.000,9.99,7.35,13.46,17.51,20.33,1781,-29.91,15.0,0.606
2024-04-01T03:34:04.000,10.01,6.51,16.72,17.28,20.33,1782,-29.75,15.0,0.606
2024-04-01T03:35:05.000,10.12,7.35,16.99,17.26,20.33,1783,-29.58,16.0,0.606
2024-04-01T03:36:05.000,9.99,7.41,18.58,17.17,20.33,1784,-29.42,16.0,0.606
2024-04-01T03:37:05.000,9.95,7.4,15.54,17.36,20.33,1785,-29.26,16.0,0.606
