ecsv/stars835/stars835_2025-04.ecsv
# %ECSV 1.0
# ---
# datatype:
# - {name: time, datatype: string}
# - {name: Enclosure Temperature, unit: deg_C, datatype: float64}
# - {name: Sky Temperature, unit: deg_C, datatype: float64}
# - {name: Frequency, unit: Hz, datatype: float64}
# - {name: MSAS, unit: mag / arcsec2, datatype: float64}
# - {name: ZP, datatype: float64}
# - {name: Sequence Number, datatype: int64}
# - {name: Sun Alt, unit: deg, datatype: float64}
# - {name: Moon Alt, unit: deg, datatype: float64}
# - {name: Moon Illumination, datatype: float64}
# delimiter: ','
# meta: !!omap
# - ida:
#     Data supplier: {affiliation: "Diputaci\xF3n de Badajoz", observer: "Alejandro Pe\xF1a Paredes"}
#     Device type: TESS-W
#     Field of view: 17.0
#     Filters per channel: None
#     Instrument ID: stars835
#     License: ODbL 1.0 http://opendatacommons.org/licenses/odbl/summary/
#     Local timezone: Europe/Madrid
#     Location name: {country: Spain, place: Ayuntamiento, region: Extremadura, sub_region: 'Sierra Suroeste, Badajoz', town: Oliva de
#         la Frontera}
#     Measurement direction per channel: {azimuth: 0.0, zenital: 0.0}
#     Moving / Fixed look direction: FIXED
#     Moving / Stationary position: STATIONARY
#     Number of channels: 1
#     Number of fields per line: 8
#     Number of header lines: 35
#     Position: {height: 0.0, latitude: 38.276969, longitude: -6.91978}
#     TESS MAC address: E8:DB:84:82:FB:35
#     TESS cover offset value: 0.0
#     TESS firmware version: '1.0'
#     TESS zero point: 20.33
#     Time Synchronization: timestamp added by MQTT subscriber
#     URL: http://www.darksky.org/NSBM/sdf1.0.pdf
# - __serialized_columns__:
#     Enclosure Temperature:
#       __class__: astropy.units.quantity.Quantity
#       unit: &id001 !astropy.units.Unit {unit: deg_C}
#       value: !astropy.table.SerializedColumn {name: Enclosure Temperature}
#     Frequency:
#       __class__: astropy.units.quantity.Quantity
#       unit: !astropy.units.Unit {unit: Hz}
#       value: !astropy.table.SerializedColumn {name: Frequency}
#     MSAS:
#       __class__: astropy.units.quantity.Quantity
#       unit: !astropy.units.Unit {unit: mag / arcsec2}
#       value: !astropy.table.SerializedColumn {name: MSAS}
#     Moon Alt:
#       __class__: astropy.units.quantity.Quantity
#       unit: &id002 !astropy.units.Unit {unit: deg}
#       value: !astropy.table.SerializedColumn {name: Moon Alt}
#     Sky Temperature:
#       __class__: astropy.units.quantity.Quantity
#       unit: *id001
#       value: !astropy.table.SerializedColumn {name: Sky Temperature}
#     Sun Alt:
#       __class__: astropy.units.quantity.Quantity
#       unit: *id002
#       value: !astropy.table.SerializedColumn {name: Sun Alt}
#     time:
#       __class__: astropy.time.core.Time
#       format: isot
#       in_subfmt: '*'
#       out_subfmt: '*'
#       precision: 3
#       scale: utc
#       value: !astropy.table.SerializedColumn {name: time}
# schema: astropy-2.0
time,Enclosure Temperature,Sky Temperature,Frequency,MSAS,ZP,Sequence Number,Sun Alt,Moon Alt,Moon Illumination
[from data line 9348]
2025-04-17T22:33:03.000,16.56,11.72,18.71,17.15,20.33,3262,-34.15,-13.0,0.794
2025-04-17T22:34:03.000,16.55,11.87,21.68,16.99,20.33,3263,-34.26,-13.0,0.794
2025-04-17T22:35:03.000,16.57,12.0,27.64,16.73,20.33,3264,-34.37,-13.0,0.794
2025-04-17T22:36:03.000,16.61,12.07,26.19,16.79,20.33,3265,-34.48,-13.0,0.794
2025-04-17T22:37:04.000,16.63,11.85,24.01,16.88,20.33,3266,-34.59,-13.0,0.794
2025-04-17T22:38:04.000,16.62,11.69,20.57,17.05,20.33,3267,-34.7,-12.0,0.794
2025-04-17T22:39:04.000,16.6,11.55,18.95,17.14,20.33,3268,-34.81,-12.0,0.794
2025-04-17T22:40:04.000,16.56,11.64,17.7,17.21,20.33,3269,-34.91,-12.0,0.794
2025-04-17T22:41:05.000,16.56,11.63,15.84,17.33,20.33,3270,-35.02,-12.0,0.794
2025-04-17T22:42:05.000,16.56,11.67,17.78,17.21,20.33,3271,-35.12,-12.0,0.794
2025-04-17T22:43:05.000,16.57,11.58,14.72,17.41,20.33,3272,-35.23,-12.0,0.794
2025-04-17T22:44:06.000,16.52,11.32,15.36,17.37,20.33,3273,-35.33,-11.0,0.794
2025-04-17T22:45:06.000,16.52,11.58,17.21,17.24,20.33,3274,-35.43,-11.0,0.794
2025-04-17T22:46:06.000,16.56,11.83,17.93,17.2,20.33,3275,-35.53,-11.0,0.794
2025-04-17T22:47:06.000,16.58,11.91,20.84,17.04,20.33,3276,-35.64,-11.0,0.794
2025-04-17T22:48:06.000,16.59,12.06,24.61,16.85,20.33,3277,-35.73,-11.0,0.794
2025-04-17T22:49:06.000,16.59,11.93,24.01,16.88,20.33,3278,-35.83,-11.0,0.794
2025-04-17T22:50:06.000,16.6,11.57,18.59,17.16,20.33,3279,-35.93,-10.0,0.794
2025-04-17T22:51:06.000,16.59,11.13,16.41,17.29,20.33,3280,-36.03,-10.0,0.793
2025-04-17T22:52:07.000,16.55,11.04,15.56,17.35,20.33,3281,-36.13,-10.0,0.793
2025-04-17T22:53:07.000,16.55,11.2,15.99,17.32,20.33,3282,-36.22,-10.0,0.793
2025-04-17T22:54:07.000,16.51,11.23,16.99,17.26,20.33,3283,-36.32,-10.0,0.793
2025-04-17T22:55:07.000,16.49,11.49,19.46,17.11,20.33,3284,-36.41,-10.0,0.793
2025-04-17T22:56:07.000,16.48,11.73,24.08,16.88,20.33,3285,-36.5,-9.0,0.793
2025-04-17T22:57:07.000,16.49,12.02,27.22,16.74,20.33,3286,-36.6,-9.0,0.793
2025-04-17T22:58:08.000,16.5,12.06,26.64,16.77,20.33,3287,-36.69,-9.0,0.793
2025-04-17T22:59:08.000,16.5,12.17,29.91,16.64,20.33,3288,-36.78,-9.0,0.793
2025-04-17T23:00:08.000,16.51,12.17,30.69,16.61,20.33,3289,-36.87,-9.0,0.793
2025-04-17T23:01:08.000,16.5,12.11,30.33,16.63,20.33,3290,-36.96,-9.0,0.793
2025-04-17T23:02:08.000,16.47,11.91,25.96,16.8,20.33,3291,-37.04,-8.0,0.793
2025-04-17T23:03:08.000,16.44,11.76,23.51,16.9,20.33,3292,-37.13,-8.0,0.793
2025-04-17T23:04:08.000,16.43,11.99,23.22,16.92,20.33,3293,-37.22,-8.0,0.793
2025-04-17T23:05:08.000,16.46,12.02,22.42,16.95,20.33,3294,-37.3,-8.0,0.793
2025-04-17T23:06:09.000,16.43,11.89,26.07,16.79,20.33,3295,-37.39,-8.0,0.793
2025-04-17T23:07:09.000,16.43,12.16,28.68,16.69,20.33,3296,-37.47,-8.0,0.793
2025-04-17T23:08:09.000,16.44,12.03,27.49,16.73,20.33,3297,-37.55,-7.0,0.793
2025-04-17T23:09:09.000,16.33,11.85,30.23,16.63,20.33,3298,-37.63,-7.0,0.792
2025-04-17T23:10:09.000,16.31,12.07,36.24,16.43,20.33,3299,-37.71,-7.0,0.792
2025-04-17T23:11:10.000,16.27,11.86,38.98,16.35,20.33,3300,-37.8,-7.0,0.792
2025-04-17T23:12:09.000,16.18,11.67,37.31,16.4,20.33,3301,-37.87,-7.0,0.792
2025-04-17T23:13:09.000,16.1,11.78,31.53,16.58,20.33,3302,-37.95,-7.0,0.792
2025-04-17T23:14:10.000,16.07,11.79,30.61,16.62,20.33,3303,-38.03,-6.0,0.792
2025-04-17T23:15:10.000,16.04,11.83,33.37,16.52,20.33,3304,-38.1,-6.0,0.792
2025-04-17T23:16:10.000,16.01,11.81,35.74,16.45,20.33,3305,-38.18,-6.0,0.792
2025-04-17T23:17:10.000,16.0,12.04,37.19,16.41,20.33,3306,-38.25,-6.0,0.792
2025-04-17T23:18:10.000,15.99,11.85,41.19,16.29,20.33,3307,-38.33,-6.0,0.792
2025-04-17T23:19:10.000,15.94,11.97,43.08,16.24,20.33,3308,-38.4,-6.0,0.792
2025-04-17T23:20:10.000,15.94,11.93,41.08,16.3,20.33,3309,-38.47,-6.0,0.792
2025-04-17T23:21:11.000,15.96,12.04,33.81,16.51,20.33,3310,-38.54,-5.0,0.792
2025-04-17T23:22:11.000,16.0,12.0,28.8,16.68,20.33,3311,-38.61,-5.0,0.792
2025-04-17T23:23:11.000,16.04,12.16,35.9,16.44,20.33,3312,-38.68,-5.0,0.792
2025-04-17T23:24:11.000,16.04,11.96,37.7,16.39,20.33,3313,-38.75,-5.0,0.792
2025-04-17T23:25:11.000,15.97,11.78,42.8,16.26,20.33,3314,-38.81,-5.0,0.792
2025-04-17T23:26:11.000,15.94,12.13,51.46,16.05,20.33,3315,-38.88,-5.0,0.792
2025-04-17T23:27:12.000,15.94,12.06,39.48,16.34,20.33,3316,-38.94,-4.0,0.791
2025-04-17T23:28:12.000,15.96,12.04,32.9,16.55,20.33,3317,-39.01,-4.0,0.791
2025-04-17T23:29:12.000,15.98,11.97,26.0,16.79,20.33,3318,-39.07,-4.0,0.791
2025-04-17T23:30:12.000,16.02,12.08,29.56,16.65,20.33,3319,-39.13,-4.0,0.791
2025-04-17T23:31:13.000,16.04,11.95,31.25,16.59,20.33,3320,-39.19,-4.0,0.791
2025-04-17T23:32:13.000,16.06,12.14,32.7,16.54,20.33,3321,-39.25,-4.0,0.791
2025-04-17T23:33:13.000,16.09,12.03,32.83,16.54,20.33,3322,-39.31,-3.0,0.791
2025-04-17T23:34:13.000,16.1,11.79,28.71,16.69,20.33,3323,-39.36,-3.0,0.791
2025-04-17T23:35:13.000,16.03,11.2,19.71,17.1,20.33,3324,-39.42,-3.0,0.791
2025-04-17T23:36:13.000,16.01,10.59,13.81,17.48,20.33,3325,-39.48,-3.0,0.791
2025-04-17T23:37:14.000,15.99,10.72,14.66,17.42,20.33,3326,-39.53,-3.0,0.791
2025-04-17T23:38:13.000,16.01,10.94,17.46,17.23,20.33,3327,-39.58,-3.0,0.791
2025-04-17T23:39:14.000,16.03,11.27,18.98,17.14,20.33,3328,-39.64,-3.0,0.791
2025-04-17T23:40:14.000,16.04,11.71,24.64,16.85,20.33,3329,-39.69,-2.0,0.791
2025-04-17T23:41:14.000,16.01,11.7,28.09,16.71,20.33,3330,-39.74,-2.0,0.791
2025-04-17T23:42:14.000,15.98,11.93,30.6,16.62,20.33,3331,-39.79,-2.0,0.791
2025-04-17T23:43:14.000,16.01,11.98,30.46,16.62,20.33,3332,-39.83,-2.0,0.791
2025-04-17T23:44:14.000,16.05,11.97,28.02,16.71,20.33,3333,-39.88,-2.0,0.791
2025-04-17T23:45:14.000,16.07,11.92,29.58,16.65,20.33,3334,-39.93,-2.0,0.79
2025-04-17T23:46:14.000,16.1,12.02,29.07,16.67,20.33,3335,-39.97,-2.0,0.79
2025-04-17T23:47:15.000,16.14,11.74,25.9,16.8,20.33,3336,-40.02,-1.0,0.79
2025-04-17T23:48:15.000,16.17,11.2,18.32,17.18,20.33,3337,-40.06,-1.0,0.79
2025-04-17T23:49:15.000,16.13,10.53,16.05,17.32,20.33,3338,-40.1,-1.0,0.79
2025-04-17T23:50:15.000,16.07,9.49,13.74,17.49,20.33,3339,-40.14,-1.0,0.79
2025-04-17T23:51:15.000,15.99,7.07,10.38,17.8,20.33,3340,-40.18,-1.0,0.79
2025-04-17T23:52:16.000,15.82,4.21,5.81,18.44,20.33,3341,-40.22,-1.0,0.79
2025-04-17T23:53:16.000,15.68,3.81,5.09,18.58,20.33,3342,-40.26,-0.0,0.79
2025-04-17T23:54:16.000,15.59,6.92,11.89,17.68,20.33,3343,-40.29,-0.0,0.79
2025-04-17T23:55:16.000,15.55,9.44,18.45,17.17,20.33,3344,-40.33,-0.0,0.79
2025-04-17T23:56:16.000,15.55,9.59,16.8,17.27,20.33,3345,-40.36,-0.0,0.79
2025-04-17T23:57:16.000,15.58,9.68,15.25,17.37,20.33,3346,-40.4,0.0,0.79
2025-04-17T23:58:16.000,15.61,10.55,19.27,17.13,20.33,3347,-40.43,0.0,0.79
2025-04-17T23:59:16.000,15.66,11.51,25.65,16.81,20.33,3348,-40.46,0.0,0.79
2025-04-18T00:00:16.000,15.74,11.97,30.61,16.62,20.33,3349,-40.49,1.0,0.79
2025-04-18T00:01:17.000,15.82,12.1,34.93,16.47,20.33,3350,-40.52,1.0,0.79
2025-04-18T00:02:17.000,15.91,12.15,35.67,16.45,20.33,3351,-40.55,1.0,0.79
2025-04-18T00:03:17.000,15.97,12.18,36.41,16.43,20.33,3352,-40.57,1.0,0.79
2025-04-18T00:04:17.000,16.03,12.14,41.6,16.28,20.33,3353,-40.6,1.0,0.789
2025-04-18T00:05:17.000,16.04,11.98,44.77,16.2,20.33,3354,-40.62,1.0,0.789
2025-04-18T00:06:17.000,16.06,12.05,40.92,16.3,20.33,3355,-40.65,1.0,0.789
2025-04-18T00:07:18.000,16.06,11.93,38.56,16.37,20.33,3356,-40.67,2.0,0.789
2025-04-18T00:08:18.000,16.04,11.9,34.18,16.5,20.33,3357,-40.69,2.0,0.789
2025-04-18T00:09:18.000,16.05,11.95,31.81,16.58,20.33,3358,-40.71,2.0,0.789
2025-04-18T00:10:18.000,16.08,11.97,34.62,16.48,20.33,3359,-40.73,2.0,0.789
2025-04-18T00:11:18.000,16.08,11.8,30.31,16.63,20.33,3360,-40.75,2.0,0.789
2025-04-18T00:12:18.000,16.05,11.83,34.54,16.49,20.33,3361,-40.76,2.0,0.789
2025-04-18T00:13:18.000,16.04,11.92,35.42,16.46,20.33,3362,-40.78,2.0,0.789
2025-04-18T00:14:19.000,16.04,11.87,33.75,16.51,20.33,3363,-40.79,3.0,0.789
2025-04-18T00:15:19.000,16.05,12.0,34.57,16.48,20.33,3364,-40.81,3.0,0.789
2025-04-18T00:16:19.000,16.06,11.93,34.91,16.47,20.33,3365,-40.82,3.0,0.789
2025-04-18T00:17:19.000,16.07,11.99,36.41,16.43,20.33,3366,-40.83,3.0,0.789
2025-04-18T00:18:19.000,16.1,12.02,37.29,16.4,20.33,3367,-40.84,3.0,0.789
2025-04-18T00:19:19.000,16.14,12.11,38.12,16.38,20.33,3368,-40.85,3.0,0.789
2025-04-18T00:20:20.000,16.16,12.02,38.62,16.36,20.33,3369,-40.86,3.0,0.789
2025-04-18T00:21:20.000,16.16,12.08,39.55,16.34,20.33,3370,-40.86,4.0,0.789
2025-04-18T00:22:20.000,16.15,12.0,40.63,16.31,20.33,3371,-40.87,4.0,0.788
2025-04-18T00:23:20.000,16.17,12.13,37.77,16.39,20.33,3372,-40.87,4.0,0.788
2025-04-18T00:24:20.000,16.19,12.18,36.34,16.43,20.33,3373,-40.88,4.0,0.788
2025-04-18T00:25:20.000,16.19,12.09,39.35,16.34,20.33,3374,-40.88,4.0,0.788
2025-04-18T00:26:21.000,16.18,12.12,41.85,16.28,20.33,3375,-40.88,4.0,0.788
2025-04-18T00:27:21.000,16.14,12.02,44.15,16.22,20.33,3376,-40.88,4.0,0.788
2025-04-18T00:28:21.000,16.14,12.18,47.07,16.15,20.33,3377,-40.88,5.0,0.788
2025-04-18T00:29:21.000,16.13,12.14,48.78,16.11,20.33,3378,-40.88,5.0,0.788
2025-04-18T00:30:21.000,16.13,12.14,47.84,16.13,20.33,3379,-40.87,5.0,0.788
2025-04-18T00:31:21.000,16.13,12.07,47.16,16.15,20.33,3380,-40.87,5.0,0.788
2025-04-18T00:32:21.000,16.12,12.11,47.15,16.15,20.33,3381,-40.86,5.0,0.788
2025-04-18T00:33:21.000,16.14,12.15,47.2,16.15,20.33,3382,-40.86,5.0,0.788
2025-04-18T00:34:21.000,16.14,12.12,47.09,16.15,20.33,3383,-40.85,5.0,0.788
2025-04-18T00:35:21.000,16.11,12.08,49.32,16.1,20.33,3384,-40.84,6.0,0.788
2025-04-18T00:36:22.000,16.11,12.19,51.35,16.05,20.33,3385,-40.83,6.0,0.788
2025-04-18T00:37:22.000,16.12,12.29,48.29,16.12,20.33,3386,-40.82,6.0,0.788
2025-04-18T00:38:22.000,16.15,12.24,52.73,16.03,20.33,3387,-40.81,6.0,0.788
2025-04-18T00:39:22.000,16.12,12.16,53.1,16.02,20.33,3388,-40.79,6.0,0.788
2025-04-18T00:40:22.000,16.08,12.2,53.36,16.01,20.33,3389,-40.78,6.0,0.787
2025-04-18T00:41:22.000,16.04,12.09,49.7,16.09,20.33,3390,-40.76,6.0,0.787
2025-04-18T00:42:22.000,16.01,12.06,49.76,16.09,20.33,3391,-40.75,6.0,0.787
2025-04-18T00:43:22.000,15.97,12.05,42.12,16.27,20.33,3392,-40.73,7.0,0.787
2025-04-18T00:44:23.000,15.98,12.08,39.44,16.34,20.33,3393,-40.71,7.0,0.787
2025-04-18T00:45:23.000,16.02,11.87,26.41,16.78,20.33,3394,-40.69,7.0,0.787
2025-04-18T00:46:23.000,16.05,11.87,25.9,16.8,20.33,3395,-40.67,7.0,0.787
2025-04-18T00:47:23.000,16.13,12.1,29.38,16.66,20.33,3396,-40.65,7.0,0.787
2025-04-18T00:48:23.000,16.16,12.08,34.77,16.48,20.33,3397,-40.62,7.0,0.787
2025-04-18T00:49:23.000,16.18,12.19,36.55,16.42,20.33,3398,-40.6,7.0,0.787
2025-04-18T00:50:23.000,16.21,12.26,35.92,16.44,20.33,3399,-40.57,8.0,0.787
2025-04-18T00:51:24.000,16.24,12.17,38.83,16.36,20.33,3400,-40.55,8.0,0.787
2025-04-18T00:52:24.000,16.17,11.87,36.73,16.42,20.33,3401,-40.52,8.0,0.787
2025-04-18T00:53:24.000,16.13,11.98,30.6,16.62,20.33,3402,-40.49,8.0,0.787
2025-04-18T00:54:24.000,16.11,12.05,31.71,16.58,20.33,3403,-40.46,8.0,0.787
2025-04-18T00:55:25.000,16.07,11.9,33.65,16.51,20.33,3404,-40.43,8.0,0.787
2025-04-18T00:56:25.000,16.07,12.0,27.61,16.73,20.33,3405,-40.4,8.0,0.787
2025-04-18T00:57:25.000,16.08,11.83,22.55,16.95,20.33,3406,-40.36,8.0,0.787
2025-04-18T00:58:25.000,16.09,11.84,24.29,16.87,20.33,3407,-40.33,9.0,0.786
2025-04-18T00:59:25.000,16.08,11.96,30.38,16.63,20.33,3408,-40.29,9.0,0.786
2025-04-18T01:00:25.000,16.08,12.03,36.38,16.43,20.33,3409,-40.26,9.0,0.786
2025-04-18T01:01:25.000,16.09,12.15,41.62,16.28,20.33,3410,-40.22,9.0,0.786
2025-04-18T01:02:26.000,16.13,12.13,46.19,16.17,20.33,3411,-40.18,9.0,0.786
2025-04-18T01:03:26.000,16.14,12.09,46.88,16.15,20.33,3412,-40.14,9.0,0.786
2025-04-18T01:04:26.000,16.11,11.96,45.61,16.18,20.33,3413,-40.1,9.0,0.786
2025-04-18T01:05:26.000,16.1,12.06,39.42,16.34,20.33,3414,-40.06,9.0,0.786
2025-04-18T01:06:26.000,16.09,11.97,32.11,16.56,20.33,3415,-40.02,10.0,0.786
2025-04-18T01:07:27.000,16.05,11.92,36.25,16.43,20.33,3416,-39.97,10.0,0.786
2025-04-18T01:08:27.000,16.03,11.91,38.37,16.37,20.33,3417,-39.93,10.0,0.786
2025-04-18T01:09:27.000,15.99,11.95,39.17,16.35,20.33,3418,-39.88,10.0,0.786
2025-04-18T01:10:27.000,15.99,11.96,40.61,16.31,20.33,3419,-39.83,10.0,0.786
2025-04-18T01:11:27.000,16.0,11.99,42.23,16.27,20.33,3420,-39.79,10.0,0.786
2025-04-18T01:12:27.000,15.98,11.98,47.77,16.13,20.33,3421,-39.74,10.0,0.786
2025-04-18T01:13:27.000,15.96,12.02,53.93,16.0,20.33,3422,-39.69,10.0,0.786
2025-04-18T01:14:28.000,15.94,12.04,59.02,15.9,20.33,3423,-39.63,11.0,0.786
2025-04-18T01:15:28.000,15.91,12.16,62.86,15.83,20.33,3424,-39.58,11.0,0.786
2025-04-18T01:16:28.000,15.89,12.13,62.73,15.84,20.33,3425,-39.53,11.0,0.785
2025-04-18T01:17:28.000,15.9,12.26,57.34,15.93,20.33,3426,-39.47,11.0,0.785
2025-04-18T01:18:28.000,15.91,12.05,47.14,16.15,20.33,3427,-39.42,11.0,0.785
2025-04-18T01:19:28.000,15.88,11.91,43.15,16.24,20.33,3428,-39.36,11.0,0.785
2025-04-18T01:20:28.000,15.87,11.9,38.52,16.37,20.33,3429,-39.31,11.0,0.785
2025-04-18T01:21:28.000,15.82,11.64,36.69,16.42,20.33,3430,-39.25,11.0,0.785
2025-04-18T01:22:29.000,15.77,11.57,31.88,16.57,20.33,3431,-39.19,11.0,0.785
2025-04-18T01:23:29.000,15.73,11.57,31.67,16.58,20.33,3432,-39.13,12.0,0.785
2025-04-18T01:24:29.000,15.72,11.78,38.93,16.36,20.33,3433,-39.07,12.0,0.785
2025-04-18T01:25:29.000,15.71,11.79,42.38,16.26,20.33,3434,-39.0,12.0,0.785
2025-04-18T01:26:29.000,15.71,11.9,42.86,16.25,20.33,3435,-38.94,12.0,0.785
2025-04-18T01:27:29.000,15.72,11.93,39.21,16.35,20.33,3436,-38.88,12.0,0.785
2025-04-18T01:28:29.000,15.73,11.8,34.95,16.47,20.33,3437,-38.81,12.0,0.785
2025-04-18T01:29:29.000,15.73,11.78,34.45,16.49,20.33,3438,-38.74,12.0,0.785
2025-04-18T01:30:30.000,15.72,11.79,32.68,16.55,20.33,3439,-38.68,12.0,0.785
2025-04-18T01:31:30.000,15.7,11.64,28.4,16.7,20.33,3440,-38.61,12.0,0.785
2025-04-18T01:32:30.000,15.7,11.59,24.5,16.86,20.33,3441,-38.54,13.0,0.785
2025-04-18T01:33:30.000,15.69,11.67,27.25,16.74,20.33,3442,-38.47,13.0,0.785
2025-04-18T01:34:30.000,15.7,11.71,27.19,16.75,20.33,3443,-38.4,13.0,0.784
2025-04-18T01:35:31.000,15.65,11.6,28.77,16.68,20.33,3444,-38.32,13.0,0.784
2025-04-18T01:36:31.000,15.64,11.72,29.89,16.65,20.33,3445,-38.25,13.0,0.784
2025-04-18T01:37:31.000,15.63,11.66,31.8,16.58,20.33,3446,-38.18,13.0,0.784
2025-04-18T01:38:31.000,15.67,11.74,29.87,16.64,20.33,3447,-38.1,13.0,0.784
2025-04-18T01:39:31.000,15.7,11.63,33.53,16.52,20.33,3448,-38.03,13.0,0.784
2025-04-18T01:40:32.000,15.66,11.49,35.03,16.47,20.33,3449,-37.95,13.0,0.784
2025-04-18T01:41:32.000,15.63,11.54,33.31,16.52,20.33,3450,-37.87,14.0,0.784
2025-04-18T01:42:32.000,15.62,11.54,31.81,16.57,20.33,3451,-37.79,14.0,0.784
2025-04-18T01:43:32.000,15.62,11.47,26.11,16.79,20.33,3452,-37.71,14.0,0.784
2025-04-18T01:44:32.000,15.61,11.37,23.62,16.9,20.33,3453,-37.63,14.0,0.784
2025-04-18T01:45:32.000,15.6,11.47,24.48,16.86,20.33,3454,-37.55,14.0,0.784
2025-04-18T01:46:32.000,15.59,11.43,26.15,16.79,20.33,3455,-37.47,14.0,0.784
2025-04-18T01:47:33.000,15.53,11.34,28.87,16.68,20.33,3456,-37.38,14.0,0.784
2025-04-18T01:48:33.000,15.5,11.48,28.37,16.7,20.33,3457,-37.3,14.0,0.784
2025-04-18T01:49:33.000,15.51,11.66,27.29,16.74,20.33,3458,-37.21,14.0,0.784
2025-04-18T01:50:33.000,15.54,11.61,26.37,16.78,20.33,3459,-37.13,14.0,0.784
2025-04-18T01:51:33.000,15.54,11.66,30.57,16.62,20.33,3460,-37.04,15.0,0.784
2025-04-18T01:52:33.000,15.54,11.85,34.66,16.48,20.33,3461,-36.95,15.0,0.783
2025-04-18T01:53:33.000,15.57,12.0,38.74,16.36,20.33,3462,-36.86,15.0,0.783
2025-04-18T01:54:34.000,15.58,11.68,32.65,16.55,20.33,3463,-36.77,15.0,0.783
2025-04-18T01:55:34.000,15.58,11.68,31.49,16.59,20.33,3464,-36.68,15.0,0.783
2025-04-18T01:56:34.000,15.6,11.71,28.43,16.7,20.33,3465,-36.59,15.0,0.783
2025-04-18T01:57:34.000,15.59,11.49,30.21,16.63,20.33,3466,-36.5,15.0,0.783
2025-04-18T01:58:34.000,15.58,11.6,29.93,16.64,20.33,3467,-36.41,15.0,0.783
2025-04-18T01:59:34.000,15.58,11.6,30.56,16.62,20.33,3468,-36.31,15.0,0.783
2025-04-18T02:00:35.000,15.54,11.34,26.11,16.79,20.33,3469,-36.22,15.0,0.783
2025-04-18T02:01:35.000,15.48,11.3,27.24,16.74,20.33,3470,-36.12,16.0,0.783
2025-04-18T02:02:35.000,15.47,11.42,25.42,16.82,20.33,3471,-36.02,16.0,0.783
