ecsv/stars835/stars835_2025-04.ecsv
# %ECSV 1.0
# ---
# datatype:
# - {name: time, datatype: string}
# - {name: Enclosure Temperature, unit: deg_C, datatype: float64}
# - {name: Sky Temperature, unit: deg_C, datatype: float64}
# - {name: Frequency, unit: Hz, datatype: float64}
# - {name: MSAS, unit: mag / arcsec2, datatype: float64}
# - {name: ZP, datatype: float64}
# - {name: Sequence Number, datatype: int64}
# - {name: Sun Alt, unit: deg, datatype: float64}
# - {name: Moon Alt, unit: deg, datatype: float64}
# - {name: Moon Illumination, datatype: float64}
# delimiter: ','
# meta: !!omap
# - ida:
#     Data supplier: {affiliation: "Diputaci\xF3n de Badajoz", observer: "Alejandro Pe\xF1a Paredes"}
#     Device type: TESS-W
#     Field of view: 17.0
#     Filters per channel: None
#     Instrument ID: stars835
#     License: ODbL 1.0 http://opendatacommons.org/licenses/odbl/summary/
#     Local timezone: Europe/Madrid
#     Location name: {country: Spain, place: Ayuntamiento, region: Extremadura, sub_region: 'Sierra Suroeste, Badajoz', town: Oliva de
#         la Frontera}
#     Measurement direction per channel: {azimuth: 0.0, zenital: 0.0}
#     Moving / Fixed look direction: FIXED
#     Moving / Stationary position: STATIONARY
#     Number of channels: 1
#     Number of fields per line: 8
#     Number of header lines: 35
#     Position: {height: 0.0, latitude: 38.276969, longitude: -6.91978}
#     TESS MAC address: E8:DB:84:82:FB:35
#     TESS cover offset value: 0.0
#     TESS firmware version: '1.0'
#     TESS zero point: 20.33
#     Time Synchronization: timestamp added by MQTT subscriber
#     URL: http://www.darksky.org/NSBM/sdf1.0.pdf
# - __serialized_columns__:
#     Enclosure Temperature:
#       __class__: astropy.units.quantity.Quantity
#       unit: &id001 !astropy.units.Unit {unit: deg_C}
#       value: !astropy.table.SerializedColumn {name: Enclosure Temperature}
#     Frequency:
#       __class__: astropy.units.quantity.Quantity
#       unit: !astropy.units.Unit {unit: Hz}
#       value: !astropy.table.SerializedColumn {name: Frequency}
#     MSAS:
#       __class__: astropy.units.quantity.Quantity
#       unit: !astropy.units.Unit {unit: mag / arcsec2}
#       value: !astropy.table.SerializedColumn {name: MSAS}
#     Moon Alt:
#       __class__: astropy.units.quantity.Quantity
#       unit: &id002 !astropy.units.Unit {unit: deg}
#       value: !astropy.table.SerializedColumn {name: Moon Alt}
#     Sky Temperature:
#       __class__: astropy.units.quantity.Quantity
#       unit: *id001
#       value: !astropy.table.SerializedColumn {name: Sky Temperature}
#     Sun Alt:
#       __class__: astropy.units.quantity.Quantity
#       unit: *id002
#       value: !astropy.table.SerializedColumn {name: Sun Alt}
#     time:
#       __class__: astropy.time.core.Time
#       format: isot
#       in_subfmt: '*'
#       out_subfmt: '*'
#       precision: 3
#       scale: utc
#       value: !astropy.table.SerializedColumn {name: time}
# schema: astropy-2.0
time,Enclosure Temperature,Sky Temperature,Frequency,MSAS,ZP,Sequence Number,Sun Alt,Moon Alt,Moon Illumination
[from data line 8086]
2025-04-15T23:52:42.000,9.97,-12.86,4.84,18.62,20.33,471,-40.91,16.0,0.921
2025-04-15T23:53:42.000,9.98,-12.9,4.87,18.61,20.33,472,-40.95,16.0,0.921
2025-04-15T23:54:42.000,9.97,-12.81,4.9,18.61,20.33,473,-40.99,17.0,0.921
2025-04-15T23:55:42.000,10.03,-12.49,4.92,18.6,20.33,474,-41.02,17.0,0.921
2025-04-15T23:56:43.000,9.89,-12.52,4.96,18.59,20.33,475,-41.06,17.0,0.921
2025-04-15T23:57:43.000,9.83,-12.65,5.01,18.58,20.33,476,-41.09,17.0,0.921
2025-04-15T23:58:43.000,9.95,-12.85,5.02,18.58,20.33,477,-41.13,17.0,0.921
2025-04-15T23:59:43.000,10.01,-12.78,5.03,18.58,20.33,478,-41.16,17.0,0.921
2025-04-16T00:00:43.000,9.93,-12.53,5.06,18.57,20.33,479,-41.19,17.0,0.921
2025-04-16T00:01:43.000,9.96,-12.62,5.09,18.56,20.33,480,-41.22,17.0,0.921
2025-04-16T00:02:43.000,9.98,-12.87,5.12,18.56,20.33,481,-41.24,17.0,0.921
2025-04-16T00:03:44.000,9.94,-12.91,5.14,18.55,20.33,482,-41.27,18.0,0.921
2025-04-16T00:04:44.000,10.02,-12.46,5.16,18.55,20.33,483,-41.3,18.0,0.921
2025-04-16T00:05:44.000,9.89,-12.52,5.19,18.54,20.33,484,-41.32,18.0,0.921
2025-04-16T00:06:44.000,9.79,-12.59,5.23,18.53,20.33,485,-41.35,18.0,0.921
2025-04-16T00:07:44.000,9.88,-12.81,5.24,18.53,20.33,486,-41.37,18.0,0.921
2025-04-16T00:08:44.000,10.0,-12.83,5.24,18.53,20.33,487,-41.39,18.0,0.921
2025-04-16T00:09:44.000,9.96,-12.77,5.24,18.53,20.33,488,-41.41,18.0,0.921
2025-04-16T00:10:44.000,9.81,-12.93,5.27,18.53,20.33,489,-41.43,18.0,0.921
2025-04-16T00:11:44.000,9.89,-12.96,5.27,18.53,20.33,490,-41.45,18.0,0.921
2025-04-16T00:12:45.000,10.0,-13.08,5.25,18.53,20.33,491,-41.46,19.0,0.921
2025-04-16T00:13:45.000,9.98,-12.71,5.26,18.53,20.33,492,-41.48,19.0,0.921
2025-04-16T00:14:45.000,9.76,-12.97,5.29,18.52,20.33,493,-41.5,19.0,0.92
2025-04-16T00:15:45.000,9.8,-12.81,5.3,18.52,20.33,494,-41.51,19.0,0.92
2025-04-16T00:16:46.000,9.95,-12.67,5.31,18.52,20.33,495,-41.52,19.0,0.92
2025-04-16T00:17:46.000,10.0,-12.69,5.33,18.51,20.33,496,-41.53,19.0,0.92
2025-04-16T00:18:46.000,9.77,-12.67,5.31,18.52,20.33,497,-41.54,19.0,0.92
2025-04-16T00:19:46.000,9.78,-12.71,5.29,18.52,20.33,498,-41.55,19.0,0.92
2025-04-16T00:20:46.000,9.91,-12.9,5.35,18.51,20.33,499,-41.56,19.0,0.92
2025-04-16T00:21:46.000,10.05,-12.54,5.4,18.5,20.33,500,-41.57,19.0,0.92
2025-04-16T00:22:46.000,9.94,-12.72,5.42,18.5,20.33,501,-41.57,20.0,0.92
2025-04-16T00:23:47.000,9.72,-12.62,5.44,18.49,20.33,502,-41.58,20.0,0.92
2025-04-16T00:24:47.000,9.78,-12.77,5.49,18.48,20.33,503,-41.58,20.0,0.92
2025-04-16T00:25:47.000,9.95,-12.54,5.51,18.48,20.33,504,-41.58,20.0,0.92
2025-04-16T00:26:47.000,10.05,-12.33,5.54,18.47,20.33,505,-41.58,20.0,0.92
2025-04-16T00:27:48.000,9.88,-12.26,5.55,18.47,20.33,506,-41.58,20.0,0.92
2025-04-16T00:28:48.000,9.74,-13.13,5.57,18.47,20.33,507,-41.58,20.0,0.92
2025-04-16T00:29:48.000,9.84,-12.74,5.59,18.46,20.33,508,-41.58,20.0,0.92
2025-04-16T00:30:48.000,9.98,-12.68,5.6,18.46,20.33,509,-41.58,20.0,0.92
2025-04-16T00:31:48.000,10.0,-12.38,5.6,18.46,20.33,510,-41.57,20.0,0.92
2025-04-16T00:32:48.000,9.83,-12.28,5.64,18.45,20.33,511,-41.57,20.0,0.92
2025-04-16T00:33:48.000,9.79,-12.87,5.64,18.45,20.33,512,-41.56,21.0,0.92
2025-04-16T00:34:48.000,9.86,-12.87,5.64,18.45,20.33,513,-41.55,21.0,0.92
2025-04-16T00:35:48.000,10.0,-12.73,5.66,18.45,20.33,514,-41.54,21.0,0.92
2025-04-16T00:36:49.000,9.95,-12.76,5.67,18.45,20.33,515,-41.53,21.0,0.92
2025-04-16T00:37:49.000,9.9,-12.96,5.66,18.45,20.33,516,-41.52,21.0,0.92
2025-04-16T00:38:49.000,9.98,-12.94,5.67,18.45,20.33,517,-41.51,21.0,0.92
2025-04-16T00:39:49.000,9.98,-12.51,5.72,18.44,20.33,518,-41.5,21.0,0.92
2025-04-16T00:40:49.000,10.0,-12.15,5.72,18.44,20.33,519,-41.48,21.0,0.92
2025-04-16T00:41:49.000,9.9,-12.11,5.79,18.42,20.33,520,-41.46,21.0,0.92
2025-04-16T00:42:49.000,9.97,-12.24,5.81,18.42,20.33,521,-41.45,21.0,0.919
2025-04-16T00:43:49.000,9.98,-12.36,5.81,18.42,20.33,522,-41.43,21.0,0.919
2025-04-16T00:44:49.000,9.91,-12.5,5.85,18.41,20.33,523,-41.41,22.0,0.919
2025-04-16T00:45:50.000,9.97,-12.79,5.84,18.42,20.33,524,-41.39,22.0,0.919
2025-04-16T00:46:50.000,10.0,-12.45,5.87,18.41,20.33,525,-41.37,22.0,0.919
2025-04-16T00:47:50.000,9.94,-12.47,5.91,18.4,20.33,526,-41.35,22.0,0.919
2025-04-16T00:48:50.000,9.73,-12.8,5.91,18.4,20.33,527,-41.32,22.0,0.919
2025-04-16T00:49:51.000,9.82,-12.43,5.92,18.4,20.33,528,-41.3,22.0,0.919
2025-04-16T00:50:51.000,10.0,-12.61,5.92,18.4,20.33,529,-41.27,22.0,0.919
2025-04-16T00:51:51.000,9.95,-12.54,5.93,18.4,20.33,530,-41.24,22.0,0.919
2025-04-16T00:52:51.000,9.93,-12.37,5.94,18.4,20.33,531,-41.22,22.0,0.919
2025-04-16T00:53:51.000,10.0,-12.53,5.95,18.39,20.33,532,-41.19,22.0,0.919
2025-04-16T00:54:51.000,9.94,-12.59,5.93,18.4,20.33,533,-41.16,22.0,0.919
2025-04-16T00:55:51.000,10.0,-12.05,5.86,18.41,20.33,534,-41.13,22.0,0.919
2025-04-16T00:56:51.000,10.0,-12.19,5.86,18.41,20.33,535,-41.09,22.0,0.919
2025-04-16T00:57:51.000,9.77,-12.28,5.89,18.4,20.33,536,-41.06,23.0,0.919
2025-04-16T00:58:51.000,9.81,-12.28,5.92,18.4,20.33,537,-41.03,23.0,0.919
2025-04-16T00:59:52.000,10.0,-12.16,5.99,18.39,20.33,538,-40.99,23.0,0.919
2025-04-16T01:00:52.000,10.03,-12.28,6.0,18.38,20.33,539,-40.95,23.0,0.919
2025-04-16T01:01:52.000,9.84,-12.22,6.02,18.38,20.33,540,-40.91,23.0,0.919
2025-04-16T01:02:52.000,9.89,-12.11,6.05,18.38,20.33,541,-40.88,23.0,0.919
2025-04-16T01:03:52.000,10.07,-11.9,6.05,18.38,20.33,542,-40.84,23.0,0.919
2025-04-16T01:04:52.000,9.98,-11.73,6.06,18.37,20.33,543,-40.79,23.0,0.919
2025-04-16T01:05:52.000,9.82,-12.05,6.07,18.37,20.33,544,-40.75,23.0,0.919
2025-04-16T01:06:52.000,9.93,-11.97,6.08,18.37,20.33,545,-40.71,23.0,0.919
2025-04-16T01:07:52.000,10.06,-12.04,6.08,18.37,20.33,546,-40.66,23.0,0.919
2025-04-16T01:08:52.000,9.91,-11.8,6.09,18.37,20.33,547,-40.62,23.0,0.919
2025-04-16T01:09:52.000,9.95,-11.78,6.1,18.37,20.33,548,-40.57,23.0,0.919
2025-04-16T01:10:52.000,10.03,-12.0,6.11,18.37,20.33,549,-40.52,23.0,0.918
2025-04-16T01:11:52.000,9.86,-12.12,6.11,18.37,20.33,550,-40.48,24.0,0.918
2025-04-16T01:12:52.000,9.88,-11.94,6.13,18.36,20.33,551,-40.43,24.0,0.918
2025-04-16T01:13:53.000,10.07,-11.84,6.15,18.36,20.33,552,-40.38,24.0,0.918
2025-04-16T01:14:53.000,10.0,-11.86,6.16,18.36,20.33,553,-40.32,24.0,0.918
2025-04-16T01:15:53.000,9.86,-11.66,6.18,18.35,20.33,554,-40.27,24.0,0.918
2025-04-16T01:16:53.000,10.03,-11.78,6.19,18.35,20.33,555,-40.22,24.0,0.918
2025-04-16T01:17:53.000,9.99,-11.67,6.2,18.35,20.33,556,-40.16,24.0,0.918
2025-04-16T01:18:53.000,9.88,-11.76,6.21,18.35,20.33,557,-40.11,24.0,0.918
2025-04-16T01:19:53.000,9.96,-12.01,6.22,18.35,20.33,558,-40.05,24.0,0.918
2025-04-16T01:20:53.000,10.03,-11.92,6.23,18.34,20.33,559,-39.99,24.0,0.918
2025-04-16T01:21:53.000,9.92,-11.65,6.23,18.34,20.33,560,-39.93,24.0,0.918
2025-04-16T01:22:53.000,9.98,-12.19,6.25,18.34,20.33,561,-39.87,24.0,0.918
2025-04-16T01:23:53.000,10.08,-11.81,6.25,18.34,20.33,562,-39.81,24.0,0.918
2025-04-16T01:24:53.000,9.9,-11.84,6.26,18.34,20.33,563,-39.75,24.0,0.918
2025-04-16T01:25:53.000,9.82,-11.94,6.28,18.34,20.33,564,-39.69,24.0,0.918
2025-04-16T01:26:54.000,10.01,-11.94,6.28,18.34,20.33,565,-39.62,24.0,0.918
2025-04-16T01:27:54.000,10.03,-11.97,6.29,18.33,20.33,566,-39.56,24.0,0.918
2025-04-16T01:28:54.000,9.82,-12.07,6.3,18.33,20.33,567,-39.49,25.0,0.918
2025-04-16T01:29:54.000,9.84,-12.19,6.32,18.33,20.33,568,-39.42,25.0,0.918
2025-04-16T01:30:54.000,10.03,-12.27,6.33,18.33,20.33,569,-39.36,25.0,0.918
2025-04-16T01:31:54.000,9.95,-12.42,6.32,18.33,20.33,570,-39.29,25.0,0.918
2025-04-16T01:32:54.000,9.85,-12.21,6.33,18.33,20.33,571,-39.22,25.0,0.918
2025-04-16T01:33:55.000,9.94,-12.53,6.31,18.33,20.33,572,-39.14,25.0,0.918
2025-04-16T01:34:55.000,10.06,-12.49,6.31,18.33,20.33,573,-39.07,25.0,0.918
2025-04-16T01:35:55.000,9.88,-12.46,6.29,18.33,20.33,574,-39.0,25.0,0.918
2025-04-16T01:36:55.000,9.87,-12.48,6.36,18.32,20.33,575,-38.93,25.0,0.918
2025-04-16T01:37:56.000,10.06,-12.26,6.38,18.32,20.33,576,-38.85,25.0,0.917
2025-04-16T01:38:56.000,9.97,-12.12,6.33,18.33,20.33,577,-38.77,25.0,0.917
2025-04-16T01:39:56.000,9.84,-12.26,6.36,18.32,20.33,578,-38.7,25.0,0.917
2025-04-16T01:40:56.000,9.97,-12.3,6.38,18.32,20.33,579,-38.62,25.0,0.917
2025-04-16T01:41:56.000,10.02,-12.06,6.38,18.32,20.33,580,-38.54,25.0,0.917
2025-04-16T01:42:56.000,9.89,-12.12,6.4,18.31,20.33,581,-38.46,25.0,0.917
2025-04-16T01:43:56.000,9.93,-12.23,6.4,18.31,20.33,582,-38.38,25.0,0.917
2025-04-16T01:44:56.000,10.04,-12.16,6.39,18.32,20.33,583,-38.3,25.0,0.917
2025-04-16T01:45:57.000,9.89,-12.28,6.42,18.31,20.33,584,-38.22,25.0,0.917
2025-04-16T01:46:57.000,9.75,-12.58,6.42,18.31,20.33,585,-38.13,25.0,0.917
2025-04-16T01:47:57.000,9.9,-12.58,6.45,18.31,20.33,586,-38.05,25.0,0.917
2025-04-16T01:48:57.000,10.02,-12.6,6.43,18.31,20.33,587,-37.96,25.0,0.917
2025-04-16T01:49:58.000,9.95,-12.35,6.42,18.31,20.33,588,-37.88,25.0,0.917
2025-04-16T01:50:58.000,9.96,-12.4,6.46,18.31,20.33,589,-37.79,25.0,0.917
2025-04-16T01:51:58.000,10.01,-12.48,6.47,18.3,20.33,590,-37.7,26.0,0.917
2025-04-16T01:52:58.000,9.83,-12.68,6.49,18.3,20.33,591,-37.61,26.0,0.917
2025-04-16T01:53:59.000,9.87,-12.45,6.53,18.29,20.33,592,-37.52,26.0,0.917
2025-04-16T01:54:59.000,10.02,-12.6,6.49,18.3,20.33,593,-37.43,26.0,0.917
2025-04-16T01:55:59.000,9.94,-12.45,6.54,18.29,20.33,594,-37.34,26.0,0.917
2025-04-16T01:56:59.000,9.85,-12.74,6.53,18.29,20.33,595,-37.25,26.0,0.917
2025-04-16T01:58:00.000,9.94,-12.82,6.51,18.3,20.33,596,-37.15,26.0,0.917
2025-04-16T01:58:59.000,10.03,-12.61,6.52,18.3,20.33,597,-37.06,26.0,0.917
2025-04-16T02:00:00.000,9.86,-12.75,6.56,18.29,20.33,598,-36.96,26.0,0.917
2025-04-16T02:01:00.000,9.79,-12.45,6.6,18.28,20.33,599,-36.87,26.0,0.917
2025-04-16T02:02:00.000,9.92,-12.71,6.63,18.28,20.33,600,-36.77,26.0,0.917
2025-04-16T02:03:00.000,10.01,-12.68,6.62,18.28,20.33,601,-36.67,26.0,0.917
2025-04-16T02:04:01.000,9.96,-12.23,6.65,18.27,20.33,602,-36.57,26.0,0.917
2025-04-16T02:05:01.000,9.97,-12.4,6.64,18.27,20.33,603,-36.48,26.0,0.917
2025-04-16T02:06:01.000,10.02,-12.15,6.63,18.28,20.33,604,-36.38,26.0,0.916
2025-04-16T02:07:01.000,9.87,-12.31,6.67,18.27,20.33,605,-36.28,26.0,0.916
2025-04-16T02:08:01.000,9.91,-12.34,6.68,18.27,20.33,606,-36.17,26.0,0.916
2025-04-16T02:09:02.000,10.03,-12.3,6.62,18.28,20.33,607,-36.07,26.0,0.916
2025-04-16T02:10:02.000,9.92,-12.11,6.65,18.27,20.33,608,-35.97,26.0,0.916
2025-04-16T02:11:02.000,9.95,-11.95,6.58,18.29,20.33,609,-35.86,26.0,0.916
2025-04-16T02:12:02.000,10.03,-12.16,6.72,18.26,20.33,610,-35.76,26.0,0.916
2025-04-16T02:13:02.000,9.89,-12.04,6.71,18.26,20.33,611,-35.65,26.0,0.916
2025-04-16T02:14:03.000,9.93,-12.24,6.7,18.27,20.33,612,-35.54,26.0,0.916
2025-04-16T02:15:03.000,10.03,-12.17,6.62,18.28,20.33,613,-35.44,26.0,0.916
2025-04-16T02:16:03.000,9.89,-12.2,6.67,18.27,20.33,614,-35.33,26.0,0.916
2025-04-16T02:17:03.000,9.82,-12.29,6.7,18.27,20.33,615,-35.22,26.0,0.916
2025-04-16T02:18:03.000,9.98,-12.15,6.71,18.26,20.33,616,-35.11,26.0,0.916
2025-04-16T02:19:03.000,10.07,-11.82,6.71,18.26,20.33,617,-35.0,26.0,0.916
2025-04-16T02:20:03.000,9.87,-11.88,6.74,18.26,20.33,618,-34.89,26.0,0.916
2025-04-16T02:21:03.000,9.76,-12.31,6.68,18.27,20.33,619,-34.78,26.0,0.916
2025-04-16T02:22:04.000,9.93,-11.92,6.72,18.26,20.33,620,-34.66,26.0,0.916
2025-04-16T02:23:04.000,10.1,-11.84,6.69,18.27,20.33,621,-34.55,26.0,0.916
2025-04-16T02:24:04.000,9.85,-11.98,6.67,18.27,20.33,622,-34.44,26.0,0.916
2025-04-16T02:25:04.000,9.79,-11.83,6.7,18.27,20.33,623,-34.32,26.0,0.916
2025-04-16T02:26:05.000,9.98,-11.94,6.71,18.26,20.33,624,-34.21,26.0,0.916
2025-04-16T02:27:05.000,10.05,-11.9,6.71,18.26,20.33,625,-34.09,26.0,0.916
2025-04-16T02:28:05.000,9.81,-12.04,6.7,18.27,20.33,626,-33.97,26.0,0.916
2025-04-16T02:29:05.000,9.76,-12.18,6.78,18.25,20.33,627,-33.85,26.0,0.916
2025-04-16T02:30:05.000,9.94,-12.18,6.76,18.26,20.33,628,-33.74,26.0,0.916
2025-04-16T02:31:05.000,10.09,-11.87,6.71,18.26,20.33,629,-33.62,26.0,0.916
2025-04-16T02:32:06.000,9.92,-11.69,6.72,18.26,20.33,630,-33.5,26.0,0.916
2025-04-16T02:33:06.000,9.8,-12.13,6.71,18.26,20.33,631,-33.38,26.0,0.915
2025-04-16T02:34:06.000,9.98,-11.76,6.72,18.26,20.33,632,-33.25,26.0,0.915
2025-04-16T02:35:06.000,10.14,-11.42,6.6,18.28,20.33,633,-33.13,26.0,0.915
2025-04-16T02:36:07.000,9.92,-11.57,6.61,18.28,20.33,634,-33.01,26.0,0.915
2025-04-16T02:37:07.000,9.76,-11.81,6.76,18.26,20.33,635,-32.88,26.0,0.915
2025-04-16T02:38:07.000,9.96,-11.68,6.66,18.27,20.33,636,-32.76,26.0,0.915
2025-04-16T02:39:07.000,10.09,-11.64,6.73,18.26,20.33,637,-32.64,26.0,0.915
2025-04-16T02:40:08.000,9.85,-11.77,6.73,18.26,20.33,638,-32.51,26.0,0.915
2025-04-16T02:41:08.000,9.81,-11.96,6.67,18.27,20.33,639,-32.38,26.0,0.915
2025-04-16T02:42:08.000,10.01,-11.78,6.72,18.26,20.33,640,-32.26,26.0,0.915
2025-04-16T02:43:08.000,10.07,-11.76,6.65,18.27,20.33,641,-32.13,26.0,0.915
2025-04-16T02:44:08.000,9.83,-11.87,6.63,18.28,20.33,642,-32.0,26.0,0.915
2025-04-16T02:45:08.000,9.84,-11.86,6.7,18.27,20.33,643,-31.87,26.0,0.915
2025-04-16T02:46:08.000,10.07,-11.68,6.66,18.27,20.33,644,-31.74,26.0,0.915
2025-04-16T02:47:09.000,10.02,-11.64,6.65,18.27,20.33,645,-31.61,26.0,0.915
2025-04-16T02:48:09.000,9.82,-11.67,6.71,18.26,20.33,646,-31.48,26.0,0.915
2025-04-16T02:49:09.000,9.9,-11.8,6.63,18.28,20.33,647,-31.35,26.0,0.915
2025-04-16T02:50:10.000,10.1,-11.69,6.64,18.28,20.33,648,-31.22,26.0,0.915
2025-04-16T02:51:10.000,9.94,-11.63,6.64,18.27,20.33,649,-31.09,26.0,0.915
2025-04-16T02:52:10.000,9.79,-11.79,6.66,18.27,20.33,650,-30.95,26.0,0.915
2025-04-16T02:53:10.000,9.96,-11.68,6.64,18.27,20.33,651,-30.82,26.0,0.915
2025-04-16T02:54:10.000,10.1,-11.52,6.64,18.27,20.33,652,-30.68,26.0,0.915
2025-04-16T02:55:11.000,9.91,-11.44,6.65,18.27,20.33,653,-30.55,26.0,0.915
2025-04-16T02:56:11.000,9.83,-11.65,6.66,18.27,20.33,654,-30.41,26.0,0.915
2025-04-16T02:57:11.000,10.03,-11.5,6.66,18.27,20.33,655,-30.28,26.0,0.915
2025-04-16T02:58:11.000,10.08,-11.33,6.61,18.28,20.33,656,-30.14,26.0,0.915
2025-04-16T02:59:12.000,9.86,-11.33,6.69,18.27,20.33,657,-30.0,26.0,0.915
2025-04-16T03:00:12.000,9.83,-11.53,6.74,18.26,20.33,658,-29.86,26.0,0.914
2025-04-16T03:01:12.000,10.03,-11.5,6.69,18.27,20.33,659,-29.72,26.0,0.914
2025-04-16T03:02:12.000,10.04,-11.33,6.42,18.31,20.33,660,-29.59,26.0,0.914
2025-04-16T03:03:12.000,9.83,-11.59,5.57,18.47,20.33,661,-29.45,26.0,0.914
2025-04-16T03:04:12.000,9.91,-11.62,5.88,18.41,20.33,662,-29.31,26.0,0.914
2025-04-16T03:05:12.000,10.1,-11.5,5.78,18.43,20.33,663,-29.17,26.0,0.914
2025-04-16T03:06:12.000,9.95,-11.54,5.39,18.5,20.33,664,-29.03,26.0,0.914
2025-04-16T03:07:12.000,9.82,-11.64,5.49,18.48,20.33,665,-28.88,26.0,0.914
2025-04-16T03:08:12.000,9.98,-11.88,5.88,18.41,20.33,666,-28.74,26.0,0.914
2025-04-16T03:09:13.000,10.05,-11.82,6.5,18.3,20.33,667,-28.6,26.0,0.914
2025-04-16T03:10:13.000,9.86,-11.85,6.62,18.28,20.33,668,-28.45,26.0,0.914
2025-04-16T03:11:13.000,9.89,-11.8,6.62,18.28,20.33,669,-28.31,26.0,0.914
2025-04-16T03:12:13.000,10.12,-11.49,6.57,18.29,20.33,670,-28.17,26.0,0.914
2025-04-16T03:13:14.000,10.04,-11.55,6.57,18.29,20.33,671,-28.02,26.0,0.914
2025-04-16T03:14:14.000,9.83,-11.75,6.57,18.29,20.33,672,-27.87,26.0,0.914
2025-04-16T03:15:14.000,9.91,-12.0,6.54,18.29,20.33,673,-27.73,26.0,0.914
2025-04-16T03:16:14.000,10.06,-11.99,6.53,18.29,20.33,674,-27.58,26.0,0.914
2025-04-16T03:17:14.000,9.97,-11.66,6.54,18.29,20.33,675,-27.43,25.0,0.914
2025-04-16T03:18:14.000,9.91,-11.72,6.5,18.3,20.33,676,-27.29,25.0,0.914
2025-04-16T03:19:15.000,10.05,-11.82,6.49,18.3,20.33,677,-27.14,25.0,0.914
2025-04-16T03:20:15.000,9.98,-11.6,6.48,18.3,20.33,678,-26.99,25.0,0.914
2025-04-16T03:21:15.000,9.89,-11.75,6.5,18.3,20.33,679,-26.84,25.0,0.914
2025-04-16T03:22:15.000,10.02,-11.9,6.49,18.3,20.33,680,-26.69,25.0,0.914
2025-04-16T03:23:15.000,10.04,-11.7,6.47,18.3,20.33,681,-26.54,25.0,0.914
2025-04-16T03:24:15.000,9.86,-11.7,6.49,18.3,20.33,682,-26.39,25.0,0.914
2025-04-16T03:25:16.000,9.97,-11.74,6.47,18.3,20.33,683,-26.24,25.0,0.914
2025-04-16T03:26:16.000,10.09,-11.68,6.47,18.3,20.33,684,-26.09,25.0,0.914
