ecsv/stars835/stars835_2024-04.ecsv
# %ECSV 1.0
# ---
# datatype:
# - {name: time, datatype: string}
# - {name: Enclosure Temperature, unit: deg_C, datatype: float64}
# - {name: Sky Temperature, unit: deg_C, datatype: float64}
# - {name: Frequency, unit: Hz, datatype: float64}
# - {name: MSAS, unit: mag / arcsec2, datatype: float64}
# - {name: ZP, datatype: float64}
# - {name: Sequence Number, datatype: int64}
# - {name: Sun Alt, unit: deg, datatype: float64}
# - {name: Moon Alt, unit: deg, datatype: float64}
# - {name: Moon Illumination, datatype: float64}
# delimiter: ','
# meta: !!omap
# - ida:
#     Data supplier: {affiliation: "Diputaci\xF3n de Badajoz", observer: "Alejandro Pe\xF1a Paredes"}
#     Device type: TESS-W
#     Field of view: 17.0
#     Filters per channel: None
#     Instrument ID: stars835
#     License: ODbL 1.0 http://opendatacommons.org/licenses/odbl/summary/
#     Local timezone: Europe/Madrid
#     Location name: {country: Spain, place: Ayuntamiento, region: Extremadura, sub_region: 'Sierra Suroeste, Badajoz', town: Oliva de
#         la Frontera}
#     Measurement direction per channel: {azimuth: 0.0, zenital: 0.0}
#     Moving / Fixed look direction: FIXED
#     Moving / Stationary position: STATIONARY
#     Number of channels: 1
#     Number of fields per line: 8
#     Number of header lines: 35
#     Position: {height: 0.0, latitude: 38.276969, longitude: -6.91978}
#     TESS MAC address: E8:DB:84:82:FB:35
#     TESS cover offset value: 0.0
#     TESS firmware version: '1.0'
#     TESS zero point: 20.33
#     Time Synchronization: timestamp added by MQTT subscriber
#     URL: http://www.darksky.org/NSBM/sdf1.0.pdf
# - __serialized_columns__:
#     Enclosure Temperature:
#       __class__: astropy.units.quantity.Quantity
#       unit: &id001 !astropy.units.Unit {unit: deg_C}
#       value: !astropy.table.SerializedColumn {name: Enclosure Temperature}
#     Frequency:
#       __class__: astropy.units.quantity.Quantity
#       unit: !astropy.units.Unit {unit: Hz}
#       value: !astropy.table.SerializedColumn {name: Frequency}
#     MSAS:
#       __class__: astropy.units.quantity.Quantity
#       unit: !astropy.units.Unit {unit: mag / arcsec2}
#       value: !astropy.table.SerializedColumn {name: MSAS}
#     Moon Alt:
#       __class__: astropy.units.quantity.Quantity
#       unit: &id002 !astropy.units.Unit {unit: deg}
#       value: !astropy.table.SerializedColumn {name: Moon Alt}
#     Sky Temperature:
#       __class__: astropy.units.quantity.Quantity
#       unit: *id001
#       value: !astropy.table.SerializedColumn {name: Sky Temperature}
#     Sun Alt:
#       __class__: astropy.units.quantity.Quantity
#       unit: *id002
#       value: !astropy.table.SerializedColumn {name: Sun Alt}
#     time:
#       __class__: astropy.time.core.Time
#       format: isot
#       in_subfmt: '*'
#       out_subfmt: '*'
#       precision: 3
#       scale: utc
#       value: !astropy.table.SerializedColumn {name: time}
# schema: astropy-2.0
time,Enclosure Temperature,Sky Temperature,Frequency,MSAS,ZP,Sequence Number,Sun Alt,Moon Alt,Moon Illumination
[from data line 1478]
2024-04-03T01:06:28.000,13.56,12.41,42.91,16.26,20.33,3922,-45.52,-22.0,0.401
2024-04-03T01:07:28.000,13.55,12.26,44.83,16.2,20.33,3923,-45.48,-22.0,0.401
2024-04-03T01:08:28.000,13.53,12.28,49.48,16.1,20.33,3924,-45.43,-21.0,0.401
2024-04-03T01:09:29.000,13.53,12.38,41.76,16.29,20.33,3925,-45.38,-21.0,0.401
2024-04-03T01:10:29.000,13.49,12.12,40.84,16.31,20.33,3926,-45.34,-21.0,0.401
2024-04-03T01:11:29.000,13.49,12.28,45.67,16.18,20.33,3927,-45.29,-21.0,0.401
2024-04-03T01:12:29.000,13.52,12.49,44.19,16.22,20.33,3928,-45.24,-21.0,0.401
2024-04-03T01:13:29.000,13.55,12.38,47.76,16.13,20.33,3929,-45.19,-21.0,0.401
2024-04-03T01:14:29.000,13.56,12.47,47.33,16.14,20.33,3930,-45.13,-20.0,0.401
2024-04-03T01:15:29.000,13.61,12.63,49.5,16.1,20.33,3931,-45.08,-20.0,0.401
2024-04-03T01:16:29.000,13.63,12.48,40.59,16.31,20.33,3932,-45.03,-20.0,0.401
2024-04-03T01:17:30.000,13.61,12.48,47.04,16.15,20.33,3933,-44.97,-20.0,0.4
2024-04-03T01:18:30.000,13.63,12.53,50.22,16.08,20.33,3934,-44.91,-20.0,0.4
2024-04-03T01:19:30.000,13.62,12.47,53.87,16.01,20.33,3935,-44.86,-19.0,0.4
2024-04-03T01:20:30.000,13.65,12.61,53.82,16.0,20.33,3936,-44.8,-19.0,0.4
2024-04-03T01:21:30.000,13.66,12.5,45.5,16.19,20.33,3937,-44.74,-19.0,0.4
2024-04-03T01:22:30.000,13.67,12.51,42.13,16.27,20.33,3938,-44.68,-19.0,0.4
2024-04-03T01:23:30.000,13.67,12.53,42.44,16.26,20.33,3939,-44.61,-19.0,0.4
2024-04-03T01:24:30.000,13.64,12.39,55.48,15.98,20.33,3940,-44.55,-19.0,0.4
2024-04-03T01:25:30.000,13.63,12.48,55.64,15.97,20.33,3941,-44.49,-18.0,0.4
2024-04-03T01:26:30.000,13.61,12.27,49.57,16.09,20.33,3942,-44.42,-18.0,0.4
2024-04-03T01:27:30.000,13.56,12.32,56.27,15.96,20.33,3943,-44.36,-18.0,0.4
2024-04-03T01:28:30.000,13.6,12.55,52.63,16.03,20.33,3944,-44.29,-18.0,0.4
2024-04-03T01:29:30.000,13.62,12.58,59.46,15.9,20.33,3945,-44.22,-18.0,0.4
2024-04-03T01:30:30.000,13.69,12.69,54.65,15.99,20.33,3946,-44.15,-18.0,0.399
2024-04-03T01:31:30.000,13.71,12.6,58.48,15.91,20.33,3947,-44.08,-17.0,0.399
2024-04-03T01:32:31.000,13.73,12.69,58.59,15.91,20.33,3948,-44.01,-17.0,0.399
2024-04-03T01:33:31.000,13.71,12.4,65.16,15.8,20.33,3949,-43.93,-17.0,0.399
2024-04-03T01:34:31.000,13.68,12.54,58.85,15.91,20.33,3950,-43.86,-17.0,0.399
2024-04-03T01:35:31.000,13.69,12.56,62.48,15.84,20.33,3951,-43.78,-17.0,0.399
2024-04-03T01:36:31.000,13.72,12.72,60.61,15.87,20.33,3952,-43.71,-16.0,0.399
2024-04-03T01:37:31.000,13.77,12.73,71.57,15.69,20.33,3953,-43.63,-16.0,0.399
2024-04-03T01:38:31.000,13.79,12.7,64.18,15.81,20.33,3954,-43.55,-16.0,0.399
2024-04-03T01:39:31.000,13.78,12.7,59.84,15.89,20.33,3955,-43.47,-16.0,0.399
2024-04-03T01:40:31.000,13.82,12.87,52.59,16.03,20.33,3956,-43.39,-16.0,0.399
2024-04-03T01:41:31.000,13.84,12.74,52.75,16.03,20.33,3957,-43.31,-16.0,0.399
2024-04-03T01:42:31.000,13.8,12.59,58.85,15.91,20.33,3958,-43.23,-15.0,0.399
2024-04-03T01:43:31.000,13.78,12.63,68.8,15.74,20.33,3959,-43.15,-15.0,0.398
2024-04-03T01:44:31.000,13.78,12.66,63.45,15.82,20.33,3960,-43.06,-15.0,0.398
2024-04-03T01:45:32.000,13.79,12.76,70.75,15.71,20.33,3961,-42.98,-15.0,0.398
2024-04-03T01:46:32.000,13.86,13.01,73.26,15.67,20.33,3962,-42.89,-15.0,0.398
2024-04-03T01:47:32.000,13.95,13.1,68.09,15.75,20.33,3963,-42.8,-15.0,0.398
2024-04-03T01:48:32.000,13.97,12.91,69.48,15.73,20.33,3964,-42.71,-14.0,0.398
2024-04-03T01:49:32.000,13.97,12.94,71.34,15.7,20.33,3965,-42.63,-14.0,0.398
2024-04-03T01:50:32.000,13.94,12.77,64.91,15.8,20.33,3966,-42.54,-14.0,0.398
2024-04-03T01:51:32.000,13.96,13.01,57.06,15.94,20.33,3967,-42.44,-14.0,0.398
2024-04-03T01:52:32.000,13.99,12.88,45.45,16.19,20.33,3968,-42.35,-14.0,0.398
2024-04-03T01:53:32.000,13.97,12.85,47.37,16.15,20.33,3969,-42.26,-13.0,0.398
2024-04-03T01:54:32.000,13.94,12.75,48.39,16.12,20.33,3970,-42.17,-13.0,0.398
2024-04-03T01:55:32.000,13.94,12.85,50.54,16.07,20.33,3971,-42.07,-13.0,0.398
2024-04-03T01:56:32.000,13.91,12.73,57.98,15.92,20.33,3972,-41.97,-13.0,0.397
2024-04-03T01:57:33.000,13.93,12.93,51.89,16.04,20.33,3973,-41.88,-13.0,0.397
2024-04-03T01:58:33.000,13.94,12.94,53.41,16.01,20.33,3974,-41.78,-13.0,0.397
2024-04-03T01:59:33.000,13.93,12.73,52.31,16.04,20.33,3975,-41.68,-12.0,0.397
2024-04-03T02:00:33.000,13.91,12.74,45.93,16.18,20.33,3976,-41.58,-12.0,0.397
2024-04-03T02:01:33.000,13.88,12.78,49.21,16.1,20.33,3977,-41.48,-12.0,0.397
2024-04-03T02:02:33.000,13.89,12.75,56.34,15.96,20.33,3978,-41.38,-12.0,0.397
2024-04-03T02:03:33.000,13.83,12.59,54.89,15.98,20.33,3979,-41.28,-12.0,0.397
2024-04-03T02:04:33.000,13.85,12.75,62.89,15.84,20.33,3980,-41.17,-12.0,0.397
2024-04-03T02:05:33.000,13.84,12.69,69.45,15.73,20.33,3981,-41.07,-11.0,0.397
2024-04-03T02:06:33.000,13.83,12.6,60.7,15.87,20.33,3982,-40.97,-11.0,0.397
2024-04-03T02:07:33.000,13.82,12.69,74.07,15.66,20.33,3983,-40.86,-11.0,0.397
2024-04-03T02:08:33.000,13.82,12.68,76.59,15.62,20.33,3984,-40.75,-11.0,0.397
2024-04-03T02:09:34.000,13.82,12.67,80.88,15.56,20.33,3985,-40.65,-11.0,0.397
2024-04-03T02:10:34.000,13.83,12.7,80.34,15.57,20.33,3986,-40.54,-11.0,0.396
2024-04-03T02:11:34.000,13.8,12.56,84.36,15.52,20.33,3987,-40.43,-10.0,0.396
2024-04-03T02:12:34.000,13.79,12.58,93.78,15.4,20.33,3988,-40.32,-10.0,0.396
2024-04-03T02:13:34.000,13.78,12.61,100.25,15.33,20.33,3989,-40.21,-10.0,0.396
2024-04-03T02:14:34.000,13.8,12.76,99.06,15.34,20.33,3990,-40.1,-10.0,0.396
2024-04-03T02:15:34.000,13.83,12.7,99.27,15.34,20.33,3991,-39.98,-10.0,0.396
2024-04-03T02:16:34.000,13.83,12.76,109.53,15.23,20.33,3992,-39.87,-10.0,0.396
2024-04-03T02:17:34.000,13.9,12.97,104.3,15.29,20.33,3993,-39.76,-9.0,0.396
2024-04-03T02:18:34.000,13.92,12.82,90.63,15.44,20.33,3994,-39.64,-9.0,0.396
2024-04-03T02:19:34.000,13.95,12.91,87.61,15.47,20.33,3995,-39.53,-9.0,0.396
2024-04-03T02:20:34.000,13.97,12.89,89.86,15.45,20.33,3996,-39.41,-9.0,0.396
2024-04-03T02:21:34.000,13.94,12.84,95.6,15.38,20.33,3997,-39.29,-9.0,0.396
2024-04-03T02:22:34.000,13.97,12.86,95.25,15.38,20.33,3998,-39.18,-9.0,0.396
2024-04-03T02:23:34.000,13.92,12.64,87.37,15.48,20.33,3999,-39.06,-8.0,0.395
2024-04-03T02:24:35.000,13.91,12.86,91.61,15.43,20.33,4000,-38.94,-8.0,0.395
2024-04-03T02:25:35.000,13.93,12.89,87.5,15.48,20.33,4001,-38.82,-8.0,0.395
2024-04-03T02:26:35.000,13.94,12.72,80.72,15.56,20.33,4002,-38.69,-8.0,0.395
2024-04-03T02:27:35.000,13.92,12.71,74.55,15.65,20.33,4003,-38.57,-8.0,0.395
2024-04-03T02:28:35.000,13.84,12.5,77.89,15.6,20.33,4004,-38.45,-8.0,0.395
2024-04-03T02:29:35.000,13.81,12.55,77.64,15.61,20.33,4005,-38.33,-7.0,0.395
2024-04-03T02:30:35.000,13.82,12.71,68.43,15.74,20.33,4006,-38.2,-7.0,0.395
2024-04-03T02:31:35.000,13.9,12.93,82.09,15.55,20.33,4007,-38.08,-7.0,0.395
2024-04-03T02:32:35.000,13.93,12.84,77.36,15.61,20.33,4008,-37.95,-7.0,0.395
2024-04-03T02:33:35.000,13.93,12.74,70.61,15.71,20.33,4009,-37.83,-7.0,0.395
2024-04-03T02:34:35.000,13.93,12.85,66.84,15.77,20.33,4010,-37.7,-7.0,0.395
2024-04-03T02:35:35.000,14.0,13.09,61.09,15.87,20.33,4011,-37.57,-6.0,0.395
2024-04-03T02:36:36.000,14.01,12.84,64.32,15.81,20.33,4012,-37.44,-6.0,0.394
2024-04-03T02:37:36.000,13.99,12.84,66.0,15.78,20.33,4013,-37.31,-6.0,0.394
2024-04-03T02:38:36.000,13.97,12.79,68.27,15.75,20.33,4014,-37.18,-6.0,0.394
2024-04-03T02:39:36.000,13.96,12.81,61.11,15.87,20.33,4015,-37.05,-6.0,0.394
2024-04-03T02:40:36.000,13.94,12.66,60.68,15.87,20.33,4016,-36.92,-6.0,0.394
2024-04-03T02:41:36.000,13.88,12.56,68.89,15.74,20.33,4017,-36.79,-5.0,0.394
2024-04-03T02:42:36.000,13.93,12.93,80.95,15.56,20.33,4018,-36.66,-5.0,0.394
2024-04-03T02:43:36.000,13.95,12.8,69.59,15.72,20.33,4019,-36.53,-5.0,0.394
2024-04-03T02:44:36.000,13.96,12.78,79.34,15.58,20.33,4020,-36.39,-5.0,0.394
2024-04-03T02:45:36.000,13.96,12.86,93.03,15.41,20.33,4021,-36.26,-5.0,0.394
2024-04-03T02:46:36.000,14.02,13.01,88.82,15.46,20.33,4022,-36.12,-5.0,0.394
2024-04-03T02:47:36.000,14.02,12.78,97.37,15.36,20.33,4023,-35.99,-4.0,0.394
2024-04-03T02:48:36.000,13.99,12.72,98.2,15.35,20.33,4024,-35.85,-4.0,0.394
2024-04-03T02:49:36.000,13.97,12.81,97.48,15.36,20.33,4025,-35.71,-4.0,0.393
2024-04-03T02:50:36.000,13.93,12.56,85.24,15.5,20.33,4026,-35.58,-4.0,0.393
2024-04-03T02:51:37.000,13.86,12.38,88.52,15.46,20.33,4027,-35.44,-4.0,0.393
2024-04-03T02:52:37.000,13.8,12.51,87.37,15.48,20.33,4028,-35.3,-4.0,0.393
2024-04-03T02:53:37.000,13.85,12.82,78.16,15.6,20.33,4029,-35.16,-3.0,0.393
2024-04-03T02:54:37.000,13.93,12.92,80.95,15.56,20.33,4030,-35.02,-3.0,0.393
2024-04-03T02:55:37.000,13.97,12.9,77.66,15.61,20.33,4031,-34.88,-3.0,0.393
2024-04-03T02:56:37.000,14.05,13.12,87.82,15.47,20.33,4032,-34.74,-3.0,0.393
2024-04-03T02:57:37.000,14.09,12.94,85.57,15.5,20.33,4033,-34.6,-3.0,0.393
2024-04-03T02:58:37.000,14.08,12.87,88.39,15.46,20.33,4034,-34.45,-3.0,0.393
2024-04-03T02:59:37.000,14.07,12.82,91.75,15.42,20.33,4035,-34.31,-2.0,0.393
2024-04-03T03:00:37.000,14.01,12.73,94.45,15.39,20.33,4036,-34.17,-2.0,0.393
2024-04-03T03:01:37.000,14.02,12.92,95.33,15.38,20.33,4037,-34.02,-2.0,0.393
2024-04-03T03:02:37.000,14.03,12.93,99.07,15.34,20.33,4038,-33.88,-2.0,0.392
2024-04-03T03:03:37.000,14.02,12.81,103.28,15.3,20.33,4039,-33.73,-2.0,0.392
2024-04-03T03:04:37.000,14.04,13.01,99.75,15.33,20.33,4040,-33.59,-2.0,0.392
2024-04-03T03:05:38.000,14.06,12.95,88.29,15.47,20.33,4041,-33.44,-1.0,0.392
2024-04-03T03:06:38.000,14.08,13.1,86.2,15.49,20.33,4042,-33.29,-1.0,0.392
2024-04-03T03:07:38.000,14.08,12.87,95.14,15.38,20.33,4043,-33.14,-1.0,0.392
2024-04-03T03:08:38.000,14.04,12.94,87.28,15.48,20.33,4044,-33.0,-1.0,0.392
2024-04-03T03:09:38.000,14.08,13.11,93.07,15.41,20.33,4045,-32.85,-1.0,0.392
2024-04-03T03:10:38.000,14.13,13.11,92.09,15.42,20.33,4046,-32.7,-1.0,0.392
2024-04-03T03:11:38.000,14.13,13.11,97.2,15.36,20.33,4047,-32.55,-1.0,0.392
2024-04-03T03:12:38.000,14.17,13.1,83.57,15.53,20.33,4048,-32.4,-0.0,0.392
2024-04-03T03:13:38.000,14.16,13.14,85.36,15.5,20.33,4049,-32.25,-0.0,0.392
2024-04-03T03:14:38.000,14.17,13.02,92.99,15.41,20.33,4050,-32.1,-0.0,0.392
2024-04-03T03:15:38.000,14.12,12.88,102.39,15.31,20.33,4051,-31.95,0.0,0.391
2024-04-03T03:16:38.000,14.06,12.86,97.03,15.36,20.33,4052,-31.79,0.0,0.391
2024-04-03T03:17:38.000,14.08,13.1,94.68,15.39,20.33,4053,-31.64,0.0,0.391
2024-04-03T03:18:38.000,14.13,13.08,105.37,15.27,20.33,4054,-31.49,1.0,0.391
2024-04-03T03:19:39.000,14.13,13.06,95.09,15.39,20.33,4055,-31.33,1.0,0.391
2024-04-03T03:20:39.000,14.13,13.09,84.02,15.52,20.33,4056,-31.18,1.0,0.391
2024-04-03T03:21:39.000,14.18,13.26,85.66,15.5,20.33,4057,-31.02,1.0,0.391
2024-04-03T03:22:39.000,14.18,13.02,89.75,15.45,20.33,4058,-30.87,1.0,0.391
2024-04-03T03:23:39.000,14.11,12.83,89.6,15.45,20.33,4059,-30.71,1.0,0.391
2024-04-03T03:24:39.000,14.08,12.9,96.7,15.37,20.33,4060,-30.56,1.0,0.391
2024-04-03T03:25:39.000,14.06,12.95,87.41,15.48,20.33,4061,-30.4,2.0,0.391
2024-04-03T03:26:39.000,14.06,12.97,83.53,15.53,20.33,4062,-30.24,2.0,0.391
2024-04-03T03:27:39.000,14.13,13.23,88.61,15.46,20.33,4063,-30.09,2.0,0.391
2024-04-03T03:28:39.000,14.15,13.03,93.73,15.4,20.33,4064,-29.93,2.0,0.39
2024-04-03T03:29:39.000,14.15,13.05,102.81,15.3,20.33,4065,-29.77,2.0,0.39
2024-04-03T03:30:39.000,14.08,12.77,106.52,15.26,20.33,4066,-29.61,2.0,0.39
2024-04-03T03:31:39.000,14.07,13.0,106.07,15.27,20.33,4067,-29.45,3.0,0.39
2024-04-03T03:32:39.000,14.05,12.81,108.31,15.24,20.33,4068,-29.29,3.0,0.39
2024-04-03T03:33:39.000,14.01,12.76,102.7,15.3,20.33,4069,-29.13,3.0,0.39
2024-04-03T03:34:39.000,14.0,12.91,104.63,15.28,20.33,4070,-28.97,3.0,0.39
2024-04-03T03:35:40.000,14.03,12.88,114.52,15.18,20.33,4071,-28.81,3.0,0.39
2024-04-03T03:36:40.000,14.01,12.84,111.98,15.21,20.33,4072,-28.65,3.0,0.39
2024-04-03T03:37:40.000,13.99,12.7,117.01,15.16,20.33,4073,-28.49,3.0,0.39
2024-04-03T03:38:40.000,13.94,12.62,106.68,15.26,20.33,4074,-28.32,4.0,0.39
2024-04-03T03:39:40.000,13.91,12.59,107.46,15.25,20.33,4075,-28.16,4.0,0.39
2024-04-03T03:40:40.000,13.9,12.67,98.82,15.34,20.33,4076,-28.0,4.0,0.39
2024-04-03T03:41:40.000,13.9,12.67,87.89,15.47,20.33,4077,-27.83,4.0,0.389
2024-04-03T03:42:40.000,13.88,12.68,84.94,15.51,20.33,4078,-27.67,4.0,0.389
2024-04-03T03:43:40.000,13.92,12.87,88.64,15.46,20.33,4079,-27.51,4.0,0.389
2024-04-03T03:44:40.000,13.95,12.77,93.06,15.41,20.33,4080,-27.34,5.0,0.389
2024-04-03T03:45:40.000,13.94,12.73,85.14,15.51,20.33,4081,-27.18,5.0,0.389
2024-04-03T03:46:40.000,13.89,12.49,73.48,15.67,20.33,4082,-27.01,5.0,0.389
2024-04-03T03:47:40.000,13.86,12.7,98.64,15.35,20.33,4083,-26.85,5.0,0.389
2024-04-03T03:48:40.000,13.87,12.67,102.25,15.31,20.33,4084,-26.68,5.0,0.389
2024-04-03T03:49:40.000,13.87,12.69,95.23,15.39,20.33,4085,-26.51,5.0,0.389
2024-04-03T03:50:41.000,13.89,12.66,81.06,15.56,20.33,4086,-26.34,5.0,0.389
2024-04-03T03:51:41.000,13.86,12.69,80.5,15.57,20.33,4087,-26.18,6.0,0.389
2024-04-03T03:52:41.000,13.9,12.77,91.02,15.43,20.33,4088,-26.01,6.0,0.389
2024-04-03T03:53:41.000,13.92,12.79,78.72,15.59,20.33,4089,-25.84,6.0,0.389
2024-04-03T03:54:41.000,13.93,12.8,85.7,15.5,20.33,4090,-25.67,6.0,0.388
2024-04-03T03:55:41.000,13.94,12.75,91.93,15.42,20.33,4091,-25.5,6.0,0.388
2024-04-03T03:56:41.000,13.92,12.76,75.77,15.64,20.33,4092,-25.33,6.0,0.388
2024-04-03T03:57:41.000,13.92,12.73,65.05,15.8,20.33,4093,-25.16,6.0,0.388
2024-04-03T03:58:41.000,13.96,12.85,61.8,15.86,20.33,4094,-25.0,7.0,0.388
2024-04-03T03:59:41.000,13.96,12.87,62.3,15.85,20.33,4095,-24.83,7.0,0.388
2024-04-03T04:00:41.000,13.95,12.67,71.27,15.7,20.33,4096,-24.65,7.0,0.388
2024-04-03T04:01:41.000,13.97,12.86,72.34,15.68,20.33,4097,-24.48,7.0,0.388
2024-04-03T04:02:41.000,13.98,12.81,53.37,16.02,20.33,4098,-24.31,7.0,0.388
2024-04-03T04:03:42.000,13.96,12.67,55.89,15.96,20.33,4099,-24.14,7.0,0.388
2024-04-03T04:04:42.000,13.89,12.54,55.55,15.97,20.33,4100,-23.97,7.0,0.388
2024-04-03T04:05:42.000,13.91,12.74,62.9,15.84,20.33,4101,-23.79,8.0,0.388
2024-04-03T04:06:42.000,13.95,12.83,84.18,15.52,20.33,4102,-23.62,8.0,0.388
2024-04-03T04:07:42.000,13.98,12.81,89.43,15.45,20.33,4103,-23.45,8.0,0.388
2024-04-03T04:08:42.000,13.93,12.46,88.18,15.47,20.33,4104,-23.28,8.0,0.387
2024-04-03T04:09:42.000,13.95,12.86,95.01,15.39,20.33,4105,-23.1,8.0,0.387
2024-04-03T04:10:42.000,13.99,12.84,105.41,15.27,20.33,4106,-22.93,8.0,0.387
2024-04-03T04:11:42.000,14.02,12.92,102.45,15.3,20.33,4107,-22.75,8.0,0.387
2024-04-03T04:12:42.000,14.03,12.8,109.62,15.23,20.33,4108,-22.58,9.0,0.387
2024-04-03T04:13:42.000,14.01,12.76,119.09,15.14,20.33,4109,-22.41,9.0,0.387
2024-04-03T04:14:42.000,14.02,12.82,121.91,15.12,20.33,4110,-22.23,9.0,0.387
2024-04-03T04:15:43.000,14.0,12.67,118.18,15.15,20.33,4111,-22.05,9.0,0.387
2024-04-03T04:16:43.000,13.99,12.78,119.36,15.14,20.33,4112,-21.88,9.0,0.387
2024-04-03T04:17:43.000,14.05,13.03,123.01,15.11,20.33,4113,-21.7,9.0,0.387
2024-04-03T04:18:43.000,14.11,13.05,117.93,15.15,20.33,4114,-21.53,9.0,0.387
2024-04-03T04:19:43.000,14.15,13.07,110.45,15.22,20.33,4115,-21.35,9.0,0.387
2024-04-03T04:20:43.000,14.14,12.83,119.71,15.13,20.33,4116,-21.17,10.0,0.387
2024-04-03T04:21:43.000,14.09,12.81,106.99,15.26,20.33,4117,-21.0,10.0,0.386
2024-04-03T04:22:43.000,14.05,12.67,88.5,15.46,20.33,4118,-20.82,10.0,0.386
2024-04-03T04:23:43.000,13.98,12.51,76.7,15.62,20.33,4119,-20.64,10.0,0.386
2024-04-03T04:24:43.000,13.95,12.54,74.14,15.66,20.33,4120,-20.46,10.0,0.386
2024-04-03T04:25:43.000,13.91,12.46,74.29,15.65,20.33,4121,-20.28,10.0,0.386
2024-04-03T04:26:43.000,13.87,12.46,79.66,15.58,20.33,4122,-20.11,10.0,0.386
2024-04-03T04:27:44.000,13.84,12.48,92.45,15.42,20.33,4123,-19.92,11.0,0.386
2024-04-03T04:28:44.000,13.9,12.73,112.9,15.2,20.33,4124,-19.75,11.0,0.386
2024-04-03T04:29:44.000,13.96,12.82,118.72,15.14,20.33,4125,-19.57,11.0,0.386
2024-04-03T04:30:44.000,13.99,12.74,109.3,15.24,20.33,4126,-19.39,11.0,0.386
2024-04-03T04:31:44.000,13.98,12.73,99.57,15.34,20.33,4127,-19.21,11.0,0.386
2024-04-03T04:32:44.000,13.99,12.62,104.94,15.28,20.33,4128,-19.03,11.0,0.386
2024-04-03T04:33:44.000,13.92,12.47,99.25,15.34,20.33,4129,-18.85,11.0,0.386
