ecsv/stars555/stars555_2025-04.ecsv
# %ECSV 1.0
# ---
# datatype:
# - {name: time, datatype: string}
# - {name: Enclosure Temperature, unit: deg_C, datatype: float64}
# - {name: Sky Temperature, unit: deg_C, datatype: float64}
# - {name: Frequency, unit: Hz, datatype: float64}
# - {name: MSAS, unit: mag / arcsec2, datatype: float64}
# - {name: ZP, datatype: float64}
# - {name: Sequence Number, datatype: int64}
# - {name: Sun Alt, unit: deg, datatype: float64}
# - {name: Moon Alt, unit: deg, datatype: float64}
# - {name: Moon Illumination, datatype: float64}
# delimiter: ','
# meta: !!omap
# - ida:
#     Data supplier: {affiliation: "Jorge Garc\xEDa", observer: "Jorge Garc\xEDa"}
#     Device type: TESS-W
#     Field of view: 17.0
#     Filters per channel: None
#     Instrument ID: stars555
#     License: ODbL 1.0 http://opendatacommons.org/licenses/odbl/summary/
#     Local timezone: Europe/Madrid
#     Location name: {country: Spain, place: Las Praderas, region: Community of Madrid, sub_region: Cuenca del Guadarrama, town: Las Praderas}
#     Measurement direction per channel: {azimuth: 0.0, zenital: 0.0}
#     Moving / Fixed look direction: FIXED
#     Moving / Stationary position: STATIONARY
#     Number of channels: 1
#     Number of fields per line: 8
#     Number of header lines: 35
#     Position: {height: 0.0, latitude: 40.7038333, longitude: -3.94202777}
#     TESS MAC address: 98:F4:AB:B2:7C:2F
#     TESS cover offset value: 0.0
#     TESS firmware version: '1.0'
#     TESS zero point: 20.33
#     Time Synchronization: timestamp added by MQTT subscriber
#     URL: http://www.darksky.org/NSBM/sdf1.0.pdf
# - __serialized_columns__:
#     Enclosure Temperature:
#       __class__: astropy.units.quantity.Quantity
#       unit: &id001 !astropy.units.Unit {unit: deg_C}
#       value: !astropy.table.SerializedColumn {name: Enclosure Temperature}
#     Frequency:
#       __class__: astropy.units.quantity.Quantity
#       unit: !astropy.units.Unit {unit: Hz}
#       value: !astropy.table.SerializedColumn {name: Frequency}
#     MSAS:
#       __class__: astropy.units.quantity.Quantity
#       unit: !astropy.units.Unit {unit: mag / arcsec2}
#       value: !astropy.table.SerializedColumn {name: MSAS}
#     Moon Alt:
#       __class__: astropy.units.quantity.Quantity
#       unit: &id002 !astropy.units.Unit {unit: deg}
#       value: !astropy.table.SerializedColumn {name: Moon Alt}
#     Sky Temperature:
#       __class__: astropy.units.quantity.Quantity
#       unit: *id001
#       value: !astropy.table.SerializedColumn {name: Sky Temperature}
#     Sun Alt:
#       __class__: astropy.units.quantity.Quantity
#       unit: *id002
#       value: !astropy.table.SerializedColumn {name: Sun Alt}
#     time:
#       __class__: astropy.time.core.Time
#       format: isot
#       in_subfmt: '*'
#       out_subfmt: '*'
#       precision: 3
#       scale: utc
#       value: !astropy.table.SerializedColumn {name: time}
# schema: astropy-2.0
time,Enclosure Temperature,Sky Temperature,Frequency,MSAS,ZP,Sequence Number,Sun Alt,Moon Alt,Moon Illumination
[from data line 5195]
2025-04-09T02:34:54.000,10.11,-16.67,4.87,18.61,20.33,89860,-32.24,19.0,0.867
2025-04-09T02:35:58.000,10.16,-16.51,4.85,18.62,20.33,89861,-32.11,19.0,0.867
2025-04-09T02:37:01.000,10.0,-16.45,4.82,18.62,20.33,89862,-31.98,18.0,0.867
2025-04-09T02:38:06.000,9.91,-16.57,4.81,18.62,20.33,89863,-31.84,18.0,0.867
2025-04-09T02:39:10.000,10.1,-16.58,4.8,18.63,20.33,89864,-31.7,18.0,0.867
2025-04-09T02:40:15.000,10.19,-16.54,4.79,18.63,20.33,89865,-31.56,18.0,0.867
2025-04-09T02:41:19.000,10.01,-16.55,4.76,18.64,20.33,89866,-31.43,18.0,0.867
2025-04-09T02:42:23.000,9.89,-16.61,4.75,18.64,20.33,89867,-31.29,17.0,0.867
2025-04-09T02:43:27.000,10.08,-16.6,4.73,18.64,20.33,89868,-31.15,17.0,0.867
2025-04-09T02:44:32.000,10.18,-16.57,4.72,18.65,20.33,89869,-31.01,17.0,0.867
2025-04-09T02:45:37.000,10.03,-16.58,4.7,18.65,20.33,89870,-30.86,17.0,0.867
2025-04-09T02:46:42.000,9.89,-16.62,4.66,18.66,20.33,89871,-30.72,17.0,0.867
2025-04-09T02:47:46.000,10.07,-16.68,4.54,18.69,20.33,89872,-30.58,16.0,0.867
2025-04-09T02:48:50.000,10.19,-16.62,4.53,18.69,20.33,89873,-30.43,16.0,0.867
2025-04-09T02:49:53.000,10.06,-16.63,4.11,18.8,20.33,89874,-30.29,16.0,0.867
2025-04-09T02:50:59.000,9.92,-16.74,3.72,18.9,20.33,89875,-30.15,16.0,0.867
2025-04-09T02:52:04.000,10.07,-16.84,4.05,18.81,20.33,89876,-30.0,16.0,0.867
2025-04-09T02:53:09.000,10.19,-16.88,4.22,18.77,20.33,89877,-29.85,15.0,0.867
2025-04-09T02:54:14.000,10.05,-16.81,4.22,18.77,20.33,89878,-29.7,15.0,0.868
2025-04-09T02:55:20.000,9.9,-16.93,4.25,18.76,20.33,89879,-29.55,15.0,0.868
2025-04-09T02:56:25.000,10.04,-17.1,4.31,18.74,20.33,89880,-29.4,15.0,0.868
2025-04-09T02:57:30.000,10.15,-17.15,4.37,18.73,20.33,89881,-29.25,15.0,0.868
2025-04-09T02:58:36.000,9.97,-17.24,4.36,18.73,20.33,89882,-29.1,14.0,0.868
2025-04-09T02:59:42.000,9.87,-17.25,4.33,18.74,20.33,89883,-28.95,14.0,0.868
2025-04-09T03:00:48.000,10.09,-17.26,4.3,18.75,20.33,89884,-28.79,14.0,0.868
2025-04-09T03:01:54.000,10.2,-17.13,4.26,18.76,20.33,89885,-28.64,14.0,0.868
2025-04-09T03:03:00.000,10.04,-17.01,4.22,18.77,20.33,89886,-28.48,13.0,0.868
2025-04-09T03:04:06.000,9.88,-17.09,4.17,18.78,20.33,89887,-28.33,13.0,0.868
2025-04-09T03:05:11.000,10.05,-17.1,4.12,18.79,20.33,89888,-28.17,13.0,0.868
2025-04-09T03:06:18.000,10.17,-17.03,4.08,18.8,20.33,89889,-28.01,13.0,0.868
2025-04-09T03:07:23.000,10.01,-16.99,4.02,18.82,20.33,89890,-27.86,13.0,0.868
2025-04-09T03:08:28.000,9.86,-17.14,3.98,18.83,20.33,89891,-27.7,12.0,0.868
2025-04-09T03:09:34.000,10.04,-17.22,3.93,18.84,20.33,89892,-27.54,12.0,0.868
2025-04-09T03:10:38.000,10.16,-17.15,3.9,18.85,20.33,89893,-27.39,12.0,0.868
2025-04-09T03:11:42.000,10.01,-17.2,3.86,18.86,20.33,89894,-27.23,12.0,0.868
2025-04-09T03:12:47.000,9.84,-17.51,3.81,18.88,20.33,89895,-27.07,12.0,0.868
2025-04-09T03:13:52.000,10.01,-17.3,3.77,18.89,20.33,89896,-26.91,11.0,0.868
2025-04-09T03:14:58.000,10.27,-17.14,3.71,18.91,20.33,89897,-26.75,11.0,0.868
2025-04-09T03:16:03.000,10.18,-17.11,3.66,18.92,20.33,89898,-26.59,11.0,0.869
2025-04-09T03:17:08.000,9.92,-17.14,3.61,18.94,20.33,89899,-26.43,11.0,0.869
2025-04-09T03:18:12.000,9.87,-17.25,3.56,18.95,20.33,89900,-26.27,11.0,0.869
2025-04-09T03:19:16.000,10.1,-17.32,3.52,18.96,20.33,89901,-26.11,10.0,0.869
2025-04-09T03:20:19.000,10.17,-17.26,3.48,18.98,20.33,89902,-25.96,10.0,0.869
2025-04-09T03:21:22.000,9.99,-17.27,3.45,18.98,20.33,89903,-25.8,10.0,0.869
2025-04-09T03:22:25.000,9.87,-17.44,3.43,18.99,20.33,89904,-25.64,10.0,0.869
2025-04-09T03:23:28.000,10.02,-17.69,3.39,19.0,20.33,89905,-25.48,10.0,0.869
2025-04-09T03:24:30.000,10.11,-17.59,3.36,19.01,20.33,89906,-25.33,9.0,0.869
2025-04-09T03:25:33.000,9.98,-17.56,3.32,19.03,20.33,89907,-25.17,9.0,0.869
2025-04-09T03:26:36.000,9.91,-17.68,3.29,19.04,20.33,89908,-25.01,9.0,0.869
2025-04-09T03:27:41.000,10.08,-17.65,3.25,19.05,20.33,89909,-24.84,9.0,0.869
2025-04-09T03:28:46.000,10.15,-17.54,2.93,19.16,20.33,89910,-24.68,9.0,0.869
2025-04-09T03:29:52.000,9.95,-17.59,2.72,19.24,20.33,89911,-24.51,8.0,0.869
2025-04-09T03:30:57.000,9.93,-17.56,2.69,19.26,20.33,89912,-24.34,8.0,0.869
2025-04-09T03:32:02.000,10.13,-17.53,2.68,19.26,20.33,89913,-24.17,8.0,0.869
2025-04-09T03:33:07.000,10.12,-17.51,2.64,19.28,20.33,89914,-24.0,8.0,0.869
2025-04-09T03:34:12.000,9.91,-17.56,2.65,19.27,20.33,89915,-23.84,8.0,0.869
2025-04-09T03:35:16.000,9.93,-17.76,2.64,19.27,20.33,89916,-23.67,7.0,0.869
2025-04-09T03:36:21.000,10.12,-17.79,2.62,19.28,20.33,89917,-23.5,7.0,0.869
2025-04-09T03:37:25.000,10.11,-17.68,2.6,19.29,20.33,89918,-23.33,7.0,0.87
2025-04-09T03:38:30.000,9.89,-17.83,2.59,19.3,20.33,89919,-23.16,7.0,0.87
2025-04-09T03:39:35.000,9.82,-18.09,2.56,19.31,20.33,89920,-22.99,7.0,0.87
2025-04-09T03:40:48.000,10.03,-17.99,2.54,19.32,20.33,89921,-22.8,6.0,0.87
2025-04-09T03:41:52.000,10.22,-17.84,2.51,19.33,20.33,89922,-22.63,6.0,0.87
2025-04-09T03:42:57.000,10.01,-17.83,2.5,19.33,20.33,89923,-22.46,6.0,0.87
2025-04-09T03:44:03.000,9.86,-17.75,2.48,19.34,20.33,89924,-22.28,6.0,0.87
2025-04-09T03:45:08.000,10.03,-17.84,2.47,19.35,20.33,89925,-22.11,6.0,0.87
2025-04-09T03:46:12.000,10.12,-17.99,2.46,19.35,20.33,89926,-21.94,5.0,0.87
2025-04-09T03:47:17.000,9.98,-17.78,2.42,19.37,20.33,89927,-21.77,5.0,0.87
2025-04-09T03:48:22.000,9.87,-17.83,2.43,19.37,20.33,89928,-21.59,5.0,0.87
2025-04-09T03:49:27.000,10.06,-17.94,2.41,19.38,20.33,89929,-21.42,5.0,0.87
2025-04-09T03:50:32.000,10.1,-17.88,2.39,19.38,20.33,89930,-21.24,5.0,0.87
2025-04-09T03:51:36.000,9.91,-17.91,2.38,19.39,20.33,89931,-21.07,4.0,0.87
2025-04-09T03:52:40.000,9.94,-17.98,2.34,19.41,20.33,89932,-20.9,4.0,0.87
2025-04-09T03:53:43.000,10.09,-18.2,2.32,19.42,20.33,89933,-20.72,4.0,0.87
2025-04-09T03:54:46.000,10.03,-17.94,2.3,19.43,20.33,89934,-20.55,4.0,0.87
2025-04-09T03:55:49.000,9.88,-18.04,2.28,19.44,20.33,89935,-20.38,4.0,0.87
2025-04-09T03:56:52.000,10.02,-18.06,2.27,19.44,20.33,89936,-20.21,3.0,0.87
2025-04-09T03:57:56.000,10.18,-18.08,2.26,19.45,20.33,89937,-20.03,3.0,0.87
2025-04-09T03:59:00.000,10.05,-18.12,2.23,19.46,20.33,89938,-19.86,3.0,0.871
2025-04-09T04:00:03.000,9.85,-18.16,2.22,19.46,20.33,89939,-19.69,3.0,0.871
2025-04-09T04:01:06.000,9.99,-18.09,2.21,19.47,20.33,89940,-19.51,3.0,0.871
2025-04-09T04:02:11.000,10.15,-18.03,2.2,19.47,20.33,89941,-19.33,3.0,0.871
2025-04-09T04:03:15.000,10.0,-18.06,2.18,19.48,20.33,89942,-19.16,2.0,0.871
2025-04-09T04:04:19.000,9.81,-18.25,2.15,19.5,20.33,89943,-18.98,2.0,0.871
2025-04-09T04:05:26.000,9.92,-18.21,2.14,19.51,20.33,89944,-18.79,2.0,0.871
2025-04-09T04:06:39.000,10.08,-18.54,2.11,19.52,20.33,89945,-18.59,2.0,0.871
2025-04-09T04:07:49.000,9.9,-18.57,2.11,19.52,20.33,89946,-18.4,1.0,0.871
2025-04-09T04:08:59.000,9.9,-18.21,2.09,19.53,20.33,89947,-18.2,1.0,0.871
2025-04-09T04:10:06.000,10.12,-17.92,2.07,19.54,20.33,89948,-18.01,1.0,0.871
2025-04-09T04:11:13.000,10.13,-17.99,2.05,19.55,20.33,89949,-17.82,1.0,0.871
2025-04-09T04:12:22.000,9.89,-18.0,2.03,19.56,20.33,89950,-17.63,1.0,0.871
2025-04-09T04:13:29.000,9.84,-18.03,2.03,19.56,20.33,89951,-17.44,0.0,0.871
2025-04-09T04:14:34.000,10.09,-17.78,2.03,19.56,20.33,89952,-17.26,0.0,0.871
2025-04-09T04:15:42.000,10.23,-17.81,2.02,19.57,20.33,89953,-17.07,0.0,0.871
2025-04-09T04:16:49.000,10.04,-17.93,2.01,19.57,20.33,89954,-16.88,-0.0,0.871
2025-04-09T04:17:53.000,9.84,-17.92,2.0,19.58,20.33,89955,-16.7,-0.0,0.871
2025-04-09T04:18:59.000,9.94,-18.32,2.0,19.58,20.33,89956,-16.51,-1.0,0.871
2025-04-09T04:20:05.000,10.18,-17.99,1.99,19.58,20.33,89957,-16.32,-1.0,0.871
2025-04-09T04:21:10.000,10.17,-17.84,1.99,19.59,20.33,89958,-16.13,-1.0,0.872
2025-04-09T04:22:13.000,9.93,-18.02,1.99,19.58,20.33,89959,-15.96,-1.0,0.872
2025-04-09T04:23:19.000,9.83,-18.12,2.01,19.57,20.33,89960,-15.77,-1.0,0.872
2025-04-09T04:24:26.000,10.02,-18.18,2.01,19.57,20.33,89961,-15.57,-2.0,0.872
2025-04-09T04:25:33.000,10.09,-18.21,2.01,19.57,20.33,89962,-15.38,-2.0,0.872
2025-04-09T04:26:37.000,9.94,-17.93,2.0,19.58,20.33,89963,-15.2,-2.0,0.872
2025-04-09T04:27:44.000,10.02,-18.07,2.01,19.57,20.33,89964,-15.01,-2.0,0.872
2025-04-09T04:28:50.000,10.06,-18.38,2.01,19.57,20.33,89965,-14.82,-2.0,0.872
2025-04-09T04:29:57.000,9.88,-18.34,2.03,19.56,20.33,89966,-14.62,-3.0,0.872
2025-04-09T04:31:03.000,10.02,-18.14,2.04,19.55,20.33,89967,-14.43,-3.0,0.872
2025-04-09T04:32:10.000,10.19,-18.2,2.06,19.54,20.33,89968,-14.24,-3.0,0.872
2025-04-09T04:33:16.000,10.03,-18.09,2.09,19.53,20.33,89969,-14.05,-3.0,0.872
2025-04-09T04:34:25.000,9.86,-18.1,2.13,19.51,20.33,89970,-13.84,-3.0,0.872
2025-04-09T04:35:33.000,10.02,-18.1,2.16,19.49,20.33,89971,-13.65,-4.0,0.872
2025-04-09T04:36:36.000,10.16,-18.02,2.21,19.47,20.33,89972,-13.46,-4.0,0.872
2025-04-09T04:37:40.000,10.0,-18.03,2.28,19.44,20.33,89973,-13.28,-4.0,0.872
2025-04-09T04:38:44.000,9.84,-18.13,2.35,19.4,20.33,89974,-13.09,-4.0,0.872
2025-04-09T04:39:48.000,9.96,-18.23,2.45,19.36,20.33,89975,-12.9,-4.0,0.872
2025-04-09T04:40:53.000,10.14,-18.21,2.54,19.32,20.33,89976,-12.71,-5.0,0.872
2025-04-09T04:41:57.000,10.02,-18.26,2.67,19.27,20.33,89977,-12.52,-5.0,0.872
2025-04-09T04:43:02.000,9.82,-18.27,2.8,19.21,20.33,89978,-12.33,-5.0,0.873
2025-04-09T04:44:08.000,9.93,-18.24,2.99,19.14,20.33,89979,-12.14,-5.0,0.873
2025-04-09T04:45:16.000,10.15,-18.23,3.21,19.07,20.33,89980,-11.94,-5.0,0.873
2025-04-09T04:46:20.000,10.04,-18.22,3.46,18.98,20.33,89981,-11.75,-5.0,0.873
2025-04-09T04:47:25.000,9.82,-18.29,3.76,18.89,20.33,89982,-11.56,-6.0,0.873
2025-04-09T04:48:31.000,9.85,-18.41,4.12,18.79,20.33,89983,-11.36,-6.0,0.873
2025-04-09T04:49:34.000,10.09,-18.3,4.55,18.69,20.33,89984,-11.18,-6.0,0.873
2025-04-09T04:50:38.000,10.13,-18.14,5.05,18.57,20.33,89985,-10.99,-6.0,0.873
2025-04-09T04:51:42.000,9.9,-18.18,5.67,18.45,20.33,89986,-10.8,-6.0,0.873
2025-04-09T04:52:48.000,9.87,-18.26,6.42,18.31,20.33,89987,-10.6,-7.0,0.873
2025-04-09T04:53:54.000,10.1,-18.18,7.33,18.17,20.33,89988,-10.4,-7.0,0.873
2025-04-09T04:55:01.000,10.12,-18.22,8.4,18.02,20.33,89989,-10.2,-7.0,0.873
2025-04-09T04:56:09.000,9.87,-18.22,9.83,17.85,20.33,89990,-10.0,-7.0,0.873
2025-04-09T04:57:18.000,9.87,-18.33,11.5,17.68,20.33,89991,-9.79,-7.0,0.873
2025-04-09T04:58:26.000,10.1,-18.21,13.7,17.49,20.33,89992,-9.59,-8.0,0.873
2025-04-09T04:59:33.000,10.1,-18.17,16.16,17.31,20.33,89993,-9.39,-8.0,0.873
2025-04-09T05:00:40.000,9.86,-18.17,19.17,17.12,20.33,89994,-9.19,-8.0,0.873
2025-04-09T05:01:46.000,9.87,-18.24,23.04,16.93,20.33,89995,-8.99,-8.0,0.873
2025-04-09T05:02:54.000,10.1,-18.2,27.78,16.72,20.33,89996,-8.79,-8.0,0.873
2025-04-09T05:04:00.000,10.09,-18.1,33.67,16.51,20.33,89997,-8.59,-9.0,0.873
2025-04-09T05:05:07.000,9.87,-18.06,41.06,16.3,20.33,89998,-8.39,-9.0,0.874
2025-04-09T05:06:10.000,9.87,-18.17,48.36,16.12,20.33,89999,-8.2,-9.0,0.874
2025-04-09T05:07:13.000,10.13,-18.0,60.63,15.88,20.33,90000,-8.01,-9.0,0.874
2025-04-09T05:08:15.000,10.11,-17.96,75.03,15.64,20.33,90001,-7.82,-9.0,0.874
2025-04-09T05:09:18.000,9.93,-17.84,93.25,15.41,20.33,90002,-7.63,-10.0,0.874
2025-04-09T05:10:21.000,9.91,-17.99,116.6,15.17,20.33,90003,-7.44,-10.0,0.874
2025-04-09T05:11:24.000,10.08,-18.04,146.09,14.92,20.33,90004,-7.25,-10.0,0.874
2025-04-09T05:12:26.000,10.08,-18.05,184.19,14.67,20.33,90005,-7.06,-10.0,0.874
2025-04-09T05:13:30.000,9.92,-17.89,233.33,14.41,20.33,90006,-6.87,-10.0,0.874
2025-04-09T05:14:34.000,9.97,-17.97,296.19,14.15,20.33,90007,-6.67,-10.0,0.874
2025-04-09T05:15:36.000,10.1,-17.94,374.35,13.9,20.33,90008,-6.48,-11.0,0.874
2025-04-09T05:16:38.000,10.0,-17.88,472.54,13.65,20.33,90009,-6.3,-11.0,0.874
2025-04-09T05:17:41.000,9.93,-17.77,596.22,13.39,20.33,90010,-6.1,-11.0,0.874
2025-04-09T05:18:44.000,10.11,-17.71,751.03,13.14,20.33,90011,-5.91,-11.0,0.874
2025-04-09T05:19:47.000,10.14,-17.63,945.15,12.89,20.33,90012,-5.72,-11.0,0.874
2025-04-09T05:20:50.000,9.92,-17.8,1190.45,12.64,20.33,90013,-5.53,-11.0,0.874
2025-04-09T05:21:52.000,9.82,-17.86,1501.91,12.39,20.33,90014,-5.34,-12.0,0.874
2025-04-09T05:22:55.000,10.04,-17.94,1903.12,12.13,20.33,90015,-5.14,-12.0,0.874
2025-04-09T05:23:58.000,10.17,-18.15,2429.04,11.87,20.33,90016,-4.95,-12.0,0.874
2025-04-09T05:25:01.000,9.95,-18.32,3113.83,11.6,20.33,90017,-4.76,-12.0,0.874
2025-04-09T05:26:03.000,9.84,-18.27,3997.18,11.33,20.33,90018,-4.57,-12.0,0.874
2025-04-09T05:27:07.000,10.03,-18.23,5115.02,11.06,20.33,90019,-4.37,-13.0,0.875
2025-04-09T05:28:10.000,10.14,-18.25,6495.7,10.8,20.33,90020,-4.18,-13.0,0.875
2025-04-09T05:29:13.000,9.96,-18.05,8180.72,10.55,20.33,90021,-3.99,-13.0,0.875
2025-04-09T05:30:15.000,9.87,-17.96,10275.66,10.3,20.33,90022,-3.8,-13.0,0.875
2025-04-09T05:31:18.000,10.05,-17.98,12838.28,10.06,20.33,90023,-3.6,-13.0,0.875
2025-04-09T05:32:22.000,10.14,-17.92,15829.83,9.83,20.33,90024,-3.4,-13.0,0.875
2025-04-09T05:33:24.000,9.97,-17.93,19234.69,9.62,20.33,90025,-3.21,-14.0,0.875
2025-04-09T05:34:27.000,9.65,-17.91,23311.57,9.41,20.33,90026,-3.02,-14.0,0.875
2025-04-09T05:35:29.000,9.28,-17.91,27927.18,9.31,20.33,90027,-2.83,-14.0,0.875
2025-04-09T05:36:31.000,8.93,-17.95,33621.5,9.01,20.33,90028,-2.64,-14.0,0.875
2025-04-09T05:37:34.000,8.6,-18.04,39689.72,8.83,20.33,90029,-2.44,-14.0,0.875
2025-04-09T05:38:36.000,8.26,-18.15,47090.17,8.65,20.33,90030,-2.25,-15.0,0.875
2025-04-09T05:39:39.000,7.96,-18.1,56028.2,8.46,20.33,90031,-2.06,-15.0,0.875
2025-04-09T05:40:43.000,7.68,-18.09,55034.78,3.25,20.33,90032,-1.86,-15.0,0.875
2025-04-09T05:41:45.000,7.45,-18.04,50000.0,0.0,20.33,90033,-1.67,-15.0,0.875
2025-04-09T05:42:47.000,7.24,-17.95,50000.0,0.0,20.33,90034,-1.47,-15.0,0.875
2025-04-09T05:43:51.000,7.05,-17.87,50000.0,0.0,20.33,90035,-1.28,-15.0,0.875
2025-04-09T05:44:54.000,6.88,-17.91,50000.0,0.0,20.33,90036,-1.08,-16.0,0.875
2025-04-09T05:45:57.000,6.72,-17.94,50000.0,0.0,20.33,90037,-0.88,-16.0,0.875
2025-04-09T05:47:02.000,6.6,-18.01,49065.97,0.32,20.33,90038,-0.68,-16.0,0.875
2025-04-09T05:48:06.000,6.47,-18.1,50000.0,0.0,20.33,90039,-0.48,-16.0,0.875
2025-04-09T05:49:11.000,6.35,-18.09,50000.0,0.0,20.33,90040,-0.28,-16.0,0.875
2025-04-09T05:50:20.000,6.25,-18.06,50000.0,0.0,20.33,90041,-0.07,-16.0,0.876
2025-04-09T05:55:45.000,5.87,-18.26,50000.0,0.0,20.33,90046,0.95,-17.0,0.876
2025-04-09T05:56:50.000,5.8,-18.37,50000.0,0.0,20.33,90047,1.15,-18.0,0.876
2025-04-09T05:57:55.000,5.74,-18.38,50000.0,0.0,20.33,90048,1.35,-18.0,0.876
2025-04-09T05:59:00.000,5.71,-18.36,49741.04,0.09,20.33,90049,1.55,-18.0,0.876
2025-04-09T06:00:05.000,5.7,-18.32,49747.67,0.08,20.33,90050,1.76,-18.0,0.876
2025-04-09T06:01:11.000,5.67,-18.3,50000.0,0.0,20.33,90051,1.96,-18.0,0.876
2025-04-09T06:02:16.000,5.67,-18.26,50000.0,0.0,20.33,90052,2.17,-18.0,0.876
2025-04-09T06:03:21.000,5.66,-18.22,50000.0,0.0,20.33,90053,2.37,-19.0,0.876
2025-04-09T06:04:26.000,5.68,-18.11,50000.0,0.0,20.33,90054,2.57,-19.0,0.876
2025-04-09T06:05:32.000,5.68,-18.13,49737.04,0.09,20.33,90055,2.78,-19.0,0.876
2025-04-09T06:06:37.000,5.69,-18.05,50000.0,0.0,20.33,90056,2.99,-19.0,0.876
2025-04-09T06:07:43.000,5.7,-18.03,50000.0,0.0,20.33,90057,3.19,-19.0,0.876
2025-04-09T06:08:48.000,5.71,-18.0,50000.0,0.0,20.33,90058,3.4,-19.0,0.876
2025-04-09T14:00:36.000,35.16,-0.3,50000.0,0.0,20.33,90490,49.86,-17.0,0.897
2025-04-09T14:01:40.000,35.08,-0.64,50000.0,0.0,20.33,90491,49.73,-17.0,0.897
2025-04-09T14:02:45.000,35.05,-1.29,50000.0,0.0,20.33,90492,49.59,-17.0,0.897
2025-04-09T14:05:02.000,33.64,-1.73,50000.0,0.0,20.33,90494,49.29,-17.0,0.897
2025-04-09T14:06:07.000,33.96,-0.34,50000.0,0.0,20.33,90495,49.15,-16.0,0.897
2025-04-09T14:07:12.000,34.2,-0.03,50000.0,0.0,20.33,90496,49.01,-16.0,0.897
2025-04-09T18:30:52.000,17.9,-8.3,50000.0,0.0,20.33,90736,2.55,31.0,0.907
2025-04-09T18:31:57.000,17.78,-8.38,50000.0,0.0,20.33,90737,2.35,31.0,0.907
2025-04-09T18:33:00.000,17.67,-8.39,50000.0,0.0,20.33,90738,2.15,31.0,0.908
2025-04-09T18:34:05.000,17.57,-8.5,49729.84,0.09,20.33,90739,1.95,31.0,0.908
2025-04-09T18:35:10.000,17.45,-8.56,50000.0,0.0,20.33,90740,1.75,31.0,0.908
