ecsv/stars555/stars555_2024-04.ecsv
# %ECSV 1.0
# ---
# datatype:
# - {name: time, datatype: string}
# - {name: Enclosure Temperature, unit: deg_C, datatype: float64}
# - {name: Sky Temperature, unit: deg_C, datatype: float64}
# - {name: Frequency, unit: Hz, datatype: float64}
# - {name: MSAS, unit: mag / arcsec2, datatype: float64}
# - {name: ZP, datatype: float64}
# - {name: Sequence Number, datatype: int64}
# - {name: Sun Alt, unit: deg, datatype: float64}
# - {name: Moon Alt, unit: deg, datatype: float64}
# - {name: Moon Illumination, datatype: float64}
# delimiter: ','
# meta: !!omap
# - ida:
#     Data supplier: {affiliation: "Jorge Garc\xEDa", observer: "Jorge Garc\xEDa"}
#     Device type: TESS-W
#     Field of view: 17.0
#     Filters per channel: None
#     Instrument ID: stars555
#     License: ODbL 1.0 http://opendatacommons.org/licenses/odbl/summary/
#     Local timezone: Europe/Madrid
#     Location name: {country: '- Las Praderas', place: Las Praderas, region: Spain, sub_region: Community of Madrid, town: Cuenca del
#         Guadarrama}
#     Measurement direction per channel: {azimuth: 0.0, zenital: 0.0}
#     Moving / Fixed look direction: FIXED
#     Moving / Stationary position: STATIONARY
#     Number of channels: 1
#     Number of fields per line: 8
#     Number of header lines: 35
#     Position: {height: 0.0, latitude: 40.7038333, longitude: -3.94202777}
#     TESS MAC address: 98:F4:AB:B2:7C:2F
#     TESS cover offset value: 0.0
#     TESS firmware version: '1.0'
#     TESS zero point: 20.33
#     Time Synchronization: timestamp added by MQTT subscriber
#     URL: http://www.darksky.org/NSBM/sdf1.0.pdf
# - __serialized_columns__:
#     Enclosure Temperature:
#       __class__: astropy.units.quantity.Quantity
#       unit: &id001 !astropy.units.Unit {unit: deg_C}
#       value: !astropy.table.SerializedColumn {name: Enclosure Temperature}
#     Frequency:
#       __class__: astropy.units.quantity.Quantity
#       unit: !astropy.units.Unit {unit: Hz}
#       value: !astropy.table.SerializedColumn {name: Frequency}
#     MSAS:
#       __class__: astropy.units.quantity.Quantity
#       unit: !astropy.units.Unit {unit: mag / arcsec2}
#       value: !astropy.table.SerializedColumn {name: MSAS}
#     Moon Alt:
#       __class__: astropy.units.quantity.Quantity
#       unit: &id002 !astropy.units.Unit {unit: deg}
#       value: !astropy.table.SerializedColumn {name: Moon Alt}
#     Sky Temperature:
#       __class__: astropy.units.quantity.Quantity
#       unit: *id001
#       value: !astropy.table.SerializedColumn {name: Sky Temperature}
#     Sun Alt:
#       __class__: astropy.units.quantity.Quantity
#       unit: *id002
#       value: !astropy.table.SerializedColumn {name: Sun Alt}
#     time:
#       __class__: astropy.time.core.Time
#       format: isot
#       in_subfmt: '*'
#       out_subfmt: '*'
#       precision: 3
#       scale: utc
#       value: !astropy.table.SerializedColumn {name: time}
# schema: astropy-2.0
time,Enclosure Temperature,Sky Temperature,Frequency,MSAS,ZP,Sequence Number,Sun Alt,Moon Alt,Moon Illumination
[from data line 4336]
2024-04-16T20:33:29.000,14.23,-12.26,16.69,17.27,20.33,20503,-17.66,67.0,0.604
2024-04-16T20:34:29.000,14.17,-12.43,16.5,17.29,20.33,20504,-17.82,67.0,0.604
2024-04-16T20:35:30.000,14.1,-12.54,16.38,17.29,20.33,20505,-17.99,66.0,0.604
2024-04-16T20:36:29.000,14.03,-12.51,16.24,17.3,20.33,20506,-18.14,66.0,0.604
2024-04-16T20:37:30.000,13.95,-12.4,16.1,17.31,20.33,20507,-18.31,66.0,0.604
2024-04-16T20:38:30.000,13.89,-12.4,15.94,17.32,20.33,20508,-18.46,66.0,0.604
2024-04-16T20:39:30.000,13.86,-12.36,15.84,17.33,20.33,20509,-18.62,66.0,0.604
2024-04-16T20:40:30.000,13.83,-12.38,15.69,17.34,20.33,20510,-18.78,66.0,0.605
2024-04-16T20:41:31.000,13.77,-12.45,15.57,17.35,20.33,20511,-18.94,66.0,0.605
2024-04-16T20:42:31.000,13.7,-12.72,15.44,17.36,20.33,20512,-19.1,65.0,0.605
2024-04-16T20:43:31.000,13.61,-12.49,15.3,17.37,20.33,20513,-19.26,65.0,0.605
2024-04-16T20:44:31.000,13.58,-12.19,15.18,17.38,20.33,20514,-19.42,65.0,0.605
2024-04-16T20:45:32.000,13.57,-12.4,15.06,17.39,20.33,20515,-19.58,65.0,0.605
2024-04-16T20:46:33.000,13.53,-12.5,14.92,17.4,20.33,20516,-19.73,65.0,0.605
2024-04-16T20:47:33.000,13.48,-12.57,14.79,17.4,20.33,20517,-19.89,65.0,0.605
2024-04-16T20:48:33.000,13.37,-12.7,14.64,17.42,20.33,20518,-20.05,65.0,0.605
2024-04-16T20:49:33.000,13.3,-12.6,14.56,17.42,20.33,20519,-20.2,64.0,0.605
2024-04-16T20:50:34.000,13.23,-12.68,14.47,17.43,20.33,20520,-20.36,64.0,0.605
2024-04-16T20:51:34.000,13.19,-12.61,14.32,17.44,20.33,20521,-20.51,64.0,0.605
2024-04-16T20:52:34.000,13.16,-12.56,14.18,17.45,20.33,20522,-20.67,64.0,0.605
2024-04-16T20:53:34.000,13.19,-12.34,14.04,17.46,20.33,20523,-20.82,64.0,0.605
2024-04-16T20:54:34.000,13.2,-12.45,13.93,17.47,20.33,20524,-20.98,64.0,0.605
2024-04-16T20:55:34.000,13.24,-12.33,13.79,17.48,20.33,20525,-21.13,64.0,0.606
2024-04-16T20:56:35.000,13.24,-12.64,13.67,17.49,20.33,20526,-21.28,63.0,0.606
2024-04-16T20:57:35.000,13.19,-12.7,13.54,17.5,20.33,20527,-21.44,63.0,0.606
2024-04-16T20:58:35.000,13.14,-12.7,13.42,17.51,20.33,20528,-21.59,63.0,0.606
2024-04-16T20:59:36.000,13.09,-12.64,13.31,17.52,20.33,20529,-21.74,63.0,0.606
2024-04-16T21:00:36.000,13.07,-12.67,13.18,17.53,20.33,20530,-21.89,63.0,0.606
2024-04-16T21:01:36.000,13.12,-12.34,13.04,17.54,20.33,20531,-22.04,63.0,0.606
2024-04-16T21:02:36.000,13.28,-12.34,12.91,17.55,20.33,20532,-22.19,62.0,0.606
2024-04-16T21:03:37.000,13.27,-12.76,12.79,17.56,20.33,20533,-22.34,62.0,0.606
2024-04-16T21:04:37.000,13.22,-12.63,12.64,17.58,20.33,20534,-22.49,62.0,0.606
2024-04-16T21:05:37.000,13.16,-12.71,12.48,17.59,20.33,20535,-22.64,62.0,0.606
2024-04-16T21:06:37.000,13.1,-12.97,12.31,17.6,20.33,20536,-22.79,62.0,0.606
2024-04-16T21:07:38.000,13.04,-13.08,12.2,17.61,20.33,20537,-22.94,62.0,0.606
2024-04-16T21:08:38.000,12.98,-13.14,12.01,17.63,20.33,20538,-23.09,62.0,0.606
2024-04-16T21:09:38.000,12.92,-13.24,11.97,17.63,20.33,20539,-23.24,61.0,0.606
2024-04-16T21:10:38.000,12.85,-13.29,11.95,17.64,20.33,20540,-23.38,61.0,0.607
2024-04-16T21:11:39.000,12.82,-13.4,11.83,17.65,20.33,20541,-23.53,61.0,0.607
2024-04-16T21:12:39.000,12.77,-13.5,11.7,17.66,20.33,20542,-23.68,61.0,0.607
2024-04-16T21:13:39.000,12.73,-13.49,11.6,17.67,20.33,20543,-23.82,61.0,0.607
2024-04-16T21:14:40.000,12.68,-13.43,11.53,17.68,20.33,20544,-23.97,61.0,0.607
2024-04-16T21:15:40.000,12.66,-13.33,11.43,17.69,20.33,20545,-24.11,60.0,0.607
2024-04-16T21:16:40.000,12.63,-13.31,11.34,17.69,20.33,20546,-24.26,60.0,0.607
2024-04-16T21:17:41.000,12.62,-13.18,11.22,17.71,20.33,20547,-24.4,60.0,0.607
2024-04-16T21:18:41.000,12.68,-13.03,11.12,17.71,20.33,20548,-24.54,60.0,0.607
2024-04-16T21:19:41.000,12.71,-13.1,11.03,17.72,20.33,20549,-24.69,60.0,0.607
2024-04-16T21:20:41.000,12.76,-13.01,10.93,17.73,20.33,20550,-24.83,60.0,0.607
2024-04-16T21:21:42.000,12.83,-12.95,10.83,17.74,20.33,20551,-24.97,59.0,0.607
2024-04-16T21:22:42.000,12.95,-12.95,10.72,17.75,20.33,20552,-25.11,59.0,0.607
2024-04-16T21:23:42.000,12.98,-13.14,10.62,17.76,20.33,20553,-25.25,59.0,0.607
2024-04-16T21:24:42.000,12.96,-13.25,10.54,17.77,20.33,20554,-25.39,59.0,0.607
2024-04-16T21:25:43.000,12.97,-13.06,10.44,17.78,20.33,20555,-25.53,59.0,0.608
2024-04-16T21:26:43.000,12.96,-13.25,10.34,17.79,20.33,20556,-25.67,59.0,0.608
2024-04-16T21:27:43.000,12.89,-13.31,10.26,17.8,20.33,20557,-25.81,58.0,0.608
2024-04-16T21:28:43.000,12.82,-13.25,10.18,17.81,20.33,20558,-25.95,58.0,0.608
2024-04-16T21:29:44.000,12.82,-13.02,10.1,17.82,20.33,20559,-26.09,58.0,0.608
2024-04-16T21:30:44.000,12.81,-13.24,10.02,17.83,20.33,20560,-26.23,58.0,0.608
2024-04-16T21:31:44.000,12.79,-13.24,9.92,17.84,20.33,20561,-26.36,58.0,0.608
2024-04-16T21:32:44.000,12.78,-13.36,9.85,17.85,20.33,20562,-26.5,58.0,0.608
2024-04-16T21:33:44.000,12.7,-13.49,9.77,17.85,20.33,20563,-26.63,57.0,0.608
2024-04-16T21:34:44.000,12.62,-13.54,9.7,17.86,20.33,20564,-26.77,57.0,0.608
2024-04-16T21:35:45.000,12.55,-13.49,9.61,17.87,20.33,20565,-26.9,57.0,0.608
2024-04-16T21:36:45.000,12.49,-13.59,9.57,17.88,20.33,20566,-27.04,57.0,0.608
2024-04-16T21:37:45.000,12.43,-13.59,9.5,17.89,20.33,20567,-27.17,57.0,0.608
2024-04-16T21:38:45.000,12.37,-13.58,9.42,17.89,20.33,20568,-27.3,57.0,0.608
2024-04-16T21:39:46.000,12.31,-13.61,9.34,17.9,20.33,20569,-27.44,56.0,0.608
2024-04-16T21:40:46.000,12.28,-13.63,9.28,17.91,20.33,20570,-27.57,56.0,0.608
2024-04-16T21:41:46.000,12.25,-13.6,9.21,17.92,20.33,20571,-27.7,56.0,0.609
2024-04-16T21:42:46.000,12.22,-13.58,9.16,17.93,20.33,20572,-27.83,56.0,0.609
2024-04-16T21:43:47.000,12.19,-13.62,9.1,17.93,20.33,20573,-27.96,56.0,0.609
2024-04-16T21:44:47.000,12.15,-13.66,9.05,17.94,20.33,20574,-28.09,55.0,0.609
2024-04-16T21:45:47.000,12.11,-13.62,9.01,17.94,20.33,20575,-28.22,55.0,0.609
2024-04-16T21:46:47.000,12.09,-13.57,8.97,17.95,20.33,20576,-28.35,55.0,0.609
2024-04-16T21:47:47.000,12.05,-13.57,8.93,17.95,20.33,20577,-28.47,55.0,0.609
2024-04-16T21:48:48.000,12.0,-13.54,8.88,17.96,20.33,20578,-28.6,55.0,0.609
2024-04-16T21:49:48.000,11.94,-13.54,8.83,17.97,20.33,20579,-28.73,55.0,0.609
2024-04-16T21:50:49.000,11.91,-13.52,8.79,17.97,20.33,20580,-28.86,54.0,0.609
2024-04-16T21:51:49.000,11.87,-13.49,8.76,17.97,20.33,20581,-28.98,54.0,0.609
2024-04-16T21:52:49.000,11.82,-13.6,8.75,17.98,20.33,20582,-29.11,54.0,0.609
2024-04-16T21:53:49.000,11.76,-13.53,8.69,17.98,20.33,20583,-29.23,54.0,0.609
2024-04-16T21:54:49.000,11.72,-13.51,8.64,17.99,20.33,20584,-29.35,54.0,0.609
2024-04-16T21:55:49.000,11.67,-13.53,8.58,18.0,20.33,20585,-29.48,54.0,0.609
2024-04-16T21:56:50.000,11.63,-13.53,8.51,18.01,20.33,20586,-29.6,53.0,0.61
2024-04-16T21:57:50.000,11.61,-13.64,8.43,18.02,20.33,20587,-29.72,53.0,0.61
2024-04-16T21:58:50.000,11.57,-13.59,8.32,18.03,20.33,20588,-29.84,53.0,0.61
2024-04-16T21:59:50.000,11.55,-13.62,8.25,18.04,20.33,20589,-29.96,53.0,0.61
2024-04-16T22:00:51.000,11.52,-13.66,8.18,18.05,20.33,20590,-30.08,53.0,0.61
2024-04-16T22:01:51.000,11.5,-13.72,8.08,18.06,20.33,20591,-30.2,52.0,0.61
2024-04-16T22:02:51.000,11.5,-13.75,7.99,18.07,20.33,20592,-30.32,52.0,0.61
2024-04-16T22:03:51.000,11.48,-13.81,7.97,18.08,20.33,20593,-30.44,52.0,0.61
2024-04-16T22:04:52.000,11.45,-13.8,7.91,18.08,20.33,20594,-30.56,52.0,0.61
2024-04-16T22:05:51.000,11.41,-13.79,7.82,18.1,20.33,20595,-30.67,52.0,0.61
2024-04-16T22:06:52.000,11.37,-13.71,7.73,18.11,20.33,20596,-30.79,52.0,0.61
2024-04-16T22:07:52.000,11.37,-13.63,7.69,18.12,20.33,20597,-30.9,51.0,0.61
2024-04-16T22:08:52.000,11.37,-13.61,7.65,18.12,20.33,20598,-31.02,51.0,0.61
2024-04-16T22:09:52.000,11.38,-13.68,7.54,18.14,20.33,20599,-31.13,51.0,0.61
2024-04-16T22:10:53.000,11.36,-13.72,7.5,18.14,20.33,20600,-31.24,51.0,0.61
2024-04-16T22:11:53.000,11.31,-13.78,7.41,18.16,20.33,20601,-31.36,51.0,0.611
2024-04-16T22:12:54.000,11.26,-13.8,7.35,18.16,20.33,20602,-31.47,50.0,0.611
2024-04-16T22:13:54.000,11.23,-13.88,7.28,18.18,20.33,20603,-31.58,50.0,0.611
2024-04-16T22:14:54.000,11.24,-13.97,7.23,18.18,20.33,20604,-31.69,50.0,0.611
2024-04-16T22:15:55.000,11.25,-14.01,7.17,18.19,20.33,20605,-31.8,50.0,0.611
2024-04-16T22:16:55.000,11.23,-14.09,7.16,18.19,20.33,20606,-31.91,50.0,0.611
2024-04-16T22:17:55.000,11.21,-14.13,7.06,18.21,20.33,20607,-32.02,50.0,0.611
2024-04-16T22:18:55.000,11.18,-14.12,7.0,18.22,20.33,20608,-32.13,49.0,0.611
2024-04-16T22:19:56.000,11.13,-14.09,6.99,18.22,20.33,20609,-32.23,49.0,0.611
2024-04-16T22:20:56.000,11.12,-14.09,6.92,18.23,20.33,20610,-32.34,49.0,0.611
2024-04-16T22:21:56.000,11.1,-14.1,6.87,18.24,20.33,20611,-32.44,49.0,0.611
2024-04-16T22:22:56.000,11.08,-14.02,6.81,18.25,20.33,20612,-32.55,49.0,0.611
2024-04-16T22:23:57.000,11.05,-14.02,6.78,18.25,20.33,20613,-32.65,48.0,0.611
2024-04-16T22:24:57.000,11.02,-14.07,6.73,18.26,20.33,20614,-32.76,48.0,0.611
2024-04-16T22:25:57.000,11.01,-13.98,6.72,18.26,20.33,20615,-32.86,48.0,0.611
2024-04-16T22:26:57.000,10.98,-13.98,6.63,18.28,20.33,20616,-32.96,48.0,0.612
2024-04-16T22:27:58.000,10.93,-14.01,6.57,18.29,20.33,20617,-33.06,48.0,0.612
2024-04-16T22:28:58.000,10.88,-14.11,6.52,18.29,20.33,20618,-33.16,48.0,0.612
2024-04-16T22:29:58.000,10.83,-14.18,6.52,18.29,20.33,20619,-33.26,47.0,0.612
2024-04-16T22:30:58.000,10.81,-14.14,6.44,18.31,20.33,20620,-33.36,47.0,0.612
2024-04-16T22:31:58.000,10.79,-14.17,6.36,18.32,20.33,20621,-33.46,47.0,0.612
2024-04-16T22:32:58.000,10.8,-14.19,6.35,18.32,20.33,20622,-33.55,47.0,0.612
2024-04-16T22:33:59.000,10.77,-14.37,6.25,18.34,20.33,20623,-33.65,47.0,0.612
2024-04-16T22:34:59.000,10.74,-14.42,6.28,18.34,20.33,20624,-33.75,46.0,0.612
2024-04-16T22:35:59.000,10.73,-14.4,6.24,18.34,20.33,20625,-33.84,46.0,0.612
2024-04-16T22:36:59.000,10.71,-14.42,6.19,18.35,20.33,20626,-33.93,46.0,0.612
2024-04-16T22:38:00.000,10.68,-14.38,6.15,18.36,20.33,20627,-34.03,46.0,0.612
2024-04-16T22:39:00.000,10.64,-14.27,6.12,18.36,20.33,20628,-34.12,46.0,0.612
2024-04-16T22:40:00.000,10.61,-14.18,6.08,18.37,20.33,20629,-34.21,46.0,0.612
2024-04-16T22:41:00.000,10.56,-14.15,6.04,18.38,20.33,20630,-34.3,45.0,0.612
2024-04-16T22:42:00.000,10.54,-14.1,6.0,18.38,20.33,20631,-34.39,45.0,0.613
2024-04-16T22:43:00.000,10.51,-14.2,5.97,18.39,20.33,20632,-34.48,45.0,0.613
2024-04-16T22:44:01.000,10.48,-14.28,5.95,18.39,20.33,20633,-34.57,45.0,0.613
2024-04-16T22:45:01.000,10.43,-14.43,5.92,18.4,20.33,20634,-34.66,45.0,0.613
2024-04-16T22:46:01.000,10.36,-14.55,5.87,18.41,20.33,20635,-34.74,44.0,0.613
2024-04-16T22:47:01.000,10.32,-14.74,5.85,18.41,20.33,20636,-34.83,44.0,0.613
2024-04-16T22:48:02.000,10.29,-14.8,5.81,18.42,20.33,20637,-34.92,44.0,0.613
2024-04-16T22:49:02.000,10.27,-14.73,5.76,18.43,20.33,20638,-35.0,44.0,0.613
2024-04-16T22:50:02.000,10.26,-14.64,5.73,18.43,20.33,20639,-35.08,44.0,0.613
2024-04-16T22:51:03.000,10.24,-14.57,5.7,18.44,20.33,20640,-35.17,43.0,0.613
2024-04-16T22:52:03.000,10.21,-14.55,5.68,18.44,20.33,20641,-35.25,43.0,0.613
2024-04-16T22:53:03.000,10.18,-14.51,5.66,18.45,20.33,20642,-35.33,43.0,0.613
2024-04-16T22:54:04.000,10.17,-14.53,5.63,18.45,20.33,20643,-35.41,43.0,0.613
2024-04-16T22:55:04.000,10.18,-14.59,5.6,18.46,20.33,20644,-35.49,43.0,0.613
2024-04-16T22:56:05.000,10.17,-14.61,5.57,18.47,20.33,20645,-35.57,43.0,0.613
2024-04-16T22:57:05.000,10.16,-14.64,5.54,18.47,20.33,20646,-35.64,42.0,0.614
2024-04-16T22:58:06.000,10.13,-14.62,5.51,18.48,20.33,20647,-35.72,42.0,0.614
2024-04-16T22:59:06.000,10.09,-14.61,5.49,18.48,20.33,20648,-35.8,42.0,0.614
2024-04-16T23:00:07.000,10.03,-14.64,5.46,18.49,20.33,20649,-35.87,42.0,0.614
2024-04-16T23:01:07.000,10.02,-14.78,5.43,18.49,20.33,20650,-35.95,42.0,0.614
2024-04-16T23:02:07.000,10.1,-14.85,5.39,18.5,20.33,20651,-36.02,41.0,0.614
2024-04-16T23:03:07.000,10.13,-14.75,5.37,18.51,20.33,20652,-36.09,41.0,0.614
2024-04-16T23:04:08.000,10.12,-14.82,5.35,18.51,20.33,20653,-36.16,41.0,0.614
2024-04-16T23:05:08.000,10.07,-14.92,5.32,18.51,20.33,20654,-36.23,41.0,0.614
2024-04-16T23:06:08.000,10.02,-14.9,5.3,18.52,20.33,20655,-36.3,41.0,0.614
2024-04-16T23:07:08.000,10.02,-14.84,5.27,18.53,20.33,20656,-36.37,41.0,0.614
2024-04-16T23:08:08.000,10.11,-14.74,5.24,18.53,20.33,20657,-36.44,40.0,0.614
2024-04-16T23:09:08.000,10.14,-14.73,5.22,18.54,20.33,20658,-36.5,40.0,0.614
2024-04-16T23:10:09.000,10.14,-14.66,5.19,18.54,20.33,20659,-36.57,40.0,0.614
2024-04-16T23:11:09.000,10.13,-14.74,5.17,18.55,20.33,20660,-36.63,40.0,0.614
2024-04-16T23:12:09.000,10.1,-14.88,5.14,18.55,20.33,20661,-36.7,40.0,0.614
2024-04-16T23:13:09.000,10.09,-14.95,5.12,18.56,20.33,20662,-36.76,39.0,0.615
2024-04-16T23:14:10.000,10.12,-14.99,5.09,18.56,20.33,20663,-36.82,39.0,0.615
2024-04-16T23:15:10.000,10.15,-14.79,5.07,18.57,20.33,20664,-36.88,39.0,0.615
2024-04-16T23:16:10.000,10.15,-14.85,5.04,18.57,20.33,20665,-36.94,39.0,0.615
2024-04-16T23:17:11.000,10.1,-14.98,5.01,18.58,20.33,20666,-37.0,39.0,0.615
2024-04-16T23:18:11.000,10.03,-14.91,4.99,18.59,20.33,20667,-37.06,38.0,0.615
2024-04-16T23:19:11.000,10.0,-14.98,4.97,18.59,20.33,20668,-37.12,38.0,0.615
2024-04-16T23:20:11.000,10.1,-15.06,4.95,18.59,20.33,20669,-37.17,38.0,0.615
2024-04-16T23:21:12.000,10.15,-15.07,4.92,18.6,20.33,20670,-37.23,38.0,0.615
2024-04-16T23:22:12.000,10.13,-14.96,4.9,18.6,20.33,20671,-37.28,38.0,0.615
2024-04-16T23:23:12.000,10.07,-14.84,4.87,18.61,20.33,20672,-37.34,38.0,0.615
2024-04-16T23:24:13.000,10.03,-14.76,4.85,18.62,20.33,20673,-37.39,37.0,0.615
2024-04-16T23:25:13.000,10.04,-14.98,4.83,18.62,20.33,20674,-37.44,37.0,0.615
2024-04-16T23:26:13.000,10.05,-15.07,4.81,18.62,20.33,20675,-37.49,37.0,0.615
2024-04-16T23:27:13.000,10.05,-14.99,4.78,18.63,20.33,20676,-37.54,37.0,0.615
2024-04-16T23:28:14.000,10.04,-15.03,4.76,18.64,20.33,20677,-37.59,37.0,0.616
2024-04-16T23:29:14.000,10.01,-15.09,4.73,18.64,20.33,20678,-37.64,36.0,0.616
2024-04-16T23:30:14.000,10.05,-15.09,4.71,18.65,20.33,20679,-37.68,36.0,0.616
2024-04-16T23:31:14.000,10.09,-15.06,4.67,18.66,20.33,20680,-37.73,36.0,0.616
2024-04-16T23:32:15.000,10.05,-15.09,4.66,18.66,20.33,20681,-37.77,36.0,0.616
2024-04-16T23:33:15.000,10.0,-15.24,4.64,18.66,20.33,20682,-37.82,36.0,0.616
2024-04-16T23:34:15.000,10.06,-15.37,4.61,18.67,20.33,20683,-37.86,35.0,0.616
2024-04-16T23:35:15.000,10.14,-15.33,4.58,18.68,20.33,20684,-37.9,35.0,0.616
2024-04-16T23:36:15.000,10.15,-15.25,4.55,18.68,20.33,20685,-37.94,35.0,0.616
2024-04-16T23:37:15.000,10.1,-15.3,4.53,18.69,20.33,20686,-37.98,35.0,0.616
2024-04-16T23:38:16.000,10.04,-15.38,4.5,18.7,20.33,20687,-38.02,35.0,0.616
2024-04-16T23:39:16.000,10.0,-15.41,4.48,18.7,20.33,20688,-38.05,35.0,0.616
2024-04-16T23:40:16.000,10.05,-15.49,4.46,18.71,20.33,20689,-38.09,34.0,0.616
2024-04-16T23:41:16.000,10.11,-15.33,4.44,18.71,20.33,20690,-38.13,34.0,0.616
2024-04-16T23:42:17.000,10.1,-15.22,4.42,18.72,20.33,20691,-38.16,34.0,0.616
2024-04-16T23:43:17.000,10.01,-15.26,4.38,18.73,20.33,20692,-38.19,34.0,0.617
2024-04-16T23:44:17.000,10.03,-15.3,4.37,18.73,20.33,20693,-38.23,34.0,0.617
2024-04-16T23:45:17.000,10.18,-15.29,4.34,18.74,20.33,20694,-38.26,33.0,0.617
2024-04-16T23:46:17.000,10.22,-15.27,4.32,18.74,20.33,20695,-38.29,33.0,0.617
2024-04-16T23:47:17.000,10.17,-15.35,4.3,18.75,20.33,20696,-38.32,33.0,0.617
2024-04-16T23:48:18.000,10.09,-15.47,4.28,18.75,20.33,20697,-38.35,33.0,0.617
2024-04-16T23:49:18.000,9.99,-15.52,4.26,18.76,20.33,20698,-38.37,33.0,0.617
2024-04-16T23:50:18.000,10.07,-15.54,4.24,18.76,20.33,20699,-38.4,32.0,0.617
2024-04-16T23:51:18.000,10.19,-15.59,4.22,18.77,20.33,20700,-38.43,32.0,0.617
2024-04-16T23:52:19.000,10.21,-15.65,4.2,18.77,20.33,20701,-38.45,32.0,0.617
2024-04-16T23:53:19.000,10.16,-15.59,4.18,18.78,20.33,20702,-38.47,32.0,0.617
2024-04-16T23:54:19.000,10.1,-15.48,4.16,18.78,20.33,20703,-38.49,32.0,0.617
2024-04-16T23:55:19.000,10.02,-15.4,4.14,18.79,20.33,20704,-38.52,32.0,0.617
2024-04-16T23:56:20.000,10.01,-15.46,4.12,18.79,20.33,20705,-38.54,31.0,0.617
2024-04-16T23:57:20.000,10.14,-15.52,4.1,18.8,20.33,20706,-38.56,31.0,0.617
2024-04-16T23:58:20.000,10.21,-15.49,4.08,18.8,20.33,20707,-38.57,31.0,0.618
