ecsv/stars555/stars555_2024-04.ecsv
# %ECSV 1.0
# ---
# datatype:
# - {name: time, datatype: string}
# - {name: Enclosure Temperature, unit: deg_C, datatype: float64}
# - {name: Sky Temperature, unit: deg_C, datatype: float64}
# - {name: Frequency, unit: Hz, datatype: float64}
# - {name: MSAS, unit: mag / arcsec2, datatype: float64}
# - {name: ZP, datatype: float64}
# - {name: Sequence Number, datatype: int64}
# - {name: Sun Alt, unit: deg, datatype: float64}
# - {name: Moon Alt, unit: deg, datatype: float64}
# - {name: Moon Illumination, datatype: float64}
# delimiter: ','
# meta: !!omap
# - ida:
#     Data supplier: {affiliation: "Jorge Garc\xEDa", observer: "Jorge Garc\xEDa"}
#     Device type: TESS-W
#     Field of view: 17.0
#     Filters per channel: None
#     Instrument ID: stars555
#     License: ODbL 1.0 http://opendatacommons.org/licenses/odbl/summary/
#     Local timezone: Europe/Madrid
#     Location name: {country: '- Las Praderas', place: Las Praderas, region: Spain, sub_region: Community of Madrid, town: Cuenca del
#         Guadarrama}
#     Measurement direction per channel: {azimuth: 0.0, zenital: 0.0}
#     Moving / Fixed look direction: FIXED
#     Moving / Stationary position: STATIONARY
#     Number of channels: 1
#     Number of fields per line: 8
#     Number of header lines: 35
#     Position: {height: 0.0, latitude: 40.7038333, longitude: -3.94202777}
#     TESS MAC address: 98:F4:AB:B2:7C:2F
#     TESS cover offset value: 0.0
#     TESS firmware version: '1.0'
#     TESS zero point: 20.33
#     Time Synchronization: timestamp added by MQTT subscriber
#     URL: http://www.darksky.org/NSBM/sdf1.0.pdf
# - __serialized_columns__:
#     Enclosure Temperature:
#       __class__: astropy.units.quantity.Quantity
#       unit: &id001 !astropy.units.Unit {unit: deg_C}
#       value: !astropy.table.SerializedColumn {name: Enclosure Temperature}
#     Frequency:
#       __class__: astropy.units.quantity.Quantity
#       unit: !astropy.units.Unit {unit: Hz}
#       value: !astropy.table.SerializedColumn {name: Frequency}
#     MSAS:
#       __class__: astropy.units.quantity.Quantity
#       unit: !astropy.units.Unit {unit: mag / arcsec2}
#       value: !astropy.table.SerializedColumn {name: MSAS}
#     Moon Alt:
#       __class__: astropy.units.quantity.Quantity
#       unit: &id002 !astropy.units.Unit {unit: deg}
#       value: !astropy.table.SerializedColumn {name: Moon Alt}
#     Sky Temperature:
#       __class__: astropy.units.quantity.Quantity
#       unit: *id001
#       value: !astropy.table.SerializedColumn {name: Sky Temperature}
#     Sun Alt:
#       __class__: astropy.units.quantity.Quantity
#       unit: *id002
#       value: !astropy.table.SerializedColumn {name: Sun Alt}
#     time:
#       __class__: astropy.time.core.Time
#       format: isot
#       in_subfmt: '*'
#       out_subfmt: '*'
#       precision: 3
#       scale: utc
#       value: !astropy.table.SerializedColumn {name: time}
# schema: astropy-2.0
time,Enclosure Temperature,Sky Temperature,Frequency,MSAS,ZP,Sequence Number,Sun Alt,Moon Alt,Moon Illumination
[from data line 3513]
2024-04-15T04:48:41.000,12.8,-3.7,20.9,17.03,20.33,18128,-9.46,-21.0,0.441
2024-04-15T04:49:41.000,12.82,-3.53,24.88,16.84,20.33,18129,-9.29,-21.0,0.441
2024-04-15T04:50:42.000,12.83,-3.41,29.45,16.66,20.33,18130,-9.11,-21.0,0.442
2024-04-15T04:51:42.000,12.84,-3.24,33.33,16.52,20.33,18131,-8.93,-21.0,0.442
2024-04-15T04:52:42.000,12.85,-3.05,37.35,16.4,20.33,18132,-8.75,-21.0,0.442
2024-04-15T04:53:42.000,12.85,-2.77,43.03,16.25,20.33,18133,-8.58,-21.0,0.442
2024-04-15T04:54:42.000,12.86,-2.49,50.05,16.08,20.33,18134,-8.4,-21.0,0.442
2024-04-15T04:55:42.000,12.89,-2.2,61.36,15.86,20.33,18135,-8.22,-21.0,0.442
2024-04-15T04:56:43.000,12.91,-1.96,73.09,15.67,20.33,18136,-8.04,-21.0,0.442
2024-04-15T04:57:43.000,12.94,-1.7,87.39,15.48,20.33,18137,-7.86,-21.0,0.442
2024-04-15T04:58:43.000,12.96,-1.54,104.79,15.28,20.33,18138,-7.69,-21.0,0.442
2024-04-15T04:59:44.000,12.98,-1.53,127.69,15.07,20.33,18139,-7.51,-21.0,0.442
2024-04-15T05:00:44.000,13.0,-1.59,157.01,14.84,20.33,18140,-7.33,-21.0,0.442
2024-04-15T05:01:44.000,13.02,-1.64,192.72,14.62,20.33,18141,-7.15,-21.0,0.442
2024-04-15T05:02:45.000,13.01,-2.0,236.33,14.4,20.33,18142,-6.97,-21.0,0.442
2024-04-15T05:03:45.000,13.01,-2.26,289.13,14.18,20.33,18143,-6.79,-21.0,0.442
2024-04-15T05:04:46.000,13.03,-2.25,356.61,13.95,20.33,18144,-6.61,-21.0,0.442
2024-04-15T05:05:46.000,13.03,-2.38,448.56,13.7,20.33,18145,-6.43,-21.0,0.443
2024-04-15T05:06:46.000,13.03,-2.68,556.2,13.47,20.33,18146,-6.25,-21.0,0.443
2024-04-15T05:07:46.000,13.02,-3.03,672.6,13.26,20.33,18147,-6.07,-22.0,0.443
2024-04-15T05:08:46.000,13.03,-3.18,819.96,13.05,20.33,18148,-5.89,-22.0,0.443
2024-04-15T05:09:46.000,13.03,-3.32,1009.22,12.82,20.33,18149,-5.71,-22.0,0.443
2024-04-15T05:10:46.000,13.01,-3.42,1246.38,12.59,20.33,18150,-5.53,-22.0,0.443
2024-04-15T05:11:47.000,12.99,-3.38,1556.11,12.35,20.33,18151,-5.34,-22.0,0.443
2024-04-15T05:12:47.000,12.97,-3.48,1929.26,12.12,20.33,18152,-5.16,-22.0,0.443
2024-04-15T05:13:47.000,12.96,-3.58,2376.98,11.89,20.33,18153,-4.98,-22.0,0.443
2024-04-15T05:14:47.000,12.94,-3.89,2941.12,11.66,20.33,18154,-4.8,-22.0,0.443
2024-04-15T05:15:47.000,12.94,-3.62,3648.93,11.43,20.33,18155,-4.62,-22.0,0.443
2024-04-15T05:16:54.000,12.96,-3.47,4566.72,11.18,20.33,18156,-4.42,-22.0,0.443
2024-04-15T05:17:54.000,12.97,-3.53,5882.22,10.91,20.33,18157,-4.24,-22.0,0.443
2024-04-15T05:18:54.000,12.99,-3.54,7424.9,10.66,20.33,18158,-4.06,-22.0,0.443
2024-04-15T05:19:54.000,12.98,-3.65,9428.98,10.4,20.33,18159,-3.87,-22.0,0.444
2024-04-15T05:20:54.000,12.98,-3.8,11868.2,10.15,20.33,18160,-3.69,-22.0,0.444
2024-04-15T05:21:54.000,12.96,-4.0,14369.58,9.94,20.33,18161,-3.51,-22.0,0.444
2024-04-15T05:22:54.000,12.96,-4.11,17210.99,9.74,20.33,18162,-3.33,-22.0,0.444
2024-04-15T05:23:55.000,12.95,-4.56,20537.78,9.55,20.33,18163,-3.14,-22.0,0.444
2024-04-15T05:24:55.000,12.92,-4.78,24015.76,9.38,20.33,18164,-2.96,-22.0,0.444
2024-04-15T05:25:55.000,12.91,-4.92,27464.07,9.23,20.33,18165,-2.78,-22.0,0.444
2024-04-15T05:26:56.000,12.9,-5.16,31707.87,9.08,20.33,18166,-2.59,-22.0,0.444
2024-04-15T05:27:56.000,12.88,-5.32,36747.32,8.92,20.33,18167,-2.41,-22.0,0.444
2024-04-15T05:28:56.000,12.87,-5.29,42482.61,8.76,20.33,18168,-2.23,-22.0,0.444
2024-04-15T05:29:56.000,12.85,-5.57,48839.18,8.61,20.33,18169,-2.04,-22.0,0.444
2024-04-15T05:30:56.000,12.83,-5.79,54866.61,8.56,20.33,18170,-1.86,-22.0,0.444
2024-04-15T05:31:56.000,12.8,-5.96,58792.36,6.12,20.33,18171,-1.68,-22.0,0.444
2024-04-15T05:32:57.000,12.77,-6.22,50000.0,0.0,20.33,18172,-1.49,-22.0,0.444
2024-04-15T05:33:57.000,12.75,-6.35,50000.0,0.0,20.33,18173,-1.31,-22.0,0.445
2024-04-15T05:34:57.000,12.74,-6.08,50000.0,0.0,20.33,18174,-1.12,-22.0,0.445
2024-04-15T05:35:57.000,12.74,-5.9,50000.0,0.0,20.33,18175,-0.94,-22.0,0.445
2024-04-15T05:36:58.000,12.74,-5.85,49450.65,0.2,20.33,18176,-0.75,-23.0,0.445
2024-04-15T05:37:58.000,12.73,-6.4,50000.0,0.0,20.33,18177,-0.57,-23.0,0.445
2024-04-15T05:38:58.000,12.74,-6.34,50000.0,0.0,20.33,18178,-0.38,-23.0,0.445
2024-04-15T05:39:58.000,12.77,-6.3,50000.0,0.0,20.33,18179,-0.2,-23.0,0.445
2024-04-15T16:32:49.000,29.33,-3.85,50000.0,0.0,20.33,18829,25.99,61.0,0.49
2024-04-15T16:33:49.000,29.09,-4.08,50000.0,0.0,20.33,18830,25.8,62.0,0.49
2024-04-15T16:34:49.000,29.02,-3.48,50000.0,0.0,20.33,18831,25.61,62.0,0.49
2024-04-15T16:36:56.000,28.51,-4.13,50000.0,0.0,20.33,18833,25.22,62.0,0.491
2024-04-15T16:37:56.000,28.33,-4.04,50000.0,0.0,20.33,18834,25.03,62.0,0.491
2024-04-15T16:38:56.000,28.2,-3.89,50000.0,0.0,20.33,18835,24.84,62.0,0.491
2024-04-15T18:39:24.000,18.81,-8.97,50000.0,0.0,20.33,18955,2.15,75.0,0.499
2024-04-15T18:40:24.000,18.7,-8.93,50000.0,0.0,20.33,18956,1.96,75.0,0.499
2024-04-15T18:41:25.000,18.59,-8.95,50000.0,0.0,20.33,18957,1.78,75.0,0.499
2024-04-15T18:42:25.000,18.48,-8.97,49732.73,0.09,20.33,18958,1.59,75.0,0.499
2024-04-15T18:43:25.000,18.35,-9.02,50000.0,0.0,20.33,18959,1.41,75.0,0.499
2024-04-15T18:44:25.000,18.21,-9.18,49725.38,0.09,20.33,18960,1.22,75.0,0.499
2024-04-15T18:45:26.000,18.09,-9.19,50000.0,0.0,20.33,18961,1.03,75.0,0.499
2024-04-15T18:46:26.000,18.01,-9.21,50000.0,0.0,20.33,18962,0.85,75.0,0.499
2024-04-15T18:47:26.000,17.94,-9.37,50000.0,0.0,20.33,18963,0.66,75.0,0.5
2024-04-15T18:53:27.000,17.49,-9.54,50000.0,0.0,20.33,18969,-0.45,75.0,0.5
2024-04-15T18:54:28.000,17.41,-9.67,50000.0,0.0,20.33,18970,-0.63,75.0,0.5
2024-04-15T18:55:28.000,17.32,-9.71,50000.0,0.0,20.33,18971,-0.82,74.0,0.5
2024-04-15T18:56:28.000,17.29,-9.73,49500.11,0.18,20.33,18972,-1.0,74.0,0.5
2024-04-15T18:57:28.000,17.26,-9.8,50000.0,0.0,20.33,18973,-1.18,74.0,0.5
2024-04-15T18:58:29.000,17.25,-9.78,50000.0,0.0,20.33,18974,-1.37,74.0,0.5
2024-04-15T18:59:29.000,17.2,-10.0,50000.0,0.0,20.33,18975,-1.55,74.0,0.5
2024-04-15T19:00:29.000,17.15,-9.98,50000.0,0.0,20.33,18976,-1.74,74.0,0.5
2024-04-15T19:01:29.000,17.13,-10.0,50000.0,0.0,20.33,18977,-1.92,74.0,0.501
2024-04-15T19:02:30.000,17.11,-9.97,50000.0,0.0,20.33,18978,-2.11,74.0,0.501
2024-04-15T19:03:30.000,17.05,-10.13,56100.79,3.93,20.33,18979,-2.29,74.0,0.501
2024-04-15T19:04:30.000,17.0,-9.92,56568.07,8.45,20.33,18980,-2.47,74.0,0.501
2024-04-15T19:05:30.000,16.97,-10.05,48631.27,8.61,20.33,18981,-2.65,74.0,0.501
2024-04-15T19:06:31.000,16.94,-10.1,41552.04,8.78,20.33,18982,-2.84,74.0,0.501
2024-04-15T19:07:31.000,16.9,-10.18,35312.63,8.96,20.33,18983,-3.02,74.0,0.501
2024-04-15T19:08:31.000,16.85,-10.18,29842.29,9.14,20.33,18984,-3.2,74.0,0.501
2024-04-15T19:09:32.000,16.85,-10.06,25012.55,9.34,20.33,18985,-3.39,73.0,0.501
2024-04-15T19:10:32.000,16.85,-10.21,20835.84,9.53,20.33,18986,-3.57,73.0,0.501
2024-04-15T19:11:32.000,16.84,-10.31,17258.62,9.74,20.33,18987,-3.75,73.0,0.501
2024-04-15T19:12:32.000,16.82,-10.46,14238.31,9.95,20.33,18988,-3.93,73.0,0.501
2024-04-15T19:13:32.000,16.76,-10.57,11712.04,10.16,20.33,18989,-4.11,73.0,0.501
2024-04-15T19:14:33.000,16.71,-10.62,9585.27,10.38,20.33,18990,-4.3,73.0,0.501
2024-04-15T19:15:33.000,16.63,-10.7,7791.66,10.6,20.33,18991,-4.48,73.0,0.501
2024-04-15T19:16:33.000,16.54,-10.81,6294.58,10.83,20.33,18992,-4.66,73.0,0.502
2024-04-15T19:17:33.000,16.44,-10.71,5048.6,11.07,20.33,18993,-4.84,73.0,0.502
2024-04-15T19:18:34.000,16.36,-10.69,4036.13,11.32,20.33,18994,-5.02,73.0,0.502
2024-04-15T19:19:34.000,16.29,-10.64,3217.11,11.56,20.33,18995,-5.2,72.0,0.502
2024-04-15T19:20:34.000,16.22,-10.63,2556.04,11.81,20.33,18996,-5.38,72.0,0.502
2024-04-15T19:21:34.000,16.16,-10.74,2028.87,12.06,20.33,18997,-5.56,72.0,0.502
2024-04-15T19:22:34.000,16.1,-10.72,1613.39,12.31,20.33,18998,-5.74,72.0,0.502
2024-04-15T19:23:34.000,16.07,-10.83,1289.47,12.56,20.33,18999,-5.92,72.0,0.502
2024-04-15T19:24:34.000,16.01,-10.91,1035.28,12.79,20.33,19000,-6.1,72.0,0.502
2024-04-15T19:25:34.000,15.93,-11.07,834.47,13.03,20.33,19001,-6.28,72.0,0.502
2024-04-15T19:26:35.000,15.85,-11.06,674.72,13.26,20.33,19002,-6.46,72.0,0.502
2024-04-15T19:27:35.000,15.8,-11.05,546.69,13.49,20.33,19003,-6.64,72.0,0.502
2024-04-15T19:28:35.000,15.76,-11.06,443.24,13.72,20.33,19004,-6.82,71.0,0.502
2024-04-15T19:29:35.000,15.72,-11.2,360.88,13.94,20.33,19005,-6.99,71.0,0.502
2024-04-15T19:30:36.000,15.68,-11.38,294.53,14.16,20.33,19006,-7.17,71.0,0.503
2024-04-15T19:31:36.000,15.68,-11.37,241.33,14.38,20.33,19007,-7.35,71.0,0.503
2024-04-15T19:32:36.000,15.67,-11.51,199.15,14.58,20.33,19008,-7.53,71.0,0.503
2024-04-15T19:33:36.000,15.63,-11.52,165.19,14.79,20.33,19009,-7.71,71.0,0.503
2024-04-15T19:34:36.000,15.57,-11.59,137.71,14.98,20.33,19010,-7.88,71.0,0.503
2024-04-15T19:35:36.000,15.52,-11.52,116.07,15.17,20.33,19011,-8.06,71.0,0.503
2024-04-15T19:36:37.000,15.49,-11.53,98.38,15.35,20.33,19012,-8.24,70.0,0.503
2024-04-15T19:37:37.000,15.49,-11.33,84.07,15.52,20.33,19013,-8.42,70.0,0.503
2024-04-15T19:38:38.000,15.51,-11.44,72.67,15.68,20.33,19014,-8.6,70.0,0.503
2024-04-15T19:39:38.000,15.49,-11.51,63.02,15.83,20.33,19015,-8.77,70.0,0.503
2024-04-15T19:40:37.000,15.47,-11.46,55.45,15.97,20.33,19016,-8.95,70.0,0.503
2024-04-15T19:41:38.000,15.45,-11.52,48.7,16.11,20.33,19017,-9.12,70.0,0.503
2024-04-15T19:42:38.000,15.42,-11.64,44.06,16.22,20.33,19018,-9.3,70.0,0.503
2024-04-15T19:43:39.000,15.38,-11.69,39.7,16.33,20.33,19019,-9.48,69.0,0.503
2024-04-15T19:44:38.000,15.34,-11.72,36.11,16.44,20.33,19020,-9.65,69.0,0.503
2024-04-15T19:45:39.000,15.28,-11.81,32.99,16.53,20.33,19021,-9.83,69.0,0.504
2024-04-15T19:46:39.000,15.19,-11.73,30.19,16.63,20.33,19022,-10.0,69.0,0.504
2024-04-15T19:47:40.000,15.15,-11.64,28.07,16.71,20.33,19023,-10.18,69.0,0.504
2024-04-15T19:48:40.000,15.14,-11.67,26.22,16.78,20.33,19024,-10.35,69.0,0.504
2024-04-15T19:49:40.000,15.14,-11.64,24.44,16.86,20.33,19025,-10.53,69.0,0.504
2024-04-15T19:50:40.000,15.13,-11.79,22.96,16.93,20.33,19026,-10.7,68.0,0.504
2024-04-15T19:51:41.000,15.11,-11.85,21.78,16.99,20.33,19027,-10.88,68.0,0.504
2024-04-15T19:52:41.000,15.07,-11.9,20.71,17.04,20.33,19028,-11.05,68.0,0.504
2024-04-15T19:53:41.000,15.04,-11.86,19.75,17.09,20.33,19029,-11.23,68.0,0.504
2024-04-15T19:54:41.000,15.05,-11.61,18.99,17.13,20.33,19030,-11.4,68.0,0.504
2024-04-15T19:55:42.000,15.09,-11.95,18.36,17.17,20.33,19031,-11.57,68.0,0.504
2024-04-15T19:56:42.000,15.07,-12.03,17.72,17.21,20.33,19032,-11.75,67.0,0.504
2024-04-15T19:57:42.000,15.05,-11.88,17.09,17.25,20.33,19033,-11.92,67.0,0.504
2024-04-15T19:58:43.000,15.07,-11.8,16.59,17.28,20.33,19034,-12.09,67.0,0.504
2024-04-15T19:59:43.000,15.11,-11.69,16.16,17.31,20.33,19035,-12.26,67.0,0.505
2024-04-15T20:00:43.000,15.15,-11.75,15.74,17.34,20.33,19036,-12.43,67.0,0.505
2024-04-15T20:01:44.000,15.14,-11.88,15.41,17.36,20.33,19037,-12.61,67.0,0.505
2024-04-15T20:02:44.000,15.13,-11.87,15.09,17.38,20.33,19038,-12.78,67.0,0.505
2024-04-15T20:03:44.000,15.12,-11.74,14.8,17.4,20.33,19039,-12.95,66.0,0.505
2024-04-15T20:04:45.000,15.18,-11.71,14.54,17.42,20.33,19040,-13.12,66.0,0.505
2024-04-15T20:05:45.000,15.17,-11.93,14.3,17.44,20.33,19041,-13.29,66.0,0.505
2024-04-15T20:06:45.000,15.11,-11.88,14.06,17.46,20.33,19042,-13.46,66.0,0.505
2024-04-15T20:07:45.000,15.05,-12.02,13.83,17.48,20.33,19043,-13.63,66.0,0.505
2024-04-15T20:08:46.000,14.97,-12.12,13.68,17.49,20.33,19044,-13.8,66.0,0.505
2024-04-15T20:09:46.000,14.94,-11.99,13.45,17.51,20.33,19045,-13.97,65.0,0.505
2024-04-15T20:10:46.000,14.93,-12.11,13.27,17.52,20.33,19046,-14.14,65.0,0.505
2024-04-15T20:11:47.000,14.95,-12.03,13.07,17.54,20.33,19047,-14.31,65.0,0.505
2024-04-15T20:12:47.000,14.99,-12.04,12.89,17.55,20.33,19048,-14.48,65.0,0.505
2024-04-15T20:13:47.000,14.96,-12.33,12.75,17.57,20.33,19049,-14.65,65.0,0.506
2024-04-15T20:14:47.000,14.92,-12.35,12.59,17.58,20.33,19050,-14.82,65.0,0.506
2024-04-15T20:15:48.000,14.83,-12.42,12.37,17.6,20.33,19051,-14.99,64.0,0.506
2024-04-15T20:16:48.000,14.81,-12.39,12.24,17.61,20.33,19052,-15.15,64.0,0.506
2024-04-15T20:17:48.000,14.77,-12.44,12.09,17.62,20.33,19053,-15.32,64.0,0.506
2024-04-15T20:18:48.000,14.75,-12.53,11.97,17.63,20.33,19054,-15.49,64.0,0.506
2024-04-15T20:19:48.000,14.72,-12.58,11.96,17.64,20.33,19055,-15.65,64.0,0.506
2024-04-15T20:20:49.000,14.71,-12.31,11.72,17.66,20.33,19056,-15.82,64.0,0.506
2024-04-15T20:21:49.000,14.67,-12.57,11.67,17.66,20.33,19057,-15.99,63.0,0.506
2024-04-15T20:22:49.000,14.6,-12.63,11.53,17.68,20.33,19058,-16.15,63.0,0.506
2024-04-15T20:23:49.000,14.56,-12.63,11.41,17.69,20.33,19059,-16.31,63.0,0.506
2024-04-15T20:24:50.000,14.51,-12.71,11.31,17.7,20.33,19060,-16.48,63.0,0.506
2024-04-15T20:25:50.000,14.48,-12.58,11.18,17.71,20.33,19061,-16.65,63.0,0.506
2024-04-15T20:26:50.000,14.49,-12.68,11.07,17.72,20.33,19062,-16.81,63.0,0.506
2024-04-15T20:27:50.000,14.48,-12.72,10.98,17.73,20.33,19063,-16.97,62.0,0.506
2024-04-15T20:28:51.000,14.48,-12.75,10.9,17.74,20.33,19064,-17.14,62.0,0.507
2024-04-15T20:29:51.000,14.46,-12.94,10.8,17.75,20.33,19065,-17.3,62.0,0.507
2024-04-15T20:30:51.000,14.46,-12.96,10.7,17.76,20.33,19066,-17.46,62.0,0.507
2024-04-15T20:31:52.000,14.42,-13.24,10.56,17.77,20.33,19067,-17.63,62.0,0.507
2024-04-15T20:32:52.000,14.43,-13.08,10.44,17.78,20.33,19068,-17.79,62.0,0.507
2024-04-15T20:33:52.000,14.44,-13.11,10.31,17.8,20.33,19069,-17.95,61.0,0.507
2024-04-15T20:34:52.000,14.5,-13.12,10.19,17.81,20.33,19070,-18.11,61.0,0.507
2024-04-15T20:35:52.000,14.51,-13.25,10.09,17.82,20.33,19071,-18.27,61.0,0.507
2024-04-15T20:36:52.000,14.52,-13.14,9.97,17.83,20.33,19072,-18.44,61.0,0.507
2024-04-15T20:37:53.000,14.52,-13.39,9.85,17.85,20.33,19073,-18.6,61.0,0.507
2024-04-15T20:38:53.000,14.48,-13.61,9.72,17.86,20.33,19074,-18.76,61.0,0.507
2024-04-15T20:39:53.000,14.44,-13.8,9.6,17.87,20.33,19075,-18.92,60.0,0.507
2024-04-15T20:40:53.000,14.38,-13.83,9.52,17.88,20.33,19076,-19.08,60.0,0.507
2024-04-15T20:41:54.000,14.34,-13.89,9.44,17.89,20.33,19077,-19.24,60.0,0.507
2024-04-15T20:42:54.000,14.29,-13.96,9.34,17.9,20.33,19078,-19.4,60.0,0.508
2024-04-15T20:43:54.000,14.26,-14.01,9.26,17.91,20.33,19079,-19.55,60.0,0.508
2024-04-15T20:44:54.000,14.21,-14.09,9.19,17.92,20.33,19080,-19.71,60.0,0.508
2024-04-15T20:45:55.000,14.14,-14.07,9.12,17.93,20.33,19081,-19.87,59.0,0.508
2024-04-15T20:46:55.000,14.07,-14.13,9.05,17.94,20.33,19082,-20.03,59.0,0.508
2024-04-15T20:47:55.000,14.0,-14.15,8.96,17.95,20.33,19083,-20.18,59.0,0.508
2024-04-15T20:48:55.000,13.89,-14.18,8.9,17.96,20.33,19084,-20.34,59.0,0.508
2024-04-15T20:49:55.000,13.85,-14.17,8.84,17.96,20.33,19085,-20.5,59.0,0.508
2024-04-15T20:50:56.000,13.79,-14.28,8.78,17.97,20.33,19086,-20.65,58.0,0.508
2024-04-15T20:51:56.000,13.74,-14.2,8.75,17.97,20.33,19087,-20.81,58.0,0.508
2024-04-15T20:52:56.000,13.7,-14.25,8.73,17.98,20.33,19088,-20.96,58.0,0.508
2024-04-15T20:53:56.000,13.63,-14.19,8.7,17.98,20.33,19089,-21.12,58.0,0.508
2024-04-15T20:54:57.000,13.55,-14.27,8.64,17.99,20.33,19090,-21.27,58.0,0.508
2024-04-15T20:55:57.000,13.46,-14.35,8.57,18.0,20.33,19091,-21.43,58.0,0.508
2024-04-15T20:56:57.000,13.39,-14.35,8.51,18.01,20.33,19092,-21.58,57.0,0.508
2024-04-15T20:57:57.000,13.34,-14.36,8.44,18.01,20.33,19093,-21.73,57.0,0.509
2024-04-15T20:58:58.000,13.28,-14.28,8.39,18.02,20.33,19094,-21.89,57.0,0.509
2024-04-15T20:59:58.000,13.22,-14.26,8.3,18.03,20.33,19095,-22.04,57.0,0.509
2024-04-15T21:00:58.000,13.16,-14.27,8.22,18.04,20.33,19096,-22.19,57.0,0.509
2024-04-15T21:01:59.000,13.11,-14.3,8.14,18.05,20.33,19097,-22.34,56.0,0.509
2024-04-15T21:02:59.000,13.04,-14.33,8.04,18.07,20.33,19098,-22.49,56.0,0.509
2024-04-15T21:03:59.000,12.97,-14.3,7.97,18.08,20.33,19099,-22.64,56.0,0.509
2024-04-15T21:04:59.000,12.89,-14.33,7.97,18.08,20.33,19100,-22.79,56.0,0.509
2024-04-15T21:06:00.000,12.81,-14.49,7.9,18.09,20.33,19101,-22.95,56.0,0.509
2024-04-15T21:07:00.000,12.75,-14.56,7.75,18.11,20.33,19102,-23.09,56.0,0.509
2024-04-15T21:08:00.000,12.68,-14.58,7.74,18.11,20.33,19103,-23.24,55.0,0.509
2024-04-15T21:09:00.000,12.62,-14.78,7.67,18.12,20.33,19104,-23.39,55.0,0.509
2024-04-15T21:10:01.000,12.53,-14.92,7.66,18.12,20.33,19105,-23.54,55.0,0.509
