ecsv/stars555/stars555_2025-04.ecsv
# %ECSV 1.0
# ---
# datatype:
# - {name: time, datatype: string}
# - {name: Enclosure Temperature, unit: deg_C, datatype: float64}
# - {name: Sky Temperature, unit: deg_C, datatype: float64}
# - {name: Frequency, unit: Hz, datatype: float64}
# - {name: MSAS, unit: mag / arcsec2, datatype: float64}
# - {name: ZP, datatype: float64}
# - {name: Sequence Number, datatype: int64}
# - {name: Sun Alt, unit: deg, datatype: float64}
# - {name: Moon Alt, unit: deg, datatype: float64}
# - {name: Moon Illumination, datatype: float64}
# delimiter: ','
# meta: !!omap
# - ida:
#     Data supplier: {affiliation: "Jorge Garc\xEDa", observer: "Jorge Garc\xEDa"}
#     Device type: TESS-W
#     Field of view: 17.0
#     Filters per channel: None
#     Instrument ID: stars555
#     License: ODbL 1.0 http://opendatacommons.org/licenses/odbl/summary/
#     Local timezone: Europe/Madrid
#     Location name: {country: Spain, place: Las Praderas, region: Community of Madrid, sub_region: Cuenca del Guadarrama, town: Las Praderas}
#     Measurement direction per channel: {azimuth: 0.0, zenital: 0.0}
#     Moving / Fixed look direction: FIXED
#     Moving / Stationary position: STATIONARY
#     Number of channels: 1
#     Number of fields per line: 8
#     Number of header lines: 35
#     Position: {height: 0.0, latitude: 40.7038333, longitude: -3.94202777}
#     TESS MAC address: 98:F4:AB:B2:7C:2F
#     TESS cover offset value: 0.0
#     TESS firmware version: '1.0'
#     TESS zero point: 20.33
#     Time Synchronization: timestamp added by MQTT subscriber
#     URL: http://www.darksky.org/NSBM/sdf1.0.pdf
# - __serialized_columns__:
#     Enclosure Temperature:
#       __class__: astropy.units.quantity.Quantity
#       unit: &id001 !astropy.units.Unit {unit: deg_C}
#       value: !astropy.table.SerializedColumn {name: Enclosure Temperature}
#     Frequency:
#       __class__: astropy.units.quantity.Quantity
#       unit: !astropy.units.Unit {unit: Hz}
#       value: !astropy.table.SerializedColumn {name: Frequency}
#     MSAS:
#       __class__: astropy.units.quantity.Quantity
#       unit: !astropy.units.Unit {unit: mag / arcsec2}
#       value: !astropy.table.SerializedColumn {name: MSAS}
#     Moon Alt:
#       __class__: astropy.units.quantity.Quantity
#       unit: &id002 !astropy.units.Unit {unit: deg}
#       value: !astropy.table.SerializedColumn {name: Moon Alt}
#     Sky Temperature:
#       __class__: astropy.units.quantity.Quantity
#       unit: *id001
#       value: !astropy.table.SerializedColumn {name: Sky Temperature}
#     Sun Alt:
#       __class__: astropy.units.quantity.Quantity
#       unit: *id002
#       value: !astropy.table.SerializedColumn {name: Sun Alt}
#     time:
#       __class__: astropy.time.core.Time
#       format: isot
#       in_subfmt: '*'
#       out_subfmt: '*'
#       precision: 3
#       scale: utc
#       value: !astropy.table.SerializedColumn {name: time}
# schema: astropy-2.0
time,Enclosure Temperature,Sky Temperature,Frequency,MSAS,ZP,Sequence Number,Sun Alt,Moon Alt,Moon Illumination
[from data line 15115]
2025-04-25T20:43:24.000,13.96,11.45,23.52,16.9,20.33,112006,-17.23,-40.0,0.057
2025-04-25T20:44:32.000,13.89,12.0,24.37,16.86,20.33,112007,-17.41,-40.0,0.057
2025-04-25T20:45:40.000,13.71,11.29,25.76,16.8,20.33,112008,-17.58,-40.0,0.057
2025-04-25T20:46:49.000,13.64,11.76,25.93,16.8,20.33,112009,-17.75,-40.0,0.057
2025-04-25T20:47:57.000,13.69,12.08,25.64,16.81,20.33,112010,-17.92,-40.0,0.057
2025-04-25T20:49:04.000,13.63,11.81,24.65,16.85,20.33,112011,-18.09,-40.0,0.057
2025-04-25T20:50:11.000,13.57,11.84,24.2,16.87,20.33,112012,-18.26,-41.0,0.057
2025-04-25T20:51:18.000,13.53,11.86,24.07,16.88,20.33,112013,-18.43,-41.0,0.057
2025-04-25T20:52:25.000,13.55,12.05,23.27,16.91,20.33,112014,-18.6,-41.0,0.057
2025-04-25T20:53:31.000,13.67,12.44,22.19,16.96,20.33,112015,-18.76,-41.0,0.057
2025-04-25T20:54:40.000,13.66,12.14,22.08,16.97,20.33,112016,-18.93,-41.0,0.057
2025-04-25T20:55:48.000,13.73,12.28,22.69,16.94,20.33,112017,-19.1,-41.0,0.057
2025-04-25T20:56:56.000,13.74,12.42,23.26,16.91,20.33,112018,-19.27,-41.0,0.057
2025-04-25T20:58:04.000,13.82,12.54,24.12,16.87,20.33,112019,-19.43,-41.0,0.057
2025-04-25T20:59:12.000,13.82,12.08,24.1,16.87,20.33,112020,-19.6,-41.0,0.057
2025-04-25T21:00:20.000,13.75,12.23,24.03,16.88,20.33,112021,-19.77,-41.0,0.057
2025-04-25T21:01:28.000,13.87,12.73,23.93,16.88,20.33,112022,-19.93,-42.0,0.057
2025-04-25T21:02:36.000,14.0,12.76,23.74,16.89,20.33,112023,-20.1,-42.0,0.057
2025-04-25T21:03:45.000,14.06,12.87,23.3,16.91,20.33,112024,-20.26,-42.0,0.057
2025-04-25T21:04:52.000,14.15,13.01,20.22,17.07,20.33,112025,-20.42,-42.0,0.057
2025-04-25T21:06:00.000,14.19,12.92,17.16,17.25,20.33,112026,-20.59,-42.0,0.057
2025-04-25T21:07:08.000,14.15,12.72,13.41,17.51,20.33,112027,-20.75,-42.0,0.056
2025-04-25T21:08:17.000,14.1,12.67,15.17,17.38,20.33,112028,-20.91,-42.0,0.056
2025-04-25T21:09:25.000,14.0,12.24,16.7,17.27,20.33,112029,-21.07,-42.0,0.056
2025-04-25T21:10:34.000,13.92,12.49,14.41,17.44,20.33,112030,-21.24,-42.0,0.056
2025-04-25T21:11:42.000,13.91,12.46,11.23,17.71,20.33,112031,-21.4,-42.0,0.056
2025-04-25T21:12:49.000,13.88,12.27,11.83,17.65,20.33,112032,-21.55,-42.0,0.056
2025-04-25T21:13:58.000,13.79,12.31,13.45,17.51,20.33,112033,-21.72,-43.0,0.056
2025-04-25T21:15:04.000,13.75,12.1,11.03,17.73,20.33,112034,-21.87,-43.0,0.056
2025-04-25T21:16:09.000,13.65,12.09,6.71,18.28,20.33,112035,-22.02,-43.0,0.056
2025-04-25T21:17:14.000,13.59,12.02,4.07,18.81,20.33,112036,-22.17,-43.0,0.056
2025-04-25T21:18:18.000,13.55,12.01,3.14,19.09,20.33,112037,-22.32,-43.0,0.056
2025-04-25T21:19:22.000,13.49,11.87,3.0,19.14,20.33,112038,-22.46,-43.0,0.056
2025-04-25T21:20:26.000,13.38,11.73,3.64,18.93,20.33,112039,-22.61,-43.0,0.056
2025-04-25T21:21:30.000,13.36,11.85,4.43,18.71,20.33,112040,-22.76,-43.0,0.056
2025-04-25T21:22:35.000,13.22,11.43,4.42,18.72,20.33,112041,-22.9,-43.0,0.056
2025-04-25T21:23:38.000,13.19,11.7,4.4,18.72,20.33,112042,-23.05,-43.0,0.056
2025-04-25T21:24:42.000,13.17,11.61,4.78,18.63,20.33,112043,-23.19,-43.0,0.056
2025-04-25T21:25:47.000,13.16,11.6,5.9,18.41,20.33,112044,-23.33,-43.0,0.056
2025-04-25T21:26:51.000,13.14,11.6,6.35,18.32,20.33,112045,-23.48,-43.0,0.056
2025-04-25T21:27:56.000,13.14,11.65,5.36,18.51,20.33,112046,-23.62,-43.0,0.056
2025-04-25T21:29:02.000,13.14,11.74,4.89,18.61,20.33,112047,-23.77,-44.0,0.056
2025-04-25T21:30:07.000,13.16,11.83,5.91,18.4,20.33,112048,-23.91,-44.0,0.056
2025-04-25T21:31:14.000,13.16,11.74,7.28,18.18,20.33,112049,-24.06,-44.0,0.056
2025-04-25T21:32:20.000,13.15,11.66,8.71,17.98,20.33,112050,-24.2,-44.0,0.056
2025-04-25T21:33:28.000,13.09,11.38,10.27,17.8,20.33,112051,-24.35,-44.0,0.055
2025-04-25T21:34:37.000,12.94,11.19,10.52,17.78,20.33,112052,-24.5,-44.0,0.055
2025-04-25T21:35:45.000,12.96,11.49,10.4,17.79,20.33,112053,-24.64,-44.0,0.055
2025-04-25T21:36:49.000,12.85,10.97,9.85,17.85,20.33,112054,-24.78,-44.0,0.055
2025-04-25T21:37:54.000,12.69,10.55,9.29,17.91,20.33,112055,-24.92,-44.0,0.055
2025-04-25T21:39:00.000,12.59,10.7,9.41,17.9,20.33,112056,-25.06,-44.0,0.055
2025-04-25T21:40:08.000,12.55,10.88,8.28,18.04,20.33,112057,-25.2,-44.0,0.055
2025-04-25T21:41:14.000,12.66,11.28,9.07,17.94,20.33,112058,-25.34,-44.0,0.055
2025-04-25T21:42:21.000,12.74,11.29,9.96,17.83,20.33,112059,-25.48,-44.0,0.055
2025-04-25T21:43:26.000,12.71,11.06,8.75,17.98,20.33,112060,-25.62,-44.0,0.055
2025-04-25T21:44:32.000,12.54,10.5,6.44,18.31,20.33,112061,-25.75,-44.0,0.055
2025-04-25T21:45:37.000,12.48,10.64,4.79,18.63,20.33,112062,-25.89,-44.0,0.055
2025-04-25T21:46:42.000,12.35,10.2,4.96,18.59,20.33,112063,-26.02,-44.0,0.055
2025-04-25T21:47:47.000,12.23,10.3,5.23,18.53,20.33,112064,-26.15,-44.0,0.055
2025-04-25T21:48:54.000,12.23,10.41,5.42,18.49,20.33,112065,-26.29,-45.0,0.055
2025-04-25T21:49:59.000,12.13,10.04,5.36,18.51,20.33,112066,-26.42,-45.0,0.055
2025-04-25T21:51:04.000,11.96,9.81,4.56,18.68,20.33,112067,-26.55,-45.0,0.055
2025-04-25T21:52:08.000,11.92,9.96,4.48,18.7,20.33,112068,-26.68,-45.0,0.055
2025-04-25T21:53:14.000,11.94,10.1,3.22,19.07,20.33,112069,-26.81,-45.0,0.055
2025-04-25T21:54:22.000,11.86,9.87,2.26,19.45,20.33,112070,-26.94,-45.0,0.055
2025-04-25T21:55:25.000,11.68,9.23,1.99,19.59,20.33,112071,-27.06,-45.0,0.055
2025-04-25T21:56:31.000,11.54,9.44,2.01,19.57,20.33,112072,-27.19,-45.0,0.055
2025-04-25T21:57:36.000,11.52,9.53,2.0,19.58,20.33,112073,-27.32,-45.0,0.055
2025-04-25T21:58:38.000,11.47,9.43,1.92,19.62,20.33,112074,-27.44,-45.0,0.054
2025-04-25T21:59:42.000,11.38,9.09,1.89,19.64,20.33,112075,-27.56,-45.0,0.054
2025-04-25T22:00:47.000,11.24,9.23,1.72,19.74,20.33,112076,-27.68,-45.0,0.054
2025-04-25T22:01:53.000,11.18,8.98,1.69,19.76,20.33,112077,-27.81,-45.0,0.054
2025-04-25T22:02:58.000,11.01,8.55,1.71,19.75,20.33,112078,-27.93,-45.0,0.054
2025-04-25T22:04:04.000,10.87,8.7,1.67,19.77,20.33,112079,-28.05,-45.0,0.054
2025-04-25T22:05:08.000,10.84,8.57,1.65,19.79,20.33,112080,-28.17,-45.0,0.054
2025-04-25T22:06:12.000,10.83,8.81,1.64,19.79,20.33,112081,-28.29,-45.0,0.054
2025-04-25T22:07:17.000,10.74,8.42,1.64,19.79,20.33,112082,-28.41,-45.0,0.054
2025-04-25T22:08:21.000,10.66,8.44,1.64,19.79,20.33,112083,-28.53,-45.0,0.054
2025-04-25T22:09:25.000,10.6,8.25,1.62,19.81,20.33,112084,-28.64,-45.0,0.054
2025-04-25T22:10:29.000,10.49,8.16,1.61,19.81,20.33,112085,-28.76,-45.0,0.054
2025-04-25T22:11:32.000,10.58,8.61,1.61,19.81,20.33,112086,-28.87,-45.0,0.054
2025-04-25T22:12:37.000,10.6,8.51,1.61,19.81,20.33,112087,-28.98,-45.0,0.054
2025-04-25T22:13:42.000,10.54,8.39,1.62,19.81,20.33,112088,-29.1,-45.0,0.054
2025-04-25T22:14:47.000,10.53,8.56,1.61,19.81,20.33,112089,-29.21,-45.0,0.054
2025-04-25T22:15:49.000,10.51,8.33,1.6,19.82,20.33,112090,-29.32,-45.0,0.054
2025-04-25T22:16:52.000,10.49,8.52,1.59,19.83,20.33,112091,-29.43,-45.0,0.054
2025-04-25T22:17:55.000,10.28,7.62,1.59,19.83,20.33,112092,-29.54,-45.0,0.054
2025-04-25T22:18:57.000,10.23,8.07,1.59,19.83,20.33,112093,-29.64,-45.0,0.054
2025-04-25T22:20:00.000,10.24,8.01,1.58,19.83,20.33,112094,-29.75,-45.0,0.054
2025-04-25T22:21:02.000,10.14,7.77,1.58,19.83,20.33,112095,-29.85,-45.0,0.054
2025-04-25T22:22:05.000,10.14,8.02,1.58,19.84,20.33,112096,-29.96,-45.0,0.054
2025-04-25T22:23:08.000,10.06,7.67,1.58,19.83,20.33,112097,-30.06,-45.0,0.054
2025-04-25T22:24:10.000,10.12,8.0,1.58,19.83,20.33,112098,-30.16,-45.0,0.054
2025-04-25T22:25:13.000,10.2,7.97,1.59,19.83,20.33,112099,-30.26,-45.0,0.053
2025-04-25T22:26:16.000,10.26,8.33,1.6,19.82,20.33,112100,-30.36,-45.0,0.053
2025-04-25T22:27:19.000,10.28,8.2,1.6,19.82,20.33,112101,-30.46,-45.0,0.053
2025-04-25T22:28:22.000,10.11,7.58,1.6,19.82,20.33,112102,-30.56,-45.0,0.053
2025-04-25T22:29:25.000,10.15,8.06,1.61,19.82,20.33,112103,-30.66,-45.0,0.053
2025-04-25T22:30:29.000,10.21,8.22,1.6,19.82,20.33,112104,-30.76,-45.0,0.053
2025-04-25T22:31:32.000,10.19,7.84,1.61,19.81,20.33,112105,-30.86,-45.0,0.053
2025-04-25T22:32:36.000,10.03,7.67,1.61,19.81,20.33,112106,-30.96,-45.0,0.053
2025-04-25T22:33:39.000,10.0,7.68,1.61,19.82,20.33,112107,-31.05,-45.0,0.053
2025-04-25T22:34:43.000,10.21,8.02,1.61,19.81,20.33,112108,-31.15,-45.0,0.053
2025-04-25T22:35:46.000,10.33,8.1,1.62,19.8,20.33,112109,-31.24,-45.0,0.053
2025-04-25T22:36:51.000,10.22,7.92,1.62,19.8,20.33,112110,-31.34,-45.0,0.053
2025-04-25T22:37:55.000,10.11,7.66,1.63,19.8,20.33,112111,-31.43,-45.0,0.053
2025-04-25T22:38:59.000,10.17,8.3,1.64,19.79,20.33,112112,-31.53,-45.0,0.053
2025-04-25T22:40:03.000,10.22,8.25,1.64,19.79,20.33,112113,-31.62,-45.0,0.053
2025-04-25T22:41:09.000,10.12,7.9,1.64,19.8,20.33,112114,-31.71,-45.0,0.053
2025-04-25T22:42:14.000,10.11,8.06,1.64,19.8,20.33,112115,-31.8,-45.0,0.053
2025-04-25T22:43:18.000,10.05,7.93,1.63,19.8,20.33,112116,-31.89,-45.0,0.053
2025-04-25T22:44:21.000,10.01,7.71,1.64,19.8,20.33,112117,-31.98,-45.0,0.053
2025-04-25T22:45:24.000,10.04,7.86,1.63,19.8,20.33,112118,-32.07,-45.0,0.053
2025-04-25T22:46:28.000,10.29,8.24,1.64,19.79,20.33,112119,-32.15,-45.0,0.053
2025-04-25T22:47:30.000,10.23,7.8,1.65,19.79,20.33,112120,-32.23,-45.0,0.053
2025-04-25T22:48:35.000,10.12,7.92,1.66,19.78,20.33,112121,-32.32,-45.0,0.053
2025-04-25T22:49:37.000,10.15,8.01,1.66,19.78,20.33,112122,-32.4,-45.0,0.053
2025-04-25T22:50:42.000,10.1,7.99,1.66,19.78,20.33,112123,-32.49,-45.0,0.053
2025-04-25T22:51:45.000,10.09,8.06,1.67,19.78,20.33,112124,-32.57,-45.0,0.052
2025-04-25T22:52:50.000,10.05,8.01,1.67,19.77,20.33,112125,-32.65,-45.0,0.052
2025-04-25T22:53:55.000,10.02,7.87,1.68,19.77,20.33,112126,-32.73,-45.0,0.052
2025-04-25T22:54:58.000,10.03,7.83,1.67,19.77,20.33,112127,-32.81,-45.0,0.052
2025-04-25T22:56:04.000,10.2,8.22,1.66,19.78,20.33,112128,-32.89,-45.0,0.052
2025-04-25T22:57:08.000,10.26,8.17,1.66,19.78,20.33,112129,-32.96,-45.0,0.052
2025-04-25T22:58:11.000,10.22,8.15,1.65,19.78,20.33,112130,-33.04,-45.0,0.052
2025-04-25T22:59:15.000,10.13,7.91,1.64,19.79,20.33,112131,-33.11,-45.0,0.052
2025-04-25T23:00:20.000,10.1,7.99,1.64,19.79,20.33,112132,-33.19,-45.0,0.052
2025-04-25T23:01:24.000,10.03,7.8,1.64,19.79,20.33,112133,-33.26,-45.0,0.052
2025-04-25T23:02:28.000,9.98,7.56,1.64,19.8,20.33,112134,-33.33,-45.0,0.052
2025-04-25T23:03:33.000,10.14,7.61,1.63,19.8,20.33,112135,-33.41,-45.0,0.052
2025-04-25T23:04:38.000,10.26,7.81,1.63,19.8,20.33,112136,-33.48,-45.0,0.052
2025-04-25T23:05:41.000,10.19,7.55,1.62,19.81,20.33,112137,-33.55,-44.0,0.052
2025-04-25T23:06:43.000,10.04,7.39,1.62,19.81,20.33,112138,-33.61,-44.0,0.052
2025-04-25T23:07:47.000,10.1,7.79,1.62,19.81,20.33,112139,-33.68,-44.0,0.052
2025-04-25T23:08:51.000,10.02,7.47,1.6,19.82,20.33,112140,-33.75,-44.0,0.052
2025-04-25T23:09:54.000,10.18,8.06,1.6,19.82,20.33,112141,-33.81,-44.0,0.052
2025-04-25T23:10:59.000,10.19,8.01,1.6,19.82,20.33,112142,-33.88,-44.0,0.052
2025-04-25T23:12:02.000,10.2,7.98,1.6,19.82,20.33,112143,-33.94,-44.0,0.052
2025-04-25T23:13:06.000,10.18,8.2,1.59,19.83,20.33,112144,-34.0,-44.0,0.052
2025-04-25T23:14:09.000,10.16,8.19,1.59,19.82,20.33,112145,-34.06,-44.0,0.052
2025-04-25T23:15:12.000,10.09,7.96,1.59,19.83,20.33,112146,-34.12,-44.0,0.052
2025-04-25T23:16:14.000,10.03,7.84,1.58,19.84,20.33,112147,-34.18,-44.0,0.052
2025-04-25T23:17:16.000,9.94,7.52,1.57,19.84,20.33,112148,-34.23,-44.0,0.052
2025-04-25T23:18:19.000,10.07,7.29,1.57,19.84,20.33,112149,-34.29,-44.0,0.051
2025-04-25T23:19:21.000,10.16,7.29,1.57,19.84,20.33,112150,-34.34,-44.0,0.051
2025-04-25T23:20:24.000,10.15,7.33,1.57,19.84,20.33,112151,-34.4,-44.0,0.051
2025-04-25T23:21:26.000,10.1,7.68,1.57,19.84,20.33,112152,-34.45,-44.0,0.051
2025-04-25T23:22:28.000,10.09,7.83,1.56,19.84,20.33,112153,-34.5,-44.0,0.051
2025-04-25T23:23:30.000,10.08,7.94,1.56,19.84,20.33,112154,-34.55,-44.0,0.051
2025-04-25T23:24:32.000,10.03,7.85,1.57,19.84,20.33,112155,-34.6,-44.0,0.051
2025-04-25T23:25:34.000,10.0,7.73,1.56,19.84,20.33,112156,-34.65,-43.0,0.051
2025-04-25T23:26:37.000,10.13,7.82,1.57,19.84,20.33,112157,-34.7,-43.0,0.051
2025-04-25T23:27:39.000,10.13,7.51,1.56,19.85,20.33,112158,-34.74,-43.0,0.051
2025-04-25T23:28:41.000,9.99,7.0,1.56,19.85,20.33,112159,-34.79,-43.0,0.051
2025-04-25T23:29:43.000,9.93,6.11,1.56,19.85,20.33,112160,-34.83,-43.0,0.051
2025-04-25T23:30:45.000,10.13,5.46,1.55,19.85,20.33,112161,-34.88,-43.0,0.051
2025-04-25T23:31:48.000,10.26,4.76,1.56,19.85,20.33,112162,-34.92,-43.0,0.051
2025-04-25T23:32:51.000,10.01,3.4,1.55,19.85,20.33,112163,-34.96,-43.0,0.051
2025-04-25T23:33:54.000,10.11,2.69,1.55,19.85,20.33,112164,-35.0,-43.0,0.051
2025-04-25T23:34:57.000,10.03,1.59,1.55,19.86,20.33,112165,-35.04,-43.0,0.051
2025-04-25T23:36:00.000,10.01,0.57,1.55,19.86,20.33,112166,-35.08,-43.0,0.051
2025-04-25T23:37:02.000,10.06,-0.34,1.54,19.86,20.33,112167,-35.12,-43.0,0.051
2025-04-25T23:38:05.000,10.05,-1.82,1.54,19.86,20.33,112168,-35.16,-43.0,0.051
2025-04-25T23:39:07.000,10.09,-2.51,1.54,19.86,20.33,112169,-35.19,-43.0,0.051
2025-04-25T23:40:09.000,10.0,-4.01,1.54,19.86,20.33,112170,-35.23,-43.0,0.051
2025-04-25T23:41:12.000,10.03,-4.89,1.55,19.85,20.33,112171,-35.26,-42.0,0.051
2025-04-25T23:42:14.000,10.16,-6.22,1.55,19.85,20.33,112172,-35.29,-42.0,0.051
2025-04-25T23:43:16.000,10.1,-6.79,1.55,19.85,20.33,112173,-35.32,-42.0,0.051
2025-04-25T23:44:19.000,10.12,-7.07,1.54,19.86,20.33,112174,-35.35,-42.0,0.051
2025-04-25T23:45:22.000,10.05,-7.75,1.54,19.86,20.33,112175,-35.38,-42.0,0.05
2025-04-25T23:46:24.000,10.0,-8.56,1.54,19.86,20.33,112176,-35.41,-42.0,0.05
2025-04-25T23:47:27.000,10.04,-9.82,1.54,19.86,20.33,112177,-35.44,-42.0,0.05
2025-04-25T23:48:29.000,10.02,-10.61,1.54,19.86,20.33,112178,-35.46,-42.0,0.05
2025-04-25T23:49:32.000,10.05,-10.73,1.54,19.86,20.33,112179,-35.49,-42.0,0.05
2025-04-25T23:50:35.000,10.1,-10.98,1.54,19.86,20.33,112180,-35.51,-42.0,0.05
2025-04-25T23:51:38.000,10.06,-11.19,1.54,19.86,20.33,112181,-35.54,-42.0,0.05
2025-04-25T23:52:40.000,9.98,-11.89,1.55,19.85,20.33,112182,-35.56,-42.0,0.05
2025-04-25T23:53:43.000,10.12,-11.91,1.55,19.85,20.33,112183,-35.58,-41.0,0.05
2025-04-25T23:54:45.000,10.2,-12.45,1.55,19.86,20.33,112184,-35.6,-41.0,0.05
2025-04-25T23:55:48.000,10.15,-12.5,1.55,19.86,20.33,112185,-35.62,-41.0,0.05
2025-04-25T23:56:50.000,10.04,-13.06,1.55,19.85,20.33,112186,-35.63,-41.0,0.05
2025-04-25T23:57:52.000,10.0,-13.73,1.55,19.86,20.33,112187,-35.65,-41.0,0.05
2025-04-25T23:58:55.000,10.02,-14.84,1.55,19.85,20.33,112188,-35.67,-41.0,0.05
2025-04-25T23:59:58.000,10.16,-15.77,1.57,19.84,20.33,112189,-35.68,-41.0,0.05
2025-04-26T00:01:00.000,10.16,-16.63,1.57,19.84,20.33,112190,-35.69,-41.0,0.05
2025-04-26T00:02:02.000,10.02,-16.75,1.57,19.84,20.33,112191,-35.71,-41.0,0.05
2025-04-26T00:03:03.000,10.04,-16.58,1.57,19.84,20.33,112192,-35.72,-41.0,0.05
2025-04-26T00:04:06.000,10.08,-16.54,1.57,19.84,20.33,112193,-35.73,-41.0,0.05
2025-04-26T00:05:09.000,10.01,-16.56,1.58,19.84,20.33,112194,-35.74,-40.0,0.05
2025-04-26T00:06:12.000,10.05,-16.5,1.57,19.84,20.33,112195,-35.74,-40.0,0.05
2025-04-26T00:07:14.000,10.06,-16.51,1.57,19.84,20.33,112196,-35.75,-40.0,0.05
2025-04-26T00:08:16.000,10.0,-16.51,1.57,19.84,20.33,112197,-35.76,-40.0,0.05
2025-04-26T00:09:19.000,10.11,-16.53,1.57,19.84,20.33,112198,-35.76,-40.0,0.05
2025-04-26T00:10:21.000,10.09,-16.59,1.57,19.84,20.33,112199,-35.76,-40.0,0.05
2025-04-26T00:11:23.000,10.01,-16.55,1.57,19.84,20.33,112200,-35.77,-40.0,0.05
2025-04-26T00:12:26.000,10.0,-16.66,1.56,19.84,20.33,112201,-35.77,-40.0,0.049
2025-04-26T00:13:28.000,10.2,-16.7,1.56,19.85,20.33,112202,-35.77,-40.0,0.049
2025-04-26T00:14:31.000,10.21,-16.88,1.56,19.85,20.33,112203,-35.77,-39.0,0.049
2025-04-26T00:15:33.000,10.12,-16.78,1.56,19.85,20.33,112204,-35.77,-39.0,0.049
2025-04-26T00:16:36.000,10.0,-16.85,1.56,19.85,20.33,112205,-35.76,-39.0,0.049
2025-04-26T00:17:38.000,10.0,-17.07,1.56,19.85,20.33,112206,-35.76,-39.0,0.049
2025-04-26T00:18:41.000,10.21,-16.93,1.6,19.82,20.33,112207,-35.75,-39.0,0.049
2025-04-26T00:19:45.000,10.29,-16.96,1.61,19.81,20.33,112208,-35.75,-39.0,0.049
