ecsv/stars555/stars555_2024-04.ecsv
# %ECSV 1.0
# ---
# datatype:
# - {name: time, datatype: string}
# - {name: Enclosure Temperature, unit: deg_C, datatype: float64}
# - {name: Sky Temperature, unit: deg_C, datatype: float64}
# - {name: Frequency, unit: Hz, datatype: float64}
# - {name: MSAS, unit: mag / arcsec2, datatype: float64}
# - {name: ZP, datatype: float64}
# - {name: Sequence Number, datatype: int64}
# - {name: Sun Alt, unit: deg, datatype: float64}
# - {name: Moon Alt, unit: deg, datatype: float64}
# - {name: Moon Illumination, datatype: float64}
# delimiter: ','
# meta: !!omap
# - ida:
#     Data supplier: {affiliation: "Jorge Garc\xEDa", observer: "Jorge Garc\xEDa"}
#     Device type: TESS-W
#     Field of view: 17.0
#     Filters per channel: None
#     Instrument ID: stars555
#     License: ODbL 1.0 http://opendatacommons.org/licenses/odbl/summary/
#     Local timezone: Europe/Madrid
#     Location name: {country: '- Las Praderas', place: Las Praderas, region: Spain, sub_region: Community of Madrid, town: Cuenca del
#         Guadarrama}
#     Measurement direction per channel: {azimuth: 0.0, zenital: 0.0}
#     Moving / Fixed look direction: FIXED
#     Moving / Stationary position: STATIONARY
#     Number of channels: 1
#     Number of fields per line: 8
#     Number of header lines: 35
#     Position: {height: 0.0, latitude: 40.7038333, longitude: -3.94202777}
#     TESS MAC address: 98:F4:AB:B2:7C:2F
#     TESS cover offset value: 0.0
#     TESS firmware version: '1.0'
#     TESS zero point: 20.33
#     Time Synchronization: timestamp added by MQTT subscriber
#     URL: http://www.darksky.org/NSBM/sdf1.0.pdf
# - __serialized_columns__:
#     Enclosure Temperature:
#       __class__: astropy.units.quantity.Quantity
#       unit: &id001 !astropy.units.Unit {unit: deg_C}
#       value: !astropy.table.SerializedColumn {name: Enclosure Temperature}
#     Frequency:
#       __class__: astropy.units.quantity.Quantity
#       unit: !astropy.units.Unit {unit: Hz}
#       value: !astropy.table.SerializedColumn {name: Frequency}
#     MSAS:
#       __class__: astropy.units.quantity.Quantity
#       unit: !astropy.units.Unit {unit: mag / arcsec2}
#       value: !astropy.table.SerializedColumn {name: MSAS}
#     Moon Alt:
#       __class__: astropy.units.quantity.Quantity
#       unit: &id002 !astropy.units.Unit {unit: deg}
#       value: !astropy.table.SerializedColumn {name: Moon Alt}
#     Sky Temperature:
#       __class__: astropy.units.quantity.Quantity
#       unit: *id001
#       value: !astropy.table.SerializedColumn {name: Sky Temperature}
#     Sun Alt:
#       __class__: astropy.units.quantity.Quantity
#       unit: *id002
#       value: !astropy.table.SerializedColumn {name: Sun Alt}
#     time:
#       __class__: astropy.time.core.Time
#       format: isot
#       in_subfmt: '*'
#       out_subfmt: '*'
#       precision: 3
#       scale: utc
#       value: !astropy.table.SerializedColumn {name: time}
# schema: astropy-2.0
time,Enclosure Temperature,Sky Temperature,Frequency,MSAS,ZP,Sequence Number,Sun Alt,Moon Alt,Moon Illumination
[from data line 1443]
2024-04-12T03:17:34.000,10.23,-15.97,1.42,19.95,20.33,13735,-25.29,-24.0,0.152
2024-04-12T03:18:34.000,10.18,-16.06,1.42,19.95,20.33,13736,-25.14,-24.0,0.152
2024-04-12T03:19:34.000,10.02,-15.99,1.42,19.95,20.33,13737,-24.99,-24.0,0.152
2024-04-12T03:20:34.000,9.92,-16.02,1.42,19.95,20.33,13738,-24.84,-24.0,0.152
2024-04-12T03:21:34.000,10.11,-15.99,1.42,19.95,20.33,13739,-24.69,-24.0,0.152
2024-04-12T03:22:34.000,10.26,-15.92,1.42,19.95,20.33,13740,-24.54,-24.0,0.152
2024-04-12T03:23:35.000,10.17,-15.94,1.42,19.95,20.33,13741,-24.39,-24.0,0.152
2024-04-12T03:24:35.000,10.0,-15.97,1.43,19.94,20.33,13742,-24.24,-24.0,0.152
2024-04-12T03:25:35.000,9.95,-15.97,1.43,19.94,20.33,13743,-24.09,-24.0,0.152
2024-04-12T03:26:35.000,10.13,-15.99,1.43,19.94,20.33,13744,-23.94,-24.0,0.152
2024-04-12T03:27:36.000,10.19,-15.95,1.43,19.94,20.33,13745,-23.78,-24.0,0.153
2024-04-12T03:28:36.000,10.09,-15.93,1.43,19.94,20.33,13746,-23.63,-24.0,0.153
2024-04-12T03:29:36.000,9.95,-16.01,1.43,19.94,20.33,13747,-23.48,-24.0,0.153
2024-04-12T03:30:36.000,10.03,-16.01,1.44,19.94,20.33,13748,-23.33,-24.0,0.153
2024-04-12T03:31:36.000,10.2,-15.96,1.44,19.93,20.33,13749,-23.17,-24.0,0.153
2024-04-12T03:32:36.000,10.17,-15.95,1.45,19.93,20.33,13750,-23.02,-24.0,0.153
2024-04-12T03:33:37.000,10.02,-15.91,1.45,19.92,20.33,13751,-22.86,-24.0,0.153
2024-04-12T03:34:37.000,9.93,-15.96,1.46,19.92,20.33,13752,-22.71,-24.0,0.153
2024-04-12T03:35:37.000,10.11,-15.94,1.46,19.92,20.33,13753,-22.55,-24.0,0.153
2024-04-12T03:36:37.000,10.25,-15.89,1.47,19.91,20.33,13754,-22.4,-24.0,0.153
2024-04-12T03:37:38.000,10.17,-15.97,1.48,19.91,20.33,13755,-22.24,-24.0,0.153
2024-04-12T03:38:38.000,10.01,-15.96,1.48,19.9,20.33,13756,-22.08,-24.0,0.153
2024-04-12T03:39:38.000,9.95,-16.05,1.48,19.9,20.33,13757,-21.93,-24.0,0.153
2024-04-12T03:40:39.000,10.13,-16.06,1.48,19.9,20.33,13758,-21.77,-24.0,0.153
2024-04-12T03:41:39.000,10.21,-16.01,1.48,19.9,20.33,13759,-21.61,-24.0,0.153
2024-04-12T03:42:39.000,10.12,-15.98,1.48,19.9,20.33,13760,-21.45,-24.0,0.153
2024-04-12T03:43:39.000,9.95,-16.01,1.49,19.9,20.33,13761,-21.3,-24.0,0.153
2024-04-12T03:44:39.000,10.03,-16.09,1.49,19.9,20.33,13762,-21.14,-24.0,0.154
2024-04-12T03:45:39.000,10.17,-16.11,1.49,19.9,20.33,13763,-20.98,-24.0,0.154
2024-04-12T03:46:40.000,10.16,-16.02,1.49,19.89,20.33,13764,-20.82,-24.0,0.154
2024-04-12T03:47:41.000,10.02,-16.0,1.49,19.9,20.33,13765,-20.66,-24.0,0.154
2024-04-12T03:48:41.000,9.94,-16.1,1.49,19.9,20.33,13766,-20.5,-24.0,0.154
2024-04-12T03:49:41.000,10.11,-16.15,1.49,19.9,20.33,13767,-20.34,-24.0,0.154
2024-04-12T03:50:41.000,10.25,-16.03,1.49,19.89,20.33,13768,-20.17,-24.0,0.154
2024-04-12T03:51:41.000,10.16,-16.11,1.5,19.89,20.33,13769,-20.01,-24.0,0.154
2024-04-12T03:52:41.000,9.98,-16.1,1.5,19.89,20.33,13770,-19.85,-24.0,0.154
2024-04-12T03:53:42.000,9.96,-16.2,1.51,19.88,20.33,13771,-19.69,-24.0,0.154
2024-04-12T03:54:42.000,10.14,-16.16,1.51,19.88,20.33,13772,-19.53,-24.0,0.154
2024-04-12T03:55:42.000,10.18,-16.12,1.51,19.88,20.33,13773,-19.36,-24.0,0.154
2024-04-12T03:56:42.000,10.06,-16.1,1.52,19.88,20.33,13774,-19.2,-24.0,0.154
2024-04-12T03:57:42.000,9.93,-16.16,1.52,19.88,20.33,13775,-19.04,-24.0,0.154
2024-04-12T03:58:42.000,10.06,-16.2,1.52,19.88,20.33,13776,-18.88,-24.0,0.154
2024-04-12T03:59:43.000,10.21,-16.1,1.52,19.87,20.33,13777,-18.71,-24.0,0.154
2024-04-12T04:00:43.000,10.14,-16.05,1.53,19.87,20.33,13778,-18.55,-23.0,0.154
2024-04-12T04:01:43.000,9.96,-16.1,1.54,19.86,20.33,13779,-18.38,-23.0,0.154
2024-04-12T04:02:43.000,9.95,-16.25,1.54,19.86,20.33,13780,-18.22,-23.0,0.155
2024-04-12T04:03:44.000,10.15,-16.19,1.54,19.86,20.33,13781,-18.05,-23.0,0.155
2024-04-12T04:04:44.000,10.23,-16.15,1.54,19.86,20.33,13782,-17.88,-23.0,0.155
2024-04-12T04:05:44.000,10.11,-16.14,1.55,19.86,20.33,13783,-17.72,-23.0,0.155
2024-04-12T04:06:44.000,9.93,-16.29,1.55,19.85,20.33,13784,-17.55,-23.0,0.155
2024-04-12T04:07:44.000,9.98,-16.46,1.56,19.85,20.33,13785,-17.39,-23.0,0.155
2024-04-12T04:08:44.000,10.17,-16.34,1.56,19.85,20.33,13786,-17.22,-23.0,0.155
2024-04-12T04:09:45.000,10.16,-16.36,1.56,19.85,20.33,13787,-17.05,-23.0,0.155
2024-04-12T04:10:45.000,9.98,-16.33,1.56,19.85,20.33,13788,-16.88,-23.0,0.155
2024-04-12T04:11:45.000,9.91,-16.28,1.56,19.85,20.33,13789,-16.72,-23.0,0.155
2024-04-12T04:12:45.000,10.1,-16.46,1.57,19.84,20.33,13790,-16.55,-23.0,0.155
2024-04-12T04:13:46.000,10.19,-16.38,1.57,19.84,20.33,13791,-16.38,-23.0,0.155
2024-04-12T04:14:46.000,10.08,-16.33,1.57,19.84,20.33,13792,-16.21,-23.0,0.155
2024-04-12T04:15:46.000,9.93,-16.31,1.58,19.83,20.33,13793,-16.04,-23.0,0.155
2024-04-12T04:16:46.000,10.0,-16.44,1.59,19.83,20.33,13794,-15.87,-23.0,0.155
2024-04-12T04:17:46.000,10.15,-16.43,1.59,19.82,20.33,13795,-15.7,-23.0,0.155
2024-04-12T04:18:47.000,10.12,-16.32,1.6,19.82,20.33,13796,-15.53,-23.0,0.155
2024-04-12T04:19:47.000,9.94,-16.38,1.61,19.81,20.33,13797,-15.36,-23.0,0.155
2024-04-12T04:20:47.000,9.93,-16.47,1.62,19.8,20.33,13798,-15.19,-23.0,0.156
2024-04-12T04:21:47.000,10.15,-16.43,1.64,19.79,20.33,13799,-15.02,-23.0,0.156
2024-04-12T04:22:47.000,10.22,-16.31,1.66,19.78,20.33,13800,-14.85,-23.0,0.156
2024-04-12T04:23:48.000,10.09,-16.23,1.68,19.77,20.33,13801,-14.68,-22.0,0.156
2024-04-12T04:24:48.000,9.87,-16.65,1.7,19.76,20.33,13802,-14.51,-22.0,0.156
2024-04-12T04:25:48.000,9.91,-16.62,1.72,19.74,20.33,13803,-14.33,-22.0,0.156
2024-04-12T04:26:50.000,10.18,-16.33,1.74,19.73,20.33,13804,-14.16,-22.0,0.156
2024-04-12T04:27:50.000,10.27,-16.3,1.78,19.7,20.33,13805,-13.99,-22.0,0.156
2024-04-12T04:28:50.000,10.12,-16.33,1.82,19.68,20.33,13806,-13.81,-22.0,0.156
2024-04-12T04:29:50.000,9.92,-16.34,1.87,19.65,20.33,13807,-13.64,-22.0,0.156
2024-04-12T04:30:50.000,9.91,-16.64,1.92,19.62,20.33,13808,-13.47,-22.0,0.156
2024-04-12T04:31:51.000,10.11,-16.55,1.99,19.58,20.33,13809,-13.29,-22.0,0.156
2024-04-12T04:32:51.000,10.26,-16.29,2.08,19.54,20.33,13810,-13.12,-22.0,0.156
2024-04-12T04:33:51.000,10.17,-16.25,2.18,19.49,20.33,13811,-12.95,-22.0,0.156
2024-04-12T04:34:51.000,9.97,-16.36,2.29,19.43,20.33,13812,-12.77,-22.0,0.156
2024-04-12T04:35:52.000,9.89,-16.42,2.41,19.38,20.33,13813,-12.6,-22.0,0.156
2024-04-12T04:36:52.000,10.07,-16.48,2.56,19.31,20.33,13814,-12.42,-22.0,0.156
2024-04-12T04:37:52.000,10.2,-16.33,2.72,19.24,20.33,13815,-12.25,-22.0,0.157
2024-04-12T04:38:52.000,10.09,-16.31,2.93,19.17,20.33,13816,-12.07,-22.0,0.157
2024-04-12T04:39:53.000,9.93,-16.27,3.15,19.08,20.33,13817,-11.9,-22.0,0.157
2024-04-12T04:40:53.000,9.98,-16.57,3.42,18.99,20.33,13818,-11.72,-22.0,0.157
2024-04-12T04:41:53.000,10.15,-16.47,3.74,18.9,20.33,13819,-11.55,-21.0,0.157
2024-04-12T04:42:53.000,10.16,-16.27,4.1,18.8,20.33,13820,-11.37,-21.0,0.157
2024-04-12T04:43:54.000,10.0,-16.29,4.54,18.69,20.33,13821,-11.19,-21.0,0.157
2024-04-12T04:44:53.000,9.93,-16.35,5.05,18.57,20.33,13822,-11.02,-21.0,0.157
2024-04-12T04:45:54.000,10.11,-16.36,5.63,18.45,20.33,13823,-10.84,-21.0,0.157
2024-04-12T04:46:54.000,10.14,-16.41,6.36,18.32,20.33,13824,-10.66,-21.0,0.157
2024-04-12T04:47:55.000,10.0,-16.42,7.21,18.19,20.33,13825,-10.48,-21.0,0.157
2024-04-12T04:48:55.000,9.95,-16.37,8.24,18.04,20.33,13826,-10.31,-21.0,0.157
2024-04-12T04:49:55.000,10.11,-16.49,9.47,17.89,20.33,13827,-10.13,-21.0,0.157
2024-04-12T04:50:56.000,10.09,-16.64,10.9,17.74,20.33,13828,-9.95,-21.0,0.157
2024-04-12T04:51:56.000,9.96,-16.46,12.69,17.57,20.33,13829,-9.77,-21.0,0.157
2024-04-12T04:52:56.000,10.0,-16.56,14.73,17.41,20.33,13830,-9.6,-21.0,0.157
2024-04-12T04:53:56.000,10.15,-16.49,17.19,17.24,20.33,13831,-9.42,-21.0,0.157
2024-04-12T04:54:56.000,10.09,-16.4,20.17,17.07,20.33,13832,-9.24,-21.0,0.157
2024-04-12T04:55:57.000,9.95,-16.46,23.78,16.89,20.33,13833,-9.06,-21.0,0.158
2024-04-12T04:56:57.000,10.01,-16.53,28.17,16.71,20.33,13834,-8.88,-20.0,0.158
2024-04-12T04:57:57.000,10.17,-16.49,33.49,16.52,20.33,13835,-8.7,-20.0,0.158
2024-04-12T04:58:57.000,10.13,-16.51,39.85,16.33,20.33,13836,-8.52,-20.0,0.158
2024-04-12T04:59:58.000,9.96,-16.54,46.99,16.15,20.33,13837,-8.34,-20.0,0.158
2024-04-12T05:00:59.000,9.96,-16.57,57.33,15.94,20.33,13838,-8.16,-20.0,0.158
2024-04-12T05:01:59.000,10.15,-16.6,69.52,15.73,20.33,13839,-7.98,-20.0,0.158
2024-04-12T05:02:59.000,10.15,-16.55,85.08,15.51,20.33,13840,-7.8,-20.0,0.158
2024-04-12T05:03:59.000,9.98,-16.6,103.95,15.29,20.33,13841,-7.62,-20.0,0.158
2024-04-12T05:05:00.000,9.89,-16.79,127.55,15.07,20.33,13842,-7.44,-20.0,0.158
2024-04-12T05:06:00.000,10.07,-16.75,157.53,14.84,20.33,13843,-7.26,-20.0,0.158
2024-04-12T05:07:00.000,10.19,-16.8,195.31,14.61,20.33,13844,-7.08,-20.0,0.158
2024-04-12T05:08:00.000,10.09,-16.75,242.63,14.37,20.33,13845,-6.9,-20.0,0.158
2024-04-12T05:09:00.000,9.9,-16.86,301.33,14.13,20.33,13846,-6.72,-20.0,0.158
2024-04-12T05:10:00.000,9.96,-16.8,374.94,13.9,20.33,13847,-6.54,-19.0,0.158
2024-04-12T05:11:01.000,10.19,-16.71,467.22,13.66,20.33,13848,-6.35,-19.0,0.158
2024-04-12T05:12:01.000,10.2,-16.65,583.06,13.42,20.33,13849,-6.17,-19.0,0.158
2024-04-12T05:13:01.000,10.02,-16.67,727.22,13.18,20.33,13850,-5.99,-19.0,0.159
2024-04-12T05:14:01.000,9.88,-16.69,908.18,12.94,20.33,13851,-5.81,-19.0,0.159
2024-04-12T05:15:02.000,10.04,-16.7,1135.07,12.69,20.33,13852,-5.62,-19.0,0.159
2024-04-12T05:16:02.000,10.18,-16.64,1419.78,12.45,20.33,13853,-5.44,-19.0,0.159
2024-04-12T05:17:02.000,10.09,-16.67,1777.78,12.21,20.33,13854,-5.26,-19.0,0.159
2024-04-12T05:18:02.000,9.9,-16.82,2230.04,11.96,20.33,13855,-5.08,-19.0,0.159
2024-04-12T05:19:02.000,9.91,-16.93,2794.61,11.72,20.33,13856,-4.9,-19.0,0.159
2024-04-12T05:20:02.000,10.16,-16.84,3503.42,11.47,20.33,13857,-4.71,-19.0,0.159
2024-04-12T05:21:03.000,10.21,-16.83,4393.69,11.23,20.33,13858,-4.53,-19.0,0.159
2024-04-12T05:22:03.000,10.05,-16.83,5514.07,10.98,20.33,13859,-4.35,-18.0,0.159
2024-04-12T05:23:03.000,9.88,-16.85,6925.0,10.73,20.33,13860,-4.16,-18.0,0.159
2024-04-12T05:24:03.000,10.01,-16.85,8673.6,10.49,20.33,13861,-3.98,-18.0,0.159
2024-04-12T05:25:03.000,10.19,-16.84,10836.71,10.24,20.33,13862,-3.8,-18.0,0.159
2024-04-12T05:26:03.000,10.1,-16.81,13476.61,10.01,20.33,13863,-3.61,-18.0,0.159
2024-04-12T05:27:04.000,9.87,-16.82,16647.96,9.78,20.33,13864,-3.43,-18.0,0.159
2024-04-12T05:28:04.000,9.59,-16.79,20410.07,9.56,20.33,13865,-3.24,-18.0,0.159
2024-04-12T05:29:04.000,9.31,-16.82,24577.92,9.42,20.33,13866,-3.06,-18.0,0.159
2024-04-12T05:30:04.000,9.04,-16.76,30059.71,9.14,20.33,13867,-2.88,-18.0,0.159
2024-04-12T05:31:05.000,8.8,-16.76,36010.58,8.94,20.33,13868,-2.69,-18.0,0.16
2024-04-12T05:32:05.000,8.59,-16.83,42700.92,8.76,20.33,13869,-2.51,-18.0,0.16
2024-04-12T05:33:05.000,8.4,-16.77,50245.69,8.58,20.33,13870,-2.32,-17.0,0.16
2024-04-12T05:34:05.000,8.2,-16.84,58716.59,8.41,20.33,13871,-2.14,-17.0,0.16
2024-04-12T05:35:05.000,8.03,-16.82,52508.64,1.48,20.33,13872,-1.95,-17.0,0.16
2024-04-12T05:36:06.000,7.89,-16.8,50000.0,0.0,20.33,13873,-1.76,-17.0,0.16
2024-04-12T05:37:06.000,7.76,-16.78,50000.0,0.0,20.33,13874,-1.58,-17.0,0.16
2024-04-12T05:38:06.000,7.64,-16.77,50000.0,0.0,20.33,13875,-1.4,-17.0,0.16
2024-04-12T05:50:09.000,6.89,-16.68,50000.0,0.0,20.33,13887,0.84,-16.0,0.161
2024-04-12T05:51:09.000,6.88,-16.67,50000.0,0.0,20.33,13888,1.03,-16.0,0.161
2024-04-12T05:52:10.000,6.88,-16.68,50000.0,0.0,20.33,13889,1.22,-16.0,0.161
2024-04-12T05:53:10.000,6.86,-16.7,49714.47,0.09,20.33,13890,1.4,-15.0,0.161
2024-04-12T05:54:10.000,6.85,-16.67,50000.0,0.0,20.33,13891,1.59,-15.0,0.161
2024-04-12T05:55:10.000,6.85,-16.65,49728.37,0.09,20.33,13892,1.78,-15.0,0.161
2024-04-12T05:56:11.000,6.85,-16.65,50000.0,0.0,20.33,13893,1.97,-15.0,0.161
2024-04-12T05:57:12.000,6.85,-16.65,50000.0,0.0,20.33,13894,2.16,-15.0,0.161
2024-04-12T05:58:12.000,6.85,-16.66,50000.0,0.0,20.33,13895,2.34,-15.0,0.161
2024-04-12T18:56:31.000,17.84,-6.03,50000.0,0.0,20.33,14670,-1.59,50.0,0.208
2024-04-12T18:57:31.000,17.78,-6.1,50000.0,0.0,20.33,14671,-1.78,49.0,0.208
2024-04-12T18:58:31.000,17.71,-6.13,50000.0,0.0,20.33,14672,-1.96,49.0,0.208
2024-04-12T18:59:32.000,17.65,-6.26,57553.49,5.38,20.33,14673,-2.15,49.0,0.208
2024-04-12T19:00:32.000,17.57,-6.3,53776.07,8.5,20.33,14674,-2.33,49.0,0.208
2024-04-12T19:01:33.000,17.49,-6.39,45139.91,8.7,20.33,14675,-2.52,49.0,0.208
2024-04-12T19:02:33.000,17.42,-6.45,37753.62,8.89,20.33,14676,-2.7,48.0,0.208
2024-04-12T19:03:33.000,17.33,-6.47,31480.96,9.09,20.33,14677,-2.88,48.0,0.208
2024-04-12T19:04:33.000,17.28,-6.48,25804.89,9.37,20.33,14678,-3.07,48.0,0.208
2024-04-12T19:05:33.000,17.22,-6.57,21477.55,9.5,20.33,14679,-3.25,48.0,0.208
2024-04-12T19:06:33.000,17.14,-6.63,17588.07,9.72,20.33,14680,-3.43,48.0,0.208
2024-04-12T19:07:34.000,17.06,-6.71,14333.11,9.94,20.33,14681,-3.62,48.0,0.208
2024-04-12T19:08:34.000,16.99,-6.65,11597.46,10.17,20.33,14682,-3.8,47.0,0.208
2024-04-12T19:09:34.000,16.93,-6.74,9321.98,10.41,20.33,14683,-3.98,47.0,0.208
2024-04-12T19:10:34.000,16.88,-6.81,7456.81,10.65,20.33,14684,-4.17,47.0,0.208
2024-04-12T19:11:34.000,16.81,-6.9,5961.62,10.89,20.33,14685,-4.35,47.0,0.208
2024-04-12T19:12:34.000,16.75,-6.9,4777.42,11.13,20.33,14686,-4.53,47.0,0.209
2024-04-12T19:13:35.000,16.7,-7.02,3844.96,11.37,20.33,14687,-4.72,46.0,0.209
2024-04-12T19:14:35.000,16.65,-7.12,3112.87,11.6,20.33,14688,-4.9,46.0,0.209
2024-04-12T19:15:35.000,16.59,-7.13,2546.34,11.82,20.33,14689,-5.08,46.0,0.209
2024-04-12T19:16:35.000,16.56,-7.2,2096.71,12.03,20.33,14690,-5.26,46.0,0.209
2024-04-12T19:17:36.000,16.5,-7.23,1724.02,12.24,20.33,14691,-5.44,46.0,0.209
2024-04-12T19:18:36.000,16.45,-7.23,1405.31,12.46,20.33,14692,-5.63,46.0,0.209
2024-04-12T19:19:36.000,16.41,-7.36,1139.17,12.69,20.33,14693,-5.81,45.0,0.209
2024-04-12T19:20:36.000,16.36,-7.54,924.73,12.92,20.33,14694,-5.99,45.0,0.209
2024-04-12T19:21:36.000,16.3,-7.49,751.21,13.14,20.33,14695,-6.17,45.0,0.209
2024-04-12T19:22:36.000,16.24,-7.49,609.93,13.37,20.33,14696,-6.35,45.0,0.209
2024-04-12T19:23:36.000,16.19,-7.47,494.9,13.6,20.33,14697,-6.53,45.0,0.209
2024-04-12T19:24:37.000,16.12,-7.53,400.87,13.82,20.33,14698,-6.71,44.0,0.209
2024-04-12T19:25:37.000,16.08,-7.54,323.19,14.06,20.33,14699,-6.89,44.0,0.209
2024-04-12T19:26:38.000,16.05,-7.58,260.24,14.29,20.33,14700,-7.07,44.0,0.209
2024-04-12T19:27:38.000,16.01,-7.61,210.07,14.53,20.33,14701,-7.25,44.0,0.209
2024-04-12T19:28:38.000,15.96,-7.62,169.96,14.76,20.33,14702,-7.43,44.0,0.21
2024-04-12T19:29:38.000,15.89,-7.59,138.16,14.98,20.33,14703,-7.61,44.0,0.21
2024-04-12T19:30:39.000,15.84,-7.66,112.79,15.2,20.33,14704,-7.79,43.0,0.21
2024-04-12T19:31:39.000,15.81,-7.64,92.07,15.42,20.33,14705,-7.97,43.0,0.21
2024-04-12T19:32:39.000,15.75,-7.7,75.39,15.64,20.33,14706,-8.15,43.0,0.21
2024-04-12T19:33:39.000,15.72,-7.67,62.02,15.85,20.33,14707,-8.33,43.0,0.21
2024-04-12T19:34:39.000,15.7,-7.66,49.96,16.08,20.33,14708,-8.51,43.0,0.21
2024-04-12T19:35:40.000,15.69,-7.71,42.85,16.25,20.33,14709,-8.69,42.0,0.21
2024-04-12T19:36:40.000,15.68,-7.82,35.74,16.45,20.33,14710,-8.87,42.0,0.21
2024-04-12T19:37:41.000,15.65,-7.76,29.85,16.64,20.33,14711,-9.05,42.0,0.21
2024-04-12T19:38:41.000,15.64,-7.73,25.31,16.82,20.33,14712,-9.23,42.0,0.21
2024-04-12T19:39:41.000,15.6,-7.78,21.47,17.0,20.33,14713,-9.4,42.0,0.21
2024-04-12T19:40:41.000,15.55,-7.77,18.4,17.17,20.33,14714,-9.58,41.0,0.21
2024-04-12T19:41:42.000,15.53,-7.79,15.78,17.34,20.33,14715,-9.76,41.0,0.21
2024-04-12T19:42:42.000,15.49,-7.87,13.73,17.49,20.33,14716,-9.94,41.0,0.21
2024-04-12T19:43:42.000,15.46,-7.85,11.9,17.64,20.33,14717,-10.11,41.0,0.21
2024-04-12T19:44:42.000,15.43,-7.86,10.48,17.78,20.33,14718,-10.29,41.0,0.211
2024-04-12T19:45:42.000,15.4,-7.94,9.27,17.91,20.33,14719,-10.46,41.0,0.211
2024-04-12T19:46:43.000,15.36,-7.99,8.32,18.03,20.33,14720,-10.64,40.0,0.211
2024-04-12T19:47:43.000,15.34,-7.95,7.46,18.15,20.33,14721,-10.82,40.0,0.211
2024-04-12T19:48:43.000,15.33,-7.99,6.77,18.25,20.33,14722,-10.99,40.0,0.211
2024-04-12T19:49:44.000,15.3,-8.07,6.2,18.35,20.33,14723,-11.17,40.0,0.211
