ecsv/stars555/stars555_2025-04.ecsv
# %ECSV 1.0
# ---
# datatype:
# - {name: time, datatype: string}
# - {name: Enclosure Temperature, unit: deg_C, datatype: float64}
# - {name: Sky Temperature, unit: deg_C, datatype: float64}
# - {name: Frequency, unit: Hz, datatype: float64}
# - {name: MSAS, unit: mag / arcsec2, datatype: float64}
# - {name: ZP, datatype: float64}
# - {name: Sequence Number, datatype: int64}
# - {name: Sun Alt, unit: deg, datatype: float64}
# - {name: Moon Alt, unit: deg, datatype: float64}
# - {name: Moon Illumination, datatype: float64}
# delimiter: ','
# meta: !!omap
# - ida:
#     Data supplier: {affiliation: "Jorge Garc\xEDa", observer: "Jorge Garc\xEDa"}
#     Device type: TESS-W
#     Field of view: 17.0
#     Filters per channel: None
#     Instrument ID: stars555
#     License: ODbL 1.0 http://opendatacommons.org/licenses/odbl/summary/
#     Local timezone: Europe/Madrid
#     Location name: {country: Spain, place: Las Praderas, region: Community of Madrid, sub_region: Cuenca del Guadarrama, town: Las Praderas}
#     Measurement direction per channel: {azimuth: 0.0, zenital: 0.0}
#     Moving / Fixed look direction: FIXED
#     Moving / Stationary position: STATIONARY
#     Number of channels: 1
#     Number of fields per line: 8
#     Number of header lines: 35
#     Position: {height: 0.0, latitude: 40.7038333, longitude: -3.94202777}
#     TESS MAC address: 98:F4:AB:B2:7C:2F
#     TESS cover offset value: 0.0
#     TESS firmware version: '1.0'
#     TESS zero point: 20.33
#     Time Synchronization: timestamp added by MQTT subscriber
#     URL: http://www.darksky.org/NSBM/sdf1.0.pdf
# - __serialized_columns__:
#     Enclosure Temperature:
#       __class__: astropy.units.quantity.Quantity
#       unit: &id001 !astropy.units.Unit {unit: deg_C}
#       value: !astropy.table.SerializedColumn {name: Enclosure Temperature}
#     Frequency:
#       __class__: astropy.units.quantity.Quantity
#       unit: !astropy.units.Unit {unit: Hz}
#       value: !astropy.table.SerializedColumn {name: Frequency}
#     MSAS:
#       __class__: astropy.units.quantity.Quantity
#       unit: !astropy.units.Unit {unit: mag / arcsec2}
#       value: !astropy.table.SerializedColumn {name: MSAS}
#     Moon Alt:
#       __class__: astropy.units.quantity.Quantity
#       unit: &id002 !astropy.units.Unit {unit: deg}
#       value: !astropy.table.SerializedColumn {name: Moon Alt}
#     Sky Temperature:
#       __class__: astropy.units.quantity.Quantity
#       unit: *id001
#       value: !astropy.table.SerializedColumn {name: Sky Temperature}
#     Sun Alt:
#       __class__: astropy.units.quantity.Quantity
#       unit: *id002
#       value: !astropy.table.SerializedColumn {name: Sun Alt}
#     time:
#       __class__: astropy.time.core.Time
#       format: isot
#       in_subfmt: '*'
#       out_subfmt: '*'
#       precision: 3
#       scale: utc
#       value: !astropy.table.SerializedColumn {name: time}
# schema: astropy-2.0
time,Enclosure Temperature,Sky Temperature,Frequency,MSAS,ZP,Sequence Number,Sun Alt,Moon Alt,Moon Illumination
[from data line 1241]
2025-04-02T23:39:59.000,9.87,6.5,13.86,17.48,20.33,81804,-43.11,5.0,0.275
2025-04-02T23:41:07.000,9.97,6.52,13.81,17.48,20.33,81805,-43.16,5.0,0.275
2025-04-02T23:42:16.000,10.02,6.63,14.07,17.46,20.33,81806,-43.21,4.0,0.275
2025-04-02T23:43:23.000,9.92,6.55,14.15,17.45,20.33,81807,-43.25,4.0,0.275
2025-04-02T23:44:30.000,10.1,6.95,14.44,17.43,20.33,81808,-43.3,4.0,0.275
2025-04-02T23:45:37.000,9.9,6.74,14.55,17.42,20.33,81809,-43.34,4.0,0.275
2025-04-02T23:46:46.000,9.77,6.32,14.32,17.44,20.33,81810,-43.38,4.0,0.275
2025-04-02T23:47:54.000,9.91,6.75,14.2,17.45,20.33,81811,-43.42,3.0,0.275
2025-04-02T23:49:02.000,10.13,7.01,14.61,17.42,20.33,81812,-43.46,3.0,0.275
2025-04-02T23:50:10.000,9.95,6.8,14.5,17.43,20.33,81813,-43.5,3.0,0.275
2025-04-02T23:51:18.000,9.89,5.58,14.34,17.44,20.33,81814,-43.54,3.0,0.275
2025-04-02T23:52:26.000,9.87,5.72,14.42,17.43,20.33,81815,-43.57,3.0,0.275
2025-04-02T23:53:33.000,9.88,6.15,14.68,17.41,20.33,81816,-43.6,3.0,0.276
2025-04-02T23:54:39.000,9.97,6.27,15.27,17.37,20.33,81817,-43.64,2.0,0.276
2025-04-02T23:55:46.000,10.13,6.85,15.5,17.35,20.33,81818,-43.67,2.0,0.276
2025-04-02T23:56:54.000,9.91,6.78,15.47,17.36,20.33,81819,-43.69,2.0,0.276
2025-04-02T23:58:02.000,9.92,6.42,16.0,17.32,20.33,81820,-43.72,2.0,0.276
2025-04-02T23:59:10.000,9.95,6.86,16.24,17.3,20.33,81821,-43.75,2.0,0.276
2025-04-03T00:00:17.000,10.08,6.68,16.71,17.27,20.33,81822,-43.77,2.0,0.276
2025-04-03T00:01:24.000,9.84,6.73,17.74,17.21,20.33,81823,-43.8,1.0,0.276
2025-04-03T00:02:32.000,9.65,5.92,18.44,17.17,20.33,81824,-43.82,1.0,0.276
2025-04-03T00:03:40.000,9.78,6.48,18.33,17.17,20.33,81825,-43.84,1.0,0.276
2025-04-03T00:04:49.000,10.02,6.6,18.11,17.18,20.33,81826,-43.86,1.0,0.276
2025-04-03T00:05:56.000,9.94,6.47,17.81,17.2,20.33,81827,-43.87,1.0,0.276
2025-04-03T00:07:02.000,9.64,5.36,17.46,17.23,20.33,81828,-43.89,1.0,0.277
2025-04-03T00:08:08.000,9.8,6.74,17.57,17.22,20.33,81829,-43.9,0.0,0.277
2025-04-03T00:09:16.000,9.98,6.23,17.91,17.2,20.33,81830,-43.92,0.0,0.277
2025-04-03T00:10:24.000,10.03,6.29,18.39,17.17,20.33,81831,-43.93,0.0,0.277
2025-04-03T00:11:33.000,9.72,6.18,19.0,17.13,20.33,81832,-43.94,-0.0,0.277
2025-04-03T00:12:40.000,9.93,7.08,19.93,17.08,20.33,81833,-43.95,-0.0,0.277
2025-04-03T00:13:47.000,10.04,6.89,19.42,17.11,20.33,81834,-43.95,-0.0,0.277
2025-04-03T00:14:57.000,9.99,5.42,18.78,17.15,20.33,81835,-43.96,-1.0,0.277
2025-04-03T00:16:05.000,10.0,7.05,18.83,17.14,20.33,81836,-43.96,-1.0,0.277
2025-04-03T00:17:15.000,9.88,6.65,18.89,17.14,20.33,81837,-43.97,-1.0,0.277
2025-04-03T00:18:22.000,9.99,7.03,18.41,17.17,20.33,81838,-43.97,-1.0,0.277
2025-04-03T00:19:30.000,9.99,6.23,18.03,17.19,20.33,81839,-43.97,-1.0,0.277
2025-04-03T00:20:37.000,9.85,6.39,17.86,17.2,20.33,81840,-43.97,-1.0,0.277
2025-04-03T00:21:44.000,10.04,6.27,17.2,17.24,20.33,81841,-43.96,-1.0,0.278
2025-04-03T00:22:52.000,10.06,7.02,16.71,17.27,20.33,81842,-43.96,-2.0,0.278
2025-04-03T00:24:01.000,9.68,6.61,16.48,17.29,20.33,81843,-43.95,-2.0,0.278
2025-04-03T00:25:08.000,9.87,7.31,16.59,17.28,20.33,81844,-43.95,-2.0,0.278
2025-04-03T00:26:16.000,10.17,7.77,16.88,17.26,20.33,81845,-43.94,-2.0,0.278
2025-04-03T00:27:23.000,10.15,7.61,17.2,17.24,20.33,81846,-43.93,-2.0,0.278
2025-04-03T00:28:31.000,9.91,7.41,17.28,17.24,20.33,81847,-43.92,-2.0,0.278
2025-04-03T00:29:38.000,9.81,7.28,17.27,17.24,20.33,81848,-43.9,-3.0,0.278
2025-04-03T00:30:45.000,9.96,7.2,17.08,17.25,20.33,81849,-43.89,-3.0,0.278
2025-04-03T00:31:52.000,10.15,7.69,17.42,17.23,20.33,81850,-43.87,-3.0,0.278
2025-04-03T00:33:01.000,10.03,7.62,17.9,17.2,20.33,81851,-43.85,-3.0,0.278
2025-04-03T00:34:07.000,9.78,6.99,17.78,17.2,20.33,81852,-43.84,-3.0,0.278
2025-04-03T00:35:14.000,9.88,7.32,17.68,17.21,20.33,81853,-43.82,-3.0,0.279
2025-04-03T00:36:21.000,10.07,7.33,17.27,17.24,20.33,81854,-43.79,-3.0,0.279
2025-04-03T00:37:31.000,9.98,7.3,16.57,17.28,20.33,81855,-43.77,-4.0,0.279
2025-04-03T00:38:39.000,9.97,7.71,16.03,17.32,20.33,81856,-43.75,-4.0,0.279
2025-04-03T00:39:46.000,10.17,8.05,15.85,17.33,20.33,81857,-43.72,-4.0,0.279
2025-04-03T00:40:54.000,10.09,8.0,15.83,17.33,20.33,81858,-43.69,-4.0,0.279
2025-04-03T00:42:02.000,9.88,7.76,15.7,17.34,20.33,81859,-43.66,-4.0,0.279
2025-04-03T00:43:10.000,9.96,7.54,15.87,17.33,20.33,81860,-43.63,-4.0,0.279
2025-04-03T00:44:17.000,9.98,6.91,16.01,17.32,20.33,81861,-43.6,-5.0,0.279
2025-04-03T00:45:26.000,10.04,7.45,15.86,17.33,20.33,81862,-43.57,-5.0,0.279
2025-04-03T00:46:34.000,10.2,7.95,15.36,17.36,20.33,81863,-43.53,-5.0,0.279
2025-04-03T00:47:42.000,10.0,7.42,14.83,17.4,20.33,81864,-43.5,-5.0,0.279
2025-04-03T00:48:50.000,9.86,7.37,14.39,17.43,20.33,81865,-43.46,-5.0,0.28
2025-04-03T00:49:57.000,9.93,7.47,14.05,17.46,20.33,81866,-43.42,-5.0,0.28
2025-04-03T00:51:03.000,10.24,7.99,13.37,17.51,20.33,81867,-43.38,-5.0,0.28
2025-04-03T00:52:13.000,10.06,7.73,13.07,17.54,20.33,81868,-43.34,-6.0,0.28
2025-04-03T00:53:21.000,9.91,7.64,13.12,17.54,20.33,81869,-43.29,-6.0,0.28
2025-04-03T00:54:28.000,9.94,7.18,13.48,17.51,20.33,81870,-43.25,-6.0,0.28
2025-04-03T00:55:35.000,10.11,7.66,14.45,17.43,20.33,81871,-43.2,-6.0,0.28
2025-04-03T00:56:43.000,10.16,8.05,15.14,17.38,20.33,81872,-43.16,-6.0,0.28
2025-04-03T00:57:50.000,10.02,7.89,15.63,17.34,20.33,81873,-43.11,-6.0,0.28
2025-04-03T00:58:59.000,9.83,7.48,15.96,17.32,20.33,81874,-43.06,-6.0,0.28
2025-04-03T01:00:06.000,9.91,7.39,16.08,17.31,20.33,81875,-43.01,-7.0,0.28
2025-04-03T01:01:14.000,10.07,7.51,16.14,17.31,20.33,81876,-42.95,-7.0,0.28
2025-04-03T01:02:22.000,10.13,7.93,16.49,17.29,20.33,81877,-42.9,-7.0,0.28
2025-04-03T01:03:30.000,9.97,7.81,16.45,17.29,20.33,81878,-42.84,-7.0,0.281
2025-04-03T01:04:37.000,9.9,7.45,16.18,17.31,20.33,81879,-42.79,-7.0,0.281
2025-04-03T01:05:42.000,10.04,7.31,15.56,17.35,20.33,81880,-42.73,-7.0,0.281
2025-04-03T01:06:49.000,10.02,6.83,15.02,17.39,20.33,81881,-42.67,-7.0,0.281
2025-04-03T01:07:57.000,9.96,7.52,15.52,17.35,20.33,81882,-42.61,-8.0,0.281
2025-04-03T01:09:04.000,9.99,7.58,16.04,17.32,20.33,81883,-42.55,-8.0,0.281
2025-04-03T01:10:12.000,10.12,7.75,16.66,17.28,20.33,81884,-42.49,-8.0,0.281
2025-04-03T01:11:18.000,9.98,7.68,17.43,17.23,20.33,81885,-42.42,-8.0,0.281
2025-04-03T01:12:26.000,9.97,7.25,18.01,17.19,20.33,81886,-42.36,-8.0,0.281
2025-04-03T01:13:35.000,10.12,7.65,18.8,17.14,20.33,81887,-42.29,-8.0,0.281
2025-04-03T01:14:42.000,10.04,7.98,18.33,17.17,20.33,81888,-42.22,-8.0,0.281
2025-04-03T01:15:48.000,9.92,7.67,18.13,17.18,20.33,81889,-42.15,-9.0,0.281
2025-04-03T01:16:57.000,9.99,7.73,18.82,17.14,20.33,81890,-42.08,-9.0,0.282
2025-04-03T01:18:05.000,10.1,7.64,18.8,17.14,20.33,81891,-42.01,-9.0,0.282
2025-04-03T01:19:13.000,9.84,6.96,18.5,17.16,20.33,81892,-41.93,-9.0,0.282
2025-04-03T01:20:22.000,9.74,7.11,18.03,17.19,20.33,81893,-41.85,-9.0,0.282
2025-04-03T01:21:29.000,9.77,6.6,17.51,17.22,20.33,81894,-41.78,-9.0,0.282
2025-04-03T01:22:37.000,9.87,6.71,16.47,17.29,20.33,81895,-41.7,-9.0,0.282
2025-04-03T01:23:43.000,10.03,6.98,15.7,17.34,20.33,81896,-41.62,-10.0,0.282
2025-04-03T01:24:49.000,9.9,6.93,15.72,17.34,20.33,81897,-41.55,-10.0,0.282
2025-04-03T01:25:58.000,9.97,6.96,16.03,17.32,20.33,81898,-41.46,-10.0,0.282
2025-04-03T01:27:05.000,9.98,7.03,16.02,17.32,20.33,81899,-41.38,-10.0,0.282
2025-04-03T01:28:13.000,10.07,7.53,16.05,17.32,20.33,81900,-41.3,-10.0,0.282
2025-04-03T01:29:20.000,9.93,7.15,16.07,17.32,20.33,81901,-41.21,-10.0,0.282
2025-04-03T01:30:26.000,9.92,7.17,15.59,17.35,20.33,81902,-41.13,-10.0,0.283
2025-04-03T01:31:32.000,10.09,7.21,15.72,17.34,20.33,81903,-41.04,-10.0,0.283
2025-04-03T01:32:40.000,10.21,7.72,16.43,17.29,20.33,81904,-40.95,-11.0,0.283
2025-04-03T01:33:48.000,10.15,8.07,17.23,17.24,20.33,81905,-40.86,-11.0,0.283
2025-04-03T01:34:55.000,10.01,7.97,17.27,17.24,20.33,81906,-40.77,-11.0,0.283
2025-04-03T01:36:02.000,9.95,7.56,17.27,17.24,20.33,81907,-40.68,-11.0,0.283
2025-04-03T01:37:09.000,9.98,7.07,17.99,17.19,20.33,81908,-40.59,-11.0,0.283
2025-04-03T01:38:17.000,10.11,7.53,17.85,17.2,20.33,81909,-40.49,-11.0,0.283
2025-04-03T01:39:24.000,10.0,7.41,18.18,17.18,20.33,81910,-40.4,-11.0,0.283
2025-04-03T01:40:32.000,9.92,7.58,17.92,17.2,20.33,81911,-40.3,-11.0,0.283
2025-04-03T01:41:40.000,10.06,7.34,17.49,17.22,20.33,81912,-40.2,-12.0,0.283
2025-04-03T01:42:47.000,10.06,7.73,17.58,17.22,20.33,81913,-40.11,-12.0,0.283
2025-04-03T01:43:55.000,9.93,7.48,17.8,17.2,20.33,81914,-40.01,-12.0,0.283
2025-04-03T01:45:03.000,10.01,7.38,19.46,17.11,20.33,81915,-39.9,-12.0,0.284
2025-04-03T01:46:11.000,10.12,7.51,23.27,16.91,20.33,81916,-39.8,-12.0,0.284
2025-04-03T01:47:18.000,10.05,7.92,24.2,16.87,20.33,81917,-39.7,-12.0,0.284
2025-04-03T01:48:26.000,10.0,7.96,25.18,16.83,20.33,81918,-39.59,-12.0,0.284
2025-04-03T01:49:34.000,10.07,7.91,26.46,16.77,20.33,81919,-39.49,-12.0,0.284
2025-04-03T01:50:42.000,10.08,7.93,25.01,16.84,20.33,81920,-39.38,-13.0,0.284
2025-04-03T01:51:50.000,9.92,7.71,21.85,16.98,20.33,81921,-39.27,-13.0,0.284
2025-04-03T01:52:58.000,10.04,7.68,19.9,17.08,20.33,81922,-39.16,-13.0,0.284
2025-04-03T01:54:06.000,10.21,7.89,21.32,17.01,20.33,81923,-39.05,-13.0,0.284
2025-04-03T01:55:15.000,10.09,8.14,18.41,17.17,20.33,81924,-38.94,-13.0,0.284
2025-04-03T01:56:22.000,9.99,8.23,17.92,17.2,20.33,81925,-38.83,-13.0,0.284
2025-04-03T01:57:30.000,10.04,8.03,17.68,17.21,20.33,81926,-38.71,-13.0,0.284
2025-04-03T01:58:37.000,10.0,7.79,18.07,17.19,20.33,81927,-38.6,-13.0,0.285
2025-04-03T01:59:45.000,9.98,7.87,18.6,17.16,20.33,81928,-38.48,-13.0,0.285
2025-04-03T02:00:53.000,10.0,7.33,18.61,17.16,20.33,81929,-38.37,-14.0,0.285
2025-04-03T02:02:00.000,9.8,7.28,18.82,17.14,20.33,81930,-38.25,-14.0,0.285
2025-04-03T02:03:08.000,10.11,8.01,18.82,17.14,20.33,81931,-38.13,-14.0,0.285
2025-04-03T02:04:16.000,10.23,7.95,18.95,17.14,20.33,81932,-38.01,-14.0,0.285
2025-04-03T02:05:25.000,9.97,7.56,19.31,17.12,20.33,81933,-37.89,-14.0,0.285
2025-04-03T02:06:32.000,9.93,7.95,19.26,17.12,20.33,81934,-37.77,-14.0,0.285
2025-04-03T02:07:39.000,10.05,7.6,19.51,17.1,20.33,81935,-37.65,-14.0,0.285
2025-04-03T02:08:46.000,10.03,7.83,19.53,17.1,20.33,81936,-37.52,-14.0,0.285
2025-04-03T02:09:54.000,9.94,7.6,18.72,17.15,20.33,81937,-37.4,-14.0,0.285
2025-04-03T02:11:01.000,10.23,8.46,18.76,17.15,20.33,81938,-37.27,-15.0,0.285
2025-04-03T02:12:09.000,10.27,8.03,19.08,17.13,20.33,81939,-37.15,-15.0,0.286
2025-04-03T02:13:17.000,10.19,8.4,19.3,17.12,20.33,81940,-37.02,-15.0,0.286
2025-04-03T02:14:25.000,10.02,8.37,18.36,17.17,20.33,81941,-36.89,-15.0,0.286
2025-04-03T02:15:34.000,10.02,8.39,17.26,17.24,20.33,81942,-36.76,-15.0,0.286
2025-04-03T02:16:42.000,10.08,8.39,16.99,17.25,20.33,81943,-36.63,-15.0,0.286
2025-04-03T02:17:48.000,10.01,8.47,17.03,17.25,20.33,81944,-36.5,-15.0,0.286
2025-04-03T02:18:56.000,10.03,8.53,16.3,17.3,20.33,81945,-36.37,-15.0,0.286
2025-04-03T02:20:04.000,10.02,8.32,16.59,17.28,20.33,81946,-36.24,-15.0,0.286
2025-04-03T02:21:11.000,9.98,8.22,17.75,17.21,20.33,81947,-36.1,-16.0,0.286
2025-04-03T02:22:19.000,10.2,8.59,18.3,17.17,20.33,81948,-35.97,-16.0,0.286
2025-04-03T02:23:27.000,10.21,8.62,18.48,17.16,20.33,81949,-35.83,-16.0,0.286
2025-04-03T02:24:34.000,10.06,8.41,18.1,17.19,20.33,81950,-35.7,-16.0,0.286
2025-04-03T02:25:41.000,9.92,8.04,18.5,17.16,20.33,81951,-35.56,-16.0,0.286
2025-04-03T02:26:49.000,10.04,7.98,19.33,17.11,20.33,81952,-35.42,-16.0,0.287
2025-04-03T02:27:56.000,10.03,7.7,19.59,17.1,20.33,81953,-35.28,-16.0,0.287
2025-04-03T02:29:03.000,10.05,7.85,19.01,17.13,20.33,81954,-35.15,-16.0,0.287
2025-04-03T02:30:11.000,9.99,7.74,18.45,17.16,20.33,81955,-35.01,-16.0,0.287
2025-04-03T02:31:18.000,10.13,7.99,17.94,17.2,20.33,81956,-34.87,-16.0,0.287
2025-04-03T02:32:26.000,10.07,8.11,17.34,17.23,20.33,81957,-34.72,-16.0,0.287
2025-04-03T02:33:32.000,9.96,8.09,16.74,17.27,20.33,81958,-34.58,-17.0,0.287
2025-04-03T02:34:41.000,10.02,7.83,16.35,17.3,20.33,81959,-34.44,-17.0,0.287
2025-04-03T02:35:48.000,10.16,8.16,17.48,17.22,20.33,81960,-34.29,-17.0,0.287
2025-04-03T02:36:55.000,10.08,8.07,17.88,17.2,20.33,81961,-34.15,-17.0,0.287
2025-04-03T02:38:01.000,9.94,6.45,17.97,17.19,20.33,81962,-34.01,-17.0,0.287
2025-04-03T02:39:09.000,10.12,6.62,17.97,17.19,20.33,81963,-33.86,-17.0,0.287
2025-04-03T02:40:16.000,10.27,8.15,18.22,17.18,20.33,81964,-33.71,-17.0,0.288
2025-04-03T02:41:24.000,10.11,8.12,18.23,17.18,20.33,81965,-33.56,-17.0,0.288
2025-04-03T02:42:31.000,9.98,8.2,17.81,17.2,20.33,81966,-33.42,-17.0,0.288
2025-04-03T02:43:38.000,10.13,8.33,17.77,17.21,20.33,81967,-33.27,-17.0,0.288
2025-04-03T02:44:47.000,10.06,8.12,17.55,17.22,20.33,81968,-33.11,-17.0,0.288
2025-04-03T02:45:55.000,10.06,8.32,17.01,17.25,20.33,81969,-32.96,-18.0,0.288
2025-04-03T02:47:02.000,9.99,8.33,15.72,17.34,20.33,81970,-32.81,-18.0,0.288
2025-04-03T02:48:08.000,10.1,8.38,15.58,17.35,20.33,81971,-32.66,-18.0,0.288
2025-04-03T02:49:16.000,10.11,8.53,15.64,17.34,20.33,81972,-32.51,-18.0,0.288
2025-04-03T02:50:24.000,9.97,8.2,14.94,17.39,20.33,81973,-32.35,-18.0,0.288
2025-04-03T02:51:31.000,9.99,8.17,13.86,17.48,20.33,81974,-32.2,-18.0,0.288
2025-04-03T02:52:39.000,10.16,8.2,13.08,17.54,20.33,81975,-32.04,-18.0,0.288
2025-04-03T02:53:45.000,10.06,8.12,12.15,17.62,20.33,81976,-31.89,-18.0,0.289
2025-04-03T02:54:51.000,9.97,8.13,11.91,17.64,20.33,81977,-31.74,-18.0,0.289
2025-04-03T02:55:59.000,10.12,8.23,12.86,17.56,20.33,81978,-31.58,-18.0,0.289
2025-04-03T02:57:05.000,10.14,8.22,13.6,17.5,20.33,81979,-31.42,-18.0,0.289
2025-04-03T02:58:13.000,10.01,8.23,12.65,17.58,20.33,81980,-31.26,-18.0,0.289
2025-04-03T02:59:20.000,9.91,7.87,12.0,17.63,20.33,81981,-31.1,-19.0,0.289
2025-04-03T03:00:27.000,10.13,8.21,11.94,17.64,20.33,81982,-30.94,-19.0,0.289
2025-04-03T03:01:35.000,10.22,8.21,11.51,17.68,20.33,81983,-30.78,-19.0,0.289
2025-04-03T03:02:42.000,10.0,7.92,11.47,17.68,20.33,81984,-30.62,-19.0,0.289
2025-04-03T03:03:50.000,9.98,8.17,11.56,17.67,20.33,81985,-30.46,-19.0,0.289
2025-04-03T03:04:57.000,10.2,8.43,11.09,17.72,20.33,81986,-30.3,-19.0,0.289
2025-04-03T03:06:03.000,10.24,8.58,11.13,17.71,20.33,81987,-30.14,-19.0,0.289
2025-04-03T03:07:12.000,10.13,8.6,11.84,17.65,20.33,81988,-29.97,-19.0,0.289
2025-04-03T03:08:19.000,10.0,8.59,14.29,17.44,20.33,81989,-29.81,-19.0,0.29
2025-04-03T03:09:25.000,10.05,8.57,15.71,17.34,20.33,81990,-29.64,-19.0,0.29
2025-04-03T03:10:32.000,10.19,8.76,17.69,17.21,20.33,81991,-29.48,-19.0,0.29
2025-04-03T03:11:41.000,10.16,8.77,18.51,17.16,20.33,81992,-29.31,-19.0,0.29
2025-04-03T03:12:50.000,10.06,8.73,18.54,17.16,20.33,81993,-29.14,-19.0,0.29
2025-04-03T03:13:58.000,9.87,8.07,18.97,17.13,20.33,81994,-28.97,-19.0,0.29
2025-04-03T03:15:05.000,10.01,8.3,19.8,17.09,20.33,81995,-28.8,-20.0,0.29
2025-04-03T03:16:14.000,10.27,8.63,20.74,17.04,20.33,81996,-28.63,-20.0,0.29
2025-04-03T03:17:22.000,10.25,8.58,22.5,16.95,20.33,81997,-28.46,-20.0,0.29
2025-04-03T03:18:30.000,10.03,8.26,24.12,16.87,20.33,81998,-28.29,-20.0,0.29
2025-04-03T03:19:38.000,10.01,8.26,24.06,16.88,20.33,81999,-28.12,-20.0,0.29
2025-04-03T03:20:46.000,9.94,7.6,24.44,16.86,20.33,82000,-27.94,-20.0,0.29
2025-04-03T03:21:52.000,10.15,8.36,24.35,16.86,20.33,82001,-27.78,-20.0,0.291
2025-04-03T03:23:01.000,10.19,8.0,24.0,16.88,20.33,82002,-27.6,-20.0,0.291
2025-04-03T03:24:09.000,10.08,8.3,23.86,16.89,20.33,82003,-27.43,-20.0,0.291
2025-04-03T03:25:16.000,10.02,8.49,25.19,16.83,20.33,82004,-27.25,-20.0,0.291
2025-04-03T03:26:22.000,10.04,8.46,25.53,16.81,20.33,82005,-27.08,-20.0,0.291
2025-04-03T03:27:30.000,9.92,7.97,26.57,16.77,20.33,82006,-26.91,-20.0,0.291
2025-04-03T03:28:38.000,10.06,8.12,27.35,16.74,20.33,82007,-26.73,-20.0,0.291
2025-04-03T03:29:44.000,10.16,8.1,27.71,16.72,20.33,82008,-26.56,-20.0,0.291
2025-04-03T03:30:53.000,10.08,8.2,28.51,16.69,20.33,82009,-26.38,-20.0,0.291
2025-04-03T03:32:00.000,9.98,8.08,27.82,16.72,20.33,82010,-26.21,-20.0,0.291
2025-04-03T03:33:07.000,9.99,7.57,27.43,16.73,20.33,82011,-26.03,-20.0,0.291
2025-04-03T03:34:16.000,10.08,7.55,28.08,16.71,20.33,82012,-25.85,-20.0,0.291
