ecsv/stars555/stars555_2025-04.ecsv
# %ECSV 1.0
# ---
# datatype:
# - {name: time, datatype: string}
# - {name: Enclosure Temperature, unit: deg_C, datatype: float64}
# - {name: Sky Temperature, unit: deg_C, datatype: float64}
# - {name: Frequency, unit: Hz, datatype: float64}
# - {name: MSAS, unit: mag / arcsec2, datatype: float64}
# - {name: ZP, datatype: float64}
# - {name: Sequence Number, datatype: int64}
# - {name: Sun Alt, unit: deg, datatype: float64}
# - {name: Moon Alt, unit: deg, datatype: float64}
# - {name: Moon Illumination, datatype: float64}
# delimiter: ','
# meta: !!omap
# - ida:
#     Data supplier: {affiliation: "Jorge Garc\xEDa", observer: "Jorge Garc\xEDa"}
#     Device type: TESS-W
#     Field of view: 17.0
#     Filters per channel: None
#     Instrument ID: stars555
#     License: ODbL 1.0 http://opendatacommons.org/licenses/odbl/summary/
#     Local timezone: Europe/Madrid
#     Location name: {country: Spain, place: Las Praderas, region: Community of Madrid, sub_region: Cuenca del Guadarrama, town: Las Praderas}
#     Measurement direction per channel: {azimuth: 0.0, zenital: 0.0}
#     Moving / Fixed look direction: FIXED
#     Moving / Stationary position: STATIONARY
#     Number of channels: 1
#     Number of fields per line: 8
#     Number of header lines: 35
#     Position: {height: 0.0, latitude: 40.7038333, longitude: -3.94202777}
#     TESS MAC address: 98:F4:AB:B2:7C:2F
#     TESS cover offset value: 0.0
#     TESS firmware version: '1.0'
#     TESS zero point: 20.33
#     Time Synchronization: timestamp added by MQTT subscriber
#     URL: http://www.darksky.org/NSBM/sdf1.0.pdf
# - __serialized_columns__:
#     Enclosure Temperature:
#       __class__: astropy.units.quantity.Quantity
#       unit: &id001 !astropy.units.Unit {unit: deg_C}
#       value: !astropy.table.SerializedColumn {name: Enclosure Temperature}
#     Frequency:
#       __class__: astropy.units.quantity.Quantity
#       unit: !astropy.units.Unit {unit: Hz}
#       value: !astropy.table.SerializedColumn {name: Frequency}
#     MSAS:
#       __class__: astropy.units.quantity.Quantity
#       unit: !astropy.units.Unit {unit: mag / arcsec2}
#       value: !astropy.table.SerializedColumn {name: MSAS}
#     Moon Alt:
#       __class__: astropy.units.quantity.Quantity
#       unit: &id002 !astropy.units.Unit {unit: deg}
#       value: !astropy.table.SerializedColumn {name: Moon Alt}
#     Sky Temperature:
#       __class__: astropy.units.quantity.Quantity
#       unit: *id001
#       value: !astropy.table.SerializedColumn {name: Sky Temperature}
#     Sun Alt:
#       __class__: astropy.units.quantity.Quantity
#       unit: *id002
#       value: !astropy.table.SerializedColumn {name: Sun Alt}
#     time:
#       __class__: astropy.time.core.Time
#       format: isot
#       in_subfmt: '*'
#       out_subfmt: '*'
#       precision: 3
#       scale: utc
#       value: !astropy.table.SerializedColumn {name: time}
# schema: astropy-2.0
time,Enclosure Temperature,Sky Temperature,Frequency,MSAS,ZP,Sequence Number,Sun Alt,Moon Alt,Moon Illumination
[from data line 4784]
2025-04-08T18:57:04.000,15.37,-9.55,31874.43,9.07,20.33,89449,-2.53,46.0,0.845
2025-04-08T18:58:08.000,15.3,-9.57,26253.02,9.42,20.33,89450,-2.72,46.0,0.845
2025-04-08T18:59:11.000,15.22,-9.62,22336.47,9.46,20.33,89451,-2.92,46.0,0.845
2025-04-08T19:00:15.000,15.12,-9.7,18476.29,9.67,20.33,89452,-3.11,46.0,0.845
2025-04-08T19:01:19.000,15.06,-9.7,15178.79,9.88,20.33,89453,-3.31,47.0,0.845
2025-04-08T19:02:22.000,15.0,-9.73,12413.68,10.1,20.33,89454,-3.5,47.0,0.845
2025-04-08T19:03:25.000,14.95,-9.78,10126.3,10.32,20.33,89455,-3.7,47.0,0.845
2025-04-08T19:04:29.000,14.88,-9.85,8207.16,10.55,20.33,89456,-3.9,47.0,0.845
2025-04-08T19:05:32.000,14.81,-9.91,6603.15,10.78,20.33,89457,-4.09,47.0,0.845
2025-04-08T19:06:34.000,14.74,-9.99,5301.39,11.02,20.33,89458,-4.28,47.0,0.845
2025-04-08T19:07:35.000,14.66,-10.01,4256.33,11.26,20.33,89459,-4.47,48.0,0.845
2025-04-08T19:08:38.000,14.59,-10.1,3404.23,11.5,20.33,89460,-4.66,48.0,0.845
2025-04-08T19:09:41.000,14.51,-10.21,2713.81,11.75,20.33,89461,-4.85,48.0,0.845
2025-04-08T19:10:43.000,14.44,-10.18,2164.39,11.99,20.33,89462,-5.04,48.0,0.845
2025-04-08T19:11:47.000,14.39,-10.22,1720.21,12.24,20.33,89463,-5.24,48.0,0.845
2025-04-08T19:12:50.000,14.33,-10.25,1362.64,12.5,20.33,89464,-5.43,48.0,0.846
2025-04-08T19:13:52.000,14.26,-10.23,1080.02,12.75,20.33,89465,-5.62,49.0,0.846
2025-04-08T19:14:56.000,14.19,-10.25,854.57,13.0,20.33,89466,-5.81,49.0,0.846
2025-04-08T19:15:58.000,14.11,-10.3,675.48,13.26,20.33,89467,-6.0,49.0,0.846
2025-04-08T19:17:00.000,14.06,-10.33,532.84,13.52,20.33,89468,-6.19,49.0,0.846
2025-04-08T19:18:02.000,14.02,-10.37,419.61,13.78,20.33,89469,-6.38,49.0,0.846
2025-04-08T19:19:08.000,13.94,-10.4,328.39,14.04,20.33,89470,-6.58,49.0,0.846
2025-04-08T19:20:11.000,13.88,-10.43,256.06,14.31,20.33,89471,-6.77,49.0,0.846
2025-04-08T19:21:13.000,13.82,-10.47,201.59,14.57,20.33,89472,-6.96,50.0,0.846
2025-04-08T19:22:17.000,13.75,-10.49,159.63,14.82,20.33,89473,-7.15,50.0,0.846
2025-04-08T19:23:19.000,13.71,-10.56,126.82,15.07,20.33,89474,-7.34,50.0,0.846
2025-04-08T19:24:21.000,13.66,-10.54,102.09,15.31,20.33,89475,-7.53,50.0,0.846
2025-04-08T19:25:25.000,13.59,-10.55,82.97,15.53,20.33,89476,-7.72,50.0,0.846
2025-04-08T19:26:28.000,13.55,-10.51,67.94,15.75,20.33,89477,-7.91,50.0,0.846
2025-04-08T19:27:30.000,13.52,-10.62,56.79,15.95,20.33,89478,-8.1,51.0,0.846
2025-04-08T19:28:37.000,13.47,-10.6,47.38,16.14,20.33,89479,-8.3,51.0,0.846
2025-04-08T19:29:43.000,13.42,-10.65,41.49,16.29,20.33,89480,-8.5,51.0,0.846
2025-04-08T19:30:51.000,13.38,-10.67,36.06,16.44,20.33,89481,-8.7,51.0,0.846
2025-04-08T19:31:58.000,13.32,-10.72,31.7,16.58,20.33,89482,-8.9,51.0,0.846
2025-04-08T19:33:05.000,13.24,-10.71,28.45,16.7,20.33,89483,-9.11,51.0,0.847
2025-04-08T19:34:12.000,13.2,-10.74,26.08,16.79,20.33,89484,-9.31,52.0,0.847
2025-04-08T19:35:17.000,13.17,-10.86,23.92,16.88,20.33,89485,-9.5,52.0,0.847
2025-04-08T19:36:25.000,13.13,-10.82,22.33,16.96,20.33,89486,-9.7,52.0,0.847
2025-04-08T19:37:34.000,13.09,-10.89,20.97,17.03,20.33,89487,-9.91,52.0,0.847
2025-04-08T19:38:40.000,13.03,-10.94,19.77,17.09,20.33,89488,-10.11,52.0,0.847
2025-04-08T19:39:48.000,12.98,-11.0,18.95,17.14,20.33,89489,-10.31,52.0,0.847
2025-04-08T19:40:55.000,12.91,-11.05,18.37,17.17,20.33,89490,-10.51,52.0,0.847
2025-04-08T19:42:02.000,12.84,-11.01,17.79,17.2,20.33,89491,-10.71,53.0,0.847
2025-04-08T19:43:08.000,12.82,-11.05,17.25,17.24,20.33,89492,-10.9,53.0,0.847
2025-04-08T19:44:15.000,12.79,-11.07,16.92,17.26,20.33,89493,-11.1,53.0,0.847
2025-04-08T19:45:23.000,12.78,-11.1,16.65,17.28,20.33,89494,-11.3,53.0,0.847
2025-04-08T19:46:30.000,12.76,-11.11,16.46,17.29,20.33,89495,-11.5,53.0,0.847
2025-04-08T19:47:38.000,12.74,-11.18,16.34,17.3,20.33,89496,-11.7,53.0,0.847
2025-04-08T19:48:45.000,12.69,-11.16,16.32,17.3,20.33,89497,-11.9,53.0,0.847
2025-04-08T19:49:53.000,12.66,-11.15,16.31,17.3,20.33,89498,-12.1,54.0,0.847
2025-04-08T19:51:01.000,12.6,-11.2,16.28,17.3,20.33,89499,-12.3,54.0,0.847
2025-04-08T19:52:09.000,12.56,-11.18,16.24,17.3,20.33,89500,-12.5,54.0,0.847
2025-04-08T19:53:18.000,12.52,-11.21,16.25,17.3,20.33,89501,-12.7,54.0,0.848
2025-04-08T19:54:25.000,12.48,-11.28,16.27,17.3,20.33,89502,-12.9,54.0,0.848
2025-04-08T19:55:33.000,12.44,-11.32,16.28,17.3,20.33,89503,-13.1,54.0,0.848
2025-04-08T19:56:40.000,12.42,-11.26,16.32,17.3,20.33,89504,-13.29,54.0,0.848
2025-04-08T19:57:49.000,12.37,-11.31,16.4,17.29,20.33,89505,-13.49,55.0,0.848
2025-04-08T19:58:56.000,12.32,-11.34,16.4,17.29,20.33,89506,-13.69,55.0,0.848
2025-04-08T20:00:04.000,12.3,-11.38,16.41,17.29,20.33,89507,-13.89,55.0,0.848
2025-04-08T20:01:12.000,12.29,-11.41,16.44,17.29,20.33,89508,-14.08,55.0,0.848
2025-04-08T20:02:21.000,12.26,-11.47,16.5,17.29,20.33,89509,-14.28,55.0,0.848
2025-04-08T20:03:29.000,12.21,-11.51,16.55,17.28,20.33,89510,-14.48,55.0,0.848
2025-04-08T20:04:37.000,12.15,-11.52,16.62,17.28,20.33,89511,-14.68,55.0,0.848
2025-04-08T20:05:44.000,12.11,-11.45,16.64,17.28,20.33,89512,-14.87,56.0,0.848
2025-04-08T20:06:52.000,12.07,-11.47,16.69,17.27,20.33,89513,-15.07,56.0,0.848
2025-04-08T20:08:00.000,12.04,-11.5,16.76,17.27,20.33,89514,-15.26,56.0,0.848
2025-04-08T20:09:07.000,11.99,-11.51,16.82,17.27,20.33,89515,-15.46,56.0,0.848
2025-04-08T20:10:13.000,11.96,-11.56,16.88,17.26,20.33,89516,-15.64,56.0,0.848
2025-04-08T20:11:20.000,11.94,-11.52,16.99,17.25,20.33,89517,-15.84,56.0,0.848
2025-04-08T20:12:25.000,11.92,-11.46,17.03,17.25,20.33,89518,-16.02,56.0,0.848
2025-04-08T20:13:32.000,11.9,-11.46,17.08,17.25,20.33,89519,-16.21,56.0,0.848
2025-04-08T20:14:39.000,11.89,-11.39,17.19,17.24,20.33,89520,-16.4,57.0,0.849
2025-04-08T20:15:46.000,11.88,-11.45,17.33,17.23,20.33,89521,-16.59,57.0,0.849
2025-04-08T20:16:54.000,11.85,-11.54,17.51,17.22,20.33,89522,-16.79,57.0,0.849
2025-04-08T20:18:02.000,11.81,-11.66,17.63,17.21,20.33,89523,-16.98,57.0,0.849
2025-04-08T20:19:08.000,11.79,-11.66,17.73,17.21,20.33,89524,-17.17,57.0,0.849
2025-04-08T20:20:15.000,11.76,-11.75,17.78,17.2,20.33,89525,-17.35,57.0,0.849
2025-04-08T20:21:21.000,11.73,-11.77,17.9,17.2,20.33,89526,-17.54,57.0,0.849
2025-04-08T20:22:29.000,11.7,-11.77,18.03,17.19,20.33,89527,-17.73,57.0,0.849
2025-04-08T20:23:36.000,11.65,-11.74,18.19,17.18,20.33,89528,-17.92,57.0,0.849
2025-04-08T20:24:44.000,11.62,-11.69,18.27,17.18,20.33,89529,-18.11,58.0,0.849
2025-04-08T20:25:51.000,11.61,-11.64,18.42,17.17,20.33,89530,-18.3,58.0,0.849
2025-04-08T20:27:00.000,11.61,-11.65,18.58,17.16,20.33,89531,-18.49,58.0,0.849
2025-04-08T20:28:07.000,11.6,-11.7,18.7,17.15,20.33,89532,-18.68,58.0,0.849
2025-04-08T20:29:16.000,11.58,-11.76,18.73,17.15,20.33,89533,-18.87,58.0,0.849
2025-04-08T20:30:23.000,11.56,-11.84,18.73,17.15,20.33,89534,-19.05,58.0,0.849
2025-04-08T20:31:32.000,11.53,-11.81,18.79,17.15,20.33,89535,-19.24,58.0,0.849
2025-04-08T20:32:40.000,11.51,-11.88,18.83,17.14,20.33,89536,-19.43,58.0,0.849
2025-04-08T20:33:48.000,11.46,-11.85,18.83,17.14,20.33,89537,-19.62,58.0,0.849
2025-04-08T20:34:55.000,11.4,-11.83,18.79,17.15,20.33,89538,-19.8,58.0,0.85
2025-04-08T20:36:01.000,11.37,-11.81,18.78,17.15,20.33,89539,-19.98,59.0,0.85
2025-04-08T20:37:10.000,11.35,-11.82,18.85,17.14,20.33,89540,-20.17,59.0,0.85
2025-04-08T20:38:18.000,11.31,-11.89,18.9,17.14,20.33,89541,-20.36,59.0,0.85
2025-04-08T20:39:25.000,11.31,-11.85,18.87,17.14,20.33,89542,-20.54,59.0,0.85
2025-04-08T20:40:32.000,11.34,-11.94,18.83,17.14,20.33,89543,-20.72,59.0,0.85
2025-04-08T20:41:40.000,11.34,-11.96,18.87,17.14,20.33,89544,-20.91,59.0,0.85
2025-04-08T20:42:48.000,11.36,-11.98,18.87,17.14,20.33,89545,-21.09,59.0,0.85
2025-04-08T20:43:55.000,11.4,-12.1,18.98,17.13,20.33,89546,-21.27,59.0,0.85
2025-04-08T20:45:05.000,11.42,-12.15,19.11,17.13,20.33,89547,-21.46,59.0,0.85
2025-04-08T20:46:12.000,11.41,-12.18,19.07,17.13,20.33,89548,-21.64,59.0,0.85
2025-04-08T20:47:19.000,11.38,-12.28,19.16,17.12,20.33,89549,-21.82,59.0,0.85
2025-04-08T20:48:26.000,11.36,-12.32,19.19,17.12,20.33,89550,-22.0,59.0,0.85
2025-04-08T20:49:34.000,11.34,-12.39,19.36,17.11,20.33,89551,-22.18,60.0,0.85
2025-04-08T20:50:41.000,11.33,-12.39,19.48,17.11,20.33,89552,-22.36,60.0,0.85
2025-04-08T20:51:49.000,11.3,-12.4,19.55,17.1,20.33,89553,-22.54,60.0,0.85
2025-04-08T20:52:55.000,11.25,-12.43,19.56,17.1,20.33,89554,-22.71,60.0,0.85
2025-04-08T20:54:02.000,11.2,-12.49,19.68,17.09,20.33,89555,-22.89,60.0,0.85
2025-04-08T20:55:09.000,11.15,-12.57,19.72,17.09,20.33,89556,-23.06,60.0,0.851
2025-04-08T20:56:17.000,11.1,-12.61,19.74,17.09,20.33,89557,-23.24,60.0,0.851
2025-04-08T20:57:24.000,11.06,-12.6,19.79,17.09,20.33,89558,-23.42,60.0,0.851
2025-04-08T20:58:32.000,11.05,-12.65,19.67,17.1,20.33,89559,-23.6,60.0,0.851
2025-04-08T20:59:39.000,11.06,-12.64,19.97,17.08,20.33,89560,-23.77,60.0,0.851
2025-04-08T21:00:46.000,11.06,-12.68,20.04,17.08,20.33,89561,-23.94,60.0,0.851
2025-04-08T21:01:53.000,11.03,-12.71,19.83,17.09,20.33,89562,-24.12,60.0,0.851
2025-04-08T21:02:59.000,11.0,-12.66,19.92,17.08,20.33,89563,-24.29,60.0,0.851
2025-04-08T21:04:07.000,10.95,-12.68,19.87,17.03,20.33,89564,-24.46,60.0,0.851
2025-04-08T21:05:13.000,10.92,-12.65,20.07,17.07,20.33,89565,-24.63,60.0,0.851
2025-04-08T21:06:19.000,10.88,-12.68,20.24,17.06,20.33,89566,-24.8,60.0,0.851
2025-04-08T21:07:27.000,10.85,-12.66,20.36,17.06,20.33,89567,-24.97,60.0,0.851
2025-04-08T21:08:34.000,10.84,-12.64,20.38,17.06,20.33,89568,-25.14,60.0,0.851
2025-04-08T21:09:42.000,10.84,-12.67,20.41,17.06,20.33,89569,-25.31,60.0,0.851
2025-04-08T21:10:50.000,10.86,-12.66,20.42,17.05,20.33,89570,-25.49,61.0,0.851
2025-04-08T21:11:57.000,10.86,-12.68,20.39,17.06,20.33,89571,-25.66,61.0,0.851
2025-04-08T21:13:04.000,10.85,-12.69,20.41,17.06,20.33,89572,-25.82,61.0,0.851
2025-04-08T21:14:12.000,10.82,-12.71,20.4,17.06,20.33,89573,-25.99,61.0,0.851
2025-04-08T21:15:20.000,10.78,-12.75,20.39,17.06,20.33,89574,-26.16,61.0,0.852
2025-04-08T21:16:27.000,10.75,-12.69,20.43,17.05,20.33,89575,-26.33,61.0,0.852
2025-04-08T21:17:35.000,10.73,-12.74,20.39,17.06,20.33,89576,-26.5,61.0,0.852
2025-04-08T21:18:43.000,10.71,-12.74,20.41,17.06,20.33,89577,-26.66,61.0,0.852
2025-04-08T21:19:52.000,10.69,-12.75,20.37,17.06,20.33,89578,-26.83,61.0,0.852
2025-04-08T21:21:01.000,10.68,-12.77,20.4,17.06,20.33,89579,-27.0,61.0,0.852
2025-04-08T21:22:08.000,10.66,-12.81,20.42,17.05,20.33,89580,-27.17,61.0,0.852
2025-04-08T21:23:16.000,10.65,-12.85,20.41,17.06,20.33,89581,-27.33,61.0,0.852
2025-04-08T21:24:24.000,10.64,-12.88,20.41,17.06,20.33,89582,-27.5,61.0,0.852
2025-04-08T21:25:31.000,10.64,-12.92,20.42,17.05,20.33,89583,-27.66,61.0,0.852
2025-04-08T21:26:39.000,10.62,-12.94,20.39,17.06,20.33,89584,-27.82,61.0,0.852
2025-04-08T21:27:47.000,10.59,-13.0,20.37,17.06,20.33,89585,-27.98,61.0,0.852
2025-04-08T21:28:53.000,10.54,-13.02,20.4,17.06,20.33,89586,-28.14,61.0,0.852
2025-04-08T21:30:00.000,10.52,-13.05,20.4,17.06,20.33,89587,-28.3,61.0,0.852
2025-04-08T21:31:08.000,10.5,-13.08,20.35,17.06,20.33,89588,-28.46,61.0,0.852
2025-04-08T21:32:16.000,10.46,-13.14,20.4,17.06,20.33,89589,-28.62,61.0,0.852
2025-04-08T21:33:22.000,10.41,-13.15,20.35,17.06,20.33,89590,-28.78,61.0,0.852
2025-04-08T21:34:30.000,10.37,-13.13,20.35,17.06,20.33,89591,-28.93,61.0,0.852
2025-04-08T21:35:37.000,10.34,-13.12,20.36,17.06,20.33,89592,-29.09,61.0,0.852
2025-04-08T21:36:45.000,10.3,-13.15,20.42,17.05,20.33,89593,-29.25,61.0,0.853
2025-04-08T21:37:53.000,10.29,-13.14,20.41,17.06,20.33,89594,-29.4,61.0,0.853
2025-04-08T21:39:00.000,10.27,-13.21,20.41,17.06,20.33,89595,-29.56,61.0,0.853
2025-04-08T21:40:07.000,10.24,-13.26,20.4,17.06,20.33,89596,-29.71,61.0,0.853
2025-04-08T21:41:16.000,10.19,-13.27,20.38,17.06,20.33,89597,-29.87,61.0,0.853
2025-04-08T21:42:23.000,10.16,-13.3,20.34,17.06,20.33,89598,-30.02,61.0,0.853
2025-04-08T21:43:31.000,10.14,-13.21,20.15,17.07,20.33,89599,-30.17,61.0,0.853
2025-04-08T21:44:38.000,10.14,-13.21,20.09,17.07,20.33,89600,-30.32,61.0,0.853
2025-04-08T21:45:47.000,10.15,-13.23,20.07,17.07,20.33,89601,-30.48,61.0,0.853
2025-04-08T21:46:55.000,10.15,-13.22,20.03,17.08,20.33,89602,-30.63,61.0,0.853
2025-04-08T21:48:02.000,10.14,-13.24,20.07,17.07,20.33,89603,-30.78,61.0,0.853
2025-04-08T21:49:09.000,10.14,-13.25,20.02,17.08,20.33,89604,-30.93,61.0,0.853
2025-04-08T21:50:16.000,10.12,-13.26,19.93,17.08,20.33,89605,-31.07,61.0,0.853
2025-04-08T21:51:24.000,10.09,-13.27,20.04,17.08,20.33,89606,-31.22,60.0,0.853
2025-04-08T21:52:32.000,10.07,-13.24,19.99,17.08,20.33,89607,-31.37,60.0,0.853
2025-04-08T21:53:39.000,10.04,-13.24,20.08,17.07,20.33,89608,-31.51,60.0,0.853
2025-04-08T21:54:47.000,10.01,-13.3,19.98,17.08,20.33,89609,-31.66,60.0,0.853
2025-04-08T21:55:55.000,10.07,-13.24,19.99,17.08,20.33,89610,-31.8,60.0,0.853
2025-04-08T21:57:02.000,10.11,-13.27,19.93,17.08,20.33,89611,-31.95,60.0,0.854
2025-04-08T21:58:09.000,10.1,-13.28,19.83,17.09,20.33,89612,-32.09,60.0,0.854
2025-04-08T21:59:17.000,10.08,-13.32,19.95,17.08,20.33,89613,-32.23,60.0,0.854
2025-04-08T22:00:24.000,10.06,-13.33,19.86,17.09,20.33,89614,-32.37,60.0,0.854
2025-04-08T22:01:30.000,10.05,-13.39,19.92,17.08,20.33,89615,-32.51,60.0,0.854
2025-04-08T22:02:38.000,10.03,-13.46,19.84,17.09,20.33,89616,-32.65,60.0,0.854
2025-04-08T22:03:46.000,10.03,-13.47,19.97,17.08,20.33,89617,-32.79,60.0,0.854
2025-04-08T22:04:53.000,10.04,-13.57,20.04,17.08,20.33,89618,-32.92,60.0,0.854
2025-04-08T22:05:59.000,10.04,-13.65,19.87,17.08,20.33,89619,-33.06,60.0,0.854
2025-04-08T22:07:06.000,10.02,-13.69,19.94,17.08,20.33,89620,-33.19,60.0,0.854
2025-04-08T22:08:13.000,10.03,-13.69,19.79,17.09,20.33,89621,-33.33,60.0,0.854
2025-04-08T22:09:22.000,10.06,-13.6,19.84,17.09,20.33,89622,-33.47,60.0,0.854
2025-04-08T22:10:29.000,10.04,-13.5,20.01,17.08,20.33,89623,-33.6,60.0,0.854
2025-04-08T22:11:35.000,10.01,-13.46,20.01,17.08,20.33,89624,-33.73,60.0,0.854
2025-04-08T22:12:43.000,10.08,-13.48,19.96,17.08,20.33,89625,-33.86,59.0,0.854
2025-04-08T22:13:58.000,10.14,-13.59,19.71,17.09,20.33,89626,-34.01,59.0,0.854
2025-04-08T22:15:05.000,10.12,-13.59,19.74,17.09,20.33,89627,-34.14,59.0,0.854
2025-04-08T22:16:11.000,10.07,-13.47,19.68,17.09,20.33,89628,-34.26,59.0,0.854
2025-04-08T22:17:19.000,10.01,-13.35,19.49,17.11,20.33,89629,-34.39,59.0,0.855
2025-04-08T22:18:27.000,10.04,-13.3,19.46,17.11,20.33,89630,-34.52,59.0,0.855
2025-04-08T22:19:35.000,10.15,-13.27,19.36,17.11,20.33,89631,-34.65,59.0,0.855
2025-04-08T22:20:42.000,10.15,-13.31,19.1,17.13,20.33,89632,-34.77,59.0,0.855
2025-04-08T22:21:50.000,10.11,-13.27,19.02,17.13,20.33,89633,-34.9,59.0,0.855
2025-04-08T22:22:58.000,10.06,-13.18,18.95,17.14,20.33,89634,-35.02,59.0,0.855
2025-04-08T22:24:06.000,10.02,-13.28,18.93,17.14,20.33,89635,-35.15,59.0,0.855
2025-04-08T22:25:15.000,10.01,-13.27,18.79,17.15,20.33,89636,-35.27,59.0,0.855
2025-04-08T22:26:23.000,10.05,-13.34,18.85,17.14,20.33,89637,-35.39,58.0,0.855
2025-04-08T22:27:30.000,10.01,-13.35,18.75,17.15,20.33,89638,-35.51,58.0,0.855
2025-04-08T22:28:38.000,10.04,-13.35,18.7,17.15,20.33,89639,-35.63,58.0,0.855
2025-04-08T22:29:45.000,10.1,-13.31,18.62,17.16,20.33,89640,-35.75,58.0,0.855
2025-04-08T22:30:52.000,10.1,-13.25,18.5,17.16,20.33,89641,-35.87,58.0,0.855
2025-04-08T22:32:01.000,10.09,-13.3,18.38,17.17,20.33,89642,-35.98,58.0,0.855
2025-04-08T22:33:07.000,10.07,-13.46,18.37,17.17,20.33,89643,-36.1,58.0,0.855
2025-04-08T22:34:15.000,10.02,-13.46,18.34,17.17,20.33,89644,-36.21,58.0,0.855
2025-04-08T22:35:22.000,10.04,-13.39,18.4,17.17,20.33,89645,-36.32,58.0,0.855
2025-04-08T22:36:29.000,10.11,-13.43,18.26,17.18,20.33,89646,-36.44,58.0,0.855
2025-04-08T22:37:37.000,10.11,-13.46,18.14,17.18,20.33,89647,-36.55,57.0,0.855
2025-04-08T22:38:44.000,10.08,-13.49,18.11,17.19,20.33,89648,-36.66,57.0,0.856
2025-04-08T22:39:51.000,10.02,-13.51,18.04,17.19,20.33,89649,-36.77,57.0,0.856
2025-04-08T22:40:59.000,10.02,-13.5,17.99,17.19,20.33,89650,-36.87,57.0,0.856
2025-04-08T22:42:05.000,10.11,-13.47,17.96,17.19,20.33,89651,-36.98,57.0,0.856
2025-04-08T22:43:12.000,10.13,-13.47,17.9,17.2,20.33,89652,-37.08,57.0,0.856
