ecsv/stars555/stars555_2024-04.ecsv
# %ECSV 1.0
# ---
# datatype:
# - {name: time, datatype: string}
# - {name: Enclosure Temperature, unit: deg_C, datatype: float64}
# - {name: Sky Temperature, unit: deg_C, datatype: float64}
# - {name: Frequency, unit: Hz, datatype: float64}
# - {name: MSAS, unit: mag / arcsec2, datatype: float64}
# - {name: ZP, datatype: float64}
# - {name: Sequence Number, datatype: int64}
# - {name: Sun Alt, unit: deg, datatype: float64}
# - {name: Moon Alt, unit: deg, datatype: float64}
# - {name: Moon Illumination, datatype: float64}
# delimiter: ','
# meta: !!omap
# - ida:
#     Data supplier: {affiliation: "Jorge Garc\xEDa", observer: "Jorge Garc\xEDa"}
#     Device type: TESS-W
#     Field of view: 17.0
#     Filters per channel: None
#     Instrument ID: stars555
#     License: ODbL 1.0 http://opendatacommons.org/licenses/odbl/summary/
#     Local timezone: Europe/Madrid
#     Location name: {country: '- Las Praderas', place: Las Praderas, region: Spain, sub_region: Community of Madrid, town: Cuenca del
#         Guadarrama}
#     Measurement direction per channel: {azimuth: 0.0, zenital: 0.0}
#     Moving / Fixed look direction: FIXED
#     Moving / Stationary position: STATIONARY
#     Number of channels: 1
#     Number of fields per line: 8
#     Number of header lines: 35
#     Position: {height: 0.0, latitude: 40.7038333, longitude: -3.94202777}
#     TESS MAC address: 98:F4:AB:B2:7C:2F
#     TESS cover offset value: 0.0
#     TESS firmware version: '1.0'
#     TESS zero point: 20.33
#     Time Synchronization: timestamp added by MQTT subscriber
#     URL: http://www.darksky.org/NSBM/sdf1.0.pdf
# - __serialized_columns__:
#     Enclosure Temperature:
#       __class__: astropy.units.quantity.Quantity
#       unit: &id001 !astropy.units.Unit {unit: deg_C}
#       value: !astropy.table.SerializedColumn {name: Enclosure Temperature}
#     Frequency:
#       __class__: astropy.units.quantity.Quantity
#       unit: !astropy.units.Unit {unit: Hz}
#       value: !astropy.table.SerializedColumn {name: Frequency}
#     MSAS:
#       __class__: astropy.units.quantity.Quantity
#       unit: !astropy.units.Unit {unit: mag / arcsec2}
#       value: !astropy.table.SerializedColumn {name: MSAS}
#     Moon Alt:
#       __class__: astropy.units.quantity.Quantity
#       unit: &id002 !astropy.units.Unit {unit: deg}
#       value: !astropy.table.SerializedColumn {name: Moon Alt}
#     Sky Temperature:
#       __class__: astropy.units.quantity.Quantity
#       unit: *id001
#       value: !astropy.table.SerializedColumn {name: Sky Temperature}
#     Sun Alt:
#       __class__: astropy.units.quantity.Quantity
#       unit: *id002
#       value: !astropy.table.SerializedColumn {name: Sun Alt}
#     time:
#       __class__: astropy.time.core.Time
#       format: isot
#       in_subfmt: '*'
#       out_subfmt: '*'
#       precision: 3
#       scale: utc
#       value: !astropy.table.SerializedColumn {name: time}
# schema: astropy-2.0
time,Enclosure Temperature,Sky Temperature,Frequency,MSAS,ZP,Sequence Number,Sun Alt,Moon Alt,Moon Illumination
[from data line 4132]
2024-04-16T04:07:39.000,10.09,-13.44,1.73,19.74,20.33,19521,-16.17,-15.0,0.538
2024-04-16T04:08:39.000,9.97,-13.49,1.74,19.73,20.33,19522,-16.01,-15.0,0.538
2024-04-16T04:09:39.000,10.03,-14.03,1.76,19.72,20.33,19523,-15.84,-15.0,0.538
2024-04-16T04:10:39.000,10.21,-13.93,1.77,19.71,20.33,19524,-15.68,-15.0,0.538
2024-04-16T04:11:39.000,10.24,-13.62,1.77,19.71,20.33,19525,-15.51,-15.0,0.538
2024-04-16T04:12:40.000,10.17,-13.42,1.77,19.71,20.33,19526,-15.34,-15.0,0.538
2024-04-16T04:13:40.000,10.04,-13.53,1.79,19.7,20.33,19527,-15.18,-15.0,0.538
2024-04-16T04:14:40.000,9.96,-13.65,1.81,19.69,20.33,19528,-15.01,-16.0,0.538
2024-04-16T04:15:40.000,10.13,-13.85,1.83,19.67,20.33,19529,-14.84,-16.0,0.539
2024-04-16T04:16:41.000,10.25,-14.0,1.85,19.66,20.33,19530,-14.67,-16.0,0.539
2024-04-16T04:17:41.000,10.17,-13.81,1.88,19.65,20.33,19531,-14.5,-16.0,0.539
2024-04-16T04:18:41.000,10.05,-13.63,1.9,19.63,20.33,19532,-14.34,-16.0,0.539
2024-04-16T04:19:41.000,9.97,-13.61,1.93,19.61,20.33,19533,-14.17,-16.0,0.539
2024-04-16T04:20:41.000,10.13,-13.62,1.97,19.59,20.33,19534,-14.0,-16.0,0.539
2024-04-16T04:21:41.000,10.24,-13.79,2.01,19.57,20.33,19535,-13.83,-16.0,0.539
2024-04-16T04:22:42.000,10.18,-13.67,2.06,19.55,20.33,19536,-13.66,-16.0,0.539
2024-04-16T04:23:42.000,10.06,-13.6,2.12,19.51,20.33,19537,-13.49,-17.0,0.539
2024-04-16T04:24:42.000,9.95,-13.72,2.18,19.48,20.33,19538,-13.32,-17.0,0.539
2024-04-16T04:25:42.000,10.08,-13.67,2.25,19.45,20.33,19539,-13.15,-17.0,0.539
2024-04-16T04:26:43.000,10.24,-13.59,2.35,19.4,20.33,19540,-12.98,-17.0,0.539
2024-04-16T04:27:43.000,10.2,-13.6,2.49,19.34,20.33,19541,-12.8,-17.0,0.539
2024-04-16T04:28:43.000,10.07,-13.66,2.59,19.3,20.33,19542,-12.63,-17.0,0.539
2024-04-16T04:29:43.000,9.95,-13.87,2.75,19.23,20.33,19543,-12.46,-17.0,0.539
2024-04-16T04:30:44.000,10.08,-13.79,2.93,19.16,20.33,19544,-12.29,-17.0,0.54
2024-04-16T04:31:44.000,10.26,-13.76,3.15,19.08,20.33,19545,-12.12,-17.0,0.54
2024-04-16T04:32:44.000,10.2,-14.29,3.41,19.0,20.33,19546,-11.95,-17.0,0.54
2024-04-16T04:33:44.000,9.99,-14.68,3.73,18.9,20.33,19547,-11.77,-18.0,0.54
2024-04-16T04:34:45.000,9.99,-14.34,4.11,18.79,20.33,19548,-11.6,-18.0,0.54
2024-04-16T04:35:45.000,10.18,-14.3,4.56,18.68,20.33,19549,-11.43,-18.0,0.54
2024-04-16T04:36:45.000,10.2,-14.39,5.05,18.57,20.33,19550,-11.25,-18.0,0.54
2024-04-16T04:37:45.000,10.1,-14.26,5.63,18.45,20.33,19551,-11.08,-18.0,0.54
2024-04-16T04:38:46.000,9.97,-14.22,6.3,18.33,20.33,19552,-10.9,-18.0,0.54
2024-04-16T04:39:46.000,10.04,-14.32,7.12,18.2,20.33,19553,-10.73,-18.0,0.54
2024-04-16T04:40:46.000,10.21,-14.16,8.11,18.06,20.33,19554,-10.56,-18.0,0.54
2024-04-16T04:41:46.000,10.22,-14.08,9.27,17.91,20.33,19555,-10.38,-18.0,0.54
2024-04-16T04:42:47.000,10.1,-14.06,10.62,17.77,20.33,19556,-10.2,-18.0,0.54
2024-04-16T04:43:47.000,9.96,-14.13,12.2,17.61,20.33,19557,-10.03,-19.0,0.54
2024-04-16T04:44:47.000,10.02,-14.27,14.08,17.46,20.33,19558,-9.86,-19.0,0.54
2024-04-16T04:45:47.000,10.19,-14.27,16.43,17.29,20.33,19559,-9.68,-19.0,0.541
2024-04-16T04:46:48.000,10.18,-14.28,19.12,17.13,20.33,19560,-9.5,-19.0,0.541
2024-04-16T04:47:48.000,10.06,-14.45,22.39,16.96,20.33,19561,-9.33,-19.0,0.541
2024-04-16T04:48:48.000,9.93,-14.76,26.34,16.78,20.33,19562,-9.15,-19.0,0.541
2024-04-16T04:49:48.000,10.05,-14.9,30.81,16.61,20.33,19563,-8.98,-19.0,0.541
2024-04-16T04:50:49.000,10.24,-14.86,36.56,16.42,20.33,19564,-8.8,-19.0,0.541
2024-04-16T04:51:49.000,10.23,-14.95,43.25,16.24,20.33,19565,-8.62,-19.0,0.541
2024-04-16T04:52:49.000,10.11,-14.96,49.92,16.09,20.33,19566,-8.44,-19.0,0.541
2024-04-16T04:53:50.000,9.92,-14.89,60.97,15.87,20.33,19567,-8.26,-19.0,0.541
2024-04-16T04:54:50.000,10.04,-14.81,73.2,15.67,20.33,19568,-8.09,-20.0,0.541
2024-04-16T04:55:50.000,10.22,-14.69,88.27,15.47,20.33,19569,-7.91,-20.0,0.541
2024-04-16T04:56:50.000,10.23,-14.52,106.75,15.26,20.33,19570,-7.73,-20.0,0.541
2024-04-16T04:57:51.000,10.07,-14.68,130.27,15.04,20.33,19571,-7.55,-20.0,0.541
2024-04-16T04:58:51.000,9.91,-14.76,158.75,14.83,20.33,19572,-7.38,-20.0,0.541
2024-04-16T04:59:51.000,10.03,-14.69,195.67,14.6,20.33,19573,-7.2,-20.0,0.542
2024-04-16T05:00:51.000,10.27,-14.3,241.24,14.38,20.33,19574,-7.02,-20.0,0.542
2024-04-16T05:01:51.000,10.31,-14.18,297.84,14.15,20.33,19575,-6.84,-20.0,0.542
2024-04-16T05:02:51.000,10.15,-14.57,368.58,13.92,20.33,19576,-6.66,-20.0,0.542
2024-04-16T05:03:52.000,9.96,-14.93,456.27,13.68,20.33,19577,-6.48,-20.0,0.542
2024-04-16T05:04:52.000,9.85,-15.1,566.51,13.45,20.33,19578,-6.3,-20.0,0.542
2024-04-16T05:05:52.000,10.09,-15.04,705.56,13.21,20.33,19579,-6.12,-21.0,0.542
2024-04-16T05:06:53.000,10.24,-14.84,878.16,12.97,20.33,19580,-5.94,-21.0,0.542
2024-04-16T05:07:53.000,10.17,-14.95,1094.44,12.73,20.33,19581,-5.76,-21.0,0.542
2024-04-16T05:08:53.000,10.01,-14.72,1367.01,12.49,20.33,19582,-5.58,-21.0,0.542
2024-04-16T05:09:53.000,9.93,-14.76,1713.02,12.25,20.33,19583,-5.4,-21.0,0.542
2024-04-16T05:10:53.000,10.12,-14.71,2153.48,12.0,20.33,19584,-5.22,-21.0,0.542
2024-04-16T05:11:53.000,10.25,-14.78,2705.49,11.75,20.33,19585,-5.04,-21.0,0.542
2024-04-16T05:12:54.000,10.14,-14.95,3389.91,11.51,20.33,19586,-4.86,-21.0,0.542
2024-04-16T05:13:54.000,9.95,-14.92,4232.56,11.27,20.33,19587,-4.68,-21.0,0.542
2024-04-16T05:14:54.000,10.01,-15.01,5292.33,11.02,20.33,19588,-4.5,-21.0,0.543
2024-04-16T05:15:54.000,10.08,-15.58,6630.09,10.78,20.33,19589,-4.32,-21.0,0.543
2024-04-16T05:16:55.000,10.02,-15.27,8301.44,10.53,20.33,19590,-4.13,-21.0,0.543
2024-04-16T05:17:55.000,9.96,-15.22,10333.06,10.3,20.33,19591,-3.95,-21.0,0.543
2024-04-16T05:18:55.000,10.12,-15.1,12768.96,10.07,20.33,19592,-3.77,-22.0,0.543
2024-04-16T05:19:55.000,10.18,-14.96,15704.49,9.84,20.33,19593,-3.59,-22.0,0.543
2024-04-16T05:20:55.000,10.09,-14.86,19185.1,9.62,20.33,19594,-3.41,-22.0,0.543
2024-04-16T05:21:55.000,9.92,-14.83,23266.98,9.41,20.33,19595,-3.23,-22.0,0.543
2024-04-16T05:22:56.000,9.71,-14.85,27976.58,9.21,20.33,19596,-3.04,-22.0,0.543
2024-04-16T05:23:56.000,9.51,-14.88,33340.78,9.02,20.33,19597,-2.86,-22.0,0.543
2024-04-16T05:24:56.000,9.31,-14.94,39405.23,8.84,20.33,19598,-2.68,-22.0,0.543
2024-04-16T05:25:56.000,9.12,-14.98,46218.4,8.67,20.33,19599,-2.49,-22.0,0.543
2024-04-16T05:26:57.000,8.95,-15.02,53891.36,8.5,20.33,19600,-2.31,-22.0,0.543
2024-04-16T05:27:57.000,8.8,-15.11,59142.77,6.67,20.33,19601,-2.12,-22.0,0.543
2024-04-16T05:28:57.000,8.65,-15.23,50000.0,0.0,20.33,19602,-1.94,-22.0,0.544
2024-04-16T05:29:58.000,8.5,-15.4,50000.0,0.0,20.33,19603,-1.76,-22.0,0.544
2024-04-16T05:30:58.000,8.39,-15.23,49444.78,0.18,20.33,19604,-1.57,-22.0,0.544
2024-04-16T05:31:58.000,8.29,-15.17,50000.0,0.0,20.33,19605,-1.39,-22.0,0.544
2024-04-16T05:32:58.000,8.2,-15.08,50000.0,0.0,20.33,19606,-1.21,-23.0,0.544
2024-04-16T05:33:58.000,8.12,-15.0,50000.0,0.0,20.33,19607,-1.02,-23.0,0.544
2024-04-16T05:45:00.000,7.6,-15.21,50000.0,0.0,20.33,19618,1.01,-23.0,0.545
2024-04-16T05:46:01.000,7.58,-15.24,50000.0,0.0,20.33,19619,1.2,-23.0,0.545
2024-04-16T05:47:01.000,7.55,-15.19,50000.0,0.0,20.33,19620,1.38,-23.0,0.545
2024-04-16T05:48:01.000,7.54,-15.18,49720.86,0.09,20.33,19621,1.57,-23.0,0.545
2024-04-16T05:49:01.000,7.51,-15.26,50000.0,0.0,20.33,19622,1.76,-24.0,0.545
2024-04-16T05:50:02.000,7.5,-15.3,50000.0,0.0,20.33,19623,1.94,-24.0,0.545
2024-04-16T05:51:02.000,7.49,-15.3,50000.0,0.0,20.33,19624,2.13,-24.0,0.545
2024-04-16T05:52:02.000,7.49,-15.22,49732.82,0.09,20.33,19625,2.32,-24.0,0.545
2024-04-16T05:53:02.000,7.52,-15.15,50000.0,0.0,20.33,19626,2.5,-24.0,0.545
2024-04-16T05:54:03.000,7.55,-15.16,50000.0,0.0,20.33,19627,2.69,-24.0,0.545
2024-04-16T05:55:03.000,7.57,-15.14,49714.4,0.1,20.33,19628,2.88,-24.0,0.545
2024-04-16T05:56:03.000,7.6,-15.11,50000.0,0.0,20.33,19629,3.06,-24.0,0.545
2024-04-16T05:57:03.000,7.63,-15.09,50000.0,0.0,20.33,19630,3.25,-24.0,0.545
2024-04-16T05:58:03.000,7.65,-15.05,50000.0,0.0,20.33,19631,3.44,-24.0,0.545
2024-04-16T18:32:57.000,17.09,-10.39,50000.0,0.0,20.33,20383,3.54,69.0,0.596
2024-04-16T18:33:57.000,16.99,-10.43,50000.0,0.0,20.33,20384,3.35,69.0,0.596
2024-04-16T18:34:57.000,16.91,-10.47,50000.0,0.0,20.33,20385,3.16,69.0,0.596
2024-04-16T18:35:58.000,16.82,-10.48,49716.16,0.09,20.33,20386,2.98,69.0,0.596
2024-04-16T18:36:58.000,16.76,-10.42,50000.0,0.0,20.33,20387,2.79,69.0,0.596
2024-04-16T18:37:58.000,16.74,-10.39,50000.0,0.0,20.33,20388,2.6,70.0,0.596
2024-04-16T18:38:58.000,16.71,-10.58,50000.0,0.0,20.33,20389,2.42,70.0,0.597
2024-04-16T18:57:03.000,15.32,-11.33,50000.0,0.0,20.33,20407,-0.91,71.0,0.598
2024-04-16T18:58:03.000,15.24,-11.36,50000.0,0.0,20.33,20408,-1.1,71.0,0.598
2024-04-16T18:59:03.000,15.14,-11.49,50000.0,0.0,20.33,20409,-1.28,71.0,0.598
2024-04-16T19:00:03.000,15.09,-11.48,49450.66,0.2,20.33,20410,-1.46,71.0,0.598
2024-04-16T19:01:03.000,15.04,-11.62,50000.0,0.0,20.33,20411,-1.65,71.0,0.598
2024-04-16T19:02:04.000,14.97,-11.69,50000.0,0.0,20.33,20412,-1.83,71.0,0.598
2024-04-16T19:03:04.000,14.92,-11.7,50000.0,0.0,20.33,20413,-2.01,71.0,0.598
2024-04-16T19:04:04.000,14.91,-11.53,56661.48,4.4,20.33,20414,-2.2,71.0,0.598
2024-04-16T19:05:05.000,14.88,-11.72,56058.98,8.46,20.33,20415,-2.38,71.0,0.598
2024-04-16T19:06:05.000,14.83,-11.87,48164.55,8.62,20.33,20416,-2.56,71.0,0.598
2024-04-16T19:07:05.000,14.78,-11.86,41096.47,8.8,20.33,20417,-2.75,72.0,0.598
2024-04-16T19:08:06.000,14.77,-11.76,34793.54,8.98,20.33,20418,-2.93,72.0,0.598
2024-04-16T19:09:05.000,14.76,-11.66,29258.49,9.17,20.33,20419,-3.11,72.0,0.599
2024-04-16T19:10:06.000,14.78,-11.77,24441.16,9.36,20.33,20420,-3.29,72.0,0.599
2024-04-16T19:11:06.000,14.74,-11.8,20320.88,9.56,20.33,20421,-3.47,72.0,0.599
2024-04-16T19:12:06.000,14.68,-11.75,16829.07,9.77,20.33,20422,-3.65,72.0,0.599
2024-04-16T19:13:07.000,14.65,-11.83,13865.3,9.98,20.33,20423,-3.84,72.0,0.599
2024-04-16T19:14:07.000,14.62,-11.79,11354.82,10.19,20.33,20424,-4.02,72.0,0.599
2024-04-16T19:15:09.000,14.64,-11.68,9240.7,10.42,20.33,20425,-4.21,72.0,0.599
2024-04-16T19:16:08.000,14.66,-11.8,7453.12,10.65,20.33,20426,-4.38,72.0,0.599
2024-04-16T19:17:08.000,14.66,-11.78,5984.24,10.89,20.33,20427,-4.56,72.0,0.599
2024-04-16T19:18:10.000,14.71,-11.69,4792.67,11.13,20.33,20428,-4.75,72.0,0.599
2024-04-16T19:19:10.000,14.73,-11.86,3828.67,11.37,20.33,20429,-4.93,72.0,0.599
2024-04-16T19:20:10.000,14.72,-11.88,3054.82,11.62,20.33,20430,-5.11,72.0,0.599
2024-04-16T19:21:10.000,14.69,-11.91,2439.96,11.86,20.33,20431,-5.29,72.0,0.599
2024-04-16T19:22:10.000,14.71,-11.63,1950.36,12.11,20.33,20432,-5.47,72.0,0.599
2024-04-16T19:23:10.000,14.81,-11.58,1558.94,12.35,20.33,20433,-5.65,72.0,0.599
2024-04-16T19:24:11.000,14.82,-11.77,1245.16,12.59,20.33,20434,-5.83,72.0,0.6
2024-04-16T19:25:11.000,14.87,-11.78,995.03,12.84,20.33,20435,-6.01,72.0,0.6
2024-04-16T19:26:11.000,14.89,-11.86,797.07,13.08,20.33,20436,-6.19,72.0,0.6
2024-04-16T19:27:11.000,14.87,-11.95,640.0,13.32,20.33,20437,-6.36,72.0,0.6
2024-04-16T19:28:13.000,14.83,-11.94,515.18,13.55,20.33,20438,-6.55,72.0,0.6
2024-04-16T19:29:15.000,14.77,-12.16,414.95,13.79,20.33,20439,-6.73,72.0,0.6
2024-04-16T19:30:15.000,14.69,-12.19,334.54,14.02,20.33,20440,-6.91,72.0,0.6
2024-04-16T19:31:15.000,14.62,-12.27,272.02,14.25,20.33,20441,-7.09,72.0,0.6
2024-04-16T19:32:15.000,14.61,-12.13,223.17,14.46,20.33,20442,-7.26,72.0,0.6
2024-04-16T19:33:15.000,14.59,-12.3,184.31,14.67,20.33,20443,-7.44,72.0,0.6
2024-04-16T19:34:16.000,14.55,-12.67,153.48,14.87,20.33,20444,-7.62,72.0,0.6
2024-04-16T19:35:16.000,14.45,-12.62,128.83,15.06,20.33,20445,-7.8,72.0,0.6
2024-04-16T19:36:16.000,14.39,-12.74,109.01,15.24,20.33,20446,-7.97,72.0,0.6
2024-04-16T19:37:16.000,14.4,-12.3,93.32,15.41,20.33,20447,-8.15,72.0,0.6
2024-04-16T19:38:16.000,14.46,-12.29,80.7,15.56,20.33,20448,-8.33,72.0,0.6
2024-04-16T19:39:17.000,14.48,-12.47,70.61,15.71,20.33,20449,-8.51,71.0,0.601
2024-04-16T19:40:17.000,14.44,-12.73,62.55,15.84,20.33,20450,-8.68,71.0,0.601
2024-04-16T19:41:17.000,14.39,-12.83,55.7,15.97,20.33,20451,-8.86,71.0,0.601
2024-04-16T19:42:17.000,14.35,-12.91,49.85,16.09,20.33,20452,-9.03,71.0,0.601
2024-04-16T19:43:17.000,14.28,-12.94,46.27,16.17,20.33,20453,-9.21,71.0,0.601
2024-04-16T19:44:18.000,14.23,-12.99,42.59,16.26,20.33,20454,-9.39,71.0,0.601
2024-04-16T19:45:18.000,14.18,-13.04,39.33,16.34,20.33,20455,-9.56,71.0,0.601
2024-04-16T19:46:18.000,14.14,-12.85,36.59,16.42,20.33,20456,-9.73,71.0,0.601
2024-04-16T19:47:18.000,14.17,-12.88,34.55,16.48,20.33,20457,-9.91,71.0,0.601
2024-04-16T19:48:18.000,14.12,-13.08,32.64,16.55,20.33,20458,-10.08,71.0,0.601
2024-04-16T19:49:18.000,14.09,-13.03,30.84,16.61,20.33,20459,-10.26,71.0,0.601
2024-04-16T19:50:19.000,14.13,-12.94,29.47,16.66,20.33,20460,-10.43,71.0,0.601
2024-04-16T19:51:19.000,14.13,-13.05,28.5,16.69,20.33,20461,-10.61,71.0,0.601
2024-04-16T19:52:19.000,14.1,-13.11,27.53,16.73,20.33,20462,-10.78,71.0,0.601
2024-04-16T19:53:19.000,14.04,-13.23,26.67,16.76,20.33,20463,-10.95,71.0,0.601
2024-04-16T19:54:20.000,13.97,-13.23,26.06,16.79,20.33,20464,-11.13,71.0,0.601
2024-04-16T19:55:20.000,13.89,-13.31,25.46,16.82,20.33,20465,-11.3,71.0,0.602
2024-04-16T19:56:20.000,13.82,-13.27,24.72,16.85,20.33,20466,-11.47,71.0,0.602
2024-04-16T19:57:20.000,13.73,-13.2,24.09,16.88,20.33,20467,-11.64,70.0,0.602
2024-04-16T19:58:21.000,13.67,-13.25,23.78,16.89,20.33,20468,-11.82,70.0,0.602
2024-04-16T19:59:21.000,13.59,-13.17,23.3,16.91,20.33,20469,-11.99,70.0,0.602
2024-04-16T20:00:21.000,13.54,-13.01,22.97,16.93,20.33,20470,-12.16,70.0,0.602
2024-04-16T20:01:21.000,13.48,-13.12,22.7,16.94,20.33,20471,-12.33,70.0,0.602
2024-04-16T20:02:22.000,13.39,-13.01,22.4,16.95,20.33,20472,-12.5,70.0,0.602
2024-04-16T20:03:22.000,13.35,-12.84,22.1,16.97,20.33,20473,-12.67,70.0,0.602
2024-04-16T20:04:22.000,13.36,-12.44,21.79,16.98,20.33,20474,-12.84,70.0,0.602
2024-04-16T20:05:22.000,13.43,-12.39,21.48,17.0,20.33,20475,-13.01,70.0,0.602
2024-04-16T20:06:23.000,13.45,-12.82,21.22,17.01,20.33,20476,-13.18,70.0,0.602
2024-04-16T20:07:23.000,13.42,-12.79,21.01,17.02,20.33,20477,-13.35,70.0,0.602
2024-04-16T20:08:24.000,13.43,-12.53,20.86,17.03,20.33,20478,-13.52,69.0,0.602
2024-04-16T20:09:24.000,13.54,-12.24,20.68,17.04,20.33,20479,-13.69,69.0,0.602
2024-04-16T20:10:24.000,13.7,-12.07,20.46,17.05,20.33,20480,-13.86,69.0,0.603
2024-04-16T20:11:24.000,13.86,-12.27,20.35,17.06,20.33,20481,-14.03,69.0,0.603
2024-04-16T20:12:24.000,13.98,-12.22,19.92,17.08,20.33,20482,-14.2,69.0,0.603
2024-04-16T20:13:24.000,14.06,-12.54,19.91,17.08,20.33,20483,-14.36,69.0,0.603
2024-04-16T20:14:24.000,14.08,-12.37,19.75,17.09,20.33,20484,-14.53,69.0,0.603
2024-04-16T20:15:25.000,14.12,-12.39,19.53,17.1,20.33,20485,-14.7,69.0,0.603
2024-04-16T20:16:25.000,14.19,-12.29,19.39,17.11,20.33,20486,-14.87,69.0,0.603
2024-04-16T20:17:25.000,14.24,-12.14,19.07,17.13,20.33,20487,-15.03,69.0,0.603
2024-04-16T20:18:25.000,14.35,-12.16,18.86,17.14,20.33,20488,-15.2,68.0,0.603
2024-04-16T20:19:26.000,14.39,-12.26,18.72,17.15,20.33,20489,-15.37,68.0,0.603
2024-04-16T20:20:26.000,14.4,-12.33,18.51,17.16,20.33,20490,-15.53,68.0,0.603
2024-04-16T20:21:26.000,14.35,-12.48,18.37,17.17,20.33,20491,-15.7,68.0,0.603
2024-04-16T20:22:26.000,14.3,-12.36,18.22,17.18,20.33,20492,-15.86,68.0,0.603
2024-04-16T20:23:27.000,14.27,-12.52,18.13,17.18,20.33,20493,-16.03,68.0,0.603
2024-04-16T20:24:27.000,14.21,-12.51,17.92,17.2,20.33,20494,-16.19,68.0,0.603
2024-04-16T20:25:27.000,14.18,-12.3,17.79,17.2,20.33,20495,-16.36,68.0,0.604
2024-04-16T20:26:27.000,14.18,-12.35,17.65,17.21,20.33,20496,-16.52,68.0,0.604
2024-04-16T20:27:28.000,14.19,-12.38,17.51,17.22,20.33,20497,-16.69,67.0,0.604
2024-04-16T20:28:28.000,14.22,-12.11,17.49,17.22,20.33,20498,-16.85,67.0,0.604
2024-04-16T20:29:28.000,14.23,-12.41,17.31,17.23,20.33,20499,-17.01,67.0,0.604
2024-04-16T20:30:28.000,14.22,-12.3,17.16,17.24,20.33,20500,-17.17,67.0,0.604
2024-04-16T20:31:29.000,14.21,-12.31,17.01,17.25,20.33,20501,-17.34,67.0,0.604
