ecsv/stars612/stars612_2024-04.ecsv
# %ECSV 1.0
# ---
# datatype:
# - {name: time, datatype: string}
# - {name: Enclosure Temperature, unit: deg_C, datatype: float64}
# - {name: Sky Temperature, unit: deg_C, datatype: float64}
# - {name: Frequency, unit: Hz, datatype: float64}
# - {name: MSAS, unit: mag / arcsec2, datatype: float64}
# - {name: ZP, datatype: float64}
# - {name: Sequence Number, datatype: int64}
# - {name: Sun Alt, unit: deg, datatype: float64}
# - {name: Moon Alt, unit: deg, datatype: float64}
# - {name: Moon Illumination, datatype: float64}
# delimiter: ','
# meta: !!omap
# - ida:
#     Data supplier: {affiliation: Salvador Ribas, observer: Salvador Ribas}
#     Device type: TESS-W
#     Field of view: 17.0
#     Filters per channel: None
#     Instrument ID: stars612
#     License: ODbL 1.0 http://opendatacommons.org/licenses/odbl/summary/
#     Local timezone: Europe/Madrid
#     Location name: {country: "- Centre d'Observaci\xF3 de l'Univers", place: "\xC0ger", region: Spain, sub_region: Catalonia, town: Noguera}
#     Measurement direction per channel: {azimuth: 0.0, zenital: 0.0}
#     Moving / Fixed look direction: FIXED
#     Moving / Stationary position: STATIONARY
#     Number of channels: 1
#     Number of fields per line: 8
#     Number of header lines: 35
#     Position: {height: 0.0, latitude: 42.02459, longitude: 0.734797}
#     TESS MAC address: 98:F4:AB:B2:7C:40
#     TESS cover offset value: 0.0
#     TESS firmware version: '1.0'
#     TESS zero point: 20.23
#     Time Synchronization: timestamp added by MQTT subscriber
#     URL: http://www.darksky.org/NSBM/sdf1.0.pdf
# - __serialized_columns__:
#     Enclosure Temperature:
#       __class__: astropy.units.quantity.Quantity
#       unit: &id001 !astropy.units.Unit {unit: deg_C}
#       value: !astropy.table.SerializedColumn {name: Enclosure Temperature}
#     Frequency:
#       __class__: astropy.units.quantity.Quantity
#       unit: !astropy.units.Unit {unit: Hz}
#       value: !astropy.table.SerializedColumn {name: Frequency}
#     MSAS:
#       __class__: astropy.units.quantity.Quantity
#       unit: !astropy.units.Unit {unit: mag / arcsec2}
#       value: !astropy.table.SerializedColumn {name: MSAS}
#     Moon Alt:
#       __class__: astropy.units.quantity.Quantity
#       unit: &id002 !astropy.units.Unit {unit: deg}
#       value: !astropy.table.SerializedColumn {name: Moon Alt}
#     Sky Temperature:
#       __class__: astropy.units.quantity.Quantity
#       unit: *id001
#       value: !astropy.table.SerializedColumn {name: Sky Temperature}
#     Sun Alt:
#       __class__: astropy.units.quantity.Quantity
#       unit: *id002
#       value: !astropy.table.SerializedColumn {name: Sun Alt}
#     time:
#       __class__: astropy.time.core.Time
#       format: isot
#       in_subfmt: '*'
#       out_subfmt: '*'
#       precision: 3
#       scale: utc
#       value: !astropy.table.SerializedColumn {name: time}
# schema: astropy-2.0
time,Enclosure Temperature,Sky Temperature,Frequency,MSAS,ZP,Sequence Number,Sun Alt,Moon Alt,Moon Illumination
[from data line 7545]
2024-04-09T08:33:55.000,23.51,18.95,23570.09,9.3,20.23,10922,33.54,30.0,0.005
2024-04-09T08:34:55.000,23.51,18.95,23614.82,9.3,20.23,10923,33.72,31.0,0.005
2024-04-09T08:35:56.000,23.51,18.95,23600.02,9.3,20.23,10924,33.89,31.0,0.005
2024-04-09T08:36:56.000,23.51,18.96,23573.09,9.3,20.23,10925,34.06,31.0,0.005
2024-04-09T08:37:57.000,23.52,18.96,23552.93,9.3,20.23,10926,34.24,31.0,0.005
2024-04-09T08:38:57.000,23.52,18.96,23650.64,9.3,20.23,10927,34.41,31.0,0.005
2024-04-09T08:39:58.000,23.52,18.98,23652.0,9.3,20.23,10928,34.58,31.0,0.005
2024-04-09T08:40:58.000,23.52,18.96,23587.8,9.3,20.23,10929,34.75,32.0,0.005
2024-04-09T08:41:58.000,23.52,18.97,23557.87,9.3,20.23,10930,34.92,32.0,0.005
2024-04-09T08:42:59.000,23.52,18.97,23487.47,9.3,20.23,10931,35.09,32.0,0.005
2024-04-09T08:43:59.000,23.52,18.97,23440.29,9.31,20.23,10932,35.26,32.0,0.005
2024-04-09T08:45:00.000,23.52,18.98,23387.64,9.31,20.23,10933,35.44,32.0,0.005
2024-04-09T08:46:00.000,23.52,18.98,23427.33,9.31,20.23,10934,35.6,32.0,0.005
2024-04-09T08:47:01.000,23.52,18.99,23508.93,9.3,20.23,10935,35.78,33.0,0.005
2024-04-09T08:48:01.000,23.53,19.0,23528.82,9.3,20.23,10936,35.94,33.0,0.005
2024-04-09T08:49:02.000,23.53,19.0,23498.76,9.3,20.23,10937,36.12,33.0,0.006
2024-04-09T08:50:02.000,23.53,19.0,23466.6,9.3,20.23,10938,36.28,33.0,0.006
2024-04-09T08:51:03.000,23.53,19.0,23404.4,9.31,20.23,10939,36.45,33.0,0.006
2024-04-09T08:52:03.000,23.53,19.02,23389.69,9.31,20.23,10940,36.62,34.0,0.006
2024-04-09T08:53:04.000,23.53,19.02,23354.13,9.31,20.23,10941,36.79,34.0,0.006
2024-04-09T08:54:04.000,23.53,19.03,23311.4,9.31,20.23,10942,36.96,34.0,0.006
2024-04-09T08:55:05.000,23.53,19.03,23223.84,9.32,20.23,10943,37.12,34.0,0.006
2024-04-09T08:56:05.000,23.53,19.04,23195.38,9.32,20.23,10944,37.29,34.0,0.006
2024-04-09T08:57:06.000,23.54,19.04,23187.16,9.32,20.23,10945,37.46,34.0,0.006
2024-04-09T08:58:06.000,23.54,19.05,23196.29,9.32,20.23,10946,37.62,35.0,0.006
2024-04-09T08:59:06.000,23.54,19.06,23201.55,9.32,20.23,10947,37.79,35.0,0.006
2024-04-09T09:00:07.000,23.54,19.06,23152.78,9.32,20.23,10948,37.96,35.0,0.006
2024-04-09T09:01:07.000,23.54,19.06,23072.6,9.32,20.23,10949,38.12,35.0,0.006
2024-04-09T09:02:08.000,23.55,19.07,23065.27,9.32,20.23,10950,38.29,35.0,0.006
2024-04-09T09:03:08.000,23.54,19.07,23062.89,9.32,20.23,10951,38.45,36.0,0.006
2024-04-09T09:04:09.000,23.55,19.08,23016.87,9.32,20.23,10952,38.61,36.0,0.006
2024-04-09T09:05:09.000,23.55,19.08,22929.27,9.33,20.23,10953,38.78,36.0,0.006
2024-04-09T09:06:10.000,23.56,19.1,22936.67,9.33,20.23,10954,38.94,36.0,0.006
2024-04-09T09:07:10.000,23.56,19.1,22849.16,9.33,20.23,10955,39.1,36.0,0.006
2024-04-09T09:08:11.000,23.56,19.1,22708.73,9.34,20.23,10956,39.27,36.0,0.006
2024-04-09T09:09:11.000,23.57,19.11,22620.8,9.34,20.23,10957,39.43,37.0,0.006
2024-04-09T09:10:12.000,23.57,19.12,22660.51,9.34,20.23,10958,39.59,37.0,0.006
2024-04-09T09:11:12.000,23.57,19.12,22583.78,9.35,20.23,10959,39.75,37.0,0.006
2024-04-09T09:12:12.000,23.57,19.13,22475.78,9.35,20.23,10960,39.91,37.0,0.006
2024-04-09T09:13:13.000,23.58,19.15,22394.84,9.35,20.23,10961,40.07,37.0,0.006
2024-04-09T09:14:13.000,23.58,19.15,22335.07,9.36,20.23,10962,40.23,37.0,0.006
2024-04-09T09:15:14.000,23.58,19.16,22251.16,9.36,20.23,10963,40.39,38.0,0.006
2024-04-09T09:16:14.000,23.59,19.17,22156.31,9.37,20.23,10964,40.55,38.0,0.006
2024-04-09T09:17:15.000,23.58,19.17,22098.62,9.37,20.23,10965,40.71,38.0,0.006
2024-04-09T09:18:15.000,23.58,19.18,22033.38,9.37,20.23,10966,40.87,38.0,0.006
2024-04-09T09:19:16.000,23.6,19.17,21995.47,9.37,20.23,10967,41.03,38.0,0.006
2024-04-09T09:20:16.000,23.59,19.17,21963.29,9.38,20.23,10968,41.18,38.0,0.006
2024-04-09T09:21:17.000,23.6,19.18,21844.18,9.38,20.23,10969,41.34,39.0,0.006
2024-04-09T09:22:17.000,23.61,19.2,21742.31,9.39,20.23,10970,41.5,39.0,0.006
2024-04-09T09:23:18.000,23.61,19.19,21802.18,9.38,20.23,10971,41.65,39.0,0.006
2024-04-09T09:24:18.000,23.6,19.19,21768.91,9.39,20.23,10972,41.81,39.0,0.006
2024-04-09T09:25:19.000,23.6,19.2,21649.73,9.39,20.23,10973,41.96,39.0,0.006
2024-04-09T09:26:19.000,23.6,19.2,21553.84,9.4,20.23,10974,42.12,40.0,0.006
2024-04-09T09:27:19.000,23.6,19.2,21452.24,9.4,20.23,10975,42.27,40.0,0.006
2024-04-09T09:28:20.000,23.6,19.2,21413.84,9.4,20.23,10976,42.43,40.0,0.006
2024-04-09T09:29:20.000,23.6,19.2,21382.09,9.4,20.23,10977,42.58,40.0,0.006
2024-04-09T09:30:21.000,23.61,19.21,21356.84,9.41,20.23,10978,42.73,40.0,0.006
2024-04-09T09:31:21.000,23.61,19.22,21297.04,9.41,20.23,10979,42.88,40.0,0.006
2024-04-09T09:32:22.000,23.61,19.22,21214.84,9.41,20.23,10980,43.03,41.0,0.006
2024-04-09T09:33:22.000,23.61,19.22,21154.18,9.42,20.23,10981,43.18,41.0,0.006
2024-04-09T09:34:23.000,23.62,19.24,21126.51,9.42,20.23,10982,43.34,41.0,0.006
2024-04-09T09:35:23.000,23.62,19.24,21065.55,9.42,20.23,10983,43.49,41.0,0.006
2024-04-09T09:36:24.000,23.62,19.25,21100.38,9.42,20.23,10984,43.64,41.0,0.006
2024-04-09T09:37:24.000,23.62,19.25,21034.45,9.42,20.23,10985,43.78,41.0,0.006
2024-04-09T09:38:25.000,23.63,19.26,21017.45,9.42,20.23,10986,43.93,42.0,0.006
2024-04-09T09:39:25.000,23.63,19.27,20998.73,9.42,20.23,10987,44.08,42.0,0.006
2024-04-09T09:40:26.000,23.63,19.28,20954.84,9.43,20.23,10988,44.23,42.0,0.006
2024-04-09T09:41:26.000,23.63,19.28,20970.09,9.43,20.23,10989,44.37,42.0,0.006
2024-04-09T09:42:26.000,23.63,19.28,20986.24,9.43,20.23,10990,44.52,42.0,0.006
2024-04-09T09:43:27.000,23.64,19.29,20988.76,9.43,20.23,10991,44.67,42.0,0.006
2024-04-09T09:44:27.000,23.64,19.29,20960.2,9.43,20.23,10992,44.81,43.0,0.006
2024-04-09T09:45:28.000,23.65,19.31,20977.36,9.43,20.23,10993,44.95,43.0,0.006
2024-04-09T09:46:28.000,23.65,19.31,20980.6,9.43,20.23,10994,45.1,43.0,0.006
2024-04-09T09:47:29.000,23.64,19.31,20942.07,9.43,20.23,10995,45.24,43.0,0.006
2024-04-09T09:48:36.000,23.65,19.32,20922.36,9.43,20.23,10996,45.4,43.0,0.006
2024-04-09T09:49:35.000,23.65,19.33,20883.23,9.43,20.23,10997,45.54,43.0,0.006
2024-04-09T09:50:36.000,23.65,19.32,20883.93,9.43,20.23,10998,45.68,44.0,0.006
2024-04-09T09:51:36.000,23.65,19.32,20884.76,9.43,20.23,10999,45.82,44.0,0.006
2024-04-09T09:52:37.000,23.65,19.32,20906.18,9.43,20.23,11000,45.96,44.0,0.006
2024-04-09T09:53:37.000,23.65,19.33,20899.98,9.43,20.23,11001,46.1,44.0,0.006
2024-04-09T09:54:38.000,23.65,19.34,20879.11,9.43,20.23,11002,46.24,44.0,0.006
2024-04-09T09:55:38.000,23.66,19.34,20870.58,9.43,20.23,11003,46.38,44.0,0.006
2024-04-09T09:56:38.000,23.65,19.34,20894.04,9.43,20.23,11004,46.51,45.0,0.006
2024-04-09T09:57:39.000,23.65,19.34,20905.18,9.43,20.23,11005,46.65,45.0,0.006
2024-04-09T09:58:39.000,23.65,19.35,20908.42,9.43,20.23,11006,46.78,45.0,0.006
2024-04-09T09:59:40.000,23.66,19.36,20915.8,9.43,20.23,11007,46.92,45.0,0.006
2024-04-09T10:00:40.000,23.66,19.35,20941.87,9.43,20.23,11008,47.05,45.0,0.006
2024-04-09T10:01:41.000,23.65,19.36,20965.93,9.43,20.23,11009,47.19,45.0,0.006
2024-04-09T10:02:41.000,23.66,19.38,20997.98,9.42,20.23,11010,47.32,45.0,0.006
2024-04-09T10:03:42.000,23.67,19.37,21011.22,9.42,20.23,11011,47.45,46.0,0.006
2024-04-09T10:04:42.000,23.67,19.36,21015.24,9.42,20.23,11012,47.58,46.0,0.007
2024-04-09T10:05:43.000,23.67,19.37,21014.71,9.42,20.23,11013,47.72,46.0,0.007
2024-04-09T10:06:43.000,23.67,19.37,21041.2,9.42,20.23,11014,47.85,46.0,0.007
2024-04-09T10:07:44.000,23.67,19.37,21051.45,9.42,20.23,11015,47.98,46.0,0.007
2024-04-09T10:08:44.000,23.67,19.38,21087.36,9.42,20.23,11016,48.1,46.0,0.007
2024-04-09T10:09:44.000,23.68,19.39,21121.53,9.42,20.23,11017,48.23,47.0,0.007
2024-04-09T10:10:45.000,23.68,19.39,21141.93,9.42,20.23,11018,48.36,47.0,0.007
2024-04-09T10:11:45.000,23.69,19.39,21150.22,9.42,20.23,11019,48.48,47.0,0.007
2024-04-09T10:12:46.000,23.69,19.4,21145.42,9.42,20.23,11020,48.61,47.0,0.007
2024-04-09T10:13:46.000,23.69,19.39,21162.31,9.42,20.23,11021,48.73,47.0,0.007
2024-04-09T10:14:47.000,23.69,19.4,21194.38,9.41,20.23,11022,48.86,47.0,0.007
2024-04-09T10:15:47.000,23.68,19.4,21196.42,9.41,20.23,11023,48.98,48.0,0.007
2024-04-09T10:16:48.000,23.69,19.41,21182.16,9.42,20.23,11024,49.1,48.0,0.007
2024-04-09T10:17:48.000,23.69,19.41,21175.93,9.42,20.23,11025,49.23,48.0,0.007
2024-04-09T10:18:49.000,23.69,19.41,21180.4,9.42,20.23,11026,49.35,48.0,0.007
2024-04-09T10:19:49.000,23.7,19.42,21190.49,9.41,20.23,11027,49.47,48.0,0.007
2024-04-09T10:20:50.000,23.69,19.43,21200.18,9.41,20.23,11028,49.59,48.0,0.007
2024-04-09T10:21:50.000,23.7,19.42,21218.13,9.41,20.23,11029,49.7,48.0,0.007
2024-04-09T10:22:57.000,23.7,19.44,21245.11,9.41,20.23,11030,49.83,49.0,0.007
2024-04-09T10:23:57.000,23.7,19.43,21268.39,9.41,20.23,11031,49.95,49.0,0.007
2024-04-09T10:24:57.000,23.7,19.43,21285.15,9.41,20.23,11032,50.06,49.0,0.007
2024-04-09T10:25:57.000,23.7,19.44,21295.53,9.41,20.23,11033,50.18,49.0,0.007
2024-04-09T10:26:58.000,23.7,19.44,21316.55,9.41,20.23,11034,50.29,49.0,0.007
2024-04-09T10:27:58.000,23.71,19.45,21331.18,9.41,20.23,11035,50.4,49.0,0.007
2024-04-09T10:28:59.000,23.71,19.45,21356.53,9.41,20.23,11036,50.52,49.0,0.007
2024-04-09T10:29:59.000,23.71,19.45,21366.98,9.41,20.23,11037,50.63,50.0,0.007
2024-04-09T10:31:00.000,23.71,19.46,21385.98,9.4,20.23,11038,50.74,50.0,0.007
2024-04-09T10:32:00.000,23.71,19.45,21403.55,9.4,20.23,11039,50.84,50.0,0.007
2024-04-09T10:33:01.000,23.71,19.45,21417.42,9.4,20.23,11040,50.95,50.0,0.007
2024-04-09T10:34:01.000,23.71,19.46,21422.69,9.4,20.23,11041,51.06,50.0,0.007
2024-04-09T10:35:01.000,23.71,19.47,21454.84,9.4,20.23,11042,51.16,50.0,0.007
2024-04-09T10:36:02.000,23.71,19.47,21441.87,9.4,20.23,11043,51.27,50.0,0.007
2024-04-09T10:37:02.000,23.72,19.49,21429.02,9.4,20.23,11044,51.37,51.0,0.007
2024-04-09T10:38:03.000,23.72,19.47,21471.11,9.4,20.23,11045,51.48,51.0,0.007
2024-04-09T10:39:03.000,23.73,19.47,21480.11,9.4,20.23,11046,51.58,51.0,0.007
2024-04-09T10:40:04.000,23.73,19.48,21507.64,9.4,20.23,11047,51.68,51.0,0.007
2024-04-09T10:41:04.000,23.73,19.46,21510.49,9.4,20.23,11048,51.78,51.0,0.007
2024-04-09T10:42:05.000,23.73,19.45,21514.49,9.4,20.23,11049,51.88,51.0,0.007
2024-04-09T10:43:05.000,23.73,19.46,21518.2,9.4,20.23,11050,51.98,51.0,0.007
2024-04-09T10:44:06.000,23.73,19.46,21492.24,9.4,20.23,11051,52.08,52.0,0.007
2024-04-09T10:45:06.000,23.73,19.46,21488.55,9.4,20.23,11052,52.17,52.0,0.007
2024-04-09T10:46:07.000,23.73,19.46,21486.8,9.4,20.23,11053,52.27,52.0,0.007
2024-04-09T10:47:07.000,23.73,19.47,21484.53,9.4,20.23,11054,52.36,52.0,0.007
2024-04-09T10:48:07.000,23.73,19.46,21485.47,9.4,20.23,11055,52.45,52.0,0.007
2024-04-09T10:49:08.000,23.72,19.47,21483.89,9.4,20.23,11056,52.54,52.0,0.007
2024-04-09T10:50:08.000,23.73,19.48,21499.42,9.4,20.23,11057,52.63,52.0,0.007
2024-04-09T10:51:09.000,23.73,19.49,21487.47,9.4,20.23,11058,52.73,53.0,0.007
2024-04-09T10:52:09.000,23.72,19.47,21453.13,9.4,20.23,11059,52.81,53.0,0.007
2024-04-09T10:53:10.000,23.72,19.49,21480.04,9.4,20.23,11060,52.9,53.0,0.007
2024-04-09T10:54:10.000,23.72,19.49,21479.02,9.4,20.23,11061,52.99,53.0,0.007
2024-04-09T10:55:11.000,23.71,19.48,21480.73,9.4,20.23,11062,53.07,53.0,0.007
2024-04-09T10:56:11.000,23.71,19.47,21481.27,9.4,20.23,11063,53.16,53.0,0.007
2024-04-09T10:57:12.000,23.71,19.5,21483.04,9.4,20.23,11064,53.24,53.0,0.007
2024-04-09T10:58:12.000,23.72,19.5,21512.42,9.4,20.23,11065,53.32,53.0,0.007
2024-04-09T10:59:13.000,23.71,19.49,21506.49,9.4,20.23,11066,53.4,54.0,0.007
2024-04-09T11:00:13.000,23.72,19.5,21497.73,9.4,20.23,11067,53.48,54.0,0.007
2024-04-09T11:01:13.000,23.72,19.48,21485.0,9.4,20.23,11068,53.56,54.0,0.007
2024-04-09T11:02:14.000,23.72,19.49,21458.2,9.4,20.23,11069,53.63,54.0,0.007
2024-04-09T11:03:14.000,23.72,19.5,21466.6,9.4,20.23,11070,53.71,54.0,0.007
2024-04-09T11:04:15.000,23.72,19.5,21467.78,9.4,20.23,11071,53.78,54.0,0.007
2024-04-09T11:05:15.000,23.72,19.51,21472.45,9.4,20.23,11072,53.86,54.0,0.007
2024-04-09T11:06:16.000,23.72,19.52,21474.38,9.4,20.23,11073,53.93,54.0,0.007
2024-04-09T11:07:16.000,23.72,19.51,21459.11,9.4,20.23,11074,54.0,55.0,0.007
2024-04-09T11:08:17.000,23.73,19.51,21439.58,9.4,20.23,11075,54.07,55.0,0.007
2024-04-09T11:09:17.000,23.73,19.52,21441.73,9.4,20.23,11076,54.14,55.0,0.007
2024-04-09T11:10:18.000,23.73,19.53,21439.71,9.4,20.23,11077,54.21,55.0,0.007
2024-04-09T11:11:18.000,23.73,19.53,21457.2,9.4,20.23,11078,54.27,55.0,0.007
2024-04-09T11:12:19.000,23.74,19.52,21451.04,9.4,20.23,11079,54.34,55.0,0.007
2024-04-09T11:13:19.000,23.74,19.54,21463.09,9.4,20.23,11080,54.4,55.0,0.007
2024-04-09T11:14:19.000,23.75,19.54,21456.69,9.4,20.23,11081,54.46,55.0,0.007
2024-04-09T11:15:20.000,23.75,19.55,21447.02,9.4,20.23,11082,54.52,55.0,0.007
2024-04-09T11:16:20.000,23.76,19.55,21418.51,9.4,20.23,11083,54.58,56.0,0.008
2024-04-09T11:17:21.000,23.77,19.55,21404.0,9.4,20.23,11084,54.64,56.0,0.008
2024-04-09T11:18:21.000,23.77,19.55,21397.49,9.4,20.23,11085,54.7,56.0,0.008
2024-04-09T11:19:22.000,23.76,19.56,21398.16,9.4,20.23,11086,54.75,56.0,0.008
2024-04-09T11:20:22.000,23.77,19.56,21405.76,9.4,20.23,11087,54.81,56.0,0.008
2024-04-09T11:21:23.000,23.77,19.56,21397.16,9.4,20.23,11088,54.86,56.0,0.008
2024-04-09T11:22:23.000,23.77,19.56,21376.73,9.41,20.23,11089,54.91,56.0,0.008
2024-04-09T11:23:24.000,23.77,19.58,21374.62,9.41,20.23,11090,54.96,56.0,0.008
2024-04-09T11:24:24.000,23.77,19.57,21377.47,9.41,20.23,11091,55.01,56.0,0.008
2024-04-09T11:25:25.000,23.78,19.58,21357.89,9.41,20.23,11092,55.06,57.0,0.008
2024-04-09T11:26:25.000,23.77,19.58,21354.13,9.41,20.23,11093,55.1,57.0,0.008
2024-04-09T11:27:25.000,23.78,19.58,21354.09,9.41,20.23,11094,55.15,57.0,0.008
2024-04-09T11:28:26.000,23.78,19.59,21356.13,9.41,20.23,11095,55.19,57.0,0.008
2024-04-09T11:29:26.000,23.79,19.59,21351.64,9.41,20.23,11096,55.23,57.0,0.008
2024-04-09T11:30:27.000,23.79,19.57,21331.45,9.41,20.23,11097,55.27,57.0,0.008
2024-04-09T11:31:27.000,23.79,19.58,21338.22,9.41,20.23,11098,55.31,57.0,0.008
2024-04-09T11:32:28.000,23.79,19.58,21323.36,9.41,20.23,11099,55.35,57.0,0.008
2024-04-09T11:33:28.000,23.79,19.59,21297.45,9.41,20.23,11100,55.39,57.0,0.008
2024-04-09T11:34:29.000,23.8,19.58,21292.2,9.41,20.23,11101,55.42,57.0,0.008
2024-04-09T11:35:29.000,23.8,19.58,21291.73,9.41,20.23,11102,55.46,58.0,0.008
2024-04-09T11:36:29.000,23.8,19.59,21289.55,9.41,20.23,11103,55.49,58.0,0.008
2024-04-09T11:37:30.000,23.8,19.6,21271.11,9.41,20.23,11104,55.52,58.0,0.008
2024-04-09T11:38:30.000,23.81,19.6,21249.42,9.41,20.23,11105,55.55,58.0,0.008
2024-04-09T11:39:31.000,23.81,19.6,21228.4,9.41,20.23,11106,55.58,58.0,0.008
2024-04-09T11:40:31.000,23.81,19.58,21206.64,9.41,20.23,11107,55.6,58.0,0.008
2024-04-09T11:41:32.000,23.81,19.58,21186.36,9.41,20.23,11108,55.63,58.0,0.008
2024-04-09T11:42:32.000,23.8,19.58,21155.49,9.42,20.23,11109,55.65,58.0,0.008
2024-04-09T11:43:33.000,23.8,19.59,21146.84,9.42,20.23,11110,55.68,58.0,0.008
2024-04-09T11:44:33.000,23.8,19.6,21127.82,9.42,20.23,11111,55.7,58.0,0.008
2024-04-09T11:45:34.000,23.8,19.6,21111.73,9.42,20.23,11112,55.72,58.0,0.008
2024-04-09T11:46:34.000,23.8,19.61,21103.36,9.42,20.23,11113,55.73,58.0,0.008
2024-04-09T11:47:34.000,23.8,19.61,21088.64,9.42,20.23,11114,55.75,59.0,0.008
2024-04-09T11:48:35.000,23.81,19.62,21070.69,9.42,20.23,11115,55.77,59.0,0.008
2024-04-09T11:49:35.000,23.81,19.62,21063.82,9.42,20.23,11116,55.78,59.0,0.008
2024-04-09T11:50:36.000,23.81,19.63,21053.0,9.42,20.23,11117,55.79,59.0,0.008
2024-04-09T11:51:36.000,23.81,19.62,21043.87,9.42,20.23,11118,55.8,59.0,0.008
2024-04-09T11:52:37.000,23.82,19.62,21032.58,9.42,20.23,11119,55.81,59.0,0.008
2024-04-09T11:53:37.000,23.82,19.63,21027.73,9.42,20.23,11120,55.82,59.0,0.008
2024-04-09T11:54:38.000,23.81,19.62,21032.49,9.42,20.23,11121,55.83,59.0,0.008
2024-04-09T11:55:38.000,23.81,19.61,21010.45,9.42,20.23,11122,55.83,59.0,0.008
2024-04-09T11:56:39.000,23.81,19.63,21011.13,9.42,20.23,11123,55.84,59.0,0.008
2024-04-09T11:57:39.000,23.81,19.63,21008.04,9.42,20.23,11124,55.84,59.0,0.008
