ecsv/stars612/stars612_2025-04.ecsv
# %ECSV 1.0
# ---
# datatype:
# - {name: time, datatype: string}
# - {name: Enclosure Temperature, unit: deg_C, datatype: float64}
# - {name: Sky Temperature, unit: deg_C, datatype: float64}
# - {name: Frequency, unit: Hz, datatype: float64}
# - {name: MSAS, unit: mag / arcsec2, datatype: float64}
# - {name: ZP, datatype: float64}
# - {name: Sequence Number, datatype: int64}
# - {name: Sun Alt, unit: deg, datatype: float64}
# - {name: Moon Alt, unit: deg, datatype: float64}
# - {name: Moon Illumination, datatype: float64}
# delimiter: ','
# meta: !!omap
# - ida:
#     Data supplier: {affiliation: Salvador Ribas, observer: Salvador Ribas}
#     Device type: TESS-W
#     Field of view: 17.0
#     Filters per channel: None
#     Instrument ID: stars612
#     License: ODbL 1.0 http://opendatacommons.org/licenses/odbl/summary/
#     Local timezone: Europe/Madrid
#     Location name: {country: Spain, place: "Centre d'Observaci\xF3 de l'Univers", region: Catalonia, sub_region: Noguera, town: "\xC0\
#         ger"}
#     Measurement direction per channel: {azimuth: 0.0, zenital: 0.0}
#     Moving / Fixed look direction: FIXED
#     Moving / Stationary position: STATIONARY
#     Number of channels: 1
#     Number of fields per line: 8
#     Number of header lines: 35
#     Position: {height: 0.0, latitude: 42.02459, longitude: 0.734797}
#     TESS MAC address: 98:F4:AB:B2:7C:40
#     TESS cover offset value: 0.0
#     TESS firmware version: '1.0'
#     TESS zero point: 20.23
#     Time Synchronization: timestamp added by MQTT subscriber
#     URL: http://www.darksky.org/NSBM/sdf1.0.pdf
# - __serialized_columns__:
#     Enclosure Temperature:
#       __class__: astropy.units.quantity.Quantity
#       unit: &id001 !astropy.units.Unit {unit: deg_C}
#       value: !astropy.table.SerializedColumn {name: Enclosure Temperature}
#     Frequency:
#       __class__: astropy.units.quantity.Quantity
#       unit: !astropy.units.Unit {unit: Hz}
#       value: !astropy.table.SerializedColumn {name: Frequency}
#     MSAS:
#       __class__: astropy.units.quantity.Quantity
#       unit: !astropy.units.Unit {unit: mag / arcsec2}
#       value: !astropy.table.SerializedColumn {name: MSAS}
#     Moon Alt:
#       __class__: astropy.units.quantity.Quantity
#       unit: &id002 !astropy.units.Unit {unit: deg}
#       value: !astropy.table.SerializedColumn {name: Moon Alt}
#     Sky Temperature:
#       __class__: astropy.units.quantity.Quantity
#       unit: *id001
#       value: !astropy.table.SerializedColumn {name: Sky Temperature}
#     Sun Alt:
#       __class__: astropy.units.quantity.Quantity
#       unit: *id002
#       value: !astropy.table.SerializedColumn {name: Sun Alt}
#     time:
#       __class__: astropy.time.core.Time
#       format: isot
#       in_subfmt: '*'
#       out_subfmt: '*'
#       precision: 3
#       scale: utc
#       value: !astropy.table.SerializedColumn {name: time}
# schema: astropy-2.0
time,Enclosure Temperature,Sky Temperature,Frequency,MSAS,ZP,Sequence Number,Sun Alt,Moon Alt,Moon Illumination
[from data line 7653]
2025-04-20T18:55:51.000,10.52,-3.85,24023.42,9.28,20.23,8799,-2.95,-70.0,0.53
2025-04-20T18:56:52.000,10.53,-3.86,20801.07,9.44,20.23,8800,-3.13,-70.0,0.53
2025-04-20T18:57:52.000,10.53,-3.65,17849.33,9.6,20.23,8801,-3.3,-70.0,0.53
2025-04-20T18:58:53.000,10.57,-3.45,15148.8,9.78,20.23,8802,-3.48,-70.0,0.53
2025-04-20T18:59:53.000,10.6,-3.32,12699.84,9.97,20.23,8803,-3.65,-70.0,0.53
2025-04-20T19:00:54.000,10.62,-3.21,10512.18,10.18,20.23,8804,-3.83,-70.0,0.53
2025-04-20T19:01:54.000,10.61,-3.34,8593.53,10.4,20.23,8805,-4.01,-69.0,0.53
2025-04-20T19:02:55.000,10.58,-3.24,7007.91,10.62,20.23,8806,-4.18,-69.0,0.53
2025-04-20T19:03:55.000,10.58,-3.13,5744.13,10.83,20.23,8807,-4.36,-69.0,0.53
2025-04-20T19:04:56.000,10.58,-3.08,4706.0,11.05,20.23,8808,-4.54,-69.0,0.53
2025-04-20T19:05:56.000,10.58,-3.02,3826.67,11.27,20.23,8809,-4.71,-69.0,0.529
2025-04-20T19:06:57.000,10.58,-2.98,3085.89,11.51,20.23,8810,-4.89,-69.0,0.529
2025-04-20T19:07:57.000,10.56,-2.9,2477.22,11.75,20.23,8811,-5.06,-69.0,0.529
2025-04-20T19:08:58.000,10.56,-2.88,1989.44,11.99,20.23,8812,-5.24,-69.0,0.529
2025-04-20T19:09:58.000,10.58,-2.9,1597.13,12.22,20.23,8813,-5.41,-69.0,0.529
2025-04-20T19:10:59.000,10.61,-2.76,1291.56,12.45,20.23,8814,-5.58,-68.0,0.529
2025-04-20T19:11:59.000,10.6,-3.08,1066.96,12.66,20.23,8815,-5.76,-68.0,0.529
2025-04-20T19:12:59.000,10.61,-3.2,900.16,12.85,20.23,8816,-5.93,-68.0,0.529
2025-04-20T19:14:00.000,10.6,-3.62,769.78,13.02,20.23,8817,-6.1,-68.0,0.529
2025-04-20T19:15:01.000,10.58,-3.98,666.2,13.17,20.23,8818,-6.28,-68.0,0.529
2025-04-20T19:16:01.000,10.6,-4.45,579.96,13.32,20.23,8819,-6.45,-68.0,0.529
2025-04-20T19:17:02.000,10.58,-5.22,499.04,13.49,20.23,8820,-6.63,-68.0,0.529
2025-04-20T19:18:02.000,10.56,-5.97,412.24,13.69,20.23,8821,-6.8,-67.0,0.529
2025-04-20T19:19:03.000,10.52,-6.89,322.18,13.96,20.23,8822,-6.97,-67.0,0.528
2025-04-20T19:20:03.000,10.46,-7.88,245.93,14.26,20.23,8823,-7.14,-67.0,0.528
2025-04-20T19:21:03.000,10.45,-8.68,185.21,14.56,20.23,8824,-7.31,-67.0,0.528
2025-04-20T19:22:04.000,10.42,-9.76,136.27,14.9,20.23,8825,-7.49,-67.0,0.528
2025-04-20T19:23:04.000,10.37,-10.92,101.02,15.22,20.23,8826,-7.66,-67.0,0.528
2025-04-20T19:24:04.000,10.29,-11.85,76.0,15.53,20.23,8827,-7.83,-67.0,0.528
2025-04-20T19:25:04.000,10.21,-12.9,58.66,15.81,20.23,8828,-8.0,-67.0,0.528
2025-04-20T19:26:04.000,10.14,-13.76,46.37,16.07,20.23,8829,-8.17,-66.0,0.528
2025-04-20T19:27:04.000,10.07,-14.46,38.71,16.26,20.23,8830,-8.34,-66.0,0.528
2025-04-20T19:28:04.000,10.03,-14.94,31.45,16.49,20.23,8831,-8.5,-66.0,0.528
2025-04-20T19:29:04.000,10.01,-15.6,24.93,16.74,20.23,8832,-8.67,-66.0,0.528
2025-04-20T19:30:05.000,10.09,-15.93,20.03,16.98,20.23,8833,-8.84,-66.0,0.528
2025-04-20T19:31:05.000,10.13,-16.12,16.49,17.19,20.23,8834,-9.01,-66.0,0.528
2025-04-20T19:32:05.000,10.07,-16.39,13.75,17.39,20.23,8835,-9.18,-66.0,0.528
2025-04-20T19:33:05.000,10.01,-16.45,11.56,17.57,20.23,8836,-9.35,-65.0,0.527
2025-04-20T19:34:05.000,10.06,-16.55,10.0,17.73,20.23,8837,-9.52,-65.0,0.527
2025-04-20T19:35:05.000,10.07,-16.44,8.58,17.9,20.23,8838,-9.68,-65.0,0.527
2025-04-20T19:36:05.000,10.01,-16.46,7.55,18.04,20.23,8839,-9.85,-65.0,0.527
2025-04-20T19:37:06.000,10.04,-16.32,6.77,18.16,20.23,8840,-10.02,-65.0,0.527
2025-04-20T19:38:06.000,10.08,-16.15,6.01,18.28,20.23,8841,-10.19,-65.0,0.527
2025-04-20T19:39:06.000,10.05,-15.95,5.5,18.38,20.23,8842,-10.35,-65.0,0.527
2025-04-20T19:40:06.000,10.03,-15.63,4.97,18.49,20.23,8843,-10.52,-64.0,0.527
2025-04-20T19:41:06.000,10.0,-15.41,4.53,18.59,20.23,8844,-10.69,-64.0,0.527
2025-04-20T19:42:06.000,10.05,-15.33,4.04,18.72,20.23,8845,-10.85,-64.0,0.527
2025-04-20T19:43:06.000,10.1,-14.99,3.35,18.92,20.23,8846,-11.02,-64.0,0.527
2025-04-20T19:44:07.000,10.08,-14.75,2.75,19.13,20.23,8847,-11.18,-64.0,0.527
2025-04-20T19:45:07.000,10.06,-14.4,2.33,19.31,20.23,8848,-11.35,-64.0,0.527
2025-04-20T19:46:07.000,10.02,-14.14,2.03,19.46,20.23,8849,-11.51,-63.0,0.527
2025-04-20T19:47:07.000,10.04,-13.73,1.81,19.59,20.23,8850,-11.68,-63.0,0.526
2025-04-20T19:48:07.000,10.04,-13.39,1.65,19.69,20.23,8851,-11.84,-63.0,0.526
2025-04-20T19:49:07.000,10.05,-12.83,1.52,19.77,20.23,8852,-12.0,-63.0,0.526
2025-04-20T19:50:07.000,10.05,-12.26,1.41,19.86,20.23,8853,-12.17,-63.0,0.526
2025-04-20T19:51:07.000,10.02,-11.72,1.29,19.95,20.23,8854,-12.33,-63.0,0.526
2025-04-20T19:52:08.000,10.02,-11.11,1.19,20.04,20.23,8855,-12.5,-63.0,0.526
2025-04-20T19:53:08.000,10.08,-10.59,1.09,20.14,20.23,8856,-12.66,-62.0,0.526
2025-04-20T19:54:08.000,10.11,-10.1,1.01,20.22,20.23,8857,-12.82,-62.0,0.526
2025-04-20T19:55:08.000,10.11,-9.77,0.94,20.3,20.23,8858,-12.98,-62.0,0.526
2025-04-20T19:56:08.000,10.1,-9.63,0.87,20.38,20.23,8859,-13.14,-62.0,0.526
2025-04-20T19:57:08.000,10.05,-9.53,0.83,20.44,20.23,8860,-13.31,-62.0,0.526
2025-04-20T19:58:09.000,10.05,-9.32,0.79,20.48,20.23,8861,-13.47,-62.0,0.526
2025-04-20T19:59:09.000,10.02,-9.22,0.77,20.52,20.23,8862,-13.63,-61.0,0.526
2025-04-20T20:00:09.000,10.04,-9.18,0.74,20.56,20.23,8863,-13.79,-61.0,0.526
2025-04-20T20:01:09.000,10.07,-9.14,0.7,20.61,20.23,8864,-13.95,-61.0,0.525
2025-04-20T20:02:09.000,10.04,-9.14,0.68,20.65,20.23,8865,-14.11,-61.0,0.525
2025-04-20T20:03:09.000,10.04,-9.09,0.66,20.68,20.23,8866,-14.27,-61.0,0.525
2025-04-20T20:04:09.000,10.06,-8.93,0.65,20.7,20.23,8867,-14.43,-61.0,0.525
2025-04-20T20:05:09.000,10.05,-8.96,0.64,20.71,20.23,8868,-14.59,-60.0,0.525
2025-04-20T20:06:09.000,10.04,-8.92,0.61,20.76,20.23,8869,-14.75,-60.0,0.525
2025-04-20T20:07:10.000,10.04,-8.88,0.59,20.81,20.23,8870,-14.91,-60.0,0.525
2025-04-20T20:08:10.000,10.02,-8.88,0.57,20.83,20.23,8871,-15.06,-60.0,0.525
2025-04-20T20:09:10.000,10.04,-8.8,0.56,20.86,20.23,8872,-15.22,-60.0,0.525
2025-04-20T20:10:10.000,10.07,-8.73,0.55,20.88,20.23,8873,-15.38,-60.0,0.525
2025-04-20T20:11:10.000,10.05,-8.71,0.54,20.9,20.23,8874,-15.53,-59.0,0.525
2025-04-20T20:12:10.000,10.08,-8.52,0.53,20.91,20.23,8875,-15.69,-59.0,0.525
2025-04-20T20:13:10.000,10.11,-8.29,0.54,20.9,20.23,8876,-15.85,-59.0,0.525
2025-04-20T20:14:10.000,10.15,-7.95,0.55,20.88,20.23,8877,-16.0,-59.0,0.525
2025-04-20T20:15:10.000,10.18,-7.49,0.58,20.82,20.23,8878,-16.16,-59.0,0.524
2025-04-20T20:16:10.000,10.21,-7.05,0.6,20.78,20.23,8879,-16.31,-59.0,0.524
2025-04-20T20:17:11.000,10.21,-6.73,0.61,20.77,20.23,8880,-16.47,-59.0,0.524
2025-04-20T20:18:11.000,10.21,-6.53,0.61,20.78,20.23,8881,-16.62,-58.0,0.524
2025-04-20T20:19:11.000,10.19,-6.56,0.6,20.79,20.23,8882,-16.78,-58.0,0.524
2025-04-20T20:20:11.000,10.16,-6.73,0.58,20.82,20.23,8883,-16.93,-58.0,0.524
2025-04-20T20:21:11.000,10.16,-6.85,0.56,20.85,20.23,8884,-17.09,-58.0,0.524
2025-04-20T20:22:11.000,10.12,-7.03,0.54,20.9,20.23,8885,-17.24,-58.0,0.524
2025-04-20T20:23:11.000,10.12,-7.06,0.53,20.93,20.23,8886,-17.39,-58.0,0.524
2025-04-20T20:24:11.000,10.09,-7.24,0.52,20.94,20.23,8887,-17.54,-57.0,0.524
2025-04-20T20:25:11.000,10.05,-7.78,0.51,20.95,20.23,8888,-17.69,-57.0,0.524
2025-04-20T20:26:12.000,10.01,-8.03,0.51,20.97,20.23,8889,-17.85,-57.0,0.524
2025-04-20T20:27:12.000,10.06,-8.27,0.5,20.97,20.23,8890,-18.0,-57.0,0.524
2025-04-20T20:28:12.000,10.1,-8.47,0.5,20.98,20.23,8891,-18.15,-57.0,0.524
2025-04-20T20:29:12.000,10.09,-8.76,0.5,20.99,20.23,8892,-18.3,-56.0,0.523
2025-04-20T20:30:12.000,10.06,-8.92,0.49,21.0,20.23,8893,-18.45,-56.0,0.523
2025-04-20T20:31:12.000,10.06,-9.06,0.5,20.99,20.23,8894,-18.6,-56.0,0.523
2025-04-20T20:32:12.000,10.07,-9.02,0.52,20.94,20.23,8895,-18.75,-56.0,0.523
2025-04-20T20:33:12.000,10.07,-8.92,0.54,20.89,20.23,8896,-18.9,-56.0,0.523
2025-04-20T20:34:12.000,10.03,-8.85,0.57,20.84,20.23,8897,-19.05,-56.0,0.523
2025-04-20T20:35:12.000,10.01,-8.63,0.58,20.82,20.23,8898,-19.19,-55.0,0.523
2025-04-20T20:36:13.000,10.14,-8.16,0.59,20.81,20.23,8899,-19.34,-55.0,0.523
2025-04-20T20:37:13.000,10.21,-7.7,0.58,20.82,20.23,8900,-19.49,-55.0,0.523
2025-04-20T20:38:13.000,10.23,-7.46,0.57,20.84,20.23,8901,-19.64,-55.0,0.523
2025-04-20T20:39:13.000,10.2,-7.3,0.56,20.86,20.23,8902,-19.78,-55.0,0.523
2025-04-20T20:40:13.000,10.18,-7.2,0.55,20.87,20.23,8903,-19.93,-55.0,0.523
2025-04-20T20:41:13.000,10.16,-7.11,0.55,20.89,20.23,8904,-20.07,-54.0,0.523
2025-04-20T20:42:13.000,10.15,-7.24,0.53,20.92,20.23,8905,-20.22,-54.0,0.523
2025-04-20T20:43:13.000,10.14,-7.41,0.51,20.96,20.23,8906,-20.36,-54.0,0.522
2025-04-20T20:44:13.000,10.1,-7.59,0.5,20.97,20.23,8907,-20.51,-54.0,0.522
2025-04-20T20:45:13.000,10.11,-7.75,0.5,20.98,20.23,8908,-20.65,-54.0,0.522
2025-04-20T20:46:13.000,10.09,-7.97,0.5,20.99,20.23,8909,-20.79,-54.0,0.522
2025-04-20T20:47:13.000,10.06,-8.28,0.49,21.01,20.23,8910,-20.94,-53.0,0.522
2025-04-20T20:48:14.000,10.03,-8.56,0.49,21.01,20.23,8911,-21.08,-53.0,0.522
2025-04-20T20:49:14.000,10.05,-8.9,0.48,21.03,20.23,8912,-21.22,-53.0,0.522
2025-04-20T20:50:14.000,10.02,-9.14,0.47,21.04,20.23,8913,-21.36,-53.0,0.522
2025-04-20T20:51:14.000,10.07,-9.12,0.47,21.05,20.23,8914,-21.51,-53.0,0.522
2025-04-20T20:52:14.000,10.1,-9.23,0.47,21.05,20.23,8915,-21.65,-53.0,0.522
2025-04-20T20:53:14.000,10.08,-9.66,0.47,21.06,20.23,8916,-21.79,-52.0,0.522
2025-04-20T20:54:14.000,10.06,-9.93,0.46,21.07,20.23,8917,-21.93,-52.0,0.522
2025-04-20T20:55:14.000,10.04,-10.21,0.46,21.08,20.23,8918,-22.06,-52.0,0.522
2025-04-20T20:56:14.000,10.03,-10.56,0.45,21.09,20.23,8919,-22.2,-52.0,0.521
2025-04-20T20:57:14.000,10.05,-10.87,0.45,21.11,20.23,8920,-22.34,-52.0,0.521
2025-04-20T20:58:15.000,10.1,-11.06,0.44,21.11,20.23,8921,-22.48,-52.0,0.521
2025-04-20T20:59:15.000,10.13,-11.26,0.44,21.12,20.23,8922,-22.62,-51.0,0.521
2025-04-20T21:00:15.000,10.16,-11.45,0.44,21.12,20.23,8923,-22.76,-51.0,0.521
2025-04-20T21:01:15.000,10.16,-11.75,0.44,21.13,20.23,8924,-22.89,-51.0,0.521
2025-04-20T21:02:15.000,10.13,-12.15,0.44,21.12,20.23,8925,-23.03,-51.0,0.521
2025-04-20T21:03:15.000,10.09,-12.4,0.43,21.14,20.23,8926,-23.16,-51.0,0.521
2025-04-20T21:04:15.000,10.06,-12.79,0.42,21.17,20.23,8927,-23.3,-50.0,0.521
2025-04-20T21:05:15.000,10.04,-13.05,0.42,21.18,20.23,8928,-23.43,-50.0,0.521
2025-04-20T21:06:15.000,10.0,-13.31,0.41,21.19,20.23,8929,-23.57,-50.0,0.521
2025-04-20T21:07:15.000,10.06,-13.53,0.41,21.2,20.23,8930,-23.7,-50.0,0.521
2025-04-20T21:08:15.000,10.13,-13.68,0.41,21.21,20.23,8931,-23.83,-50.0,0.521
2025-04-20T21:09:16.000,10.1,-13.75,0.4,21.22,20.23,8932,-23.97,-50.0,0.521
2025-04-20T21:10:16.000,10.07,-13.77,0.4,21.23,20.23,8933,-24.1,-49.0,0.52
2025-04-20T21:11:16.000,10.03,-13.86,0.4,21.23,20.23,8934,-24.23,-49.0,0.52
2025-04-20T21:12:16.000,10.0,-13.99,0.39,21.24,20.23,8935,-24.36,-49.0,0.52
2025-04-20T21:13:16.000,10.06,-14.2,0.4,21.24,20.23,8936,-24.49,-49.0,0.52
2025-04-20T21:14:17.000,10.13,-14.25,0.4,21.23,20.23,8937,-24.62,-49.0,0.52
2025-04-20T21:15:17.000,10.12,-14.41,0.4,21.22,20.23,8938,-24.75,-49.0,0.52
2025-04-20T21:16:17.000,10.11,-14.64,0.39,21.24,20.23,8939,-24.88,-48.0,0.52
2025-04-20T21:17:17.000,10.06,-14.91,0.38,21.27,20.23,8940,-25.01,-48.0,0.52
2025-04-20T21:18:17.000,10.03,-15.18,0.38,21.28,20.23,8941,-25.13,-48.0,0.52
2025-04-20T21:19:17.000,10.01,-15.49,0.37,21.3,20.23,8942,-25.26,-48.0,0.52
2025-04-20T21:20:17.000,10.08,-15.7,0.37,21.3,20.23,8943,-25.39,-48.0,0.52
2025-04-20T21:21:17.000,10.13,-15.85,0.37,21.3,20.23,8944,-25.51,-47.0,0.52
2025-04-20T21:22:18.000,10.12,-16.01,0.37,21.3,20.23,8945,-25.64,-47.0,0.52
2025-04-20T21:23:18.000,10.06,-16.16,0.37,21.3,20.23,8946,-25.77,-47.0,0.52
2025-04-20T21:24:18.000,10.01,-16.27,0.38,21.29,20.23,8947,-25.89,-47.0,0.519
2025-04-20T21:25:18.000,10.06,-16.34,0.37,21.3,20.23,8948,-26.01,-47.0,0.519
2025-04-20T21:26:18.000,10.06,-16.31,0.37,21.31,20.23,8949,-26.14,-47.0,0.519
2025-04-20T21:27:18.000,10.02,-16.31,0.37,21.31,20.23,8950,-26.26,-46.0,0.519
2025-04-20T21:28:18.000,10.02,-16.41,0.37,21.31,20.23,8951,-26.38,-46.0,0.519
2025-04-20T21:29:18.000,10.15,-16.47,0.37,21.31,20.23,8952,-26.5,-46.0,0.519
2025-04-20T21:30:18.000,10.18,-16.44,0.37,21.31,20.23,8953,-26.62,-46.0,0.519
2025-04-20T21:31:18.000,10.14,-16.22,0.37,21.3,20.23,8954,-26.74,-46.0,0.519
2025-04-20T21:32:18.000,10.07,-15.97,0.37,21.3,20.23,8955,-26.86,-46.0,0.519
2025-04-20T21:33:19.000,10.02,-15.77,0.38,21.29,20.23,8956,-26.98,-45.0,0.519
2025-04-20T21:34:19.000,10.0,-15.69,0.38,21.28,20.23,8957,-27.1,-45.0,0.519
2025-04-20T21:35:19.000,10.13,-15.49,0.38,21.29,20.23,8958,-27.22,-45.0,0.519
2025-04-20T21:36:19.000,10.21,-15.09,0.38,21.28,20.23,8959,-27.34,-45.0,0.519
2025-04-20T21:37:19.000,10.2,-14.56,0.38,21.27,20.23,8960,-27.45,-45.0,0.519
2025-04-20T21:38:19.000,10.13,-14.23,0.4,21.23,20.23,8961,-27.57,-44.0,0.518
2025-04-20T21:39:19.000,10.07,-13.84,0.42,21.18,20.23,8962,-27.68,-44.0,0.518
2025-04-20T21:40:19.000,10.04,-13.7,0.41,21.19,20.23,8963,-27.8,-44.0,0.518
2025-04-20T21:41:19.000,9.98,-13.84,0.41,21.2,20.23,8964,-27.91,-44.0,0.518
2025-04-20T21:42:19.000,10.13,-13.81,0.43,21.16,20.23,8965,-28.03,-44.0,0.518
2025-04-20T21:43:19.000,10.3,-13.84,0.44,21.12,20.23,8966,-28.14,-44.0,0.518
2025-04-20T21:44:20.000,10.33,-14.06,0.41,21.19,20.23,8967,-28.25,-43.0,0.518
2025-04-20T21:45:20.000,10.24,-14.27,0.4,21.23,20.23,8968,-28.36,-43.0,0.518
2025-04-20T21:46:20.000,10.19,-14.48,0.38,21.27,20.23,8969,-28.47,-43.0,0.518
2025-04-20T21:47:20.000,10.11,-14.55,0.38,21.27,20.23,8970,-28.58,-43.0,0.518
2025-04-20T21:48:20.000,10.04,-14.82,0.38,21.28,20.23,8971,-28.69,-43.0,0.518
2025-04-20T21:49:20.000,9.99,-15.14,0.38,21.28,20.23,8972,-28.8,-42.0,0.518
2025-04-20T21:50:20.000,10.12,-15.3,0.38,21.28,20.23,8973,-28.91,-42.0,0.518
2025-04-20T21:51:20.000,10.19,-15.42,0.38,21.29,20.23,8974,-29.02,-42.0,0.518
2025-04-20T21:52:20.000,10.18,-15.6,0.38,21.29,20.23,8975,-29.13,-42.0,0.517
2025-04-20T21:53:20.000,10.16,-15.55,0.37,21.3,20.23,8976,-29.23,-42.0,0.517
2025-04-20T21:54:21.000,10.1,-15.69,0.37,21.3,20.23,8977,-29.34,-42.0,0.517
2025-04-20T21:55:21.000,10.04,-15.78,0.37,21.31,20.23,8978,-29.44,-41.0,0.517
2025-04-20T21:56:21.000,10.01,-15.62,0.37,21.31,20.23,8979,-29.55,-41.0,0.517
2025-04-20T21:57:21.000,10.02,-15.65,0.37,21.32,20.23,8980,-29.65,-41.0,0.517
2025-04-20T21:58:21.000,10.1,-15.39,0.36,21.33,20.23,8981,-29.75,-41.0,0.517
2025-04-20T21:59:21.000,10.1,-15.22,0.36,21.33,20.23,8982,-29.86,-41.0,0.517
2025-04-20T22:00:21.000,10.05,-15.11,0.36,21.33,20.23,8983,-29.96,-41.0,0.517
2025-04-20T22:01:21.000,10.02,-14.84,0.36,21.33,20.23,8984,-30.06,-40.0,0.517
2025-04-20T22:02:21.000,10.04,-14.34,0.36,21.33,20.23,8985,-30.16,-40.0,0.517
2025-04-20T22:03:21.000,10.1,-13.68,0.37,21.32,20.23,8986,-30.26,-40.0,0.517
2025-04-20T22:04:21.000,10.13,-12.82,0.37,21.3,20.23,8987,-30.36,-40.0,0.517
2025-04-20T22:05:22.000,10.18,-11.98,0.38,21.28,20.23,8988,-30.46,-40.0,0.517
2025-04-20T22:06:22.000,10.22,-11.34,0.38,21.27,20.23,8989,-30.55,-39.0,0.516
2025-04-20T22:07:22.000,10.22,-10.53,0.4,21.23,20.23,8990,-30.65,-39.0,0.516
2025-04-20T22:08:22.000,10.23,-9.73,0.42,21.18,20.23,8991,-30.75,-39.0,0.516
2025-04-20T22:09:22.000,10.25,-8.91,0.44,21.13,20.23,8992,-30.84,-39.0,0.516
2025-04-20T22:10:22.000,10.26,-7.98,0.46,21.08,20.23,8993,-30.94,-39.0,0.516
2025-04-20T22:11:22.000,10.31,-7.12,0.46,21.07,20.23,8994,-31.03,-39.0,0.516
2025-04-20T22:12:22.000,10.32,-6.5,0.47,21.06,20.23,8995,-31.12,-38.0,0.516
2025-04-20T22:13:22.000,10.34,-6.23,0.47,21.04,20.23,8996,-31.21,-38.0,0.516
2025-04-20T22:14:22.000,10.37,-6.32,0.47,21.04,20.23,8997,-31.3,-38.0,0.516
2025-04-20T22:15:23.000,10.34,-6.92,0.46,21.07,20.23,8998,-31.4,-38.0,0.516
2025-04-20T22:16:23.000,10.24,-7.95,0.44,21.11,20.23,8999,-31.49,-38.0,0.516
2025-04-20T22:17:23.000,10.15,-8.98,0.43,21.14,20.23,9000,-31.58,-37.0,0.516
2025-04-20T22:18:23.000,10.06,-9.91,0.43,21.16,20.23,9001,-31.66,-37.0,0.516
2025-04-20T22:19:23.000,9.91,-11.21,0.41,21.19,20.23,9002,-31.75,-37.0,0.515
2025-04-20T22:20:23.000,9.99,-12.27,0.41,21.19,20.23,9003,-31.84,-37.0,0.515
2025-04-20T22:21:23.000,10.19,-12.84,0.41,21.21,20.23,9004,-31.92,-37.0,0.515
