ecsv/stars612/stars612_2025-04.ecsv
# %ECSV 1.0
# ---
# datatype:
# - {name: time, datatype: string}
# - {name: Enclosure Temperature, unit: deg_C, datatype: float64}
# - {name: Sky Temperature, unit: deg_C, datatype: float64}
# - {name: Frequency, unit: Hz, datatype: float64}
# - {name: MSAS, unit: mag / arcsec2, datatype: float64}
# - {name: ZP, datatype: float64}
# - {name: Sequence Number, datatype: int64}
# - {name: Sun Alt, unit: deg, datatype: float64}
# - {name: Moon Alt, unit: deg, datatype: float64}
# - {name: Moon Illumination, datatype: float64}
# delimiter: ','
# meta: !!omap
# - ida:
#     Data supplier: {affiliation: Salvador Ribas, observer: Salvador Ribas}
#     Device type: TESS-W
#     Field of view: 17.0
#     Filters per channel: None
#     Instrument ID: stars612
#     License: ODbL 1.0 http://opendatacommons.org/licenses/odbl/summary/
#     Local timezone: Europe/Madrid
#     Location name: {country: Spain, place: "Centre d'Observaci\xF3 de l'Univers", region: Catalonia, sub_region: Noguera, town: "\xC0\
#         ger"}
#     Measurement direction per channel: {azimuth: 0.0, zenital: 0.0}
#     Moving / Fixed look direction: FIXED
#     Moving / Stationary position: STATIONARY
#     Number of channels: 1
#     Number of fields per line: 8
#     Number of header lines: 35
#     Position: {height: 0.0, latitude: 42.02459, longitude: 0.734797}
#     TESS MAC address: 98:F4:AB:B2:7C:40
#     TESS cover offset value: 0.0
#     TESS firmware version: '1.0'
#     TESS zero point: 20.23
#     Time Synchronization: timestamp added by MQTT subscriber
#     URL: http://www.darksky.org/NSBM/sdf1.0.pdf
# - __serialized_columns__:
#     Enclosure Temperature:
#       __class__: astropy.units.quantity.Quantity
#       unit: &id001 !astropy.units.Unit {unit: deg_C}
#       value: !astropy.table.SerializedColumn {name: Enclosure Temperature}
#     Frequency:
#       __class__: astropy.units.quantity.Quantity
#       unit: !astropy.units.Unit {unit: Hz}
#       value: !astropy.table.SerializedColumn {name: Frequency}
#     MSAS:
#       __class__: astropy.units.quantity.Quantity
#       unit: !astropy.units.Unit {unit: mag / arcsec2}
#       value: !astropy.table.SerializedColumn {name: MSAS}
#     Moon Alt:
#       __class__: astropy.units.quantity.Quantity
#       unit: &id002 !astropy.units.Unit {unit: deg}
#       value: !astropy.table.SerializedColumn {name: Moon Alt}
#     Sky Temperature:
#       __class__: astropy.units.quantity.Quantity
#       unit: *id001
#       value: !astropy.table.SerializedColumn {name: Sky Temperature}
#     Sun Alt:
#       __class__: astropy.units.quantity.Quantity
#       unit: *id002
#       value: !astropy.table.SerializedColumn {name: Sun Alt}
#     time:
#       __class__: astropy.time.core.Time
#       format: isot
#       in_subfmt: '*'
#       out_subfmt: '*'
#       precision: 3
#       scale: utc
#       value: !astropy.table.SerializedColumn {name: time}
# schema: astropy-2.0
time,Enclosure Temperature,Sky Temperature,Frequency,MSAS,ZP,Sequence Number,Sun Alt,Moon Alt,Moon Illumination
[from data line 2976]
2025-04-13T04:50:45.000,11.43,-0.69,548.78,13.38,20.23,5164,-6.01,4.0,0.999
2025-04-13T04:51:46.000,11.45,-0.42,681.44,13.15,20.23,5165,-5.83,3.0,0.999
2025-04-13T04:52:46.000,11.42,-0.43,819.47,12.95,20.23,5166,-5.65,3.0,0.999
2025-04-13T04:53:47.000,11.43,-0.72,982.09,12.75,20.23,5167,-5.47,3.0,0.999
2025-04-13T04:54:47.000,11.41,-1.01,1192.16,12.54,20.23,5168,-5.29,3.0,0.999
2025-04-13T04:55:48.000,11.38,-1.53,1459.53,12.32,20.23,5169,-5.11,3.0,0.999
2025-04-13T04:56:48.000,11.35,-1.96,1798.44,12.09,20.23,5170,-4.93,3.0,0.999
2025-04-13T04:57:49.000,11.3,-2.41,2227.38,11.86,20.23,5171,-4.75,2.0,0.999
2025-04-13T04:58:49.000,11.29,-2.8,2779.07,11.62,20.23,5172,-4.57,2.0,0.999
2025-04-13T04:59:50.000,11.27,-3.37,3482.4,11.38,20.23,5173,-4.39,2.0,0.999
2025-04-13T05:00:50.000,11.24,-4.05,4337.56,11.14,20.23,5174,-4.22,2.0,0.999
2025-04-13T05:01:50.000,11.21,-4.52,5311.91,10.92,20.23,5175,-4.04,2.0,0.999
2025-04-13T05:02:51.000,11.19,-5.02,6506.02,10.7,20.23,5176,-3.85,2.0,0.999
2025-04-13T05:03:51.000,11.13,-5.58,8018.38,10.47,20.23,5177,-3.68,1.0,0.999
2025-04-13T05:04:52.000,11.03,-6.0,9885.64,10.24,20.23,5178,-3.49,1.0,0.999
2025-04-13T05:05:52.000,10.94,-6.61,12065.11,10.03,20.23,5179,-3.31,1.0,0.999
2025-04-13T05:06:53.000,10.88,-7.0,14625.33,9.82,20.23,5180,-3.13,1.0,0.999
2025-04-13T05:07:53.000,10.83,-7.55,17569.8,9.62,20.23,5181,-2.95,1.0,0.999
2025-04-13T05:08:54.000,10.8,-8.06,20774.58,9.44,20.23,5182,-2.77,1.0,0.999
2025-04-13T05:09:54.000,10.75,-7.45,24597.38,9.33,20.23,5183,-2.59,0.0,0.999
2025-04-13T05:10:54.000,10.67,-8.29,28754.45,9.08,20.23,5184,-2.41,0.0,0.999
2025-04-13T05:11:55.000,10.6,-8.9,33394.11,8.92,20.23,5185,-2.23,-0.0,0.999
2025-04-13T05:12:55.000,10.52,-9.72,38349.18,8.77,20.23,5186,-2.05,-0.0,0.999
2025-04-13T05:13:56.000,10.44,-9.73,43163.58,8.64,20.23,5187,-1.86,-0.0,0.999
2025-04-13T05:14:56.000,10.39,-10.72,47909.73,8.53,20.23,5188,-1.68,-1.0,0.999
2025-04-13T05:15:57.000,10.34,-12.03,52797.91,8.42,20.23,5189,-1.5,-1.0,0.999
2025-04-13T05:16:57.000,10.28,-12.41,59166.27,8.3,20.23,5190,-1.32,-1.0,0.999
2025-04-13T05:17:58.000,10.2,-12.14,50946.0,0.55,20.23,5191,-1.14,-1.0,0.999
2025-04-13T05:18:58.000,10.14,-12.49,50000.0,0.0,20.23,5192,-0.96,-1.0,0.999
2025-04-13T05:19:58.000,10.07,-12.57,50000.0,0.0,20.23,5193,-0.77,-1.0,0.999
2025-04-13T05:20:59.000,9.98,-12.53,50000.0,0.0,20.23,5194,-0.59,-2.0,0.999
2025-04-13T05:43:03.000,9.37,-12.44,50000.0,0.0,20.23,5216,3.44,-6.0,0.999
2025-04-13T05:44:03.000,9.35,-12.44,50000.0,0.0,20.23,5217,3.62,-6.0,0.999
2025-04-13T05:45:03.000,9.31,-12.38,50000.0,0.0,20.23,5218,3.8,-6.0,0.999
2025-04-13T05:46:03.000,9.31,-12.3,49731.29,0.09,20.23,5219,3.99,-6.0,0.999
2025-04-13T05:47:03.000,9.35,-12.29,50000.0,0.0,20.23,5220,4.17,-6.0,0.999
2025-04-13T05:48:04.000,9.39,-12.36,50000.0,0.0,20.23,5221,4.36,-6.0,0.999
2025-04-13T05:49:04.000,9.39,-12.44,50000.0,0.0,20.23,5222,4.54,-7.0,0.999
2025-04-13T18:35:47.000,12.01,3.7,50000.0,0.0,20.23,5987,-0.77,-9.0,0.994
2025-04-13T18:36:47.000,11.96,3.65,50000.0,0.0,20.23,5988,-0.95,-9.0,0.994
2025-04-13T18:37:48.000,11.97,3.96,50000.0,0.0,20.23,5989,-1.14,-9.0,0.994
2025-04-13T18:38:48.000,12.02,3.99,52216.4,1.28,20.23,5990,-1.32,-8.0,0.994
2025-04-13T18:39:48.000,12.05,4.07,59025.75,8.3,20.23,5991,-1.5,-8.0,0.994
2025-04-13T18:40:49.000,12.07,3.98,50953.02,8.46,20.23,5992,-1.68,-8.0,0.994
2025-04-13T18:41:49.000,12.07,3.94,43931.6,8.62,20.23,5993,-1.86,-8.0,0.994
2025-04-13T18:42:50.000,12.05,3.73,38014.69,8.78,20.23,5994,-2.04,-8.0,0.994
2025-04-13T18:43:50.000,11.98,3.25,32582.87,9.11,20.23,5995,-2.22,-7.0,0.994
2025-04-13T18:44:51.000,11.8,2.84,29567.18,9.05,20.23,5996,-2.41,-7.0,0.994
2025-04-13T18:45:51.000,11.67,2.58,26231.91,9.18,20.23,5997,-2.58,-7.0,0.994
2025-04-13T18:46:51.000,11.64,2.94,22996.22,9.33,20.23,5998,-2.76,-7.0,0.994
2025-04-13T18:47:52.000,11.64,2.84,19750.78,9.49,20.23,5999,-2.95,-7.0,0.994
2025-04-13T18:48:52.000,11.66,3.06,16501.04,9.69,20.23,6000,-3.12,-7.0,0.994
2025-04-13T18:49:53.000,11.66,3.12,13355.16,9.92,20.23,6001,-3.31,-6.0,0.994
2025-04-13T18:50:53.000,11.68,3.34,10551.73,10.17,20.23,6002,-3.48,-6.0,0.994
2025-04-13T18:51:54.000,11.6,3.15,8236.58,10.44,20.23,6003,-3.67,-6.0,0.994
2025-04-13T18:52:54.000,11.66,3.82,6356.8,10.72,20.23,6004,-3.84,-6.0,0.994
2025-04-13T18:53:55.000,11.72,3.75,4924.78,11.0,20.23,6005,-4.03,-6.0,0.994
2025-04-13T18:54:55.000,11.68,3.61,3869.29,11.26,20.23,6006,-4.2,-6.0,0.994
2025-04-13T18:55:56.000,11.72,4.02,3037.76,11.53,20.23,6007,-4.38,-5.0,0.994
2025-04-13T18:56:56.000,11.78,4.11,2381.71,11.79,20.23,6008,-4.56,-5.0,0.994
2025-04-13T18:57:56.000,11.83,4.04,1878.96,12.05,20.23,6009,-4.74,-5.0,0.994
2025-04-13T18:58:57.000,11.81,3.9,1503.87,12.29,20.23,6010,-4.92,-5.0,0.994
2025-04-13T18:59:57.000,11.77,3.91,1215.2,12.52,20.23,6011,-5.1,-5.0,0.994
2025-04-13T19:00:58.000,11.88,4.12,984.22,12.75,20.23,6012,-5.28,-5.0,0.994
2025-04-13T19:01:58.000,12.0,4.21,797.0,12.98,20.23,6013,-5.45,-4.0,0.994
2025-04-13T19:02:59.000,12.04,3.77,643.73,13.21,20.23,6014,-5.63,-4.0,0.994
2025-04-13T19:03:59.000,12.07,4.38,518.24,13.45,20.23,6015,-5.81,-4.0,0.994
2025-04-13T19:05:00.000,12.14,5.04,413.76,13.69,20.23,6016,-5.99,-4.0,0.994
2025-04-13T19:06:00.000,12.09,4.51,331.22,13.93,20.23,6017,-6.16,-4.0,0.994
2025-04-13T19:07:01.000,11.95,3.87,266.7,14.17,20.23,6018,-6.34,-4.0,0.994
2025-04-13T19:08:01.000,11.89,4.28,215.56,14.4,20.23,6019,-6.52,-3.0,0.994
2025-04-13T19:09:01.000,11.84,3.76,174.54,14.63,20.23,6020,-6.69,-3.0,0.994
2025-04-13T19:10:02.000,11.86,3.87,141.55,14.85,20.23,6021,-6.87,-3.0,0.994
2025-04-13T19:11:02.000,11.83,4.16,113.84,15.09,20.23,6022,-7.05,-3.0,0.994
2025-04-13T19:12:02.000,11.76,3.46,91.09,15.33,20.23,6023,-7.22,-3.0,0.994
2025-04-13T19:13:02.000,11.56,3.05,73.3,15.57,20.23,6024,-7.4,-3.0,0.994
2025-04-13T19:14:02.000,11.39,3.07,58.25,15.82,20.23,6025,-7.57,-2.0,0.994
2025-04-13T19:15:02.000,11.43,3.61,45.92,16.08,20.23,6026,-7.75,-2.0,0.994
2025-04-13T19:16:03.000,11.43,3.45,37.71,16.29,20.23,6027,-7.92,-2.0,0.994
2025-04-13T19:17:03.000,11.41,3.22,30.75,16.51,20.23,6028,-8.1,-2.0,0.994
2025-04-13T19:18:03.000,11.45,2.78,25.09,16.73,20.23,6029,-8.27,-2.0,0.994
2025-04-13T19:19:03.000,11.41,2.32,20.43,16.96,20.23,6030,-8.44,-2.0,0.994
2025-04-13T19:20:03.000,11.39,2.09,16.54,17.19,20.23,6031,-8.62,-1.0,0.994
2025-04-13T19:21:03.000,11.36,2.05,13.45,17.41,20.23,6032,-8.79,-1.0,0.994
2025-04-13T19:22:03.000,11.25,1.98,10.84,17.64,20.23,6033,-8.96,-1.0,0.994
2025-04-13T19:23:03.000,11.25,2.18,8.89,17.86,20.23,6034,-9.14,-1.0,0.994
2025-04-13T19:24:04.000,11.18,2.25,7.45,18.05,20.23,6035,-9.31,-1.0,0.994
2025-04-13T19:25:04.000,11.24,2.47,6.3,18.23,20.23,6036,-9.48,-1.0,0.994
2025-04-13T19:26:04.000,11.27,2.4,5.37,18.41,20.23,6037,-9.66,-0.0,0.994
2025-04-13T19:27:04.000,11.18,2.21,4.64,18.56,20.23,6038,-9.83,-0.0,0.994
2025-04-13T19:28:04.000,11.2,2.42,4.05,18.71,20.23,6039,-10.0,-0.0,0.994
2025-04-13T19:29:04.000,11.15,2.2,3.55,18.86,20.23,6040,-10.17,0.0,0.994
2025-04-13T19:30:04.000,11.13,2.28,3.12,19.0,20.23,6041,-10.34,0.0,0.994
2025-04-13T19:31:04.000,11.19,2.37,2.75,19.13,20.23,6042,-10.51,0.0,0.994
2025-04-13T19:32:04.000,11.3,2.36,2.45,19.26,20.23,6043,-10.68,1.0,0.994
2025-04-13T19:33:04.000,11.37,2.33,2.2,19.37,20.23,6044,-10.86,1.0,0.994
2025-04-13T19:34:05.000,11.32,2.08,2.02,19.46,20.23,6045,-11.03,1.0,0.994
2025-04-13T19:35:05.000,11.27,2.35,1.87,19.55,20.23,6046,-11.2,1.0,0.994
2025-04-13T19:36:05.000,11.31,2.4,1.73,19.63,20.23,6047,-11.37,1.0,0.994
2025-04-13T19:37:05.000,11.25,2.36,1.63,19.7,20.23,6048,-11.54,1.0,0.994
2025-04-13T19:38:05.000,11.28,2.54,1.54,19.76,20.23,6049,-11.71,2.0,0.994
2025-04-13T19:39:05.000,11.32,2.69,1.46,19.82,20.23,6050,-11.88,2.0,0.994
2025-04-13T19:40:05.000,11.35,2.8,1.39,19.87,20.23,6051,-12.05,2.0,0.994
2025-04-13T19:41:05.000,11.48,3.05,1.34,19.91,20.23,6052,-12.21,2.0,0.994
2025-04-13T19:42:05.000,11.65,3.25,1.3,19.94,20.23,6053,-12.38,2.0,0.994
2025-04-13T19:43:06.000,11.73,3.07,1.28,19.96,20.23,6054,-12.55,2.0,0.994
2025-04-13T19:44:06.000,11.88,3.57,1.27,19.97,20.23,6055,-12.72,3.0,0.994
2025-04-13T19:45:06.000,12.07,3.39,1.25,19.99,20.23,6056,-12.89,3.0,0.994
2025-04-13T19:46:06.000,12.08,3.09,1.22,20.01,20.23,6057,-13.06,3.0,0.993
2025-04-13T19:47:06.000,12.04,3.25,1.18,20.05,20.23,6058,-13.22,3.0,0.993
2025-04-13T19:48:06.000,12.12,3.71,1.14,20.09,20.23,6059,-13.39,3.0,0.993
2025-04-13T19:49:06.000,12.27,3.93,1.1,20.12,20.23,6060,-13.56,3.0,0.993
2025-04-13T19:50:06.000,12.4,3.93,1.07,20.16,20.23,6061,-13.72,4.0,0.993
2025-04-13T19:51:07.000,12.49,4.0,1.04,20.19,20.23,6062,-13.89,4.0,0.993
2025-04-13T19:52:07.000,12.52,3.88,1.01,20.22,20.23,6063,-14.06,4.0,0.993
2025-04-13T19:53:07.000,12.56,4.1,1.0,20.24,20.23,6064,-14.22,4.0,0.993
2025-04-13T19:54:07.000,12.66,4.08,0.98,20.25,20.23,6065,-14.39,4.0,0.993
2025-04-13T19:55:07.000,12.66,3.89,0.97,20.26,20.23,6066,-14.55,4.0,0.993
2025-04-13T19:56:07.000,12.61,3.92,0.96,20.28,20.23,6067,-14.72,5.0,0.993
2025-04-13T19:57:07.000,12.52,3.91,0.94,20.29,20.23,6068,-14.88,5.0,0.993
2025-04-13T19:58:07.000,12.42,3.88,0.94,20.3,20.23,6069,-15.05,5.0,0.993
2025-04-13T19:59:08.000,12.21,3.85,0.93,20.31,20.23,6070,-15.21,5.0,0.993
2025-04-13T20:00:08.000,12.05,4.06,0.94,20.3,20.23,6071,-15.38,5.0,0.993
2025-04-13T20:01:08.000,12.03,4.3,0.93,20.31,20.23,6072,-15.54,5.0,0.993
2025-04-13T20:02:08.000,11.98,4.26,0.93,20.31,20.23,6073,-15.7,6.0,0.993
2025-04-13T20:03:08.000,12.03,4.51,0.93,20.31,20.23,6074,-15.86,6.0,0.993
2025-04-13T20:04:08.000,12.14,4.67,0.93,20.31,20.23,6075,-16.03,6.0,0.993
2025-04-13T20:05:08.000,12.24,4.57,0.93,20.3,20.23,6076,-16.19,6.0,0.993
2025-04-13T20:06:09.000,12.22,4.43,0.95,20.29,20.23,6077,-16.35,6.0,0.993
2025-04-13T20:07:09.000,12.21,4.51,0.96,20.27,20.23,6078,-16.51,6.0,0.993
2025-04-13T20:08:09.000,12.26,4.63,0.97,20.26,20.23,6079,-16.67,6.0,0.993
2025-04-13T20:09:09.000,12.37,4.7,0.99,20.25,20.23,6080,-16.84,7.0,0.993
2025-04-13T20:10:09.000,12.48,4.68,1.0,20.24,20.23,6081,-17.0,7.0,0.993
2025-04-13T20:11:09.000,12.58,4.69,1.0,20.23,20.23,6082,-17.16,7.0,0.993
2025-04-13T20:12:09.000,12.67,4.58,1.0,20.23,20.23,6083,-17.32,7.0,0.993
2025-04-13T20:13:09.000,12.69,4.33,1.0,20.23,20.23,6084,-17.47,7.0,0.993
2025-04-13T20:14:10.000,12.72,4.39,0.99,20.24,20.23,6085,-17.64,7.0,0.993
2025-04-13T20:15:10.000,12.68,4.12,1.0,20.24,20.23,6086,-17.8,8.0,0.993
2025-04-13T20:16:10.000,12.61,4.17,1.01,20.22,20.23,6087,-17.95,8.0,0.993
2025-04-13T20:17:10.000,12.67,4.28,1.02,20.21,20.23,6088,-18.11,8.0,0.993
2025-04-13T20:18:10.000,12.72,3.97,1.04,20.18,20.23,6089,-18.27,8.0,0.993
2025-04-13T20:19:10.000,12.72,3.64,1.07,20.16,20.23,6090,-18.43,8.0,0.993
2025-04-13T20:20:10.000,12.69,3.37,1.11,20.12,20.23,6091,-18.58,8.0,0.993
2025-04-13T20:21:10.000,12.67,3.14,1.14,20.08,20.23,6092,-18.74,8.0,0.993
2025-04-13T20:22:11.000,12.61,2.81,1.18,20.05,20.23,6093,-18.9,9.0,0.993
2025-04-13T20:23:11.000,12.54,2.62,1.23,20.0,20.23,6094,-19.06,9.0,0.993
2025-04-13T20:24:11.000,12.47,2.38,1.29,19.95,20.23,6095,-19.21,9.0,0.993
2025-04-13T20:25:11.000,12.33,1.94,1.35,19.9,20.23,6096,-19.37,9.0,0.993
2025-04-13T20:26:11.000,12.13,1.71,1.43,19.84,20.23,6097,-19.52,9.0,0.993
2025-04-13T20:27:11.000,12.05,1.99,1.51,19.78,20.23,6098,-19.68,9.0,0.993
2025-04-13T20:28:11.000,12.13,2.09,1.58,19.73,20.23,6099,-19.83,10.0,0.993
2025-04-13T20:29:11.000,12.14,1.78,1.65,19.68,20.23,6100,-19.98,10.0,0.993
2025-04-13T20:30:12.000,12.15,1.7,1.73,19.64,20.23,6101,-20.14,10.0,0.993
2025-04-13T20:31:12.000,12.19,1.8,1.8,19.59,20.23,6102,-20.29,10.0,0.993
2025-04-13T20:32:12.000,12.25,1.53,1.86,19.55,20.23,6103,-20.45,10.0,0.993
2025-04-13T20:33:12.000,12.11,1.09,1.92,19.52,20.23,6104,-20.6,10.0,0.993
2025-04-13T20:34:12.000,11.97,1.32,1.96,19.5,20.23,6105,-20.75,10.0,0.993
2025-04-13T20:35:12.000,11.97,1.54,2.0,19.48,20.23,6106,-20.9,11.0,0.993
2025-04-13T20:36:13.000,12.0,1.86,2.05,19.45,20.23,6107,-21.05,11.0,0.993
2025-04-13T20:37:13.000,12.06,2.15,2.12,19.41,20.23,6108,-21.21,11.0,0.993
2025-04-13T20:38:13.000,12.12,2.41,2.22,19.36,20.23,6109,-21.36,11.0,0.993
2025-04-13T20:39:13.000,12.09,2.88,2.31,19.32,20.23,6110,-21.51,11.0,0.993
2025-04-13T20:40:13.000,12.09,3.41,2.32,19.32,20.23,6111,-21.65,11.0,0.993
2025-04-13T20:41:13.000,12.01,3.81,2.25,19.35,20.23,6112,-21.8,11.0,0.993
2025-04-13T20:42:13.000,11.95,4.08,2.12,19.41,20.23,6113,-21.95,12.0,0.993
2025-04-13T20:43:14.000,11.87,3.59,2.41,19.27,20.23,6114,-22.1,12.0,0.993
2025-04-13T20:44:14.000,11.8,2.96,2.61,19.19,20.23,6115,-22.25,12.0,0.993
2025-04-13T20:45:14.000,11.8,2.61,2.8,19.11,20.23,6116,-22.4,12.0,0.993
2025-04-13T20:46:14.000,11.75,2.55,2.89,19.08,20.23,6117,-22.55,12.0,0.993
2025-04-13T20:47:14.000,11.75,2.82,2.96,19.05,20.23,6118,-22.69,12.0,0.993
2025-04-13T20:48:14.000,11.81,3.47,2.86,19.09,20.23,6119,-22.84,12.0,0.993
2025-04-13T20:49:14.000,11.77,4.18,2.62,19.18,20.23,6120,-22.98,13.0,0.993
2025-04-13T20:50:14.000,11.84,5.0,2.77,19.12,20.23,6121,-23.13,13.0,0.993
2025-04-13T20:51:14.000,11.92,5.16,2.89,19.08,20.23,6122,-23.27,13.0,0.993
2025-04-13T20:52:15.000,11.95,4.74,3.28,18.94,20.23,6123,-23.42,13.0,0.993
2025-04-13T20:53:15.000,11.99,4.64,3.42,18.9,20.23,6124,-23.56,13.0,0.993
2025-04-13T20:54:15.000,12.1,5.0,3.49,18.87,20.23,6125,-23.71,13.0,0.993
2025-04-13T20:55:15.000,12.22,6.11,3.27,18.95,20.23,6126,-23.85,13.0,0.993
2025-04-13T20:56:15.000,12.33,6.61,2.72,19.14,20.23,6127,-23.99,14.0,0.993
2025-04-13T20:57:15.000,12.42,7.16,2.62,19.18,20.23,6128,-24.14,14.0,0.993
2025-04-13T20:58:15.000,12.53,7.02,2.96,19.05,20.23,6129,-24.28,14.0,0.993
2025-04-13T20:59:15.000,12.67,6.91,3.16,18.98,20.23,6130,-24.42,14.0,0.993
2025-04-13T21:00:16.000,12.73,6.52,3.17,18.98,20.23,6131,-24.56,14.0,0.993
2025-04-13T21:01:16.000,12.79,6.07,3.51,18.87,20.23,6132,-24.7,14.0,0.993
2025-04-13T21:02:16.000,12.8,5.85,3.62,18.83,20.23,6133,-24.84,14.0,0.993
2025-04-13T21:03:16.000,12.78,5.64,3.53,18.86,20.23,6134,-24.98,15.0,0.993
2025-04-13T21:04:16.000,12.72,5.57,3.48,18.88,20.23,6135,-25.12,15.0,0.993
2025-04-13T21:05:16.000,12.65,5.53,3.54,18.86,20.23,6136,-25.26,15.0,0.993
2025-04-13T21:06:16.000,12.63,5.61,3.43,18.89,20.23,6137,-25.4,15.0,0.993
2025-04-13T21:07:17.000,12.57,5.6,3.15,18.98,20.23,6138,-25.54,15.0,0.993
2025-04-13T21:08:17.000,12.57,5.55,2.74,19.14,20.23,6139,-25.67,15.0,0.993
2025-04-13T21:09:17.000,12.51,5.28,2.67,19.17,20.23,6140,-25.81,15.0,0.993
2025-04-13T21:10:17.000,12.49,5.42,2.91,19.07,20.23,6141,-25.94,16.0,0.993
2025-04-13T21:11:17.000,12.49,5.37,3.15,18.98,20.23,6142,-26.08,16.0,0.993
2025-04-13T21:12:17.000,12.49,6.23,3.15,18.98,20.23,6143,-26.21,16.0,0.993
2025-04-13T21:13:17.000,12.57,6.91,3.07,19.01,20.23,6144,-26.35,16.0,0.993
2025-04-13T21:14:17.000,12.64,7.13,3.19,18.97,20.23,6145,-26.48,16.0,0.993
2025-04-13T21:15:17.000,12.74,7.06,3.63,18.83,20.23,6146,-26.62,16.0,0.993
2025-04-13T21:16:18.000,12.75,6.83,3.93,18.74,20.23,6147,-26.75,16.0,0.993
2025-04-13T21:17:18.000,12.65,6.5,3.99,18.73,20.23,6148,-26.88,17.0,0.993
2025-04-13T21:18:18.000,12.66,6.76,4.31,18.64,20.23,6149,-27.01,17.0,0.993
2025-04-13T21:19:18.000,12.72,6.5,4.57,18.58,20.23,6150,-27.15,17.0,0.993
2025-04-13T21:20:18.000,12.69,6.39,4.32,18.64,20.23,6151,-27.28,17.0,0.992
2025-04-13T21:21:18.000,12.62,6.44,4.51,18.59,20.23,6152,-27.41,17.0,0.992
2025-04-13T21:22:18.000,12.6,6.63,4.22,18.67,20.23,6153,-27.54,17.0,0.992
2025-04-13T21:23:18.000,12.72,7.1,4.19,18.68,20.23,6154,-27.67,17.0,0.992
2025-04-13T21:24:19.000,12.81,7.03,4.3,18.65,20.23,6155,-27.8,17.0,0.992
2025-04-13T21:25:19.000,12.85,6.96,4.42,18.62,20.23,6156,-27.92,18.0,0.992
2025-04-13T21:26:19.000,12.77,7.01,4.39,18.62,20.23,6157,-28.05,18.0,0.992
2025-04-13T21:27:19.000,12.77,7.52,4.34,18.64,20.23,6158,-28.18,18.0,0.992
2025-04-13T21:28:19.000,12.87,7.84,4.14,18.69,20.23,6159,-28.3,18.0,0.992
2025-04-13T21:29:19.000,12.96,7.91,3.91,18.75,20.23,6160,-28.43,18.0,0.992
2025-04-13T21:30:19.000,13.06,8.14,3.82,18.77,20.23,6161,-28.55,18.0,0.992
