ecsv/stars612/stars612_2024-04.ecsv
# %ECSV 1.0
# ---
# datatype:
# - {name: time, datatype: string}
# - {name: Enclosure Temperature, unit: deg_C, datatype: float64}
# - {name: Sky Temperature, unit: deg_C, datatype: float64}
# - {name: Frequency, unit: Hz, datatype: float64}
# - {name: MSAS, unit: mag / arcsec2, datatype: float64}
# - {name: ZP, datatype: float64}
# - {name: Sequence Number, datatype: int64}
# - {name: Sun Alt, unit: deg, datatype: float64}
# - {name: Moon Alt, unit: deg, datatype: float64}
# - {name: Moon Illumination, datatype: float64}
# delimiter: ','
# meta: !!omap
# - ida:
#     Data supplier: {affiliation: Salvador Ribas, observer: Salvador Ribas}
#     Device type: TESS-W
#     Field of view: 17.0
#     Filters per channel: None
#     Instrument ID: stars612
#     License: ODbL 1.0 http://opendatacommons.org/licenses/odbl/summary/
#     Local timezone: Europe/Madrid
#     Location name: {country: "- Centre d'Observaci\xF3 de l'Univers", place: "\xC0ger", region: Spain, sub_region: Catalonia, town: Noguera}
#     Measurement direction per channel: {azimuth: 0.0, zenital: 0.0}
#     Moving / Fixed look direction: FIXED
#     Moving / Stationary position: STATIONARY
#     Number of channels: 1
#     Number of fields per line: 8
#     Number of header lines: 35
#     Position: {height: 0.0, latitude: 42.02459, longitude: 0.734797}
#     TESS MAC address: 98:F4:AB:B2:7C:40
#     TESS cover offset value: 0.0
#     TESS firmware version: '1.0'
#     TESS zero point: 20.23
#     Time Synchronization: timestamp added by MQTT subscriber
#     URL: http://www.darksky.org/NSBM/sdf1.0.pdf
# - __serialized_columns__:
#     Enclosure Temperature:
#       __class__: astropy.units.quantity.Quantity
#       unit: &id001 !astropy.units.Unit {unit: deg_C}
#       value: !astropy.table.SerializedColumn {name: Enclosure Temperature}
#     Frequency:
#       __class__: astropy.units.quantity.Quantity
#       unit: !astropy.units.Unit {unit: Hz}
#       value: !astropy.table.SerializedColumn {name: Frequency}
#     MSAS:
#       __class__: astropy.units.quantity.Quantity
#       unit: !astropy.units.Unit {unit: mag / arcsec2}
#       value: !astropy.table.SerializedColumn {name: MSAS}
#     Moon Alt:
#       __class__: astropy.units.quantity.Quantity
#       unit: &id002 !astropy.units.Unit {unit: deg}
#       value: !astropy.table.SerializedColumn {name: Moon Alt}
#     Sky Temperature:
#       __class__: astropy.units.quantity.Quantity
#       unit: *id001
#       value: !astropy.table.SerializedColumn {name: Sky Temperature}
#     Sun Alt:
#       __class__: astropy.units.quantity.Quantity
#       unit: *id002
#       value: !astropy.table.SerializedColumn {name: Sun Alt}
#     time:
#       __class__: astropy.time.core.Time
#       format: isot
#       in_subfmt: '*'
#       out_subfmt: '*'
#       precision: 3
#       scale: utc
#       value: !astropy.table.SerializedColumn {name: time}
# schema: astropy-2.0
time,Enclosure Temperature,Sky Temperature,Frequency,MSAS,ZP,Sequence Number,Sun Alt,Moon Alt,Moon Illumination
[from data line 4407]
2024-04-06T02:00:41.000,23.12,18.6,3.42,18.89,20.23,6230,-34.08,-28.0,0.105
2024-04-06T02:01:41.000,23.12,18.6,3.42,18.89,20.23,6231,-33.96,-27.0,0.105
2024-04-06T02:02:41.000,23.12,18.6,3.43,18.89,20.23,6232,-33.85,-27.0,0.105
2024-04-06T02:03:41.000,23.12,18.59,3.43,18.89,20.23,6233,-33.73,-27.0,0.105
2024-04-06T02:04:41.000,23.12,18.59,3.44,18.89,20.23,6234,-33.62,-27.0,0.105
2024-04-06T02:05:41.000,23.12,18.58,3.43,18.89,20.23,6235,-33.5,-27.0,0.105
2024-04-06T02:08:11.000,23.12,18.59,3.44,18.89,20.23,6237,-33.21,-26.0,0.105
2024-04-06T02:09:11.000,23.12,18.59,3.44,18.89,20.23,6238,-33.09,-26.0,0.105
2024-04-06T02:10:11.000,23.12,18.58,3.44,18.89,20.23,6239,-32.98,-26.0,0.105
2024-04-06T02:11:11.000,23.11,18.58,3.44,18.89,20.23,6240,-32.86,-26.0,0.105
2024-04-06T02:12:11.000,23.12,18.58,3.44,18.89,20.23,6241,-32.74,-26.0,0.104
2024-04-06T02:13:12.000,23.11,18.58,3.43,18.89,20.23,6242,-32.61,-25.0,0.104
2024-04-06T02:14:12.000,23.11,18.57,3.44,18.89,20.23,6243,-32.49,-25.0,0.104
2024-04-06T02:15:12.000,23.11,18.57,3.45,18.88,20.23,6244,-32.37,-25.0,0.104
2024-04-06T02:16:12.000,23.11,18.57,3.45,18.89,20.23,6245,-32.25,-25.0,0.104
2024-04-06T02:17:12.000,23.11,18.58,3.44,18.89,20.23,6246,-32.12,-25.0,0.104
2024-04-06T02:18:12.000,23.11,18.57,3.44,18.89,20.23,6247,-32.0,-25.0,0.104
2024-04-06T02:19:12.000,23.11,18.57,3.44,18.89,20.23,6248,-31.88,-24.0,0.104
2024-04-06T02:20:12.000,23.11,18.57,3.45,18.89,20.23,6249,-31.75,-24.0,0.104
2024-04-06T02:21:12.000,23.11,18.57,3.46,18.88,20.23,6250,-31.63,-24.0,0.104
2024-04-06T02:22:13.000,23.12,18.57,3.46,18.88,20.23,6251,-31.5,-24.0,0.104
2024-04-06T02:23:13.000,23.12,18.57,3.46,18.88,20.23,6252,-31.37,-24.0,0.104
2024-04-06T02:24:13.000,23.11,18.57,3.46,18.88,20.23,6253,-31.24,-23.0,0.104
2024-04-06T02:25:13.000,23.11,18.56,3.46,18.88,20.23,6254,-31.12,-23.0,0.104
2024-04-06T02:26:13.000,23.11,18.56,3.46,18.88,20.23,6255,-30.99,-23.0,0.104
2024-04-06T02:27:13.000,23.11,18.56,3.46,18.88,20.23,6256,-30.86,-23.0,0.104
2024-04-06T02:28:13.000,23.12,18.57,3.46,18.88,20.23,6257,-30.73,-23.0,0.104
2024-04-06T02:29:13.000,23.12,18.57,3.46,18.88,20.23,6258,-30.6,-23.0,0.104
2024-04-06T02:30:14.000,23.11,18.56,3.46,18.88,20.23,6259,-30.46,-22.0,0.104
2024-04-06T02:31:14.000,23.11,18.56,3.47,18.88,20.23,6260,-30.33,-22.0,0.104
2024-04-06T02:32:14.000,23.12,18.56,3.47,18.88,20.23,6261,-30.2,-22.0,0.103
2024-04-06T02:33:14.000,23.11,18.56,3.47,18.88,20.23,6262,-30.07,-22.0,0.103
2024-04-06T02:34:14.000,23.11,18.55,3.47,18.88,20.23,6263,-29.94,-22.0,0.103
2024-04-06T02:35:14.000,23.12,18.56,3.47,18.88,20.23,6264,-29.8,-21.0,0.103
2024-04-06T02:36:14.000,23.12,18.56,3.47,18.88,20.23,6265,-29.67,-21.0,0.103
2024-04-06T02:37:14.000,23.11,18.55,3.47,18.88,20.23,6266,-29.53,-21.0,0.103
2024-04-06T02:38:14.000,23.11,18.56,3.48,18.88,20.23,6267,-29.4,-21.0,0.103
2024-04-06T02:39:14.000,23.11,18.55,3.47,18.88,20.23,6268,-29.26,-21.0,0.103
2024-04-06T02:40:14.000,23.11,18.54,3.48,18.88,20.23,6269,-29.13,-21.0,0.103
2024-04-06T02:41:15.000,23.11,18.55,3.48,18.88,20.23,6270,-28.99,-20.0,0.103
2024-04-06T02:42:15.000,23.11,18.55,3.48,18.88,20.23,6271,-28.85,-20.0,0.103
2024-04-06T02:43:15.000,23.11,18.54,3.47,18.88,20.23,6272,-28.71,-20.0,0.103
2024-04-06T02:44:15.000,23.11,18.55,3.47,18.88,20.23,6273,-28.57,-20.0,0.103
2024-04-06T02:45:15.000,23.11,18.55,3.47,18.88,20.23,6274,-28.43,-20.0,0.103
2024-04-06T02:46:15.000,23.11,18.55,3.47,18.88,20.23,6275,-28.29,-19.0,0.103
2024-04-06T02:47:15.000,23.1,18.54,3.47,18.88,20.23,6276,-28.15,-19.0,0.103
2024-04-06T02:48:15.000,23.11,18.54,3.47,18.88,20.23,6277,-28.01,-19.0,0.103
2024-04-06T02:49:15.000,23.1,18.54,3.48,18.88,20.23,6278,-27.87,-19.0,0.103
2024-04-06T02:50:15.000,23.1,18.54,3.47,18.88,20.23,6279,-27.73,-19.0,0.103
2024-04-06T02:51:16.000,23.11,18.54,3.47,18.88,20.23,6280,-27.59,-19.0,0.102
2024-04-06T02:52:16.000,23.1,18.54,3.47,18.88,20.23,6281,-27.45,-18.0,0.102
2024-04-06T02:53:16.000,23.1,18.54,3.47,18.88,20.23,6282,-27.3,-18.0,0.102
2024-04-06T02:54:16.000,23.1,18.53,3.47,18.88,20.23,6283,-27.16,-18.0,0.102
2024-04-06T02:55:16.000,23.1,18.53,3.46,18.88,20.23,6284,-27.02,-18.0,0.102
2024-04-06T02:56:16.000,23.1,18.53,3.46,18.88,20.23,6285,-26.87,-18.0,0.102
2024-04-06T02:57:16.000,23.1,18.54,3.47,18.88,20.23,6286,-26.73,-17.0,0.102
2024-04-06T02:58:16.000,23.1,18.53,3.47,18.88,20.23,6287,-26.58,-17.0,0.102
2024-04-06T02:59:16.000,23.1,18.53,3.46,18.88,20.23,6288,-26.44,-17.0,0.102
2024-04-06T03:00:16.000,23.1,18.52,3.45,18.88,20.23,6289,-26.29,-17.0,0.102
2024-04-06T03:01:16.000,23.1,18.53,3.45,18.89,20.23,6290,-26.14,-17.0,0.102
2024-04-06T03:02:17.000,23.1,18.53,3.45,18.89,20.23,6291,-25.99,-17.0,0.102
2024-04-06T03:03:17.000,23.1,18.53,3.46,18.88,20.23,6292,-25.85,-16.0,0.102
2024-04-06T03:04:17.000,23.1,18.52,3.45,18.88,20.23,6293,-25.7,-16.0,0.102
2024-04-06T03:05:17.000,23.1,18.52,3.44,18.89,20.23,6294,-25.55,-16.0,0.102
2024-04-06T03:06:17.000,23.1,18.52,3.44,18.89,20.23,6295,-25.4,-16.0,0.102
2024-04-06T03:07:17.000,23.09,18.52,3.44,18.89,20.23,6296,-25.25,-16.0,0.102
2024-04-06T03:08:17.000,23.09,18.51,3.45,18.89,20.23,6297,-25.1,-15.0,0.102
2024-04-06T03:09:17.000,23.09,18.52,3.45,18.88,20.23,6298,-24.95,-15.0,0.102
2024-04-06T03:10:17.000,23.09,18.51,3.45,18.88,20.23,6299,-24.8,-15.0,0.102
2024-04-06T03:11:17.000,23.09,18.51,3.45,18.89,20.23,6300,-24.65,-15.0,0.101
2024-04-06T03:12:18.000,23.09,18.51,3.45,18.89,20.23,6301,-24.5,-15.0,0.101
2024-04-06T03:13:18.000,23.09,18.51,3.45,18.89,20.23,6302,-24.35,-15.0,0.101
2024-04-06T03:14:18.000,23.09,18.51,3.46,18.88,20.23,6303,-24.2,-14.0,0.101
2024-04-06T03:15:18.000,23.09,18.51,3.45,18.88,20.23,6304,-24.04,-14.0,0.101
2024-04-06T03:16:18.000,23.09,18.51,3.45,18.88,20.23,6305,-23.89,-14.0,0.101
2024-04-06T03:17:18.000,23.09,18.51,3.45,18.89,20.23,6306,-23.74,-14.0,0.101
2024-04-06T03:18:18.000,23.09,18.5,3.45,18.89,20.23,6307,-23.58,-14.0,0.101
2024-04-06T03:19:18.000,23.09,18.5,3.45,18.89,20.23,6308,-23.43,-13.0,0.101
2024-04-06T03:20:19.000,23.09,18.5,3.45,18.89,20.23,6309,-23.27,-13.0,0.101
2024-04-06T03:21:19.000,23.09,18.5,3.45,18.89,20.23,6310,-23.12,-13.0,0.101
2024-04-06T03:22:19.000,23.09,18.51,3.45,18.88,20.23,6311,-22.96,-13.0,0.101
2024-04-06T03:23:19.000,23.08,18.5,3.45,18.88,20.23,6312,-22.81,-13.0,0.101
2024-04-06T03:24:19.000,23.08,18.5,3.46,18.88,20.23,6313,-22.65,-13.0,0.101
2024-04-06T03:25:19.000,23.08,18.5,3.46,18.88,20.23,6314,-22.49,-12.0,0.101
2024-04-06T03:26:19.000,23.08,18.5,3.46,18.88,20.23,6315,-22.34,-12.0,0.101
2024-04-06T03:27:19.000,23.08,18.49,3.47,18.88,20.23,6316,-22.18,-12.0,0.101
2024-04-06T03:28:19.000,23.08,18.5,3.47,18.88,20.23,6317,-22.02,-12.0,0.101
2024-04-06T03:29:19.000,23.08,18.49,3.48,18.88,20.23,6318,-21.87,-12.0,0.101
2024-04-06T03:30:19.000,23.08,18.49,3.48,18.88,20.23,6319,-21.71,-11.0,0.1
2024-04-06T03:31:20.000,23.08,18.49,3.48,18.88,20.23,6320,-21.55,-11.0,0.1
2024-04-06T03:32:20.000,23.08,18.49,3.48,18.87,20.23,6321,-21.39,-11.0,0.1
2024-04-06T03:33:20.000,23.08,18.49,3.49,18.87,20.23,6322,-21.23,-11.0,0.1
2024-04-06T03:34:20.000,23.08,18.49,3.49,18.87,20.23,6323,-21.07,-11.0,0.1
2024-04-06T03:35:20.000,23.07,18.48,3.48,18.88,20.23,6324,-20.91,-11.0,0.1
2024-04-06T03:36:20.000,23.07,18.48,3.48,18.88,20.23,6325,-20.75,-10.0,0.1
2024-04-06T03:37:20.000,23.07,18.49,3.49,18.87,20.23,6326,-20.59,-10.0,0.1
2024-04-06T03:38:20.000,23.07,18.48,3.49,18.87,20.23,6327,-20.43,-10.0,0.1
2024-04-06T03:39:21.000,23.07,18.48,3.49,18.87,20.23,6328,-20.26,-10.0,0.1
2024-04-06T03:40:21.000,23.08,18.49,3.48,18.88,20.23,6329,-20.1,-10.0,0.1
2024-04-06T03:41:21.000,23.07,18.48,3.47,18.88,20.23,6330,-19.94,-9.0,0.1
2024-04-06T03:42:21.000,23.07,18.48,3.47,18.88,20.23,6331,-19.78,-9.0,0.1
2024-04-06T03:43:21.000,23.07,18.48,3.47,18.88,20.23,6332,-19.62,-9.0,0.1
2024-04-06T03:44:21.000,23.07,18.48,3.47,18.88,20.23,6333,-19.45,-9.0,0.1
2024-04-06T03:45:21.000,23.07,18.48,3.48,18.88,20.23,6334,-19.29,-9.0,0.1
2024-04-06T03:46:21.000,23.07,18.48,3.48,18.88,20.23,6335,-19.13,-9.0,0.1
2024-04-06T03:47:21.000,23.07,18.48,3.48,18.88,20.23,6336,-18.96,-8.0,0.1
2024-04-06T03:48:21.000,23.07,18.48,3.47,18.88,20.23,6337,-18.8,-8.0,0.1
2024-04-06T03:49:22.000,23.07,18.48,3.46,18.88,20.23,6338,-18.63,-8.0,0.1
2024-04-06T03:50:22.000,23.07,18.48,3.46,18.88,20.23,6339,-18.47,-8.0,0.099
2024-04-06T03:51:22.000,23.07,18.48,3.46,18.88,20.23,6340,-18.3,-8.0,0.099
2024-04-06T03:52:22.000,23.07,18.48,3.47,18.88,20.23,6341,-18.14,-7.0,0.099
2024-04-06T03:53:22.000,23.07,18.48,3.46,18.88,20.23,6342,-17.97,-7.0,0.099
2024-04-06T03:54:22.000,23.07,18.48,3.47,18.88,20.23,6343,-17.81,-7.0,0.099
2024-04-06T03:55:22.000,23.07,18.47,3.47,18.88,20.23,6344,-17.64,-7.0,0.099
2024-04-06T03:56:22.000,23.07,18.47,3.47,18.88,20.23,6345,-17.48,-7.0,0.099
2024-04-06T03:57:22.000,23.07,18.47,3.46,18.88,20.23,6346,-17.31,-7.0,0.099
2024-04-06T03:58:22.000,23.07,18.47,3.46,18.88,20.23,6347,-17.14,-6.0,0.099
2024-04-06T03:59:23.000,23.07,18.47,3.46,18.88,20.23,6348,-16.97,-6.0,0.099
2024-04-06T04:00:23.000,23.07,18.47,3.46,18.88,20.23,6349,-16.8,-6.0,0.099
2024-04-06T04:01:23.000,23.07,18.47,3.47,18.88,20.23,6350,-16.64,-6.0,0.099
2024-04-06T04:02:23.000,23.07,18.47,3.47,18.88,20.23,6351,-16.47,-6.0,0.099
2024-04-06T04:03:23.000,23.07,18.47,3.47,18.88,20.23,6352,-16.3,-5.0,0.099
2024-04-06T04:04:23.000,23.07,18.47,3.48,18.88,20.23,6353,-16.13,-5.0,0.099
2024-04-06T04:05:23.000,23.07,18.47,3.48,18.88,20.23,6354,-15.96,-5.0,0.099
2024-04-06T04:06:23.000,23.07,18.46,3.48,18.88,20.23,6355,-15.79,-5.0,0.099
2024-04-06T04:07:23.000,23.07,18.47,3.48,18.88,20.23,6356,-15.63,-5.0,0.099
2024-04-06T04:08:23.000,23.07,18.47,3.47,18.88,20.23,6357,-15.46,-5.0,0.099
2024-04-06T04:09:23.000,23.07,18.46,3.47,18.88,20.23,6358,-15.29,-4.0,0.099
2024-04-06T04:10:24.000,23.07,18.46,3.47,18.88,20.23,6359,-15.11,-4.0,0.098
2024-04-06T04:11:24.000,23.07,18.46,3.46,18.88,20.23,6360,-14.94,-4.0,0.098
2024-04-06T04:12:24.000,23.07,18.46,3.47,18.88,20.23,6361,-14.77,-4.0,0.098
2024-04-06T04:13:24.000,23.07,18.46,3.47,18.88,20.23,6362,-14.6,-4.0,0.098
2024-04-06T04:14:24.000,23.07,18.46,3.47,18.88,20.23,6363,-14.43,-4.0,0.098
2024-04-06T04:15:24.000,23.07,18.46,3.47,18.88,20.23,6364,-14.26,-3.0,0.098
2024-04-06T04:16:24.000,23.07,18.45,3.46,18.88,20.23,6365,-14.09,-3.0,0.098
2024-04-06T04:17:24.000,23.07,18.45,3.46,18.88,20.23,6366,-13.92,-3.0,0.098
2024-04-06T04:18:24.000,23.07,18.45,3.46,18.88,20.23,6367,-13.75,-3.0,0.098
2024-04-06T04:19:24.000,23.07,18.45,3.45,18.88,20.23,6368,-13.57,-3.0,0.098
2024-04-06T04:20:25.000,23.07,18.45,3.45,18.89,20.23,6369,-13.4,-2.0,0.098
2024-04-06T04:21:25.000,23.07,18.45,3.46,18.88,20.23,6370,-13.23,-2.0,0.098
2024-04-06T04:22:25.000,23.07,18.45,3.45,18.88,20.23,6371,-13.05,-2.0,0.098
2024-04-06T04:23:25.000,23.06,18.45,3.45,18.89,20.23,6372,-12.88,-2.0,0.098
2024-04-06T04:24:25.000,23.06,18.45,3.45,18.89,20.23,6373,-12.71,-2.0,0.098
2024-04-06T04:25:25.000,23.07,18.45,3.45,18.88,20.23,6374,-12.53,-2.0,0.098
2024-04-06T04:26:25.000,23.06,18.45,3.45,18.89,20.23,6375,-12.36,-1.0,0.098
2024-04-06T04:27:26.000,23.07,18.45,3.45,18.88,20.23,6376,-12.18,-1.0,0.098
2024-04-06T04:28:26.000,23.06,18.44,3.45,18.89,20.23,6377,-12.01,-1.0,0.098
2024-04-06T04:29:26.000,23.06,18.44,3.45,18.89,20.23,6378,-11.83,-1.0,0.097
2024-04-06T04:30:26.000,23.06,18.44,3.45,18.88,20.23,6379,-11.66,-1.0,0.097
2024-04-06T04:31:26.000,23.06,18.44,3.45,18.88,20.23,6380,-11.49,-0.0,0.097
2024-04-06T04:32:26.000,23.06,18.44,3.46,18.88,20.23,6381,-11.31,-0.0,0.097
2024-04-06T04:33:26.000,23.06,18.44,3.46,18.88,20.23,6382,-11.14,-0.0,0.097
2024-04-06T04:34:26.000,23.06,18.43,3.46,18.88,20.23,6383,-10.96,0.0,0.097
2024-04-06T04:35:26.000,23.05,18.43,3.46,18.88,20.23,6384,-10.78,0.0,0.097
2024-04-06T04:36:27.000,23.06,18.43,3.46,18.88,20.23,6385,-10.61,0.0,0.097
2024-04-06T04:37:27.000,23.05,18.43,3.48,18.88,20.23,6386,-10.43,1.0,0.097
2024-04-06T04:38:27.000,23.06,18.43,3.48,18.88,20.23,6387,-10.25,1.0,0.097
2024-04-06T04:39:27.000,23.06,18.42,3.47,18.88,20.23,6388,-10.08,1.0,0.097
2024-04-06T04:40:27.000,23.05,18.43,3.47,18.88,20.23,6389,-9.9,1.0,0.097
2024-04-06T04:41:27.000,23.05,18.42,3.47,18.88,20.23,6390,-9.72,1.0,0.097
2024-04-06T04:42:27.000,23.05,18.42,3.46,18.88,20.23,6391,-9.55,1.0,0.097
2024-04-06T04:43:27.000,23.05,18.42,3.46,18.88,20.23,6392,-9.37,2.0,0.097
2024-04-06T04:44:27.000,23.05,18.42,3.46,18.88,20.23,6393,-9.19,2.0,0.097
2024-04-06T04:45:27.000,23.05,18.41,3.47,18.88,20.23,6394,-9.02,2.0,0.097
2024-04-06T04:46:27.000,23.05,18.41,3.47,18.88,20.23,6395,-8.84,2.0,0.097
2024-04-06T04:47:27.000,23.05,18.42,3.48,18.88,20.23,6396,-8.66,2.0,0.097
2024-04-06T04:48:28.000,23.05,18.41,3.48,18.88,20.23,6397,-8.48,2.0,0.097
2024-04-06T04:49:28.000,23.05,18.4,3.48,18.88,20.23,6398,-8.3,3.0,0.096
2024-04-06T04:50:28.000,23.05,18.4,3.49,18.87,20.23,6399,-8.12,3.0,0.096
2024-04-06T04:51:28.000,23.04,18.41,3.5,18.87,20.23,6400,-7.95,3.0,0.096
2024-04-06T04:52:28.000,23.04,18.39,3.5,18.87,20.23,6401,-7.77,3.0,0.096
2024-04-06T04:53:28.000,23.04,18.4,3.52,18.87,20.23,6402,-7.59,3.0,0.096
2024-04-06T04:54:28.000,23.03,18.4,3.52,18.86,20.23,6403,-7.41,4.0,0.096
2024-04-06T04:55:29.000,23.04,18.4,3.54,18.86,20.23,6404,-7.23,4.0,0.096
2024-04-06T04:56:29.000,23.03,18.38,3.55,18.85,20.23,6405,-7.05,4.0,0.096
2024-04-06T04:57:29.000,23.03,18.39,3.57,18.85,20.23,6406,-6.87,4.0,0.096
2024-04-06T04:58:29.000,23.03,18.4,3.59,18.84,20.23,6407,-6.69,4.0,0.096
2024-04-06T04:59:29.000,23.04,18.41,3.62,18.83,20.23,6408,-6.51,4.0,0.096
2024-04-06T05:00:30.000,23.03,18.41,3.65,18.82,20.23,6409,-6.33,5.0,0.096
2024-04-06T05:01:30.000,23.04,18.41,3.69,18.81,20.23,6410,-6.15,5.0,0.096
2024-04-06T05:02:30.000,23.03,18.41,3.74,18.8,20.23,6411,-5.97,5.0,0.096
2024-04-06T05:03:30.000,23.03,18.42,3.79,18.78,20.23,6412,-5.79,5.0,0.096
2024-04-06T05:04:30.000,23.03,18.41,3.87,18.76,20.23,6413,-5.61,5.0,0.096
2024-04-06T05:05:30.000,23.04,18.42,3.95,18.74,20.23,6414,-5.43,5.0,0.096
2024-04-06T05:06:30.000,23.03,18.41,4.06,18.71,20.23,6415,-5.25,6.0,0.096
2024-04-06T05:07:30.000,23.03,18.41,4.18,18.68,20.23,6416,-5.07,6.0,0.096
2024-04-06T05:08:31.000,23.03,18.41,4.33,18.64,20.23,6417,-4.88,6.0,0.096
2024-04-06T05:09:31.000,23.03,18.4,4.52,18.59,20.23,6418,-4.7,6.0,0.095
2024-04-06T05:10:31.000,23.03,18.4,4.74,18.54,20.23,6419,-4.52,6.0,0.095
2024-04-06T05:11:31.000,23.03,18.4,5.03,18.48,20.23,6420,-4.34,6.0,0.095
2024-04-06T05:12:31.000,23.03,18.4,5.39,18.4,20.23,6421,-4.16,7.0,0.095
2024-04-06T05:13:31.000,23.03,18.4,5.82,18.32,20.23,6422,-3.98,7.0,0.095
2024-04-06T05:14:31.000,23.03,18.39,6.47,18.2,20.23,6423,-3.8,7.0,0.095
2024-04-06T05:15:31.000,23.03,18.39,7.17,18.09,20.23,6424,-3.62,7.0,0.095
2024-04-06T05:16:32.000,23.03,18.39,8.08,17.96,20.23,6425,-3.43,7.0,0.095
2024-04-06T05:17:32.000,23.02,18.38,9.19,17.82,20.23,6426,-3.25,8.0,0.095
2024-04-06T05:18:32.000,23.02,18.38,10.62,17.67,20.23,6427,-3.07,8.0,0.095
2024-04-06T05:19:32.000,23.02,18.39,12.23,17.51,20.23,6428,-2.88,8.0,0.095
2024-04-06T05:20:32.000,23.02,18.37,14.16,17.35,20.23,6429,-2.7,8.0,0.095
2024-04-06T05:21:32.000,23.02,18.38,16.57,17.18,20.23,6430,-2.52,8.0,0.095
2024-04-06T05:22:32.000,23.02,18.38,19.26,17.02,20.23,6431,-2.34,8.0,0.095
2024-04-06T05:23:32.000,23.03,18.38,22.75,16.84,20.23,6432,-2.16,9.0,0.095
2024-04-06T05:24:32.000,23.02,18.37,27.08,16.65,20.23,6433,-1.97,9.0,0.095
2024-04-06T05:25:33.000,23.02,18.37,32.56,16.45,20.23,6434,-1.79,9.0,0.095
2024-04-06T05:26:33.000,23.02,18.37,39.77,16.23,20.23,6435,-1.6,9.0,0.095
2024-04-06T05:27:33.000,23.02,18.36,47.6,16.04,20.23,6436,-1.42,9.0,0.095
2024-04-06T05:28:33.000,23.01,18.37,59.84,15.79,20.23,6437,-1.24,9.0,0.095
2024-04-06T05:29:33.000,23.01,18.37,74.59,15.55,20.23,6438,-1.06,10.0,0.094
2024-04-06T05:30:33.000,23.01,18.37,93.55,15.3,20.23,6439,-0.87,10.0,0.094
2024-04-06T05:31:33.000,23.01,18.36,117.46,15.06,20.23,6440,-0.69,10.0,0.094
2024-04-06T05:32:33.000,23.0,18.35,147.14,14.81,20.23,6441,-0.51,10.0,0.094
