ecsv/stars612/stars612_2024-04.ecsv
# %ECSV 1.0
# ---
# datatype:
# - {name: time, datatype: string}
# - {name: Enclosure Temperature, unit: deg_C, datatype: float64}
# - {name: Sky Temperature, unit: deg_C, datatype: float64}
# - {name: Frequency, unit: Hz, datatype: float64}
# - {name: MSAS, unit: mag / arcsec2, datatype: float64}
# - {name: ZP, datatype: float64}
# - {name: Sequence Number, datatype: int64}
# - {name: Sun Alt, unit: deg, datatype: float64}
# - {name: Moon Alt, unit: deg, datatype: float64}
# - {name: Moon Illumination, datatype: float64}
# delimiter: ','
# meta: !!omap
# - ida:
#     Data supplier: {affiliation: Salvador Ribas, observer: Salvador Ribas}
#     Device type: TESS-W
#     Field of view: 17.0
#     Filters per channel: None
#     Instrument ID: stars612
#     License: ODbL 1.0 http://opendatacommons.org/licenses/odbl/summary/
#     Local timezone: Europe/Madrid
#     Location name: {country: "- Centre d'Observaci\xF3 de l'Univers", place: "\xC0ger", region: Spain, sub_region: Catalonia, town: Noguera}
#     Measurement direction per channel: {azimuth: 0.0, zenital: 0.0}
#     Moving / Fixed look direction: FIXED
#     Moving / Stationary position: STATIONARY
#     Number of channels: 1
#     Number of fields per line: 8
#     Number of header lines: 35
#     Position: {height: 0.0, latitude: 42.02459, longitude: 0.734797}
#     TESS MAC address: 98:F4:AB:B2:7C:40
#     TESS cover offset value: 0.0
#     TESS firmware version: '1.0'
#     TESS zero point: 20.23
#     Time Synchronization: timestamp added by MQTT subscriber
#     URL: http://www.darksky.org/NSBM/sdf1.0.pdf
# - __serialized_columns__:
#     Enclosure Temperature:
#       __class__: astropy.units.quantity.Quantity
#       unit: &id001 !astropy.units.Unit {unit: deg_C}
#       value: !astropy.table.SerializedColumn {name: Enclosure Temperature}
#     Frequency:
#       __class__: astropy.units.quantity.Quantity
#       unit: !astropy.units.Unit {unit: Hz}
#       value: !astropy.table.SerializedColumn {name: Frequency}
#     MSAS:
#       __class__: astropy.units.quantity.Quantity
#       unit: !astropy.units.Unit {unit: mag / arcsec2}
#       value: !astropy.table.SerializedColumn {name: MSAS}
#     Moon Alt:
#       __class__: astropy.units.quantity.Quantity
#       unit: &id002 !astropy.units.Unit {unit: deg}
#       value: !astropy.table.SerializedColumn {name: Moon Alt}
#     Sky Temperature:
#       __class__: astropy.units.quantity.Quantity
#       unit: *id001
#       value: !astropy.table.SerializedColumn {name: Sky Temperature}
#     Sun Alt:
#       __class__: astropy.units.quantity.Quantity
#       unit: *id002
#       value: !astropy.table.SerializedColumn {name: Sun Alt}
#     time:
#       __class__: astropy.time.core.Time
#       format: isot
#       in_subfmt: '*'
#       out_subfmt: '*'
#       precision: 3
#       scale: utc
#       value: !astropy.table.SerializedColumn {name: time}
# schema: astropy-2.0
time,Enclosure Temperature,Sky Temperature,Frequency,MSAS,ZP,Sequence Number,Sun Alt,Moon Alt,Moon Illumination
[from data line 2730]
2024-04-04T03:45:50.000,20.5,15.81,3.23,18.96,20.23,3469,-19.88,1.0,0.282
2024-04-04T03:46:50.000,20.5,15.81,3.23,18.96,20.23,3470,-19.71,2.0,0.282
2024-04-04T03:47:50.000,20.51,15.81,3.24,18.95,20.23,3471,-19.55,2.0,0.282
2024-04-04T03:48:50.000,20.5,15.8,3.24,18.95,20.23,3472,-19.38,2.0,0.281
2024-04-04T03:49:50.000,20.51,15.81,3.24,18.95,20.23,3473,-19.22,2.0,0.281
2024-04-04T03:50:51.000,20.51,15.8,3.24,18.95,20.23,3474,-19.05,2.0,0.281
2024-04-04T03:51:51.000,20.51,15.81,3.25,18.95,20.23,3475,-18.88,2.0,0.281
2024-04-04T03:52:51.000,20.51,15.8,3.25,18.95,20.23,3476,-18.72,3.0,0.281
2024-04-04T03:53:51.000,20.52,15.81,3.26,18.95,20.23,3477,-18.55,3.0,0.281
2024-04-04T03:54:51.000,20.52,15.8,3.24,18.95,20.23,3478,-18.39,3.0,0.281
2024-04-04T03:55:51.000,20.52,15.8,3.24,18.95,20.23,3479,-18.22,3.0,0.281
2024-04-04T03:56:51.000,20.52,15.8,3.24,18.95,20.23,3480,-18.05,3.0,0.281
2024-04-04T03:57:51.000,20.52,15.81,3.25,18.95,20.23,3481,-17.88,3.0,0.281
2024-04-04T03:58:52.000,20.52,15.8,3.24,18.96,20.23,3482,-17.71,3.0,0.281
2024-04-04T03:59:52.000,20.52,15.79,3.24,18.96,20.23,3483,-17.55,4.0,0.281
2024-04-04T04:00:52.000,20.52,15.8,3.24,18.95,20.23,3484,-17.38,4.0,0.281
2024-04-04T04:01:52.000,20.52,15.8,3.24,18.95,20.23,3485,-17.21,4.0,0.281
2024-04-04T04:02:52.000,20.52,15.81,3.24,18.95,20.23,3486,-17.04,4.0,0.28
2024-04-04T04:03:52.000,20.52,15.8,3.25,18.95,20.23,3487,-16.87,4.0,0.28
2024-04-04T04:04:52.000,20.53,15.81,3.25,18.95,20.23,3488,-16.7,4.0,0.28
2024-04-04T04:05:53.000,20.53,15.81,3.25,18.95,20.23,3489,-16.53,4.0,0.28
2024-04-04T04:06:53.000,20.53,15.81,3.26,18.95,20.23,3490,-16.36,5.0,0.28
2024-04-04T04:07:53.000,20.53,15.8,3.26,18.95,20.23,3491,-16.19,5.0,0.28
2024-04-04T04:08:53.000,20.52,15.8,3.27,18.94,20.23,3492,-16.02,5.0,0.28
2024-04-04T04:09:53.000,20.52,15.79,3.27,18.94,20.23,3493,-15.85,5.0,0.28
2024-04-04T04:10:54.000,20.52,15.79,3.27,18.94,20.23,3494,-15.68,5.0,0.28
2024-04-04T04:11:54.000,20.52,15.79,3.27,18.94,20.23,3495,-15.51,5.0,0.28
2024-04-04T04:12:54.000,20.52,15.79,3.26,18.95,20.23,3496,-15.34,5.0,0.28
2024-04-04T04:13:54.000,20.51,15.78,3.27,18.94,20.23,3497,-15.16,6.0,0.28
2024-04-04T04:14:54.000,20.51,15.78,3.26,18.95,20.23,3498,-14.99,6.0,0.28
2024-04-04T04:15:55.000,20.52,15.79,3.27,18.94,20.23,3499,-14.82,6.0,0.28
2024-04-04T04:16:55.000,20.52,15.79,3.27,18.94,20.23,3500,-14.65,6.0,0.279
2024-04-04T04:17:55.000,20.51,15.79,3.27,18.94,20.23,3501,-14.47,6.0,0.279
2024-04-04T04:18:55.000,20.51,15.78,3.27,18.94,20.23,3502,-14.3,6.0,0.279
2024-04-04T04:19:55.000,20.51,15.78,3.28,18.94,20.23,3503,-14.13,6.0,0.279
2024-04-04T04:20:55.000,20.51,15.78,3.28,18.94,20.23,3504,-13.96,7.0,0.279
2024-04-04T04:21:55.000,20.51,15.79,3.28,18.94,20.23,3505,-13.78,7.0,0.279
2024-04-04T04:22:55.000,20.51,15.78,3.29,18.94,20.23,3506,-13.61,7.0,0.279
2024-04-04T04:23:56.000,20.51,15.79,3.29,18.94,20.23,3507,-13.43,7.0,0.279
2024-04-04T04:24:56.000,20.51,15.79,3.3,18.93,20.23,3508,-13.26,7.0,0.279
2024-04-04T04:25:56.000,20.51,15.78,3.31,18.93,20.23,3509,-13.08,7.0,0.279
2024-04-04T04:26:56.000,20.51,15.78,3.31,18.93,20.23,3510,-12.91,7.0,0.279
2024-04-04T04:27:56.000,20.51,15.78,3.32,18.93,20.23,3511,-12.74,8.0,0.279
2024-04-04T04:29:03.000,20.51,15.78,3.32,18.93,20.23,3512,-12.54,8.0,0.279
2024-04-04T04:30:03.000,20.51,15.79,3.33,18.92,20.23,3513,-12.37,8.0,0.278
2024-04-04T04:31:03.000,20.51,15.78,3.33,18.92,20.23,3514,-12.19,8.0,0.278
2024-04-04T04:32:03.000,20.51,15.78,3.33,18.92,20.23,3515,-12.02,8.0,0.278
2024-04-04T04:33:03.000,20.5,15.78,3.33,18.93,20.23,3516,-11.84,8.0,0.278
2024-04-04T04:34:04.000,20.5,15.78,3.33,18.93,20.23,3517,-11.66,8.0,0.278
2024-04-04T04:35:04.000,20.5,15.78,3.32,18.93,20.23,3518,-11.49,9.0,0.278
2024-04-04T04:36:04.000,20.5,15.77,3.33,18.93,20.23,3519,-11.31,9.0,0.278
2024-04-04T04:37:04.000,20.5,15.78,3.33,18.92,20.23,3520,-11.13,9.0,0.278
2024-04-04T04:38:05.000,20.5,15.77,3.35,18.92,20.23,3521,-10.95,9.0,0.278
2024-04-04T04:39:05.000,20.5,15.78,3.34,18.92,20.23,3522,-10.78,9.0,0.278
2024-04-04T04:40:06.000,20.5,15.77,3.35,18.92,20.23,3523,-10.6,9.0,0.278
2024-04-04T04:41:06.000,20.5,15.77,3.35,18.92,20.23,3524,-10.42,9.0,0.278
2024-04-04T04:42:06.000,20.5,15.77,3.36,18.91,20.23,3525,-10.24,10.0,0.278
2024-04-04T04:43:06.000,20.5,15.76,3.37,18.91,20.23,3526,-10.07,10.0,0.278
2024-04-04T04:44:07.000,20.5,15.77,3.37,18.91,20.23,3527,-9.89,10.0,0.277
2024-04-04T04:45:07.000,20.5,15.77,3.37,18.91,20.23,3528,-9.71,10.0,0.277
2024-04-04T04:46:07.000,20.5,15.77,3.37,18.91,20.23,3529,-9.53,10.0,0.277
2024-04-04T04:47:07.000,20.51,15.77,3.37,18.91,20.23,3530,-9.35,10.0,0.277
2024-04-04T04:48:07.000,20.51,15.77,3.37,18.91,20.23,3531,-9.17,10.0,0.277
2024-04-04T04:49:07.000,20.51,15.77,3.38,18.91,20.23,3532,-9.0,10.0,0.277
2024-04-04T04:50:07.000,20.51,15.77,3.38,18.91,20.23,3533,-8.82,11.0,0.277
2024-04-04T04:51:07.000,20.51,15.77,3.38,18.91,20.23,3534,-8.64,11.0,0.277
2024-04-04T04:52:07.000,20.51,15.77,3.4,18.9,20.23,3535,-8.46,11.0,0.277
2024-04-04T04:53:08.000,20.51,15.77,3.41,18.9,20.23,3536,-8.28,11.0,0.277
2024-04-04T04:54:08.000,20.51,15.76,3.44,18.89,20.23,3537,-8.1,11.0,0.277
2024-04-04T04:55:08.000,20.51,15.76,3.45,18.88,20.23,3538,-7.92,11.0,0.277
2024-04-04T04:56:08.000,20.51,15.76,3.49,18.87,20.23,3539,-7.74,11.0,0.277
2024-04-04T04:57:08.000,20.5,15.76,3.52,18.86,20.23,3540,-7.56,12.0,0.277
2024-04-04T04:58:08.000,20.51,15.77,3.57,18.85,20.23,3541,-7.38,12.0,0.276
2024-04-04T04:59:08.000,20.5,15.76,3.61,18.84,20.23,3542,-7.2,12.0,0.276
2024-04-04T05:00:09.000,20.5,15.76,3.67,18.82,20.23,3543,-7.02,12.0,0.276
2024-04-04T05:01:09.000,20.5,15.76,3.74,18.8,20.23,3544,-6.84,12.0,0.276
2024-04-04T05:02:09.000,20.5,15.76,3.82,18.78,20.23,3545,-6.66,12.0,0.276
2024-04-04T05:03:09.000,20.5,15.75,3.9,18.75,20.23,3546,-6.48,12.0,0.276
2024-04-04T05:04:09.000,20.5,15.75,4.01,18.72,20.23,3547,-6.3,12.0,0.276
2024-04-04T05:05:09.000,20.49,15.75,4.13,18.69,20.23,3548,-6.12,13.0,0.276
2024-04-04T05:06:09.000,20.49,15.75,4.27,18.66,20.23,3549,-5.94,13.0,0.276
2024-04-04T05:07:09.000,20.49,15.75,4.42,18.62,20.23,3550,-5.75,13.0,0.276
2024-04-04T05:08:09.000,20.49,15.75,4.63,18.57,20.23,3551,-5.57,13.0,0.276
2024-04-04T05:09:10.000,20.49,15.74,4.86,18.51,20.23,3552,-5.39,13.0,0.276
2024-04-04T05:10:10.000,20.48,15.75,5.14,18.45,20.23,3553,-5.21,13.0,0.276
2024-04-04T05:11:17.000,20.48,15.75,5.48,18.38,20.23,3554,-5.01,13.0,0.276
2024-04-04T05:12:16.000,20.48,15.75,5.98,18.29,20.23,3555,-4.83,13.0,0.275
2024-04-04T05:13:16.000,20.48,15.74,6.5,18.2,20.23,3556,-4.65,14.0,0.275
2024-04-04T05:14:23.000,20.48,15.75,7.11,18.1,20.23,3557,-4.44,14.0,0.275
2024-04-04T05:15:22.000,20.48,15.74,7.99,17.97,20.23,3558,-4.26,14.0,0.275
2024-04-04T05:16:22.000,20.48,15.74,8.93,17.85,20.23,3559,-4.08,14.0,0.275
2024-04-04T05:17:23.000,20.48,15.74,10.09,17.72,20.23,3560,-3.9,14.0,0.275
2024-04-04T05:18:23.000,20.48,15.74,11.46,17.58,20.23,3561,-3.71,14.0,0.275
2024-04-04T05:19:23.000,20.47,15.74,13.22,17.43,20.23,3562,-3.53,14.0,0.275
2024-04-04T05:20:23.000,20.47,15.74,15.1,17.28,20.23,3563,-3.35,14.0,0.275
2024-04-04T05:21:23.000,20.47,15.74,17.36,17.13,20.23,3564,-3.17,15.0,0.275
2024-04-04T05:22:23.000,20.47,15.74,20.2,16.97,20.23,3565,-2.98,15.0,0.275
2024-04-04T05:23:23.000,20.48,15.74,23.68,16.8,20.23,3566,-2.8,15.0,0.275
2024-04-04T05:24:23.000,20.48,15.74,27.9,16.62,20.23,3567,-2.62,15.0,0.275
2024-04-04T05:25:24.000,20.47,15.73,33.12,16.43,20.23,3568,-2.43,15.0,0.274
2024-04-04T05:26:24.000,20.48,15.73,39.59,16.24,20.23,3569,-2.25,15.0,0.274
2024-04-04T05:27:24.000,20.48,15.73,46.49,16.06,20.23,3570,-2.07,15.0,0.274
2024-04-04T05:28:24.000,20.48,15.74,56.84,15.84,20.23,3571,-1.88,15.0,0.274
2024-04-04T05:29:24.000,20.47,15.73,68.75,15.64,20.23,3572,-1.7,15.0,0.274
2024-04-04T05:30:25.000,20.47,15.73,83.62,15.43,20.23,3573,-1.51,16.0,0.274
2024-04-04T05:31:25.000,20.47,15.73,102.72,15.2,20.23,3574,-1.33,16.0,0.274
2024-04-04T05:32:25.000,20.47,15.73,126.09,14.98,20.23,3575,-1.15,16.0,0.274
2024-04-04T05:33:25.000,20.47,15.73,154.88,14.76,20.23,3576,-0.96,16.0,0.274
2024-04-04T05:34:25.000,20.47,15.73,190.56,14.53,20.23,3577,-0.78,16.0,0.274
2024-04-04T05:35:26.000,20.47,15.72,234.85,14.31,20.23,3578,-0.59,16.0,0.274
2024-04-04T05:36:26.000,20.47,15.72,292.44,14.07,20.23,3579,-0.41,16.0,0.274
2024-04-04T05:37:27.000,20.47,15.73,371.51,13.81,20.23,3580,-0.22,16.0,0.274
2024-04-04T05:38:28.000,20.47,15.72,474.02,13.54,20.23,3581,-0.03,16.0,0.274
2024-04-04T05:39:28.000,20.47,15.72,592.42,13.3,20.23,3582,0.15,17.0,0.273
2024-04-04T05:40:29.000,20.46,15.72,707.2,13.11,20.23,3583,0.34,17.0,0.273
2024-04-04T05:41:29.000,20.47,15.72,820.58,12.95,20.23,3584,0.52,17.0,0.273
2024-04-04T05:42:30.000,20.46,15.72,965.8,12.77,20.23,3585,0.71,17.0,0.273
2024-04-04T05:43:30.000,20.46,15.72,1160.84,12.57,20.23,3586,0.89,17.0,0.273
2024-04-04T05:44:31.000,20.46,15.72,1385.29,12.38,20.23,3587,1.08,17.0,0.273
2024-04-04T05:45:31.000,20.46,15.72,1648.64,12.19,20.23,3588,1.27,17.0,0.273
2024-04-04T05:46:32.000,20.46,15.72,1981.71,11.99,20.23,3589,1.45,17.0,0.273
2024-04-04T05:47:32.000,20.46,15.71,2369.33,11.79,20.23,3590,1.64,17.0,0.273
2024-04-04T05:48:33.000,20.46,15.71,2770.69,11.62,20.23,3591,1.83,18.0,0.273
2024-04-04T05:49:33.000,20.46,15.71,3171.44,11.48,20.23,3592,2.01,18.0,0.273
2024-04-04T05:50:33.000,20.46,15.71,3576.84,11.35,20.23,3593,2.2,18.0,0.273
2024-04-04T05:51:34.000,20.46,15.71,4018.64,11.22,20.23,3594,2.38,18.0,0.273
2024-04-04T05:52:34.000,20.46,15.72,4504.89,11.1,20.23,3595,2.57,18.0,0.273
2024-04-04T05:53:35.000,20.46,15.71,5022.98,10.98,20.23,3596,2.76,18.0,0.272
2024-04-04T05:54:35.000,20.46,15.72,5585.8,10.86,20.23,3597,2.94,18.0,0.272
2024-04-04T05:55:36.000,20.46,15.71,6208.09,10.75,20.23,3598,3.13,18.0,0.272
2024-04-04T05:56:43.000,20.46,15.71,6886.56,10.64,20.23,3599,3.34,18.0,0.272
2024-04-04T05:57:42.000,20.45,15.71,7679.08,10.52,20.23,3600,3.52,18.0,0.272
2024-04-04T05:58:43.000,20.46,15.71,8445.42,10.41,20.23,3601,3.71,19.0,0.272
2024-04-04T05:59:43.000,20.46,15.71,9252.58,10.31,20.23,3602,3.89,19.0,0.272
2024-04-04T06:00:44.000,20.46,15.71,10117.51,10.22,20.23,3603,4.08,19.0,0.272
2024-04-04T06:01:45.000,20.46,15.71,11023.38,10.12,20.23,3604,4.27,19.0,0.272
2024-04-04T06:02:45.000,20.46,15.71,11967.27,10.04,20.23,3605,4.46,19.0,0.272
2024-04-04T06:03:45.000,20.46,15.7,12945.4,9.95,20.23,3606,4.64,19.0,0.272
2024-04-04T06:04:46.000,20.46,15.71,13943.16,9.87,20.23,3607,4.83,19.0,0.272
2024-04-04T06:05:46.000,20.46,15.7,14947.78,9.79,20.23,3608,5.02,19.0,0.272
2024-04-04T06:06:47.000,20.46,15.7,15951.76,9.72,20.23,3609,5.21,19.0,0.272
2024-04-04T06:07:47.000,20.46,15.7,16951.18,9.66,20.23,3610,5.39,19.0,0.271
2024-04-04T06:08:48.000,20.45,15.69,17929.38,9.6,20.23,3611,5.58,20.0,0.271
2024-04-04T06:09:48.000,20.45,15.7,18850.94,9.54,20.23,3612,5.77,20.0,0.271
2024-04-04T06:10:48.000,20.45,15.69,19791.71,9.49,20.23,3613,5.95,20.0,0.271
2024-04-04T06:11:49.000,20.45,15.7,20897.2,9.43,20.23,3614,6.14,20.0,0.271
2024-04-04T06:12:49.000,20.45,15.7,22138.55,9.37,20.23,3615,6.33,20.0,0.271
2024-04-04T06:13:50.000,20.45,15.69,23436.87,9.31,20.23,3616,6.51,20.0,0.271
2024-04-04T06:14:50.000,20.45,15.69,24659.29,9.25,20.23,3617,6.7,20.0,0.271
2024-04-04T06:15:51.000,20.45,15.69,25683.09,9.21,20.23,3618,6.89,20.0,0.271
2024-04-04T06:16:51.000,20.45,15.69,25885.9,9.43,20.23,3619,7.08,20.0,0.271
2024-04-04T06:17:51.000,20.44,15.68,27958.31,9.11,20.23,3620,7.26,20.0,0.271
2024-04-04T06:18:52.000,20.44,15.69,29044.04,9.07,20.23,3621,7.45,20.0,0.271
2024-04-04T06:19:52.000,20.44,15.68,30279.29,9.03,20.23,3622,7.64,21.0,0.271
2024-04-04T06:20:53.000,20.44,15.68,31487.58,8.98,20.23,3623,7.82,21.0,0.271
2024-04-04T06:21:53.000,20.44,15.68,32603.42,8.95,20.23,3624,8.01,21.0,0.27
2024-04-04T06:22:54.000,20.44,15.69,33651.42,8.91,20.23,3625,8.2,21.0,0.27
2024-04-04T06:23:54.000,20.44,15.68,33181.66,9.21,20.23,3626,8.39,21.0,0.27
2024-04-04T06:24:55.000,20.44,15.68,35630.55,8.85,20.23,3627,8.57,21.0,0.27
2024-04-04T06:25:55.000,20.44,15.68,36445.51,8.83,20.23,3628,8.76,21.0,0.27
2024-04-04T06:26:56.000,20.44,15.68,37183.27,8.8,20.23,3629,8.95,21.0,0.27
2024-04-04T06:27:56.000,20.44,15.68,37936.87,8.78,20.23,3630,9.14,21.0,0.27
2024-04-04T06:28:57.000,20.43,15.68,38700.0,8.76,20.23,3631,9.32,21.0,0.27
2024-04-04T06:29:57.000,20.43,15.67,39385.78,8.74,20.23,3632,9.51,21.0,0.27
2024-04-04T06:30:58.000,20.43,15.67,39956.22,8.73,20.23,3633,9.7,21.0,0.27
2024-04-04T06:31:58.000,20.43,15.67,40149.87,8.72,20.23,3634,9.89,22.0,0.27
2024-04-04T06:32:58.000,20.43,15.68,40521.96,8.71,20.23,3635,10.07,22.0,0.27
2024-04-04T06:33:59.000,20.43,15.67,41425.31,8.69,20.23,3636,10.26,22.0,0.27
2024-04-04T06:34:59.000,20.43,15.68,42420.04,8.66,20.23,3637,10.45,22.0,0.269
2024-04-04T06:36:00.000,20.43,15.68,43242.4,8.64,20.23,3638,10.64,22.0,0.269
2024-04-04T06:37:00.000,20.43,15.67,43824.18,8.63,20.23,3639,10.82,22.0,0.269
2024-04-04T06:38:01.000,20.43,15.67,44577.84,8.61,20.23,3640,11.01,22.0,0.269
2024-04-04T06:39:01.000,20.43,15.67,45557.07,8.58,20.23,3641,11.2,22.0,0.269
2024-04-04T06:40:02.000,20.43,15.67,46522.13,8.56,20.23,3642,11.38,22.0,0.269
2024-04-04T06:41:02.000,20.43,15.68,47493.71,8.54,20.23,3643,11.57,22.0,0.269
2024-04-04T06:42:03.000,20.42,15.67,48575.16,8.51,20.23,3644,11.76,22.0,0.269
2024-04-04T06:43:03.000,20.42,15.66,49507.16,8.49,20.23,3645,11.94,22.0,0.269
2024-04-04T06:44:04.000,20.43,15.68,50363.84,8.47,20.23,3646,12.13,22.0,0.269
2024-04-04T06:45:04.000,20.43,15.67,51295.0,8.45,20.23,3647,12.32,23.0,0.269
2024-04-04T06:46:05.000,20.43,15.67,52118.27,8.44,20.23,3648,12.51,23.0,0.269
2024-04-04T06:47:05.000,20.43,15.67,52376.62,8.51,20.23,3649,12.69,23.0,0.269
2024-04-04T06:48:06.000,20.43,15.67,53655.8,8.41,20.23,3650,12.88,23.0,0.269
2024-04-04T06:49:06.000,20.43,15.67,54306.42,8.39,20.23,3651,13.07,23.0,0.268
2024-04-04T06:50:07.000,20.43,15.67,54898.38,8.38,20.23,3652,13.26,23.0,0.268
2024-04-04T06:51:07.000,20.43,15.67,55333.58,8.37,20.23,3653,13.44,23.0,0.268
2024-04-04T06:52:08.000,20.44,15.68,55787.33,8.36,20.23,3654,13.63,23.0,0.268
2024-04-04T06:53:08.000,20.43,15.67,56458.22,8.35,20.23,3655,13.82,23.0,0.268
2024-04-04T06:54:08.000,20.43,15.67,57267.25,8.34,20.23,3656,14.0,23.0,0.268
2024-04-04T06:55:09.000,20.43,15.67,58195.02,8.32,20.23,3657,14.19,23.0,0.268
2024-04-04T06:56:09.000,20.43,15.66,59213.42,8.3,20.23,3658,14.37,23.0,0.268
2024-04-04T06:57:10.000,20.43,15.67,60237.11,8.28,20.23,3659,14.56,23.0,0.268
2024-04-04T06:58:10.000,20.43,15.67,60431.73,8.35,20.23,3660,14.75,23.0,0.268
2024-04-04T06:59:11.000,20.43,15.67,61933.78,8.25,20.23,3661,14.94,23.0,0.268
2024-04-04T07:00:11.000,20.43,15.66,62896.69,8.23,20.23,3662,15.12,23.0,0.268
2024-04-04T07:01:12.000,20.44,15.67,63902.55,8.22,20.23,3663,15.31,24.0,0.268
2024-04-04T07:02:12.000,20.43,15.67,58657.96,4.83,20.23,3664,15.49,24.0,0.268
2024-04-04T07:03:12.000,20.44,15.67,50000.0,0.0,20.23,3665,15.68,24.0,0.267
2024-04-04T07:04:13.000,20.43,15.67,50000.0,0.0,20.23,3666,15.87,24.0,0.267
2024-04-04T07:05:13.000,20.43,15.67,50000.0,0.0,20.23,3667,16.05,24.0,0.267
2024-04-04T07:54:42.000,20.49,15.85,50000.0,0.0,20.23,3716,25.07,26.0,0.264
2024-04-04T07:55:42.000,20.49,15.85,50000.0,0.0,20.23,3717,25.25,26.0,0.264
2024-04-04T07:56:42.000,20.49,15.86,50000.0,0.0,20.23,3718,25.43,26.0,0.264
2024-04-04T07:57:42.000,20.5,15.86,49519.63,0.16,20.23,3719,25.61,26.0,0.264
2024-04-04T07:58:43.000,20.51,15.87,50000.0,0.0,20.23,3720,25.79,26.0,0.264
2024-04-04T07:59:43.000,20.5,15.87,50000.0,0.0,20.23,3721,25.97,26.0,0.263
2024-04-04T08:00:43.000,20.51,15.88,50000.0,0.0,20.23,3722,26.15,26.0,0.263
2024-04-04T14:00:02.000,21.51,17.43,50000.0,0.0,20.23,4080,45.21,-9.0,0.238
2024-04-04T14:01:03.000,21.5,17.43,50000.0,0.0,20.23,4081,45.08,-10.0,0.238
2024-04-04T14:02:03.000,21.51,17.43,50000.0,0.0,20.23,4082,44.94,-10.0,0.238
2024-04-04T14:03:03.000,21.51,17.43,49490.17,0.17,20.23,4083,44.81,-10.0,0.238
2024-04-04T14:04:03.000,21.51,17.43,49000.58,0.34,20.23,4084,44.68,-10.0,0.238
