ecsv/stars612/stars612_2025-04.ecsv
# %ECSV 1.0
# ---
# datatype:
# - {name: time, datatype: string}
# - {name: Enclosure Temperature, unit: deg_C, datatype: float64}
# - {name: Sky Temperature, unit: deg_C, datatype: float64}
# - {name: Frequency, unit: Hz, datatype: float64}
# - {name: MSAS, unit: mag / arcsec2, datatype: float64}
# - {name: ZP, datatype: float64}
# - {name: Sequence Number, datatype: int64}
# - {name: Sun Alt, unit: deg, datatype: float64}
# - {name: Moon Alt, unit: deg, datatype: float64}
# - {name: Moon Illumination, datatype: float64}
# delimiter: ','
# meta: !!omap
# - ida:
#     Data supplier: {affiliation: Salvador Ribas, observer: Salvador Ribas}
#     Device type: TESS-W
#     Field of view: 17.0
#     Filters per channel: None
#     Instrument ID: stars612
#     License: ODbL 1.0 http://opendatacommons.org/licenses/odbl/summary/
#     Local timezone: Europe/Madrid
#     Location name: {country: Spain, place: "Centre d'Observaci\xF3 de l'Univers", region: Catalonia, sub_region: Noguera, town: "\xC0\
#         ger"}
#     Measurement direction per channel: {azimuth: 0.0, zenital: 0.0}
#     Moving / Fixed look direction: FIXED
#     Moving / Stationary position: STATIONARY
#     Number of channels: 1
#     Number of fields per line: 8
#     Number of header lines: 35
#     Position: {height: 0.0, latitude: 42.02459, longitude: 0.734797}
#     TESS MAC address: 98:F4:AB:B2:7C:40
#     TESS cover offset value: 0.0
#     TESS firmware version: '1.0'
#     TESS zero point: 20.23
#     Time Synchronization: timestamp added by MQTT subscriber
#     URL: http://www.darksky.org/NSBM/sdf1.0.pdf
# - __serialized_columns__:
#     Enclosure Temperature:
#       __class__: astropy.units.quantity.Quantity
#       unit: &id001 !astropy.units.Unit {unit: deg_C}
#       value: !astropy.table.SerializedColumn {name: Enclosure Temperature}
#     Frequency:
#       __class__: astropy.units.quantity.Quantity
#       unit: !astropy.units.Unit {unit: Hz}
#       value: !astropy.table.SerializedColumn {name: Frequency}
#     MSAS:
#       __class__: astropy.units.quantity.Quantity
#       unit: !astropy.units.Unit {unit: mag / arcsec2}
#       value: !astropy.table.SerializedColumn {name: MSAS}
#     Moon Alt:
#       __class__: astropy.units.quantity.Quantity
#       unit: &id002 !astropy.units.Unit {unit: deg}
#       value: !astropy.table.SerializedColumn {name: Moon Alt}
#     Sky Temperature:
#       __class__: astropy.units.quantity.Quantity
#       unit: *id001
#       value: !astropy.table.SerializedColumn {name: Sky Temperature}
#     Sun Alt:
#       __class__: astropy.units.quantity.Quantity
#       unit: *id002
#       value: !astropy.table.SerializedColumn {name: Sun Alt}
#     time:
#       __class__: astropy.time.core.Time
#       format: isot
#       in_subfmt: '*'
#       out_subfmt: '*'
#       precision: 3
#       scale: utc
#       value: !astropy.table.SerializedColumn {name: time}
# schema: astropy-2.0
time,Enclosure Temperature,Sky Temperature,Frequency,MSAS,ZP,Sequence Number,Sun Alt,Moon Alt,Moon Illumination
[from data line 3617]
2025-04-14T04:40:09.000,12.31,10.72,53.72,15.91,20.23,6590,-7.57,8.0,0.987
2025-04-14T04:41:09.000,12.25,10.91,63.98,15.72,20.23,6591,-7.4,8.0,0.987
2025-04-14T04:42:09.000,12.3,11.0,77.98,15.5,20.23,6592,-7.22,8.0,0.987
2025-04-14T04:43:10.000,12.34,11.11,98.02,15.25,20.23,6593,-7.04,8.0,0.987
2025-04-14T04:44:10.000,12.37,10.98,120.34,15.03,20.23,6594,-6.87,8.0,0.987
2025-04-14T04:45:10.000,12.35,10.92,149.26,14.8,20.23,6595,-6.69,8.0,0.987
2025-04-14T04:46:10.000,12.29,10.83,188.53,14.54,20.23,6596,-6.52,8.0,0.987
2025-04-14T04:47:11.000,12.3,11.03,235.84,14.3,20.23,6597,-6.34,7.0,0.987
2025-04-14T04:48:11.000,12.36,11.12,280.89,14.11,20.23,6598,-6.16,7.0,0.987
2025-04-14T04:49:12.000,12.42,11.27,322.44,13.96,20.23,6599,-5.98,7.0,0.987
2025-04-14T04:50:12.000,12.44,11.16,337.3,13.91,20.23,6600,-5.81,7.0,0.987
2025-04-14T04:51:12.000,12.43,10.98,370.6,13.81,20.23,6601,-5.63,7.0,0.987
2025-04-14T04:52:12.000,12.36,11.01,453.71,13.59,20.23,6602,-5.45,7.0,0.987
2025-04-14T04:53:13.000,12.4,11.19,561.67,13.36,20.23,6603,-5.27,6.0,0.987
2025-04-14T04:54:14.000,12.45,11.23,688.07,13.14,20.23,6604,-5.09,6.0,0.987
2025-04-14T04:55:14.000,12.48,11.27,766.96,13.02,20.23,6605,-4.92,6.0,0.987
2025-04-14T04:56:15.000,12.42,10.82,857.42,12.9,20.23,6606,-4.74,6.0,0.987
2025-04-14T04:57:15.000,12.36,10.73,1037.31,12.69,20.23,6607,-4.56,6.0,0.987
2025-04-14T04:58:16.000,12.29,10.84,1346.71,12.41,20.23,6608,-4.38,6.0,0.987
2025-04-14T04:59:16.000,12.26,10.66,1700.07,12.16,20.23,6609,-4.2,5.0,0.987
2025-04-14T05:00:17.000,12.15,10.46,2106.18,11.92,20.23,6610,-4.02,5.0,0.987
2025-04-14T05:01:17.000,12.09,10.45,2785.4,11.62,20.23,6611,-3.84,5.0,0.987
2025-04-14T05:02:17.000,11.92,9.92,3720.6,11.31,20.23,6612,-3.66,5.0,0.987
2025-04-14T05:03:18.000,11.8,10.28,5088.09,10.97,20.23,6613,-3.48,5.0,0.986
2025-04-14T05:04:18.000,11.82,10.27,6887.73,10.64,20.23,6614,-3.3,5.0,0.986
2025-04-14T05:05:19.000,11.89,10.48,9166.18,10.33,20.23,6615,-3.12,4.0,0.986
2025-04-14T05:06:19.000,11.93,10.63,12009.24,10.03,20.23,6616,-2.94,4.0,0.986
2025-04-14T05:07:20.000,11.97,10.54,15501.04,9.76,20.23,6617,-2.76,4.0,0.986
2025-04-14T05:08:20.000,11.98,10.52,19844.04,9.49,20.23,6618,-2.58,4.0,0.986
2025-04-14T05:09:21.000,11.91,10.32,25010.91,9.38,20.23,6619,-2.4,4.0,0.986
2025-04-14T05:10:21.000,11.89,10.31,30209.45,9.03,20.23,6620,-2.22,4.0,0.986
2025-04-14T05:11:21.000,11.86,10.26,34054.19,8.97,20.23,6621,-2.04,4.0,0.986
2025-04-14T05:12:22.000,11.88,10.46,36492.58,8.82,20.23,6622,-1.86,3.0,0.986
2025-04-14T05:13:22.000,11.93,10.59,38427.78,8.77,20.23,6623,-1.68,3.0,0.986
2025-04-14T05:14:23.000,12.01,10.86,39497.64,8.74,20.23,6624,-1.49,3.0,0.986
2025-04-14T05:15:23.000,12.04,10.6,40271.36,8.72,20.23,6625,-1.31,3.0,0.986
2025-04-14T05:16:24.000,12.02,10.5,44756.22,8.6,20.23,6626,-1.13,3.0,0.986
2025-04-14T05:17:24.000,11.99,10.56,51779.16,8.45,20.23,6627,-0.95,3.0,0.986
2025-04-14T05:18:25.000,12.01,10.55,57493.29,6.07,20.23,6628,-0.76,2.0,0.986
2025-04-14T05:19:25.000,11.94,10.38,50000.0,0.0,20.23,6629,-0.58,2.0,0.986
2025-04-14T05:20:26.000,11.86,9.93,50000.0,0.0,20.23,6630,-0.4,2.0,0.986
2025-04-14T05:21:26.000,11.68,9.89,50000.0,0.0,20.23,6631,-0.22,2.0,0.986
2025-04-14T05:22:26.000,11.66,9.92,50000.0,0.0,20.23,6632,-0.04,2.0,0.986
2025-04-14T05:23:27.000,11.54,9.73,49444.55,0.2,20.23,6633,0.15,2.0,0.986
2025-04-14T05:24:27.000,11.65,10.29,50000.0,0.0,20.23,6634,0.33,1.0,0.986
2025-04-14T05:25:27.000,11.72,10.35,50000.0,0.0,20.23,6635,0.51,1.0,0.986
2025-04-14T05:26:27.000,11.76,10.41,50000.0,0.0,20.23,6636,0.69,1.0,0.986
2025-04-14T05:34:28.000,11.66,9.92,50000.0,0.0,20.23,6644,2.15,-0.0,0.986
2025-04-14T05:35:29.000,11.69,10.16,50000.0,0.0,20.23,6645,2.34,-0.0,0.986
2025-04-14T05:36:29.000,11.66,9.89,50000.0,0.0,20.23,6646,2.52,-1.0,0.986
2025-04-14T05:38:48.000,11.55,10.05,50000.0,0.0,20.23,6648,2.94,-1.0,0.986
2025-04-14T05:39:48.000,11.62,9.97,50000.0,0.0,20.23,6649,3.13,-1.0,0.986
2025-04-14T05:40:48.000,11.4,9.31,50000.0,0.0,20.23,6650,3.31,-1.0,0.986
2025-04-14T15:47:18.000,15.01,8.73,50000.0,0.0,20.23,7255,30.37,-49.0,0.975
2025-04-14T15:48:18.000,14.94,8.45,50000.0,0.0,20.23,7256,30.19,-49.0,0.975
2025-04-14T15:49:18.000,14.59,9.23,50000.0,0.0,20.23,7257,30.01,-48.0,0.975
2025-04-14T15:56:38.000,12.64,9.01,50000.0,0.0,20.23,2,28.69,-47.0,0.975
2025-04-14T15:57:38.000,11.55,7.87,50000.0,0.0,20.23,3,28.51,-47.0,0.975
2025-04-14T15:58:38.000,11.36,8.42,50000.0,0.0,20.23,4,28.33,-47.0,0.975
2025-04-14T18:12:58.000,10.82,-10.57,50000.0,0.0,20.23,138,3.57,-23.0,0.972
2025-04-14T18:13:58.000,10.82,-10.27,50000.0,0.0,20.23,139,3.39,-23.0,0.972
2025-04-14T18:14:58.000,10.78,-9.71,50000.0,0.0,20.23,140,3.21,-23.0,0.972
2025-04-14T18:15:58.000,10.74,-9.36,49707.82,0.1,20.23,141,3.02,-23.0,0.972
2025-04-14T18:16:58.000,10.7,-9.81,50000.0,0.0,20.23,142,2.84,-23.0,0.972
2025-04-14T18:17:58.000,10.66,-10.86,50000.0,0.0,20.23,143,2.66,-23.0,0.972
2025-04-14T18:18:59.000,10.61,-11.85,50000.0,0.0,20.23,144,2.47,-22.0,0.972
2025-04-14T18:29:00.000,9.99,-12.66,50000.0,0.0,20.23,154,0.65,-21.0,0.972
2025-04-14T18:30:01.000,9.95,-12.65,50000.0,0.0,20.23,155,0.47,-20.0,0.972
2025-04-14T18:31:01.000,9.88,-12.62,50000.0,0.0,20.23,156,0.29,-20.0,0.972
2025-04-14T18:32:01.000,9.82,-12.46,49489.89,0.18,20.23,157,0.11,-20.0,0.972
2025-04-14T18:33:01.000,9.76,-12.28,50000.0,0.0,20.23,158,-0.07,-20.0,0.972
2025-04-14T18:34:01.000,9.74,-12.02,50000.0,0.0,20.23,159,-0.25,-20.0,0.972
2025-04-14T18:35:01.000,9.7,-11.95,50000.0,0.0,20.23,160,-0.44,-20.0,0.972
2025-04-14T18:39:03.000,9.57,-11.82,50000.0,0.0,20.23,164,-1.16,-19.0,0.972
2025-04-14T18:40:04.000,9.55,-11.84,50000.0,0.0,20.23,165,-1.34,-19.0,0.972
2025-04-14T18:41:04.000,9.55,-11.8,50000.0,0.0,20.23,166,-1.52,-19.0,0.971
2025-04-14T18:42:04.000,9.56,-11.75,55993.02,4.6,20.23,167,-1.7,-18.0,0.971
2025-04-14T18:43:05.000,9.57,-11.74,51524.45,8.45,20.23,168,-1.89,-18.0,0.971
2025-04-14T18:44:05.000,9.57,-11.81,44182.8,8.62,20.23,169,-2.07,-18.0,0.971
2025-04-14T18:45:06.000,9.51,-11.98,38905.8,8.76,20.23,170,-2.25,-18.0,0.971
2025-04-14T18:46:06.000,9.44,-11.97,33861.04,8.91,20.23,171,-2.43,-18.0,0.971
2025-04-14T18:47:06.000,9.36,-12.19,29081.18,9.07,20.23,172,-2.61,-17.0,0.971
2025-04-14T18:48:07.000,9.25,-12.25,23844.07,9.56,20.23,173,-2.79,-17.0,0.971
2025-04-14T18:49:07.000,9.19,-12.14,21363.24,9.41,20.23,174,-2.97,-17.0,0.971
2025-04-14T18:50:08.000,9.14,-12.08,18212.96,9.58,20.23,175,-3.15,-17.0,0.971
2025-04-14T18:51:08.000,9.1,-12.05,15252.8,9.77,20.23,176,-3.33,-17.0,0.971
2025-04-14T18:52:08.000,9.1,-12.02,12425.98,10.0,20.23,177,-3.5,-17.0,0.971
2025-04-14T18:53:09.000,9.22,-12.35,9901.67,10.24,20.23,178,-3.68,-16.0,0.971
2025-04-14T18:54:09.000,9.56,-12.8,7813.82,10.5,20.23,179,-3.86,-16.0,0.971
2025-04-14T18:55:10.000,9.97,-13.13,6210.27,10.75,20.23,180,-4.04,-16.0,0.971
2025-04-14T18:56:10.000,10.22,-13.21,4964.84,10.99,20.23,181,-4.22,-16.0,0.971
2025-04-14T18:57:11.000,10.19,-13.08,3985.22,11.23,20.23,182,-4.4,-16.0,0.971
2025-04-14T18:58:11.000,10.1,-12.93,3203.11,11.47,20.23,183,-4.58,-16.0,0.971
2025-04-14T18:59:12.000,9.98,-13.0,2573.8,11.71,20.23,184,-4.76,-15.0,0.971
2025-04-14T19:00:12.000,9.98,-13.43,2062.33,11.95,20.23,185,-4.93,-15.0,0.971
2025-04-14T19:01:13.000,10.1,-13.43,1653.64,12.19,20.23,186,-5.11,-15.0,0.971
2025-04-14T19:02:13.000,10.05,-13.13,1328.89,12.42,20.23,187,-5.29,-15.0,0.971
2025-04-14T19:03:14.000,10.0,-12.85,1064.71,12.66,20.23,188,-5.47,-15.0,0.971
2025-04-14T19:04:14.000,10.0,-12.84,853.44,12.9,20.23,189,-5.65,-14.0,0.971
2025-04-14T19:05:15.000,10.07,-12.7,685.67,13.14,20.23,190,-5.82,-14.0,0.971
2025-04-14T19:06:15.000,9.99,-12.29,552.56,13.38,20.23,191,-6.0,-14.0,0.971
2025-04-14T19:07:16.000,10.0,-11.9,447.49,13.61,20.23,192,-6.18,-14.0,0.971
2025-04-14T19:08:16.000,10.1,-11.38,364.2,13.83,20.23,193,-6.35,-14.0,0.971
2025-04-14T19:09:17.000,10.06,-10.68,301.11,14.03,20.23,194,-6.53,-14.0,0.971
2025-04-14T19:10:17.000,9.97,-10.29,252.56,14.23,20.23,195,-6.71,-13.0,0.971
2025-04-14T19:11:17.000,10.0,-10.61,209.31,14.43,20.23,196,-6.88,-13.0,0.971
2025-04-14T19:12:18.000,10.12,-10.45,164.29,14.69,20.23,197,-7.06,-13.0,0.971
2025-04-14T19:13:18.000,10.07,-9.83,126.66,14.98,20.23,198,-7.23,-13.0,0.971
2025-04-14T19:14:18.000,10.01,-8.75,98.4,15.25,20.23,199,-7.41,-13.0,0.971
2025-04-14T19:15:18.000,10.0,-7.59,77.41,15.51,20.23,200,-7.58,-13.0,0.971
2025-04-14T19:16:18.000,10.12,-5.95,65.34,15.69,20.23,201,-7.76,-12.0,0.971
2025-04-14T19:17:18.000,10.1,-4.86,54.94,15.88,20.23,202,-7.93,-12.0,0.971
2025-04-14T19:18:18.000,9.99,-4.63,45.36,16.09,20.23,203,-8.1,-12.0,0.971
2025-04-14T19:19:18.000,10.04,-4.58,38.24,16.27,20.23,204,-8.28,-12.0,0.971
2025-04-14T19:20:19.000,10.09,-4.0,33.97,16.4,20.23,205,-8.45,-12.0,0.971
2025-04-14T19:21:19.000,10.07,-3.78,29.58,16.55,20.23,206,-8.62,-12.0,0.971
2025-04-14T19:22:19.000,9.98,-3.54,25.3,16.72,20.23,207,-8.8,-11.0,0.971
2025-04-14T19:23:19.000,10.09,-2.65,22.49,16.85,20.23,208,-8.97,-11.0,0.971
2025-04-14T19:24:19.000,10.22,-1.05,19.16,17.02,20.23,209,-9.14,-11.0,0.971
2025-04-14T19:25:19.000,10.29,0.3,16.42,17.19,20.23,210,-9.31,-11.0,0.971
2025-04-14T19:26:19.000,10.28,1.26,13.6,17.4,20.23,211,-9.49,-11.0,0.971
2025-04-14T19:27:19.000,10.26,2.06,10.96,17.63,20.23,212,-9.66,-11.0,0.97
2025-04-14T19:28:19.000,10.23,2.65,8.6,17.9,20.23,213,-9.83,-10.0,0.97
2025-04-14T19:29:19.000,10.25,3.29,6.52,18.2,20.23,214,-10.0,-10.0,0.97
2025-04-14T19:30:20.000,10.25,3.75,5.59,18.36,20.23,215,-10.17,-10.0,0.97
2025-04-14T19:31:20.000,10.26,4.03,5.28,18.42,20.23,216,-10.34,-10.0,0.97
2025-04-14T19:32:20.000,10.26,4.0,5.81,18.32,20.23,217,-10.51,-10.0,0.97
2025-04-14T19:33:20.000,10.23,4.3,6.81,18.15,20.23,218,-10.68,-10.0,0.97
2025-04-14T19:34:20.000,10.2,3.88,7.6,18.03,20.23,219,-10.85,-9.0,0.97
2025-04-14T19:36:39.000,9.98,4.51,5.01,18.48,20.23,221,-11.25,-9.0,0.97
2025-04-14T19:37:39.000,10.05,4.15,4.03,18.72,20.23,222,-11.41,-9.0,0.97
2025-04-14T19:38:40.000,10.07,3.59,3.16,18.99,20.23,223,-11.59,-9.0,0.97
2025-04-14T19:39:40.000,9.98,2.88,2.51,19.23,20.23,224,-11.76,-8.0,0.97
2025-04-14T19:40:40.000,10.04,2.63,2.13,19.41,20.23,225,-11.92,-8.0,0.97
2025-04-14T19:41:40.000,10.1,2.6,1.83,19.57,20.23,226,-12.09,-8.0,0.97
2025-04-14T19:42:40.000,9.99,2.4,1.57,19.74,20.23,227,-12.26,-8.0,0.97
2025-04-14T19:43:40.000,10.01,2.48,1.38,19.88,20.23,228,-12.43,-8.0,0.97
2025-04-14T19:44:40.000,10.1,2.86,1.32,19.93,20.23,229,-12.59,-8.0,0.97
2025-04-14T19:45:40.000,10.15,3.6,1.2,20.03,20.23,230,-12.76,-7.0,0.97
2025-04-14T19:46:40.000,10.15,4.06,1.11,20.12,20.23,231,-12.93,-7.0,0.97
2025-04-14T19:47:41.000,10.11,3.85,1.12,20.1,20.23,232,-13.1,-7.0,0.97
2025-04-14T19:48:41.000,10.05,3.46,1.03,20.2,20.23,233,-13.26,-7.0,0.97
2025-04-14T19:49:41.000,9.97,2.8,0.92,20.32,20.23,234,-13.43,-7.0,0.97
2025-04-14T19:50:41.000,9.99,2.04,0.78,20.5,20.23,235,-13.59,-7.0,0.97
2025-04-14T19:51:41.000,10.13,1.62,0.77,20.52,20.23,236,-13.76,-6.0,0.97
2025-04-14T19:52:41.000,10.02,1.21,0.72,20.59,20.23,237,-13.93,-6.0,0.97
2025-04-14T19:53:41.000,9.92,0.97,0.72,20.59,20.23,238,-14.09,-6.0,0.97
2025-04-14T19:54:41.000,10.02,0.49,0.72,20.59,20.23,239,-14.25,-6.0,0.97
2025-04-14T19:55:41.000,10.04,0.72,0.68,20.65,20.23,240,-14.42,-6.0,0.97
2025-04-14T19:56:42.000,9.99,0.92,0.64,20.72,20.23,241,-14.59,-6.0,0.97
2025-04-14T19:57:42.000,10.02,0.84,0.58,20.81,20.23,242,-14.75,-6.0,0.97
2025-04-14T19:58:42.000,10.13,1.22,0.57,20.84,20.23,243,-14.91,-5.0,0.97
2025-04-14T19:59:42.000,10.07,0.91,0.56,20.87,20.23,244,-15.08,-5.0,0.97
2025-04-14T20:00:42.000,9.95,0.44,0.55,20.88,20.23,245,-15.24,-5.0,0.97
2025-04-14T20:01:42.000,10.04,0.33,0.54,20.89,20.23,246,-15.4,-5.0,0.97
2025-04-14T20:02:42.000,10.19,0.09,0.5,20.98,20.23,247,-15.56,-5.0,0.97
2025-04-14T20:03:42.000,10.02,-0.26,0.48,21.02,20.23,248,-15.73,-5.0,0.97
2025-04-14T20:04:42.000,9.96,-0.43,0.49,21.01,20.23,249,-15.89,-4.0,0.97
2025-04-14T20:05:42.000,10.04,-0.94,0.5,20.99,20.23,250,-16.05,-4.0,0.97
2025-04-14T20:06:42.000,10.06,-0.95,0.52,20.94,20.23,251,-16.21,-4.0,0.97
2025-04-14T20:07:43.000,9.94,-1.83,0.54,20.91,20.23,252,-16.37,-4.0,0.97
2025-04-14T20:08:43.000,10.01,-2.52,0.53,20.91,20.23,253,-16.53,-4.0,0.97
2025-04-14T20:09:43.000,10.16,-2.93,0.54,20.9,20.23,254,-16.69,-4.0,0.97
2025-04-14T20:10:43.000,10.21,-2.18,0.55,20.89,20.23,255,-16.85,-3.0,0.97
2025-04-14T20:11:43.000,10.17,-1.65,0.56,20.85,20.23,256,-17.01,-3.0,0.969
2025-04-14T20:12:43.000,10.18,-0.27,0.6,20.78,20.23,257,-17.17,-3.0,0.969
2025-04-14T20:13:43.000,10.18,0.26,0.61,20.77,20.23,258,-17.33,-3.0,0.969
2025-04-14T20:14:43.000,10.15,-0.52,0.59,20.81,20.23,259,-17.49,-3.0,0.969
2025-04-14T20:15:43.000,10.02,-2.15,0.55,20.87,20.23,260,-17.65,-3.0,0.969
2025-04-14T20:16:44.000,10.02,-3.23,0.56,20.86,20.23,261,-17.81,-2.0,0.969
2025-04-14T20:17:44.000,9.99,-4.64,0.58,20.82,20.23,262,-17.96,-2.0,0.969
2025-04-14T20:18:44.000,9.97,-5.46,0.6,20.79,20.23,263,-18.12,-2.0,0.969
2025-04-14T20:19:44.000,10.08,-6.43,0.59,20.81,20.23,264,-18.28,-2.0,0.969
2025-04-14T20:20:44.000,9.92,-7.56,0.59,20.81,20.23,265,-18.43,-2.0,0.969
2025-04-14T20:21:44.000,9.98,-7.84,0.61,20.77,20.23,266,-18.59,-2.0,0.969
2025-04-14T20:22:44.000,10.1,-8.1,0.63,20.74,20.23,267,-18.75,-1.0,0.969
2025-04-14T20:23:45.000,10.0,-8.36,0.63,20.73,20.23,268,-18.9,-1.0,0.969
2025-04-14T20:24:45.000,9.96,-8.76,0.63,20.74,20.23,269,-19.06,-1.0,0.969
2025-04-14T20:25:45.000,10.11,-9.18,0.61,20.77,20.23,270,-19.21,-1.0,0.969
2025-04-14T20:26:45.000,10.16,-9.76,0.59,20.81,20.23,271,-19.37,-1.0,0.969
2025-04-14T20:27:45.000,9.98,-10.48,0.59,20.8,20.23,272,-19.52,-1.0,0.969
2025-04-14T20:28:45.000,9.89,-10.94,0.61,20.76,20.23,273,-19.67,-1.0,0.969
2025-04-14T20:29:45.000,10.05,-11.47,0.63,20.74,20.23,274,-19.83,-0.0,0.969
2025-04-14T20:30:45.000,10.09,-11.48,0.64,20.71,20.23,275,-19.98,-0.0,0.969
2025-04-14T20:31:45.000,9.97,-11.49,0.66,20.68,20.23,276,-20.13,-0.0,0.969
2025-04-14T20:32:46.000,9.91,-11.78,0.69,20.63,20.23,277,-20.29,0.0,0.969
2025-04-14T20:33:46.000,10.02,-12.33,0.72,20.58,20.23,278,-20.44,0.0,0.969
2025-04-14T20:34:46.000,10.04,-12.48,0.75,20.54,20.23,279,-20.59,0.0,0.969
2025-04-14T20:35:46.000,9.96,-12.04,0.77,20.51,20.23,280,-20.74,1.0,0.969
2025-04-14T20:36:46.000,10.1,-11.83,0.8,20.47,20.23,281,-20.89,1.0,0.969
2025-04-14T20:37:46.000,10.06,-11.99,0.83,20.44,20.23,282,-21.04,1.0,0.969
2025-04-14T20:38:47.000,9.96,-11.67,0.85,20.41,20.23,283,-21.19,1.0,0.969
2025-04-14T20:39:47.000,10.11,-11.63,0.87,20.38,20.23,284,-21.34,1.0,0.969
2025-04-14T20:40:47.000,10.12,-11.89,0.88,20.37,20.23,285,-21.49,1.0,0.969
2025-04-14T20:41:47.000,9.97,-11.96,0.89,20.36,20.23,286,-21.64,2.0,0.969
2025-04-14T20:42:47.000,9.94,-12.35,0.89,20.36,20.23,287,-21.79,2.0,0.969
2025-04-14T20:43:47.000,10.1,-12.46,0.91,20.34,20.23,288,-21.93,2.0,0.969
2025-04-14T20:44:47.000,10.1,-12.56,0.98,20.26,20.23,289,-22.08,2.0,0.969
2025-04-14T20:45:47.000,9.88,-12.87,1.09,20.14,20.23,290,-22.23,2.0,0.969
2025-04-14T20:46:48.000,9.81,-13.21,1.18,20.05,20.23,291,-22.38,2.0,0.969
2025-04-14T20:47:48.000,10.06,-13.09,1.23,20.0,20.23,292,-22.52,2.0,0.969
2025-04-14T20:48:48.000,10.3,-13.0,1.27,19.97,20.23,293,-22.67,3.0,0.969
2025-04-14T20:49:48.000,10.17,-13.09,1.31,19.93,20.23,294,-22.81,3.0,0.969
2025-04-14T20:50:48.000,9.96,-13.22,1.32,19.93,20.23,295,-22.96,3.0,0.969
2025-04-14T20:51:48.000,9.83,-13.6,1.29,19.95,20.23,296,-23.1,3.0,0.969
2025-04-14T20:52:48.000,9.98,-14.07,1.24,20.0,20.23,297,-23.24,3.0,0.969
2025-04-14T20:53:48.000,10.07,-14.25,1.16,20.07,20.23,298,-23.39,3.0,0.969
2025-04-14T20:54:49.000,9.9,-14.66,1.14,20.09,20.23,299,-23.53,3.0,0.969
2025-04-14T20:55:49.000,9.91,-14.66,1.03,20.2,20.23,300,-23.67,4.0,0.968
2025-04-14T20:56:49.000,10.07,-15.05,0.96,20.28,20.23,301,-23.82,4.0,0.968
2025-04-14T20:57:49.000,9.96,-15.25,0.89,20.35,20.23,302,-23.96,4.0,0.968
2025-04-14T20:58:49.000,9.93,-15.39,0.85,20.41,20.23,303,-24.1,4.0,0.968
2025-04-14T20:59:49.000,10.05,-15.78,0.83,20.44,20.23,304,-24.24,4.0,0.968
