ecsv/stars612/stars612_2024-04.ecsv
# %ECSV 1.0
# ---
# datatype:
# - {name: time, datatype: string}
# - {name: Enclosure Temperature, unit: deg_C, datatype: float64}
# - {name: Sky Temperature, unit: deg_C, datatype: float64}
# - {name: Frequency, unit: Hz, datatype: float64}
# - {name: MSAS, unit: mag / arcsec2, datatype: float64}
# - {name: ZP, datatype: float64}
# - {name: Sequence Number, datatype: int64}
# - {name: Sun Alt, unit: deg, datatype: float64}
# - {name: Moon Alt, unit: deg, datatype: float64}
# - {name: Moon Illumination, datatype: float64}
# delimiter: ','
# meta: !!omap
# - ida:
#     Data supplier: {affiliation: Salvador Ribas, observer: Salvador Ribas}
#     Device type: TESS-W
#     Field of view: 17.0
#     Filters per channel: None
#     Instrument ID: stars612
#     License: ODbL 1.0 http://opendatacommons.org/licenses/odbl/summary/
#     Local timezone: Europe/Madrid
#     Location name: {country: "- Centre d'Observaci\xF3 de l'Univers", place: "\xC0ger", region: Spain, sub_region: Catalonia, town: Noguera}
#     Measurement direction per channel: {azimuth: 0.0, zenital: 0.0}
#     Moving / Fixed look direction: FIXED
#     Moving / Stationary position: STATIONARY
#     Number of channels: 1
#     Number of fields per line: 8
#     Number of header lines: 35
#     Position: {height: 0.0, latitude: 42.02459, longitude: 0.734797}
#     TESS MAC address: 98:F4:AB:B2:7C:40
#     TESS cover offset value: 0.0
#     TESS firmware version: '1.0'
#     TESS zero point: 20.23
#     Time Synchronization: timestamp added by MQTT subscriber
#     URL: http://www.darksky.org/NSBM/sdf1.0.pdf
# - __serialized_columns__:
#     Enclosure Temperature:
#       __class__: astropy.units.quantity.Quantity
#       unit: &id001 !astropy.units.Unit {unit: deg_C}
#       value: !astropy.table.SerializedColumn {name: Enclosure Temperature}
#     Frequency:
#       __class__: astropy.units.quantity.Quantity
#       unit: !astropy.units.Unit {unit: Hz}
#       value: !astropy.table.SerializedColumn {name: Frequency}
#     MSAS:
#       __class__: astropy.units.quantity.Quantity
#       unit: !astropy.units.Unit {unit: mag / arcsec2}
#       value: !astropy.table.SerializedColumn {name: MSAS}
#     Moon Alt:
#       __class__: astropy.units.quantity.Quantity
#       unit: &id002 !astropy.units.Unit {unit: deg}
#       value: !astropy.table.SerializedColumn {name: Moon Alt}
#     Sky Temperature:
#       __class__: astropy.units.quantity.Quantity
#       unit: *id001
#       value: !astropy.table.SerializedColumn {name: Sky Temperature}
#     Sun Alt:
#       __class__: astropy.units.quantity.Quantity
#       unit: *id002
#       value: !astropy.table.SerializedColumn {name: Sun Alt}
#     time:
#       __class__: astropy.time.core.Time
#       format: isot
#       in_subfmt: '*'
#       out_subfmt: '*'
#       precision: 3
#       scale: utc
#       value: !astropy.table.SerializedColumn {name: time}
# schema: astropy-2.0
time,Enclosure Temperature,Sky Temperature,Frequency,MSAS,ZP,Sequence Number,Sun Alt,Moon Alt,Moon Illumination
[from data line 8986]
2024-04-10T08:47:20.000,23.53,19.0,9510.6,10.28,20.23,12366,36.15,27.0,0.038
2024-04-10T08:48:21.000,23.52,19.01,9433.47,10.29,20.23,12367,36.32,27.0,0.038
2024-04-10T08:49:21.000,23.53,19.02,8557.51,10.4,20.23,12368,36.49,27.0,0.038
2024-04-10T08:50:22.000,23.53,19.03,7861.11,10.49,20.23,12369,36.66,28.0,0.038
2024-04-10T08:51:22.000,23.53,19.03,7307.31,10.58,20.23,12370,36.82,28.0,0.038
2024-04-10T08:52:23.000,23.54,19.03,9758.22,10.26,20.23,12371,36.99,28.0,0.038
2024-04-10T08:53:23.000,23.54,19.05,9370.53,10.3,20.23,12372,37.16,28.0,0.038
2024-04-10T08:54:24.000,23.54,19.05,8912.2,10.36,20.23,12373,37.33,28.0,0.038
2024-04-10T08:55:24.000,23.56,19.06,8782.69,10.37,20.23,12374,37.5,29.0,0.038
2024-04-10T08:56:25.000,23.57,19.07,9778.04,10.25,20.23,12375,37.66,29.0,0.038
2024-04-10T08:57:25.000,23.58,19.07,10081.62,10.22,20.23,12376,37.83,29.0,0.038
2024-04-10T08:58:26.000,23.57,19.06,9829.2,10.25,20.23,12377,38.0,29.0,0.038
2024-04-10T08:59:26.000,23.57,19.07,9035.13,10.34,20.23,12378,38.16,29.0,0.038
2024-04-10T09:00:27.000,23.59,19.09,9012.6,10.34,20.23,12379,38.33,30.0,0.038
2024-04-10T09:01:27.000,23.58,19.08,9968.93,10.23,20.23,12380,38.49,30.0,0.038
2024-04-10T09:02:28.000,23.59,19.1,10153.6,10.21,20.23,12381,38.66,30.0,0.038
2024-04-10T09:03:28.000,23.6,19.11,10192.82,10.21,20.23,12382,38.82,30.0,0.038
2024-04-10T09:04:29.000,23.61,19.11,10191.49,10.21,20.23,12383,38.99,30.0,0.038
2024-04-10T09:05:29.000,23.61,19.12,10159.78,10.21,20.23,12384,39.15,30.0,0.038
2024-04-10T09:06:30.000,23.62,19.12,10132.82,10.22,20.23,12385,39.32,31.0,0.038
2024-04-10T09:07:30.000,23.61,19.12,10267.18,10.2,20.23,12386,39.48,31.0,0.038
2024-04-10T09:08:30.000,23.62,19.13,10339.73,10.19,20.23,12387,39.64,31.0,0.038
2024-04-10T09:09:31.000,23.62,19.14,10384.44,10.19,20.23,12388,39.81,31.0,0.038
2024-04-10T09:10:31.000,23.62,19.16,10406.27,10.19,20.23,12389,39.97,31.0,0.038
2024-04-10T09:11:32.000,23.63,19.16,10420.69,10.19,20.23,12390,40.13,32.0,0.038
2024-04-10T09:12:32.000,23.63,19.17,10458.24,10.18,20.23,12391,40.29,32.0,0.038
2024-04-10T09:13:33.000,23.63,19.18,10496.11,10.18,20.23,12392,40.45,32.0,0.038
2024-04-10T09:14:33.000,23.64,19.19,10537.51,10.17,20.23,12393,40.61,32.0,0.038
2024-04-10T09:15:34.000,23.64,19.19,10584.31,10.17,20.23,12394,40.77,32.0,0.038
2024-04-10T09:16:34.000,23.65,19.21,10641.78,10.16,20.23,12395,40.93,32.0,0.038
2024-04-10T09:17:35.000,23.65,19.21,10687.78,10.16,20.23,12396,41.09,33.0,0.038
2024-04-10T09:18:35.000,23.65,19.2,10732.76,10.15,20.23,12397,41.25,33.0,0.039
2024-04-10T09:19:36.000,23.66,19.22,10768.29,10.15,20.23,12398,41.41,33.0,0.039
2024-04-10T09:20:36.000,23.65,19.22,10806.02,10.15,20.23,12399,41.56,33.0,0.039
2024-04-10T09:21:36.000,23.65,19.22,10811.36,10.15,20.23,12400,41.72,33.0,0.039
2024-04-10T09:22:36.000,23.66,19.25,10811.71,10.15,20.23,12401,41.87,34.0,0.039
2024-04-10T09:23:36.000,23.67,19.25,10848.16,10.14,20.23,12402,42.03,34.0,0.039
2024-04-10T09:24:37.000,23.67,19.23,10889.11,10.14,20.23,12403,42.19,34.0,0.039
2024-04-10T09:25:37.000,23.67,19.25,10924.11,10.13,20.23,12404,42.34,34.0,0.039
2024-04-10T09:26:38.000,23.68,19.25,10931.91,10.13,20.23,12405,42.5,34.0,0.039
2024-04-10T09:27:38.000,23.69,19.25,10901.67,10.14,20.23,12406,42.65,34.0,0.039
2024-04-10T09:28:39.000,23.69,19.26,10825.33,10.14,20.23,12407,42.81,35.0,0.039
2024-04-10T09:29:39.000,23.69,19.28,10739.36,10.15,20.23,12408,42.96,35.0,0.039
2024-04-10T09:30:40.000,23.7,19.27,10662.29,10.16,20.23,12409,43.11,35.0,0.039
2024-04-10T09:31:40.000,23.7,19.27,10591.6,10.17,20.23,12410,43.26,35.0,0.039
2024-04-10T09:32:41.000,23.69,19.27,10527.64,10.17,20.23,12411,43.42,35.0,0.039
2024-04-10T09:33:41.000,23.7,19.28,10494.64,10.18,20.23,12412,43.57,36.0,0.039
2024-04-10T09:34:42.000,23.7,19.29,10477.93,10.18,20.23,12413,43.72,36.0,0.039
2024-04-10T09:35:42.000,23.7,19.29,10466.16,10.18,20.23,12414,43.87,36.0,0.039
2024-04-10T09:36:43.000,23.71,19.3,10451.02,10.18,20.23,12415,44.02,36.0,0.039
2024-04-10T09:37:43.000,23.71,19.3,10440.71,10.18,20.23,12416,44.17,36.0,0.039
2024-04-10T09:38:43.000,23.71,19.3,10437.69,10.18,20.23,12417,44.31,36.0,0.039
2024-04-10T09:39:44.000,23.7,19.31,10437.02,10.18,20.23,12418,44.46,37.0,0.039
2024-04-10T09:40:44.000,23.71,19.33,10449.6,10.18,20.23,12419,44.61,37.0,0.039
2024-04-10T09:41:45.000,23.72,19.33,10455.36,10.18,20.23,12420,44.76,37.0,0.039
2024-04-10T09:42:45.000,23.72,19.33,10446.24,10.18,20.23,12421,44.9,37.0,0.039
2024-04-10T09:43:46.000,23.72,19.35,10430.18,10.18,20.23,12422,45.05,37.0,0.039
2024-04-10T09:44:46.000,23.72,19.34,10383.78,10.19,20.23,12423,45.19,38.0,0.039
2024-04-10T09:45:47.000,23.73,19.35,10354.13,10.19,20.23,12424,45.34,38.0,0.039
2024-04-10T09:46:47.000,23.74,19.36,10329.78,10.19,20.23,12425,45.48,38.0,0.039
2024-04-10T09:47:48.000,23.74,19.35,10308.42,10.2,20.23,12426,45.63,38.0,0.039
2024-04-10T09:48:48.000,23.74,19.36,10288.51,10.2,20.23,12427,45.77,38.0,0.039
2024-04-10T09:49:49.000,23.75,19.36,10274.36,10.2,20.23,12428,45.91,38.0,0.04
2024-04-10T09:50:49.000,23.75,19.37,10251.73,10.2,20.23,12429,46.05,39.0,0.04
2024-04-10T09:51:50.000,23.75,19.37,10223.27,10.21,20.23,12430,46.19,39.0,0.04
2024-04-10T09:52:50.000,23.75,19.37,10183.47,10.21,20.23,12431,46.33,39.0,0.04
2024-04-10T09:53:51.000,23.76,19.38,10155.24,10.21,20.23,12432,46.47,39.0,0.04
2024-04-10T09:54:51.000,23.75,19.38,10131.67,10.22,20.23,12433,46.61,39.0,0.04
2024-04-10T09:55:52.000,23.75,19.38,10108.16,10.22,20.23,12434,46.75,40.0,0.04
2024-04-10T09:56:52.000,23.75,19.38,10028.87,10.23,20.23,12435,46.89,40.0,0.04
2024-04-10T09:57:52.000,23.76,19.38,10066.09,10.22,20.23,12436,47.02,40.0,0.04
2024-04-10T09:58:53.000,23.76,19.39,10047.22,10.22,20.23,12437,47.16,40.0,0.04
2024-04-10T09:59:53.000,23.76,19.39,10066.44,10.22,20.23,12438,47.3,40.0,0.04
2024-04-10T10:01:01.000,23.77,19.4,10079.04,10.22,20.23,12439,47.45,41.0,0.04
2024-04-10T10:02:00.000,23.77,19.4,10100.86,10.22,20.23,12440,47.58,41.0,0.04
2024-04-10T10:03:00.000,23.78,19.41,10114.96,10.22,20.23,12441,47.71,41.0,0.04
2024-04-10T10:04:01.000,23.78,19.41,10125.36,10.22,20.23,12442,47.84,41.0,0.04
2024-04-10T10:05:01.000,23.79,19.42,10127.51,10.22,20.23,12443,47.97,41.0,0.04
2024-04-10T10:06:02.000,23.78,19.43,10137.64,10.22,20.23,12444,48.11,41.0,0.04
2024-04-10T10:07:02.000,23.79,19.42,10133.02,10.22,20.23,12445,48.24,42.0,0.04
2024-04-10T10:08:03.000,23.8,19.44,10120.27,10.22,20.23,12446,48.37,42.0,0.04
2024-04-10T10:09:03.000,23.79,19.43,10094.49,10.22,20.23,12447,48.49,42.0,0.04
2024-04-10T10:10:03.000,23.8,19.44,10092.69,10.22,20.23,12448,48.62,42.0,0.04
2024-04-10T10:11:04.000,23.81,19.45,10093.09,10.22,20.23,12449,48.75,42.0,0.04
2024-04-10T10:12:04.000,23.81,19.45,10078.04,10.22,20.23,12450,48.88,42.0,0.04
2024-04-10T10:13:05.000,23.81,19.45,10075.87,10.22,20.23,12451,49.0,43.0,0.04
2024-04-10T10:14:05.000,23.81,19.46,10070.56,10.22,20.23,12452,49.13,43.0,0.04
2024-04-10T10:15:06.000,23.82,19.47,10067.11,10.22,20.23,12453,49.25,43.0,0.04
2024-04-10T10:16:06.000,23.82,19.48,10088.53,10.22,20.23,12454,49.37,43.0,0.04
2024-04-10T10:17:07.000,23.82,19.48,10091.38,10.22,20.23,12455,49.5,43.0,0.04
2024-04-10T10:18:07.000,23.83,19.48,10084.96,10.22,20.23,12456,49.62,44.0,0.04
2024-04-10T10:19:08.000,23.83,19.49,10061.49,10.22,20.23,12457,49.74,44.0,0.04
2024-04-10T10:20:08.000,23.83,19.49,10026.58,10.23,20.23,12458,49.86,44.0,0.04
2024-04-10T10:21:09.000,23.83,19.49,10027.42,10.23,20.23,12459,49.98,44.0,0.041
2024-04-10T10:22:09.000,23.83,19.5,10034.16,10.23,20.23,12460,50.1,44.0,0.041
2024-04-10T10:23:10.000,23.84,19.5,10026.51,10.23,20.23,12461,50.22,44.0,0.041
2024-04-10T10:24:10.000,23.84,19.5,10035.87,10.23,20.23,12462,50.33,45.0,0.041
2024-04-10T10:25:10.000,23.85,19.51,10033.73,10.23,20.23,12463,50.45,45.0,0.041
2024-04-10T10:26:11.000,23.85,19.51,10022.31,10.23,20.23,12464,50.56,45.0,0.041
2024-04-10T10:27:11.000,23.84,19.51,9969.11,10.23,20.23,12465,50.67,45.0,0.041
2024-04-10T10:28:12.000,23.85,19.51,9971.07,10.23,20.23,12466,50.79,45.0,0.041
2024-04-10T10:29:12.000,23.85,19.51,9949.31,10.24,20.23,12467,50.9,45.0,0.041
2024-04-10T10:30:13.000,23.85,19.51,9957.27,10.23,20.23,12468,51.01,46.0,0.041
2024-04-10T10:31:13.000,23.85,19.51,9957.18,10.23,20.23,12469,51.12,46.0,0.041
2024-04-10T10:32:14.000,23.85,19.52,9971.31,10.23,20.23,12470,51.23,46.0,0.041
2024-04-10T10:33:14.000,23.86,19.53,9983.16,10.23,20.23,12471,51.34,46.0,0.041
2024-04-10T10:34:15.000,23.86,19.53,9982.33,10.23,20.23,12472,51.45,46.0,0.041
2024-04-10T10:35:15.000,23.87,19.54,9978.22,10.23,20.23,12473,51.55,47.0,0.041
2024-04-10T10:36:16.000,23.87,19.54,9975.31,10.23,20.23,12474,51.66,47.0,0.041
2024-04-10T10:37:16.000,23.87,19.54,9975.09,10.23,20.23,12475,51.76,47.0,0.041
2024-04-10T10:38:17.000,23.87,19.55,9974.47,10.23,20.23,12476,51.87,47.0,0.041
2024-04-10T10:39:17.000,23.88,19.55,9972.4,10.23,20.23,12477,51.97,47.0,0.041
2024-04-10T10:40:18.000,23.88,19.56,9979.78,10.23,20.23,12478,52.07,47.0,0.041
2024-04-10T10:41:18.000,23.88,19.55,9977.44,10.23,20.23,12479,52.17,48.0,0.041
2024-04-10T10:42:19.000,23.89,19.56,9982.04,10.23,20.23,12480,52.27,48.0,0.041
2024-04-10T10:43:19.000,23.89,19.56,9988.69,10.23,20.23,12481,52.37,48.0,0.041
2024-04-10T10:44:20.000,23.89,19.57,9987.29,10.23,20.23,12482,52.46,48.0,0.041
2024-04-10T10:45:20.000,23.89,19.57,9984.02,10.23,20.23,12483,52.56,48.0,0.041
2024-04-10T10:46:21.000,23.89,19.56,9945.53,10.24,20.23,12484,52.66,48.0,0.041
2024-04-10T10:47:21.000,23.89,19.57,9925.11,10.24,20.23,12485,52.75,49.0,0.041
2024-04-10T10:48:21.000,23.9,19.58,9893.87,10.24,20.23,12486,52.84,49.0,0.041
2024-04-10T10:49:22.000,23.9,19.58,9860.98,10.25,20.23,12487,52.93,49.0,0.041
2024-04-10T10:50:22.000,23.9,19.58,9854.84,10.25,20.23,12488,53.02,49.0,0.041
2024-04-10T10:51:23.000,23.91,19.59,9894.31,10.24,20.23,12489,53.11,49.0,0.042
2024-04-10T10:52:23.000,23.91,19.59,9931.02,10.24,20.23,12490,53.2,49.0,0.042
2024-04-10T10:53:24.000,23.92,19.6,9942.38,10.24,20.23,12491,53.29,50.0,0.042
2024-04-10T10:54:24.000,23.92,19.6,9955.49,10.23,20.23,12492,53.38,50.0,0.042
2024-04-10T10:55:25.000,23.92,19.61,9945.36,10.24,20.23,12493,53.46,50.0,0.042
2024-04-10T10:56:25.000,23.92,19.6,9914.07,10.24,20.23,12494,53.54,50.0,0.042
2024-04-10T10:57:26.000,23.93,19.61,9903.44,10.24,20.23,12495,53.63,50.0,0.042
2024-04-10T10:58:26.000,23.92,19.61,9930.02,10.24,20.23,12496,53.71,50.0,0.042
2024-04-10T10:59:27.000,23.93,19.62,9900.93,10.24,20.23,12497,53.79,51.0,0.042
2024-04-10T11:00:27.000,23.93,19.62,9912.93,10.24,20.23,12498,53.87,51.0,0.042
2024-04-10T11:01:28.000,23.94,19.62,9919.93,10.24,20.23,12499,53.95,51.0,0.042
2024-04-10T11:02:28.000,23.95,19.63,9872.76,10.24,20.23,12500,54.02,51.0,0.042
2024-04-10T11:03:29.000,23.95,19.63,9886.29,10.24,20.23,12501,54.1,51.0,0.042
2024-04-10T11:04:29.000,23.95,19.64,9897.29,10.24,20.23,12502,54.17,51.0,0.042
2024-04-10T11:05:29.000,23.95,19.64,9812.07,10.25,20.23,12503,54.25,52.0,0.042
2024-04-10T11:06:30.000,23.96,19.65,9875.2,10.24,20.23,12504,54.32,52.0,0.042
2024-04-10T11:07:30.000,23.96,19.65,9919.87,10.24,20.23,12505,54.39,52.0,0.042
2024-04-10T11:08:31.000,23.96,19.65,9635.73,10.27,20.23,12506,54.46,52.0,0.042
2024-04-10T11:09:31.000,23.97,19.66,9883.13,10.24,20.23,12507,54.53,52.0,0.042
2024-04-10T11:10:32.000,23.97,19.65,10002.0,10.23,20.23,12508,54.6,52.0,0.042
2024-04-10T11:11:32.000,23.97,19.67,9978.6,10.23,20.23,12509,54.66,53.0,0.042
2024-04-10T11:12:33.000,23.97,19.66,9905.18,10.24,20.23,12510,54.73,53.0,0.042
2024-04-10T11:13:33.000,23.97,19.67,9915.51,10.24,20.23,12511,54.79,53.0,0.042
2024-04-10T11:14:34.000,23.98,19.68,10025.4,10.23,20.23,12512,54.85,53.0,0.042
2024-04-10T11:15:34.000,23.98,19.68,10027.31,10.23,20.23,12513,54.91,53.0,0.042
2024-04-10T11:16:35.000,23.99,19.68,10108.24,10.22,20.23,12514,54.97,53.0,0.042
2024-04-10T11:17:35.000,23.99,19.68,10050.38,10.22,20.23,12515,55.03,54.0,0.042
2024-04-10T11:18:36.000,23.99,19.7,9218.8,10.32,20.23,12516,55.08,54.0,0.042
2024-04-10T11:19:36.000,23.99,19.69,9457.04,10.29,20.23,12517,55.14,54.0,0.042
2024-04-10T11:20:37.000,23.99,19.69,10057.84,10.22,20.23,12518,55.19,54.0,0.042
2024-04-10T11:21:37.000,24.0,19.7,10106.53,10.22,20.23,12519,55.25,54.0,0.043
2024-04-10T11:22:38.000,24.0,19.7,9996.82,10.23,20.23,12520,55.3,54.0,0.043
2024-04-10T11:23:38.000,24.0,19.7,10020.04,10.23,20.23,12521,55.35,55.0,0.043
2024-04-10T11:24:38.000,24.0,19.7,10064.64,10.22,20.23,12522,55.4,55.0,0.043
2024-04-10T11:25:39.000,24.0,19.71,10004.47,10.23,20.23,12523,55.44,55.0,0.043
2024-04-10T11:26:39.000,24.01,19.71,10189.87,10.21,20.23,12524,55.49,55.0,0.043
2024-04-10T11:27:40.000,24.01,19.72,10106.71,10.22,20.23,12525,55.53,55.0,0.043
2024-04-10T11:28:40.000,24.01,19.72,9980.24,10.23,20.23,12526,55.58,55.0,0.043
2024-04-10T11:29:41.000,24.01,19.72,9844.42,10.25,20.23,12527,55.62,55.0,0.043
2024-04-10T11:30:41.000,24.02,19.72,9972.8,10.23,20.23,12528,55.66,56.0,0.043
2024-04-10T11:31:42.000,24.02,19.72,9631.47,10.27,20.23,12529,55.7,56.0,0.043
2024-04-10T11:32:42.000,24.02,19.72,9163.24,10.33,20.23,12530,55.74,56.0,0.043
2024-04-10T11:33:42.000,24.02,19.72,9307.89,10.31,20.23,12531,55.77,56.0,0.043
2024-04-10T11:34:43.000,24.03,19.72,10104.4,10.22,20.23,12532,55.81,56.0,0.043
2024-04-10T11:35:43.000,24.03,19.72,10207.33,10.21,20.23,12533,55.84,56.0,0.043
2024-04-10T11:36:44.000,24.03,19.72,10147.16,10.21,20.23,12534,55.87,57.0,0.043
2024-04-10T11:37:44.000,24.03,19.71,10232.47,10.21,20.23,12535,55.9,57.0,0.043
2024-04-10T11:38:44.000,24.03,19.72,10423.24,10.19,20.23,12536,55.93,57.0,0.043
2024-04-10T11:39:45.000,24.03,19.72,10375.13,10.19,20.23,12537,55.96,57.0,0.043
2024-04-10T11:40:45.000,24.04,19.72,10552.56,10.17,20.23,12538,55.98,57.0,0.043
2024-04-10T11:41:46.000,24.04,19.72,10514.11,10.18,20.23,12539,56.01,57.0,0.043
2024-04-10T11:42:46.000,24.04,19.72,10448.22,10.18,20.23,12540,56.03,57.0,0.043
2024-04-10T11:43:47.000,24.04,19.72,10353.42,10.19,20.23,12541,56.05,58.0,0.043
2024-04-10T11:44:47.000,24.04,19.72,10463.58,10.18,20.23,12542,56.07,58.0,0.043
2024-04-10T11:45:48.000,24.05,19.73,10532.38,10.17,20.23,12543,56.09,58.0,0.043
2024-04-10T11:46:48.000,24.04,19.73,10519.96,10.17,20.23,12544,56.11,58.0,0.043
2024-04-10T11:47:49.000,24.05,19.73,10497.09,10.18,20.23,12545,56.13,58.0,0.043
2024-04-10T11:48:49.000,24.05,19.74,10413.64,10.19,20.23,12546,56.14,58.0,0.043
2024-04-10T11:49:50.000,24.05,19.74,10492.62,10.18,20.23,12547,56.16,58.0,0.043
2024-04-10T11:50:50.000,24.05,19.74,10536.98,10.17,20.23,12548,56.17,59.0,0.043
2024-04-10T11:51:51.000,24.06,19.75,10519.11,10.18,20.23,12549,56.18,59.0,0.044
2024-04-10T11:52:51.000,24.06,19.75,10444.38,10.18,20.23,12550,56.19,59.0,0.044
2024-04-10T11:53:51.000,24.06,19.75,10364.71,10.19,20.23,12551,56.19,59.0,0.044
2024-04-10T11:54:52.000,24.06,19.75,10419.56,10.19,20.23,12552,56.2,59.0,0.044
2024-04-10T11:55:52.000,24.06,19.76,10396.09,10.19,20.23,12553,56.2,59.0,0.044
2024-04-10T11:56:53.000,24.06,19.75,10444.51,10.18,20.23,12554,56.21,59.0,0.044
2024-04-10T11:57:53.000,24.06,19.76,10579.02,10.17,20.23,12555,56.21,60.0,0.044
2024-04-10T11:58:54.000,24.06,19.76,10583.58,10.17,20.23,12556,56.21,60.0,0.044
2024-04-10T11:59:54.000,24.07,19.77,10444.09,10.18,20.23,12557,56.21,60.0,0.044
2024-04-10T12:00:55.000,24.07,19.77,10593.71,10.17,20.23,12558,56.2,60.0,0.044
2024-04-10T12:01:55.000,24.07,19.77,10548.93,10.17,20.23,12559,56.2,60.0,0.044
2024-04-10T12:02:56.000,24.08,19.77,10415.44,10.19,20.23,12560,56.19,60.0,0.044
2024-04-10T12:03:56.000,24.08,19.78,10256.02,10.2,20.23,12561,56.19,60.0,0.044
2024-04-10T12:04:57.000,24.08,19.79,10450.47,10.18,20.23,12562,56.18,60.0,0.044
2024-04-10T12:05:57.000,24.08,19.79,10426.73,10.18,20.23,12563,56.17,61.0,0.044
2024-04-10T12:06:58.000,24.08,19.8,10391.42,10.19,20.23,12564,56.16,61.0,0.044
2024-04-10T12:07:58.000,24.08,19.8,10381.53,10.19,20.23,12565,56.14,61.0,0.044
2024-04-10T12:08:59.000,24.09,19.8,10372.44,10.19,20.23,12566,56.13,61.0,0.044
