ecsv/stars612/stars612_2025-04.ecsv
# %ECSV 1.0
# ---
# datatype:
# - {name: time, datatype: string}
# - {name: Enclosure Temperature, unit: deg_C, datatype: float64}
# - {name: Sky Temperature, unit: deg_C, datatype: float64}
# - {name: Frequency, unit: Hz, datatype: float64}
# - {name: MSAS, unit: mag / arcsec2, datatype: float64}
# - {name: ZP, datatype: float64}
# - {name: Sequence Number, datatype: int64}
# - {name: Sun Alt, unit: deg, datatype: float64}
# - {name: Moon Alt, unit: deg, datatype: float64}
# - {name: Moon Illumination, datatype: float64}
# delimiter: ','
# meta: !!omap
# - ida:
#     Data supplier: {affiliation: Salvador Ribas, observer: Salvador Ribas}
#     Device type: TESS-W
#     Field of view: 17.0
#     Filters per channel: None
#     Instrument ID: stars612
#     License: ODbL 1.0 http://opendatacommons.org/licenses/odbl/summary/
#     Local timezone: Europe/Madrid
#     Location name: {country: Spain, place: "Centre d'Observaci\xF3 de l'Univers", region: Catalonia, sub_region: Noguera, town: "\xC0\
#         ger"}
#     Measurement direction per channel: {azimuth: 0.0, zenital: 0.0}
#     Moving / Fixed look direction: FIXED
#     Moving / Stationary position: STATIONARY
#     Number of channels: 1
#     Number of fields per line: 8
#     Number of header lines: 35
#     Position: {height: 0.0, latitude: 42.02459, longitude: 0.734797}
#     TESS MAC address: 98:F4:AB:B2:7C:40
#     TESS cover offset value: 0.0
#     TESS firmware version: '1.0'
#     TESS zero point: 20.23
#     Time Synchronization: timestamp added by MQTT subscriber
#     URL: http://www.darksky.org/NSBM/sdf1.0.pdf
# - __serialized_columns__:
#     Enclosure Temperature:
#       __class__: astropy.units.quantity.Quantity
#       unit: &id001 !astropy.units.Unit {unit: deg_C}
#       value: !astropy.table.SerializedColumn {name: Enclosure Temperature}
#     Frequency:
#       __class__: astropy.units.quantity.Quantity
#       unit: !astropy.units.Unit {unit: Hz}
#       value: !astropy.table.SerializedColumn {name: Frequency}
#     MSAS:
#       __class__: astropy.units.quantity.Quantity
#       unit: !astropy.units.Unit {unit: mag / arcsec2}
#       value: !astropy.table.SerializedColumn {name: MSAS}
#     Moon Alt:
#       __class__: astropy.units.quantity.Quantity
#       unit: &id002 !astropy.units.Unit {unit: deg}
#       value: !astropy.table.SerializedColumn {name: Moon Alt}
#     Sky Temperature:
#       __class__: astropy.units.quantity.Quantity
#       unit: *id001
#       value: !astropy.table.SerializedColumn {name: Sky Temperature}
#     Sun Alt:
#       __class__: astropy.units.quantity.Quantity
#       unit: *id002
#       value: !astropy.table.SerializedColumn {name: Sun Alt}
#     time:
#       __class__: astropy.time.core.Time
#       format: isot
#       in_subfmt: '*'
#       out_subfmt: '*'
#       precision: 3
#       scale: utc
#       value: !astropy.table.SerializedColumn {name: time}
# schema: astropy-2.0
time,Enclosure Temperature,Sky Temperature,Frequency,MSAS,ZP,Sequence Number,Sun Alt,Moon Alt,Moon Illumination
[from data line 1909]
2025-04-11T22:03:42.000,10.15,-1.3,15.6,17.25,20.23,3322,-32.97,40.0,0.989
2025-04-11T22:04:43.000,10.02,-0.72,15.78,17.23,20.23,3323,-33.08,40.0,0.989
2025-04-11T22:05:43.000,10.05,0.33,14.39,17.34,20.23,3324,-33.18,40.0,0.989
2025-04-11T22:06:43.000,10.2,1.01,13.35,17.42,20.23,3325,-33.28,40.0,0.989
2025-04-11T22:07:43.000,10.3,0.51,14.14,17.36,20.23,3326,-33.39,40.0,0.989
2025-04-11T22:08:43.000,10.18,-0.97,17.1,17.15,20.23,3327,-33.49,40.0,0.989
2025-04-11T22:09:43.000,10.17,-1.68,17.66,17.11,20.23,3328,-33.59,40.0,0.989
2025-04-11T22:10:43.000,10.27,-2.44,17.41,17.13,20.23,3329,-33.69,40.0,0.989
2025-04-11T22:11:43.000,10.17,-3.29,17.09,17.15,20.23,3330,-33.79,40.0,0.989
2025-04-11T22:12:43.000,10.1,-3.5,17.67,17.11,20.23,3331,-33.88,40.0,0.989
2025-04-11T22:13:43.000,10.09,-3.55,18.06,17.09,20.23,3332,-33.98,40.0,0.989
2025-04-11T22:14:43.000,10.09,-3.64,18.39,17.07,20.23,3333,-34.08,40.0,0.989
2025-04-11T22:15:44.000,10.05,-3.56,18.3,17.07,20.23,3334,-34.18,40.0,0.989
2025-04-11T22:16:44.000,10.01,-3.91,17.84,17.1,20.23,3335,-34.27,40.0,0.989
2025-04-11T22:17:44.000,10.0,-4.35,18.31,17.07,20.23,3336,-34.36,40.0,0.989
2025-04-11T22:18:44.000,10.02,-4.91,18.85,17.04,20.23,3337,-34.46,41.0,0.989
2025-04-11T22:19:44.000,10.01,-4.81,18.67,17.05,20.23,3338,-34.55,41.0,0.989
2025-04-11T22:20:44.000,10.08,-4.66,17.26,17.14,20.23,3339,-34.64,41.0,0.989
2025-04-11T22:21:45.000,10.12,-4.97,16.87,17.16,20.23,3340,-34.74,41.0,0.989
2025-04-11T22:22:44.000,10.02,-5.22,18.16,17.08,20.23,3341,-34.82,41.0,0.989
2025-04-11T22:23:45.000,9.95,-5.84,19.42,17.01,20.23,3342,-34.92,41.0,0.989
2025-04-11T22:24:45.000,10.2,-5.76,20.98,16.93,20.23,3343,-35.0,41.0,0.989
2025-04-11T22:25:45.000,10.41,-6.22,22.06,16.87,20.23,3344,-35.09,41.0,0.989
2025-04-11T22:26:45.000,10.43,-6.82,22.96,16.83,20.23,3345,-35.18,41.0,0.989
2025-04-11T22:27:45.000,10.35,-7.5,22.45,16.85,20.23,3346,-35.27,41.0,0.99
2025-04-11T22:28:45.000,10.22,-8.01,22.94,16.83,20.23,3347,-35.35,41.0,0.99
2025-04-11T22:29:45.000,10.09,-8.86,24.29,16.77,20.23,3348,-35.44,41.0,0.99
2025-04-11T22:30:45.000,9.96,-9.59,24.44,16.76,20.23,3349,-35.52,41.0,0.99
2025-04-11T22:31:45.000,10.01,-10.33,25.19,16.73,20.23,3350,-35.6,41.0,0.99
2025-04-11T22:32:45.000,10.1,-10.63,25.43,16.72,20.23,3351,-35.69,41.0,0.99
2025-04-11T22:33:46.000,10.03,-10.75,25.45,16.72,20.23,3352,-35.77,41.0,0.99
2025-04-11T22:34:46.000,9.93,-11.32,24.23,16.77,20.23,3353,-35.85,41.0,0.99
2025-04-11T22:35:46.000,9.97,-11.64,22.66,16.84,20.23,3354,-35.93,41.0,0.99
2025-04-11T22:36:46.000,10.2,-11.37,22.4,16.85,20.23,3355,-36.01,41.0,0.99
2025-04-11T22:37:46.000,10.17,-11.59,21.83,16.88,20.23,3356,-36.09,41.0,0.99
2025-04-11T22:38:46.000,9.95,-11.77,22.34,16.86,20.23,3357,-36.16,41.0,0.99
2025-04-11T22:39:46.000,9.82,-12.4,22.51,16.85,20.23,3358,-36.24,41.0,0.99
2025-04-11T22:40:46.000,9.93,-12.58,21.14,16.92,20.23,3359,-36.31,41.0,0.99
2025-04-11T22:41:47.000,10.17,-12.65,21.57,16.9,20.23,3360,-36.39,41.0,0.99
2025-04-11T22:42:47.000,10.04,-12.98,22.69,16.84,20.23,3361,-36.46,41.0,0.99
2025-04-11T22:43:47.000,9.99,-12.83,20.35,16.96,20.23,3362,-36.54,42.0,0.99
2025-04-11T22:44:47.000,10.06,-12.85,20.02,16.98,20.23,3363,-36.61,42.0,0.99
2025-04-11T22:45:47.000,9.96,-12.83,20.25,16.97,20.23,3364,-36.68,42.0,0.99
2025-04-11T22:46:47.000,9.87,-13.08,21.82,16.88,20.23,3365,-36.75,42.0,0.99
2025-04-11T22:47:47.000,10.02,-13.1,22.86,16.83,20.23,3366,-36.82,42.0,0.99
2025-04-11T22:48:47.000,10.07,-12.9,24.31,16.77,20.23,3367,-36.89,42.0,0.99
2025-04-11T22:49:47.000,9.99,-12.5,25.73,16.7,20.23,3368,-36.95,42.0,0.99
2025-04-11T22:50:47.000,9.99,-12.79,26.44,16.67,20.23,3369,-37.02,42.0,0.99
2025-04-11T22:51:48.000,10.08,-12.8,25.74,16.7,20.23,3370,-37.09,42.0,0.99
2025-04-11T22:52:48.000,10.0,-13.08,25.44,16.72,20.23,3371,-37.15,42.0,0.99
2025-04-11T22:53:48.000,9.93,-13.42,23.92,16.78,20.23,3372,-37.22,42.0,0.99
2025-04-11T22:54:48.000,10.1,-13.44,22.68,16.84,20.23,3373,-37.28,42.0,0.99
2025-04-11T22:55:48.000,10.06,-13.89,20.93,16.93,20.23,3374,-37.34,42.0,0.99
2025-04-11T22:56:48.000,9.84,-14.1,19.15,17.02,20.23,3375,-37.4,42.0,0.99
2025-04-11T22:57:48.000,9.84,-14.93,17.42,17.13,20.23,3376,-37.46,42.0,0.99
2025-04-11T22:58:48.000,9.96,-15.02,16.16,17.21,20.23,3377,-37.52,42.0,0.99
2025-04-11T22:59:48.000,10.07,-14.95,15.93,17.22,20.23,3378,-37.58,42.0,0.99
2025-04-11T23:00:49.000,9.96,-14.6,15.31,17.27,20.23,3379,-37.64,42.0,0.99
2025-04-11T23:01:49.000,9.92,-14.51,14.77,17.31,20.23,3380,-37.7,42.0,0.99
2025-04-11T23:02:49.000,10.1,-13.53,14.89,17.3,20.23,3381,-37.75,42.0,0.99
2025-04-11T23:03:49.000,10.1,-11.76,16.76,17.17,20.23,3382,-37.81,42.0,0.99
2025-04-11T23:04:49.000,9.94,-9.45,21.23,16.92,20.23,3383,-37.86,42.0,0.99
2025-04-11T23:05:49.000,10.02,-7.58,24.81,16.75,20.23,3384,-37.91,42.0,0.99
2025-04-11T23:06:49.000,10.04,-6.27,29.66,16.55,20.23,3385,-37.96,42.0,0.99
2025-04-11T23:07:49.000,9.93,-5.42,29.47,16.56,20.23,3386,-38.01,42.0,0.99
2025-04-11T23:08:49.000,10.09,-5.88,34.89,16.37,20.23,3387,-38.06,42.0,0.99
2025-04-11T23:09:50.000,10.05,-6.99,30.99,16.5,20.23,3388,-38.11,42.0,0.99
2025-04-11T23:10:50.000,9.94,-8.01,24.59,16.76,20.23,3389,-38.16,42.0,0.99
2025-04-11T23:11:50.000,10.09,-8.81,19.25,17.02,20.23,3390,-38.21,42.0,0.99
2025-04-11T23:12:50.000,10.18,-9.06,24.53,16.77,20.23,3391,-38.25,42.0,0.99
2025-04-11T23:13:50.000,10.11,-8.97,30.85,16.51,20.23,3392,-38.3,42.0,0.99
2025-04-11T23:14:50.000,9.96,-8.95,22.39,16.87,20.23,3393,-38.34,42.0,0.99
2025-04-11T23:15:50.000,10.01,-8.4,18.74,17.06,20.23,3394,-38.39,42.0,0.99
2025-04-11T23:16:50.000,10.17,-7.38,18.02,17.1,20.23,3395,-38.43,42.0,0.99
2025-04-11T23:17:51.000,10.03,-5.48,23.36,16.82,20.23,3396,-38.47,42.0,0.99
2025-04-11T23:18:51.000,10.01,-2.78,24.16,16.78,20.23,3397,-38.51,42.0,0.99
2025-04-11T23:19:51.000,10.16,-0.35,26.59,16.67,20.23,3398,-38.55,42.0,0.99
2025-04-11T23:20:51.000,10.19,1.06,26.86,16.66,20.23,3399,-38.59,42.0,0.99
2025-04-11T23:21:51.000,10.13,0.97,33.39,16.43,20.23,3400,-38.62,42.0,0.99
2025-04-11T23:24:10.000,9.93,-3.69,28.15,16.61,20.23,3402,-38.71,42.0,0.99
2025-04-11T23:25:10.000,10.01,-5.88,24.38,16.77,20.23,3403,-38.74,42.0,0.99
2025-04-11T23:26:11.000,10.12,-6.78,20.19,16.97,20.23,3404,-38.77,42.0,0.99
2025-04-11T23:27:11.000,10.05,-7.08,24.07,16.78,20.23,3405,-38.8,42.0,0.99
2025-04-11T23:28:11.000,9.87,-7.21,23.24,16.82,20.23,3406,-38.84,42.0,0.99
2025-04-11T23:29:11.000,9.95,-6.54,20.15,16.99,20.23,3407,-38.87,42.0,0.99
2025-04-11T23:30:11.000,10.25,-5.79,31.9,16.48,20.23,3408,-38.89,42.0,0.99
2025-04-11T23:31:11.000,10.4,-5.95,27.01,16.67,20.23,3409,-38.92,42.0,0.99
2025-04-11T23:32:11.000,10.34,-6.75,17.56,17.12,20.23,3410,-38.95,42.0,0.99
2025-04-11T23:33:11.000,10.18,-7.85,27.16,16.66,20.23,3411,-38.97,42.0,0.99
2025-04-11T23:34:11.000,9.97,-9.36,21.68,16.92,20.23,3412,-39.0,42.0,0.99
2025-04-11T23:35:11.000,9.95,-10.13,10.74,17.65,20.23,3413,-39.02,42.0,0.99
2025-04-11T23:36:12.000,10.17,-9.91,11.89,17.56,20.23,3414,-39.05,41.0,0.99
2025-04-11T23:37:12.000,10.19,-9.45,19.22,17.03,20.23,3415,-39.07,41.0,0.99
2025-04-11T23:38:12.000,10.09,-8.88,23.03,16.83,20.23,3416,-39.09,41.0,0.99
2025-04-11T23:39:12.000,10.0,-8.61,16.36,17.21,20.23,3417,-39.11,41.0,0.99
2025-04-11T23:40:12.000,10.03,-8.36,15.61,17.25,20.23,3418,-39.13,41.0,0.99
2025-04-11T23:41:12.000,10.15,-7.93,17.53,17.13,20.23,3419,-39.14,41.0,0.99
2025-04-11T23:42:12.000,10.13,-7.3,22.25,16.87,20.23,3420,-39.16,41.0,0.99
2025-04-11T23:43:12.000,10.1,-6.89,19.13,17.03,20.23,3421,-39.17,41.0,0.99
2025-04-11T23:44:12.000,10.02,-6.74,22.68,16.84,20.23,3422,-39.19,41.0,0.99
2025-04-11T23:45:13.000,10.01,-6.72,27.89,16.62,20.23,3423,-39.2,41.0,0.991
2025-04-11T23:46:13.000,10.08,-7.09,24.09,16.78,20.23,3424,-39.22,41.0,0.991
2025-04-11T23:47:13.000,10.05,-7.73,25.19,16.73,20.23,3425,-39.23,41.0,0.991
2025-04-11T23:48:13.000,9.98,-8.66,24.15,16.77,20.23,3426,-39.24,41.0,0.991
2025-04-11T23:49:13.000,10.01,-9.74,20.89,16.93,20.23,3427,-39.25,41.0,0.991
2025-04-11T23:50:13.000,10.15,-10.79,20.88,16.93,20.23,3428,-39.25,41.0,0.991
2025-04-11T23:51:13.000,10.13,-11.75,16.51,17.19,20.23,3429,-39.26,41.0,0.991
2025-04-11T23:52:13.000,10.02,-12.88,14.33,17.34,20.23,3430,-39.27,41.0,0.991
2025-04-11T23:53:13.000,9.97,-13.76,13.84,17.38,20.23,3431,-39.27,41.0,0.991
2025-04-11T23:54:13.000,10.13,-14.04,13.32,17.42,20.23,3432,-39.28,41.0,0.991
2025-04-11T23:55:14.000,10.16,-14.06,13.19,17.43,20.23,3433,-39.28,41.0,0.991
2025-04-11T23:56:14.000,9.99,-14.08,14.05,17.36,20.23,3434,-39.28,41.0,0.991
2025-04-11T23:57:14.000,9.86,-13.93,15.04,17.29,20.23,3435,-39.28,41.0,0.991
2025-04-11T23:58:14.000,10.1,-13.41,16.34,17.2,20.23,3436,-39.28,41.0,0.991
2025-04-11T23:59:14.000,10.24,-13.18,14.82,17.31,20.23,3437,-39.28,41.0,0.991
2025-04-12T00:00:14.000,10.12,-13.43,14.21,17.35,20.23,3438,-39.28,41.0,0.991
2025-04-12T00:01:14.000,9.87,-13.51,12.5,17.49,20.23,3439,-39.28,40.0,0.991
2025-04-12T00:02:14.000,9.96,-12.92,12.31,17.51,20.23,3440,-39.27,40.0,0.991
2025-04-12T00:03:15.000,10.15,-12.02,12.81,17.46,20.23,3441,-39.27,40.0,0.991
2025-04-12T00:04:15.000,10.11,-10.82,18.22,17.08,20.23,3442,-39.26,40.0,0.991
2025-04-12T00:05:15.000,9.95,-9.56,20.86,16.93,20.23,3443,-39.25,40.0,0.991
2025-04-12T00:06:16.000,10.01,-8.36,20.73,16.94,20.23,3444,-39.24,40.0,0.991
2025-04-12T00:07:15.000,10.19,-6.95,18.1,17.09,20.23,3445,-39.23,40.0,0.991
2025-04-12T00:08:15.000,10.19,-5.34,23.26,16.82,20.23,3446,-39.22,40.0,0.991
2025-04-12T00:09:16.000,10.13,-3.38,25.17,16.73,20.23,3447,-39.21,40.0,0.991
2025-04-12T00:10:16.000,9.99,-1.73,27.43,16.63,20.23,3448,-39.2,40.0,0.991
2025-04-12T00:11:16.000,10.1,-0.18,26.89,16.66,20.23,3449,-39.19,40.0,0.991
2025-04-12T00:12:16.000,10.21,0.45,30.07,16.54,20.23,3450,-39.17,40.0,0.991
2025-04-12T00:13:16.000,10.25,0.59,27.69,16.62,20.23,3451,-39.16,40.0,0.991
2025-04-12T00:14:16.000,10.32,0.65,31.63,16.48,20.23,3452,-39.14,40.0,0.991
2025-04-12T00:15:16.000,10.28,-0.25,33.43,16.42,20.23,3453,-39.12,40.0,0.991
2025-04-12T00:16:16.000,10.18,-1.57,33.72,16.41,20.23,3454,-39.1,40.0,0.991
2025-04-12T00:17:16.000,10.1,-3.36,26.21,16.69,20.23,3455,-39.08,40.0,0.991
2025-04-12T00:18:17.000,10.01,-4.82,28.36,16.6,20.23,3456,-39.06,39.0,0.991
2025-04-12T00:19:17.000,10.03,-6.1,21.44,16.91,20.23,3457,-39.04,39.0,0.991
2025-04-12T00:20:17.000,10.1,-7.06,20.84,16.93,20.23,3458,-39.02,39.0,0.991
2025-04-12T00:21:17.000,10.11,-8.17,21.44,16.9,20.23,3459,-38.99,39.0,0.991
2025-04-12T00:22:17.000,10.07,-9.32,19.18,17.02,20.23,3460,-38.97,39.0,0.991
2025-04-12T00:23:17.000,10.0,-10.14,16.76,17.17,20.23,3461,-38.94,39.0,0.991
2025-04-12T00:24:17.000,10.04,-10.42,17.44,17.13,20.23,3462,-38.92,39.0,0.991
2025-04-12T00:25:17.000,10.04,-10.32,19.2,17.02,20.23,3463,-38.89,39.0,0.991
2025-04-12T00:26:17.000,10.0,-10.05,19.48,17.01,20.23,3464,-38.86,39.0,0.991
2025-04-12T00:27:18.000,10.07,-9.85,18.04,17.09,20.23,3465,-38.83,39.0,0.991
2025-04-12T00:28:18.000,10.08,-10.09,15.32,17.27,20.23,3466,-38.8,39.0,0.991
2025-04-12T00:29:18.000,10.03,-10.16,15.46,17.26,20.23,3467,-38.77,39.0,0.991
2025-04-12T00:30:18.000,10.0,-9.78,14.29,17.34,20.23,3468,-38.73,39.0,0.991
2025-04-12T00:31:18.000,10.08,-8.62,15.86,17.23,20.23,3469,-38.7,38.0,0.991
2025-04-12T00:32:18.000,10.13,-7.31,18.62,17.06,20.23,3470,-38.66,38.0,0.991
2025-04-12T00:33:18.000,10.08,-6.45,20.56,16.95,20.23,3471,-38.63,38.0,0.991
2025-04-12T00:34:18.000,10.02,-5.93,21.19,16.92,20.23,3472,-38.59,38.0,0.991
2025-04-12T00:35:18.000,10.04,-5.62,19.83,16.99,20.23,3473,-38.55,38.0,0.991
2025-04-12T00:36:19.000,10.05,-5.5,19.94,16.98,20.23,3474,-38.51,38.0,0.991
2025-04-12T00:37:19.000,10.03,-5.39,18.74,17.05,20.23,3475,-38.47,38.0,0.991
2025-04-12T00:38:19.000,10.01,-5.24,18.61,17.06,20.23,3476,-38.43,38.0,0.991
2025-04-12T00:39:19.000,10.11,-4.71,20.24,16.97,20.23,3477,-38.39,38.0,0.991
2025-04-12T00:40:19.000,10.11,-3.99,19.71,16.99,20.23,3478,-38.35,38.0,0.991
2025-04-12T00:41:19.000,10.14,-3.1,19.09,17.03,20.23,3479,-38.31,38.0,0.991
2025-04-12T00:42:19.000,10.14,-2.34,22.76,16.84,20.23,3480,-38.26,38.0,0.991
2025-04-12T00:43:19.000,10.19,-1.68,23.78,16.79,20.23,3481,-38.21,37.0,0.991
2025-04-12T00:44:19.000,10.25,-1.19,20.18,16.97,20.23,3482,-38.17,37.0,0.991
2025-04-12T00:45:20.000,10.24,-0.81,20.09,16.97,20.23,3483,-38.12,37.0,0.991
2025-04-12T00:46:20.000,10.24,-0.06,24.73,16.75,20.23,3484,-38.07,37.0,0.991
2025-04-12T00:47:20.000,10.28,0.87,24.09,16.78,20.23,3485,-38.02,37.0,0.991
2025-04-12T00:48:20.000,10.36,1.57,23.47,16.8,20.23,3486,-37.97,37.0,0.991
2025-04-12T00:49:20.000,10.42,2.15,24.81,16.74,20.23,3487,-37.92,37.0,0.991
2025-04-12T00:50:20.000,10.51,2.67,28.07,16.61,20.23,3488,-37.87,37.0,0.991
2025-04-12T00:51:20.000,10.59,3.08,29.08,16.57,20.23,3489,-37.81,37.0,0.991
2025-04-12T00:52:20.000,10.65,3.22,26.2,16.68,20.23,3490,-37.76,37.0,0.991
2025-04-12T00:53:21.000,10.74,3.19,25.54,16.71,20.23,3491,-37.7,37.0,0.991
2025-04-12T00:54:21.000,10.81,2.99,25.22,16.73,20.23,3492,-37.65,36.0,0.991
2025-04-12T00:55:21.000,10.87,2.91,23.12,16.82,20.23,3493,-37.59,36.0,0.991
2025-04-12T00:56:21.000,10.96,2.99,23.11,16.82,20.23,3494,-37.53,36.0,0.991
2025-04-12T00:57:21.000,11.03,2.91,22.25,16.86,20.23,3495,-37.47,36.0,0.991
2025-04-12T00:58:21.000,11.05,2.6,25.36,16.72,20.23,3496,-37.41,36.0,0.991
2025-04-12T00:59:21.000,11.1,2.52,19.78,16.99,20.23,3497,-37.35,36.0,0.991
2025-04-12T01:00:21.000,11.13,2.51,22.77,16.84,20.23,3498,-37.29,36.0,0.991
2025-04-12T01:01:21.000,11.18,2.84,25.43,16.72,20.23,3499,-37.23,36.0,0.991
2025-04-12T01:02:22.000,11.24,3.11,23.89,16.78,20.23,3500,-37.16,36.0,0.991
2025-04-12T01:03:22.000,11.24,3.23,22.09,16.87,20.23,3501,-37.1,36.0,0.991
2025-04-12T01:04:22.000,11.23,3.54,26.61,16.67,20.23,3502,-37.03,35.0,0.991
2025-04-12T01:05:22.000,11.26,4.02,26.46,16.67,20.23,3503,-36.96,35.0,0.991
2025-04-12T01:06:22.000,11.33,4.25,22.7,16.84,20.23,3504,-36.9,35.0,0.991
2025-04-12T01:07:22.000,11.39,4.24,22.64,16.84,20.23,3505,-36.83,35.0,0.992
2025-04-12T01:08:22.000,11.37,4.01,23.16,16.82,20.23,3506,-36.76,35.0,0.992
2025-04-12T01:09:22.000,11.37,4.11,22.77,16.84,20.23,3507,-36.69,35.0,0.992
2025-04-12T01:10:22.000,11.39,4.18,23.18,16.82,20.23,3508,-36.62,35.0,0.992
2025-04-12T01:11:22.000,11.41,4.18,24.03,16.78,20.23,3509,-36.55,35.0,0.992
2025-04-12T01:12:22.000,11.43,4.32,23.65,16.8,20.23,3510,-36.47,35.0,0.992
2025-04-12T01:13:23.000,11.43,4.45,19.63,17.0,20.23,3511,-36.4,34.0,0.992
2025-04-12T01:14:23.000,11.46,4.5,19.89,16.98,20.23,3512,-36.32,34.0,0.992
2025-04-12T01:15:23.000,11.48,4.59,20.54,16.95,20.23,3513,-36.25,34.0,0.992
2025-04-12T01:16:23.000,11.49,4.53,23.42,16.81,20.23,3514,-36.17,34.0,0.992
2025-04-12T01:17:23.000,11.5,4.55,24.31,16.77,20.23,3515,-36.1,34.0,0.992
2025-04-12T01:18:23.000,11.52,4.63,23.39,16.81,20.23,3516,-36.02,34.0,0.992
2025-04-12T01:19:23.000,11.58,4.73,22.11,16.87,20.23,3517,-35.94,34.0,0.992
2025-04-12T01:20:23.000,11.62,4.62,21.36,16.91,20.23,3518,-35.86,34.0,0.992
2025-04-12T01:21:23.000,11.66,4.75,21.64,16.89,20.23,3519,-35.78,34.0,0.992
2025-04-12T01:22:23.000,11.68,4.57,21.9,16.88,20.23,3520,-35.7,33.0,0.992
2025-04-12T01:23:24.000,11.69,4.36,23.77,16.79,20.23,3521,-35.61,33.0,0.992
2025-04-12T01:24:24.000,11.71,3.82,25.9,16.7,20.23,3522,-35.53,33.0,0.992
2025-04-12T01:25:24.000,11.72,3.03,23.94,16.78,20.23,3523,-35.45,33.0,0.992
2025-04-12T01:26:24.000,11.72,2.27,20.68,16.94,20.23,3524,-35.36,33.0,0.992
2025-04-12T01:27:24.000,11.71,2.09,19.78,16.99,20.23,3525,-35.28,33.0,0.992
2025-04-12T01:28:24.000,11.72,2.29,21.83,16.89,20.23,3526,-35.19,33.0,0.992
2025-04-12T01:29:24.000,11.7,2.3,24.09,16.78,20.23,3527,-35.1,33.0,0.992
2025-04-12T01:30:24.000,11.73,2.62,24.38,16.76,20.23,3528,-35.02,32.0,0.992
2025-04-12T01:31:24.000,11.76,2.7,23.15,16.82,20.23,3529,-34.93,32.0,0.992
2025-04-12T01:32:24.000,11.81,2.92,25.25,16.72,20.23,3530,-34.84,32.0,0.992
2025-04-12T01:33:25.000,11.85,3.14,23.37,16.81,20.23,3531,-34.75,32.0,0.992
