ecsv/stars202/stars202_2024-04.ecsv
# %ECSV 1.0
# ---
# datatype:
# - {name: time, datatype: string}
# - {name: Enclosure Temperature, unit: deg_C, datatype: float64}
# - {name: Sky Temperature, unit: deg_C, datatype: float64}
# - {name: Frequency, unit: Hz, datatype: float64}
# - {name: MSAS, unit: mag / arcsec2, datatype: float64}
# - {name: ZP, datatype: float64}
# - {name: Sequence Number, datatype: int64}
# - {name: Sun Alt, unit: deg, datatype: float64}
# - {name: Moon Alt, unit: deg, datatype: float64}
# - {name: Moon Illumination, datatype: float64}
# delimiter: ','
# meta: !!omap
# - ida:
#     Data supplier: {affiliation: null, observer: Miquel Serra}
#     Device type: TESS-W
#     Field of view: 17.0
#     Filters per channel: None
#     Instrument ID: stars202
#     License: ODbL 1.0 http://opendatacommons.org/licenses/odbl/summary/
#     Local timezone: Europe/Madrid
#     Location name: {country: '- Casa Rural Cijara', place: Pantano de Cijara, region: Spain, sub_region: null, town: "C\xE1ceres"}
#     Measurement direction per channel: {azimuth: 0.0, zenital: 0.0}
#     Moving / Fixed look direction: FIXED
#     Moving / Stationary position: STATIONARY
#     Number of channels: 1
#     Number of fields per line: 8
#     Number of header lines: 35
#     Position: {height: 313.0, latitude: 39.3229, longitude: -4.9505}
#     TESS MAC address: A0:20:A6:32:49:56
#     TESS cover offset value: 0.0
#     TESS firmware version: '1.0'
#     TESS zero point: 20.31
#     Time Synchronization: timestamp added by MQTT subscriber
#     URL: http://www.darksky.org/NSBM/sdf1.0.pdf
# - __serialized_columns__:
#     Enclosure Temperature:
#       __class__: astropy.units.quantity.Quantity
#       unit: &id001 !astropy.units.Unit {unit: deg_C}
#       value: !astropy.table.SerializedColumn {name: Enclosure Temperature}
#     Frequency:
#       __class__: astropy.units.quantity.Quantity
#       unit: !astropy.units.Unit {unit: Hz}
#       value: !astropy.table.SerializedColumn {name: Frequency}
#     MSAS:
#       __class__: astropy.units.quantity.Quantity
#       unit: !astropy.units.Unit {unit: mag / arcsec2}
#       value: !astropy.table.SerializedColumn {name: MSAS}
#     Moon Alt:
#       __class__: astropy.units.quantity.Quantity
#       unit: &id002 !astropy.units.Unit {unit: deg}
#       value: !astropy.table.SerializedColumn {name: Moon Alt}
#     Sky Temperature:
#       __class__: astropy.units.quantity.Quantity
#       unit: *id001
#       value: !astropy.table.SerializedColumn {name: Sky Temperature}
#     Sun Alt:
#       __class__: astropy.units.quantity.Quantity
#       unit: *id002
#       value: !astropy.table.SerializedColumn {name: Sun Alt}
#     time:
#       __class__: astropy.time.core.Time
#       format: isot
#       in_subfmt: '*'
#       out_subfmt: '*'
#       precision: 3
#       scale: utc
#       value: !astropy.table.SerializedColumn {name: time}
# schema: astropy-2.0
time,Enclosure Temperature,Sky Temperature,Frequency,MSAS,ZP,Sequence Number,Sun Alt,Moon Alt,Moon Illumination
[from data line 2584]
2024-04-04T19:32:24.000,17.31,14.78,13.42,17.49,20.31,445,-9.41,-62.0,0.215
2024-04-04T19:33:24.000,17.29,14.62,11.25,17.68,20.31,446,-9.6,-62.0,0.215
2024-04-04T19:34:24.000,17.24,14.62,9.48,17.87,20.31,447,-9.78,-62.0,0.215
2024-04-04T19:35:24.000,17.18,14.45,7.97,18.06,20.31,448,-9.97,-63.0,0.215
2024-04-04T19:36:24.000,17.16,14.49,6.67,18.25,20.31,449,-10.15,-63.0,0.215
2024-04-04T19:37:24.000,17.11,14.43,5.61,18.44,20.31,450,-10.34,-63.0,0.215
2024-04-04T19:38:24.000,17.09,14.46,4.81,18.61,20.31,451,-10.52,-63.0,0.215
2024-04-04T19:39:24.000,17.08,14.49,4.15,18.77,20.31,452,-10.71,-63.0,0.215
2024-04-04T19:40:25.000,17.06,14.45,3.6,18.92,20.31,453,-10.89,-63.0,0.215
2024-04-04T19:41:25.000,17.05,14.42,3.14,19.07,20.31,454,-11.08,-63.0,0.215
2024-04-04T19:42:25.000,17.02,14.48,2.77,19.2,20.31,455,-11.26,-64.0,0.215
2024-04-04T19:43:25.000,17.06,14.56,2.46,19.33,20.31,456,-11.45,-64.0,0.215
2024-04-04T19:44:25.000,17.07,14.62,2.18,19.47,20.31,457,-11.63,-64.0,0.215
2024-04-04T19:45:25.000,17.08,14.56,1.96,19.58,20.31,458,-11.81,-64.0,0.214
2024-04-04T19:46:25.000,17.06,14.51,1.74,19.71,20.31,459,-12.0,-64.0,0.214
2024-04-04T19:47:26.000,17.05,14.45,1.57,19.82,20.31,460,-12.18,-64.0,0.214
2024-04-04T19:48:26.000,17.03,14.58,1.42,19.93,20.31,461,-12.37,-64.0,0.214
2024-04-04T19:49:26.000,17.03,14.5,1.31,20.02,20.31,462,-12.55,-64.0,0.214
2024-04-04T19:50:26.000,17.02,14.44,1.21,20.1,20.31,463,-12.73,-65.0,0.214
2024-04-04T19:51:26.000,16.98,14.36,1.13,20.18,20.31,464,-12.92,-65.0,0.214
2024-04-04T19:52:26.000,16.96,14.42,1.06,20.25,20.31,465,-13.1,-65.0,0.214
2024-04-04T19:53:27.000,16.96,14.43,1.0,20.31,20.31,466,-13.28,-65.0,0.214
2024-04-04T19:54:27.000,16.94,14.33,0.94,20.37,20.31,467,-13.47,-65.0,0.214
2024-04-04T19:55:27.000,16.92,14.39,0.89,20.43,20.31,468,-13.65,-65.0,0.214
2024-04-04T19:56:27.000,16.9,14.29,0.85,20.49,20.31,469,-13.83,-65.0,0.214
2024-04-04T19:57:27.000,16.86,14.23,0.81,20.54,20.31,470,-14.01,-65.0,0.214
2024-04-04T19:58:27.000,16.83,14.25,0.77,20.59,20.31,471,-14.19,-65.0,0.214
2024-04-04T19:59:27.000,16.77,14.12,0.73,20.64,20.31,472,-14.37,-66.0,0.213
2024-04-04T20:00:27.000,16.75,14.15,0.7,20.7,20.31,473,-14.55,-66.0,0.213
2024-04-04T20:01:27.000,16.74,14.23,0.66,20.75,20.31,474,-14.73,-66.0,0.213
2024-04-04T20:02:27.000,16.77,14.37,0.64,20.79,20.31,475,-14.91,-66.0,0.213
2024-04-04T20:03:28.000,16.82,14.43,0.62,20.82,20.31,476,-15.1,-66.0,0.213
2024-04-04T20:04:27.000,16.85,14.43,0.61,20.85,20.31,477,-15.27,-66.0,0.213
2024-04-04T20:05:28.000,16.87,14.5,0.6,20.87,20.31,478,-15.46,-66.0,0.213
2024-04-04T20:06:28.000,16.91,14.53,0.6,20.87,20.31,479,-15.64,-66.0,0.213
2024-04-04T20:07:28.000,16.9,14.42,0.61,20.85,20.31,480,-15.82,-66.0,0.213
2024-04-04T20:08:28.000,16.9,14.42,0.63,20.81,20.31,481,-15.99,-67.0,0.213
2024-04-04T20:09:28.000,16.89,14.37,0.66,20.77,20.31,482,-16.17,-67.0,0.213
2024-04-04T20:10:28.000,16.89,14.41,0.67,20.75,20.31,483,-16.35,-67.0,0.213
2024-04-04T20:11:29.000,16.86,14.32,0.66,20.76,20.31,484,-16.53,-67.0,0.213
2024-04-04T20:12:29.000,16.85,14.36,0.63,20.81,20.31,485,-16.71,-67.0,0.213
2024-04-04T20:13:29.000,16.86,14.36,0.6,20.87,20.31,486,-16.89,-67.0,0.213
2024-04-04T20:14:29.000,16.84,14.35,0.57,20.93,20.31,487,-17.07,-67.0,0.212
2024-04-04T20:15:29.000,16.8,14.17,0.54,20.97,20.31,488,-17.24,-67.0,0.212
2024-04-04T20:16:29.000,16.74,14.15,0.53,21.0,20.31,489,-17.42,-67.0,0.212
2024-04-04T20:17:29.000,16.73,14.15,0.52,21.02,20.31,490,-17.6,-67.0,0.212
2024-04-04T20:18:29.000,16.71,14.1,0.51,21.03,20.31,491,-17.77,-67.0,0.212
2024-04-04T20:19:29.000,16.66,14.01,0.51,21.03,20.31,492,-17.95,-68.0,0.212
2024-04-04T20:20:29.000,16.59,13.8,0.51,21.03,20.31,493,-18.13,-68.0,0.212
2024-04-04T20:21:30.000,16.5,13.77,0.51,21.03,20.31,494,-18.31,-68.0,0.212
2024-04-04T20:22:30.000,16.48,13.85,0.52,21.03,20.31,495,-18.48,-68.0,0.212
2024-04-04T20:23:30.000,16.44,13.74,0.52,21.02,20.31,496,-18.66,-68.0,0.212
2024-04-04T20:24:30.000,16.42,13.8,0.52,21.03,20.31,497,-18.83,-68.0,0.212
2024-04-04T20:25:30.000,16.41,13.83,0.51,21.04,20.31,498,-19.01,-68.0,0.212
2024-04-04T20:26:30.000,16.37,13.76,0.51,21.04,20.31,499,-19.18,-68.0,0.212
2024-04-04T20:27:30.000,16.34,13.76,0.51,21.05,20.31,500,-19.36,-68.0,0.212
2024-04-04T20:28:31.000,16.35,13.86,0.5,21.05,20.31,501,-19.53,-68.0,0.212
2024-04-04T20:29:30.000,16.38,13.94,0.5,21.06,20.31,502,-19.7,-68.0,0.211
2024-04-04T20:30:31.000,16.39,13.92,0.5,21.06,20.31,503,-19.88,-68.0,0.211
2024-04-04T20:31:31.000,16.39,13.85,0.5,21.06,20.31,504,-20.05,-68.0,0.211
2024-04-04T20:32:31.000,16.36,13.81,0.5,21.07,20.31,505,-20.23,-68.0,0.211
2024-04-04T20:33:31.000,16.32,13.73,0.5,21.07,20.31,506,-20.4,-69.0,0.211
2024-04-04T20:34:31.000,16.27,13.65,0.49,21.08,20.31,507,-20.57,-69.0,0.211
2024-04-04T20:35:31.000,16.25,13.63,0.49,21.08,20.31,508,-20.74,-69.0,0.211
2024-04-04T20:36:31.000,16.22,13.68,0.49,21.09,20.31,509,-20.91,-69.0,0.211
2024-04-04T20:37:31.000,16.21,13.68,0.49,21.09,20.31,510,-21.08,-69.0,0.211
2024-04-04T20:38:31.000,16.17,13.55,0.48,21.1,20.31,511,-21.26,-69.0,0.211
2024-04-04T20:39:31.000,16.12,13.54,0.48,21.1,20.31,512,-21.43,-69.0,0.211
2024-04-04T20:40:31.000,16.13,13.62,0.48,21.11,20.31,513,-21.6,-69.0,0.211
2024-04-04T20:41:32.000,16.12,13.58,0.48,21.11,20.31,514,-21.77,-69.0,0.211
2024-04-04T20:42:32.000,16.11,13.62,0.48,21.12,20.31,515,-21.94,-69.0,0.211
2024-04-04T20:43:32.000,16.1,13.58,0.47,21.12,20.31,516,-22.11,-69.0,0.211
2024-04-04T20:44:32.000,16.1,13.62,0.47,21.13,20.31,517,-22.28,-69.0,0.21
2024-04-04T20:45:32.000,16.1,13.66,0.47,21.13,20.31,518,-22.45,-69.0,0.21
2024-04-04T20:46:32.000,16.12,13.72,0.47,21.13,20.31,519,-22.62,-69.0,0.21
2024-04-04T20:47:32.000,16.15,13.74,0.47,21.14,20.31,520,-22.78,-69.0,0.21
2024-04-04T20:48:32.000,16.16,13.71,0.47,21.14,20.31,521,-22.95,-69.0,0.21
2024-04-04T20:49:32.000,16.17,13.71,0.46,21.14,20.31,522,-23.12,-69.0,0.21
2024-04-04T20:50:33.000,16.17,13.73,0.46,21.14,20.31,523,-23.29,-69.0,0.21
2024-04-04T20:51:33.000,16.18,13.76,0.46,21.15,20.31,524,-23.46,-69.0,0.21
2024-04-04T20:52:33.000,16.19,13.81,0.46,21.15,20.31,525,-23.62,-69.0,0.21
2024-04-04T20:53:33.000,16.22,13.83,0.46,21.15,20.31,526,-23.79,-69.0,0.21
2024-04-04T20:54:33.000,16.24,13.91,0.46,21.15,20.31,527,-23.95,-69.0,0.21
2024-04-04T20:55:33.000,16.24,13.8,0.46,21.15,20.31,528,-24.12,-69.0,0.21
2024-04-04T20:56:33.000,16.25,13.9,0.46,21.15,20.31,529,-24.29,-69.0,0.21
2024-04-04T20:57:33.000,16.27,13.91,0.46,21.15,20.31,530,-24.45,-69.0,0.21
2024-04-04T20:58:33.000,16.29,13.97,0.46,21.15,20.31,531,-24.61,-69.0,0.21
2024-04-04T20:59:33.000,16.32,14.0,0.46,21.15,20.31,532,-24.78,-69.0,0.209
2024-04-04T21:00:33.000,16.32,13.9,0.46,21.15,20.31,533,-24.94,-69.0,0.209
2024-04-04T21:01:33.000,16.29,13.79,0.46,21.15,20.31,534,-25.11,-69.0,0.209
2024-04-04T21:02:33.000,16.22,13.52,0.46,21.15,20.31,535,-25.27,-69.0,0.209
2024-04-04T21:03:33.000,16.11,13.34,0.46,21.15,20.31,536,-25.43,-69.0,0.209
2024-04-04T21:04:33.000,16.04,13.29,0.46,21.15,20.31,537,-25.59,-69.0,0.209
2024-04-04T21:05:33.000,15.92,13.07,0.46,21.15,20.31,538,-25.75,-69.0,0.209
2024-04-04T21:06:33.000,15.85,13.15,0.46,21.15,20.31,539,-25.92,-69.0,0.209
2024-04-04T21:07:33.000,15.8,13.14,0.46,21.14,20.31,540,-26.08,-69.0,0.209
2024-04-04T21:08:34.000,15.76,13.12,0.46,21.14,20.31,541,-26.24,-69.0,0.209
2024-04-04T21:09:34.000,15.75,13.18,0.46,21.15,20.31,542,-26.4,-69.0,0.209
2024-04-04T21:10:34.000,15.72,13.1,0.46,21.16,20.31,543,-26.56,-69.0,0.209
2024-04-04T21:11:34.000,15.66,13.01,0.45,21.18,20.31,544,-26.72,-69.0,0.209
2024-04-04T21:12:34.000,15.62,12.97,0.45,21.19,20.31,545,-26.88,-69.0,0.209
2024-04-04T21:13:35.000,15.59,12.98,0.44,21.2,20.31,546,-27.04,-69.0,0.209
2024-04-04T21:14:34.000,15.58,13.03,0.44,21.21,20.31,547,-27.19,-69.0,0.208
2024-04-04T21:15:34.000,15.58,13.07,0.43,21.22,20.31,548,-27.35,-69.0,0.208
2024-04-04T21:16:34.000,15.58,13.08,0.43,21.23,20.31,549,-27.51,-69.0,0.208
2024-04-04T21:17:34.000,15.59,13.12,0.43,21.23,20.31,550,-27.67,-69.0,0.208
2024-04-04T21:18:35.000,15.61,13.21,0.43,21.24,20.31,551,-27.83,-69.0,0.208
2024-04-04T21:19:35.000,15.65,13.31,0.42,21.24,20.31,552,-27.98,-69.0,0.208
2024-04-04T21:20:35.000,15.68,13.31,0.42,21.24,20.31,553,-28.14,-69.0,0.208
2024-04-04T21:21:35.000,15.68,13.16,0.42,21.25,20.31,554,-28.29,-69.0,0.208
2024-04-04T21:22:35.000,15.63,13.11,0.42,21.25,20.31,555,-28.45,-69.0,0.208
2024-04-04T21:23:35.000,15.66,13.29,0.42,21.25,20.31,556,-28.6,-69.0,0.208
2024-04-04T21:24:35.000,15.64,13.07,0.42,21.26,20.31,557,-28.75,-69.0,0.208
2024-04-04T21:25:35.000,15.56,12.84,0.42,21.26,20.31,558,-28.91,-69.0,0.208
2024-04-04T21:26:35.000,15.47,12.77,0.41,21.27,20.31,559,-29.06,-69.0,0.208
2024-04-04T21:27:35.000,15.42,12.67,0.41,21.27,20.31,560,-29.21,-69.0,0.208
2024-04-04T21:28:35.000,15.34,12.59,0.41,21.27,20.31,561,-29.37,-69.0,0.208
2024-04-04T21:29:35.000,15.29,12.62,0.41,21.28,20.31,562,-29.52,-69.0,0.207
2024-04-04T21:30:36.000,15.23,12.55,0.41,21.28,20.31,563,-29.67,-69.0,0.207
2024-04-04T21:31:36.000,15.21,12.62,0.41,21.28,20.31,564,-29.82,-69.0,0.207
2024-04-04T21:32:36.000,15.19,12.58,0.41,21.28,20.31,565,-29.97,-69.0,0.207
2024-04-04T21:33:36.000,15.14,12.49,0.41,21.28,20.31,566,-30.12,-69.0,0.207
2024-04-04T21:34:36.000,15.13,12.58,0.41,21.28,20.31,567,-30.27,-69.0,0.207
2024-04-04T21:35:36.000,15.13,12.68,0.41,21.28,20.31,568,-30.42,-68.0,0.207
2024-04-04T21:36:36.000,15.15,12.67,0.41,21.27,20.31,569,-30.57,-68.0,0.207
2024-04-04T21:37:36.000,15.15,12.64,0.41,21.27,20.31,570,-30.71,-68.0,0.207
2024-04-04T21:38:36.000,15.15,12.69,0.41,21.27,20.31,571,-30.86,-68.0,0.207
2024-04-04T21:39:37.000,15.13,12.46,0.41,21.28,20.31,572,-31.01,-68.0,0.207
2024-04-04T21:40:37.000,15.06,12.38,0.41,21.29,20.31,573,-31.15,-68.0,0.207
2024-04-04T21:41:37.000,15.0,12.35,0.41,21.29,20.31,574,-31.3,-68.0,0.207
2024-04-04T21:42:38.000,15.03,12.61,0.4,21.29,20.31,575,-31.45,-68.0,0.207
2024-04-04T21:43:38.000,15.02,12.43,0.41,21.29,20.31,576,-31.59,-68.0,0.207
2024-04-04T21:44:38.000,14.99,12.45,0.41,21.28,20.31,577,-31.74,-68.0,0.206
2024-04-04T21:45:38.000,14.99,12.44,0.41,21.27,20.31,578,-31.88,-68.0,0.206
2024-04-04T21:46:38.000,14.95,12.31,0.42,21.25,20.31,579,-32.02,-68.0,0.206
2024-04-04T21:47:38.000,14.92,12.35,0.43,21.23,20.31,580,-32.16,-68.0,0.206
2024-04-04T21:48:38.000,14.88,12.18,0.43,21.23,20.31,581,-32.3,-68.0,0.206
2024-04-04T21:49:38.000,14.85,12.2,0.43,21.23,20.31,582,-32.45,-67.0,0.206
2024-04-04T21:50:38.000,14.85,12.31,0.42,21.24,20.31,583,-32.59,-67.0,0.206
2024-04-04T21:51:38.000,14.84,12.21,0.42,21.25,20.31,584,-32.73,-67.0,0.206
2024-04-04T21:52:39.000,14.85,12.41,0.41,21.27,20.31,585,-32.87,-67.0,0.206
2024-04-04T21:53:38.000,14.86,12.33,0.41,21.27,20.31,586,-33.0,-67.0,0.206
2024-04-04T21:54:39.000,14.83,12.21,0.42,21.26,20.31,587,-33.14,-67.0,0.206
2024-04-04T21:55:39.000,14.81,12.27,0.42,21.24,20.31,588,-33.28,-67.0,0.206
2024-04-04T21:56:39.000,14.79,12.2,0.43,21.23,20.31,589,-33.42,-67.0,0.206
2024-04-04T21:57:39.000,14.77,12.18,0.43,21.22,20.31,590,-33.56,-67.0,0.206
2024-04-04T21:58:39.000,14.75,12.26,0.44,21.2,20.31,591,-33.69,-67.0,0.206
2024-04-04T21:59:39.000,14.74,12.21,0.45,21.17,20.31,592,-33.83,-67.0,0.205
2024-04-04T22:00:39.000,14.73,12.22,0.47,21.13,20.31,593,-33.96,-66.0,0.205
2024-04-04T22:01:39.000,14.73,12.23,0.48,21.1,20.31,594,-34.1,-66.0,0.205
2024-04-04T22:02:40.000,14.71,12.14,0.49,21.09,20.31,595,-34.23,-66.0,0.205
2024-04-04T22:03:39.000,14.7,12.23,0.48,21.11,20.31,596,-34.36,-66.0,0.205
2024-04-04T22:04:39.000,14.72,12.23,0.47,21.14,20.31,597,-34.49,-66.0,0.205
2024-04-04T22:05:40.000,14.73,12.38,0.45,21.17,20.31,598,-34.63,-66.0,0.205
2024-04-04T22:06:40.000,14.79,12.41,0.44,21.19,20.31,599,-34.76,-66.0,0.205
2024-04-04T22:07:40.000,14.78,12.31,0.44,21.2,20.31,600,-34.89,-66.0,0.205
2024-04-04T22:08:40.000,14.79,12.31,0.44,21.21,20.31,601,-35.02,-66.0,0.205
2024-04-04T22:09:40.000,14.81,12.44,0.44,21.21,20.31,602,-35.15,-65.0,0.205
2024-04-04T22:10:40.000,14.85,12.53,0.44,21.21,20.31,603,-35.28,-65.0,0.205
2024-04-04T22:11:40.000,14.9,12.58,0.43,21.22,20.31,604,-35.4,-65.0,0.205
2024-04-04T22:12:40.000,14.93,12.64,0.43,21.23,20.31,605,-35.53,-65.0,0.205
2024-04-04T22:13:40.000,14.94,12.54,0.42,21.25,20.31,606,-35.66,-65.0,0.205
2024-04-04T22:14:40.000,14.95,12.58,0.41,21.27,20.31,607,-35.78,-65.0,0.204
2024-04-04T22:15:40.000,14.98,12.68,0.4,21.29,20.31,608,-35.91,-65.0,0.204
2024-04-04T22:16:40.000,14.94,12.31,0.4,21.31,20.31,609,-36.03,-65.0,0.204
2024-04-04T22:17:40.000,14.84,12.09,0.39,21.33,20.31,610,-36.15,-65.0,0.204
2024-04-04T22:18:41.000,14.83,12.34,0.39,21.34,20.31,611,-36.28,-64.0,0.204
2024-04-04T22:19:41.000,14.85,12.36,0.39,21.34,20.31,612,-36.4,-64.0,0.204
2024-04-04T22:20:41.000,14.86,12.39,0.39,21.33,20.31,613,-36.52,-64.0,0.204
2024-04-04T22:21:41.000,14.85,12.34,0.39,21.32,20.31,614,-36.64,-64.0,0.204
2024-04-04T22:22:41.000,14.81,12.25,0.4,21.32,20.31,615,-36.76,-64.0,0.204
2024-04-04T22:23:41.000,14.82,12.44,0.39,21.32,20.31,616,-36.88,-64.0,0.204
2024-04-04T22:24:41.000,14.88,12.45,0.39,21.33,20.31,617,-37.0,-64.0,0.204
2024-04-04T22:25:41.000,14.84,12.33,0.38,21.35,20.31,618,-37.12,-64.0,0.204
2024-04-04T22:26:42.000,14.88,12.47,0.38,21.36,20.31,619,-37.24,-63.0,0.204
2024-04-04T22:27:42.000,14.88,12.52,0.37,21.38,20.31,620,-37.35,-63.0,0.204
2024-04-04T22:28:42.000,14.93,12.58,0.37,21.39,20.31,621,-37.47,-63.0,0.204
2024-04-04T22:29:42.000,14.95,12.66,0.37,21.4,20.31,622,-37.58,-63.0,0.203
2024-04-04T22:30:42.000,14.98,12.61,0.37,21.4,20.31,623,-37.7,-63.0,0.203
2024-04-04T22:31:42.000,15.0,12.71,0.36,21.41,20.31,624,-37.81,-63.0,0.203
2024-04-04T22:32:42.000,15.05,12.65,0.36,21.41,20.31,625,-37.92,-63.0,0.203
2024-04-04T22:33:43.000,15.0,12.59,0.36,21.41,20.31,626,-38.04,-62.0,0.203
2024-04-04T22:34:43.000,15.08,12.81,0.36,21.41,20.31,627,-38.15,-62.0,0.203
2024-04-04T22:35:43.000,15.06,12.58,0.36,21.41,20.31,628,-38.26,-62.0,0.203
2024-04-04T22:36:43.000,15.09,12.84,0.37,21.4,20.31,629,-38.37,-62.0,0.203
2024-04-04T22:37:43.000,15.17,12.9,0.37,21.39,20.31,630,-38.48,-62.0,0.203
2024-04-04T22:38:43.000,15.21,13.0,0.37,21.38,20.31,631,-38.59,-62.0,0.203
2024-04-04T22:39:44.000,15.25,12.93,0.38,21.36,20.31,632,-38.69,-62.0,0.203
2024-04-04T22:40:43.000,15.24,12.89,0.39,21.35,20.31,633,-38.8,-61.0,0.203
2024-04-04T22:41:44.000,15.23,12.76,0.39,21.33,20.31,634,-38.91,-61.0,0.203
2024-04-04T22:42:44.000,15.15,12.51,0.39,21.32,20.31,635,-39.01,-61.0,0.203
2024-04-04T22:43:44.000,15.08,12.46,0.39,21.32,20.31,636,-39.11,-61.0,0.203
2024-04-04T22:44:44.000,15.03,12.45,0.39,21.33,20.31,637,-39.22,-61.0,0.202
2024-04-04T22:45:44.000,14.96,12.32,0.39,21.33,20.31,638,-39.32,-61.0,0.202
2024-04-04T22:46:44.000,14.89,12.21,0.39,21.34,20.31,639,-39.42,-61.0,0.202
2024-04-04T22:47:44.000,14.79,11.94,0.39,21.34,20.31,640,-39.52,-60.0,0.202
2024-04-04T22:48:44.000,14.68,11.9,0.39,21.35,20.31,641,-39.62,-60.0,0.202
2024-04-04T22:49:44.000,14.59,11.78,0.39,21.34,20.31,642,-39.72,-60.0,0.202
2024-04-04T22:50:44.000,14.54,11.95,0.39,21.34,20.31,643,-39.82,-60.0,0.202
2024-04-04T22:51:44.000,14.55,12.08,0.38,21.35,20.31,644,-39.91,-60.0,0.202
2024-04-04T22:52:44.000,14.53,11.94,0.38,21.37,20.31,645,-40.01,-60.0,0.202
2024-04-04T22:53:45.000,14.48,11.83,0.37,21.39,20.31,646,-40.11,-60.0,0.202
2024-04-04T22:54:45.000,14.43,11.81,0.36,21.41,20.31,647,-40.2,-59.0,0.202
2024-04-04T22:55:45.000,14.36,11.68,0.36,21.43,20.31,648,-40.29,-59.0,0.202
2024-04-04T22:56:45.000,14.26,11.38,0.36,21.43,20.31,649,-40.39,-59.0,0.202
2024-04-04T22:57:45.000,14.1,11.21,0.36,21.43,20.31,650,-40.48,-59.0,0.202
2024-04-04T22:58:45.000,14.06,11.33,0.36,21.43,20.31,651,-40.57,-59.0,0.202
2024-04-04T22:59:45.000,14.04,11.41,0.36,21.41,20.31,652,-40.66,-59.0,0.201
2024-04-04T23:00:45.000,14.04,11.54,0.36,21.41,20.31,653,-40.75,-58.0,0.201
2024-04-04T23:01:45.000,14.05,11.55,0.36,21.42,20.31,654,-40.83,-58.0,0.201
2024-04-04T23:02:45.000,14.03,11.51,0.36,21.43,20.31,655,-40.92,-58.0,0.201
