ecsv/stars202/stars202_2024-04.ecsv
# %ECSV 1.0
# ---
# datatype:
# - {name: time, datatype: string}
# - {name: Enclosure Temperature, unit: deg_C, datatype: float64}
# - {name: Sky Temperature, unit: deg_C, datatype: float64}
# - {name: Frequency, unit: Hz, datatype: float64}
# - {name: MSAS, unit: mag / arcsec2, datatype: float64}
# - {name: ZP, datatype: float64}
# - {name: Sequence Number, datatype: int64}
# - {name: Sun Alt, unit: deg, datatype: float64}
# - {name: Moon Alt, unit: deg, datatype: float64}
# - {name: Moon Illumination, datatype: float64}
# delimiter: ','
# meta: !!omap
# - ida:
#     Data supplier: {affiliation: null, observer: Miquel Serra}
#     Device type: TESS-W
#     Field of view: 17.0
#     Filters per channel: None
#     Instrument ID: stars202
#     License: ODbL 1.0 http://opendatacommons.org/licenses/odbl/summary/
#     Local timezone: Europe/Madrid
#     Location name: {country: '- Casa Rural Cijara', place: Pantano de Cijara, region: Spain, sub_region: null, town: "C\xE1ceres"}
#     Measurement direction per channel: {azimuth: 0.0, zenital: 0.0}
#     Moving / Fixed look direction: FIXED
#     Moving / Stationary position: STATIONARY
#     Number of channels: 1
#     Number of fields per line: 8
#     Number of header lines: 35
#     Position: {height: 313.0, latitude: 39.3229, longitude: -4.9505}
#     TESS MAC address: A0:20:A6:32:49:56
#     TESS cover offset value: 0.0
#     TESS firmware version: '1.0'
#     TESS zero point: 20.31
#     Time Synchronization: timestamp added by MQTT subscriber
#     URL: http://www.darksky.org/NSBM/sdf1.0.pdf
# - __serialized_columns__:
#     Enclosure Temperature:
#       __class__: astropy.units.quantity.Quantity
#       unit: &id001 !astropy.units.Unit {unit: deg_C}
#       value: !astropy.table.SerializedColumn {name: Enclosure Temperature}
#     Frequency:
#       __class__: astropy.units.quantity.Quantity
#       unit: !astropy.units.Unit {unit: Hz}
#       value: !astropy.table.SerializedColumn {name: Frequency}
#     MSAS:
#       __class__: astropy.units.quantity.Quantity
#       unit: !astropy.units.Unit {unit: mag / arcsec2}
#       value: !astropy.table.SerializedColumn {name: MSAS}
#     Moon Alt:
#       __class__: astropy.units.quantity.Quantity
#       unit: &id002 !astropy.units.Unit {unit: deg}
#       value: !astropy.table.SerializedColumn {name: Moon Alt}
#     Sky Temperature:
#       __class__: astropy.units.quantity.Quantity
#       unit: *id001
#       value: !astropy.table.SerializedColumn {name: Sky Temperature}
#     Sun Alt:
#       __class__: astropy.units.quantity.Quantity
#       unit: *id002
#       value: !astropy.table.SerializedColumn {name: Sun Alt}
#     time:
#       __class__: astropy.time.core.Time
#       format: isot
#       in_subfmt: '*'
#       out_subfmt: '*'
#       precision: 3
#       scale: utc
#       value: !astropy.table.SerializedColumn {name: time}
# schema: astropy-2.0
time,Enclosure Temperature,Sky Temperature,Frequency,MSAS,ZP,Sequence Number,Sun Alt,Moon Alt,Moon Illumination
[from data line 220]
2024-04-01T03:40:41.000,10.02,5.71,2.28,19.42,20.31,934,-26.81,16.0,0.606
2024-04-01T03:41:41.000,9.68,5.01,2.83,19.19,20.31,935,-26.65,16.0,0.606
2024-04-01T03:42:41.000,9.7,5.19,2.13,19.51,20.31,936,-26.49,16.0,0.606
2024-04-01T03:43:41.000,10.07,5.61,1.86,19.64,20.31,937,-26.32,16.0,0.606
2024-04-01T03:44:41.000,10.38,5.69,1.76,19.7,20.31,938,-26.16,16.0,0.606
2024-04-01T03:45:41.000,10.11,4.61,1.99,19.57,20.31,939,-25.99,16.0,0.606
2024-04-01T03:46:41.000,9.95,5.32,1.56,19.84,20.31,940,-25.82,16.0,0.605
2024-04-01T03:47:41.000,9.86,4.48,1.37,19.97,20.31,941,-25.66,16.0,0.605
2024-04-01T03:48:41.000,10.21,5.8,2.13,19.5,20.31,942,-25.49,17.0,0.605
2024-04-01T03:49:42.000,10.52,5.99,1.88,19.63,20.31,943,-25.32,17.0,0.605
2024-04-01T03:50:42.000,10.62,6.59,1.4,19.94,20.31,944,-25.15,17.0,0.605
2024-04-01T03:51:42.000,10.48,6.23,1.41,19.94,20.31,945,-24.99,17.0,0.605
2024-04-01T03:52:42.000,10.06,5.4,1.85,19.65,20.31,946,-24.82,17.0,0.605
2024-04-01T03:53:42.000,9.82,5.68,1.85,19.66,20.31,947,-24.65,17.0,0.605
2024-04-01T03:54:42.000,9.68,4.36,1.01,20.31,20.31,948,-24.48,17.0,0.605
2024-04-01T03:55:42.000,9.8,4.75,1.14,20.17,20.31,949,-24.31,17.0,0.605
2024-04-01T03:56:42.000,10.16,5.1,1.2,20.11,20.31,950,-24.14,17.0,0.605
2024-04-01T03:57:42.000,10.23,4.43,1.15,20.15,20.31,951,-23.97,17.0,0.605
2024-04-01T03:58:42.000,9.82,3.81,1.06,20.25,20.31,952,-23.8,17.0,0.605
2024-04-01T03:59:43.000,9.67,4.41,1.14,20.17,20.31,953,-23.63,17.0,0.604
2024-04-01T04:00:43.000,9.9,4.78,1.34,19.99,20.31,954,-23.46,17.0,0.604
2024-04-01T04:01:43.000,10.1,4.3,1.4,19.94,20.31,955,-23.29,18.0,0.604
2024-04-01T04:02:43.000,9.96,4.38,1.9,19.63,20.31,956,-23.12,18.0,0.604
2024-04-01T04:03:43.000,10.12,5.33,1.93,19.6,20.31,957,-22.95,18.0,0.604
2024-04-01T04:04:44.000,10.1,4.86,1.72,19.72,20.31,958,-22.77,18.0,0.604
2024-04-01T04:05:44.000,9.94,5.12,1.34,19.99,20.31,959,-22.6,18.0,0.604
2024-04-01T04:06:44.000,9.89,4.91,1.41,19.94,20.31,960,-22.43,18.0,0.604
2024-04-01T04:07:44.000,9.98,4.66,1.97,19.58,20.31,961,-22.25,18.0,0.604
2024-04-01T04:08:44.000,10.01,4.41,2.53,19.31,20.31,962,-22.08,18.0,0.604
2024-04-01T04:09:45.000,10.11,4.67,2.65,19.25,20.31,963,-21.9,18.0,0.604
2024-04-01T04:10:45.000,9.96,4.64,2.59,19.28,20.31,964,-21.73,18.0,0.604
2024-04-01T04:11:45.000,10.01,5.41,2.42,19.35,20.31,965,-21.56,18.0,0.604
2024-04-01T04:12:45.000,10.35,6.26,2.4,19.36,20.31,966,-21.38,18.0,0.604
2024-04-01T04:13:45.000,10.42,5.96,2.24,19.44,20.31,967,-21.21,18.0,0.603
2024-04-01T04:14:45.000,9.97,4.61,2.05,19.53,20.31,968,-21.03,18.0,0.603
2024-04-01T04:15:45.000,9.51,4.14,2.44,19.34,20.31,969,-20.86,18.0,0.603
2024-04-01T04:16:46.000,9.65,5.11,2.74,19.22,20.31,970,-20.68,19.0,0.603
2024-04-01T04:17:46.000,10.09,5.44,3.05,19.1,20.31,971,-20.5,19.0,0.603
2024-04-01T04:18:46.000,10.13,4.39,2.98,19.12,20.31,972,-20.33,19.0,0.603
2024-04-01T04:19:46.000,9.98,4.82,2.87,19.16,20.31,973,-20.15,19.0,0.603
2024-04-01T04:20:46.000,9.73,3.65,2.68,19.24,20.31,974,-19.98,19.0,0.603
2024-04-01T04:21:46.000,9.82,4.55,2.23,19.45,20.31,975,-19.8,19.0,0.603
2024-04-01T04:22:46.000,10.12,4.64,1.43,19.94,20.31,976,-19.62,19.0,0.603
2024-04-01T04:23:46.000,10.04,4.07,1.16,20.15,20.31,977,-19.44,19.0,0.603
2024-04-01T04:24:46.000,9.65,3.84,1.26,20.06,20.31,978,-19.27,19.0,0.603
2024-04-01T04:25:46.000,9.76,4.48,1.4,19.95,20.31,979,-19.09,19.0,0.603
2024-04-01T04:26:46.000,9.95,4.31,1.68,19.75,20.31,980,-18.91,19.0,0.603
2024-04-01T04:27:47.000,10.21,4.87,1.79,19.68,20.31,981,-18.73,19.0,0.602
2024-04-01T04:28:48.000,10.18,4.4,1.99,19.56,20.31,982,-18.55,19.0,0.602
2024-04-01T04:29:48.000,9.74,4.02,2.28,19.42,20.31,983,-18.37,19.0,0.602
2024-04-01T04:30:47.000,9.86,5.19,2.17,19.48,20.31,984,-18.19,19.0,0.602
2024-04-01T04:31:47.000,10.13,5.05,1.3,20.04,20.31,985,-18.02,19.0,0.602
2024-04-01T04:32:48.000,10.07,5.01,0.99,20.32,20.31,986,-17.83,19.0,0.602
2024-04-01T04:33:48.000,9.9,4.85,1.21,20.11,20.31,987,-17.65,19.0,0.602
2024-04-01T04:34:49.000,9.78,4.81,1.29,20.03,20.31,988,-17.47,20.0,0.602
2024-04-01T04:35:48.000,9.83,4.37,1.26,20.06,20.31,989,-17.29,20.0,0.602
2024-04-01T04:36:48.000,10.09,4.82,1.17,20.14,20.31,990,-17.11,20.0,0.602
2024-04-01T04:37:49.000,10.44,5.46,1.45,19.91,20.31,991,-16.93,20.0,0.602
2024-04-01T04:38:49.000,10.36,5.4,2.75,19.23,20.31,992,-16.75,20.0,0.602
2024-04-01T04:39:49.000,10.13,5.13,3.17,19.09,20.31,993,-16.57,20.0,0.602
2024-04-01T04:40:49.000,9.69,4.64,2.19,19.47,20.31,994,-16.39,20.0,0.602
2024-04-01T04:41:49.000,9.81,5.52,1.5,19.87,20.31,995,-16.21,20.0,0.601
2024-04-01T04:42:49.000,10.11,5.34,1.32,20.01,20.31,996,-16.02,20.0,0.601
2024-04-01T04:43:49.000,10.15,5.31,1.64,19.78,20.31,997,-15.84,20.0,0.601
2024-04-01T04:44:49.000,9.96,5.15,1.93,19.6,20.31,998,-15.66,20.0,0.601
2024-04-01T04:45:50.000,9.84,5.25,1.95,19.59,20.31,999,-15.48,20.0,0.601
2024-04-01T04:46:50.000,9.99,5.13,2.02,19.55,20.31,1000,-15.29,20.0,0.601
2024-04-01T04:47:50.000,9.98,4.24,1.55,19.84,20.31,1001,-15.11,20.0,0.601
2024-04-01T04:48:50.000,10.04,4.63,1.71,19.73,20.31,1002,-14.93,20.0,0.601
2024-04-01T04:49:50.000,9.94,4.02,1.78,19.68,20.31,1003,-14.74,20.0,0.601
2024-04-01T04:50:50.000,9.82,4.14,1.93,19.6,20.31,1004,-14.56,20.0,0.601
2024-04-01T04:51:50.000,9.96,4.48,1.63,19.78,20.31,1005,-14.38,20.0,0.601
2024-04-01T04:52:51.000,10.35,5.52,1.65,19.77,20.31,1006,-14.19,20.0,0.601
2024-04-01T04:53:51.000,10.39,5.46,2.6,19.29,20.31,1007,-14.01,20.0,0.601
2024-04-01T04:54:51.000,10.22,5.45,4.98,18.57,20.31,1008,-13.82,20.0,0.601
2024-04-01T04:55:51.000,9.86,5.13,6.25,18.32,20.31,1009,-13.64,20.0,0.6
2024-04-01T04:56:51.000,9.89,5.6,5.04,18.56,20.31,1010,-13.46,20.0,0.6
2024-04-01T04:57:51.000,9.92,4.58,3.89,18.84,20.31,1011,-13.27,20.0,0.6
2024-04-01T04:58:51.000,10.21,5.49,3.29,19.02,20.31,1012,-13.09,21.0,0.6
2024-04-01T04:59:51.000,10.49,5.54,2.84,19.18,20.31,1013,-12.9,21.0,0.6
2024-04-01T05:00:52.000,10.19,4.79,4.34,18.73,20.31,1014,-12.71,21.0,0.6
2024-04-01T05:01:52.000,9.81,4.55,3.9,18.84,20.31,1015,-12.53,21.0,0.6
2024-04-01T05:02:52.000,9.61,4.4,2.97,19.13,20.31,1016,-12.34,21.0,0.6
2024-04-01T05:03:52.000,9.74,4.22,3.15,19.06,20.31,1017,-12.16,21.0,0.6
2024-04-01T05:04:52.000,9.98,4.28,3.41,18.98,20.31,1018,-11.97,21.0,0.6
2024-04-01T05:05:53.000,10.21,4.72,3.9,18.83,20.31,1019,-11.78,21.0,0.6
2024-04-01T05:06:53.000,10.42,5.86,5.02,18.56,20.31,1020,-11.6,21.0,0.6
2024-04-01T05:07:53.000,10.18,4.92,4.9,18.58,20.31,1021,-11.41,21.0,0.6
2024-04-01T05:08:53.000,9.92,5.38,4.75,18.62,20.31,1022,-11.22,21.0,0.6
2024-04-01T05:09:53.000,10.03,5.91,5.27,18.51,20.31,1023,-11.04,21.0,0.599
2024-04-01T05:10:53.000,10.08,4.9,6.13,18.35,20.31,1024,-10.85,21.0,0.599
2024-04-01T05:11:53.000,9.94,5.13,7.27,18.16,20.31,1025,-10.66,21.0,0.599
2024-04-01T05:12:53.000,10.14,5.68,7.82,18.08,20.31,1026,-10.48,21.0,0.599
2024-04-01T05:13:53.000,10.13,5.37,10.77,17.73,20.31,1027,-10.29,21.0,0.599
2024-04-01T05:14:54.000,10.07,6.0,9.92,17.82,20.31,1028,-10.1,21.0,0.599
2024-04-01T05:15:54.000,9.99,6.06,13.33,17.52,20.31,1029,-9.91,21.0,0.599
2024-04-01T05:16:55.000,9.99,6.09,22.99,16.91,20.31,1030,-9.72,21.0,0.599
2024-04-01T05:17:54.000,9.99,5.63,17.55,17.14,20.31,1031,-9.54,21.0,0.599
2024-04-01T05:18:54.000,10.22,5.9,17.24,17.22,20.31,1032,-9.35,21.0,0.599
2024-04-01T05:19:54.000,10.28,5.75,18.92,17.12,20.31,1033,-9.16,21.0,0.599
2024-04-01T05:20:54.000,10.02,5.25,20.24,17.05,20.31,1034,-8.97,21.0,0.599
2024-04-01T05:21:55.000,9.71,4.83,40.27,16.31,20.31,1035,-8.78,21.0,0.599
2024-04-01T05:22:55.000,9.84,5.21,32.74,16.53,20.31,1036,-8.59,21.0,0.599
2024-04-01T05:23:55.000,10.23,6.0,43.36,16.22,20.31,1037,-8.41,21.0,0.598
2024-04-01T05:24:55.000,10.58,6.29,56.56,15.95,20.31,1038,-8.22,21.0,0.598
2024-04-01T05:25:55.000,10.46,5.58,87.39,15.46,20.31,1039,-8.03,21.0,0.598
2024-04-01T05:26:55.000,10.16,5.52,114.0,15.17,20.31,1040,-7.84,21.0,0.598
2024-04-01T05:27:56.000,9.73,4.55,151.51,14.86,20.31,1041,-7.65,21.0,0.598
2024-04-01T05:28:56.000,9.58,4.96,189.03,14.62,20.31,1042,-7.46,21.0,0.598
2024-04-01T05:29:56.000,10.01,5.78,201.62,14.55,20.31,1043,-7.27,21.0,0.598
2024-04-01T05:30:56.000,10.31,5.78,214.67,14.48,20.31,1044,-7.08,21.0,0.598
2024-04-01T05:31:56.000,10.23,5.03,254.29,14.3,20.31,1045,-6.89,21.0,0.598
2024-04-01T05:32:57.000,9.76,4.29,381.44,13.87,20.31,1046,-6.7,21.0,0.598
2024-04-01T05:33:57.000,9.75,5.02,486.92,13.59,20.31,1047,-6.51,21.0,0.598
2024-04-01T05:34:58.000,10.12,5.57,626.62,13.33,20.31,1048,-6.32,21.0,0.598
2024-04-01T05:35:58.000,10.42,5.74,965.53,12.86,20.31,1049,-6.13,21.0,0.598
2024-04-01T05:36:58.000,10.33,5.66,1349.51,12.49,20.31,1050,-5.94,21.0,0.597
2024-04-01T05:37:59.000,10.02,5.13,1779.18,12.19,20.31,1051,-5.74,21.0,0.597
2024-04-01T05:39:00.000,9.88,5.62,2323.96,11.9,20.31,1052,-5.55,21.0,0.597
2024-04-01T05:40:00.000,10.11,5.83,3181.47,11.55,20.31,1053,-5.36,21.0,0.597
2024-04-01T05:41:00.000,10.2,5.88,3528.24,11.44,20.31,1054,-5.17,21.0,0.597
2024-04-01T05:42:01.000,10.08,5.42,3775.18,11.37,20.31,1055,-4.98,21.0,0.597
2024-04-01T05:43:01.000,9.82,5.43,4013.02,11.31,20.31,1056,-4.79,21.0,0.597
2024-04-01T05:44:02.000,9.96,5.74,5375.47,10.99,20.31,1057,-4.59,21.0,0.597
2024-04-01T05:45:02.000,10.15,5.55,6896.51,10.72,20.31,1058,-4.4,21.0,0.597
2024-04-01T05:46:03.000,10.25,5.84,9464.11,10.37,20.31,1059,-4.21,21.0,0.597
2024-04-01T05:47:03.000,10.06,5.75,8174.69,10.54,20.31,1060,-4.02,21.0,0.597
2024-04-01T05:48:04.000,9.83,5.25,5920.53,10.88,20.31,1061,-3.82,21.0,0.597
2024-04-01T05:49:04.000,9.91,6.09,7989.56,10.56,20.31,1062,-3.63,21.0,0.597
2024-04-01T05:50:05.000,10.38,6.67,12558.31,10.07,20.31,1063,-3.44,21.0,0.597
2024-04-01T05:51:05.000,10.37,5.37,15126.6,9.87,20.31,1064,-3.24,21.0,0.596
2024-04-01T05:52:06.000,9.9,4.49,10985.22,10.21,20.31,1065,-3.05,21.0,0.596
2024-04-01T05:53:06.000,9.54,4.35,19509.29,9.6,20.31,1066,-2.86,21.0,0.596
2024-04-01T05:54:07.000,9.51,5.26,18515.89,9.64,20.31,1067,-2.66,21.0,0.596
2024-04-01T05:55:07.000,9.59,5.82,25232.96,9.31,20.31,1068,-2.47,21.0,0.596
2024-04-01T05:56:07.000,9.42,5.41,29827.82,9.2,20.31,1069,-2.28,21.0,0.596
2024-04-01T05:57:08.000,9.25,5.53,48451.62,8.61,20.31,1070,-2.09,21.0,0.596
2024-04-01T05:58:08.000,9.0,4.85,47294.82,8.63,20.31,1071,-1.89,21.0,0.596
2024-04-01T05:59:09.000,8.75,5.11,47132.11,8.63,20.31,1072,-1.7,21.0,0.596
2024-04-01T06:00:09.000,8.67,5.11,46472.8,8.64,20.31,1073,-1.51,21.0,0.596
2024-04-01T06:01:09.000,8.47,4.77,55292.73,8.46,20.31,1074,-1.31,21.0,0.596
2024-04-01T06:02:10.000,8.38,5.09,42608.83,8.74,20.31,1075,-1.12,21.0,0.596
2024-04-01T06:03:10.000,8.37,5.05,46925.71,8.63,20.31,1076,-0.93,21.0,0.596
2024-04-01T06:04:10.000,8.35,5.35,49382.38,8.58,20.31,1077,-0.74,21.0,0.596
2024-04-01T06:05:11.000,8.36,5.3,54800.31,8.46,20.31,1078,-0.54,21.0,0.595
2024-04-01T06:06:11.000,8.38,5.43,53476.96,8.49,20.31,1079,-0.35,21.0,0.595
2024-04-01T06:07:12.000,8.38,5.46,55232.22,8.45,20.31,1080,-0.15,21.0,0.595
2024-04-01T06:08:12.000,8.33,5.15,53619.5,2.62,20.31,1081,0.04,21.0,0.595
2024-04-01T06:09:12.000,8.32,5.39,50000.0,0.0,20.31,1082,0.23,21.0,0.595
2024-04-01T06:10:12.000,8.36,5.49,50000.0,0.0,20.31,1083,0.43,21.0,0.595
2024-04-01T06:11:13.000,8.31,5.25,50000.0,0.0,20.31,1084,0.62,21.0,0.595
2024-04-01T06:23:14.000,8.28,5.46,50000.0,0.0,20.31,1096,2.94,21.0,0.594
2024-04-01T06:24:14.000,8.32,5.56,50000.0,0.0,20.31,1097,3.13,21.0,0.594
2024-04-01T06:25:14.000,8.41,5.66,50000.0,0.0,20.31,1098,3.33,21.0,0.594
2024-04-01T06:26:14.000,8.42,5.59,49712.9,0.09,20.31,1099,3.52,21.0,0.594
2024-04-01T06:27:15.000,8.42,5.44,50000.0,0.0,20.31,1100,3.72,21.0,0.594
2024-04-01T06:28:15.000,8.4,5.51,50000.0,0.0,20.31,1101,3.91,20.0,0.594
2024-04-01T06:29:15.000,8.47,5.86,50000.0,0.0,20.31,1102,4.1,20.0,0.594
2024-04-01T09:43:34.000,13.38,12.2,50000.0,0.0,20.31,1296,40.06,3.0,0.58
2024-04-01T09:44:34.000,13.79,12.66,50000.0,0.0,20.31,1297,40.23,2.0,0.579
2024-04-01T09:45:34.000,14.68,15.11,50000.0,0.0,20.31,1298,40.39,2.0,0.579
2024-04-01T09:52:30.000,16.16,14.69,50000.0,0.0,20.31,2,41.49,1.0,0.579
2024-04-01T09:53:30.000,15.3,11.77,50000.0,0.0,20.31,3,41.65,1.0,0.579
2024-04-01T09:54:30.000,15.07,12.36,50000.0,0.0,20.31,4,41.81,1.0,0.579
2024-04-01T12:05:45.000,20.24,18.03,50000.0,0.0,20.31,135,55.28,-20.0,0.569
2024-04-01T12:06:45.000,19.96,16.56,50000.0,0.0,20.31,136,55.31,-20.0,0.569
2024-04-01T12:07:45.000,18.84,13.63,50000.0,0.0,20.31,137,55.33,-20.0,0.569
2024-04-01T12:21:03.000,18.04,15.31,50000.0,0.0,20.31,2,55.52,-22.0,0.568
2024-04-01T12:22:04.000,16.71,13.75,50000.0,0.0,20.31,3,55.52,-23.0,0.568
2024-04-01T12:23:04.000,16.75,14.77,50000.0,0.0,20.31,4,55.52,-23.0,0.568
2024-04-01T14:33:19.000,16.96,13.81,50000.0,0.0,20.31,134,44.77,-46.0,0.558
2024-04-01T14:34:19.000,16.64,13.43,50000.0,0.0,20.31,135,44.62,-46.0,0.558
2024-04-01T14:35:19.000,16.49,13.53,50000.0,0.0,20.31,136,44.48,-47.0,0.558
2024-04-01T14:37:25.000,16.7,15.27,50000.0,0.0,20.31,138,44.17,-47.0,0.558
2024-04-01T14:38:25.000,17.12,15.36,50000.0,0.0,20.31,139,44.02,-47.0,0.558
2024-04-01T14:39:25.000,16.71,13.15,50000.0,0.0,20.31,140,43.87,-47.0,0.558
2024-04-01T18:20:49.000,12.23,10.04,50000.0,0.0,20.31,361,3.63,-79.0,0.541
2024-04-01T18:21:49.000,12.28,9.8,50000.0,0.0,20.31,362,3.44,-79.0,0.541
2024-04-01T18:22:49.000,12.3,9.82,50000.0,0.0,20.31,363,3.24,-79.0,0.541
2024-04-01T18:23:50.000,12.37,10.04,49432.18,0.19,20.31,364,3.05,-79.0,0.541
2024-04-01T18:24:50.000,12.41,9.9,50000.0,0.0,20.31,365,2.85,-79.0,0.541
2024-04-01T18:25:50.000,12.36,9.73,50000.0,0.0,20.31,366,2.66,-79.0,0.541
2024-04-01T18:26:50.000,12.38,9.85,50000.0,0.0,20.31,367,2.47,-79.0,0.541
2024-04-01T18:27:50.000,12.4,9.86,50000.0,0.0,20.31,368,2.28,-79.0,0.541
2024-04-01T18:28:50.000,12.43,10.01,50000.0,0.0,20.31,369,2.08,-79.0,0.541
2024-04-01T18:29:50.000,12.49,10.18,50000.0,0.0,20.31,370,1.89,-79.0,0.541
2024-04-01T18:30:50.000,12.56,10.19,49722.33,0.09,20.31,371,1.7,-79.0,0.541
2024-04-01T18:31:50.000,12.53,9.98,50000.0,0.0,20.31,372,1.51,-79.0,0.541
2024-04-01T18:32:51.000,12.55,10.12,50000.0,0.0,20.31,373,1.31,-79.0,0.54
2024-04-01T18:33:51.000,12.61,10.24,50000.0,0.0,20.31,374,1.12,-79.0,0.54
2024-04-01T18:46:53.000,12.28,9.58,50000.0,0.0,20.31,387,-1.38,-77.0,0.539
2024-04-01T18:47:53.000,12.27,9.67,50000.0,0.0,20.31,388,-1.58,-77.0,0.539
2024-04-01T18:48:54.000,12.27,9.7,50000.0,0.0,20.31,389,-1.77,-77.0,0.539
2024-04-01T18:49:54.000,12.24,9.62,54825.09,3.05,20.31,390,-1.96,-77.0,0.539
2024-04-01T18:50:55.000,12.27,9.76,56658.11,8.43,20.31,391,-2.16,-77.0,0.539
2024-04-01T18:51:55.000,12.26,9.67,48266.52,8.6,20.31,392,-2.35,-77.0,0.539
2024-04-01T18:52:55.000,12.24,9.6,41048.38,8.78,20.31,393,-2.54,-77.0,0.539
2024-04-01T18:53:55.000,12.24,9.71,34750.75,8.96,20.31,394,-2.73,-77.0,0.539
2024-04-01T18:54:56.000,12.24,9.67,29279.73,9.14,20.31,395,-2.92,-76.0,0.539
2024-04-01T18:55:56.000,12.22,9.7,24552.18,9.34,20.31,396,-3.12,-76.0,0.539
2024-04-01T18:56:57.000,12.23,9.61,20471.29,9.53,20.31,397,-3.31,-76.0,0.539
2024-04-01T18:57:57.000,12.15,9.42,16943.6,9.74,20.31,398,-3.5,-76.0,0.539
2024-04-01T18:58:57.000,12.16,9.57,13940.29,9.95,20.31,399,-3.69,-76.0,0.539
2024-04-01T18:59:58.000,12.18,9.79,11391.67,10.17,20.31,400,-3.88,-76.0,0.538
2024-04-01T19:00:58.000,12.22,9.68,9227.16,10.4,20.31,401,-4.08,-76.0,0.538
2024-04-01T19:01:59.000,12.14,9.4,7388.49,10.64,20.31,402,-4.27,-76.0,0.538
2024-04-01T19:02:59.000,12.08,9.41,5855.02,10.89,20.31,403,-4.46,-75.0,0.538
2024-04-01T19:03:59.000,12.05,9.36,4616.07,11.15,20.31,404,-4.65,-75.0,0.538
2024-04-01T19:05:00.000,12.02,9.32,3640.64,11.41,20.31,405,-4.84,-75.0,0.538
2024-04-01T19:06:01.000,12.0,9.33,2884.85,11.66,20.31,406,-5.04,-75.0,0.538
2024-04-01T19:07:01.000,11.97,9.27,2289.03,11.91,20.31,407,-5.23,-75.0,0.538
2024-04-01T19:08:02.000,11.92,9.27,1815.16,12.17,20.31,408,-5.42,-75.0,0.538
2024-04-01T19:09:02.000,11.9,9.2,1442.91,12.41,20.31,409,-5.61,-75.0,0.538
2024-04-01T19:10:02.000,11.85,9.14,1147.8,12.66,20.31,410,-5.8,-75.0,0.538
2024-04-01T19:11:03.000,11.81,9.05,912.8,12.91,20.31,411,-5.99,-74.0,0.538
