ecsv/stars202/stars202_2025-04.ecsv
# %ECSV 1.0
# ---
# datatype:
# - {name: time, datatype: string}
# - {name: Enclosure Temperature, unit: deg_C, datatype: float64}
# - {name: Sky Temperature, unit: deg_C, datatype: float64}
# - {name: Frequency, unit: Hz, datatype: float64}
# - {name: MSAS, unit: mag / arcsec2, datatype: float64}
# - {name: ZP, datatype: float64}
# - {name: Sequence Number, datatype: int64}
# - {name: Sun Alt, unit: deg, datatype: float64}
# - {name: Moon Alt, unit: deg, datatype: float64}
# - {name: Moon Illumination, datatype: float64}
# delimiter: ','
# meta: !!omap
# - ida:
#     Data supplier: {affiliation: null, observer: Miquel Serra}
#     Device type: TESS-W
#     Field of view: 17.0
#     Filters per channel: None
#     Instrument ID: stars202
#     License: ODbL 1.0 http://opendatacommons.org/licenses/odbl/summary/
#     Local timezone: Europe/Madrid
#     Location name: {country: Spain, place: Casa Rural Cijara, region: null, sub_region: "C\xE1ceres", town: Pantano de Cijara}
#     Measurement direction per channel: {azimuth: 0.0, zenital: 0.0}
#     Moving / Fixed look direction: FIXED
#     Moving / Stationary position: STATIONARY
#     Number of channels: 1
#     Number of fields per line: 8
#     Number of header lines: 35
#     Position: {height: 313.0, latitude: 39.3229, longitude: -4.9505}
#     TESS MAC address: A0:20:A6:32:49:56
#     TESS cover offset value: 0.0
#     TESS firmware version: '1.0'
#     TESS zero point: 20.31
#     Time Synchronization: timestamp added by MQTT subscriber
#     URL: http://www.darksky.org/NSBM/sdf1.0.pdf
# - __serialized_columns__:
#     Enclosure Temperature:
#       __class__: astropy.units.quantity.Quantity
#       unit: &id001 !astropy.units.Unit {unit: deg_C}
#       value: !astropy.table.SerializedColumn {name: Enclosure Temperature}
#     Frequency:
#       __class__: astropy.units.quantity.Quantity
#       unit: !astropy.units.Unit {unit: Hz}
#       value: !astropy.table.SerializedColumn {name: Frequency}
#     MSAS:
#       __class__: astropy.units.quantity.Quantity
#       unit: !astropy.units.Unit {unit: mag / arcsec2}
#       value: !astropy.table.SerializedColumn {name: MSAS}
#     Moon Alt:
#       __class__: astropy.units.quantity.Quantity
#       unit: &id002 !astropy.units.Unit {unit: deg}
#       value: !astropy.table.SerializedColumn {name: Moon Alt}
#     Sky Temperature:
#       __class__: astropy.units.quantity.Quantity
#       unit: *id001
#       value: !astropy.table.SerializedColumn {name: Sky Temperature}
#     Sun Alt:
#       __class__: astropy.units.quantity.Quantity
#       unit: *id002
#       value: !astropy.table.SerializedColumn {name: Sun Alt}
#     time:
#       __class__: astropy.time.core.Time
#       format: isot
#       in_subfmt: '*'
#       out_subfmt: '*'
#       precision: 3
#       scale: utc
#       value: !astropy.table.SerializedColumn {name: time}
# schema: astropy-2.0
time,Enclosure Temperature,Sky Temperature,Frequency,MSAS,ZP,Sequence Number,Sun Alt,Moon Alt,Moon Illumination
[from data line 5796]
2025-04-24T01:10:30.000,13.28,10.83,0.38,21.35,20.31,784,-36.37,-28.0,0.196
2025-04-24T01:11:30.000,13.26,10.71,0.38,21.35,20.31,785,-36.32,-28.0,0.196
2025-04-24T01:12:30.000,13.25,10.78,0.38,21.35,20.31,786,-36.26,-28.0,0.195
2025-04-24T01:13:31.000,13.25,10.75,0.38,21.36,20.31,787,-36.21,-28.0,0.195
2025-04-24T01:14:31.000,13.23,10.67,0.38,21.36,20.31,788,-36.15,-28.0,0.195
2025-04-24T01:15:31.000,13.22,10.78,0.38,21.37,20.31,789,-36.09,-27.0,0.195
2025-04-24T01:16:31.000,13.21,10.7,0.38,21.37,20.31,790,-36.03,-27.0,0.195
2025-04-24T01:17:31.000,13.21,10.76,0.38,21.37,20.31,791,-35.97,-27.0,0.195
2025-04-24T01:18:31.000,13.2,10.59,0.38,21.37,20.31,792,-35.91,-27.0,0.195
2025-04-24T01:19:31.000,13.17,10.67,0.37,21.38,20.31,793,-35.85,-27.0,0.195
2025-04-24T01:20:32.000,13.19,10.73,0.37,21.38,20.31,794,-35.79,-26.0,0.195
2025-04-24T01:21:32.000,13.22,10.8,0.37,21.38,20.31,795,-35.72,-26.0,0.195
2025-04-24T01:22:31.000,13.23,10.78,0.37,21.38,20.31,796,-35.66,-26.0,0.195
2025-04-24T01:23:32.000,13.27,10.97,0.37,21.38,20.31,797,-35.59,-26.0,0.195
2025-04-24T01:24:32.000,13.29,10.9,0.37,21.38,20.31,798,-35.53,-26.0,0.195
2025-04-24T01:25:32.000,13.25,10.62,0.37,21.38,20.31,799,-35.46,-25.0,0.195
2025-04-24T01:26:32.000,13.19,10.55,0.37,21.38,20.31,800,-35.39,-25.0,0.195
2025-04-24T01:27:32.000,13.14,10.54,0.37,21.38,20.31,801,-35.32,-25.0,0.195
2025-04-24T01:28:32.000,13.14,10.57,0.37,21.38,20.31,802,-35.25,-25.0,0.194
2025-04-24T01:29:32.000,13.1,10.52,0.37,21.38,20.31,803,-35.18,-25.0,0.194
2025-04-24T01:30:32.000,13.08,10.49,0.37,21.38,20.31,804,-35.11,-25.0,0.194
2025-04-24T01:31:32.000,13.05,10.51,0.37,21.39,20.31,805,-35.04,-24.0,0.194
2025-04-24T01:32:32.000,13.0,10.39,0.37,21.39,20.31,806,-34.97,-24.0,0.194
2025-04-24T01:33:33.000,12.97,10.28,0.37,21.39,20.31,807,-34.89,-24.0,0.194
2025-04-24T01:34:33.000,12.91,10.23,0.37,21.39,20.31,808,-34.82,-24.0,0.194
2025-04-24T01:35:33.000,12.88,10.25,0.37,21.39,20.31,809,-34.74,-24.0,0.194
2025-04-24T01:36:33.000,12.86,10.31,0.37,21.39,20.31,810,-34.66,-23.0,0.194
2025-04-24T01:37:33.000,12.89,10.43,0.37,21.4,20.31,811,-34.59,-23.0,0.194
2025-04-24T01:38:33.000,12.89,10.33,0.37,21.4,20.31,812,-34.51,-23.0,0.194
2025-04-24T01:39:33.000,12.89,10.4,0.37,21.4,20.31,813,-34.43,-23.0,0.194
2025-04-24T01:40:33.000,12.89,10.41,0.37,21.4,20.31,814,-34.35,-23.0,0.194
2025-04-24T01:41:33.000,12.87,10.29,0.36,21.41,20.31,815,-34.27,-22.0,0.194
2025-04-24T01:42:33.000,12.86,10.4,0.36,21.41,20.31,816,-34.18,-22.0,0.194
2025-04-24T01:57:27.000,12.77,10.28,0.36,21.43,20.31,830,-32.86,-20.0,0.193
2025-04-24T01:58:28.000,12.76,10.38,0.36,21.43,20.31,831,-32.77,-19.0,0.193
2025-04-24T01:59:28.000,12.77,10.4,0.35,21.44,20.31,832,-32.67,-19.0,0.192
2025-04-24T02:00:28.000,12.75,10.28,0.35,21.44,20.31,833,-32.57,-19.0,0.192
2025-04-24T02:01:28.000,12.74,10.21,0.35,21.44,20.31,834,-32.48,-19.0,0.192
2025-04-24T02:02:28.000,12.7,10.1,0.35,21.44,20.31,835,-32.38,-19.0,0.192
2025-04-24T02:03:28.000,12.68,10.15,0.35,21.44,20.31,836,-32.28,-18.0,0.192
2025-04-24T02:04:28.000,12.68,10.15,0.35,21.44,20.31,837,-32.18,-18.0,0.192
2025-04-24T02:05:28.000,12.67,10.12,0.35,21.44,20.31,838,-32.08,-18.0,0.192
2025-04-24T02:06:28.000,12.66,10.17,0.35,21.44,20.31,839,-31.98,-18.0,0.192
2025-04-24T02:07:28.000,12.69,10.3,0.35,21.44,20.31,840,-31.88,-18.0,0.192
2025-04-24T02:08:28.000,12.71,10.34,0.35,21.44,20.31,841,-31.77,-17.0,0.192
2025-04-24T02:09:28.000,12.76,10.41,0.36,21.43,20.31,842,-31.67,-17.0,0.192
2025-04-24T02:10:28.000,12.78,10.37,0.36,21.43,20.31,843,-31.57,-17.0,0.192
2025-04-24T02:11:28.000,12.77,10.34,0.36,21.43,20.31,844,-31.46,-17.0,0.192
2025-04-24T02:12:28.000,12.85,10.61,0.36,21.43,20.31,845,-31.36,-17.0,0.192
2025-04-24T02:13:29.000,12.87,10.46,0.36,21.43,20.31,846,-31.25,-16.0,0.192
2025-04-24T02:14:29.000,12.85,10.29,0.36,21.43,20.31,847,-31.14,-16.0,0.192
2025-04-24T02:15:29.000,12.78,10.17,0.36,21.43,20.31,848,-31.03,-16.0,0.191
2025-04-24T02:16:29.000,12.8,10.39,0.36,21.43,20.31,849,-30.92,-16.0,0.191
2025-04-24T02:17:29.000,12.81,10.34,0.36,21.43,20.31,850,-30.82,-16.0,0.191
2025-04-24T02:18:29.000,12.8,10.36,0.36,21.43,20.31,851,-30.71,-16.0,0.191
2025-04-24T02:19:29.000,12.78,10.17,0.35,21.44,20.31,852,-30.59,-15.0,0.191
2025-04-24T02:20:29.000,12.75,10.25,0.35,21.44,20.31,853,-30.48,-15.0,0.191
2025-04-24T02:21:29.000,12.73,10.1,0.35,21.44,20.31,854,-30.37,-15.0,0.191
2025-04-24T02:22:30.000,12.69,10.11,0.35,21.44,20.31,855,-30.26,-15.0,0.191
2025-04-24T02:23:30.000,12.66,10.05,0.35,21.44,20.31,856,-30.14,-15.0,0.191
2025-04-24T02:24:29.000,12.64,10.04,0.35,21.44,20.31,857,-30.03,-14.0,0.191
2025-04-24T02:25:29.000,12.57,9.82,0.35,21.44,20.31,858,-29.92,-14.0,0.191
2025-04-24T02:26:30.000,12.53,9.9,0.35,21.44,20.31,859,-29.8,-14.0,0.191
2025-04-24T02:27:30.000,12.6,10.3,0.35,21.44,20.31,860,-29.68,-14.0,0.191
2025-04-24T02:28:30.000,12.63,10.1,0.35,21.44,20.31,861,-29.57,-14.0,0.191
2025-04-24T02:29:30.000,12.65,10.31,0.35,21.44,20.31,862,-29.45,-13.0,0.191
2025-04-24T02:30:30.000,12.69,10.23,0.35,21.44,20.31,863,-29.33,-13.0,0.191
2025-04-24T02:31:30.000,12.73,10.42,0.35,21.44,20.31,864,-29.21,-13.0,0.19
2025-04-24T02:32:30.000,12.76,10.45,0.35,21.44,20.31,865,-29.09,-13.0,0.19
2025-04-24T02:33:30.000,12.78,10.33,0.35,21.44,20.31,866,-28.97,-13.0,0.19
2025-04-24T02:34:30.000,12.75,10.14,0.35,21.44,20.31,867,-28.85,-13.0,0.19
2025-04-24T02:35:30.000,12.71,10.21,0.35,21.44,20.31,868,-28.73,-12.0,0.19
2025-04-24T02:36:30.000,12.73,10.33,0.35,21.44,20.31,869,-28.61,-12.0,0.19
2025-04-24T02:37:31.000,12.75,10.27,0.36,21.43,20.31,870,-28.48,-12.0,0.19
2025-04-24T02:38:31.000,12.75,10.36,0.36,21.43,20.31,871,-28.36,-12.0,0.19
2025-04-24T02:39:31.000,12.77,10.22,0.36,21.43,20.31,872,-28.24,-12.0,0.19
2025-04-24T02:40:31.000,12.7,10.1,0.36,21.43,20.31,873,-28.11,-11.0,0.19
2025-04-24T02:41:31.000,12.68,10.12,0.36,21.42,20.31,874,-27.99,-11.0,0.19
2025-04-24T02:42:31.000,12.64,10.01,0.36,21.42,20.31,875,-27.86,-11.0,0.19
2025-04-24T02:43:31.000,12.63,10.15,0.36,21.42,20.31,876,-27.74,-11.0,0.19
2025-04-24T02:44:31.000,12.63,10.05,0.36,21.42,20.31,877,-27.61,-11.0,0.19
2025-04-24T02:45:32.000,12.61,10.01,0.36,21.42,20.31,878,-27.48,-10.0,0.19
2025-04-24T02:46:32.000,12.57,10.02,0.36,21.41,20.31,879,-27.35,-10.0,0.189
2025-04-24T02:47:31.000,12.54,9.92,0.36,21.41,20.31,880,-27.22,-10.0,0.189
2025-04-24T02:48:31.000,12.52,9.98,0.36,21.41,20.31,881,-27.09,-10.0,0.189
2025-04-24T02:49:32.000,12.5,9.94,0.37,21.4,20.31,882,-26.96,-10.0,0.189
2025-04-24T02:50:32.000,12.52,10.13,0.37,21.4,20.31,883,-26.83,-9.0,0.189
2025-04-24T02:51:32.000,12.52,10.02,0.37,21.4,20.31,884,-26.7,-9.0,0.189
2025-04-24T02:52:32.000,12.52,10.04,0.37,21.4,20.31,885,-26.57,-9.0,0.189
2025-04-24T02:53:32.000,12.49,9.88,0.37,21.39,20.31,886,-26.44,-9.0,0.189
2025-04-24T02:54:32.000,12.47,9.92,0.37,21.39,20.31,887,-26.31,-9.0,0.189
2025-04-24T02:55:32.000,12.47,9.94,0.37,21.39,20.31,888,-26.17,-9.0,0.189
2025-04-24T02:56:32.000,12.46,9.85,0.37,21.39,20.31,889,-26.04,-8.0,0.189
2025-04-24T02:57:32.000,12.42,9.78,0.37,21.39,20.31,890,-25.9,-8.0,0.189
2025-04-24T02:58:33.000,12.42,9.9,0.37,21.39,20.31,891,-25.77,-8.0,0.189
2025-04-24T02:59:32.000,12.42,9.91,0.37,21.39,20.31,892,-25.63,-8.0,0.189
2025-04-24T03:00:32.000,12.39,9.82,0.37,21.38,20.31,893,-25.5,-8.0,0.189
2025-04-24T03:01:33.000,12.43,10.0,0.37,21.38,20.31,894,-25.36,-7.0,0.189
2025-04-24T03:02:33.000,12.39,9.76,0.38,21.37,20.31,895,-25.22,-7.0,0.188
2025-04-24T03:03:33.000,12.35,9.76,0.38,21.37,20.31,896,-25.08,-7.0,0.188
2025-04-24T03:04:33.000,12.39,9.92,0.38,21.37,20.31,897,-24.95,-7.0,0.188
2025-04-24T03:05:33.000,12.45,10.2,0.38,21.37,20.31,898,-24.81,-7.0,0.188
2025-04-24T03:06:33.000,12.5,10.12,0.38,21.37,20.31,899,-24.67,-6.0,0.188
2025-04-24T03:07:33.000,12.49,10.04,0.38,21.36,20.31,900,-24.53,-6.0,0.188
2025-04-24T03:08:33.000,12.51,10.11,0.38,21.36,20.31,901,-24.39,-6.0,0.188
2025-04-24T03:09:33.000,12.5,10.03,0.38,21.36,20.31,902,-24.25,-6.0,0.188
2025-04-24T03:10:34.000,12.52,10.15,0.38,21.36,20.31,903,-24.1,-6.0,0.188
2025-04-24T03:11:33.000,12.54,10.18,0.38,21.35,20.31,904,-23.96,-6.0,0.188
2025-04-24T03:12:33.000,12.52,9.98,0.38,21.35,20.31,905,-23.82,-5.0,0.188
2025-04-24T03:13:34.000,12.53,10.22,0.38,21.35,20.31,906,-23.68,-5.0,0.188
2025-04-24T03:14:34.000,12.56,10.12,0.38,21.35,20.31,907,-23.53,-5.0,0.188
2025-04-24T03:15:34.000,12.54,10.01,0.39,21.34,20.31,908,-23.39,-5.0,0.188
2025-04-24T03:16:34.000,12.51,9.97,0.39,21.34,20.31,909,-23.25,-5.0,0.188
2025-04-24T03:17:34.000,12.47,9.85,0.39,21.34,20.31,910,-23.1,-4.0,0.188
2025-04-24T03:18:34.000,12.45,9.86,0.39,21.34,20.31,911,-22.96,-4.0,0.187
2025-04-24T03:19:34.000,12.39,9.73,0.39,21.33,20.31,912,-22.81,-4.0,0.187
2025-04-24T03:20:34.000,12.32,9.59,0.39,21.33,20.31,913,-22.66,-4.0,0.187
2025-04-24T03:21:34.000,12.26,9.54,0.39,21.33,20.31,914,-22.52,-4.0,0.187
2025-04-24T03:22:34.000,12.25,9.7,0.39,21.32,20.31,915,-22.37,-3.0,0.187
2025-04-24T03:23:35.000,12.23,9.63,0.39,21.32,20.31,916,-22.22,-3.0,0.187
2025-04-24T03:24:34.000,12.23,9.7,0.4,21.32,20.31,917,-22.08,-3.0,0.187
2025-04-24T03:25:35.000,12.21,9.61,0.4,21.31,20.31,918,-21.93,-3.0,0.187
2025-04-24T03:26:35.000,12.17,9.54,0.4,21.31,20.31,919,-21.78,-3.0,0.187
2025-04-24T03:27:35.000,12.16,9.67,0.4,21.3,20.31,920,-21.63,-2.0,0.187
2025-04-24T03:28:35.000,12.19,9.68,0.4,21.3,20.31,921,-21.48,-2.0,0.187
2025-04-24T03:29:35.000,12.17,9.61,0.41,21.29,20.31,922,-21.33,-2.0,0.187
2025-04-24T03:30:35.000,12.13,9.56,0.41,21.29,20.31,923,-21.18,-2.0,0.187
2025-04-24T03:31:35.000,12.13,9.64,0.41,21.28,20.31,924,-21.03,-2.0,0.187
2025-04-24T03:32:36.000,12.12,9.61,0.41,21.28,20.31,925,-20.87,-2.0,0.187
2025-04-24T03:33:36.000,12.08,9.4,0.41,21.28,20.31,926,-20.72,-1.0,0.187
2025-04-24T03:34:36.000,12.04,9.46,0.41,21.27,20.31,927,-20.57,-1.0,0.186
2025-04-24T03:35:37.000,12.02,9.42,0.41,21.27,20.31,928,-20.41,-1.0,0.186
2025-04-24T03:36:37.000,11.98,9.28,0.42,21.26,20.31,929,-20.26,-1.0,0.186
2025-04-24T03:37:37.000,11.94,9.34,0.42,21.26,20.31,930,-20.11,-1.0,0.186
2025-04-24T03:38:37.000,11.89,9.21,0.42,21.25,20.31,931,-19.95,-0.0,0.186
2025-04-24T03:39:37.000,11.85,9.13,0.42,21.25,20.31,932,-19.8,-0.0,0.186
2025-04-24T03:40:37.000,11.78,9.06,0.42,21.24,20.31,933,-19.64,-0.0,0.186
2025-04-24T03:41:37.000,11.79,9.25,0.43,21.24,20.31,934,-19.49,0.0,0.186
2025-04-24T03:42:37.000,11.79,9.27,0.43,21.23,20.31,935,-19.33,0.0,0.186
2025-04-24T03:43:37.000,11.81,9.27,0.43,21.23,20.31,936,-19.18,1.0,0.186
2025-04-24T03:44:38.000,11.8,9.28,0.43,21.23,20.31,937,-19.02,1.0,0.186
2025-04-24T03:45:38.000,11.78,9.17,0.43,21.22,20.31,938,-18.86,1.0,0.186
2025-04-24T03:46:38.000,11.82,9.44,0.43,21.22,20.31,939,-18.7,1.0,0.186
2025-04-24T03:47:38.000,11.81,9.22,0.44,21.21,20.31,940,-18.54,1.0,0.186
2025-04-24T03:48:38.000,11.78,9.17,0.44,21.21,20.31,941,-18.39,1.0,0.186
2025-04-24T03:49:38.000,11.78,9.23,0.44,21.2,20.31,942,-18.23,2.0,0.186
2025-04-24T03:50:38.000,11.82,9.53,0.44,21.2,20.31,943,-18.07,2.0,0.185
2025-04-24T03:51:38.000,11.9,9.64,0.44,21.19,20.31,944,-17.91,2.0,0.185
2025-04-24T03:52:38.000,11.94,9.67,0.45,21.19,20.31,945,-17.75,2.0,0.185
2025-04-24T03:53:39.000,12.02,9.81,0.45,21.18,20.31,946,-17.59,2.0,0.185
2025-04-24T03:54:38.000,12.06,9.78,0.45,21.17,20.31,947,-17.43,3.0,0.185
2025-04-24T03:55:38.000,12.13,9.87,0.46,21.16,20.31,948,-17.27,3.0,0.185
2025-04-24T03:56:38.000,12.13,9.76,0.46,21.16,20.31,949,-17.11,3.0,0.185
2025-04-24T03:57:39.000,12.12,9.71,0.46,21.15,20.31,950,-16.95,3.0,0.185
2025-04-24T03:58:39.000,12.09,9.57,0.47,21.14,20.31,951,-16.78,3.0,0.185
2025-04-24T03:59:39.000,12.05,9.48,0.47,21.13,20.31,952,-16.62,3.0,0.185
2025-04-24T04:00:39.000,12.07,9.66,0.47,21.12,20.31,953,-16.46,4.0,0.185
2025-04-24T04:01:39.000,12.06,9.55,0.48,21.11,20.31,954,-16.3,4.0,0.185
2025-04-24T04:02:39.000,12.02,9.37,0.48,21.1,20.31,955,-16.13,4.0,0.185
2025-04-24T04:03:39.000,11.98,9.37,0.49,21.08,20.31,956,-15.97,4.0,0.185
2025-04-24T04:04:39.000,11.96,9.43,0.5,21.07,20.31,957,-15.81,4.0,0.185
2025-04-24T04:05:39.000,11.96,9.38,0.51,21.05,20.31,958,-15.64,5.0,0.185
2025-04-24T04:06:39.000,11.95,9.45,0.51,21.04,20.31,959,-15.48,5.0,0.184
2025-04-24T04:07:40.000,11.96,9.49,0.52,21.01,20.31,960,-15.31,5.0,0.184
2025-04-24T04:08:40.000,11.96,9.47,0.53,20.99,20.31,961,-15.15,5.0,0.184
2025-04-24T04:09:40.000,11.99,9.61,0.55,20.97,20.31,962,-14.98,5.0,0.184
2025-04-24T04:10:40.000,12.01,9.66,0.56,20.94,20.31,963,-14.82,6.0,0.184
2025-04-24T04:11:40.000,12.05,9.63,0.58,20.91,20.31,964,-14.65,6.0,0.184
2025-04-24T04:12:40.000,12.05,9.62,0.59,20.87,20.31,965,-14.48,6.0,0.184
2025-04-24T04:13:40.000,12.06,9.64,0.62,20.84,20.31,966,-14.32,6.0,0.184
2025-04-24T04:14:40.000,12.07,9.58,0.64,20.79,20.31,967,-14.15,6.0,0.184
2025-04-24T04:15:40.000,12.04,9.49,0.67,20.75,20.31,968,-13.98,6.0,0.184
2025-04-24T04:16:40.000,12.05,9.6,0.7,20.69,20.31,969,-13.81,7.0,0.184
2025-04-24T04:17:40.000,12.06,9.6,0.74,20.63,20.31,970,-13.65,7.0,0.184
2025-04-24T04:18:41.000,12.05,9.59,0.79,20.57,20.31,971,-13.48,7.0,0.184
2025-04-24T04:19:41.000,12.09,9.71,0.84,20.5,20.31,972,-13.31,7.0,0.184
2025-04-24T04:20:41.000,12.07,9.51,0.9,20.42,20.31,973,-13.14,7.0,0.184
2025-04-24T04:21:41.000,12.07,9.57,0.98,20.34,20.31,974,-12.97,8.0,0.183
2025-04-24T04:22:41.000,12.08,9.7,1.06,20.24,20.31,975,-12.8,8.0,0.183
2025-04-24T04:23:41.000,12.13,9.79,1.16,20.15,20.31,976,-12.63,8.0,0.183
2025-04-24T04:24:41.000,12.15,9.73,1.28,20.04,20.31,977,-12.46,8.0,0.183
2025-04-24T04:25:41.000,12.17,9.72,1.42,19.93,20.31,978,-12.29,8.0,0.183
2025-04-24T04:26:42.000,12.13,9.61,1.58,19.81,20.31,979,-12.12,8.0,0.183
2025-04-24T04:27:42.000,12.13,9.63,1.77,19.69,20.31,980,-11.95,9.0,0.183
2025-04-24T04:28:42.000,12.1,9.56,2.01,19.56,20.31,981,-11.77,9.0,0.183
2025-04-24T04:29:42.000,12.13,9.74,2.27,19.42,20.31,982,-11.6,9.0,0.183
2025-04-24T04:44:36.000,12.06,9.74,22.1,16.95,20.31,996,-9.02,12.0,0.182
2025-04-24T04:45:37.000,12.04,9.49,26.18,16.77,20.31,997,-8.84,12.0,0.182
2025-04-24T04:46:37.000,12.02,9.6,30.9,16.59,20.31,998,-8.66,12.0,0.182
2025-04-24T04:47:37.000,12.01,9.53,36.93,16.39,20.31,999,-8.49,12.0,0.182
2025-04-24T04:48:37.000,12.0,9.41,44.12,16.2,20.31,1000,-8.31,12.0,0.182
2025-04-24T04:49:37.000,11.98,9.49,51.76,16.03,20.31,1001,-8.13,13.0,0.182
2025-04-24T04:50:37.000,12.01,9.58,63.36,15.81,20.31,1002,-7.96,13.0,0.182
2025-04-24T04:51:38.000,12.01,9.53,76.97,15.6,20.31,1003,-7.78,13.0,0.182
2025-04-24T04:52:38.000,12.02,9.57,94.18,15.38,20.31,1004,-7.6,13.0,0.182
2025-04-24T04:53:38.000,12.04,9.56,115.33,15.16,20.31,1005,-7.42,13.0,0.181
2025-04-24T04:54:38.000,12.04,9.7,142.31,14.93,20.31,1006,-7.25,13.0,0.181
2025-04-24T04:55:38.000,12.05,9.56,175.93,14.7,20.31,1007,-7.07,14.0,0.181
2025-04-24T04:56:38.000,12.04,9.55,218.4,14.46,20.31,1008,-6.89,14.0,0.181
2025-04-24T04:57:39.000,12.07,9.72,272.02,14.23,20.31,1009,-6.71,14.0,0.181
2025-04-24T04:58:39.000,12.09,9.72,339.48,13.99,20.31,1010,-6.53,14.0,0.181
2025-04-24T04:59:39.000,12.06,9.53,424.09,13.74,20.31,1011,-6.35,14.0,0.181
2025-04-24T05:00:40.000,12.06,9.6,530.02,13.5,20.31,1012,-6.17,15.0,0.181
2025-04-24T05:01:40.000,12.08,9.69,663.0,13.26,20.31,1013,-5.99,15.0,0.181
2025-04-24T05:02:40.000,12.09,9.75,829.87,13.01,20.31,1014,-5.81,15.0,0.181
2025-04-24T05:03:41.000,12.08,9.5,1038.42,12.77,20.31,1015,-5.63,15.0,0.181
2025-04-24T05:04:41.000,12.06,9.6,1298.04,12.53,20.31,1016,-5.45,15.0,0.181
2025-04-24T05:05:42.000,12.04,9.5,1620.78,12.29,20.31,1017,-5.26,15.0,0.181
2025-04-24T05:06:42.000,12.03,9.49,2022.07,12.05,20.31,1018,-5.08,16.0,0.181
2025-04-24T05:07:43.000,12.03,9.64,2522.16,11.81,20.31,1019,-4.9,16.0,0.181
2025-04-24T05:08:43.000,12.0,9.38,3142.93,11.57,20.31,1020,-4.72,16.0,0.181
2025-04-24T05:09:44.000,12.0,9.48,3911.36,11.33,20.31,1021,-4.54,16.0,0.18
2025-04-24T05:10:44.000,11.96,9.39,4862.8,11.09,20.31,1022,-4.36,16.0,0.18
2025-04-24T05:11:44.000,11.94,9.39,6031.67,10.86,20.31,1023,-4.17,16.0,0.18
