ecsv/stars202/stars202_2025-04.ecsv
# %ECSV 1.0
# ---
# datatype:
# - {name: time, datatype: string}
# - {name: Enclosure Temperature, unit: deg_C, datatype: float64}
# - {name: Sky Temperature, unit: deg_C, datatype: float64}
# - {name: Frequency, unit: Hz, datatype: float64}
# - {name: MSAS, unit: mag / arcsec2, datatype: float64}
# - {name: ZP, datatype: float64}
# - {name: Sequence Number, datatype: int64}
# - {name: Sun Alt, unit: deg, datatype: float64}
# - {name: Moon Alt, unit: deg, datatype: float64}
# - {name: Moon Illumination, datatype: float64}
# delimiter: ','
# meta: !!omap
# - ida:
#     Data supplier: {affiliation: null, observer: Miquel Serra}
#     Device type: TESS-W
#     Field of view: 17.0
#     Filters per channel: None
#     Instrument ID: stars202
#     License: ODbL 1.0 http://opendatacommons.org/licenses/odbl/summary/
#     Local timezone: Europe/Madrid
#     Location name: {country: Spain, place: Casa Rural Cijara, region: null, sub_region: "C\xE1ceres", town: Pantano de Cijara}
#     Measurement direction per channel: {azimuth: 0.0, zenital: 0.0}
#     Moving / Fixed look direction: FIXED
#     Moving / Stationary position: STATIONARY
#     Number of channels: 1
#     Number of fields per line: 8
#     Number of header lines: 35
#     Position: {height: 313.0, latitude: 39.3229, longitude: -4.9505}
#     TESS MAC address: A0:20:A6:32:49:56
#     TESS cover offset value: 0.0
#     TESS firmware version: '1.0'
#     TESS zero point: 20.31
#     Time Synchronization: timestamp added by MQTT subscriber
#     URL: http://www.darksky.org/NSBM/sdf1.0.pdf
# - __serialized_columns__:
#     Enclosure Temperature:
#       __class__: astropy.units.quantity.Quantity
#       unit: &id001 !astropy.units.Unit {unit: deg_C}
#       value: !astropy.table.SerializedColumn {name: Enclosure Temperature}
#     Frequency:
#       __class__: astropy.units.quantity.Quantity
#       unit: !astropy.units.Unit {unit: Hz}
#       value: !astropy.table.SerializedColumn {name: Frequency}
#     MSAS:
#       __class__: astropy.units.quantity.Quantity
#       unit: !astropy.units.Unit {unit: mag / arcsec2}
#       value: !astropy.table.SerializedColumn {name: MSAS}
#     Moon Alt:
#       __class__: astropy.units.quantity.Quantity
#       unit: &id002 !astropy.units.Unit {unit: deg}
#       value: !astropy.table.SerializedColumn {name: Moon Alt}
#     Sky Temperature:
#       __class__: astropy.units.quantity.Quantity
#       unit: *id001
#       value: !astropy.table.SerializedColumn {name: Sky Temperature}
#     Sun Alt:
#       __class__: astropy.units.quantity.Quantity
#       unit: *id002
#       value: !astropy.table.SerializedColumn {name: Sun Alt}
#     time:
#       __class__: astropy.time.core.Time
#       format: isot
#       in_subfmt: '*'
#       out_subfmt: '*'
#       precision: 3
#       scale: utc
#       value: !astropy.table.SerializedColumn {name: time}
# schema: astropy-2.0
time,Enclosure Temperature,Sky Temperature,Frequency,MSAS,ZP,Sequence Number,Sun Alt,Moon Alt,Moon Illumination
[from data line 6860]
2025-04-25T21:50:22.000,18.91,16.4,0.44,21.2,20.31,584,-27.02,-46.0,0.055
2025-04-25T21:51:22.000,18.9,16.34,0.44,21.2,20.31,585,-27.15,-46.0,0.055
2025-04-25T21:52:22.000,18.89,16.38,0.44,21.2,20.31,586,-27.27,-46.0,0.055
2025-04-25T21:53:22.000,18.87,16.27,0.44,21.2,20.31,587,-27.4,-46.0,0.055
2025-04-25T21:54:22.000,18.83,16.22,0.44,21.2,20.31,588,-27.52,-46.0,0.055
2025-04-25T21:55:22.000,18.82,16.29,0.44,21.21,20.31,589,-27.65,-46.0,0.055
2025-04-25T21:56:29.000,18.79,16.25,0.44,21.21,20.31,590,-27.78,-46.0,0.055
2025-04-25T21:57:29.000,18.81,16.36,0.44,21.21,20.31,591,-27.91,-46.0,0.055
2025-04-25T21:58:29.000,18.82,16.33,0.44,21.21,20.31,592,-28.03,-46.0,0.054
2025-04-25T21:59:29.000,18.78,16.21,0.44,21.21,20.31,593,-28.15,-46.0,0.054
2025-04-25T22:00:29.000,18.75,16.18,0.43,21.22,20.31,594,-28.27,-46.0,0.054
2025-04-25T22:01:29.000,18.69,16.06,0.43,21.22,20.31,595,-28.39,-46.0,0.054
2025-04-25T22:02:29.000,18.67,16.07,0.43,21.22,20.31,596,-28.51,-46.0,0.054
2025-04-25T22:03:29.000,18.66,16.07,0.43,21.22,20.31,597,-28.63,-46.0,0.054
2025-04-25T22:04:29.000,18.62,15.95,0.43,21.22,20.31,598,-28.74,-46.0,0.054
2025-04-25T22:05:30.000,18.58,15.99,0.43,21.22,20.31,599,-28.86,-46.0,0.054
2025-04-25T22:06:30.000,18.54,15.94,0.43,21.22,20.31,600,-28.98,-46.0,0.054
2025-04-25T22:07:30.000,18.52,15.91,0.43,21.22,20.31,601,-29.1,-46.0,0.054
2025-04-25T22:08:30.000,18.5,15.88,0.43,21.22,20.31,602,-29.21,-46.0,0.054
2025-04-25T22:09:30.000,18.47,15.88,0.43,21.22,20.31,603,-29.33,-46.0,0.054
2025-04-25T22:10:30.000,18.49,16.04,0.43,21.22,20.31,604,-29.44,-46.0,0.054
2025-04-25T22:11:30.000,18.45,15.82,0.43,21.22,20.31,605,-29.55,-46.0,0.054
2025-04-25T22:12:30.000,18.46,15.97,0.43,21.22,20.31,606,-29.66,-46.0,0.054
2025-04-25T22:13:30.000,18.47,16.02,0.43,21.22,20.31,607,-29.78,-46.0,0.054
2025-04-25T22:14:30.000,18.48,16.07,0.43,21.22,20.31,608,-29.89,-46.0,0.054
2025-04-25T22:15:30.000,18.5,16.04,0.43,21.22,20.31,609,-30.0,-46.0,0.054
2025-04-25T22:16:30.000,18.48,16.06,0.43,21.22,20.31,610,-30.11,-46.0,0.054
2025-04-25T22:17:30.000,18.51,16.13,0.43,21.23,20.31,611,-30.22,-47.0,0.054
2025-04-25T22:18:30.000,18.54,16.16,0.43,21.22,20.31,612,-30.33,-47.0,0.054
2025-04-25T22:19:31.000,18.51,16.04,0.43,21.23,20.31,613,-30.43,-47.0,0.054
2025-04-25T22:20:31.000,18.51,15.99,0.43,21.23,20.31,614,-30.54,-47.0,0.054
2025-04-25T22:21:31.000,18.47,15.96,0.43,21.23,20.31,615,-30.65,-47.0,0.054
2025-04-25T22:22:31.000,18.48,16.08,0.43,21.23,20.31,616,-30.75,-47.0,0.054
2025-04-25T22:23:31.000,18.49,16.07,0.43,21.23,20.31,617,-30.86,-47.0,0.054
2025-04-25T22:24:31.000,18.47,15.99,0.43,21.23,20.31,618,-30.96,-47.0,0.054
2025-04-25T22:25:31.000,18.46,15.99,0.43,21.23,20.31,619,-31.07,-47.0,0.053
2025-04-25T22:26:31.000,18.46,16.01,0.43,21.23,20.31,620,-31.17,-47.0,0.053
2025-04-25T22:27:31.000,18.44,15.89,0.43,21.23,20.31,621,-31.27,-47.0,0.053
2025-04-25T22:28:31.000,18.41,15.82,0.43,21.23,20.31,622,-31.37,-47.0,0.053
2025-04-25T22:29:31.000,18.35,15.78,0.43,21.23,20.31,623,-31.47,-47.0,0.053
2025-04-25T22:30:32.000,18.29,15.64,0.43,21.24,20.31,624,-31.57,-47.0,0.053
2025-04-25T22:31:32.000,18.27,15.71,0.43,21.23,20.31,625,-31.67,-47.0,0.053
2025-04-25T22:32:32.000,18.25,15.64,0.43,21.24,20.31,626,-31.77,-47.0,0.053
2025-04-25T22:33:32.000,18.19,15.56,0.42,21.24,20.31,627,-31.87,-47.0,0.053
2025-04-25T22:34:32.000,18.14,15.43,0.42,21.24,20.31,628,-31.96,-47.0,0.053
2025-04-25T22:35:32.000,18.09,15.51,0.42,21.24,20.31,629,-32.06,-47.0,0.053
2025-04-25T22:36:32.000,18.07,15.43,0.42,21.24,20.31,630,-32.15,-47.0,0.053
2025-04-25T22:37:32.000,18.05,15.47,0.42,21.24,20.31,631,-32.25,-47.0,0.053
2025-04-25T22:38:33.000,18.03,15.46,0.42,21.24,20.31,632,-32.34,-47.0,0.053
2025-04-25T22:39:32.000,18.05,15.59,0.42,21.25,20.31,633,-32.44,-47.0,0.053
2025-04-25T22:40:33.000,18.03,15.42,0.42,21.25,20.31,634,-32.53,-47.0,0.053
2025-04-25T22:41:32.000,18.0,15.42,0.42,21.25,20.31,635,-32.62,-47.0,0.053
2025-04-25T22:42:33.000,17.97,15.35,0.42,21.25,20.31,636,-32.71,-47.0,0.053
2025-04-25T22:43:33.000,17.96,15.36,0.42,21.25,20.31,637,-32.8,-47.0,0.053
2025-04-25T22:44:33.000,17.91,15.25,0.42,21.25,20.31,638,-32.89,-47.0,0.053
2025-04-25T22:45:33.000,17.86,15.19,0.42,21.25,20.31,639,-32.98,-47.0,0.053
2025-04-25T22:46:33.000,17.82,15.22,0.42,21.25,20.31,640,-33.06,-46.0,0.053
2025-04-25T22:47:33.000,17.79,15.1,0.42,21.25,20.31,641,-33.15,-46.0,0.053
2025-04-25T22:48:33.000,17.75,15.12,0.42,21.25,20.31,642,-33.23,-46.0,0.053
2025-04-25T22:49:33.000,17.74,15.08,0.42,21.25,20.31,643,-33.32,-46.0,0.053
2025-04-25T22:50:33.000,17.7,15.08,0.42,21.25,20.31,644,-33.4,-46.0,0.053
2025-04-25T22:51:33.000,17.66,15.01,0.42,21.25,20.31,645,-33.49,-46.0,0.052
2025-04-25T22:52:34.000,17.64,14.98,0.42,21.25,20.31,646,-33.57,-46.0,0.052
2025-04-25T22:53:34.000,17.58,14.83,0.42,21.25,20.31,647,-33.65,-46.0,0.052
2025-04-25T22:54:33.000,17.54,14.8,0.42,21.25,20.31,648,-33.73,-46.0,0.052
2025-04-25T22:55:34.000,17.46,14.67,0.42,21.25,20.31,649,-33.81,-46.0,0.052
2025-04-25T22:56:34.000,17.42,14.7,0.42,21.25,20.31,650,-33.89,-46.0,0.052
2025-04-25T22:57:34.000,17.37,14.58,0.42,21.26,20.31,651,-33.97,-46.0,0.052
2025-04-25T22:58:34.000,17.29,14.44,0.42,21.25,20.31,652,-34.04,-46.0,0.052
2025-04-25T22:59:34.000,17.25,14.5,0.42,21.26,20.31,653,-34.12,-46.0,0.052
2025-04-25T23:00:34.000,17.2,14.45,0.42,21.26,20.31,654,-34.2,-46.0,0.052
2025-04-25T23:01:34.000,17.17,14.46,0.42,21.26,20.31,655,-34.27,-46.0,0.052
2025-04-25T23:02:34.000,17.14,14.46,0.42,21.26,20.31,656,-34.34,-46.0,0.052
2025-04-25T23:03:34.000,17.12,14.4,0.42,21.26,20.31,657,-34.42,-46.0,0.052
2025-04-25T23:04:35.000,17.09,14.37,0.42,21.26,20.31,658,-34.49,-46.0,0.052
2025-04-25T23:05:35.000,17.04,14.3,0.42,21.26,20.31,659,-34.56,-46.0,0.052
2025-04-25T23:06:35.000,16.98,14.25,0.42,21.26,20.31,660,-34.63,-46.0,0.052
2025-04-25T23:07:35.000,16.97,14.32,0.42,21.26,20.31,661,-34.7,-46.0,0.052
2025-04-25T23:08:35.000,16.95,14.3,0.42,21.26,20.31,662,-34.77,-46.0,0.052
2025-04-25T23:09:35.000,16.94,14.32,0.42,21.26,20.31,663,-34.83,-46.0,0.052
2025-04-25T23:10:35.000,16.93,14.27,0.42,21.26,20.31,664,-34.9,-46.0,0.052
2025-04-25T23:11:35.000,16.9,14.27,0.42,21.26,20.31,665,-34.97,-46.0,0.052
2025-04-25T23:12:35.000,16.87,14.06,0.42,21.26,20.31,666,-35.03,-46.0,0.052
2025-04-25T23:13:35.000,16.79,14.07,0.42,21.26,20.31,667,-35.09,-46.0,0.052
2025-04-25T23:14:35.000,16.76,14.02,0.42,21.26,20.31,668,-35.16,-46.0,0.052
2025-04-25T23:15:36.000,16.73,14.07,0.42,21.26,20.31,669,-35.22,-46.0,0.052
2025-04-25T23:16:36.000,16.72,14.02,0.42,21.26,20.31,670,-35.28,-45.0,0.052
2025-04-25T23:17:36.000,16.71,14.1,0.42,21.26,20.31,671,-35.34,-45.0,0.051
2025-04-25T23:18:36.000,16.69,14.04,0.42,21.26,20.31,672,-35.4,-45.0,0.051
2025-04-25T23:19:36.000,16.69,14.08,0.42,21.26,20.31,673,-35.46,-45.0,0.051
2025-04-25T23:20:36.000,16.68,14.05,0.41,21.26,20.31,674,-35.51,-45.0,0.051
2025-04-25T23:21:36.000,16.68,14.13,0.41,21.27,20.31,675,-35.57,-45.0,0.051
2025-04-25T23:22:36.000,16.69,14.13,0.41,21.27,20.31,676,-35.63,-45.0,0.051
2025-04-25T23:23:36.000,16.69,14.14,0.41,21.27,20.31,677,-35.68,-45.0,0.051
2025-04-25T23:24:36.000,16.68,14.09,0.41,21.27,20.31,678,-35.73,-45.0,0.051
2025-04-25T23:25:37.000,16.68,14.1,0.41,21.27,20.31,679,-35.79,-45.0,0.051
2025-04-25T23:26:37.000,16.66,14.05,0.41,21.27,20.31,680,-35.84,-45.0,0.051
2025-04-25T23:27:37.000,16.66,14.1,0.41,21.27,20.31,681,-35.89,-45.0,0.051
2025-04-25T23:28:37.000,16.64,14.07,0.41,21.27,20.31,682,-35.94,-45.0,0.051
2025-04-25T23:29:37.000,16.66,14.11,0.41,21.27,20.31,683,-35.99,-45.0,0.051
2025-04-25T23:30:37.000,16.64,14.03,0.41,21.27,20.31,684,-36.03,-45.0,0.051
2025-04-25T23:31:37.000,16.63,14.02,0.41,21.27,20.31,685,-36.08,-45.0,0.051
2025-04-25T23:32:37.000,16.61,14.01,0.41,21.27,20.31,686,-36.13,-45.0,0.051
2025-04-25T23:33:37.000,16.62,14.07,0.41,21.27,20.31,687,-36.17,-45.0,0.051
2025-04-25T23:34:37.000,16.61,14.01,0.41,21.27,20.31,688,-36.22,-44.0,0.051
2025-04-25T23:35:37.000,16.6,14.03,0.41,21.27,20.31,689,-36.26,-44.0,0.051
2025-04-25T23:36:37.000,16.58,13.96,0.41,21.27,20.31,690,-36.3,-44.0,0.051
2025-04-25T23:37:38.000,16.54,13.94,0.41,21.27,20.31,691,-36.34,-44.0,0.051
2025-04-25T23:38:38.000,16.56,14.04,0.41,21.27,20.31,692,-36.38,-44.0,0.051
2025-04-25T23:39:38.000,16.56,14.01,0.41,21.27,20.31,693,-36.42,-44.0,0.051
2025-04-25T23:40:38.000,16.57,14.01,0.41,21.27,20.31,694,-36.46,-44.0,0.051
2025-04-25T23:41:38.000,16.55,13.95,0.41,21.27,20.31,695,-36.49,-44.0,0.051
2025-04-25T23:42:38.000,16.54,13.98,0.41,21.27,20.31,696,-36.53,-44.0,0.051
2025-04-25T23:43:38.000,16.54,13.98,0.41,21.27,20.31,697,-36.57,-44.0,0.051
2025-04-25T23:44:38.000,16.53,14.0,0.41,21.27,20.31,698,-36.6,-44.0,0.05
2025-04-25T23:45:38.000,16.55,14.05,0.41,21.27,20.31,699,-36.63,-44.0,0.05
2025-04-25T23:46:38.000,16.56,14.03,0.41,21.27,20.31,700,-36.66,-44.0,0.05
2025-04-25T23:47:38.000,16.55,14.04,0.41,21.27,20.31,701,-36.69,-43.0,0.05
2025-04-25T23:48:38.000,16.59,14.05,0.41,21.27,20.31,702,-36.72,-43.0,0.05
2025-04-25T23:49:39.000,16.59,14.08,0.41,21.27,20.31,703,-36.75,-43.0,0.05
2025-04-25T23:50:39.000,16.6,14.01,0.42,21.26,20.31,704,-36.78,-43.0,0.05
2025-04-25T23:51:39.000,16.56,13.99,0.42,21.26,20.31,705,-36.81,-43.0,0.05
2025-04-25T23:52:39.000,16.56,14.01,0.41,21.27,20.31,706,-36.83,-43.0,0.05
2025-04-25T23:53:39.000,16.57,14.04,0.42,21.26,20.31,707,-36.86,-43.0,0.05
2025-04-25T23:54:39.000,16.57,13.98,0.42,21.26,20.31,708,-36.88,-43.0,0.05
2025-04-25T23:55:39.000,16.54,13.91,0.42,21.26,20.31,709,-36.91,-43.0,0.05
2025-04-25T23:56:39.000,16.52,13.96,0.42,21.26,20.31,710,-36.93,-43.0,0.05
2025-04-25T23:57:39.000,16.51,13.93,0.42,21.26,20.31,711,-36.95,-43.0,0.05
2025-04-25T23:58:39.000,16.53,13.99,0.42,21.26,20.31,712,-36.97,-43.0,0.05
2025-04-25T23:59:39.000,16.51,13.94,0.42,21.26,20.31,713,-36.99,-42.0,0.05
2025-04-26T00:00:39.000,16.52,13.99,0.42,21.26,20.31,714,-37.0,-42.0,0.05
2025-04-26T00:01:40.000,16.52,13.97,0.42,21.26,20.31,715,-37.02,-42.0,0.05
2025-04-26T00:02:40.000,16.52,13.99,0.42,21.26,20.31,716,-37.04,-42.0,0.05
2025-04-26T00:03:40.000,16.52,13.91,0.42,21.25,20.31,717,-37.05,-42.0,0.05
2025-04-26T00:04:40.000,16.48,13.91,0.42,21.25,20.31,718,-37.07,-42.0,0.05
2025-04-26T00:05:40.000,16.49,13.93,0.42,21.25,20.31,719,-37.08,-42.0,0.05
2025-04-26T00:06:40.000,16.47,13.87,0.42,21.25,20.31,720,-37.09,-42.0,0.05
2025-04-26T00:07:40.000,16.46,13.86,0.42,21.25,20.31,721,-37.1,-42.0,0.05
2025-04-26T00:08:40.000,16.47,13.96,0.42,21.25,20.31,722,-37.11,-42.0,0.05
2025-04-26T00:09:40.000,16.49,13.96,0.42,21.25,20.31,723,-37.12,-42.0,0.05
2025-04-26T00:10:41.000,16.43,13.68,0.42,21.25,20.31,724,-37.13,-41.0,0.05
2025-04-26T00:11:40.000,16.36,13.61,0.42,21.24,20.31,725,-37.13,-41.0,0.049
2025-04-26T00:12:41.000,16.32,13.64,0.42,21.24,20.31,726,-37.14,-41.0,0.049
2025-04-26T00:13:41.000,16.27,13.49,0.42,21.24,20.31,727,-37.14,-41.0,0.049
2025-04-26T00:14:41.000,16.23,13.52,0.43,21.24,20.31,728,-37.14,-41.0,0.049
2025-04-26T00:15:41.000,16.2,13.5,0.43,21.24,20.31,729,-37.15,-41.0,0.049
2025-04-26T00:16:41.000,16.15,13.46,0.43,21.24,20.31,730,-37.15,-41.0,0.049
2025-04-26T00:17:41.000,16.12,13.39,0.43,21.23,20.31,731,-37.15,-41.0,0.049
2025-04-26T00:18:41.000,16.09,13.43,0.43,21.23,20.31,732,-37.15,-41.0,0.049
2025-04-26T00:19:41.000,16.08,13.46,0.43,21.23,20.31,733,-37.15,-41.0,0.049
2025-04-26T00:20:41.000,16.04,13.31,0.43,21.23,20.31,734,-37.14,-40.0,0.049
2025-04-26T00:21:41.000,16.01,13.28,0.43,21.23,20.31,735,-37.14,-40.0,0.049
2025-04-26T00:22:42.000,15.99,13.31,0.43,21.22,20.31,736,-37.13,-40.0,0.049
2025-04-26T00:23:42.000,15.94,13.21,0.43,21.22,20.31,737,-37.13,-40.0,0.049
2025-04-26T00:24:42.000,15.89,13.15,0.43,21.22,20.31,738,-37.12,-40.0,0.049
2025-04-26T00:25:42.000,15.84,13.1,0.43,21.22,20.31,739,-37.11,-40.0,0.049
2025-04-26T00:26:42.000,15.81,13.09,0.43,21.22,20.31,740,-37.1,-40.0,0.049
2025-04-26T00:27:42.000,15.79,13.07,0.43,21.22,20.31,741,-37.09,-40.0,0.049
2025-04-26T00:28:42.000,15.76,13.05,0.43,21.22,20.31,742,-37.08,-40.0,0.049
2025-04-26T00:29:42.000,15.74,13.05,0.43,21.22,20.31,743,-37.07,-39.0,0.049
2025-04-26T00:30:42.000,15.73,13.12,0.43,21.22,20.31,744,-37.06,-39.0,0.049
2025-04-26T00:31:42.000,15.71,13.07,0.43,21.22,20.31,745,-37.04,-39.0,0.049
2025-04-26T00:32:42.000,15.68,13.04,0.43,21.22,20.31,746,-37.03,-39.0,0.049
2025-04-26T00:33:42.000,15.68,13.03,0.43,21.22,20.31,747,-37.01,-39.0,0.049
2025-04-26T00:34:43.000,15.66,13.06,0.43,21.22,20.31,748,-36.99,-39.0,0.049
2025-04-26T00:35:43.000,15.68,13.14,0.43,21.22,20.31,749,-36.98,-39.0,0.049
2025-04-26T00:36:43.000,15.69,13.14,0.43,21.23,20.31,750,-36.96,-39.0,0.049
2025-04-26T00:37:43.000,15.67,13.09,0.43,21.23,20.31,751,-36.94,-38.0,0.049
2025-04-26T00:38:43.000,15.67,13.09,0.43,21.23,20.31,752,-36.92,-38.0,0.049
2025-04-26T00:39:43.000,15.67,13.09,0.43,21.23,20.31,753,-36.89,-38.0,0.048
2025-04-26T00:40:43.000,15.67,13.14,0.43,21.23,20.31,754,-36.87,-38.0,0.048
2025-04-26T00:41:43.000,15.7,13.22,0.43,21.23,20.31,755,-36.85,-38.0,0.048
2025-04-26T00:42:44.000,15.72,13.23,0.43,21.23,20.31,756,-36.82,-38.0,0.048
2025-04-26T00:43:44.000,15.7,13.16,0.43,21.23,20.31,757,-36.79,-38.0,0.048
2025-04-26T00:44:44.000,15.7,13.16,0.43,21.23,20.31,758,-36.77,-38.0,0.048
2025-04-26T00:45:44.000,15.68,13.12,0.43,21.23,20.31,759,-36.74,-38.0,0.048
2025-04-26T00:46:44.000,15.7,13.21,0.43,21.23,20.31,760,-36.71,-37.0,0.048
2025-04-26T00:47:44.000,15.69,13.15,0.43,21.23,20.31,761,-36.68,-37.0,0.048
2025-04-26T00:48:44.000,15.69,13.18,0.43,21.23,20.31,762,-36.65,-37.0,0.048
2025-04-26T00:49:44.000,15.7,13.17,0.43,21.23,20.31,763,-36.61,-37.0,0.048
2025-04-26T00:50:44.000,15.69,13.2,0.43,21.23,20.31,764,-36.58,-37.0,0.048
2025-04-26T00:51:44.000,15.67,13.03,0.43,21.23,20.31,765,-36.55,-37.0,0.048
2025-04-26T00:52:44.000,15.63,13.05,0.43,21.23,20.31,766,-36.51,-37.0,0.048
2025-04-26T00:53:44.000,15.62,13.04,0.43,21.23,20.31,767,-36.47,-37.0,0.048
2025-04-26T00:54:44.000,15.6,12.97,0.43,21.23,20.31,768,-36.44,-36.0,0.048
2025-04-26T00:55:44.000,15.57,12.9,0.43,21.23,20.31,769,-36.4,-36.0,0.048
2025-04-26T00:56:45.000,15.54,12.85,0.43,21.23,20.31,770,-36.36,-36.0,0.048
2025-04-26T00:57:45.000,15.47,12.8,0.43,21.23,20.31,771,-36.32,-36.0,0.048
2025-04-26T00:58:45.000,15.43,12.68,0.43,21.23,20.31,772,-36.28,-36.0,0.048
2025-04-26T00:59:45.000,15.39,12.68,0.43,21.23,20.31,773,-36.23,-36.0,0.048
2025-04-26T01:00:45.000,15.37,12.72,0.43,21.23,20.31,774,-36.19,-36.0,0.048
2025-04-26T01:01:45.000,15.35,12.67,0.43,21.23,20.31,775,-36.15,-35.0,0.048
2025-04-26T01:02:45.000,15.31,12.63,0.43,21.23,20.31,776,-36.1,-35.0,0.048
2025-04-26T01:03:45.000,15.3,12.71,0.43,21.22,20.31,777,-36.05,-35.0,0.048
2025-04-26T01:04:45.000,15.3,12.71,0.43,21.22,20.31,778,-36.01,-35.0,0.048
2025-04-26T01:05:46.000,15.28,12.66,0.43,21.22,20.31,779,-35.96,-35.0,0.048
2025-04-26T01:06:46.000,15.24,12.6,0.43,21.22,20.31,780,-35.91,-35.0,0.047
2025-04-26T01:07:46.000,15.24,12.64,0.43,21.22,20.31,781,-35.86,-35.0,0.047
2025-04-26T01:08:46.000,15.22,12.62,0.43,21.22,20.31,782,-35.81,-35.0,0.047
2025-04-26T01:09:46.000,15.18,12.51,0.43,21.22,20.31,783,-35.76,-34.0,0.047
2025-04-26T01:10:46.000,15.17,12.49,0.43,21.22,20.31,784,-35.7,-34.0,0.047
2025-04-26T01:11:46.000,15.14,12.49,0.43,21.22,20.31,785,-35.65,-34.0,0.047
2025-04-26T01:12:46.000,15.11,12.41,0.43,21.22,20.31,786,-35.59,-34.0,0.047
2025-04-26T01:13:46.000,15.09,12.44,0.43,21.22,20.31,787,-35.54,-34.0,0.047
2025-04-26T01:14:46.000,15.09,12.49,0.43,21.22,20.31,788,-35.48,-34.0,0.047
2025-04-26T01:15:46.000,15.08,12.51,0.43,21.22,20.31,789,-35.42,-34.0,0.047
2025-04-26T01:16:47.000,15.09,12.5,0.43,21.22,20.31,790,-35.36,-33.0,0.047
2025-04-26T01:17:47.000,15.06,12.44,0.43,21.22,20.31,791,-35.3,-33.0,0.047
2025-04-26T01:18:47.000,15.04,12.41,0.43,21.22,20.31,792,-35.24,-33.0,0.047
2025-04-26T01:19:47.000,15.03,12.42,0.43,21.22,20.31,793,-35.18,-33.0,0.047
2025-04-26T01:20:47.000,15.03,12.46,0.43,21.22,20.31,794,-35.12,-33.0,0.047
