ecsv/stars202/stars202_2025-04.ecsv
# %ECSV 1.0
# ---
# datatype:
# - {name: time, datatype: string}
# - {name: Enclosure Temperature, unit: deg_C, datatype: float64}
# - {name: Sky Temperature, unit: deg_C, datatype: float64}
# - {name: Frequency, unit: Hz, datatype: float64}
# - {name: MSAS, unit: mag / arcsec2, datatype: float64}
# - {name: ZP, datatype: float64}
# - {name: Sequence Number, datatype: int64}
# - {name: Sun Alt, unit: deg, datatype: float64}
# - {name: Moon Alt, unit: deg, datatype: float64}
# - {name: Moon Illumination, datatype: float64}
# delimiter: ','
# meta: !!omap
# - ida:
#     Data supplier: {affiliation: null, observer: Miquel Serra}
#     Device type: TESS-W
#     Field of view: 17.0
#     Filters per channel: None
#     Instrument ID: stars202
#     License: ODbL 1.0 http://opendatacommons.org/licenses/odbl/summary/
#     Local timezone: Europe/Madrid
#     Location name: {country: Spain, place: Casa Rural Cijara, region: null, sub_region: "C\xE1ceres", town: Pantano de Cijara}
#     Measurement direction per channel: {azimuth: 0.0, zenital: 0.0}
#     Moving / Fixed look direction: FIXED
#     Moving / Stationary position: STATIONARY
#     Number of channels: 1
#     Number of fields per line: 8
#     Number of header lines: 35
#     Position: {height: 313.0, latitude: 39.3229, longitude: -4.9505}
#     TESS MAC address: A0:20:A6:32:49:56
#     TESS cover offset value: 0.0
#     TESS firmware version: '1.0'
#     TESS zero point: 20.31
#     Time Synchronization: timestamp added by MQTT subscriber
#     URL: http://www.darksky.org/NSBM/sdf1.0.pdf
# - __serialized_columns__:
#     Enclosure Temperature:
#       __class__: astropy.units.quantity.Quantity
#       unit: &id001 !astropy.units.Unit {unit: deg_C}
#       value: !astropy.table.SerializedColumn {name: Enclosure Temperature}
#     Frequency:
#       __class__: astropy.units.quantity.Quantity
#       unit: !astropy.units.Unit {unit: Hz}
#       value: !astropy.table.SerializedColumn {name: Frequency}
#     MSAS:
#       __class__: astropy.units.quantity.Quantity
#       unit: !astropy.units.Unit {unit: mag / arcsec2}
#       value: !astropy.table.SerializedColumn {name: MSAS}
#     Moon Alt:
#       __class__: astropy.units.quantity.Quantity
#       unit: &id002 !astropy.units.Unit {unit: deg}
#       value: !astropy.table.SerializedColumn {name: Moon Alt}
#     Sky Temperature:
#       __class__: astropy.units.quantity.Quantity
#       unit: *id001
#       value: !astropy.table.SerializedColumn {name: Sky Temperature}
#     Sun Alt:
#       __class__: astropy.units.quantity.Quantity
#       unit: *id002
#       value: !astropy.table.SerializedColumn {name: Sun Alt}
#     time:
#       __class__: astropy.time.core.Time
#       format: isot
#       in_subfmt: '*'
#       out_subfmt: '*'
#       precision: 3
#       scale: utc
#       value: !astropy.table.SerializedColumn {name: time}
# schema: astropy-2.0
time,Enclosure Temperature,Sky Temperature,Frequency,MSAS,ZP,Sequence Number,Sun Alt,Moon Alt,Moon Illumination
[from data line 8138]
2025-04-27T21:44:47.000,15.57,12.83,0.39,21.34,20.31,578,-25.81,-24.0,0.001
2025-04-27T21:45:48.000,15.59,13.03,0.39,21.34,20.31,579,-25.94,-24.0,0.001
2025-04-27T21:46:48.000,15.57,12.99,0.39,21.34,20.31,580,-26.07,-24.0,0.001
2025-04-27T21:47:48.000,15.56,13.0,0.39,21.35,20.31,581,-26.19,-24.0,0.001
2025-04-27T21:48:48.000,15.55,13.03,0.38,21.35,20.31,582,-26.32,-24.0,0.001
2025-04-27T21:49:48.000,15.55,12.97,0.38,21.35,20.31,583,-26.44,-24.0,0.001
2025-04-27T21:50:48.000,15.48,12.86,0.38,21.35,20.31,584,-26.57,-24.0,0.001
2025-04-27T21:51:48.000,15.43,12.86,0.38,21.36,20.31,585,-26.69,-24.0,0.001
2025-04-27T21:52:48.000,15.4,12.8,0.38,21.36,20.31,586,-26.82,-24.0,0.001
2025-04-27T21:53:48.000,15.38,12.82,0.38,21.36,20.31,587,-26.94,-25.0,0.001
2025-04-27T21:54:48.000,15.38,12.84,0.38,21.37,20.31,588,-27.06,-25.0,0.001
2025-04-27T21:55:48.000,15.37,12.83,0.38,21.37,20.31,589,-27.19,-25.0,0.001
2025-04-27T21:56:48.000,15.33,12.65,0.38,21.37,20.31,590,-27.31,-25.0,0.001
2025-04-27T21:57:48.000,15.3,12.75,0.38,21.37,20.31,591,-27.43,-25.0,0.001
2025-04-27T21:58:49.000,15.29,12.71,0.38,21.37,20.31,592,-27.55,-25.0,0.001
2025-04-27T21:59:49.000,15.21,12.55,0.38,21.37,20.31,593,-27.67,-25.0,0.001
2025-04-27T22:00:49.000,15.17,12.47,0.38,21.37,20.31,594,-27.79,-25.0,0.001
2025-04-27T22:01:49.000,15.12,12.44,0.38,21.37,20.31,595,-27.91,-25.0,0.001
2025-04-27T22:02:49.000,15.12,12.57,0.38,21.37,20.31,596,-28.03,-25.0,0.001
2025-04-27T22:03:49.000,15.08,12.39,0.37,21.38,20.31,597,-28.14,-26.0,0.001
2025-04-27T22:04:49.000,15.0,12.3,0.37,21.38,20.31,598,-28.26,-26.0,0.001
2025-04-27T22:05:50.000,14.95,12.25,0.37,21.38,20.31,599,-28.38,-26.0,0.001
2025-04-27T22:06:50.000,14.91,12.23,0.38,21.37,20.31,600,-28.49,-26.0,0.001
2025-04-27T22:07:50.000,14.89,12.24,0.38,21.37,20.31,601,-28.61,-26.0,0.001
2025-04-27T22:08:50.000,14.85,12.19,0.38,21.37,20.31,602,-28.72,-26.0,0.001
2025-04-27T22:09:50.000,14.82,12.16,0.38,21.37,20.31,603,-28.83,-26.0,0.001
2025-04-27T22:10:54.000,14.77,12.14,0.38,21.37,20.31,604,-28.95,-26.0,0.001
2025-04-27T22:11:54.000,14.79,12.32,0.38,21.37,20.31,605,-29.07,-26.0,0.001
2025-04-27T22:12:54.000,14.79,12.24,0.38,21.37,20.31,606,-29.18,-26.0,0.001
2025-04-27T22:13:54.000,14.78,12.23,0.38,21.37,20.31,607,-29.29,-27.0,0.001
2025-04-27T22:14:54.000,14.73,11.98,0.38,21.37,20.31,608,-29.4,-27.0,0.001
2025-04-27T22:15:54.000,14.7,12.09,0.38,21.37,20.31,609,-29.51,-27.0,0.001
2025-04-27T22:16:54.000,14.7,12.18,0.38,21.36,20.31,610,-29.62,-27.0,0.001
2025-04-27T22:17:54.000,14.7,12.11,0.38,21.37,20.31,611,-29.72,-27.0,0.001
2025-04-27T22:18:54.000,14.67,12.16,0.38,21.37,20.31,612,-29.83,-27.0,0.001
2025-04-27T22:19:55.000,14.69,12.17,0.38,21.37,20.31,613,-29.94,-27.0,0.001
2025-04-27T22:20:54.000,14.67,12.11,0.38,21.37,20.31,614,-30.04,-27.0,0.001
2025-04-27T22:21:54.000,14.67,12.14,0.38,21.37,20.31,615,-30.15,-27.0,0.001
2025-04-27T22:22:55.000,14.66,12.12,0.38,21.37,20.31,616,-30.25,-27.0,0.001
2025-04-27T22:23:55.000,14.66,12.2,0.38,21.37,20.31,617,-30.36,-28.0,0.001
2025-04-27T22:24:55.000,14.71,12.34,0.38,21.37,20.31,618,-30.46,-28.0,0.001
2025-04-27T22:25:55.000,14.66,12.04,0.38,21.37,20.31,619,-30.56,-28.0,0.001
2025-04-27T22:26:55.000,14.66,12.14,0.38,21.37,20.31,620,-30.66,-28.0,0.001
2025-04-27T22:27:55.000,14.61,11.92,0.38,21.37,20.31,621,-30.76,-28.0,0.001
2025-04-27T22:28:55.000,14.52,11.79,0.38,21.37,20.31,622,-30.86,-28.0,0.001
2025-04-27T22:29:55.000,14.51,11.94,0.38,21.37,20.31,623,-30.96,-28.0,0.001
2025-04-27T22:30:55.000,14.49,11.92,0.38,21.37,20.31,624,-31.06,-28.0,0.001
2025-04-27T22:31:55.000,14.48,11.9,0.38,21.36,20.31,625,-31.16,-28.0,0.001
2025-04-27T22:32:55.000,14.46,11.91,0.38,21.36,20.31,626,-31.25,-28.0,0.001
2025-04-27T22:33:55.000,14.44,11.81,0.38,21.36,20.31,627,-31.35,-28.0,0.001
2025-04-27T22:34:56.000,14.41,11.78,0.38,21.36,20.31,628,-31.45,-28.0,0.001
2025-04-27T22:35:56.000,14.38,11.82,0.38,21.36,20.31,629,-31.54,-29.0,0.001
2025-04-27T22:36:56.000,14.33,11.62,0.38,21.35,20.31,630,-31.63,-29.0,0.001
2025-04-27T22:37:56.000,14.26,11.51,0.38,21.35,20.31,631,-31.73,-29.0,0.001
2025-04-27T22:38:56.000,14.21,11.45,0.38,21.36,20.31,632,-31.82,-29.0,0.001
2025-04-27T22:39:56.000,14.19,11.6,0.38,21.36,20.31,633,-31.91,-29.0,0.001
2025-04-27T22:40:56.000,14.15,11.52,0.38,21.36,20.31,634,-32.0,-29.0,0.001
2025-04-27T22:41:56.000,14.15,11.62,0.38,21.36,20.31,635,-32.09,-29.0,0.001
2025-04-27T22:42:56.000,14.17,11.61,0.38,21.36,20.31,636,-32.18,-29.0,0.001
2025-04-27T22:43:56.000,14.11,11.41,0.38,21.36,20.31,637,-32.27,-29.0,0.001
2025-04-27T22:44:57.000,14.06,11.41,0.38,21.36,20.31,638,-32.36,-29.0,0.001
2025-04-27T22:45:57.000,14.04,11.37,0.38,21.36,20.31,639,-32.44,-29.0,0.001
2025-04-27T22:46:57.000,14.03,11.44,0.38,21.36,20.31,640,-32.53,-29.0,0.001
2025-04-27T22:47:57.000,14.01,11.39,0.38,21.36,20.31,641,-32.61,-30.0,0.001
2025-04-27T22:48:58.000,14.0,11.4,0.38,21.36,20.31,642,-32.7,-30.0,0.001
2025-04-27T22:49:57.000,13.98,11.36,0.38,21.36,20.31,643,-32.78,-30.0,0.001
2025-04-27T22:50:58.000,13.92,11.17,0.38,21.36,20.31,644,-32.86,-30.0,0.001
2025-04-27T22:51:58.000,13.91,11.29,0.38,21.36,20.31,645,-32.95,-30.0,0.001
2025-04-27T22:52:57.000,13.87,11.22,0.38,21.36,20.31,646,-33.02,-30.0,0.001
2025-04-27T22:53:58.000,13.87,11.36,0.38,21.36,20.31,647,-33.11,-30.0,0.001
2025-04-27T22:54:58.000,13.91,11.42,0.38,21.36,20.31,648,-33.18,-30.0,0.001
2025-04-27T22:55:58.000,13.89,11.28,0.38,21.36,20.31,649,-33.26,-30.0,0.001
2025-04-27T22:56:58.000,13.89,11.4,0.38,21.36,20.31,650,-33.34,-30.0,0.001
2025-04-27T22:57:58.000,13.9,11.36,0.38,21.36,20.31,651,-33.42,-30.0,0.001
2025-04-27T22:58:58.000,13.89,11.39,0.38,21.36,20.31,652,-33.49,-30.0,0.001
2025-04-27T22:59:58.000,13.92,11.45,0.38,21.36,20.31,653,-33.57,-30.0,0.001
2025-04-27T23:00:58.000,13.92,11.39,0.38,21.36,20.31,654,-33.64,-30.0,0.001
2025-04-27T23:01:59.000,13.85,11.12,0.38,21.36,20.31,655,-33.72,-30.0,0.001
2025-04-27T23:02:59.000,13.84,11.28,0.38,21.36,20.31,656,-33.79,-31.0,0.001
2025-04-27T23:03:59.000,13.83,11.27,0.38,21.36,20.31,657,-33.86,-31.0,0.001
2025-04-27T23:04:59.000,13.84,11.32,0.38,21.36,20.31,658,-33.93,-31.0,0.001
2025-04-27T23:05:59.000,13.82,11.23,0.38,21.36,20.31,659,-34.0,-31.0,0.001
2025-04-27T23:06:59.000,13.78,11.1,0.38,21.36,20.31,660,-34.07,-31.0,0.001
2025-04-27T23:07:59.000,13.74,11.04,0.38,21.36,20.31,661,-34.13,-31.0,0.001
2025-04-27T23:08:59.000,13.65,10.91,0.38,21.37,20.31,662,-34.2,-31.0,0.001
2025-04-27T23:09:59.000,13.6,10.88,0.38,21.37,20.31,663,-34.27,-31.0,0.001
2025-04-27T23:10:59.000,13.59,11.01,0.38,21.37,20.31,664,-34.33,-31.0,0.001
2025-04-27T23:11:59.000,13.58,10.94,0.38,21.37,20.31,665,-34.4,-31.0,0.001
2025-04-27T23:13:00.000,13.56,10.92,0.38,21.37,20.31,666,-34.46,-31.0,0.001
2025-04-27T23:14:00.000,13.55,10.91,0.38,21.37,20.31,667,-34.52,-31.0,0.001
2025-04-27T23:15:00.000,13.56,11.03,0.38,21.37,20.31,668,-34.58,-31.0,0.001
2025-04-27T23:16:00.000,13.55,10.98,0.37,21.38,20.31,669,-34.65,-31.0,0.001
2025-04-27T23:17:00.000,13.55,10.99,0.37,21.38,20.31,670,-34.7,-31.0,0.001
2025-04-27T23:18:00.000,13.54,10.98,0.37,21.38,20.31,671,-34.76,-31.0,0.001
2025-04-27T23:19:00.000,13.51,10.84,0.37,21.38,20.31,672,-34.82,-31.0,0.001
2025-04-27T23:20:01.000,13.47,10.84,0.37,21.38,20.31,673,-34.88,-32.0,0.001
2025-04-27T23:21:01.000,13.48,11.02,0.37,21.38,20.31,674,-34.94,-32.0,0.001
2025-04-27T23:22:01.000,13.52,11.05,0.37,21.38,20.31,675,-34.99,-32.0,0.001
2025-04-27T23:23:00.000,13.53,11.03,0.37,21.38,20.31,676,-35.04,-32.0,0.001
2025-04-27T23:24:01.000,13.54,11.12,0.37,21.38,20.31,677,-35.1,-32.0,0.001
2025-04-27T23:25:01.000,13.54,10.97,0.37,21.38,20.31,678,-35.15,-32.0,0.001
2025-04-27T23:26:01.000,13.55,11.13,0.37,21.38,20.31,679,-35.2,-32.0,0.001
2025-04-27T23:27:01.000,13.55,11.08,0.37,21.38,20.31,680,-35.25,-32.0,0.001
2025-04-27T23:28:01.000,13.54,10.93,0.37,21.38,20.31,681,-35.3,-32.0,0.001
2025-04-27T23:29:01.000,13.5,10.87,0.37,21.38,20.31,682,-35.35,-32.0,0.001
2025-04-27T23:30:01.000,13.48,10.96,0.37,21.38,20.31,683,-35.4,-32.0,0.001
2025-04-27T23:31:01.000,13.49,10.92,0.37,21.38,20.31,684,-35.44,-32.0,0.001
2025-04-27T23:32:01.000,13.47,10.92,0.37,21.38,20.31,685,-35.49,-32.0,0.001
2025-04-27T23:33:01.000,13.42,10.72,0.37,21.38,20.31,686,-35.53,-32.0,0.001
2025-04-27T23:34:02.000,13.37,10.7,0.37,21.39,20.31,687,-35.58,-32.0,0.001
2025-04-27T23:35:02.000,13.35,10.66,0.37,21.39,20.31,688,-35.62,-32.0,0.001
2025-04-27T23:36:02.000,13.32,10.66,0.37,21.39,20.31,689,-35.66,-32.0,0.001
2025-04-27T23:37:02.000,13.32,10.76,0.37,21.39,20.31,690,-35.7,-32.0,0.001
2025-04-27T23:38:02.000,13.28,10.57,0.37,21.39,20.31,691,-35.74,-32.0,0.001
2025-04-27T23:39:02.000,13.25,10.61,0.37,21.4,20.31,692,-35.78,-32.0,0.001
2025-04-27T23:40:02.000,13.23,10.6,0.37,21.4,20.31,693,-35.82,-32.0,0.001
2025-04-27T23:41:02.000,13.2,10.57,0.37,21.4,20.31,694,-35.85,-32.0,0.001
2025-04-27T23:42:02.000,13.21,10.69,0.37,21.4,20.31,695,-35.89,-32.0,0.001
2025-04-27T23:43:02.000,13.23,10.72,0.36,21.41,20.31,696,-35.92,-32.0,0.001
2025-04-27T23:44:02.000,13.22,10.7,0.36,21.41,20.31,697,-35.96,-32.0,0.001
2025-04-27T23:45:02.000,13.21,10.63,0.36,21.41,20.31,698,-35.99,-33.0,0.001
2025-04-27T23:46:03.000,13.22,10.76,0.36,21.41,20.31,699,-36.02,-33.0,0.001
2025-04-27T23:47:03.000,13.26,10.84,0.36,21.42,20.31,700,-36.05,-33.0,0.001
2025-04-27T23:48:03.000,13.29,10.84,0.36,21.42,20.31,701,-36.08,-33.0,0.001
2025-04-27T23:49:03.000,13.27,10.61,0.36,21.42,20.31,702,-36.11,-33.0,0.001
2025-04-27T23:50:03.000,13.2,10.54,0.36,21.42,20.31,703,-36.14,-33.0,0.001
2025-04-27T23:51:03.000,13.15,10.49,0.36,21.43,20.31,704,-36.17,-33.0,0.001
2025-04-27T23:52:03.000,13.14,10.58,0.36,21.43,20.31,705,-36.19,-33.0,0.001
2025-04-27T23:53:03.000,13.14,10.58,0.36,21.43,20.31,706,-36.22,-33.0,0.001
2025-04-27T23:54:03.000,13.12,10.49,0.36,21.43,20.31,707,-36.24,-33.0,0.001
2025-04-27T23:55:03.000,13.11,10.58,0.36,21.43,20.31,708,-36.27,-33.0,0.002
2025-04-27T23:56:03.000,13.12,10.55,0.35,21.43,20.31,709,-36.29,-33.0,0.002
2025-04-27T23:57:03.000,13.07,10.44,0.35,21.44,20.31,710,-36.31,-33.0,0.002
2025-04-27T23:58:04.000,13.05,10.44,0.35,21.44,20.31,711,-36.33,-33.0,0.002
2025-04-27T23:59:04.000,13.05,10.47,0.35,21.44,20.31,712,-36.35,-33.0,0.002
2025-04-28T00:00:04.000,13.03,10.42,0.35,21.44,20.31,713,-36.36,-33.0,0.002
2025-04-28T00:01:04.000,12.97,10.29,0.35,21.44,20.31,714,-36.38,-33.0,0.002
2025-04-28T00:02:04.000,12.95,10.35,0.35,21.44,20.31,715,-36.4,-33.0,0.002
2025-04-28T00:03:04.000,12.93,10.32,0.35,21.44,20.31,716,-36.41,-33.0,0.002
2025-04-28T00:04:04.000,12.92,10.3,0.35,21.45,20.31,717,-36.43,-33.0,0.002
2025-04-28T00:05:04.000,12.91,10.36,0.35,21.45,20.31,718,-36.44,-33.0,0.002
2025-04-28T00:06:04.000,12.89,10.28,0.35,21.45,20.31,719,-36.45,-33.0,0.002
2025-04-28T00:07:04.000,12.89,10.28,0.35,21.45,20.31,720,-36.46,-33.0,0.002
2025-04-28T00:08:04.000,12.86,10.27,0.35,21.45,20.31,721,-36.47,-33.0,0.002
2025-04-28T00:09:05.000,12.87,10.34,0.35,21.45,20.31,722,-36.48,-33.0,0.002
2025-04-28T00:10:05.000,12.88,10.39,0.35,21.46,20.31,723,-36.49,-33.0,0.002
2025-04-28T00:11:05.000,12.89,10.38,0.35,21.46,20.31,724,-36.49,-33.0,0.002
2025-04-28T00:12:05.000,12.89,10.37,0.35,21.46,20.31,725,-36.5,-33.0,0.002
2025-04-28T00:13:05.000,12.87,10.31,0.34,21.47,20.31,726,-36.5,-33.0,0.002
2025-04-28T00:14:05.000,12.86,10.32,0.34,21.47,20.31,727,-36.51,-33.0,0.002
2025-04-28T00:15:05.000,12.81,10.15,0.34,21.47,20.31,728,-36.51,-33.0,0.002
2025-04-28T00:16:05.000,12.8,10.19,0.34,21.48,20.31,729,-36.51,-33.0,0.002
2025-04-28T00:17:05.000,12.76,10.12,0.34,21.48,20.31,730,-36.51,-33.0,0.002
2025-04-28T00:18:06.000,12.73,10.07,0.34,21.48,20.31,731,-36.51,-33.0,0.002
2025-04-28T00:19:06.000,12.71,10.13,0.34,21.49,20.31,732,-36.51,-33.0,0.002
2025-04-28T00:20:05.000,12.72,10.24,0.34,21.49,20.31,733,-36.51,-33.0,0.002
2025-04-28T00:21:06.000,12.73,10.21,0.34,21.49,20.31,734,-36.5,-33.0,0.002
2025-04-28T00:22:06.000,12.74,10.3,0.34,21.5,20.31,735,-36.5,-33.0,0.002
2025-04-28T00:23:06.000,12.72,10.11,0.33,21.5,20.31,736,-36.49,-33.0,0.002
2025-04-28T00:24:06.000,12.72,10.22,0.33,21.5,20.31,737,-36.49,-33.0,0.002
2025-04-28T00:25:06.000,12.72,10.16,0.33,21.5,20.31,738,-36.48,-33.0,0.002
2025-04-28T00:26:06.000,12.71,10.18,0.33,21.5,20.31,739,-36.47,-33.0,0.002
2025-04-28T00:27:06.000,12.72,10.19,0.33,21.5,20.31,740,-36.46,-33.0,0.002
2025-04-28T00:28:06.000,12.73,10.32,0.33,21.51,20.31,741,-36.45,-33.0,0.002
2025-04-28T00:29:07.000,12.75,10.37,0.33,21.51,20.31,742,-36.44,-33.0,0.002
2025-04-28T00:30:06.000,12.8,10.49,0.33,21.51,20.31,743,-36.43,-33.0,0.002
2025-04-28T00:31:06.000,12.84,10.43,0.33,21.51,20.31,744,-36.41,-33.0,0.002
2025-04-28T00:32:07.000,12.8,10.2,0.33,21.51,20.31,745,-36.4,-33.0,0.002
2025-04-28T00:33:07.000,12.79,10.35,0.33,21.51,20.31,746,-36.38,-33.0,0.002
2025-04-28T00:34:07.000,12.82,10.38,0.33,21.51,20.31,747,-36.36,-33.0,0.002
2025-04-28T00:35:07.000,12.77,10.15,0.33,21.51,20.31,748,-36.35,-33.0,0.002
2025-04-28T00:36:07.000,12.76,10.26,0.33,21.51,20.31,749,-36.33,-33.0,0.002
2025-04-28T00:37:07.000,12.81,10.55,0.33,21.51,20.31,750,-36.31,-33.0,0.002
2025-04-28T00:38:07.000,12.9,10.59,0.33,21.52,20.31,751,-36.29,-33.0,0.002
2025-04-28T00:39:07.000,12.94,10.58,0.33,21.52,20.31,752,-36.27,-33.0,0.002
2025-04-28T00:40:08.000,12.94,10.49,0.33,21.52,20.31,753,-36.24,-33.0,0.002
2025-04-28T00:41:08.000,12.93,10.41,0.33,21.52,20.31,754,-36.22,-33.0,0.002
2025-04-28T00:42:09.000,12.92,10.45,0.33,21.52,20.31,755,-36.19,-33.0,0.002
2025-04-28T00:43:09.000,12.91,10.4,0.33,21.52,20.31,756,-36.17,-33.0,0.002
2025-04-28T00:44:10.000,12.87,10.25,0.33,21.53,20.31,757,-36.14,-33.0,0.002
2025-04-28T00:45:10.000,12.84,10.26,0.33,21.53,20.31,758,-36.11,-33.0,0.002
2025-04-28T00:46:10.000,12.81,10.29,0.33,21.53,20.31,759,-36.08,-33.0,0.002
2025-04-28T00:47:10.000,12.79,10.23,0.33,21.52,20.31,760,-36.05,-33.0,0.002
2025-04-28T00:48:10.000,12.77,10.28,0.33,21.52,20.31,761,-36.02,-33.0,0.002
2025-04-28T00:49:11.000,12.82,10.47,0.33,21.52,20.31,762,-35.99,-33.0,0.002
2025-04-28T00:50:11.000,12.89,10.6,0.33,21.52,20.31,763,-35.96,-33.0,0.002
2025-04-28T00:51:11.000,12.94,10.68,0.33,21.52,20.31,764,-35.92,-33.0,0.002
2025-04-28T00:52:12.000,12.97,10.68,0.33,21.52,20.31,765,-35.89,-33.0,0.002
2025-04-28T00:53:13.000,13.0,10.63,0.33,21.52,20.31,766,-35.85,-33.0,0.002
2025-04-28T00:54:13.000,12.99,10.5,0.33,21.53,20.31,767,-35.82,-33.0,0.002
2025-04-28T00:55:13.000,12.94,10.32,0.33,21.53,20.31,768,-35.78,-32.0,0.002
2025-04-28T00:56:13.000,12.88,10.3,0.33,21.53,20.31,769,-35.74,-32.0,0.002
2025-04-28T00:57:13.000,12.88,10.42,0.32,21.53,20.31,770,-35.7,-32.0,0.002
2025-04-28T00:58:13.000,12.85,10.23,0.32,21.53,20.31,771,-35.66,-32.0,0.002
2025-04-28T00:59:14.000,12.8,10.13,0.32,21.53,20.31,772,-35.62,-32.0,0.002
2025-04-28T01:00:14.000,12.71,9.99,0.32,21.53,20.31,773,-35.57,-32.0,0.002
2025-04-28T01:01:13.000,12.74,10.29,0.32,21.53,20.31,774,-35.53,-32.0,0.002
2025-04-28T01:02:13.000,12.73,10.23,0.32,21.53,20.31,775,-35.49,-32.0,0.002
2025-04-28T01:03:14.000,12.7,10.03,0.32,21.53,20.31,776,-35.44,-32.0,0.002
2025-04-28T01:04:14.000,12.65,9.99,0.32,21.53,20.31,777,-35.39,-32.0,0.002
2025-04-28T01:05:14.000,12.63,10.06,0.32,21.53,20.31,778,-35.35,-32.0,0.002
2025-04-28T01:06:14.000,12.68,10.29,0.32,21.53,20.31,779,-35.3,-32.0,0.002
2025-04-28T01:07:14.000,12.7,10.27,0.32,21.53,20.31,780,-35.25,-32.0,0.002
2025-04-28T01:08:14.000,12.62,9.78,0.32,21.53,20.31,781,-35.2,-32.0,0.002
2025-04-28T01:09:14.000,12.53,9.83,0.32,21.53,20.31,782,-35.15,-32.0,0.002
2025-04-28T01:10:14.000,12.5,9.84,0.32,21.53,20.31,783,-35.09,-32.0,0.002
2025-04-28T01:11:14.000,12.52,10.03,0.32,21.53,20.31,784,-35.04,-32.0,0.002
2025-04-28T01:12:14.000,12.58,10.28,0.32,21.53,20.31,785,-34.99,-32.0,0.002
2025-04-28T01:13:15.000,12.57,9.96,0.32,21.54,20.31,786,-34.93,-32.0,0.002
2025-04-28T01:14:15.000,12.53,9.99,0.32,21.54,20.31,787,-34.87,-32.0,0.002
2025-04-28T01:15:15.000,12.55,10.12,0.32,21.54,20.31,788,-34.82,-32.0,0.002
