ecsv/stars202/stars202_2025-04.ecsv
# %ECSV 1.0
# ---
# datatype:
# - {name: time, datatype: string}
# - {name: Enclosure Temperature, unit: deg_C, datatype: float64}
# - {name: Sky Temperature, unit: deg_C, datatype: float64}
# - {name: Frequency, unit: Hz, datatype: float64}
# - {name: MSAS, unit: mag / arcsec2, datatype: float64}
# - {name: ZP, datatype: float64}
# - {name: Sequence Number, datatype: int64}
# - {name: Sun Alt, unit: deg, datatype: float64}
# - {name: Moon Alt, unit: deg, datatype: float64}
# - {name: Moon Illumination, datatype: float64}
# delimiter: ','
# meta: !!omap
# - ida:
#     Data supplier: {affiliation: null, observer: Miquel Serra}
#     Device type: TESS-W
#     Field of view: 17.0
#     Filters per channel: None
#     Instrument ID: stars202
#     License: ODbL 1.0 http://opendatacommons.org/licenses/odbl/summary/
#     Local timezone: Europe/Madrid
#     Location name: {country: Spain, place: Casa Rural Cijara, region: null, sub_region: "C\xE1ceres", town: Pantano de Cijara}
#     Measurement direction per channel: {azimuth: 0.0, zenital: 0.0}
#     Moving / Fixed look direction: FIXED
#     Moving / Stationary position: STATIONARY
#     Number of channels: 1
#     Number of fields per line: 8
#     Number of header lines: 35
#     Position: {height: 313.0, latitude: 39.3229, longitude: -4.9505}
#     TESS MAC address: A0:20:A6:32:49:56
#     TESS cover offset value: 0.0
#     TESS firmware version: '1.0'
#     TESS zero point: 20.31
#     Time Synchronization: timestamp added by MQTT subscriber
#     URL: http://www.darksky.org/NSBM/sdf1.0.pdf
# - __serialized_columns__:
#     Enclosure Temperature:
#       __class__: astropy.units.quantity.Quantity
#       unit: &id001 !astropy.units.Unit {unit: deg_C}
#       value: !astropy.table.SerializedColumn {name: Enclosure Temperature}
#     Frequency:
#       __class__: astropy.units.quantity.Quantity
#       unit: !astropy.units.Unit {unit: Hz}
#       value: !astropy.table.SerializedColumn {name: Frequency}
#     MSAS:
#       __class__: astropy.units.quantity.Quantity
#       unit: !astropy.units.Unit {unit: mag / arcsec2}
#       value: !astropy.table.SerializedColumn {name: MSAS}
#     Moon Alt:
#       __class__: astropy.units.quantity.Quantity
#       unit: &id002 !astropy.units.Unit {unit: deg}
#       value: !astropy.table.SerializedColumn {name: Moon Alt}
#     Sky Temperature:
#       __class__: astropy.units.quantity.Quantity
#       unit: *id001
#       value: !astropy.table.SerializedColumn {name: Sky Temperature}
#     Sun Alt:
#       __class__: astropy.units.quantity.Quantity
#       unit: *id002
#       value: !astropy.table.SerializedColumn {name: Sun Alt}
#     time:
#       __class__: astropy.time.core.Time
#       format: isot
#       in_subfmt: '*'
#       out_subfmt: '*'
#       precision: 3
#       scale: utc
#       value: !astropy.table.SerializedColumn {name: time}
# schema: astropy-2.0
time,Enclosure Temperature,Sky Temperature,Frequency,MSAS,ZP,Sequence Number,Sun Alt,Moon Alt,Moon Illumination
[from data line 2148]
2025-04-18T18:44:02.000,13.48,10.75,49719.38,0.09,20.31,398,2.25,-63.0,0.724
2025-04-18T18:45:03.000,13.3,9.91,50000.0,0.0,20.31,399,2.06,-63.0,0.724
2025-04-18T18:46:03.000,13.3,10.43,50000.0,0.0,20.31,400,1.87,-63.0,0.724
2025-04-18T18:47:03.000,13.35,10.47,50000.0,0.0,20.31,401,1.68,-63.0,0.724
2025-04-18T18:59:04.000,13.1,10.05,50000.0,0.0,20.31,413,-0.57,-60.0,0.723
2025-04-18T19:00:05.000,13.11,10.27,50000.0,0.0,20.31,414,-0.76,-60.0,0.723
2025-04-18T19:01:04.000,13.11,10.08,50000.0,0.0,20.31,415,-0.94,-60.0,0.723
2025-04-18T19:02:05.000,13.1,10.15,49479.62,0.17,20.31,416,-1.13,-60.0,0.723
2025-04-18T19:03:05.000,12.98,9.71,50000.0,0.0,20.31,417,-1.32,-60.0,0.723
2025-04-18T19:04:05.000,13.09,10.51,50000.0,0.0,20.31,418,-1.51,-59.0,0.723
2025-04-18T19:05:05.000,13.12,10.16,50000.0,0.0,20.31,419,-1.69,-59.0,0.723
2025-04-18T19:06:06.000,13.14,10.19,50000.0,0.0,20.31,420,-1.88,-59.0,0.723
2025-04-18T19:07:06.000,13.09,10.17,50000.0,0.0,20.31,421,-2.07,-59.0,0.723
2025-04-18T19:08:07.000,13.14,10.37,58313.27,5.74,20.31,422,-2.25,-59.0,0.723
2025-04-18T19:09:07.000,13.21,10.52,54336.54,8.47,20.31,423,-2.44,-59.0,0.723
2025-04-18T19:10:08.000,13.21,10.41,47406.11,8.62,20.31,424,-2.63,-58.0,0.723
2025-04-18T19:11:08.000,13.18,10.21,41063.93,8.78,20.31,425,-2.81,-58.0,0.723
2025-04-18T19:12:08.000,13.14,10.19,36069.29,8.92,20.31,426,-3.0,-58.0,0.723
2025-04-18T19:13:09.000,13.23,10.63,30755.04,9.09,20.31,427,-3.19,-58.0,0.723
2025-04-18T19:14:09.000,13.2,10.13,24989.59,9.39,20.31,428,-3.37,-58.0,0.723
2025-04-18T19:15:10.000,13.18,10.28,20794.91,9.52,20.31,429,-3.56,-57.0,0.722
2025-04-18T19:16:10.000,13.16,10.26,17556.31,9.7,20.31,430,-3.74,-57.0,0.722
2025-04-18T19:17:10.000,13.18,10.4,14768.29,9.89,20.31,431,-3.93,-57.0,0.722
2025-04-18T19:18:11.000,13.18,10.2,11874.18,10.13,20.31,432,-4.11,-57.0,0.722
2025-04-18T19:19:11.000,13.2,10.39,8487.98,10.49,20.31,433,-4.3,-57.0,0.722
2025-04-18T19:20:12.000,13.19,10.23,6002.13,10.87,20.31,434,-4.48,-57.0,0.722
2025-04-18T19:21:12.000,13.12,10.15,4723.73,11.13,20.31,435,-4.67,-56.0,0.722
2025-04-18T19:22:13.000,13.12,10.1,4216.0,11.25,20.31,436,-4.85,-56.0,0.722
2025-04-18T19:23:13.000,13.11,10.19,3594.51,11.42,20.31,437,-5.04,-56.0,0.722
2025-04-18T19:24:14.000,13.12,10.23,2815.42,11.69,20.31,438,-5.22,-56.0,0.722
2025-04-18T19:25:14.000,13.2,10.65,2212.73,11.95,20.31,439,-5.4,-56.0,0.722
2025-04-18T19:26:15.000,13.33,10.79,1781.8,12.18,20.31,440,-5.59,-55.0,0.722
2025-04-18T19:27:15.000,13.34,10.51,1429.13,12.43,20.31,441,-5.77,-55.0,0.722
2025-04-18T19:28:16.000,13.36,10.61,1141.02,12.67,20.31,442,-5.96,-55.0,0.722
2025-04-18T19:29:16.000,13.35,10.49,839.11,13.0,20.31,443,-6.14,-55.0,0.722
2025-04-18T19:30:16.000,13.32,10.31,718.38,13.17,20.31,444,-6.32,-55.0,0.722
2025-04-18T19:31:17.000,13.26,10.2,510.16,13.56,20.31,445,-6.51,-54.0,0.722
2025-04-18T19:32:17.000,13.25,10.27,368.42,13.9,20.31,446,-6.69,-54.0,0.721
2025-04-18T19:33:17.000,13.29,10.59,241.66,14.35,20.31,447,-6.87,-54.0,0.721
2025-04-18T19:34:18.000,13.35,10.6,193.31,14.6,20.31,448,-7.05,-54.0,0.721
2025-04-18T19:35:18.000,13.4,10.66,162.9,14.78,20.31,449,-7.23,-54.0,0.721
2025-04-18T19:36:18.000,13.28,10.08,131.09,15.02,20.31,450,-7.41,-54.0,0.721
2025-04-18T19:37:18.000,13.36,10.76,111.98,15.19,20.31,451,-7.59,-53.0,0.721
2025-04-18T19:38:18.000,13.41,10.63,92.07,15.4,20.31,452,-7.77,-53.0,0.721
2025-04-18T19:39:19.000,13.41,10.63,73.41,15.65,20.31,453,-7.96,-53.0,0.721
2025-04-18T19:40:19.000,13.41,10.5,69.5,15.71,20.31,454,-8.14,-53.0,0.721
2025-04-18T19:41:19.000,13.4,10.54,69.53,15.71,20.31,455,-8.32,-53.0,0.721
2025-04-18T19:42:19.000,13.45,10.74,54.98,15.96,20.31,456,-8.5,-52.0,0.721
2025-04-18T19:43:19.000,13.33,10.07,47.66,16.12,20.31,457,-8.67,-52.0,0.721
2025-04-18T19:44:19.000,13.37,10.66,37.63,16.37,20.31,458,-8.85,-52.0,0.721
2025-04-18T19:45:20.000,13.45,10.72,34.03,16.48,20.31,459,-9.04,-52.0,0.721
2025-04-18T19:46:20.000,13.45,10.51,26.1,16.78,20.31,460,-9.21,-52.0,0.721
2025-04-18T19:47:20.000,13.29,10.16,24.57,16.84,20.31,461,-9.39,-52.0,0.721
2025-04-18T19:48:20.000,13.32,10.35,22.1,16.95,20.31,462,-9.57,-51.0,0.72
2025-04-18T19:49:20.000,13.33,10.41,17.6,17.2,20.31,463,-9.75,-51.0,0.72
2025-04-18T19:50:20.000,13.33,10.32,14.49,17.41,20.31,464,-9.92,-51.0,0.72
2025-04-18T19:51:20.000,13.26,10.32,12.86,17.54,20.31,465,-10.1,-51.0,0.72
2025-04-18T19:52:20.000,13.32,10.33,10.85,17.72,20.31,466,-10.28,-51.0,0.72
2025-04-18T19:53:21.000,13.21,9.95,9.15,17.91,20.31,467,-10.46,-50.0,0.72
2025-04-18T19:54:21.000,13.15,10.13,7.38,18.14,20.31,468,-10.64,-50.0,0.72
2025-04-18T19:55:21.000,13.11,9.89,6.97,18.2,20.31,469,-10.81,-50.0,0.72
2025-04-18T19:56:21.000,13.11,10.14,5.32,18.5,20.31,470,-10.99,-50.0,0.72
2025-04-18T19:57:21.000,13.12,10.06,4.12,18.77,20.31,471,-11.16,-50.0,0.72
2025-04-18T19:58:21.000,13.0,9.7,3.41,18.98,20.31,472,-11.34,-50.0,0.72
2025-04-18T19:59:21.000,12.96,9.89,3.14,19.07,20.31,473,-11.51,-49.0,0.72
2025-04-18T20:00:22.000,13.07,10.37,2.65,19.26,20.31,474,-11.69,-49.0,0.72
2025-04-18T20:01:22.000,13.1,10.05,2.16,19.47,20.31,475,-11.87,-49.0,0.72
2025-04-18T20:02:22.000,13.08,10.1,2.04,19.54,20.31,476,-12.04,-49.0,0.72
2025-04-18T20:03:22.000,13.15,10.44,1.81,19.67,20.31,477,-12.22,-49.0,0.72
2025-04-18T20:04:22.000,13.14,10.17,1.51,19.86,20.31,478,-12.39,-48.0,0.719
2025-04-18T20:05:22.000,13.16,10.41,1.51,19.86,20.31,479,-12.56,-48.0,0.719
2025-04-18T20:06:22.000,13.19,10.3,1.25,20.07,20.31,480,-12.74,-48.0,0.719
2025-04-18T20:07:23.000,13.12,9.98,1.1,20.21,20.31,481,-12.91,-48.0,0.719
2025-04-18T20:08:23.000,13.07,10.04,1.05,20.26,20.31,482,-13.09,-48.0,0.719
2025-04-18T20:09:23.000,13.08,10.1,1.09,20.22,20.31,483,-13.26,-47.0,0.719
2025-04-18T20:10:23.000,13.06,10.04,1.11,20.2,20.31,484,-13.43,-47.0,0.719
2025-04-18T20:11:23.000,13.02,10.05,1.07,20.24,20.31,485,-13.6,-47.0,0.719
2025-04-18T20:12:23.000,13.1,10.34,0.99,20.33,20.31,486,-13.78,-47.0,0.719
2025-04-18T20:13:23.000,13.13,10.35,0.91,20.41,20.31,487,-13.95,-47.0,0.719
2025-04-18T20:14:23.000,13.17,10.27,0.89,20.44,20.31,488,-14.12,-47.0,0.719
2025-04-18T20:15:24.000,13.14,10.13,0.79,20.57,20.31,489,-14.29,-46.0,0.719
2025-04-18T20:16:24.000,13.12,10.23,0.67,20.74,20.31,490,-14.46,-46.0,0.719
2025-04-18T20:17:24.000,13.07,9.99,0.6,20.86,20.31,491,-14.64,-46.0,0.719
2025-04-18T20:18:24.000,13.06,10.02,0.56,20.94,20.31,492,-14.81,-46.0,0.719
2025-04-18T20:19:24.000,13.0,9.87,0.54,20.97,20.31,493,-14.98,-46.0,0.719
2025-04-18T20:20:24.000,12.99,10.07,0.52,21.02,20.31,494,-15.14,-45.0,0.718
2025-04-18T20:21:24.000,13.06,10.32,0.49,21.08,20.31,495,-15.31,-45.0,0.718
2025-04-18T20:22:24.000,13.14,10.44,0.49,21.09,20.31,496,-15.48,-45.0,0.718
2025-04-18T20:23:25.000,13.15,10.34,0.49,21.08,20.31,497,-15.65,-45.0,0.718
2025-04-18T20:24:25.000,13.11,9.98,0.46,21.15,20.31,498,-15.82,-45.0,0.718
2025-04-18T20:25:24.000,13.12,10.37,0.47,21.14,20.31,499,-15.99,-45.0,0.718
2025-04-18T20:26:25.000,13.14,10.14,0.45,21.17,20.31,500,-16.16,-44.0,0.718
2025-04-18T20:27:25.000,13.08,10.05,0.43,21.22,20.31,501,-16.33,-44.0,0.718
2025-04-18T20:28:25.000,13.14,10.34,0.42,21.25,20.31,502,-16.49,-44.0,0.718
2025-04-18T20:29:25.000,13.16,10.38,0.45,21.18,20.31,503,-16.66,-44.0,0.718
2025-04-18T20:30:25.000,13.18,10.36,0.43,21.23,20.31,504,-16.83,-44.0,0.718
2025-04-18T20:31:25.000,13.27,10.79,0.42,21.25,20.31,505,-16.99,-43.0,0.718
2025-04-18T20:32:25.000,13.44,11.1,0.43,21.23,20.31,506,-17.16,-43.0,0.718
2025-04-18T20:33:26.000,13.51,10.9,0.45,21.18,20.31,507,-17.33,-43.0,0.718
2025-04-18T20:34:26.000,13.49,10.64,0.45,21.19,20.31,508,-17.49,-43.0,0.718
2025-04-18T20:35:26.000,13.4,10.45,0.44,21.2,20.31,509,-17.66,-43.0,0.718
2025-04-18T20:36:26.000,13.37,10.5,0.43,21.23,20.31,510,-17.82,-42.0,0.718
2025-04-18T20:37:26.000,13.37,10.5,0.45,21.18,20.31,511,-17.99,-42.0,0.717
2025-04-18T20:38:26.000,13.32,10.34,0.45,21.19,20.31,512,-18.15,-42.0,0.717
2025-04-18T20:39:26.000,13.21,9.88,0.43,21.22,20.31,513,-18.31,-42.0,0.717
2025-04-18T20:40:26.000,13.12,10.02,0.42,21.24,20.31,514,-18.48,-42.0,0.717
2025-04-18T20:41:26.000,13.07,9.91,0.42,21.24,20.31,515,-18.64,-42.0,0.717
2025-04-18T20:42:26.000,13.05,10.05,0.44,21.21,20.31,516,-18.8,-41.0,0.717
2025-04-18T20:43:26.000,13.07,10.14,0.43,21.22,20.31,517,-18.96,-41.0,0.717
2025-04-18T20:44:27.000,13.12,10.29,0.41,21.27,20.31,518,-19.13,-41.0,0.717
2025-04-18T20:45:27.000,13.06,9.91,0.41,21.27,20.31,519,-19.29,-41.0,0.717
2025-04-18T20:46:27.000,13.09,10.37,0.41,21.27,20.31,520,-19.45,-41.0,0.717
2025-04-18T20:47:27.000,13.2,10.59,0.4,21.29,20.31,521,-19.61,-40.0,0.717
2025-04-18T20:48:27.000,13.21,10.4,0.37,21.39,20.31,522,-19.77,-40.0,0.717
2025-04-18T20:49:27.000,13.18,10.05,0.36,21.42,20.31,523,-19.93,-40.0,0.717
2025-04-18T20:50:27.000,13.09,10.04,0.33,21.51,20.31,524,-20.09,-40.0,0.717
2025-04-18T20:51:27.000,13.14,10.37,0.29,21.65,20.31,525,-20.25,-40.0,0.717
2025-04-18T20:52:27.000,13.2,10.47,0.3,21.61,20.31,526,-20.41,-40.0,0.717
2025-04-18T20:53:27.000,13.23,10.39,0.3,21.61,20.31,527,-20.57,-39.0,0.716
2025-04-18T20:54:27.000,13.18,10.32,0.32,21.56,20.31,528,-20.73,-39.0,0.716
2025-04-18T20:55:27.000,13.17,10.21,0.35,21.44,20.31,529,-20.88,-39.0,0.716
2025-04-18T20:56:27.000,13.11,9.99,0.4,21.31,20.31,530,-21.04,-39.0,0.716
2025-04-18T20:57:28.000,13.1,10.17,0.4,21.29,20.31,531,-21.2,-39.0,0.716
2025-04-18T20:58:28.000,13.1,10.1,0.42,21.26,20.31,532,-21.36,-38.0,0.716
2025-04-18T20:59:28.000,13.05,10.01,0.41,21.27,20.31,533,-21.51,-38.0,0.716
2025-04-18T21:00:28.000,13.0,9.81,0.41,21.27,20.31,534,-21.67,-38.0,0.716
2025-04-18T21:01:28.000,12.9,9.71,0.41,21.28,20.31,535,-21.82,-38.0,0.716
2025-04-18T21:02:28.000,12.86,9.69,0.41,21.29,20.31,536,-21.98,-38.0,0.716
2025-04-18T21:03:28.000,12.88,9.96,0.4,21.3,20.31,537,-22.13,-38.0,0.716
2025-04-18T21:04:28.000,12.9,9.85,0.4,21.3,20.31,538,-22.29,-37.0,0.716
2025-04-18T21:05:28.000,12.87,9.83,0.4,21.31,20.31,539,-22.44,-37.0,0.716
2025-04-18T21:06:28.000,12.84,9.78,0.4,21.31,20.31,540,-22.59,-37.0,0.716
2025-04-18T21:07:28.000,12.96,10.42,0.37,21.4,20.31,541,-22.75,-37.0,0.716
2025-04-18T21:08:29.000,13.07,10.46,0.36,21.42,20.31,542,-22.9,-37.0,0.716
2025-04-18T21:09:29.000,13.14,10.34,0.39,21.32,20.31,543,-23.05,-36.0,0.715
2025-04-18T21:10:29.000,13.08,10.08,0.4,21.31,20.31,544,-23.2,-36.0,0.715
2025-04-18T21:11:29.000,13.1,10.36,0.38,21.36,20.31,545,-23.35,-36.0,0.715
2025-04-18T21:12:29.000,13.05,9.86,0.37,21.4,20.31,546,-23.5,-36.0,0.715
2025-04-18T21:13:29.000,13.05,10.25,0.32,21.54,20.31,547,-23.65,-36.0,0.715
2025-04-18T21:14:29.000,13.03,10.03,0.26,21.77,20.31,548,-23.8,-36.0,0.715
2025-04-18T21:15:29.000,13.03,10.19,0.3,21.64,20.31,549,-23.95,-35.0,0.715
2025-04-18T21:16:29.000,13.07,10.26,0.38,21.37,20.31,550,-24.1,-35.0,0.715
2025-04-18T21:17:30.000,13.13,10.27,0.39,21.34,20.31,551,-24.25,-35.0,0.715
2025-04-18T21:18:29.000,13.13,10.38,0.38,21.37,20.31,552,-24.4,-35.0,0.715
2025-04-18T21:19:29.000,13.14,10.31,0.38,21.35,20.31,553,-24.55,-35.0,0.715
2025-04-18T21:20:30.000,13.17,10.21,0.39,21.35,20.31,554,-24.69,-34.0,0.715
2025-04-18T21:21:30.000,13.13,10.24,0.37,21.38,20.31,555,-24.84,-34.0,0.715
2025-04-18T21:22:30.000,13.14,10.28,0.38,21.37,20.31,556,-24.99,-34.0,0.715
2025-04-18T21:23:30.000,13.19,10.52,0.35,21.45,20.31,557,-25.13,-34.0,0.715
2025-04-18T21:24:30.000,13.26,10.74,0.33,21.53,20.31,558,-25.28,-34.0,0.715
2025-04-18T21:25:30.000,13.41,10.99,0.37,21.38,20.31,559,-25.42,-34.0,0.714
2025-04-18T21:26:30.000,13.57,11.39,0.36,21.41,20.31,560,-25.56,-33.0,0.714
2025-04-18T21:27:30.000,13.75,11.64,0.33,21.53,20.31,561,-25.71,-33.0,0.714
2025-04-18T21:28:30.000,13.86,11.76,0.34,21.47,20.31,562,-25.85,-33.0,0.714
2025-04-18T21:29:30.000,14.0,11.93,0.33,21.5,20.31,563,-25.99,-33.0,0.714
2025-04-18T21:30:30.000,14.06,11.94,0.33,21.5,20.31,564,-26.14,-33.0,0.714
2025-04-18T21:31:31.000,14.11,11.86,0.29,21.67,20.31,565,-26.28,-32.0,0.714
2025-04-18T21:32:31.000,14.11,11.82,0.26,21.76,20.31,566,-26.42,-32.0,0.714
2025-04-18T21:33:31.000,14.17,11.99,0.28,21.7,20.31,567,-26.56,-32.0,0.714
2025-04-18T21:34:31.000,14.2,11.95,0.31,21.6,20.31,568,-26.7,-32.0,0.714
2025-04-18T21:35:31.000,14.18,11.86,0.34,21.5,20.31,569,-26.84,-32.0,0.714
2025-04-18T21:36:31.000,14.19,11.84,0.34,21.48,20.31,570,-26.98,-32.0,0.714
2025-04-18T21:37:31.000,14.19,11.89,0.26,21.77,20.31,571,-27.12,-31.0,0.714
2025-04-18T21:38:31.000,14.18,11.81,0.23,21.92,20.31,572,-27.25,-31.0,0.714
2025-04-18T21:39:31.000,14.2,11.94,0.22,21.97,20.31,573,-27.39,-31.0,0.714
2025-04-18T21:40:32.000,14.23,11.9,0.22,21.95,20.31,574,-27.53,-31.0,0.714
2025-04-18T21:41:32.000,14.24,12.01,0.22,21.95,20.31,575,-27.67,-31.0,0.713
2025-04-18T21:42:31.000,14.25,11.87,0.17,22.26,20.31,576,-27.8,-30.0,0.713
2025-04-18T21:43:32.000,14.26,12.02,0.15,22.4,20.31,577,-27.94,-30.0,0.713
2025-04-18T21:44:32.000,14.25,11.76,0.16,22.33,20.31,578,-28.07,-30.0,0.713
2025-04-18T21:45:32.000,14.22,11.87,0.17,22.25,20.31,579,-28.2,-30.0,0.713
2025-04-18T21:46:32.000,14.24,11.89,0.18,22.17,20.31,580,-28.34,-30.0,0.713
2025-04-18T21:47:32.000,14.24,11.86,0.25,21.8,20.31,581,-28.47,-30.0,0.713
2025-04-18T21:48:32.000,14.26,11.96,0.22,21.95,20.31,582,-28.6,-29.0,0.713
2025-04-18T21:49:32.000,14.25,11.91,0.16,22.29,20.31,583,-28.73,-29.0,0.713
2025-04-18T21:50:32.000,14.3,12.04,0.13,22.56,20.31,584,-28.86,-29.0,0.713
2025-04-18T21:51:32.000,14.3,11.82,0.09,22.88,20.31,585,-28.99,-29.0,0.713
2025-04-18T21:52:32.000,14.27,11.94,0.11,22.74,20.31,586,-29.12,-29.0,0.713
2025-04-18T21:53:32.000,14.21,11.52,0.12,22.61,20.31,587,-29.25,-28.0,0.713
2025-04-18T21:54:32.000,14.02,11.08,0.13,22.54,20.31,588,-29.38,-28.0,0.713
2025-04-18T21:55:32.000,13.81,10.81,0.15,22.38,20.31,589,-29.51,-28.0,0.713
2025-04-18T21:56:33.000,13.76,11.07,0.16,22.32,20.31,590,-29.64,-28.0,0.713
2025-04-18T21:57:33.000,13.78,11.42,0.17,22.24,20.31,591,-29.76,-28.0,0.712
2025-04-18T21:58:33.000,13.79,11.25,0.15,22.34,20.31,592,-29.89,-28.0,0.712
2025-04-18T21:59:33.000,13.69,10.78,0.15,22.39,20.31,593,-30.02,-27.0,0.712
2025-04-18T22:00:33.000,13.48,10.03,0.2,22.07,20.31,594,-30.14,-27.0,0.712
2025-04-18T22:01:33.000,13.11,9.39,0.16,22.27,20.31,595,-30.26,-27.0,0.712
2025-04-18T22:02:34.000,12.85,9.18,0.18,22.18,20.31,596,-30.39,-27.0,0.712
2025-04-18T22:03:33.000,12.74,9.45,0.27,21.73,20.31,597,-30.51,-27.0,0.712
2025-04-18T22:04:34.000,12.48,8.73,0.28,21.69,20.31,598,-30.63,-27.0,0.712
2025-04-18T22:05:34.000,12.32,8.84,0.26,21.79,20.31,599,-30.76,-26.0,0.712
2025-04-18T22:06:33.000,12.23,8.93,0.27,21.74,20.31,600,-30.88,-26.0,0.712
2025-04-18T22:07:33.000,12.17,9.04,0.19,22.1,20.31,601,-31.0,-26.0,0.712
2025-04-18T22:08:33.000,12.13,8.97,0.21,22.03,20.31,602,-31.12,-26.0,0.712
2025-04-18T22:09:34.000,12.02,8.7,0.16,22.31,20.31,603,-31.24,-26.0,0.712
2025-04-18T22:10:34.000,12.01,9.09,0.2,22.07,20.31,604,-31.35,-25.0,0.712
2025-04-18T22:11:34.000,12.09,9.44,0.24,21.85,20.31,605,-31.47,-25.0,0.712
2025-04-18T22:12:34.000,12.1,9.23,0.22,21.96,20.31,606,-31.59,-25.0,0.712
2025-04-18T22:13:34.000,12.03,8.88,0.19,22.14,20.31,607,-31.7,-25.0,0.711
2025-04-18T22:14:34.000,11.98,9.07,0.16,22.28,20.31,608,-31.82,-25.0,0.711
2025-04-18T22:15:34.000,11.94,8.86,0.21,22.02,20.31,609,-31.94,-25.0,0.711
2025-04-18T22:16:34.000,11.8,8.48,0.18,22.14,20.31,610,-32.05,-24.0,0.711
2025-04-18T22:17:34.000,11.74,8.86,0.17,22.21,20.31,611,-32.16,-24.0,0.711
2025-04-18T22:18:34.000,11.73,8.55,0.17,22.21,20.31,612,-32.28,-24.0,0.711
2025-04-18T22:19:34.000,11.63,8.47,0.22,21.94,20.31,613,-32.39,-24.0,0.711
2025-04-18T22:20:34.000,11.56,8.48,0.24,21.86,20.31,614,-32.5,-24.0,0.711
2025-04-18T22:21:35.000,11.62,8.92,0.23,21.92,20.31,615,-32.61,-24.0,0.711
2025-04-18T22:22:35.000,11.64,8.76,0.24,21.88,20.31,616,-32.72,-23.0,0.711
2025-04-18T22:23:35.000,11.6,8.64,0.29,21.65,20.31,617,-32.83,-23.0,0.711
2025-04-18T22:24:35.000,11.56,8.5,0.36,21.42,20.31,618,-32.94,-23.0,0.711
2025-04-18T22:25:35.000,11.49,8.47,0.37,21.38,20.31,619,-33.05,-23.0,0.711
