ecsv/stars202/stars202_2024-04.ecsv
# %ECSV 1.0
# ---
# datatype:
# - {name: time, datatype: string}
# - {name: Enclosure Temperature, unit: deg_C, datatype: float64}
# - {name: Sky Temperature, unit: deg_C, datatype: float64}
# - {name: Frequency, unit: Hz, datatype: float64}
# - {name: MSAS, unit: mag / arcsec2, datatype: float64}
# - {name: ZP, datatype: float64}
# - {name: Sequence Number, datatype: int64}
# - {name: Sun Alt, unit: deg, datatype: float64}
# - {name: Moon Alt, unit: deg, datatype: float64}
# - {name: Moon Illumination, datatype: float64}
# delimiter: ','
# meta: !!omap
# - ida:
#     Data supplier: {affiliation: null, observer: Miquel Serra}
#     Device type: TESS-W
#     Field of view: 17.0
#     Filters per channel: None
#     Instrument ID: stars202
#     License: ODbL 1.0 http://opendatacommons.org/licenses/odbl/summary/
#     Local timezone: Europe/Madrid
#     Location name: {country: '- Casa Rural Cijara', place: Pantano de Cijara, region: Spain, sub_region: null, town: "C\xE1ceres"}
#     Measurement direction per channel: {azimuth: 0.0, zenital: 0.0}
#     Moving / Fixed look direction: FIXED
#     Moving / Stationary position: STATIONARY
#     Number of channels: 1
#     Number of fields per line: 8
#     Number of header lines: 35
#     Position: {height: 313.0, latitude: 39.3229, longitude: -4.9505}
#     TESS MAC address: A0:20:A6:32:49:56
#     TESS cover offset value: 0.0
#     TESS firmware version: '1.0'
#     TESS zero point: 20.31
#     Time Synchronization: timestamp added by MQTT subscriber
#     URL: http://www.darksky.org/NSBM/sdf1.0.pdf
# - __serialized_columns__:
#     Enclosure Temperature:
#       __class__: astropy.units.quantity.Quantity
#       unit: &id001 !astropy.units.Unit {unit: deg_C}
#       value: !astropy.table.SerializedColumn {name: Enclosure Temperature}
#     Frequency:
#       __class__: astropy.units.quantity.Quantity
#       unit: !astropy.units.Unit {unit: Hz}
#       value: !astropy.table.SerializedColumn {name: Frequency}
#     MSAS:
#       __class__: astropy.units.quantity.Quantity
#       unit: !astropy.units.Unit {unit: mag / arcsec2}
#       value: !astropy.table.SerializedColumn {name: MSAS}
#     Moon Alt:
#       __class__: astropy.units.quantity.Quantity
#       unit: &id002 !astropy.units.Unit {unit: deg}
#       value: !astropy.table.SerializedColumn {name: Moon Alt}
#     Sky Temperature:
#       __class__: astropy.units.quantity.Quantity
#       unit: *id001
#       value: !astropy.table.SerializedColumn {name: Sky Temperature}
#     Sun Alt:
#       __class__: astropy.units.quantity.Quantity
#       unit: *id002
#       value: !astropy.table.SerializedColumn {name: Sun Alt}
#     time:
#       __class__: astropy.time.core.Time
#       format: isot
#       in_subfmt: '*'
#       out_subfmt: '*'
#       precision: 3
#       scale: utc
#       value: !astropy.table.SerializedColumn {name: time}
# schema: astropy-2.0
time,Enclosure Temperature,Sky Temperature,Frequency,MSAS,ZP,Sequence Number,Sun Alt,Moon Alt,Moon Illumination
[from data line 3225]
2024-04-05T12:25:43.000,35.76,33.35,50000.0,0.0,20.31,20,57.04,23.0,0.151
2024-04-05T15:34:03.000,35.59,32.13,50000.0,0.0,20.31,208,35.86,-7.0,0.14
2024-04-05T15:35:03.000,35.08,31.64,50000.0,0.0,20.31,209,35.69,-8.0,0.14
2024-04-05T15:36:03.000,35.02,33.04,50000.0,0.0,20.31,210,35.51,-8.0,0.139
2024-04-06T10:30:39.000,29.5,27.65,50000.0,0.0,20.31,2,48.89,41.0,0.08
2024-04-06T10:31:38.000,29.44,27.72,50000.0,0.0,20.31,3,49.02,41.0,0.08
2024-04-06T10:32:39.000,29.39,27.61,50000.0,0.0,20.31,4,49.16,41.0,0.08
2024-04-06T10:33:39.000,29.42,27.9,50000.0,0.0,20.31,5,49.29,41.0,0.08
2024-04-06T10:34:39.000,29.66,28.66,50000.0,0.0,20.31,6,49.43,41.0,0.08
2024-04-06T10:41:49.000,30.76,29.96,50000.0,0.0,20.31,2,50.36,41.0,0.08
2024-04-06T10:42:50.000,32.14,32.29,50000.0,0.0,20.31,3,50.49,41.0,0.08
2024-04-06T10:43:50.000,32.56,32.36,50000.0,0.0,20.31,4,50.62,41.0,0.079
2024-04-23T09:27:17.000,21.69,19.69,50000.0,0.0,20.31,1254,43.99,-48.0,0.997
2024-04-23T09:28:18.000,21.8,20.04,50000.0,0.0,20.31,1255,44.17,-48.0,0.997
2024-04-23T09:29:18.000,21.85,20.2,50000.0,0.0,20.31,1256,44.34,-49.0,0.997
2024-04-23T09:35:58.000,22.33,20.64,50000.0,0.0,20.31,2,45.52,-50.0,0.997
2024-04-23T09:36:58.000,22.42,20.44,50000.0,0.0,20.31,3,45.69,-50.0,0.997
2024-04-23T09:37:58.000,22.39,20.17,50000.0,0.0,20.31,4,45.87,-50.0,0.997
2024-04-23T09:41:59.000,22.56,20.85,50000.0,0.0,20.31,8,46.56,-51.0,0.997
2024-04-23T09:42:59.000,22.57,20.37,50000.0,0.0,20.31,9,46.74,-51.0,0.997
2024-04-23T09:43:59.000,22.52,20.75,50000.0,0.0,20.31,10,46.91,-51.0,0.997
2024-04-23T09:46:19.000,23.29,22.28,50000.0,0.0,20.31,12,47.31,-51.0,0.997
2024-04-23T09:47:19.000,23.25,21.4,50000.0,0.0,20.31,13,47.48,-51.0,0.997
2024-04-23T09:48:19.000,23.22,21.02,50000.0,0.0,20.31,14,47.65,-52.0,0.997
2024-04-23T11:57:38.000,26.81,25.68,50000.0,0.0,20.31,143,63.09,-63.0,0.998
2024-04-23T11:58:38.000,26.7,24.76,50000.0,0.0,20.31,144,63.12,-63.0,0.998
2024-04-23T11:59:38.000,26.56,24.43,50000.0,0.0,20.31,145,63.16,-63.0,0.998
2024-04-23T12:06:47.000,27.44,26.38,50000.0,0.0,20.31,2,63.35,-63.0,0.998
2024-04-23T12:07:47.000,28.06,27.51,50000.0,0.0,20.31,3,63.37,-63.0,0.998
2024-04-23T12:08:47.000,28.46,27.35,50000.0,0.0,20.31,4,63.39,-63.0,0.998
2024-04-23T18:41:38.000,21.81,19.17,50000.0,0.0,20.31,396,3.64,-3.0,0.999
2024-04-23T18:42:38.000,21.65,18.79,50000.0,0.0,20.31,397,3.45,-3.0,0.999
2024-04-23T18:43:38.000,21.48,18.61,50000.0,0.0,20.31,398,3.27,-2.0,0.999
2024-04-23T18:44:38.000,21.36,18.45,49725.5,0.09,20.31,399,3.08,-2.0,0.999
2024-04-23T18:45:39.000,21.13,18.02,50000.0,0.0,20.31,400,2.89,-2.0,0.999
2024-04-23T18:46:39.000,20.95,17.96,50000.0,0.0,20.31,401,2.7,-2.0,0.999
2024-04-23T18:47:39.000,20.83,17.84,50000.0,0.0,20.31,402,2.51,-2.0,0.999
2024-04-23T18:52:39.000,19.71,16.57,50000.0,0.0,20.31,407,1.58,-1.0,0.999
2024-04-23T18:53:40.000,19.55,16.41,50000.0,0.0,20.31,408,1.39,-1.0,0.999
2024-04-23T18:54:40.000,19.46,16.44,50000.0,0.0,20.31,409,1.21,-0.0,0.999
2024-04-23T18:55:40.000,19.24,15.84,49675.48,0.11,20.31,410,1.02,-0.0,0.999
2024-04-23T18:56:40.000,19.03,15.8,50000.0,0.0,20.31,411,0.83,-0.0,0.999
2024-04-23T18:57:40.000,18.89,15.68,50000.0,0.0,20.31,412,0.65,0.0,0.999
2024-04-23T18:58:40.000,18.71,15.41,50000.0,0.0,20.31,413,0.46,0.0,0.999
2024-04-23T19:01:40.000,18.18,14.94,50000.0,0.0,20.31,416,-0.09,1.0,0.999
2024-04-23T19:02:41.000,18.09,15.12,50000.0,0.0,20.31,417,-0.28,1.0,0.999
2024-04-23T19:03:41.000,18.0,14.84,50000.0,0.0,20.31,418,-0.47,1.0,0.999
2024-04-23T19:04:41.000,17.81,14.56,49490.05,0.17,20.31,419,-0.65,1.0,0.999
2024-04-23T19:05:41.000,17.68,14.5,50000.0,0.0,20.31,420,-0.83,1.0,0.999
2024-04-23T19:06:42.000,17.52,14.33,50000.0,0.0,20.31,421,-1.02,2.0,0.999
2024-04-23T19:07:42.000,17.41,14.31,50000.0,0.0,20.31,422,-1.21,2.0,0.999
2024-04-23T19:08:42.000,17.28,14.07,50000.0,0.0,20.31,423,-1.39,2.0,0.999
2024-04-23T19:09:43.000,17.1,13.82,50000.0,0.0,20.31,424,-1.58,2.0,0.999
2024-04-23T19:10:43.000,16.95,13.71,50000.0,0.0,20.31,425,-1.76,2.0,0.999
2024-04-23T19:11:44.000,16.83,13.7,56639.69,4.34,20.31,426,-1.95,2.0,0.999
2024-04-23T19:12:44.000,16.74,13.76,56301.1,8.43,20.31,427,-2.13,3.0,0.999
2024-04-23T19:13:44.000,16.7,13.74,48414.98,8.6,20.31,428,-2.31,3.0,0.999
2024-04-23T19:14:44.000,16.63,13.71,41606.93,8.76,20.31,429,-2.5,3.0,0.999
2024-04-23T19:15:45.000,16.55,13.6,35734.72,8.93,20.31,430,-2.68,3.0,0.999
2024-04-23T19:16:45.000,16.47,13.56,30570.4,9.1,20.31,431,-2.86,3.0,0.999
2024-04-23T19:17:45.000,16.43,13.66,25298.97,9.44,20.31,432,-3.05,4.0,0.999
2024-04-23T19:18:46.000,16.38,13.51,21585.91,9.48,20.31,433,-3.23,4.0,0.999
2024-04-23T19:19:46.000,16.32,13.57,17565.37,9.77,20.31,434,-3.41,4.0,1.0
2024-04-23T19:20:47.000,16.24,13.3,14516.13,9.91,20.31,435,-3.6,4.0,1.0
2024-04-23T19:21:47.000,16.18,13.35,11849.16,10.13,20.31,436,-3.78,4.0,1.0
2024-04-23T19:22:47.000,16.13,13.31,9591.0,10.36,20.31,437,-3.96,4.0,1.0
2024-04-23T19:23:48.000,16.06,13.24,7672.99,10.6,20.31,438,-4.15,5.0,1.0
2024-04-23T19:24:48.000,15.97,13.05,6096.82,10.85,20.31,439,-4.33,5.0,1.0
2024-04-23T19:25:48.000,15.89,13.08,4820.51,11.1,20.31,440,-4.51,5.0,1.0
2024-04-23T19:26:49.000,15.83,12.94,3807.24,11.36,20.31,441,-4.69,5.0,1.0
2024-04-23T19:27:49.000,15.77,12.92,3013.24,11.61,20.31,442,-4.87,5.0,1.0
2024-04-23T19:28:50.000,15.68,12.85,2395.69,11.86,20.31,443,-5.06,5.0,1.0
2024-04-23T19:29:50.000,15.64,12.75,1913.49,12.11,20.31,444,-5.24,6.0,1.0
2024-04-23T19:30:50.000,15.58,12.84,1534.09,12.35,20.31,445,-5.41,6.0,1.0
2024-04-23T19:31:51.000,15.48,12.47,1231.76,12.59,20.31,446,-5.6,6.0,1.0
2024-04-23T19:32:51.000,15.35,12.24,987.47,12.83,20.31,447,-5.78,6.0,1.0
2024-04-23T19:33:52.000,15.22,12.25,791.4,13.07,20.31,448,-5.96,6.0,1.0
2024-04-23T19:34:52.000,15.17,12.24,634.13,13.31,20.31,449,-6.14,6.0,1.0
2024-04-23T19:35:53.000,15.12,12.29,507.62,13.55,20.31,450,-6.32,7.0,1.0
2024-04-23T19:36:53.000,15.06,12.2,405.76,13.79,20.31,451,-6.5,7.0,1.0
2024-04-23T19:37:54.000,14.99,12.1,324.36,14.03,20.31,452,-6.68,7.0,1.0
2024-04-23T19:38:54.000,14.94,12.16,259.82,14.28,20.31,453,-6.86,7.0,1.0
2024-04-23T19:39:54.000,14.92,12.17,208.67,14.51,20.31,454,-7.04,7.0,1.0
2024-04-23T19:40:54.000,14.88,12.08,168.13,14.75,20.31,455,-7.21,7.0,1.0
2024-04-23T19:41:55.000,14.83,11.98,135.73,14.98,20.31,456,-7.39,8.0,1.0
2024-04-23T19:42:55.000,14.76,11.95,110.0,15.21,20.31,457,-7.57,8.0,1.0
2024-04-23T19:43:55.000,14.71,11.86,89.89,15.43,20.31,458,-7.75,8.0,1.0
2024-04-23T19:44:55.000,14.66,11.79,73.87,15.64,20.31,459,-7.93,8.0,1.0
2024-04-23T19:45:55.000,14.64,11.98,61.39,15.84,20.31,460,-8.1,8.0,1.0
2024-04-23T19:46:55.000,14.63,11.87,49.88,16.07,20.31,461,-8.28,8.0,1.0
2024-04-23T19:47:55.000,14.57,11.75,43.29,16.22,20.31,462,-8.45,9.0,1.0
2024-04-23T19:48:56.000,14.53,11.73,36.62,16.4,20.31,463,-8.63,9.0,1.0
2024-04-23T19:49:56.000,14.49,11.67,31.09,16.58,20.31,464,-8.81,9.0,1.0
2024-04-23T19:50:56.000,14.44,11.61,26.78,16.74,20.31,465,-8.98,9.0,1.0
2024-04-23T19:51:56.000,14.4,11.59,23.06,16.9,20.31,466,-9.16,9.0,1.0
2024-04-23T19:52:56.000,14.33,11.49,19.92,17.06,20.31,467,-9.33,9.0,1.0
2024-04-23T19:53:56.000,14.27,11.39,17.31,17.22,20.31,468,-9.51,10.0,1.0
2024-04-23T19:54:56.000,14.22,11.37,15.19,17.36,20.31,469,-9.68,10.0,1.0
2024-04-23T19:55:56.000,14.17,11.39,13.44,17.49,20.31,470,-9.86,10.0,1.0
2024-04-23T19:56:57.000,14.14,11.38,11.76,17.63,20.31,471,-10.03,10.0,1.0
2024-04-23T19:57:57.000,14.16,11.46,10.48,17.76,20.31,472,-10.21,10.0,1.0
2024-04-23T19:58:57.000,14.09,11.31,9.38,17.88,20.31,473,-10.38,10.0,1.0
2024-04-23T19:59:57.000,14.05,11.29,8.46,17.99,20.31,474,-10.55,11.0,1.0
2024-04-23T20:00:57.000,14.04,11.38,7.69,18.1,20.31,475,-10.73,11.0,1.0
2024-04-23T20:01:57.000,14.06,11.49,7.03,18.19,20.31,476,-10.9,11.0,1.0
2024-04-23T20:02:57.000,14.07,11.43,6.47,18.28,20.31,477,-11.07,11.0,1.0
2024-04-23T20:03:57.000,14.06,11.43,6.02,18.36,20.31,478,-11.24,11.0,1.0
2024-04-23T20:04:57.000,14.05,11.41,5.6,18.44,20.31,479,-11.41,11.0,1.0
2024-04-23T20:05:57.000,14.02,11.29,5.26,18.51,20.31,480,-11.59,12.0,1.0
2024-04-23T20:06:57.000,14.02,11.41,4.98,18.57,20.31,481,-11.76,12.0,1.0
2024-04-23T20:07:58.000,13.98,11.22,4.75,18.62,20.31,482,-11.93,12.0,1.0
2024-04-23T20:08:58.000,13.88,10.97,4.56,18.66,20.31,483,-12.1,12.0,1.0
2024-04-23T20:09:58.000,13.82,11.02,4.38,18.71,20.31,484,-12.27,12.0,1.0
2024-04-23T20:10:58.000,13.79,11.01,4.25,18.74,20.31,485,-12.44,12.0,1.0
2024-04-23T20:11:58.000,13.74,10.89,4.13,18.77,20.31,486,-12.61,13.0,1.0
2024-04-23T20:12:58.000,13.68,10.89,4.03,18.8,20.31,487,-12.78,13.0,1.0
2024-04-23T20:13:58.000,13.62,10.83,3.95,18.82,20.31,488,-12.95,13.0,1.0
2024-04-23T20:14:58.000,13.61,10.92,3.89,18.83,20.31,489,-13.12,13.0,1.0
2024-04-23T20:15:59.000,13.58,10.82,4.0,18.81,20.31,490,-13.29,13.0,1.0
2024-04-23T20:16:59.000,13.57,10.95,4.58,18.66,20.31,491,-13.46,13.0,1.0
2024-04-23T20:17:59.000,13.59,10.96,5.09,18.54,20.31,492,-13.63,14.0,1.0
2024-04-23T20:18:59.000,13.56,10.83,5.19,18.52,20.31,493,-13.79,14.0,1.0
2024-04-23T20:19:59.000,13.53,10.8,5.19,18.52,20.31,494,-13.96,14.0,1.0
2024-04-23T20:20:59.000,13.52,10.83,5.21,18.52,20.31,495,-14.13,14.0,1.0
2024-04-23T20:21:59.000,13.52,10.95,5.23,18.51,20.31,496,-14.3,14.0,1.0
2024-04-23T20:22:59.000,13.55,10.95,5.26,18.51,20.31,497,-14.46,14.0,1.0
2024-04-23T20:24:00.000,13.52,10.82,5.29,18.5,20.31,498,-14.63,14.0,1.0
2024-04-23T20:25:00.000,13.49,10.8,5.32,18.5,20.31,499,-14.8,15.0,1.0
2024-04-23T20:26:00.000,13.45,10.76,5.34,18.49,20.31,500,-14.96,15.0,1.0
2024-04-23T20:27:00.000,13.46,10.89,5.38,18.48,20.31,501,-15.13,15.0,1.0
2024-04-23T20:28:00.000,13.46,10.83,5.42,18.47,20.31,502,-15.29,15.0,1.0
2024-04-23T20:29:00.000,13.46,10.91,5.48,18.46,20.31,503,-15.46,15.0,1.0
2024-04-23T20:30:00.000,13.5,10.93,5.52,18.45,20.31,504,-15.62,15.0,1.0
2024-04-23T20:31:00.000,13.49,10.93,5.57,18.44,20.31,505,-15.79,16.0,1.0
2024-04-23T20:32:01.000,13.49,10.86,5.63,18.43,20.31,506,-15.95,16.0,1.0
2024-04-23T20:33:01.000,13.44,10.69,5.68,18.42,20.31,507,-16.11,16.0,1.0
2024-04-23T20:34:01.000,13.36,10.58,5.74,18.41,20.31,508,-16.28,16.0,1.0
2024-04-23T20:35:01.000,13.35,10.66,5.76,18.41,20.31,509,-16.44,16.0,1.0
2024-04-23T20:36:01.000,13.31,10.57,5.85,18.39,20.31,510,-16.6,16.0,1.0
2024-04-23T20:37:01.000,13.29,10.59,5.92,18.38,20.31,511,-16.76,16.0,1.0
2024-04-23T20:38:01.000,13.27,10.6,5.95,18.37,20.31,512,-16.93,17.0,1.0
2024-04-23T20:39:01.000,13.25,10.57,5.99,18.37,20.31,513,-17.09,17.0,1.0
2024-04-23T20:40:01.000,13.23,10.55,6.04,18.36,20.31,514,-17.25,17.0,1.0
2024-04-23T20:41:01.000,13.26,10.75,6.09,18.35,20.31,515,-17.41,17.0,1.0
2024-04-23T20:42:02.000,13.26,10.63,6.15,18.34,20.31,516,-17.57,17.0,1.0
2024-04-23T20:43:02.000,13.27,10.79,6.19,18.33,20.31,517,-17.73,17.0,1.0
2024-04-23T20:44:02.000,13.26,10.61,6.23,18.32,20.31,518,-17.89,17.0,1.0
2024-04-23T20:45:02.000,13.28,10.76,6.28,18.32,20.31,519,-18.05,18.0,1.0
2024-04-23T20:46:02.000,13.26,10.67,6.32,18.31,20.31,520,-18.21,18.0,1.0
2024-04-23T20:47:02.000,13.26,10.7,6.37,18.3,20.31,521,-18.36,18.0,1.0
2024-04-23T20:48:02.000,13.23,10.61,6.38,18.3,20.31,522,-18.52,18.0,1.0
2024-04-23T20:49:02.000,13.21,10.55,6.48,18.28,20.31,523,-18.68,18.0,1.0
2024-04-23T20:50:03.000,13.17,10.46,6.51,18.28,20.31,524,-18.84,18.0,1.0
2024-04-23T20:51:03.000,13.13,10.39,6.52,18.27,20.31,525,-19.0,19.0,1.0
2024-04-23T20:52:03.000,13.08,10.38,6.55,18.27,20.31,526,-19.15,19.0,1.0
2024-04-23T20:53:03.000,13.07,10.46,6.59,18.26,20.31,527,-19.31,19.0,1.0
2024-04-23T20:54:03.000,13.08,10.49,6.62,18.26,20.31,528,-19.46,19.0,1.0
2024-04-23T20:55:03.000,13.09,10.56,6.68,18.25,20.31,529,-19.62,19.0,1.0
2024-04-23T20:56:03.000,13.11,10.55,6.73,18.24,20.31,530,-19.77,19.0,1.0
2024-04-23T20:57:03.000,13.11,10.66,6.76,18.24,20.31,531,-19.93,19.0,1.0
2024-04-23T20:58:03.000,13.14,10.6,6.83,18.22,20.31,532,-20.08,20.0,1.0
2024-04-23T20:59:04.000,13.16,10.82,6.86,18.22,20.31,533,-20.24,20.0,1.0
2024-04-23T21:00:04.000,13.27,11.0,6.91,18.21,20.31,534,-20.39,20.0,1.0
2024-04-23T21:01:04.000,13.33,11.05,6.93,18.21,20.31,535,-20.54,20.0,1.0
2024-04-23T21:02:04.000,13.37,11.0,6.97,18.2,20.31,536,-20.69,20.0,1.0
2024-04-23T21:03:04.000,13.38,10.96,7.03,18.19,20.31,537,-20.84,20.0,1.0
2024-04-23T21:04:04.000,13.39,10.97,7.06,18.19,20.31,538,-21.0,20.0,1.0
2024-04-23T21:05:05.000,13.38,10.92,7.1,18.18,20.31,539,-21.15,21.0,1.0
2024-04-23T21:06:05.000,13.37,10.79,7.18,18.17,20.31,540,-21.3,21.0,1.0
2024-04-23T21:07:05.000,13.32,10.62,7.17,18.17,20.31,541,-21.45,21.0,1.0
2024-04-23T21:08:05.000,13.25,10.52,7.23,18.16,20.31,542,-21.6,21.0,1.0
2024-04-23T21:09:05.000,13.15,10.24,7.31,18.15,20.31,543,-21.75,21.0,1.0
2024-04-23T21:10:05.000,13.03,10.14,7.35,18.14,20.31,544,-21.9,21.0,1.0
2024-04-23T21:11:05.000,12.97,10.07,7.41,18.14,20.31,545,-22.04,21.0,1.0
2024-04-23T21:12:05.000,12.86,9.87,7.44,18.13,20.31,546,-22.19,21.0,1.0
2024-04-23T21:13:05.000,12.77,9.85,7.44,18.13,20.31,547,-22.34,22.0,1.0
2024-04-23T21:14:05.000,12.69,9.73,7.46,18.13,20.31,548,-22.49,22.0,1.0
2024-04-23T21:15:06.000,12.61,9.68,7.53,18.12,20.31,549,-22.63,22.0,1.0
2024-04-23T21:16:06.000,12.55,9.68,7.57,18.11,20.31,550,-22.78,22.0,1.0
2024-04-23T21:17:06.000,12.5,9.63,7.58,18.11,20.31,551,-22.93,22.0,1.0
2024-04-23T21:18:06.000,12.47,9.69,7.65,18.1,20.31,552,-23.07,22.0,1.0
2024-04-23T21:19:06.000,12.45,9.64,7.65,18.1,20.31,553,-23.22,22.0,1.0
2024-04-23T21:20:06.000,12.43,9.73,7.69,18.1,20.31,554,-23.36,23.0,1.0
2024-04-23T21:21:06.000,12.42,9.71,7.77,18.08,20.31,555,-23.5,23.0,1.0
2024-04-23T21:22:06.000,12.45,9.85,7.8,18.08,20.31,556,-23.65,23.0,1.0
2024-04-23T21:23:07.000,12.46,9.88,7.89,18.07,20.31,557,-23.79,23.0,1.0
2024-04-23T21:24:06.000,12.47,9.84,7.91,18.06,20.31,558,-23.93,23.0,1.0
2024-04-23T21:25:07.000,12.47,9.91,7.94,18.06,20.31,559,-24.07,23.0,1.0
2024-04-23T21:26:07.000,12.48,9.83,7.98,18.06,20.31,560,-24.21,23.0,1.0
2024-04-23T21:27:07.000,12.45,9.81,7.95,18.06,20.31,561,-24.36,23.0,1.0
2024-04-23T21:28:07.000,12.43,9.73,8.04,18.05,20.31,562,-24.49,24.0,1.0
2024-04-23T21:29:07.000,12.42,9.76,8.13,18.04,20.31,563,-24.63,24.0,1.0
2024-04-23T21:30:07.000,12.39,9.72,8.14,18.03,20.31,564,-24.77,24.0,1.0
2024-04-23T21:31:07.000,12.38,9.73,8.2,18.02,20.31,565,-24.91,24.0,1.0
2024-04-23T21:32:07.000,12.36,9.7,8.2,18.03,20.31,566,-25.05,24.0,1.0
2024-04-23T21:33:08.000,12.34,9.66,8.24,18.02,20.31,567,-25.19,24.0,1.0
2024-04-23T21:34:08.000,12.31,9.63,8.3,18.01,20.31,568,-25.33,24.0,1.0
2024-04-23T21:35:08.000,12.32,9.74,8.26,18.02,20.31,569,-25.46,25.0,1.0
2024-04-23T21:36:08.000,12.31,9.69,8.27,18.02,20.31,570,-25.6,25.0,1.0
2024-04-23T21:37:09.000,12.32,9.68,8.31,18.01,20.31,571,-25.74,25.0,1.0
2024-04-23T21:38:09.000,12.3,9.67,8.33,18.01,20.31,572,-25.87,25.0,1.0
2024-04-23T21:39:09.000,12.31,9.67,8.36,18.0,20.31,573,-26.0,25.0,1.0
2024-04-23T21:40:09.000,12.28,9.6,8.4,18.0,20.31,574,-26.14,25.0,1.0
2024-04-23T21:41:09.000,12.27,9.59,8.43,18.0,20.31,575,-26.27,25.0,1.0
2024-04-23T21:42:09.000,12.26,9.62,8.46,17.99,20.31,576,-26.4,25.0,1.0
2024-04-23T21:43:09.000,12.26,9.6,8.5,17.99,20.31,577,-26.53,25.0,1.0
2024-04-23T21:44:09.000,12.25,9.64,8.53,17.98,20.31,578,-26.67,26.0,1.0
2024-04-23T21:45:09.000,12.25,9.57,8.57,17.98,20.31,579,-26.8,26.0,1.0
2024-04-23T21:46:09.000,12.24,9.61,8.62,17.97,20.31,580,-26.93,26.0,1.0
2024-04-23T21:47:09.000,12.23,9.57,8.75,17.96,20.31,581,-27.06,26.0,1.0
2024-04-23T21:48:09.000,12.23,9.65,8.78,17.95,20.31,582,-27.19,26.0,1.0
2024-04-23T21:49:10.000,12.23,9.63,8.76,17.95,20.31,583,-27.32,26.0,1.0
2024-04-23T21:50:10.000,12.23,9.57,8.77,17.95,20.31,584,-27.44,26.0,1.0
2024-04-23T21:51:10.000,12.19,9.45,8.79,17.95,20.31,585,-27.57,26.0,1.0
2024-04-23T21:52:10.000,12.14,9.42,8.81,17.95,20.31,586,-27.7,27.0,1.0
2024-04-23T21:53:10.000,12.13,9.52,8.83,17.95,20.31,587,-27.82,27.0,1.0
2024-04-23T21:54:10.000,12.1,9.42,8.86,17.94,20.31,588,-27.95,27.0,1.0
2024-04-23T21:55:10.000,12.09,9.41,8.91,17.94,20.31,589,-28.07,27.0,1.0
2024-04-23T21:56:10.000,12.08,9.46,8.94,17.93,20.31,590,-28.2,27.0,1.0
