ecsv/stars202/stars202_2024-04.ecsv
# %ECSV 1.0
# ---
# datatype:
# - {name: time, datatype: string}
# - {name: Enclosure Temperature, unit: deg_C, datatype: float64}
# - {name: Sky Temperature, unit: deg_C, datatype: float64}
# - {name: Frequency, unit: Hz, datatype: float64}
# - {name: MSAS, unit: mag / arcsec2, datatype: float64}
# - {name: ZP, datatype: float64}
# - {name: Sequence Number, datatype: int64}
# - {name: Sun Alt, unit: deg, datatype: float64}
# - {name: Moon Alt, unit: deg, datatype: float64}
# - {name: Moon Illumination, datatype: float64}
# delimiter: ','
# meta: !!omap
# - ida:
#     Data supplier: {affiliation: null, observer: Miquel Serra}
#     Device type: TESS-W
#     Field of view: 17.0
#     Filters per channel: None
#     Instrument ID: stars202
#     License: ODbL 1.0 http://opendatacommons.org/licenses/odbl/summary/
#     Local timezone: Europe/Madrid
#     Location name: {country: '- Casa Rural Cijara', place: Pantano de Cijara, region: Spain, sub_region: null, town: "C\xE1ceres"}
#     Measurement direction per channel: {azimuth: 0.0, zenital: 0.0}
#     Moving / Fixed look direction: FIXED
#     Moving / Stationary position: STATIONARY
#     Number of channels: 1
#     Number of fields per line: 8
#     Number of header lines: 35
#     Position: {height: 313.0, latitude: 39.3229, longitude: -4.9505}
#     TESS MAC address: A0:20:A6:32:49:56
#     TESS cover offset value: 0.0
#     TESS firmware version: '1.0'
#     TESS zero point: 20.31
#     Time Synchronization: timestamp added by MQTT subscriber
#     URL: http://www.darksky.org/NSBM/sdf1.0.pdf
# - __serialized_columns__:
#     Enclosure Temperature:
#       __class__: astropy.units.quantity.Quantity
#       unit: &id001 !astropy.units.Unit {unit: deg_C}
#       value: !astropy.table.SerializedColumn {name: Enclosure Temperature}
#     Frequency:
#       __class__: astropy.units.quantity.Quantity
#       unit: !astropy.units.Unit {unit: Hz}
#       value: !astropy.table.SerializedColumn {name: Frequency}
#     MSAS:
#       __class__: astropy.units.quantity.Quantity
#       unit: !astropy.units.Unit {unit: mag / arcsec2}
#       value: !astropy.table.SerializedColumn {name: MSAS}
#     Moon Alt:
#       __class__: astropy.units.quantity.Quantity
#       unit: &id002 !astropy.units.Unit {unit: deg}
#       value: !astropy.table.SerializedColumn {name: Moon Alt}
#     Sky Temperature:
#       __class__: astropy.units.quantity.Quantity
#       unit: *id001
#       value: !astropy.table.SerializedColumn {name: Sky Temperature}
#     Sun Alt:
#       __class__: astropy.units.quantity.Quantity
#       unit: *id002
#       value: !astropy.table.SerializedColumn {name: Sun Alt}
#     time:
#       __class__: astropy.time.core.Time
#       format: isot
#       in_subfmt: '*'
#       out_subfmt: '*'
#       precision: 3
#       scale: utc
#       value: !astropy.table.SerializedColumn {name: time}
# schema: astropy-2.0
time,Enclosure Temperature,Sky Temperature,Frequency,MSAS,ZP,Sequence Number,Sun Alt,Moon Alt,Moon Illumination
[from data line 1514]
2024-04-03T01:04:09.000,12.61,9.8,0.22,21.95,20.31,777,-44.25,-21.0,0.401
2024-04-03T01:05:09.000,12.62,9.54,0.24,21.88,20.31,778,-44.2,-21.0,0.401
2024-04-03T01:06:09.000,12.62,9.43,0.22,21.96,20.31,779,-44.15,-21.0,0.401
2024-04-03T01:07:09.000,12.5,9.17,0.24,21.87,20.31,780,-44.1,-21.0,0.401
2024-04-03T01:08:09.000,12.49,9.5,0.27,21.71,20.31,781,-44.05,-20.0,0.401
2024-04-03T01:09:09.000,12.52,9.34,0.28,21.68,20.31,782,-44.0,-20.0,0.401
2024-04-03T01:10:09.000,12.48,9.08,0.27,21.75,20.31,783,-43.94,-20.0,0.401
2024-04-03T01:11:09.000,12.44,9.18,0.25,21.8,20.31,784,-43.89,-20.0,0.401
2024-04-03T01:12:09.000,12.47,9.5,0.25,21.82,20.31,785,-43.83,-20.0,0.401
2024-04-03T01:13:09.000,12.64,10.01,0.26,21.77,20.31,786,-43.77,-20.0,0.401
2024-04-03T01:14:10.000,12.81,10.17,0.27,21.71,20.31,787,-43.71,-19.0,0.401
2024-04-03T01:15:10.000,12.91,10.23,0.28,21.69,20.31,788,-43.65,-19.0,0.401
2024-04-03T01:16:10.000,12.93,9.87,0.28,21.68,20.31,789,-43.59,-19.0,0.401
2024-04-03T01:17:10.000,12.99,10.29,0.28,21.71,20.31,790,-43.53,-19.0,0.4
2024-04-03T01:18:10.000,13.08,10.4,0.26,21.77,20.31,791,-43.47,-19.0,0.4
2024-04-03T01:19:10.000,13.16,10.41,0.24,21.84,20.31,792,-43.4,-18.0,0.4
2024-04-03T01:20:10.000,13.12,10.08,0.24,21.84,20.31,793,-43.34,-18.0,0.4
2024-04-03T01:21:10.000,13.1,10.01,0.24,21.85,20.31,794,-43.27,-18.0,0.4
2024-04-03T01:22:10.000,13.02,9.94,0.24,21.84,20.31,795,-43.2,-18.0,0.4
2024-04-03T01:23:10.000,13.05,10.26,0.24,21.86,20.31,796,-43.14,-18.0,0.4
2024-04-03T01:24:10.000,13.09,10.13,0.23,21.91,20.31,797,-43.07,-18.0,0.4
2024-04-03T01:25:10.000,13.03,10.04,0.22,21.96,20.31,798,-43.0,-17.0,0.4
2024-04-03T01:26:10.000,13.06,10.11,0.21,22.0,20.31,799,-42.93,-17.0,0.4
2024-04-03T01:27:11.000,13.13,10.52,0.2,22.04,20.31,800,-42.85,-17.0,0.4
2024-04-03T01:28:11.000,13.25,10.68,0.2,22.06,20.31,801,-42.78,-17.0,0.4
2024-04-03T01:29:11.000,13.22,10.33,0.19,22.12,20.31,802,-42.7,-17.0,0.4
2024-04-03T01:30:11.000,13.3,10.65,0.19,22.14,20.31,803,-42.63,-17.0,0.4
2024-04-03T01:31:11.000,13.35,10.77,0.19,22.1,20.31,804,-42.55,-16.0,0.399
2024-04-03T01:32:11.000,13.44,10.92,0.22,21.97,20.31,805,-42.48,-16.0,0.399
2024-04-03T01:33:11.000,13.61,11.4,0.22,21.95,20.31,806,-42.4,-16.0,0.399
2024-04-03T01:34:11.000,13.78,11.62,0.21,21.99,20.31,807,-42.32,-16.0,0.399
2024-04-03T01:35:11.000,13.82,11.29,0.22,21.96,20.31,808,-42.24,-16.0,0.399
2024-04-03T01:36:11.000,13.76,11.01,0.22,21.96,20.31,809,-42.16,-15.0,0.399
2024-04-03T01:37:11.000,13.58,10.34,0.22,21.94,20.31,810,-42.07,-15.0,0.399
2024-04-03T01:38:11.000,13.29,9.67,0.23,21.93,20.31,811,-41.99,-15.0,0.399
2024-04-03T01:39:11.000,13.02,9.64,0.24,21.86,20.31,812,-41.91,-15.0,0.399
2024-04-03T01:40:11.000,12.9,9.67,0.24,21.86,20.31,813,-41.82,-15.0,0.399
2024-04-03T01:41:12.000,12.89,9.89,0.25,21.8,20.31,814,-41.73,-15.0,0.399
2024-04-03T01:42:12.000,12.87,10.09,0.25,21.8,20.31,815,-41.65,-14.0,0.399
2024-04-03T01:43:12.000,13.0,10.69,0.26,21.76,20.31,816,-41.56,-14.0,0.399
2024-04-03T01:44:12.000,13.21,11.15,0.28,21.71,20.31,817,-41.47,-14.0,0.398
2024-04-03T01:45:12.000,13.35,11.15,0.28,21.71,20.31,818,-41.38,-14.0,0.398
2024-04-03T01:46:12.000,13.5,11.42,0.26,21.78,20.31,819,-41.29,-14.0,0.398
2024-04-03T01:47:13.000,13.63,11.53,0.26,21.78,20.31,820,-41.2,-14.0,0.398
2024-04-03T01:48:13.000,13.75,11.58,0.26,21.75,20.31,821,-41.1,-13.0,0.398
2024-04-03T01:49:13.000,13.85,11.74,0.28,21.69,20.31,822,-41.01,-13.0,0.398
2024-04-03T01:50:13.000,13.95,11.79,0.3,21.63,20.31,823,-40.92,-13.0,0.398
2024-04-03T01:51:13.000,13.98,11.67,0.3,21.63,20.31,824,-40.82,-13.0,0.398
2024-04-03T01:52:13.000,13.98,11.59,0.3,21.62,20.31,825,-40.72,-13.0,0.398
2024-04-03T01:53:13.000,13.98,11.55,0.3,21.63,20.31,826,-40.63,-13.0,0.398
2024-04-03T01:54:14.000,13.97,11.46,0.28,21.7,20.31,827,-40.53,-12.0,0.398
2024-04-03T01:55:13.000,13.97,11.57,0.28,21.68,20.31,828,-40.43,-12.0,0.398
2024-04-03T01:56:14.000,13.99,11.59,0.29,21.67,20.31,829,-40.33,-12.0,0.398
2024-04-03T01:57:13.000,14.0,11.59,0.29,21.66,20.31,830,-40.23,-12.0,0.397
2024-04-03T01:58:14.000,14.04,11.83,0.29,21.64,20.31,831,-40.13,-12.0,0.397
2024-04-03T01:59:14.000,14.13,11.92,0.3,21.63,20.31,832,-40.02,-12.0,0.397
2024-04-03T02:00:14.000,14.21,11.97,0.3,21.61,20.31,833,-39.92,-11.0,0.397
2024-04-03T02:01:14.000,14.26,12.01,0.3,21.6,20.31,834,-39.82,-11.0,0.397
2024-04-03T02:02:14.000,14.28,11.99,0.31,21.59,20.31,835,-39.71,-11.0,0.397
2024-04-03T02:03:14.000,14.3,12.0,0.3,21.62,20.31,836,-39.61,-11.0,0.397
2024-04-03T02:04:14.000,14.32,12.12,0.3,21.63,20.31,837,-39.5,-11.0,0.397
2024-04-03T02:05:14.000,14.33,11.94,0.3,21.64,20.31,838,-39.39,-11.0,0.397
2024-04-03T02:06:14.000,14.31,11.98,0.29,21.64,20.31,839,-39.29,-10.0,0.397
2024-04-03T02:07:14.000,14.36,12.18,0.29,21.64,20.31,840,-39.18,-10.0,0.397
2024-04-03T02:08:14.000,14.42,12.24,0.29,21.66,20.31,841,-39.07,-10.0,0.397
2024-04-03T02:09:15.000,14.43,12.17,0.29,21.66,20.31,842,-38.95,-10.0,0.397
2024-04-03T02:10:14.000,14.46,12.28,0.29,21.65,20.31,843,-38.84,-10.0,0.396
2024-04-03T02:11:15.000,14.55,12.49,0.3,21.61,20.31,844,-38.73,-10.0,0.396
2024-04-03T02:12:15.000,14.6,12.43,0.3,21.62,20.31,845,-38.62,-9.0,0.396
2024-04-03T02:13:15.000,14.67,12.55,0.29,21.64,20.31,846,-38.5,-9.0,0.396
2024-04-03T02:14:15.000,14.73,12.54,0.3,21.63,20.31,847,-38.39,-9.0,0.396
2024-04-03T02:15:15.000,14.75,12.53,0.3,21.62,20.31,848,-38.27,-9.0,0.396
2024-04-03T02:16:15.000,14.78,12.6,0.29,21.65,20.31,849,-38.16,-9.0,0.396
2024-04-03T02:17:15.000,14.88,12.77,0.26,21.75,20.31,850,-38.04,-9.0,0.396
2024-04-03T02:18:15.000,14.91,12.8,0.24,21.87,20.31,851,-37.92,-8.0,0.396
2024-04-03T02:19:15.000,14.98,12.8,0.21,22.0,20.31,852,-37.81,-8.0,0.396
2024-04-03T02:20:16.000,14.99,12.86,0.19,22.12,20.31,853,-37.69,-8.0,0.396
2024-04-03T02:21:16.000,15.13,13.13,0.19,22.14,20.31,854,-37.57,-8.0,0.396
2024-04-03T02:22:16.000,15.21,13.17,0.2,22.06,20.31,855,-37.44,-8.0,0.396
2024-04-03T02:23:16.000,15.17,12.76,0.19,22.09,20.31,856,-37.32,-8.0,0.395
2024-04-03T02:24:16.000,15.16,12.83,0.17,22.27,20.31,857,-37.2,-7.0,0.395
2024-04-03T02:25:16.000,15.11,12.68,0.15,22.38,20.31,858,-37.08,-7.0,0.395
2024-04-03T02:26:17.000,15.11,12.78,0.15,22.4,20.31,859,-36.95,-7.0,0.395
2024-04-03T02:27:17.000,15.09,12.72,0.14,22.41,20.31,860,-36.83,-7.0,0.395
2024-04-03T02:28:16.000,15.1,12.78,0.14,22.43,20.31,861,-36.71,-7.0,0.395
2024-04-03T02:29:17.000,15.17,13.02,0.15,22.39,20.31,862,-36.58,-7.0,0.395
2024-04-03T02:30:17.000,15.23,13.05,0.16,22.29,20.31,863,-36.45,-6.0,0.395
2024-04-03T02:31:17.000,15.28,13.05,0.17,22.25,20.31,864,-36.33,-6.0,0.395
2024-04-03T02:32:17.000,15.21,12.54,0.17,22.24,20.31,865,-36.2,-6.0,0.395
2024-04-03T02:33:17.000,15.03,11.91,0.16,22.3,20.31,866,-36.07,-6.0,0.395
2024-04-03T02:34:17.000,14.67,11.13,0.16,22.29,20.31,867,-35.94,-6.0,0.395
2024-04-03T02:35:17.000,14.43,10.9,0.18,22.19,20.31,868,-35.81,-6.0,0.395
2024-04-03T02:36:17.000,14.09,10.26,0.19,22.14,20.31,869,-35.68,-5.0,0.394
2024-04-03T02:37:17.000,13.74,9.94,0.19,22.09,20.31,870,-35.55,-5.0,0.394
2024-04-03T02:38:17.000,13.56,10.21,0.2,22.08,20.31,871,-35.42,-5.0,0.394
2024-04-03T02:39:18.000,13.41,10.05,0.21,22.02,20.31,872,-35.29,-5.0,0.394
2024-04-03T02:40:17.000,13.4,10.15,0.21,21.98,20.31,873,-35.16,-5.0,0.394
2024-04-03T02:41:18.000,13.32,10.34,0.23,21.92,20.31,874,-35.02,-5.0,0.394
2024-04-03T02:42:18.000,13.25,9.94,0.24,21.86,20.31,875,-34.89,-4.0,0.394
2024-04-03T02:43:18.000,12.98,9.18,0.25,21.8,20.31,876,-34.75,-4.0,0.394
2024-04-03T02:44:18.000,12.74,9.23,0.25,21.81,20.31,877,-34.62,-4.0,0.394
2024-04-03T02:45:18.000,12.69,9.38,0.24,21.86,20.31,878,-34.48,-4.0,0.394
2024-04-03T02:46:18.000,12.65,9.4,0.24,21.87,20.31,879,-34.34,-4.0,0.394
2024-04-03T02:47:18.000,12.51,9.08,0.23,21.91,20.31,880,-34.21,-4.0,0.394
2024-04-03T02:48:18.000,12.43,9.01,0.23,21.91,20.31,881,-34.07,-4.0,0.394
2024-04-03T02:49:18.000,12.25,8.81,0.24,21.85,20.31,882,-33.93,-3.0,0.393
2024-04-03T02:50:18.000,12.34,9.26,0.24,21.88,20.31,883,-33.79,-3.0,0.393
2024-04-03T02:51:18.000,12.25,8.86,0.21,22.01,20.31,884,-33.65,-3.0,0.393
2024-04-03T02:52:19.000,12.31,9.52,0.19,22.12,20.31,885,-33.51,-3.0,0.393
2024-04-03T02:53:19.000,12.42,9.59,0.2,22.08,20.31,886,-33.37,-3.0,0.393
2024-04-03T02:54:19.000,12.51,9.9,0.23,21.91,20.31,887,-33.23,-3.0,0.393
2024-04-03T02:55:19.000,12.61,9.98,0.24,21.87,20.31,888,-33.09,-2.0,0.393
2024-04-03T02:56:19.000,12.73,10.12,0.21,22.0,20.31,889,-32.95,-2.0,0.393
2024-04-03T02:57:19.000,12.63,9.3,0.2,22.07,20.31,890,-32.8,-2.0,0.393
2024-04-03T02:58:19.000,12.49,9.42,0.19,22.11,20.31,891,-32.66,-2.0,0.393
2024-04-03T02:59:19.000,12.48,9.51,0.18,22.17,20.31,892,-32.52,-2.0,0.393
2024-04-03T03:00:19.000,12.51,9.77,0.18,22.2,20.31,893,-32.37,-2.0,0.393
2024-04-03T03:01:19.000,12.52,9.69,0.16,22.27,20.31,894,-32.23,-1.0,0.393
2024-04-03T03:02:19.000,12.6,10.08,0.15,22.4,20.31,895,-32.08,-1.0,0.392
2024-04-03T03:03:19.000,12.65,9.94,0.14,22.43,20.31,896,-31.94,-1.0,0.392
2024-04-03T03:04:19.000,12.58,9.63,0.16,22.31,20.31,897,-31.79,-1.0,0.392
2024-04-03T03:05:19.000,12.63,10.13,0.15,22.39,20.31,898,-31.64,-1.0,0.392
2024-04-03T03:06:19.000,12.74,10.22,0.14,22.48,20.31,899,-31.49,-1.0,0.392
2024-04-03T03:07:20.000,12.69,9.59,0.17,22.22,20.31,900,-31.34,-1.0,0.392
2024-04-03T03:08:20.000,12.57,9.63,0.25,21.85,20.31,901,-31.19,-0.0,0.392
2024-04-03T03:09:20.000,12.53,9.49,0.17,22.26,20.31,902,-31.05,-0.0,0.392
2024-04-03T03:10:20.000,12.49,9.58,0.17,22.26,20.31,903,-30.9,-0.0,0.392
2024-04-03T03:11:20.000,12.5,9.64,0.2,22.05,20.31,904,-30.75,0.0,0.392
2024-04-03T03:12:20.000,12.5,9.64,0.23,21.89,20.31,905,-30.6,0.0,0.392
2024-04-03T03:13:20.000,12.47,9.54,0.26,21.79,20.31,906,-30.44,0.0,0.392
2024-04-03T03:14:20.000,12.37,9.24,0.25,21.81,20.31,907,-30.29,1.0,0.392
2024-04-03T03:15:20.000,12.38,9.51,0.26,21.76,20.31,908,-30.14,1.0,0.391
2024-04-03T03:16:20.000,12.38,9.56,0.32,21.55,20.31,909,-29.99,1.0,0.391
2024-04-03T03:17:20.000,12.33,9.17,0.3,21.64,20.31,910,-29.84,1.0,0.391
2024-04-03T03:18:21.000,12.24,9.07,0.32,21.54,20.31,911,-29.68,1.0,0.391
2024-04-03T03:19:21.000,12.25,9.42,0.33,21.52,20.31,912,-29.53,1.0,0.391
2024-04-03T03:20:21.000,12.32,9.62,0.32,21.56,20.31,913,-29.37,1.0,0.391
2024-04-03T03:21:21.000,12.39,9.68,0.33,21.52,20.31,914,-29.22,2.0,0.391
2024-04-03T03:22:21.000,12.45,9.78,0.34,21.48,20.31,915,-29.06,2.0,0.391
2024-04-03T03:23:21.000,12.51,9.95,0.33,21.52,20.31,916,-28.91,2.0,0.391
2024-04-03T03:24:21.000,12.59,9.98,0.34,21.49,20.31,917,-28.75,2.0,0.391
2024-04-03T03:25:21.000,12.63,10.01,0.33,21.5,20.31,918,-28.59,2.0,0.391
2024-04-03T03:26:22.000,12.69,10.28,0.34,21.49,20.31,919,-28.43,2.0,0.391
2024-04-03T03:27:22.000,12.84,10.44,0.34,21.49,20.31,920,-28.28,2.0,0.391
2024-04-03T03:28:22.000,12.85,10.05,0.35,21.45,20.31,921,-28.12,3.0,0.391
2024-04-03T03:29:22.000,12.8,10.03,0.35,21.45,20.31,922,-27.96,3.0,0.39
2024-04-03T03:30:22.000,12.84,10.15,0.36,21.42,20.31,923,-27.8,3.0,0.39
2024-04-03T03:31:22.000,12.88,10.14,0.33,21.52,20.31,924,-27.64,3.0,0.39
2024-04-03T03:32:22.000,12.91,10.32,0.3,21.64,20.31,925,-27.48,3.0,0.39
2024-04-03T03:33:22.000,13.01,10.39,0.32,21.54,20.31,926,-27.32,3.0,0.39
2024-04-03T03:34:22.000,13.03,10.48,0.3,21.61,20.31,927,-27.16,4.0,0.39
2024-04-03T03:35:23.000,13.1,10.45,0.28,21.67,20.31,928,-27.0,4.0,0.39
2024-04-03T03:36:23.000,13.11,10.27,0.25,21.83,20.31,929,-26.84,4.0,0.39
2024-04-03T03:37:23.000,13.08,10.26,0.25,21.83,20.31,930,-26.67,4.0,0.39
2024-04-03T03:38:23.000,13.01,9.91,0.36,21.43,20.31,931,-26.51,4.0,0.39
2024-04-03T03:39:23.000,12.87,9.55,0.41,21.27,20.31,932,-26.35,4.0,0.39
2024-04-03T03:40:23.000,12.68,9.22,0.46,21.15,20.31,933,-26.19,4.0,0.39
2024-04-03T03:41:23.000,12.61,9.41,0.46,21.15,20.31,934,-26.02,5.0,0.39
2024-04-03T03:42:23.000,12.59,9.53,0.47,21.14,20.31,935,-25.86,5.0,0.389
2024-04-03T03:43:24.000,12.55,9.5,0.46,21.16,20.31,936,-25.69,5.0,0.389
2024-04-03T03:44:24.000,12.45,9.12,0.47,21.13,20.31,937,-25.53,5.0,0.389
2024-04-03T03:45:24.000,12.41,9.38,0.44,21.2,20.31,938,-25.37,5.0,0.389
2024-04-03T03:46:24.000,12.5,9.78,0.38,21.36,20.31,939,-25.2,5.0,0.389
2024-04-03T03:47:24.000,12.59,9.9,0.37,21.38,20.31,940,-25.03,5.0,0.389
2024-04-03T03:48:24.000,12.53,9.32,0.47,21.13,20.31,941,-24.87,6.0,0.389
2024-04-03T03:49:24.000,12.46,9.4,0.46,21.16,20.31,942,-24.7,6.0,0.389
2024-04-03T03:50:24.000,12.56,9.99,0.47,21.13,20.31,943,-24.54,6.0,0.389
2024-04-03T03:51:24.000,12.61,9.77,0.49,21.07,20.31,944,-24.37,6.0,0.389
2024-04-03T03:52:24.000,12.66,9.99,0.46,21.15,20.31,945,-24.2,6.0,0.389
2024-04-03T03:53:24.000,12.79,10.42,0.47,21.13,20.31,946,-24.03,6.0,0.389
2024-04-03T03:54:24.000,12.93,10.51,0.46,21.16,20.31,947,-23.87,6.0,0.389
2024-04-03T03:55:24.000,13.07,10.73,0.4,21.31,20.31,948,-23.7,7.0,0.388
2024-04-03T03:56:25.000,13.03,10.13,0.36,21.42,20.31,949,-23.53,7.0,0.388
2024-04-03T03:57:25.000,13.08,10.46,0.4,21.3,20.31,950,-23.36,7.0,0.388
2024-04-03T03:58:25.000,13.12,10.54,0.41,21.27,20.31,951,-23.19,7.0,0.388
2024-04-03T03:59:25.000,13.22,10.9,0.36,21.43,20.31,952,-23.02,7.0,0.388
2024-04-03T04:00:25.000,13.35,10.92,0.33,21.53,20.31,953,-22.85,7.0,0.388
2024-04-03T04:01:25.000,13.4,10.85,0.29,21.66,20.31,954,-22.68,7.0,0.388
2024-04-03T04:02:25.000,13.45,10.93,0.43,21.23,20.31,955,-22.51,7.0,0.388
2024-04-03T04:03:25.000,13.46,10.86,0.47,21.12,20.31,956,-22.34,8.0,0.388
2024-04-03T04:04:25.000,13.42,10.49,0.53,21.01,20.31,957,-22.17,8.0,0.388
2024-04-03T04:05:25.000,13.31,10.22,0.62,20.83,20.31,958,-22.0,8.0,0.388
2024-04-03T04:06:26.000,13.27,10.37,0.63,20.81,20.31,959,-21.82,8.0,0.388
2024-04-03T04:07:26.000,13.18,10.04,0.63,20.8,20.31,960,-21.65,8.0,0.388
2024-04-03T04:08:26.000,13.19,10.29,0.64,20.8,20.31,961,-21.48,8.0,0.387
2024-04-03T04:09:26.000,13.15,10.23,0.57,20.91,20.31,962,-21.3,8.0,0.387
2024-04-03T04:10:26.000,13.17,10.3,0.5,21.05,20.31,963,-21.13,9.0,0.387
2024-04-03T04:11:26.000,13.11,10.07,0.49,21.07,20.31,964,-20.96,9.0,0.387
2024-04-03T04:12:27.000,13.08,10.11,0.49,21.09,20.31,965,-20.78,9.0,0.387
2024-04-03T04:13:27.000,13.12,10.28,0.62,20.83,20.31,966,-20.61,9.0,0.387
2024-04-03T04:14:27.000,13.16,10.37,0.73,20.65,20.31,967,-20.43,9.0,0.387
2024-04-03T04:15:27.000,13.17,10.38,0.69,20.71,20.31,968,-20.26,9.0,0.387
2024-04-03T04:16:27.000,13.18,10.42,0.64,20.8,20.31,969,-20.09,9.0,0.387
2024-04-03T04:17:27.000,13.22,10.38,0.57,20.93,20.31,970,-19.91,9.0,0.387
2024-04-03T04:18:27.000,13.2,10.4,0.61,20.85,20.31,971,-19.74,10.0,0.387
2024-04-03T04:19:27.000,13.17,10.09,0.72,20.67,20.31,972,-19.56,10.0,0.387
2024-04-03T04:20:27.000,13.14,10.25,0.71,20.68,20.31,973,-19.38,10.0,0.387
2024-04-03T04:21:27.000,13.19,10.42,0.77,20.6,20.31,974,-19.21,10.0,0.386
2024-04-03T04:22:28.000,13.22,10.4,0.8,20.55,20.31,975,-19.03,10.0,0.386
2024-04-03T04:23:28.000,13.17,10.16,0.75,20.63,20.31,976,-18.85,10.0,0.386
2024-04-03T04:24:28.000,13.13,10.09,0.8,20.56,20.31,977,-18.68,10.0,0.386
2024-04-03T04:25:28.000,13.16,10.38,0.86,20.48,20.31,978,-18.5,11.0,0.386
2024-04-03T04:26:28.000,13.25,10.61,0.94,20.38,20.31,979,-18.32,11.0,0.386
2024-04-03T04:27:28.000,13.33,10.66,0.89,20.44,20.31,980,-18.14,11.0,0.386
2024-04-03T04:28:28.000,13.43,10.98,0.86,20.47,20.31,981,-17.97,11.0,0.386
2024-04-03T04:29:28.000,13.53,10.98,0.82,20.53,20.31,982,-17.79,11.0,0.386
2024-04-03T04:30:29.000,13.55,10.82,0.72,20.67,20.31,983,-17.61,11.0,0.386
2024-04-03T04:31:29.000,13.41,10.32,0.71,20.68,20.31,984,-17.43,11.0,0.386
2024-04-03T04:32:29.000,13.48,10.9,0.78,20.58,20.31,985,-17.25,11.0,0.386
2024-04-03T04:33:29.000,13.49,10.7,0.87,20.46,20.31,986,-17.07,12.0,0.386
2024-04-03T04:34:29.000,13.53,10.89,0.89,20.44,20.31,987,-16.89,12.0,0.385
2024-04-03T04:35:29.000,13.46,10.39,0.77,20.59,20.31,988,-16.71,12.0,0.385
2024-04-03T04:36:29.000,13.45,10.68,0.83,20.51,20.31,989,-16.53,12.0,0.385
2024-04-03T04:37:30.000,13.49,10.68,0.78,20.59,20.31,990,-16.35,12.0,0.385
2024-04-03T04:38:30.000,13.41,10.29,0.75,20.62,20.31,991,-16.17,12.0,0.385
