ecsv/stars795/stars795_2025-04.ecsv
# %ECSV 1.0
# ---
# datatype:
# - {name: time, datatype: string}
# - {name: Enclosure Temperature, unit: deg_C, datatype: float64}
# - {name: Sky Temperature, unit: deg_C, datatype: float64}
# - {name: Frequency, unit: Hz, datatype: float64}
# - {name: MSAS, unit: mag / arcsec2, datatype: float64}
# - {name: ZP, datatype: float64}
# - {name: Sequence Number, datatype: int64}
# - {name: Sun Alt, unit: deg, datatype: float64}
# - {name: Moon Alt, unit: deg, datatype: float64}
# - {name: Moon Illumination, datatype: float64}
# delimiter: ','
# meta: !!omap
# - ida:
#     Data supplier: {affiliation: Astrolizard Observatory, observer: null}
#     Device type: TESS-W
#     Field of view: 17.0
#     Filters per channel: None
#     Instrument ID: stars795
#     License: ODbL 1.0 http://opendatacommons.org/licenses/odbl/summary/
#     Local timezone: Europe/Madrid
#     Location name: {country: Spain, place: Astrolizard Observatory, region: Catalonia, sub_region: Garrotxa, town: 'Joanetes, Girona'}
#     Measurement direction per channel: {azimuth: 0.0, zenital: 0.0}
#     Moving / Fixed look direction: FIXED
#     Moving / Stationary position: STATIONARY
#     Number of channels: 1
#     Number of fields per line: 8
#     Number of header lines: 35
#     Position: {height: 0.0, latitude: 42.1249419, longitude: 2.4379616}
#     TESS MAC address: E8:DB:84:83:7C:98
#     TESS cover offset value: 0.0
#     TESS firmware version: '1.0'
#     TESS zero point: 2.0
#     Time Synchronization: timestamp added by MQTT subscriber
#     URL: http://www.darksky.org/NSBM/sdf1.0.pdf
# - __serialized_columns__:
#     Enclosure Temperature:
#       __class__: astropy.units.quantity.Quantity
#       unit: &id001 !astropy.units.Unit {unit: deg_C}
#       value: !astropy.table.SerializedColumn {name: Enclosure Temperature}
#     Frequency:
#       __class__: astropy.units.quantity.Quantity
#       unit: !astropy.units.Unit {unit: Hz}
#       value: !astropy.table.SerializedColumn {name: Frequency}
#     MSAS:
#       __class__: astropy.units.quantity.Quantity
#       unit: !astropy.units.Unit {unit: mag / arcsec2}
#       value: !astropy.table.SerializedColumn {name: MSAS}
#     Moon Alt:
#       __class__: astropy.units.quantity.Quantity
#       unit: &id002 !astropy.units.Unit {unit: deg}
#       value: !astropy.table.SerializedColumn {name: Moon Alt}
#     Sky Temperature:
#       __class__: astropy.units.quantity.Quantity
#       unit: *id001
#       value: !astropy.table.SerializedColumn {name: Sky Temperature}
#     Sun Alt:
#       __class__: astropy.units.quantity.Quantity
#       unit: *id002
#       value: !astropy.table.SerializedColumn {name: Sun Alt}
#     time:
#       __class__: astropy.time.core.Time
#       format: isot
#       in_subfmt: '*'
#       out_subfmt: '*'
#       precision: 3
#       scale: utc
#       value: !astropy.table.SerializedColumn {name: time}
# schema: astropy-2.0
time,Enclosure Temperature,Sky Temperature,Frequency,MSAS,ZP,Sequence Number,Sun Alt,Moon Alt,Moon Illumination
[from data line 5799]
2025-04-09T03:58:52.000,10.11,-7.93,0.82,20.42,2.0,93870,-14.98,-1.0,0.871
2025-04-09T03:59:52.000,10.16,-8.0,0.82,20.42,2.0,93871,-14.82,-1.0,0.871
2025-04-09T04:00:53.000,9.98,-8.44,0.83,20.41,2.0,93872,-14.64,-2.0,0.871
2025-04-09T04:01:53.000,9.88,-8.59,0.84,20.4,2.0,93873,-14.48,-2.0,0.871
2025-04-09T04:02:53.000,10.11,-8.3,0.85,20.38,2.0,93874,-14.31,-2.0,0.871
2025-04-09T04:03:53.000,10.26,-8.16,0.87,20.35,2.0,93875,-14.14,-2.0,0.871
2025-04-09T04:04:54.000,10.17,-8.27,0.89,20.33,2.0,93876,-13.97,-2.0,0.871
2025-04-09T04:05:54.000,9.95,-8.42,0.91,20.31,2.0,93877,-13.8,-2.0,0.871
2025-04-09T04:06:54.000,9.92,-8.46,0.94,20.27,2.0,93878,-13.63,-3.0,0.871
2025-04-09T04:07:54.000,10.12,-8.39,0.97,20.23,2.0,93879,-13.46,-3.0,0.871
2025-04-09T04:08:55.000,10.17,-8.16,1.02,20.18,2.0,93880,-13.28,-3.0,0.871
2025-04-09T04:09:55.000,10.09,-8.2,1.06,20.14,2.0,93881,-13.11,-3.0,0.871
2025-04-09T04:10:55.000,9.96,-8.21,1.13,20.07,2.0,93882,-12.94,-3.0,0.871
2025-04-09T04:11:55.000,10.1,-8.02,1.19,20.01,2.0,93883,-12.77,-4.0,0.871
2025-04-09T04:12:56.000,10.21,-7.9,1.27,19.95,2.0,93884,-12.6,-4.0,0.871
2025-04-09T04:13:56.000,10.13,-8.25,1.36,19.86,2.0,93885,-12.43,-4.0,0.871
2025-04-09T04:14:56.000,9.89,-8.67,1.48,19.77,2.0,93886,-12.26,-4.0,0.871
2025-04-09T04:15:56.000,9.89,-8.77,1.61,19.68,2.0,93887,-12.08,-4.0,0.871
2025-04-09T04:16:57.000,10.13,-8.45,1.78,19.58,2.0,93888,-11.91,-4.0,0.871
2025-04-09T04:17:57.000,10.27,-8.01,1.96,19.47,2.0,93889,-11.74,-5.0,0.871
2025-04-09T04:18:57.000,10.2,-8.0,2.17,19.36,2.0,93890,-11.56,-5.0,0.871
2025-04-09T04:19:57.000,9.98,-8.3,2.46,19.22,2.0,93891,-11.39,-5.0,0.871
2025-04-09T04:20:58.000,9.87,-8.26,2.8,19.08,2.0,93892,-11.22,-5.0,0.872
2025-04-09T04:21:58.000,10.09,-8.13,3.22,18.93,2.0,93893,-11.04,-5.0,0.872
2025-04-09T04:22:58.000,10.15,-8.06,3.64,18.8,2.0,93894,-10.87,-5.0,0.872
2025-04-09T04:23:58.000,9.99,-8.14,4.16,18.65,2.0,93895,-10.7,-6.0,0.872
2025-04-09T04:24:59.000,9.94,-8.35,4.85,18.49,2.0,93896,-10.52,-6.0,0.872
2025-04-09T04:25:59.000,10.14,-8.04,5.74,18.3,2.0,93897,-10.34,-6.0,0.872
2025-04-09T04:26:59.000,10.22,-7.81,6.86,18.11,2.0,93898,-10.17,-6.0,0.872
2025-04-09T04:27:59.000,10.11,-7.87,7.95,17.95,2.0,93899,-10.0,-6.0,0.872
2025-04-09T04:29:00.000,9.97,-7.77,9.17,17.8,2.0,93900,-9.82,-7.0,0.872
2025-04-09T04:30:00.000,10.06,-7.79,10.77,17.62,2.0,93901,-9.64,-7.0,0.872
2025-04-09T04:31:00.000,10.1,-7.96,12.42,17.47,2.0,93902,-9.47,-7.0,0.872
2025-04-09T04:32:01.000,9.96,-8.23,14.24,17.32,2.0,93903,-9.29,-7.0,0.872
2025-04-09T04:33:01.000,9.96,-8.29,16.22,17.18,2.0,93904,-9.12,-7.0,0.872
2025-04-09T04:34:01.000,10.04,-8.69,18.64,17.02,2.0,93905,-8.94,-7.0,0.872
2025-04-09T04:35:02.000,9.97,-8.62,21.68,16.86,2.0,93906,-8.76,-8.0,0.872
2025-04-09T04:36:02.000,10.05,-8.57,25.75,16.67,2.0,93907,-8.59,-8.0,0.872
2025-04-09T04:37:02.000,10.08,-8.31,30.78,16.48,2.0,93908,-8.41,-8.0,0.872
2025-04-09T04:38:02.000,9.96,-8.69,37.13,16.28,2.0,93909,-8.23,-8.0,0.872
2025-04-09T04:39:03.000,9.89,-9.06,45.05,16.07,2.0,93910,-8.05,-8.0,0.872
2025-04-09T04:40:03.000,10.04,-8.95,55.16,15.85,2.0,93911,-7.88,-8.0,0.872
2025-04-09T04:41:03.000,10.12,-8.75,67.78,15.62,2.0,93912,-7.7,-9.0,0.872
2025-04-09T04:42:03.000,9.91,-8.99,82.77,15.41,2.0,93913,-7.52,-9.0,0.872
2025-04-09T04:43:04.000,9.86,-8.87,101.46,15.19,2.0,93914,-7.34,-9.0,0.873
2025-04-09T04:44:04.000,10.01,-9.74,127.08,14.94,2.0,93915,-7.17,-9.0,0.873
2025-04-09T04:45:04.000,9.94,-9.33,158.92,14.7,2.0,93916,-6.99,-9.0,0.873
2025-04-09T04:46:04.000,10.13,-8.83,196.09,14.47,2.0,93917,-6.81,-9.0,0.873
2025-04-09T04:47:05.000,10.13,-8.8,243.47,14.24,2.0,93918,-6.63,-10.0,0.873
2025-04-09T04:48:05.000,9.94,-9.05,303.15,14.0,2.0,93919,-6.45,-10.0,0.873
2025-04-09T04:49:05.000,9.87,-9.18,378.18,13.76,2.0,93920,-6.27,-10.0,0.873
2025-04-09T04:50:05.000,10.15,-8.48,471.89,13.52,2.0,93921,-6.1,-10.0,0.873
2025-04-09T04:51:06.000,10.28,-8.43,591.02,13.27,2.0,93922,-5.91,-10.0,0.873
2025-04-09T04:52:06.000,10.16,-8.83,742.29,13.03,2.0,93923,-5.74,-10.0,0.873
2025-04-09T04:53:06.000,9.85,-9.28,929.36,12.78,2.0,93924,-5.56,-11.0,0.873
2025-04-09T04:54:06.000,9.8,-9.18,1160.36,12.54,2.0,93925,-5.38,-11.0,0.873
2025-04-09T04:55:07.000,10.07,-8.68,1454.33,12.3,2.0,93926,-5.2,-11.0,0.873
2025-04-09T04:56:07.000,10.21,-8.58,1833.33,12.04,2.0,93927,-5.02,-11.0,0.873
2025-04-09T04:57:07.000,10.08,-8.85,2293.67,11.8,2.0,93928,-4.84,-11.0,0.873
2025-04-09T04:58:07.000,9.83,-9.31,2841.1,11.57,2.0,93929,-4.66,-11.0,0.873
2025-04-09T04:59:08.000,9.91,-9.18,3517.67,11.34,2.0,93930,-4.48,-12.0,0.873
2025-04-09T05:00:08.000,10.16,-8.76,4337.78,11.11,2.0,93931,-4.3,-12.0,0.873
2025-04-09T05:01:08.000,10.27,-8.44,5323.53,10.89,2.0,93932,-4.12,-12.0,0.873
2025-04-09T05:02:08.000,10.2,-8.53,6540.27,10.66,2.0,93933,-3.94,-12.0,0.873
2025-04-09T05:03:09.000,10.04,-8.45,8037.46,10.44,2.0,93934,-3.75,-12.0,0.873
2025-04-09T05:04:09.000,9.98,-8.43,9867.27,10.22,2.0,93935,-3.57,-12.0,0.873
2025-04-09T05:05:09.000,10.03,-8.76,12080.78,10.0,2.0,93936,-3.39,-13.0,0.874
2025-04-09T05:06:09.000,9.91,-8.67,14706.7,9.78,2.0,93937,-3.21,-13.0,0.874
2025-04-09T05:07:10.000,9.72,-8.72,17814.31,9.57,2.0,93938,-3.03,-13.0,0.874
2025-04-09T05:08:10.000,9.46,-9.04,21454.62,9.37,2.0,93939,-2.85,-13.0,0.874
2025-04-09T05:09:10.000,9.18,-9.01,25103.97,9.34,2.0,93940,-2.67,-13.0,0.874
2025-04-09T05:10:10.000,8.96,-8.93,30508.38,8.99,2.0,93941,-2.49,-13.0,0.874
2025-04-09T05:11:11.000,8.72,-9.04,36075.33,8.81,2.0,93942,-2.3,-14.0,0.874
2025-04-09T05:12:11.000,8.54,-8.93,42521.64,8.63,2.0,93943,-2.12,-14.0,0.874
2025-04-09T05:13:11.000,8.35,-8.99,50215.8,8.45,2.0,93944,-1.94,-14.0,0.874
2025-04-09T05:14:11.000,8.17,-8.99,59202.33,8.27,2.0,93945,-1.76,-14.0,0.874
2025-04-09T05:15:12.000,8.03,-8.9,51767.64,1.0,2.0,93946,-1.57,-14.0,0.874
2025-04-09T05:16:12.000,7.94,-8.87,50000.0,0.0,2.0,93947,-1.39,-14.0,0.874
2025-04-09T05:17:12.000,7.84,-8.96,50000.0,0.0,2.0,93948,-1.21,-15.0,0.874
2025-04-09T05:18:12.000,7.73,-9.1,50000.0,0.0,2.0,93949,-1.03,-15.0,0.874
2025-04-09T17:48:40.000,17.75,12.35,50000.0,0.0,2.0,94696,5.82,27.0,0.906
2025-04-09T17:49:41.000,17.72,12.4,50000.0,0.0,2.0,94697,5.63,28.0,0.906
2025-04-09T17:50:41.000,17.73,12.38,50000.0,0.0,2.0,94698,5.45,28.0,0.906
2025-04-09T17:51:41.000,17.68,12.27,47313.32,0.9,2.0,94699,5.26,28.0,0.906
2025-04-09T17:52:41.000,17.66,12.49,50000.0,0.0,2.0,94700,5.08,28.0,0.906
2025-04-09T17:53:42.000,17.67,12.45,48901.54,0.38,2.0,94701,4.89,28.0,0.906
2025-04-09T17:54:42.000,17.71,12.63,49444.69,0.19,2.0,94702,4.71,28.0,0.906
2025-04-09T17:55:42.000,17.75,12.57,50000.0,0.0,2.0,94703,4.52,29.0,0.906
2025-04-09T17:56:42.000,17.72,12.4,50000.0,0.0,2.0,94704,4.34,29.0,0.906
2025-04-09T17:57:43.000,17.66,12.47,50000.0,0.0,2.0,94705,4.15,29.0,0.906
2025-04-09T18:01:44.000,17.42,11.62,50000.0,0.0,2.0,94709,3.41,30.0,0.906
2025-04-09T18:02:44.000,17.29,11.22,50000.0,0.0,2.0,94710,3.23,30.0,0.906
2025-04-09T18:03:44.000,17.18,10.85,50000.0,0.0,2.0,94711,3.05,30.0,0.906
2025-04-09T18:04:44.000,17.02,11.17,49727.0,0.09,2.0,94712,2.86,30.0,0.906
2025-04-09T18:05:45.000,16.93,12.61,50000.0,0.0,2.0,94713,2.68,30.0,0.906
2025-04-09T18:06:45.000,16.81,12.48,50000.0,0.0,2.0,94714,2.49,30.0,0.906
2025-04-09T18:07:45.000,16.54,12.16,50000.0,0.0,2.0,94715,2.31,31.0,0.907
2025-04-09T18:12:46.000,16.35,14.57,50000.0,0.0,2.0,94720,1.39,31.0,0.907
2025-04-09T18:13:47.000,16.4,14.91,50000.0,0.0,2.0,94721,1.2,32.0,0.907
2025-04-09T18:14:47.000,16.46,14.92,50000.0,0.0,2.0,94722,1.02,32.0,0.907
2025-04-09T18:15:47.000,16.47,14.91,53691.51,2.18,2.0,94723,0.84,32.0,0.907
2025-04-09T18:16:47.000,16.39,14.43,58054.16,8.29,2.0,94724,0.66,32.0,0.907
2025-04-09T18:17:48.000,16.32,14.53,49165.55,8.47,2.0,94725,0.47,32.0,0.907
2025-04-09T18:18:48.000,16.34,14.82,41254.09,8.66,2.0,94726,0.29,32.0,0.907
2025-04-09T18:19:48.000,16.41,15.01,34600.51,8.85,2.0,94727,0.11,33.0,0.907
2025-04-09T18:20:48.000,16.46,14.82,29748.09,9.02,2.0,94728,-0.07,33.0,0.907
2025-04-09T18:21:49.000,16.44,14.76,25610.95,9.33,2.0,94729,-0.26,33.0,0.907
2025-04-09T18:22:49.000,16.45,14.89,23767.26,9.26,2.0,94730,-0.44,33.0,0.907
2025-04-09T18:23:49.000,16.5,14.95,22500.11,9.32,2.0,94731,-0.62,33.0,0.907
2025-04-09T18:24:49.000,16.51,14.98,22200.52,9.33,2.0,94732,-0.81,33.0,0.907
2025-04-09T18:25:50.000,16.54,14.92,22683.69,9.31,2.0,94733,-0.99,34.0,0.907
2025-04-09T18:26:50.000,16.5,14.66,24818.8,9.21,2.0,94734,-1.17,34.0,0.907
2025-04-09T18:27:50.000,16.43,14.54,27383.92,9.33,2.0,94735,-1.35,34.0,0.907
2025-04-09T18:28:50.000,16.37,14.32,30914.11,8.97,2.0,94736,-1.53,34.0,0.907
2025-04-09T18:29:51.000,16.28,14.08,30200.58,9.0,2.0,94737,-1.72,34.0,0.907
2025-04-09T18:30:51.000,16.13,13.7,26690.83,9.14,2.0,94738,-1.9,34.0,0.907
2025-04-09T18:31:51.000,16.03,13.75,22668.69,9.31,2.0,94739,-2.08,35.0,0.907
2025-04-09T18:32:51.000,15.99,13.64,19586.51,9.47,2.0,94740,-2.26,35.0,0.908
2025-04-09T18:33:52.000,16.01,13.83,18417.16,9.54,2.0,94741,-2.44,35.0,0.908
2025-04-09T18:34:52.000,16.04,13.58,19224.02,9.49,2.0,94742,-2.62,35.0,0.908
2025-04-09T18:35:52.000,16.07,13.3,20034.47,9.45,2.0,94743,-2.81,35.0,0.908
2025-04-09T18:36:52.000,16.11,12.78,18992.74,9.5,2.0,94744,-2.99,35.0,0.908
2025-04-09T18:37:53.000,16.12,12.56,15997.07,9.69,2.0,94745,-3.17,36.0,0.908
2025-04-09T18:38:53.000,16.11,12.25,12757.38,9.94,2.0,94746,-3.35,36.0,0.908
2025-04-09T18:39:53.000,16.1,12.38,9936.04,10.21,2.0,94747,-3.53,36.0,0.908
2025-04-09T18:40:53.000,16.11,12.67,7573.03,10.51,2.0,94748,-3.71,36.0,0.908
2025-04-09T18:41:54.000,16.16,13.08,5700.27,10.81,2.0,94749,-3.89,36.0,0.908
2025-04-09T18:42:54.000,16.2,13.05,4327.35,11.11,2.0,94750,-4.07,36.0,0.908
2025-04-09T18:43:54.000,16.17,12.87,3348.27,11.39,2.0,94751,-4.25,37.0,0.908
2025-04-09T18:44:54.000,16.07,12.48,2617.71,11.66,2.0,94752,-4.43,37.0,0.908
2025-04-09T18:45:55.000,15.96,12.38,2065.27,11.91,2.0,94753,-4.61,37.0,0.908
2025-04-09T18:46:55.000,15.95,12.62,1648.38,12.16,2.0,94754,-4.79,37.0,0.908
2025-04-09T18:47:55.000,15.93,12.31,1303.64,12.41,2.0,94755,-4.97,37.0,0.908
2025-04-09T18:48:55.000,15.93,12.62,1018.43,12.68,2.0,94756,-5.15,37.0,0.908
2025-04-09T18:49:56.000,15.88,12.2,791.64,12.96,2.0,94757,-5.33,37.0,0.908
2025-04-09T18:50:56.000,15.89,12.7,613.58,13.23,2.0,94758,-5.51,38.0,0.908
2025-04-09T18:51:56.000,16.01,12.97,474.31,13.51,2.0,94759,-5.69,38.0,0.908
2025-04-09T18:52:56.000,16.11,12.79,359.42,13.81,2.0,94760,-5.86,38.0,0.908
2025-04-09T18:53:57.000,16.13,12.64,266.22,14.14,2.0,94761,-6.04,38.0,0.908
2025-04-09T18:54:57.000,16.14,12.63,195.24,14.48,2.0,94762,-6.22,38.0,0.908
2025-04-09T18:55:57.000,16.13,12.55,147.1,14.78,2.0,94763,-6.4,38.0,0.908
2025-04-09T18:56:57.000,16.18,12.65,113.15,15.07,2.0,94764,-6.58,39.0,0.908
2025-04-09T18:57:58.000,16.22,12.77,89.96,15.32,2.0,94765,-6.76,39.0,0.908
2025-04-09T18:58:58.000,16.26,12.63,72.75,15.55,2.0,94766,-6.93,39.0,0.909
2025-04-09T18:59:58.000,16.26,12.4,59.17,15.77,2.0,94767,-7.11,39.0,0.909
2025-04-09T19:00:58.000,16.28,12.33,49.1,15.97,2.0,94768,-7.29,39.0,0.909
2025-04-09T19:01:59.000,16.32,12.23,44.52,16.08,2.0,94769,-7.47,39.0,0.909
2025-04-09T19:02:59.000,16.34,12.33,40.63,16.18,2.0,94770,-7.64,39.0,0.909
2025-04-09T19:03:59.000,16.39,12.42,37.25,16.27,2.0,94771,-7.82,40.0,0.909
2025-04-09T19:05:00.000,16.42,12.39,33.37,16.39,2.0,94772,-8.0,40.0,0.909
2025-04-09T19:06:00.000,16.45,12.36,29.48,16.53,2.0,94773,-8.17,40.0,0.909
2025-04-09T19:07:00.000,16.4,12.06,25.61,16.68,2.0,94774,-8.35,40.0,0.909
2025-04-09T19:08:00.000,16.35,12.24,23.07,16.79,2.0,94775,-8.53,40.0,0.909
2025-04-09T19:09:01.000,16.36,12.28,21.58,16.87,2.0,94776,-8.7,40.0,0.909
2025-04-09T19:10:01.000,16.34,12.15,20.46,16.92,2.0,94777,-8.88,40.0,0.909
2025-04-09T19:11:02.000,16.33,12.29,19.79,16.96,2.0,94778,-9.06,41.0,0.909
2025-04-09T19:12:02.000,16.35,12.27,19.75,16.96,2.0,94779,-9.23,41.0,0.909
2025-04-09T19:13:02.000,16.35,12.23,18.89,17.01,2.0,94780,-9.41,41.0,0.909
2025-04-09T19:14:02.000,16.35,12.16,17.0,17.12,2.0,94781,-9.58,41.0,0.909
2025-04-09T19:15:03.000,16.36,12.29,15.8,17.2,2.0,94782,-9.76,41.0,0.909
2025-04-09T19:16:03.000,16.4,12.16,14.82,17.27,2.0,94783,-9.93,41.0,0.909
2025-04-09T19:17:04.000,16.42,12.34,14.15,17.32,2.0,94784,-10.11,41.0,0.909
2025-04-09T19:18:04.000,16.5,12.35,13.85,17.35,2.0,94785,-10.28,42.0,0.909
2025-04-09T19:19:04.000,16.56,12.35,14.04,17.33,2.0,94786,-10.45,42.0,0.909
2025-04-09T19:20:04.000,16.58,12.28,13.99,17.34,2.0,94787,-10.63,42.0,0.909
2025-04-09T19:21:05.000,16.59,12.26,14.06,17.33,2.0,94788,-10.8,42.0,0.909
2025-04-09T19:22:05.000,16.58,12.19,14.31,17.31,2.0,94789,-10.98,42.0,0.909
2025-04-09T19:23:05.000,16.56,12.12,14.68,17.28,2.0,94790,-11.15,42.0,0.909
2025-04-09T19:24:05.000,16.48,11.95,15.21,17.24,2.0,94791,-11.32,42.0,0.909
2025-04-09T19:25:06.000,16.4,12.01,15.25,17.24,2.0,94792,-11.5,43.0,0.91
2025-04-09T19:26:06.000,16.36,12.11,14.77,17.28,2.0,94793,-11.67,43.0,0.91
2025-04-09T19:27:07.000,16.36,12.08,14.53,17.29,2.0,94794,-11.84,43.0,0.91
2025-04-09T19:28:07.000,16.29,11.9,14.36,17.31,2.0,94795,-12.01,43.0,0.91
2025-04-09T19:29:07.000,16.23,11.85,14.36,17.31,2.0,94796,-12.18,43.0,0.91
2025-04-09T19:30:07.000,16.19,11.87,14.66,17.28,2.0,94797,-12.35,43.0,0.91
2025-04-09T19:31:08.000,16.11,11.74,14.82,17.27,2.0,94798,-12.53,43.0,0.91
2025-04-09T19:32:08.000,16.05,11.82,14.71,17.28,2.0,94799,-12.7,44.0,0.91
2025-04-09T19:33:09.000,16.03,11.9,14.39,17.31,2.0,94800,-12.87,44.0,0.91
2025-04-09T19:34:09.000,16.02,11.84,14.07,17.33,2.0,94801,-13.04,44.0,0.91
2025-04-09T19:35:09.000,16.01,11.88,13.6,17.37,2.0,94802,-13.21,44.0,0.91
2025-04-09T19:36:09.000,15.99,11.92,13.0,17.42,2.0,94803,-13.38,44.0,0.91
2025-04-09T19:37:10.000,15.97,11.93,12.06,17.5,2.0,94804,-13.55,44.0,0.91
2025-04-09T19:38:10.000,15.95,11.99,11.89,17.51,2.0,94805,-13.72,44.0,0.91
2025-04-09T19:39:10.000,15.97,12.12,12.18,17.49,2.0,94806,-13.89,45.0,0.91
2025-04-09T19:40:10.000,15.97,12.09,11.11,17.59,2.0,94807,-14.06,45.0,0.91
2025-04-09T19:41:11.000,15.98,11.98,10.49,17.65,2.0,94808,-14.23,45.0,0.91
2025-04-09T19:42:11.000,15.94,12.0,10.3,17.67,2.0,94809,-14.4,45.0,0.91
2025-04-09T19:43:12.000,15.96,12.15,10.12,17.69,2.0,94810,-14.57,45.0,0.91
2025-04-09T19:44:12.000,15.97,11.97,10.24,17.68,2.0,94811,-14.74,45.0,0.91
2025-04-09T19:45:12.000,15.96,12.11,10.12,17.69,2.0,94812,-14.9,45.0,0.91
2025-04-09T19:46:12.000,15.96,12.05,10.13,17.69,2.0,94813,-15.07,45.0,0.91
2025-04-09T19:47:13.000,16.01,12.28,9.97,17.7,2.0,94814,-15.24,46.0,0.91
2025-04-09T19:48:13.000,16.07,12.13,9.58,17.75,2.0,94815,-15.41,46.0,0.91
2025-04-09T19:49:13.000,16.03,12.02,9.57,17.75,2.0,94816,-15.57,46.0,0.91
2025-04-09T19:50:13.000,16.02,12.13,9.8,17.72,2.0,94817,-15.74,46.0,0.911
2025-04-09T19:51:14.000,16.01,11.96,10.04,17.7,2.0,94818,-15.91,46.0,0.911
2025-04-09T19:52:14.000,15.98,12.09,9.89,17.71,2.0,94819,-16.07,46.0,0.911
2025-04-09T19:53:15.000,15.97,12.04,11.47,17.55,2.0,94820,-16.24,46.0,0.911
2025-04-09T19:54:15.000,15.96,11.99,12.82,17.43,2.0,94821,-16.4,46.0,0.911
2025-04-09T19:55:15.000,15.95,12.05,12.79,17.43,2.0,94822,-16.57,47.0,0.911
2025-04-09T19:56:15.000,15.94,11.91,12.58,17.45,2.0,94823,-16.73,47.0,0.911
2025-04-09T19:57:16.000,15.89,11.93,11.3,17.57,2.0,94824,-16.9,47.0,0.911
2025-04-09T19:58:16.000,15.87,11.95,10.42,17.66,2.0,94825,-17.06,47.0,0.911
2025-04-09T19:59:17.000,15.87,12.0,10.17,17.68,2.0,94826,-17.23,47.0,0.911
2025-04-09T20:00:17.000,15.91,12.18,10.06,17.69,2.0,94827,-17.39,47.0,0.911
2025-04-09T20:01:17.000,15.98,12.23,10.29,17.67,2.0,94828,-17.55,47.0,0.911
2025-04-09T20:02:17.000,16.01,12.04,10.28,17.67,2.0,94829,-17.72,47.0,0.911
2025-04-09T20:03:18.000,16.0,11.96,10.18,17.68,2.0,94830,-17.88,47.0,0.911
2025-04-09T20:04:18.000,15.98,12.07,10.26,17.67,2.0,94831,-18.04,48.0,0.911
2025-04-09T20:05:18.000,16.01,12.05,10.23,17.68,2.0,94832,-18.2,48.0,0.911
2025-04-09T20:06:19.000,16.02,12.09,10.2,17.68,2.0,94833,-18.37,48.0,0.911
2025-04-09T20:07:19.000,16.01,11.99,10.14,17.69,2.0,94834,-18.53,48.0,0.911
