ecsv/stars795/stars795_2024-04.ecsv
# %ECSV 1.0
# ---
# datatype:
# - {name: time, datatype: string}
# - {name: Enclosure Temperature, unit: deg_C, datatype: float64}
# - {name: Sky Temperature, unit: deg_C, datatype: float64}
# - {name: Frequency, unit: Hz, datatype: float64}
# - {name: MSAS, unit: mag / arcsec2, datatype: float64}
# - {name: ZP, datatype: float64}
# - {name: Sequence Number, datatype: int64}
# - {name: Sun Alt, unit: deg, datatype: float64}
# - {name: Moon Alt, unit: deg, datatype: float64}
# - {name: Moon Illumination, datatype: float64}
# delimiter: ','
# meta: !!omap
# - ida:
#     Data supplier: {affiliation: Astrolizard Observatory, observer: null}
#     Device type: TESS-W
#     Field of view: 17.0
#     Filters per channel: None
#     Instrument ID: stars795
#     License: ODbL 1.0 http://opendatacommons.org/licenses/odbl/summary/
#     Local timezone: Europe/Madrid
#     Location name: {country: '- Astrolizard Observatory', place: 'Joanetes, Girona', region: Spain, sub_region: Catalonia, town: Garrotxa}
#     Measurement direction per channel: {azimuth: 0.0, zenital: 0.0}
#     Moving / Fixed look direction: FIXED
#     Moving / Stationary position: STATIONARY
#     Number of channels: 1
#     Number of fields per line: 8
#     Number of header lines: 35
#     Position: {height: 0.0, latitude: 42.1249419, longitude: 2.4379616}
#     TESS MAC address: E8:DB:84:83:7C:98
#     TESS cover offset value: 0.0
#     TESS firmware version: '1.0'
#     TESS zero point: 2.0
#     Time Synchronization: timestamp added by MQTT subscriber
#     URL: http://www.darksky.org/NSBM/sdf1.0.pdf
# - __serialized_columns__:
#     Enclosure Temperature:
#       __class__: astropy.units.quantity.Quantity
#       unit: &id001 !astropy.units.Unit {unit: deg_C}
#       value: !astropy.table.SerializedColumn {name: Enclosure Temperature}
#     Frequency:
#       __class__: astropy.units.quantity.Quantity
#       unit: !astropy.units.Unit {unit: Hz}
#       value: !astropy.table.SerializedColumn {name: Frequency}
#     MSAS:
#       __class__: astropy.units.quantity.Quantity
#       unit: !astropy.units.Unit {unit: mag / arcsec2}
#       value: !astropy.table.SerializedColumn {name: MSAS}
#     Moon Alt:
#       __class__: astropy.units.quantity.Quantity
#       unit: &id002 !astropy.units.Unit {unit: deg}
#       value: !astropy.table.SerializedColumn {name: Moon Alt}
#     Sky Temperature:
#       __class__: astropy.units.quantity.Quantity
#       unit: *id001
#       value: !astropy.table.SerializedColumn {name: Sky Temperature}
#     Sun Alt:
#       __class__: astropy.units.quantity.Quantity
#       unit: *id002
#       value: !astropy.table.SerializedColumn {name: Sun Alt}
#     time:
#       __class__: astropy.time.core.Time
#       format: isot
#       in_subfmt: '*'
#       out_subfmt: '*'
#       precision: 3
#       scale: utc
#       value: !astropy.table.SerializedColumn {name: time}
# schema: astropy-2.0
time,Enclosure Temperature,Sky Temperature,Frequency,MSAS,ZP,Sequence Number,Sun Alt,Moon Alt,Moon Illumination
[from data line 14642]
2024-04-25T02:31:51.000,9.99,-2.93,15.56,17.22,2.0,3701,-23.01,21.0,0.987
2024-04-25T02:32:51.000,10.12,-3.93,14.01,17.33,2.0,3702,-22.88,21.0,0.987
2024-04-25T02:33:51.000,10.14,-4.57,13.04,17.41,2.0,3703,-22.76,21.0,0.987
2024-04-25T02:34:51.000,10.03,-4.61,12.21,17.48,2.0,3704,-22.63,21.0,0.987
2024-04-25T02:35:52.000,9.98,-4.27,11.56,17.54,2.0,3705,-22.49,21.0,0.987
2024-04-25T02:36:52.000,10.14,-3.22,12.92,17.42,2.0,3706,-22.36,21.0,0.987
2024-04-25T02:37:52.000,10.23,-2.59,12.55,17.45,2.0,3707,-22.23,21.0,0.987
2024-04-25T02:38:52.000,10.11,-2.71,11.31,17.57,2.0,3708,-22.1,21.0,0.987
2024-04-25T02:39:53.000,9.98,-2.86,10.73,17.62,2.0,3709,-21.96,21.0,0.987
2024-04-25T02:40:53.000,10.13,-3.22,10.62,17.63,2.0,3710,-21.83,21.0,0.987
2024-04-25T02:41:53.000,10.17,-4.09,11.32,17.57,2.0,3711,-21.7,21.0,0.987
2024-04-25T02:42:53.000,10.01,-5.31,10.15,17.68,2.0,3712,-21.56,20.0,0.987
2024-04-25T02:43:54.000,9.95,-6.73,10.44,17.65,2.0,3713,-21.43,20.0,0.987
2024-04-25T02:44:54.000,10.14,-7.64,8.54,17.87,2.0,3714,-21.29,20.0,0.987
2024-04-25T02:45:54.000,10.16,-7.58,7.41,18.03,2.0,3715,-21.16,20.0,0.987
2024-04-25T02:46:54.000,10.02,-6.79,7.67,17.99,2.0,3716,-21.02,20.0,0.987
2024-04-25T02:47:55.000,10.0,-5.57,9.26,17.79,2.0,3717,-20.88,20.0,0.987
2024-04-25T02:48:55.000,10.14,-4.57,11.69,17.53,2.0,3718,-20.75,20.0,0.987
2024-04-25T02:49:56.000,10.04,-4.31,11.51,17.55,2.0,3719,-20.61,20.0,0.987
2024-04-25T02:50:56.000,10.0,-3.86,11.4,17.56,2.0,3720,-20.47,20.0,0.987
2024-04-25T02:51:56.000,10.16,-3.58,11.05,17.59,2.0,3721,-20.33,19.0,0.987
2024-04-25T02:52:56.000,10.14,-3.57,10.5,17.65,2.0,3722,-20.19,19.0,0.987
2024-04-25T02:53:57.000,10.02,-3.58,10.55,17.64,2.0,3723,-20.05,19.0,0.987
2024-04-25T02:54:57.000,9.98,-3.81,8.85,17.83,2.0,3724,-19.91,19.0,0.987
2024-04-25T02:55:57.000,10.1,-3.53,9.44,17.76,2.0,3725,-19.77,19.0,0.987
2024-04-25T02:56:57.000,10.02,-2.81,11.7,17.53,2.0,3726,-19.63,19.0,0.987
2024-04-25T02:57:58.000,9.99,-1.87,12.41,17.47,2.0,3727,-19.49,19.0,0.987
2024-04-25T02:58:58.000,10.16,-0.82,12.36,17.47,2.0,3728,-19.34,19.0,0.987
2024-04-25T02:59:58.000,10.2,0.29,14.22,17.32,2.0,3729,-19.2,19.0,0.987
2024-04-25T03:00:58.000,10.16,0.75,16.06,17.19,2.0,3730,-19.06,19.0,0.987
2024-04-25T03:01:59.000,10.07,0.93,14.43,17.3,2.0,3731,-18.92,18.0,0.987
2024-04-25T03:02:59.000,10.01,0.72,13.49,17.38,2.0,3732,-18.77,18.0,0.987
2024-04-25T03:03:59.000,10.05,-0.02,11.62,17.54,2.0,3733,-18.63,18.0,0.987
2024-04-25T03:04:59.000,10.1,-0.98,10.29,17.67,2.0,3734,-18.48,18.0,0.987
2024-04-25T03:06:00.000,10.0,-2.28,8.55,17.87,2.0,3735,-18.34,18.0,0.987
2024-04-25T03:07:00.000,9.97,-2.8,8.27,17.91,2.0,3736,-18.19,18.0,0.987
2024-04-25T03:08:00.000,10.14,-2.86,8.87,17.83,2.0,3737,-18.05,18.0,0.987
2024-04-25T03:09:00.000,10.06,-2.89,10.17,17.68,2.0,3738,-17.9,18.0,0.987
2024-04-25T03:10:01.000,9.95,-2.46,9.4,17.77,2.0,3739,-17.75,18.0,0.987
2024-04-25T03:11:01.000,10.12,-1.82,10.11,17.69,2.0,3740,-17.61,17.0,0.987
2024-04-25T03:12:01.000,10.18,-1.17,10.2,17.68,2.0,3741,-17.46,17.0,0.987
2024-04-25T03:13:01.000,10.12,-0.74,11.39,17.56,2.0,3742,-17.31,17.0,0.987
2024-04-25T03:14:02.000,9.99,-0.5,11.95,17.51,2.0,3743,-17.16,17.0,0.987
2024-04-25T03:15:02.000,10.07,-0.67,10.78,17.62,2.0,3744,-17.01,17.0,0.987
2024-04-25T03:16:02.000,10.13,-0.94,9.68,17.74,2.0,3745,-16.87,17.0,0.987
2024-04-25T03:17:02.000,10.04,-1.2,10.34,17.66,2.0,3746,-16.72,17.0,0.987
2024-04-25T03:18:03.000,9.97,-1.29,12.2,17.49,2.0,3747,-16.57,17.0,0.987
2024-04-25T03:19:03.000,10.08,-1.08,13.45,17.38,2.0,3748,-16.42,16.0,0.987
2024-04-25T03:20:03.000,10.01,-0.86,14.35,17.31,2.0,3749,-16.27,16.0,0.987
2024-04-25T03:21:03.000,9.93,-0.99,14.85,17.27,2.0,3750,-16.12,16.0,0.987
2024-04-25T03:22:04.000,10.08,-1.33,14.65,17.29,2.0,3751,-15.96,16.0,0.987
2024-04-25T03:23:04.000,10.06,-1.48,14.55,17.29,2.0,3752,-15.81,16.0,0.987
2024-04-25T03:24:05.000,9.98,-1.38,14.39,17.3,2.0,3753,-15.66,16.0,0.987
2024-04-25T03:25:05.000,10.1,-1.11,13.15,17.4,2.0,3754,-15.5,16.0,0.987
2024-04-25T03:26:05.000,10.14,-0.6,11.8,17.52,2.0,3755,-15.35,16.0,0.987
2024-04-25T03:27:05.000,10.02,-0.18,11.14,17.58,2.0,3756,-15.2,15.0,0.987
2024-04-25T03:28:05.000,9.94,-0.19,10.34,17.66,2.0,3757,-15.05,15.0,0.987
2024-04-25T03:29:06.000,10.08,-0.11,10.37,17.66,2.0,3758,-14.89,15.0,0.987
2024-04-25T03:30:06.000,10.1,0.2,10.33,17.67,2.0,3759,-14.74,15.0,0.987
2024-04-25T03:31:06.000,10.01,0.83,10.27,17.67,2.0,3760,-14.58,15.0,0.987
2024-04-25T03:32:07.000,10.02,1.03,10.1,17.69,2.0,3761,-14.43,15.0,0.986
2024-04-25T03:33:07.000,10.12,1.22,10.04,17.7,2.0,3762,-14.27,15.0,0.986
2024-04-25T03:34:07.000,10.06,1.21,10.04,17.7,2.0,3763,-14.12,15.0,0.986
2024-04-25T03:35:07.000,9.98,1.04,9.19,17.79,2.0,3764,-13.96,14.0,0.986
2024-04-25T03:36:08.000,10.09,0.88,8.4,17.89,2.0,3765,-13.8,14.0,0.986
2024-04-25T03:37:08.000,10.18,1.1,8.67,17.86,2.0,3766,-13.65,14.0,0.986
2024-04-25T03:38:08.000,10.13,1.56,9.28,17.78,2.0,3767,-13.49,14.0,0.986
2024-04-25T03:39:08.000,10.02,2.09,9.38,17.77,2.0,3768,-13.33,14.0,0.986
2024-04-25T03:40:09.000,10.07,2.75,9.35,17.77,2.0,3769,-13.17,14.0,0.986
2024-04-25T03:41:09.000,10.19,2.81,8.9,17.83,2.0,3770,-13.02,14.0,0.986
2024-04-25T03:42:09.000,10.17,2.97,8.84,17.83,2.0,3771,-12.86,14.0,0.986
2024-04-25T03:43:09.000,10.1,3.01,8.95,17.82,2.0,3772,-12.7,13.0,0.986
2024-04-25T03:44:10.000,10.0,2.96,8.73,17.85,2.0,3773,-12.54,13.0,0.986
2024-04-25T03:45:10.000,10.07,2.92,8.54,17.87,2.0,3774,-12.38,13.0,0.986
2024-04-25T03:46:10.000,10.18,2.99,8.65,17.86,2.0,3775,-12.22,13.0,0.986
2024-04-25T03:47:10.000,10.17,2.96,9.91,17.71,2.0,3776,-12.06,13.0,0.986
2024-04-25T03:48:11.000,10.14,3.0,11.11,17.59,2.0,3777,-11.9,13.0,0.986
2024-04-25T03:49:11.000,10.08,2.89,11.86,17.51,2.0,3778,-11.74,13.0,0.986
2024-04-25T03:50:11.000,10.03,2.82,11.62,17.54,2.0,3779,-11.58,13.0,0.986
2024-04-25T03:51:11.000,10.01,2.67,10.89,17.61,2.0,3780,-11.42,12.0,0.986
2024-04-25T03:52:12.000,10.07,2.66,10.16,17.68,2.0,3781,-11.25,12.0,0.986
2024-04-25T03:53:12.000,10.08,2.65,10.12,17.69,2.0,3782,-11.09,12.0,0.986
2024-04-25T03:54:12.000,10.04,2.67,10.43,17.65,2.0,3783,-10.93,12.0,0.986
2024-04-25T03:55:12.000,10.01,2.85,10.86,17.61,2.0,3784,-10.77,12.0,0.986
2024-04-25T03:56:13.000,10.16,3.23,11.19,17.58,2.0,3785,-10.61,12.0,0.986
2024-04-25T03:57:13.000,10.22,3.43,11.48,17.55,2.0,3786,-10.44,12.0,0.986
2024-04-25T03:58:14.000,10.18,3.39,11.73,17.53,2.0,3787,-10.28,11.0,0.986
2024-04-25T03:59:14.000,10.04,3.29,11.99,17.5,2.0,3788,-10.11,11.0,0.986
2024-04-25T04:00:14.000,10.0,3.22,12.24,17.48,2.0,3789,-9.95,11.0,0.986
2024-04-25T04:01:22.000,10.15,3.31,12.84,17.43,2.0,3790,-9.77,11.0,0.986
2024-04-25T04:02:22.000,10.17,3.42,13.83,17.35,2.0,3791,-9.6,11.0,0.986
2024-04-25T04:03:22.000,10.09,3.46,15.17,17.25,2.0,3792,-9.44,11.0,0.986
2024-04-25T04:04:22.000,10.01,3.61,17.22,17.11,2.0,3793,-9.27,11.0,0.986
2024-04-25T04:05:22.000,10.05,3.77,19.68,16.97,2.0,3794,-9.11,10.0,0.986
2024-04-25T04:06:23.000,10.11,3.83,22.01,16.84,2.0,3795,-8.94,10.0,0.986
2024-04-25T04:07:23.000,10.13,3.82,24.22,16.74,2.0,3796,-8.78,10.0,0.986
2024-04-25T04:08:23.000,10.08,3.82,26.42,16.65,2.0,3797,-8.61,10.0,0.986
2024-04-25T04:09:23.000,10.05,3.88,28.74,16.55,2.0,3798,-8.44,10.0,0.986
2024-04-25T04:10:24.000,10.04,3.9,31.7,16.45,2.0,3799,-8.28,10.0,0.986
2024-04-25T04:11:24.000,10.0,3.78,35.13,16.34,2.0,3800,-8.11,10.0,0.986
2024-04-25T04:12:24.000,10.07,3.75,39.96,16.2,2.0,3801,-7.94,10.0,0.986
2024-04-25T04:13:25.000,10.15,3.86,46.07,16.04,2.0,3802,-7.77,9.0,0.986
2024-04-25T04:14:25.000,10.16,3.83,53.64,15.88,2.0,3803,-7.61,9.0,0.986
2024-04-25T04:15:25.000,10.12,3.87,63.64,15.69,2.0,3804,-7.44,9.0,0.986
2024-04-25T04:16:25.000,10.07,3.88,75.01,15.51,2.0,3805,-7.27,9.0,0.986
2024-04-25T04:17:26.000,10.01,3.74,88.84,15.33,2.0,3806,-7.1,9.0,0.986
2024-04-25T04:18:26.000,10.07,3.8,106.38,15.13,2.0,3807,-6.93,9.0,0.986
2024-04-25T04:19:26.000,10.26,3.93,129.62,14.92,2.0,3808,-6.76,9.0,0.986
2024-04-25T04:20:27.000,10.33,3.92,160.2,14.69,2.0,3809,-6.59,8.0,0.986
2024-04-25T04:21:27.000,10.29,3.81,201.26,14.44,2.0,3810,-6.42,8.0,0.986
2024-04-25T04:22:27.000,10.2,3.81,256.24,14.18,2.0,3811,-6.25,8.0,0.986
2024-04-25T04:23:27.000,10.08,3.72,326.9,13.92,2.0,3812,-6.09,8.0,0.986
2024-04-25T04:24:28.000,9.99,3.74,417.8,13.65,2.0,3813,-5.91,8.0,0.986
2024-04-25T04:25:28.000,10.1,3.59,533.8,13.38,2.0,3814,-5.74,8.0,0.986
2024-04-25T04:26:28.000,10.15,3.72,684.04,13.12,2.0,3815,-5.57,7.0,0.986
2024-04-25T04:27:28.000,10.15,3.85,876.49,12.85,2.0,3816,-5.4,7.0,0.986
2024-04-25T04:28:29.000,10.11,3.82,1113.36,12.59,2.0,3817,-5.23,7.0,0.986
2024-04-25T04:29:29.000,10.04,3.85,1400.45,12.34,2.0,3818,-5.06,7.0,0.986
2024-04-25T04:30:29.000,10.0,3.73,1759.47,12.09,2.0,3819,-4.89,7.0,0.986
2024-04-25T04:31:29.000,10.1,3.79,2225.29,11.83,2.0,3820,-4.72,7.0,0.986
2024-04-25T04:32:30.000,10.16,3.74,2790.0,11.59,2.0,3821,-4.54,7.0,0.986
2024-04-25T04:33:30.000,10.16,3.88,3438.4,11.36,2.0,3822,-4.37,6.0,0.986
2024-04-25T04:34:30.000,10.15,3.86,4184.02,11.15,2.0,3823,-4.2,6.0,0.985
2024-04-25T04:35:30.000,10.07,3.8,5079.17,10.94,2.0,3824,-4.03,6.0,0.985
2024-04-25T04:36:30.000,10.03,3.87,6149.47,10.73,2.0,3825,-3.86,6.0,0.985
2024-04-25T04:37:31.000,10.01,3.85,7439.96,10.52,2.0,3826,-3.68,6.0,0.985
2024-04-25T04:38:31.000,10.06,3.75,9036.22,10.31,2.0,3827,-3.51,6.0,0.985
2024-04-25T04:39:31.000,10.09,3.76,10932.31,10.1,2.0,3828,-3.34,6.0,0.985
2024-04-25T04:40:31.000,10.08,3.82,12987.91,9.92,2.0,3829,-3.16,5.0,0.985
2024-04-25T04:41:31.000,10.08,3.83,15200.49,9.75,2.0,3830,-2.99,5.0,0.985
2024-04-25T04:42:32.000,10.04,3.66,17606.78,9.59,2.0,3831,-2.81,5.0,0.985
2024-04-25T04:43:32.000,9.98,3.63,20206.11,9.44,2.0,3832,-2.64,5.0,0.985
2024-04-25T04:44:32.000,9.9,3.57,23151.17,9.29,2.0,3833,-2.47,5.0,0.985
2024-04-25T04:45:33.000,9.81,3.55,26495.53,9.14,2.0,3834,-2.29,5.0,0.985
2024-04-25T04:46:33.000,9.74,3.59,30223.73,9.0,2.0,3835,-2.12,5.0,0.985
2024-04-25T04:47:33.000,9.69,3.67,33736.75,9.03,2.0,3836,-1.94,4.0,0.985
2024-04-25T04:48:33.000,9.68,3.63,39549.19,8.71,2.0,3837,-1.77,4.0,0.985
2024-04-25T04:49:34.000,9.65,3.66,45879.98,8.55,2.0,3838,-1.59,4.0,0.985
2024-04-25T04:50:34.000,9.66,3.73,53832.38,8.37,2.0,3839,-1.41,4.0,0.985
2024-04-25T04:51:34.000,9.68,3.68,58114.13,5.76,2.0,3840,-1.24,4.0,0.985
2024-04-25T04:52:34.000,9.69,3.69,50000.0,0.0,2.0,3841,-1.06,4.0,0.985
2024-04-25T04:53:35.000,9.7,3.56,50000.0,0.0,2.0,3842,-0.89,3.0,0.985
2024-04-25T04:54:35.000,9.7,3.54,50000.0,0.0,2.0,3843,-0.71,3.0,0.985
2024-04-25T04:55:35.000,9.71,3.5,50000.0,0.0,2.0,3844,-0.53,3.0,0.985
2024-04-25T04:56:35.000,9.7,3.5,50000.0,0.0,2.0,3845,-0.36,3.0,0.985
2024-04-25T04:57:36.000,9.69,3.42,50000.0,0.0,2.0,3846,-0.18,3.0,0.985
2024-04-25T04:58:36.000,9.67,3.38,49500.09,0.18,2.0,3847,-0.0,3.0,0.985
2024-04-25T04:59:36.000,9.63,3.35,50000.0,0.0,2.0,3848,0.17,3.0,0.985
2024-04-25T05:00:36.000,9.6,3.34,50000.0,0.0,2.0,3849,0.35,2.0,0.985
2024-04-25T05:01:36.000,9.56,3.41,50000.0,0.0,2.0,3850,0.53,2.0,0.985
2024-04-25T05:15:40.000,9.33,2.7,50000.0,0.0,2.0,3864,3.03,-0.0,0.985
2024-04-25T05:16:40.000,9.33,2.85,50000.0,0.0,2.0,3865,3.21,-0.0,0.985
2024-04-25T05:17:41.000,9.37,2.93,50000.0,0.0,2.0,3866,3.39,-0.0,0.985
2024-04-25T05:18:41.000,9.42,2.95,49723.89,0.09,2.0,3867,3.57,-1.0,0.985
2024-04-25T05:19:42.000,9.48,2.89,50000.0,0.0,2.0,3868,3.75,-1.0,0.985
2024-04-25T05:20:42.000,9.47,2.73,50000.0,0.0,2.0,3869,3.93,-1.0,0.985
2024-04-25T05:21:42.000,9.45,2.75,50000.0,0.0,2.0,3870,4.11,-1.0,0.985
2024-04-25T18:00:21.000,14.0,6.13,50000.0,0.0,2.0,4625,6.79,-27.0,0.969
2024-04-25T18:01:22.000,14.07,6.77,50000.0,0.0,2.0,4626,6.61,-27.0,0.969
2024-04-25T18:02:22.000,14.16,7.18,50000.0,0.0,2.0,4627,6.42,-27.0,0.969
2024-04-25T18:03:22.000,14.25,7.19,49719.37,0.09,2.0,4628,6.24,-27.0,0.969
2024-04-25T18:04:22.000,14.25,6.86,50000.0,0.0,2.0,4629,6.06,-27.0,0.969
2024-04-25T18:05:23.000,14.23,6.7,50000.0,0.0,2.0,4630,5.88,-26.0,0.969
2024-04-25T18:06:23.000,14.17,6.3,50000.0,0.0,2.0,4631,5.7,-26.0,0.969
2024-04-25T18:07:23.000,13.97,6.42,50000.0,0.0,2.0,4632,5.52,-26.0,0.969
2024-04-25T18:08:23.000,13.89,6.66,49711.11,0.1,2.0,4633,5.34,-26.0,0.969
2024-04-25T18:09:23.000,13.88,6.78,50000.0,0.0,2.0,4634,5.16,-26.0,0.969
2024-04-25T18:10:23.000,13.81,6.61,50000.0,0.0,2.0,4635,4.98,-26.0,0.969
2024-04-25T18:11:25.000,13.74,6.61,50000.0,0.0,2.0,4636,4.79,-25.0,0.969
2024-04-25T18:32:29.000,11.54,9.57,50000.0,0.0,2.0,4657,1.03,-22.0,0.968
2024-04-25T18:33:29.000,11.5,9.55,50000.0,0.0,2.0,4658,0.86,-22.0,0.968
2024-04-25T18:34:30.000,11.48,9.95,50000.0,0.0,2.0,4659,0.68,-21.0,0.968
2024-04-25T18:35:30.000,11.54,10.14,51321.07,0.73,2.0,4660,0.5,-21.0,0.968
2024-04-25T18:36:30.000,11.41,9.58,63283.38,8.2,2.0,4661,0.33,-21.0,0.968
2024-04-25T18:37:30.000,11.31,9.73,60490.9,8.25,2.0,4662,0.15,-21.0,0.968
2024-04-25T18:38:31.000,11.25,9.81,55786.33,8.33,2.0,4663,-0.03,-21.0,0.968
2024-04-25T18:39:32.000,11.27,10.09,45559.35,8.56,2.0,4664,-0.21,-21.0,0.968
2024-04-25T18:40:31.000,11.32,10.03,34468.07,8.86,2.0,4665,-0.38,-20.0,0.968
2024-04-25T18:41:31.000,11.27,9.7,23879.15,9.26,2.0,4666,-0.56,-20.0,0.968
2024-04-25T18:42:32.000,11.2,9.1,17379.58,9.6,2.0,4667,-0.73,-20.0,0.968
2024-04-25T18:43:32.000,11.09,9.5,13481.08,9.88,2.0,4668,-0.91,-20.0,0.968
2024-04-25T18:44:32.000,10.95,9.17,10768.71,10.12,2.0,4669,-1.08,-20.0,0.968
2024-04-25T18:45:32.000,10.82,9.13,9452.84,10.26,2.0,4670,-1.26,-20.0,0.968
2024-04-25T18:46:35.000,10.75,9.35,10845.16,10.12,2.0,4671,-1.44,-19.0,0.968
2024-04-25T18:47:34.000,10.69,8.94,14384.8,9.81,2.0,4672,-1.61,-19.0,0.968
2024-04-25T18:48:34.000,10.57,8.76,12951.3,9.92,2.0,4673,-1.79,-19.0,0.968
2024-04-25T18:49:35.000,10.52,9.1,9913.64,10.21,2.0,4674,-1.96,-19.0,0.968
2024-04-25T18:50:35.000,10.62,9.57,8414.85,10.39,2.0,4675,-2.14,-19.0,0.968
2024-04-25T18:51:35.000,10.7,9.69,8481.89,10.38,2.0,4676,-2.31,-19.0,0.968
2024-04-25T18:52:35.000,10.74,9.55,8564.62,10.37,2.0,4677,-2.48,-18.0,0.968
2024-04-25T18:53:36.000,10.75,9.6,7655.69,10.49,2.0,4678,-2.66,-18.0,0.968
2024-04-25T18:54:36.000,10.86,10.06,6848.07,10.61,2.0,4679,-2.83,-18.0,0.968
2024-04-25T18:55:36.000,10.96,10.16,6208.42,10.72,2.0,4680,-3.01,-18.0,0.968
2024-04-25T18:56:36.000,11.03,10.14,5572.13,10.84,2.0,4681,-3.18,-18.0,0.968
2024-04-25T18:57:37.000,10.98,9.63,4908.38,10.97,2.0,4682,-3.35,-17.0,0.968
2024-04-25T18:58:38.000,10.91,9.87,4478.24,11.07,2.0,4683,-3.53,-17.0,0.968
2024-04-25T18:59:38.000,10.9,9.79,3859.13,11.23,2.0,4684,-3.7,-17.0,0.968
2024-04-25T19:00:38.000,10.9,9.96,3396.6,11.37,2.0,4685,-3.87,-17.0,0.968
2024-04-25T19:01:38.000,10.9,9.72,3022.67,11.5,2.0,4686,-4.04,-17.0,0.968
2024-04-25T19:02:39.000,10.78,9.39,2693.42,11.62,2.0,4687,-4.22,-17.0,0.968
2024-04-25T19:03:40.000,10.65,9.11,2245.42,11.82,2.0,4688,-4.39,-16.0,0.968
2024-04-25T19:04:39.000,10.56,9.2,1625.29,12.18,2.0,4689,-4.56,-16.0,0.968
2024-04-25T19:05:39.000,10.54,9.39,1284.4,12.43,2.0,4690,-4.73,-16.0,0.968
2024-04-25T19:06:40.000,10.59,9.41,1057.16,12.64,2.0,4691,-4.9,-16.0,0.968
2024-04-25T19:07:40.000,10.57,9.18,885.39,12.83,2.0,4692,-5.07,-16.0,0.968
2024-04-25T19:08:40.000,10.54,9.55,801.2,12.94,2.0,4693,-5.24,-16.0,0.967
2024-04-25T19:09:40.000,10.63,9.76,686.82,13.11,2.0,4694,-5.41,-15.0,0.967
2024-04-25T19:10:41.000,10.59,9.16,515.8,13.42,2.0,4695,-5.59,-15.0,0.967
2024-04-25T19:11:41.000,10.46,9.09,370.73,13.78,2.0,4696,-5.75,-15.0,0.967
2024-04-25T19:12:41.000,10.44,9.27,290.34,14.05,2.0,4697,-5.92,-15.0,0.967
2024-04-25T19:13:41.000,10.45,9.38,220.0,14.35,2.0,4698,-6.09,-15.0,0.967
2024-04-25T19:14:42.000,10.45,9.32,176.69,14.58,2.0,4699,-6.26,-15.0,0.967
2024-04-25T19:15:42.000,10.4,9.23,158.04,14.7,2.0,4700,-6.43,-14.0,0.967
2024-04-25T19:16:42.000,10.47,9.76,144.18,14.8,2.0,4701,-6.6,-14.0,0.967
2024-04-25T19:17:42.000,10.54,9.67,128.65,14.93,2.0,4702,-6.77,-14.0,0.967
2024-04-25T19:18:43.000,10.6,9.74,108.74,15.11,2.0,4703,-6.94,-14.0,0.967
2024-04-25T19:19:43.000,10.64,9.72,91.66,15.3,2.0,4704,-7.11,-14.0,0.967
