ecsv/stars795/stars795_2025-04.ecsv
# %ECSV 1.0
# ---
# datatype:
# - {name: time, datatype: string}
# - {name: Enclosure Temperature, unit: deg_C, datatype: float64}
# - {name: Sky Temperature, unit: deg_C, datatype: float64}
# - {name: Frequency, unit: Hz, datatype: float64}
# - {name: MSAS, unit: mag / arcsec2, datatype: float64}
# - {name: ZP, datatype: float64}
# - {name: Sequence Number, datatype: int64}
# - {name: Sun Alt, unit: deg, datatype: float64}
# - {name: Moon Alt, unit: deg, datatype: float64}
# - {name: Moon Illumination, datatype: float64}
# delimiter: ','
# meta: !!omap
# - ida:
#     Data supplier: {affiliation: Astrolizard Observatory, observer: null}
#     Device type: TESS-W
#     Field of view: 17.0
#     Filters per channel: None
#     Instrument ID: stars795
#     License: ODbL 1.0 http://opendatacommons.org/licenses/odbl/summary/
#     Local timezone: Europe/Madrid
#     Location name: {country: Spain, place: Astrolizard Observatory, region: Catalonia, sub_region: Garrotxa, town: 'Joanetes, Girona'}
#     Measurement direction per channel: {azimuth: 0.0, zenital: 0.0}
#     Moving / Fixed look direction: FIXED
#     Moving / Stationary position: STATIONARY
#     Number of channels: 1
#     Number of fields per line: 8
#     Number of header lines: 35
#     Position: {height: 0.0, latitude: 42.1249419, longitude: 2.4379616}
#     TESS MAC address: E8:DB:84:83:7C:98
#     TESS cover offset value: 0.0
#     TESS firmware version: '1.0'
#     TESS zero point: 2.0
#     Time Synchronization: timestamp added by MQTT subscriber
#     URL: http://www.darksky.org/NSBM/sdf1.0.pdf
# - __serialized_columns__:
#     Enclosure Temperature:
#       __class__: astropy.units.quantity.Quantity
#       unit: &id001 !astropy.units.Unit {unit: deg_C}
#       value: !astropy.table.SerializedColumn {name: Enclosure Temperature}
#     Frequency:
#       __class__: astropy.units.quantity.Quantity
#       unit: !astropy.units.Unit {unit: Hz}
#       value: !astropy.table.SerializedColumn {name: Frequency}
#     MSAS:
#       __class__: astropy.units.quantity.Quantity
#       unit: !astropy.units.Unit {unit: mag / arcsec2}
#       value: !astropy.table.SerializedColumn {name: MSAS}
#     Moon Alt:
#       __class__: astropy.units.quantity.Quantity
#       unit: &id002 !astropy.units.Unit {unit: deg}
#       value: !astropy.table.SerializedColumn {name: Moon Alt}
#     Sky Temperature:
#       __class__: astropy.units.quantity.Quantity
#       unit: *id001
#       value: !astropy.table.SerializedColumn {name: Sky Temperature}
#     Sun Alt:
#       __class__: astropy.units.quantity.Quantity
#       unit: *id002
#       value: !astropy.table.SerializedColumn {name: Sun Alt}
#     time:
#       __class__: astropy.time.core.Time
#       format: isot
#       in_subfmt: '*'
#       out_subfmt: '*'
#       precision: 3
#       scale: utc
#       value: !astropy.table.SerializedColumn {name: time}
# schema: astropy-2.0
time,Enclosure Temperature,Sky Temperature,Frequency,MSAS,ZP,Sequence Number,Sun Alt,Moon Alt,Moon Illumination
[from data line 16339]
2025-04-25T03:12:46.000,15.17,10.57,3.57,18.82,2.0,12188,-17.42,-4.0,0.105
2025-04-25T03:13:46.000,15.12,10.47,3.71,18.78,2.0,12189,-17.27,-4.0,0.105
2025-04-25T03:14:47.000,15.07,10.34,3.73,18.77,2.0,12190,-17.12,-4.0,0.105
2025-04-25T03:15:47.000,15.01,10.49,3.79,18.75,2.0,12191,-16.97,-4.0,0.105
2025-04-25T03:16:47.000,15.03,10.56,3.92,18.72,2.0,12192,-16.82,-4.0,0.105
2025-04-25T03:17:48.000,15.03,10.55,3.94,18.71,2.0,12193,-16.67,-3.0,0.105
2025-04-25T03:18:48.000,15.03,10.53,3.76,18.76,2.0,12194,-16.52,-3.0,0.105
2025-04-25T03:19:48.000,15.03,10.56,3.82,18.75,2.0,12195,-16.37,-3.0,0.105
2025-04-25T03:20:49.000,15.05,10.57,3.98,18.7,2.0,12196,-16.22,-3.0,0.105
2025-04-25T03:21:49.000,15.06,10.61,3.87,18.73,2.0,12197,-16.07,-3.0,0.105
2025-04-25T03:22:49.000,15.1,10.64,3.73,18.77,2.0,12198,-15.91,-2.0,0.105
2025-04-25T03:23:49.000,15.1,10.58,3.46,18.85,2.0,12199,-15.76,-2.0,0.105
2025-04-25T03:24:50.000,15.15,10.71,3.37,18.88,2.0,12200,-15.61,-2.0,0.104
2025-04-25T03:25:50.000,15.25,10.86,3.42,18.87,2.0,12201,-15.46,-2.0,0.104
2025-04-25T03:26:50.000,15.32,10.8,3.54,18.83,2.0,12202,-15.3,-2.0,0.104
2025-04-25T03:27:50.000,15.32,10.65,3.78,18.76,2.0,12203,-15.15,-2.0,0.104
2025-04-25T03:28:51.000,15.3,10.68,3.71,18.78,2.0,12204,-14.99,-1.0,0.104
2025-04-25T03:29:51.000,15.32,10.72,3.76,18.76,2.0,12205,-14.84,-1.0,0.104
2025-04-25T03:30:51.000,15.31,10.63,3.59,18.81,2.0,12206,-14.69,-1.0,0.104
2025-04-25T03:31:51.000,15.28,10.61,3.65,18.79,2.0,12207,-14.53,-1.0,0.104
2025-04-25T03:32:52.000,15.29,10.73,3.73,18.77,2.0,12208,-14.38,-1.0,0.104
2025-04-25T03:33:52.000,15.28,10.64,3.66,18.79,2.0,12209,-14.22,-0.0,0.104
2025-04-25T03:34:52.000,15.28,10.8,3.56,18.82,2.0,12210,-14.06,-0.0,0.104
2025-04-25T03:35:52.000,15.3,10.7,3.51,18.84,2.0,12211,-13.91,-0.0,0.104
2025-04-25T03:36:53.000,15.3,10.76,3.49,18.84,2.0,12212,-13.75,0.0,0.104
2025-04-25T03:37:53.000,15.33,10.82,3.39,18.87,2.0,12213,-13.59,0.0,0.104
2025-04-25T03:38:53.000,15.38,10.84,3.6,18.81,2.0,12214,-13.44,0.0,0.104
2025-04-25T03:39:53.000,15.4,10.73,3.68,18.79,2.0,12215,-13.28,1.0,0.104
2025-04-25T03:40:54.000,15.39,10.73,3.93,18.71,2.0,12216,-13.12,1.0,0.104
2025-04-25T03:41:54.000,15.4,10.77,3.65,18.8,2.0,12217,-12.96,1.0,0.104
2025-04-25T03:42:54.000,15.43,10.9,3.68,18.79,2.0,12218,-12.8,1.0,0.104
2025-04-25T03:43:54.000,15.49,10.96,3.87,18.73,2.0,12219,-12.65,1.0,0.103
2025-04-25T03:44:55.000,15.54,10.95,3.98,18.7,2.0,12220,-12.48,2.0,0.103
2025-04-25T03:45:55.000,15.6,10.95,4.19,18.64,2.0,12221,-12.32,2.0,0.103
2025-04-25T03:46:55.000,15.65,10.94,4.16,18.65,2.0,12222,-12.17,2.0,0.103
2025-04-25T03:47:55.000,15.68,10.94,4.24,18.63,2.0,12223,-12.01,2.0,0.103
2025-04-25T03:48:56.000,15.71,10.92,4.2,18.64,2.0,12224,-11.84,2.0,0.103
2025-04-25T03:49:56.000,15.72,10.82,4.47,18.57,2.0,12225,-11.68,2.0,0.103
2025-04-25T03:50:56.000,15.71,10.89,4.66,18.53,2.0,12226,-11.52,3.0,0.103
2025-04-25T03:51:56.000,15.71,10.82,4.97,18.46,2.0,12227,-11.36,3.0,0.103
2025-04-25T03:52:57.000,15.7,10.77,5.18,18.42,2.0,12228,-11.2,3.0,0.103
2025-04-25T03:53:57.000,15.7,10.9,5.39,18.37,2.0,12229,-11.04,3.0,0.103
2025-04-25T03:54:57.000,15.73,10.89,5.76,18.3,2.0,12230,-10.87,3.0,0.103
2025-04-25T03:55:57.000,15.74,10.9,6.21,18.22,2.0,12231,-10.71,4.0,0.103
2025-04-25T03:56:58.000,15.77,10.98,6.3,18.2,2.0,12232,-10.55,4.0,0.103
2025-04-25T03:57:58.000,15.8,10.95,6.69,18.14,2.0,12233,-10.38,4.0,0.103
2025-04-25T03:58:58.000,15.76,10.66,7.07,18.08,2.0,12234,-10.22,4.0,0.103
2025-04-25T03:59:59.000,15.7,10.77,7.84,17.96,2.0,12235,-10.05,4.0,0.103
2025-04-25T04:00:59.000,15.67,10.72,8.82,17.84,2.0,12236,-9.89,4.0,0.103
2025-04-25T04:01:59.000,15.67,10.91,10.08,17.69,2.0,12237,-9.73,5.0,0.103
2025-04-25T04:03:00.000,15.72,10.98,11.61,17.54,2.0,12238,-9.56,5.0,0.103
2025-04-25T04:04:00.000,15.74,10.9,13.31,17.39,2.0,12239,-9.4,5.0,0.102
2025-04-25T04:05:00.000,15.7,10.65,15.53,17.22,2.0,12240,-9.23,5.0,0.102
2025-04-25T04:06:00.000,15.64,10.76,18.47,17.04,2.0,12241,-9.07,5.0,0.102
2025-04-25T04:07:01.000,15.64,10.87,21.46,16.87,2.0,12242,-8.9,6.0,0.102
2025-04-25T04:08:01.000,15.61,10.78,24.2,16.74,2.0,12243,-8.73,6.0,0.102
2025-04-25T04:09:01.000,15.64,10.93,27.37,16.61,2.0,12244,-8.57,6.0,0.102
2025-04-25T04:10:01.000,15.67,10.94,32.74,16.41,2.0,12245,-8.4,6.0,0.102
2025-04-25T04:11:02.000,15.68,10.88,40.13,16.19,2.0,12246,-8.23,6.0,0.102
2025-04-25T04:12:02.000,15.71,10.98,47.29,16.01,2.0,12247,-8.07,6.0,0.102
2025-04-25T04:13:03.000,15.75,10.99,55.91,15.83,2.0,12248,-7.9,7.0,0.102
2025-04-25T04:14:03.000,15.78,11.01,65.09,15.67,2.0,12249,-7.73,7.0,0.102
2025-04-25T04:15:03.000,15.81,10.98,75.01,15.51,2.0,12250,-7.56,7.0,0.102
2025-04-25T04:16:03.000,15.84,10.99,86.3,15.36,2.0,12251,-7.39,7.0,0.102
2025-04-25T04:17:04.000,15.85,10.95,98.65,15.22,2.0,12252,-7.22,7.0,0.102
2025-04-25T04:18:04.000,15.84,10.96,111.87,15.08,2.0,12253,-7.06,8.0,0.102
2025-04-25T04:19:04.000,15.84,10.97,128.16,14.93,2.0,12254,-6.89,8.0,0.102
2025-04-25T04:20:04.000,15.85,10.97,151.89,14.75,2.0,12255,-6.72,8.0,0.102
2025-04-25T04:21:05.000,15.86,10.99,189.36,14.51,2.0,12256,-6.55,8.0,0.102
2025-04-25T04:22:05.000,15.87,10.97,242.23,14.24,2.0,12257,-6.38,8.0,0.102
2025-04-25T04:23:05.000,15.86,10.91,311.67,13.97,2.0,12258,-6.21,8.0,0.102
2025-04-25T04:24:05.000,15.85,10.94,395.16,13.71,2.0,12259,-6.04,9.0,0.101
2025-04-25T04:25:06.000,15.84,10.92,491.26,13.47,2.0,12260,-5.87,9.0,0.101
2025-04-25T04:26:06.000,15.83,10.94,609.56,13.24,2.0,12261,-5.7,9.0,0.101
2025-04-25T04:27:06.000,15.85,10.95,766.89,12.99,2.0,12262,-5.53,9.0,0.101
2025-04-25T04:28:06.000,15.85,10.94,990.29,12.71,2.0,12263,-5.36,9.0,0.101
2025-04-25T04:29:07.000,15.87,10.96,1283.16,12.43,2.0,12264,-5.18,10.0,0.101
2025-04-25T04:30:07.000,15.88,10.99,1609.78,12.19,2.0,12265,-5.01,10.0,0.101
2025-04-25T04:31:07.000,15.9,10.93,2011.89,11.94,2.0,12266,-4.84,10.0,0.101
2025-04-25T04:32:07.000,15.89,10.89,2580.58,11.67,2.0,12267,-4.67,10.0,0.101
2025-04-25T04:33:08.000,15.87,10.86,3306.52,11.4,2.0,12268,-4.5,10.0,0.101
2025-04-25T04:34:08.000,15.84,10.87,4091.36,11.17,2.0,12269,-4.32,10.0,0.101
2025-04-25T04:35:08.000,15.8,10.82,4859.56,10.98,2.0,12270,-4.15,11.0,0.101
2025-04-25T04:36:08.000,15.78,10.85,5735.17,10.8,2.0,12271,-3.98,11.0,0.101
2025-04-25T04:37:09.000,15.78,10.9,6766.07,10.63,2.0,12272,-3.8,11.0,0.101
2025-04-25T04:38:09.000,15.77,10.88,7827.09,10.47,2.0,12273,-3.63,11.0,0.101
2025-04-25T04:39:09.000,15.77,10.91,8841.39,10.33,2.0,12274,-3.46,11.0,0.101
2025-04-25T04:40:09.000,15.78,10.91,9725.07,10.23,2.0,12275,-3.29,12.0,0.101
2025-04-25T04:41:10.000,15.78,10.92,10549.6,10.14,2.0,12276,-3.11,12.0,0.101
2025-04-25T04:42:10.000,15.81,10.99,11471.69,10.05,2.0,12277,-2.94,12.0,0.101
2025-04-25T04:43:10.000,15.84,10.92,12546.98,9.95,2.0,12278,-2.76,12.0,0.1
2025-04-25T04:44:10.000,15.84,10.94,13889.73,9.84,2.0,12279,-2.59,12.0,0.1
2025-04-25T04:45:11.000,15.86,10.95,15888.96,9.7,2.0,12280,-2.41,12.0,0.1
2025-04-25T04:46:11.000,15.88,10.94,18845.11,9.51,2.0,12281,-2.24,13.0,0.1
2025-04-25T04:47:11.000,15.89,10.94,22178.53,9.34,2.0,12282,-2.06,13.0,0.1
2025-04-25T04:48:11.000,15.9,10.95,25648.06,9.26,2.0,12283,-1.89,13.0,0.1
2025-04-25T04:49:12.000,15.91,10.94,30706.84,8.98,2.0,12284,-1.71,13.0,0.1
2025-04-25T04:50:12.000,15.92,10.87,35036.27,8.98,2.0,12285,-1.54,13.0,0.1
2025-04-25T04:51:12.000,15.9,10.86,40304.73,8.69,2.0,12286,-1.36,14.0,0.1
2025-04-25T04:52:12.000,15.89,10.88,44177.96,8.59,2.0,12287,-1.19,14.0,0.1
2025-04-25T04:53:13.000,15.9,10.91,47918.46,8.5,2.0,12288,-1.01,14.0,0.1
2025-04-25T04:54:13.000,15.91,10.91,52670.18,8.4,2.0,12289,-0.83,14.0,0.1
2025-04-25T04:55:13.000,15.9,10.87,57959.93,8.29,2.0,12290,-0.66,14.0,0.1
2025-04-25T04:56:13.000,15.91,10.93,58067.23,5.16,2.0,12291,-0.48,14.0,0.1
2025-04-25T04:57:14.000,15.91,10.89,50000.0,0.0,2.0,12292,-0.3,15.0,0.1
2025-04-25T04:58:14.000,15.92,10.92,50000.0,0.0,2.0,12293,-0.13,15.0,0.1
2025-04-25T04:59:14.000,15.93,10.92,50000.0,0.0,2.0,12294,0.05,15.0,0.1
2025-04-25T05:00:14.000,15.92,10.87,50000.0,0.0,2.0,12295,0.23,15.0,0.1
2025-04-25T05:01:15.000,15.91,10.85,50000.0,0.0,2.0,12296,0.41,15.0,0.1
2025-04-25T05:02:15.000,15.83,10.66,50000.0,0.0,2.0,12297,0.58,15.0,0.1
2025-04-25T05:03:15.000,15.77,10.73,49451.0,0.18,2.0,12298,0.76,16.0,0.099
2025-04-25T05:04:15.000,15.76,10.84,49444.86,0.18,2.0,12299,0.94,16.0,0.099
2025-04-25T05:05:16.000,15.73,10.67,50000.0,0.0,2.0,12300,1.12,16.0,0.099
2025-04-25T05:06:16.000,15.66,10.62,50000.0,0.0,2.0,12301,1.3,16.0,0.099
2025-04-25T05:07:16.000,15.61,10.63,50000.0,0.0,2.0,12302,1.47,16.0,0.099
2025-04-25T05:30:22.000,15.56,10.63,50000.0,0.0,2.0,12325,5.62,20.0,0.098
2025-04-25T05:31:23.000,15.55,10.75,50000.0,0.0,2.0,12326,5.8,21.0,0.098
2025-04-25T05:32:23.000,15.57,10.77,50000.0,0.0,2.0,12327,5.98,21.0,0.098
2025-04-25T05:33:23.000,15.56,10.61,49727.0,0.09,2.0,12328,6.17,21.0,0.098
2025-04-25T05:34:23.000,15.53,10.69,50000.0,0.0,2.0,12329,6.35,21.0,0.098
2025-04-25T05:35:24.000,15.54,10.72,50000.0,0.0,2.0,12330,6.53,21.0,0.098
2025-04-25T05:36:24.000,15.52,10.63,50000.0,0.0,2.0,12331,6.71,21.0,0.098
2025-04-25T18:18:50.000,17.9,-0.89,50000.0,0.0,2.0,13090,3.41,-24.0,0.063
2025-04-25T18:19:51.000,17.83,-0.9,50000.0,0.0,2.0,13091,3.23,-24.0,0.063
2025-04-25T18:20:51.000,17.77,-0.85,50000.0,0.0,2.0,13092,3.05,-24.0,0.063
2025-04-25T18:21:51.000,17.72,-0.87,49724.03,0.09,2.0,13093,2.87,-24.0,0.063
2025-04-25T18:22:51.000,17.68,-0.85,50000.0,0.0,2.0,13094,2.7,-24.0,0.063
2025-04-25T18:23:52.000,17.64,-0.87,50000.0,0.0,2.0,13095,2.51,-24.0,0.063
2025-04-25T18:24:52.000,17.6,-0.86,50000.0,0.0,2.0,13096,2.34,-25.0,0.063
2025-04-25T18:25:52.000,17.55,-0.77,49726.97,0.09,2.0,13097,2.16,-25.0,0.063
2025-04-25T18:26:52.000,17.54,-0.81,49432.17,0.19,2.0,13098,1.98,-25.0,0.063
2025-04-25T18:27:53.000,17.49,-1.01,50000.0,0.0,2.0,13099,1.8,-25.0,0.063
2025-04-25T18:28:53.000,17.43,-1.13,50000.0,0.0,2.0,13100,1.62,-25.0,0.063
2025-04-25T18:29:53.000,17.34,-1.22,50000.0,0.0,2.0,13101,1.45,-25.0,0.063
2025-04-25T18:43:57.000,16.63,-1.33,50000.0,0.0,2.0,13115,-1.03,-27.0,0.062
2025-04-25T18:44:57.000,16.61,-1.35,50000.0,0.0,2.0,13116,-1.21,-28.0,0.062
2025-04-25T18:45:57.000,16.58,-1.45,50000.0,0.0,2.0,13117,-1.38,-28.0,0.062
2025-04-25T18:46:58.000,16.52,-1.62,53219.5,1.84,2.0,13118,-1.56,-28.0,0.062
2025-04-25T18:47:58.000,16.45,-1.57,60109.27,8.25,2.0,13119,-1.73,-28.0,0.062
2025-04-25T18:48:58.000,16.41,-1.67,51886.19,8.49,2.0,13120,-1.91,-28.0,0.062
2025-04-25T18:49:59.000,16.36,-1.56,45414.59,8.56,2.0,13121,-2.08,-28.0,0.062
2025-04-25T18:50:59.000,16.34,-1.65,39836.82,8.7,2.0,13122,-2.26,-28.0,0.062
2025-04-25T18:51:59.000,16.28,-1.67,34897.09,8.84,2.0,13123,-2.43,-29.0,0.062
2025-04-25T18:52:59.000,16.2,-1.93,30334.4,9.0,2.0,13124,-2.6,-29.0,0.062
2025-04-25T18:54:00.000,16.13,-1.87,26012.73,9.16,2.0,13125,-2.78,-29.0,0.062
2025-04-25T18:55:00.000,16.07,-1.88,21975.15,9.35,2.0,13126,-2.95,-29.0,0.062
2025-04-25T18:56:00.000,16.03,-1.85,18353.69,9.54,2.0,13127,-3.13,-29.0,0.062
2025-04-25T18:57:00.000,15.98,-1.9,15194.78,9.75,2.0,13128,-3.3,-29.0,0.062
2025-04-25T18:58:01.000,15.93,-2.04,12501.18,9.96,2.0,13129,-3.47,-29.0,0.062
2025-04-25T18:59:01.000,15.86,-2.1,10271.91,10.17,2.0,13130,-3.65,-30.0,0.062
2025-04-25T19:00:01.000,15.78,-2.18,8446.49,10.39,2.0,13131,-3.82,-30.0,0.062
2025-04-25T19:01:01.000,15.72,-2.14,6942.81,10.6,2.0,13132,-3.99,-30.0,0.061
2025-04-25T19:02:01.000,15.68,-2.09,5697.18,10.81,2.0,13133,-4.16,-30.0,0.061
2025-04-25T19:03:01.000,15.65,-2.11,4653.82,11.03,2.0,13134,-4.33,-30.0,0.061
2025-04-25T19:04:02.000,15.64,-2.06,3788.42,11.26,2.0,13135,-4.51,-30.0,0.061
2025-04-25T19:05:02.000,15.59,-2.11,3083.57,11.48,2.0,13136,-4.68,-30.0,0.061
2025-04-25T19:06:02.000,15.58,-1.99,2517.38,11.7,2.0,13137,-4.85,-31.0,0.061
2025-04-25T19:07:02.000,15.58,-2.09,2060.72,11.92,2.0,13138,-5.02,-31.0,0.061
2025-04-25T19:08:03.000,15.58,-2.14,1686.96,12.13,2.0,13139,-5.19,-31.0,0.061
2025-04-25T19:09:03.000,15.55,-2.09,1376.22,12.36,2.0,13140,-5.36,-31.0,0.061
2025-04-25T19:10:03.000,15.54,-2.06,1119.13,12.58,2.0,13141,-5.53,-31.0,0.061
2025-04-25T19:11:03.000,15.53,-2.08,908.83,12.81,2.0,13142,-5.7,-31.0,0.061
2025-04-25T19:12:04.000,15.53,-2.03,737.38,13.03,2.0,13143,-5.87,-31.0,0.061
2025-04-25T19:13:04.000,15.51,-2.07,598.02,13.26,2.0,13144,-6.04,-32.0,0.061
2025-04-25T19:14:04.000,15.49,-2.13,484.36,13.49,2.0,13145,-6.21,-32.0,0.061
2025-04-25T19:15:04.000,15.47,-2.18,392.18,13.72,2.0,13146,-6.38,-32.0,0.061
2025-04-25T19:16:05.000,15.42,-2.24,317.16,13.95,2.0,13147,-6.55,-32.0,0.061
2025-04-25T19:17:05.000,15.35,-2.35,256.25,14.18,2.0,13148,-6.72,-32.0,0.061
2025-04-25T19:18:05.000,15.29,-2.38,207.06,14.41,2.0,13149,-6.88,-32.0,0.061
2025-04-25T19:19:05.000,15.25,-2.38,166.97,14.65,2.0,13150,-7.05,-32.0,0.061
2025-04-25T19:20:06.000,15.22,-2.36,134.34,14.88,2.0,13151,-7.22,-32.0,0.061
2025-04-25T19:21:06.000,15.2,-2.4,108.4,15.11,2.0,13152,-7.39,-33.0,0.061
2025-04-25T19:22:06.000,15.17,-2.39,87.62,15.35,2.0,13153,-7.56,-33.0,0.061
2025-04-25T19:23:06.000,15.13,-2.41,71.07,15.57,2.0,13154,-7.72,-33.0,0.061
2025-04-25T19:24:07.000,15.1,-2.51,58.23,15.79,2.0,13155,-7.89,-33.0,0.061
2025-04-25T19:25:07.000,15.06,-2.46,46.98,16.02,2.0,13156,-8.06,-33.0,0.061
2025-04-25T19:26:08.000,15.06,-2.33,39.66,16.21,2.0,13157,-8.23,-33.0,0.06
2025-04-25T19:27:08.000,15.07,-2.43,32.95,16.41,2.0,13158,-8.39,-33.0,0.06
2025-04-25T19:28:08.000,15.03,-2.52,27.55,16.6,2.0,13159,-8.56,-33.0,0.06
2025-04-25T19:29:08.000,14.99,-2.6,23.28,16.78,2.0,13160,-8.72,-34.0,0.06
2025-04-25T19:30:09.000,14.93,-2.6,19.69,16.97,2.0,13161,-8.89,-34.0,0.06
2025-04-25T19:31:09.000,14.89,-2.53,16.77,17.14,2.0,13162,-9.05,-34.0,0.06
2025-04-25T19:32:09.000,14.89,-2.4,14.35,17.31,2.0,13163,-9.22,-34.0,0.06
2025-04-25T19:33:09.000,14.92,-2.38,12.36,17.47,2.0,13164,-9.38,-34.0,0.06
2025-04-25T19:34:10.000,14.93,-2.34,10.67,17.63,2.0,13165,-9.55,-34.0,0.06
2025-04-25T19:35:10.000,14.96,-2.27,9.23,17.79,2.0,13166,-9.71,-34.0,0.06
2025-04-25T19:36:11.000,14.98,-2.24,8.06,17.93,2.0,13167,-9.88,-34.0,0.06
2025-04-25T19:37:11.000,14.97,-2.54,7.04,18.08,2.0,13168,-10.04,-35.0,0.06
2025-04-25T19:38:11.000,14.88,-2.65,6.18,18.22,2.0,13169,-10.2,-35.0,0.06
2025-04-25T19:39:11.000,14.84,-2.53,5.45,18.36,2.0,13170,-10.36,-35.0,0.06
2025-04-25T19:40:12.000,14.81,-2.56,4.83,18.49,2.0,13171,-10.53,-35.0,0.06
2025-04-25T19:41:12.000,14.76,-2.62,4.29,18.62,2.0,13172,-10.69,-35.0,0.06
2025-04-25T19:42:12.000,14.69,-2.84,3.84,18.74,2.0,13173,-10.85,-35.0,0.06
2025-04-25T19:43:13.000,14.63,-2.77,3.45,18.86,2.0,13174,-11.02,-35.0,0.06
2025-04-25T19:44:13.000,14.6,-2.7,3.12,18.97,2.0,13175,-11.18,-35.0,0.06
2025-04-25T19:45:13.000,14.62,-2.57,2.84,19.07,2.0,13176,-11.34,-36.0,0.06
2025-04-25T19:46:14.000,14.64,-2.49,2.58,19.17,2.0,13177,-11.5,-36.0,0.06
2025-04-25T19:47:14.000,14.67,-2.49,2.37,19.26,2.0,13178,-11.66,-36.0,0.06
2025-04-25T19:48:14.000,14.67,-2.67,2.2,19.35,2.0,13179,-11.82,-36.0,0.06
2025-04-25T19:49:14.000,14.66,-2.59,2.06,19.42,2.0,13180,-11.98,-36.0,0.06
2025-04-25T19:50:15.000,14.65,-2.57,1.92,19.49,2.0,13181,-12.14,-36.0,0.06
2025-04-25T19:51:15.000,14.64,-2.63,1.8,19.56,2.0,13182,-12.3,-36.0,0.059
2025-04-25T19:52:15.000,14.59,-2.67,1.7,19.63,2.0,13183,-12.46,-36.0,0.059
2025-04-25T19:53:15.000,14.57,-2.62,1.61,19.68,2.0,13184,-12.61,-36.0,0.059
2025-04-25T19:54:16.000,14.57,-2.55,1.53,19.74,2.0,13185,-12.77,-37.0,0.059
2025-04-25T19:55:16.000,14.57,-2.62,1.46,19.79,2.0,13186,-12.93,-37.0,0.059
2025-04-25T19:56:16.000,14.54,-2.66,1.4,19.84,2.0,13187,-13.09,-37.0,0.059
2025-04-25T19:57:16.000,14.51,-2.62,1.35,19.88,2.0,13188,-13.25,-37.0,0.059
2025-04-25T19:58:17.000,14.49,-2.61,1.3,19.92,2.0,13189,-13.4,-37.0,0.059
2025-04-25T19:59:17.000,14.48,-2.45,1.26,19.95,2.0,13190,-13.56,-37.0,0.059
2025-04-25T20:00:17.000,14.47,-2.56,1.23,19.98,2.0,13191,-13.72,-37.0,0.059
2025-04-25T20:01:17.000,14.46,-2.56,1.2,20.01,2.0,13192,-13.87,-37.0,0.059
2025-04-25T20:02:18.000,14.46,-2.55,1.17,20.03,2.0,13193,-14.03,-37.0,0.059
