ecsv/stars795/stars795_2025-04.ecsv
# %ECSV 1.0
# ---
# datatype:
# - {name: time, datatype: string}
# - {name: Enclosure Temperature, unit: deg_C, datatype: float64}
# - {name: Sky Temperature, unit: deg_C, datatype: float64}
# - {name: Frequency, unit: Hz, datatype: float64}
# - {name: MSAS, unit: mag / arcsec2, datatype: float64}
# - {name: ZP, datatype: float64}
# - {name: Sequence Number, datatype: int64}
# - {name: Sun Alt, unit: deg, datatype: float64}
# - {name: Moon Alt, unit: deg, datatype: float64}
# - {name: Moon Illumination, datatype: float64}
# delimiter: ','
# meta: !!omap
# - ida:
#     Data supplier: {affiliation: Astrolizard Observatory, observer: null}
#     Device type: TESS-W
#     Field of view: 17.0
#     Filters per channel: None
#     Instrument ID: stars795
#     License: ODbL 1.0 http://opendatacommons.org/licenses/odbl/summary/
#     Local timezone: Europe/Madrid
#     Location name: {country: Spain, place: Astrolizard Observatory, region: Catalonia, sub_region: Garrotxa, town: 'Joanetes, Girona'}
#     Measurement direction per channel: {azimuth: 0.0, zenital: 0.0}
#     Moving / Fixed look direction: FIXED
#     Moving / Stationary position: STATIONARY
#     Number of channels: 1
#     Number of fields per line: 8
#     Number of header lines: 35
#     Position: {height: 0.0, latitude: 42.1249419, longitude: 2.4379616}
#     TESS MAC address: E8:DB:84:83:7C:98
#     TESS cover offset value: 0.0
#     TESS firmware version: '1.0'
#     TESS zero point: 2.0
#     Time Synchronization: timestamp added by MQTT subscriber
#     URL: http://www.darksky.org/NSBM/sdf1.0.pdf
# - __serialized_columns__:
#     Enclosure Temperature:
#       __class__: astropy.units.quantity.Quantity
#       unit: &id001 !astropy.units.Unit {unit: deg_C}
#       value: !astropy.table.SerializedColumn {name: Enclosure Temperature}
#     Frequency:
#       __class__: astropy.units.quantity.Quantity
#       unit: !astropy.units.Unit {unit: Hz}
#       value: !astropy.table.SerializedColumn {name: Frequency}
#     MSAS:
#       __class__: astropy.units.quantity.Quantity
#       unit: !astropy.units.Unit {unit: mag / arcsec2}
#       value: !astropy.table.SerializedColumn {name: MSAS}
#     Moon Alt:
#       __class__: astropy.units.quantity.Quantity
#       unit: &id002 !astropy.units.Unit {unit: deg}
#       value: !astropy.table.SerializedColumn {name: Moon Alt}
#     Sky Temperature:
#       __class__: astropy.units.quantity.Quantity
#       unit: *id001
#       value: !astropy.table.SerializedColumn {name: Sky Temperature}
#     Sun Alt:
#       __class__: astropy.units.quantity.Quantity
#       unit: *id002
#       value: !astropy.table.SerializedColumn {name: Sun Alt}
#     time:
#       __class__: astropy.time.core.Time
#       format: isot
#       in_subfmt: '*'
#       out_subfmt: '*'
#       precision: 3
#       scale: utc
#       value: !astropy.table.SerializedColumn {name: time}
# schema: astropy-2.0
time,Enclosure Temperature,Sky Temperature,Frequency,MSAS,ZP,Sequence Number,Sun Alt,Moon Alt,Moon Illumination
[from data line 7298]
2025-04-11T19:20:49.000,13.02,0.02,17.87,17.07,2.0,97654,-10.32,21.0,0.987
2025-04-11T19:21:49.000,12.97,-0.13,17.49,17.09,2.0,97655,-10.49,21.0,0.987
2025-04-11T19:22:49.000,12.96,-0.17,17.37,17.1,2.0,97656,-10.67,21.0,0.987
2025-04-11T19:23:50.000,12.96,-0.25,17.49,17.09,2.0,97657,-10.84,21.0,0.987
2025-04-11T19:24:50.000,12.96,-0.35,17.57,17.09,2.0,97658,-11.01,22.0,0.987
2025-04-11T19:25:50.000,12.96,-0.32,17.66,17.08,2.0,97659,-11.18,22.0,0.987
2025-04-11T19:26:51.000,12.98,-0.2,17.94,17.07,2.0,97660,-11.36,22.0,0.987
2025-04-11T19:27:51.000,13.01,-0.08,18.11,17.06,2.0,97661,-11.53,22.0,0.987
2025-04-11T19:28:51.000,13.0,0.02,18.52,17.03,2.0,97662,-11.7,22.0,0.987
2025-04-11T19:29:52.000,12.99,0.27,18.98,17.0,2.0,97663,-11.87,22.0,0.987
2025-04-11T19:30:52.000,12.96,0.65,19.47,16.98,2.0,97664,-12.04,23.0,0.987
2025-04-11T19:31:52.000,12.95,1.02,19.86,16.96,2.0,97665,-12.21,23.0,0.987
2025-04-11T19:32:53.000,12.94,1.54,19.92,16.95,2.0,97666,-12.38,23.0,0.987
2025-04-11T19:33:53.000,12.95,2.09,19.82,16.96,2.0,97667,-12.55,23.0,0.987
2025-04-11T19:34:53.000,12.95,2.73,19.47,16.98,2.0,97668,-12.72,23.0,0.987
2025-04-11T19:35:54.000,12.99,3.36,18.94,17.01,2.0,97669,-12.89,23.0,0.987
2025-04-11T19:36:54.000,13.05,3.97,18.31,17.04,2.0,97670,-13.06,23.0,0.987
2025-04-11T19:37:54.000,13.09,4.43,17.53,17.09,2.0,97671,-13.23,24.0,0.987
2025-04-11T19:38:54.000,13.13,4.82,16.93,17.13,2.0,97672,-13.4,24.0,0.987
2025-04-11T19:39:55.000,13.18,5.05,16.48,17.16,2.0,97673,-13.57,24.0,0.987
2025-04-11T19:40:55.000,13.24,5.15,16.1,17.18,2.0,97674,-13.73,24.0,0.987
2025-04-11T19:41:55.000,13.26,5.19,15.81,17.2,2.0,97675,-13.9,24.0,0.987
2025-04-11T19:42:55.000,13.25,5.01,15.57,17.22,2.0,97676,-14.07,24.0,0.987
2025-04-11T19:43:56.000,13.21,4.97,15.4,17.23,2.0,97677,-14.24,24.0,0.987
2025-04-11T19:44:56.000,13.17,4.86,15.41,17.23,2.0,97678,-14.4,25.0,0.987
2025-04-11T19:45:56.000,13.14,4.8,15.56,17.22,2.0,97679,-14.57,25.0,0.987
2025-04-11T19:46:57.000,13.12,4.76,15.98,17.19,2.0,97680,-14.74,25.0,0.987
2025-04-11T19:47:57.000,13.11,4.63,16.45,17.16,2.0,97681,-14.9,25.0,0.987
2025-04-11T19:48:57.000,13.11,4.63,16.89,17.13,2.0,97682,-15.07,25.0,0.987
2025-04-11T19:49:58.000,13.15,4.61,17.38,17.1,2.0,97683,-15.24,25.0,0.987
2025-04-11T19:50:58.000,13.21,4.62,17.94,17.07,2.0,97684,-15.4,26.0,0.987
2025-04-11T19:51:58.000,13.26,4.52,18.24,17.05,2.0,97685,-15.57,26.0,0.987
2025-04-11T19:52:58.000,13.27,4.32,18.51,17.03,2.0,97686,-15.73,26.0,0.987
2025-04-11T19:53:59.000,13.26,4.09,18.57,17.03,2.0,97687,-15.9,26.0,0.987
2025-04-11T19:54:59.000,13.25,3.83,18.57,17.03,2.0,97688,-16.06,26.0,0.987
2025-04-11T19:55:59.000,13.23,3.43,18.51,17.03,2.0,97689,-16.22,26.0,0.987
2025-04-11T19:56:59.000,13.21,3.15,18.39,17.04,2.0,97690,-16.39,26.0,0.987
2025-04-11T19:58:00.000,13.19,2.99,18.56,17.03,2.0,97691,-16.55,27.0,0.987
2025-04-11T19:59:00.000,13.17,2.98,18.46,17.03,2.0,97692,-16.71,27.0,0.987
2025-04-11T20:00:01.000,13.14,3.3,18.46,17.03,2.0,97693,-16.88,27.0,0.987
2025-04-11T20:01:01.000,13.15,3.95,18.04,17.06,2.0,97694,-17.04,27.0,0.987
2025-04-11T20:02:01.000,13.16,4.65,17.2,17.11,2.0,97695,-17.2,27.0,0.987
2025-04-11T20:03:01.000,13.21,5.34,15.93,17.2,2.0,97696,-17.36,27.0,0.988
2025-04-11T20:04:02.000,13.25,5.88,15.14,17.25,2.0,97697,-17.53,27.0,0.988
2025-04-11T20:05:02.000,13.27,6.15,14.56,17.29,2.0,97698,-17.69,28.0,0.988
2025-04-11T20:06:02.000,13.28,6.4,13.91,17.34,2.0,97699,-17.85,28.0,0.988
2025-04-11T20:07:02.000,13.29,6.63,13.64,17.36,2.0,97700,-18.01,28.0,0.988
2025-04-11T20:08:03.000,13.3,6.7,13.26,17.39,2.0,97701,-18.17,28.0,0.988
2025-04-11T20:09:03.000,13.31,6.76,12.69,17.44,2.0,97702,-18.33,28.0,0.988
2025-04-11T20:10:03.000,13.31,6.87,12.16,17.49,2.0,97703,-18.49,28.0,0.988
2025-04-11T20:11:03.000,13.31,6.87,11.89,17.51,2.0,97704,-18.65,28.0,0.988
2025-04-11T20:12:04.000,13.27,6.84,11.63,17.54,2.0,97705,-18.81,29.0,0.988
2025-04-11T20:13:04.000,13.27,7.0,11.42,17.56,2.0,97706,-18.97,29.0,0.988
2025-04-11T20:14:05.000,13.28,7.04,11.21,17.58,2.0,97707,-19.13,29.0,0.988
2025-04-11T20:15:05.000,13.33,7.14,11.03,17.59,2.0,97708,-19.28,29.0,0.988
2025-04-11T20:16:05.000,13.34,7.04,11.09,17.59,2.0,97709,-19.44,29.0,0.988
2025-04-11T20:17:05.000,13.36,7.01,11.35,17.56,2.0,97710,-19.6,29.0,0.988
2025-04-11T20:18:06.000,13.42,7.21,11.43,17.55,2.0,97711,-19.75,29.0,0.988
2025-04-11T20:19:06.000,13.51,7.38,11.26,17.57,2.0,97712,-19.91,29.0,0.988
2025-04-11T20:20:06.000,13.54,7.2,11.21,17.58,2.0,97713,-20.07,30.0,0.988
2025-04-11T20:21:07.000,13.6,7.48,11.18,17.58,2.0,97714,-20.22,30.0,0.988
2025-04-11T20:23:27.000,13.58,7.13,11.04,17.59,2.0,97716,-20.58,30.0,0.988
2025-04-11T20:24:27.000,13.56,7.18,11.14,17.58,2.0,97717,-20.74,30.0,0.988
2025-04-11T20:25:27.000,13.51,6.9,11.27,17.57,2.0,97718,-20.89,30.0,0.988
2025-04-11T20:26:28.000,13.45,7.07,11.36,17.56,2.0,97719,-21.05,30.0,0.988
2025-04-11T20:27:28.000,13.51,7.47,11.49,17.55,2.0,97720,-21.2,31.0,0.988
2025-04-11T20:28:28.000,13.57,7.3,11.42,17.56,2.0,97721,-21.35,31.0,0.988
2025-04-11T20:29:29.000,13.6,7.3,11.27,17.57,2.0,97722,-21.51,31.0,0.988
2025-04-11T20:30:29.000,13.62,7.39,11.33,17.56,2.0,97723,-21.66,31.0,0.988
2025-04-11T20:31:29.000,13.62,7.22,11.49,17.55,2.0,97724,-21.81,31.0,0.988
2025-04-11T20:32:29.000,13.68,7.45,11.27,17.57,2.0,97725,-21.96,31.0,0.988
2025-04-11T20:33:30.000,13.75,7.45,11.03,17.59,2.0,97726,-22.11,31.0,0.988
2025-04-11T20:34:30.000,13.78,7.15,10.94,17.6,2.0,97727,-22.26,31.0,0.988
2025-04-11T20:35:30.000,13.74,7.12,10.96,17.6,2.0,97728,-22.41,32.0,0.988
2025-04-11T20:36:30.000,13.79,7.39,11.0,17.6,2.0,97729,-22.56,32.0,0.988
2025-04-11T20:37:31.000,13.81,7.36,10.84,17.61,2.0,97730,-22.71,32.0,0.988
2025-04-11T20:38:31.000,13.91,7.93,10.74,17.62,2.0,97731,-22.86,32.0,0.988
2025-04-11T20:39:31.000,14.1,7.82,10.88,17.61,2.0,97732,-23.01,32.0,0.988
2025-04-11T20:40:31.000,14.25,7.77,10.93,17.6,2.0,97733,-23.15,32.0,0.988
2025-04-11T20:41:32.000,14.34,7.75,10.98,17.6,2.0,97734,-23.3,32.0,0.988
2025-04-11T20:42:32.000,14.43,7.63,10.91,17.61,2.0,97735,-23.45,32.0,0.988
2025-04-11T20:43:33.000,14.46,7.86,10.76,17.62,2.0,97736,-23.6,33.0,0.988
2025-04-11T20:44:33.000,14.62,8.1,10.89,17.61,2.0,97737,-23.74,33.0,0.988
2025-04-11T20:45:33.000,14.76,7.89,11.44,17.55,2.0,97738,-23.89,33.0,0.988
2025-04-11T20:46:33.000,14.82,7.7,12.01,17.5,2.0,97739,-24.03,33.0,0.988
2025-04-11T20:47:34.000,14.91,7.7,13.03,17.41,2.0,97740,-24.18,33.0,0.988
2025-04-11T20:48:34.000,15.0,7.57,13.54,17.37,2.0,97741,-24.32,33.0,0.988
2025-04-11T20:49:34.000,15.09,7.46,13.46,17.38,2.0,97742,-24.47,33.0,0.988
2025-04-11T20:50:34.000,15.16,7.25,13.12,17.41,2.0,97743,-24.61,33.0,0.988
2025-04-11T20:51:35.000,15.21,7.1,12.93,17.42,2.0,97744,-24.76,34.0,0.988
2025-04-11T20:52:35.000,15.27,7.2,13.01,17.41,2.0,97745,-24.9,34.0,0.988
2025-04-11T20:53:36.000,15.32,7.25,12.94,17.42,2.0,97746,-25.04,34.0,0.988
2025-04-11T20:54:36.000,15.37,7.36,12.73,17.44,2.0,97747,-25.18,34.0,0.988
2025-04-11T20:55:36.000,15.42,7.28,12.4,17.47,2.0,97748,-25.32,34.0,0.988
2025-04-11T20:56:36.000,15.43,7.21,12.26,17.48,2.0,97749,-25.46,34.0,0.988
2025-04-11T20:57:37.000,15.45,7.2,12.45,17.46,2.0,97750,-25.61,34.0,0.988
2025-04-11T20:58:37.000,15.49,7.34,12.59,17.45,2.0,97751,-25.74,34.0,0.988
2025-04-11T20:59:38.000,15.55,7.31,12.72,17.44,2.0,97752,-25.89,34.0,0.988
2025-04-11T21:00:38.000,15.56,7.23,11.59,17.54,2.0,97753,-26.02,35.0,0.988
2025-04-11T21:01:38.000,15.58,7.04,10.8,17.62,2.0,97754,-26.16,35.0,0.988
2025-04-11T21:02:38.000,15.57,6.98,10.97,17.6,2.0,97755,-26.3,35.0,0.988
2025-04-11T21:03:39.000,15.59,6.8,11.93,17.51,2.0,97756,-26.44,35.0,0.988
2025-04-11T21:04:39.000,15.59,6.42,12.48,17.46,2.0,97757,-26.57,35.0,0.988
2025-04-11T21:05:40.000,15.57,6.37,12.08,17.49,2.0,97758,-26.71,35.0,0.988
2025-04-11T21:06:40.000,15.61,6.69,11.33,17.56,2.0,97759,-26.85,35.0,0.988
2025-04-11T21:07:40.000,15.68,6.8,10.87,17.61,2.0,97760,-26.98,35.0,0.988
2025-04-11T21:08:40.000,15.7,6.7,10.48,17.65,2.0,97761,-27.12,35.0,0.988
2025-04-11T21:09:41.000,15.7,6.67,10.53,17.64,2.0,97762,-27.25,36.0,0.988
2025-04-11T21:10:41.000,15.67,6.76,10.68,17.63,2.0,97763,-27.38,36.0,0.988
2025-04-11T21:11:41.000,15.68,6.88,10.6,17.64,2.0,97764,-27.52,36.0,0.988
2025-04-11T21:12:41.000,15.66,7.06,10.44,17.65,2.0,97765,-27.65,36.0,0.988
2025-04-11T21:13:42.000,15.67,7.36,10.12,17.69,2.0,97766,-27.78,36.0,0.989
2025-04-11T21:14:42.000,15.68,7.51,9.92,17.71,2.0,97767,-27.91,36.0,0.989
2025-04-11T21:15:43.000,15.66,7.6,10.49,17.65,2.0,97768,-28.05,36.0,0.989
2025-04-11T21:16:43.000,15.66,7.68,11.44,17.55,2.0,97769,-28.18,36.0,0.989
2025-04-11T21:17:43.000,15.62,7.82,11.31,17.57,2.0,97770,-28.31,36.0,0.989
2025-04-11T21:18:43.000,15.6,7.95,10.96,17.6,2.0,97771,-28.43,36.0,0.989
2025-04-11T21:19:44.000,15.59,8.02,10.77,17.62,2.0,97772,-28.56,37.0,0.989
2025-04-11T21:20:44.000,15.58,7.92,10.18,17.68,2.0,97773,-28.69,37.0,0.989
2025-04-11T21:21:45.000,15.57,7.88,10.2,17.68,2.0,97774,-28.82,37.0,0.989
2025-04-11T21:22:45.000,15.54,7.8,10.77,17.62,2.0,97775,-28.95,37.0,0.989
2025-04-11T21:23:45.000,15.53,7.71,11.3,17.57,2.0,97776,-29.07,37.0,0.989
2025-04-11T21:24:45.000,15.52,7.6,11.99,17.5,2.0,97777,-29.2,37.0,0.989
2025-04-11T21:25:46.000,15.55,7.51,12.42,17.46,2.0,97778,-29.33,37.0,0.989
2025-04-11T21:26:46.000,15.57,7.38,12.67,17.44,2.0,97779,-29.45,37.0,0.989
2025-04-11T21:27:47.000,15.62,7.33,12.89,17.42,2.0,97780,-29.57,37.0,0.989
2025-04-11T21:28:47.000,15.66,7.28,13.07,17.41,2.0,97781,-29.7,37.0,0.989
2025-04-11T21:29:47.000,15.66,7.18,13.0,17.41,2.0,97782,-29.82,37.0,0.989
2025-04-11T21:30:47.000,15.69,7.36,12.85,17.43,2.0,97783,-29.94,38.0,0.989
2025-04-11T21:31:48.000,15.76,7.35,12.75,17.44,2.0,97784,-30.06,38.0,0.989
2025-04-11T21:32:48.000,15.78,7.1,12.43,17.46,2.0,97785,-30.19,38.0,0.989
2025-04-11T21:33:48.000,15.73,6.87,12.12,17.49,2.0,97786,-30.31,38.0,0.989
2025-04-11T21:34:48.000,15.71,7.22,11.57,17.54,2.0,97787,-30.42,38.0,0.989
2025-04-11T21:35:49.000,15.8,7.38,11.26,17.57,2.0,97788,-30.54,38.0,0.989
2025-04-11T21:36:49.000,15.86,7.12,11.09,17.59,2.0,97789,-30.66,38.0,0.989
2025-04-11T21:37:50.000,15.8,6.68,11.08,17.59,2.0,97790,-30.78,38.0,0.989
2025-04-11T21:38:50.000,15.77,6.77,11.34,17.56,2.0,97791,-30.9,38.0,0.989
2025-04-11T21:39:50.000,15.79,6.67,11.66,17.53,2.0,97792,-31.01,38.0,0.989
2025-04-11T21:40:50.000,15.76,6.16,11.97,17.51,2.0,97793,-31.13,38.0,0.989
2025-04-11T21:41:51.000,15.71,6.1,12.22,17.48,2.0,97794,-31.25,38.0,0.989
2025-04-11T21:42:51.000,15.73,6.26,12.43,17.46,2.0,97795,-31.36,39.0,0.989
2025-04-11T21:43:52.000,15.77,6.28,12.57,17.45,2.0,97796,-31.48,39.0,0.989
2025-04-11T21:44:52.000,15.73,6.16,12.5,17.46,2.0,97797,-31.59,39.0,0.989
2025-04-11T21:45:52.000,15.72,6.25,12.4,17.47,2.0,97798,-31.7,39.0,0.989
2025-04-11T21:46:52.000,15.72,6.32,12.69,17.44,2.0,97799,-31.81,39.0,0.989
2025-04-11T21:47:53.000,15.69,6.04,13.15,17.4,2.0,97800,-31.92,39.0,0.989
2025-04-11T21:48:53.000,15.68,6.05,13.58,17.37,2.0,97801,-32.03,39.0,0.989
2025-04-11T21:49:53.000,15.7,6.02,13.99,17.34,2.0,97802,-32.14,39.0,0.989
2025-04-11T21:50:53.000,15.69,5.82,14.77,17.28,2.0,97803,-32.25,39.0,0.989
2025-04-11T21:51:54.000,15.7,5.94,14.83,17.27,2.0,97804,-32.36,39.0,0.989
2025-04-11T21:52:54.000,15.7,6.24,13.71,17.36,2.0,97805,-32.47,39.0,0.989
2025-04-11T21:53:55.000,15.68,6.17,13.88,17.34,2.0,97806,-32.58,39.0,0.989
2025-04-11T21:54:55.000,15.68,6.18,14.23,17.32,2.0,97807,-32.68,39.0,0.989
2025-04-11T21:55:55.000,15.66,6.12,14.03,17.33,2.0,97808,-32.79,40.0,0.989
2025-04-11T21:56:56.000,15.6,5.95,13.99,17.34,2.0,97809,-32.9,40.0,0.989
2025-04-11T21:57:56.000,15.53,6.11,14.08,17.33,2.0,97810,-33.0,40.0,0.989
2025-04-11T21:58:56.000,15.5,6.15,14.23,17.32,2.0,97811,-33.1,40.0,0.989
2025-04-11T21:59:57.000,15.45,6.05,14.64,17.29,2.0,97812,-33.21,40.0,0.989
2025-04-11T22:00:57.000,15.39,6.07,15.06,17.26,2.0,97813,-33.31,40.0,0.989
2025-04-11T22:01:57.000,15.39,5.98,15.27,17.24,2.0,97814,-33.41,40.0,0.989
2025-04-11T22:02:57.000,15.3,5.83,15.61,17.22,2.0,97815,-33.51,40.0,0.989
2025-04-11T22:03:58.000,15.32,6.3,15.67,17.21,2.0,97816,-33.61,40.0,0.989
2025-04-11T22:04:58.000,15.39,6.24,15.71,17.21,2.0,97817,-33.71,40.0,0.989
2025-04-11T22:05:59.000,15.44,5.81,16.85,17.13,2.0,97818,-33.81,40.0,0.989
2025-04-11T22:06:59.000,15.44,5.68,17.77,17.08,2.0,97819,-33.9,40.0,0.989
2025-04-11T22:07:59.000,15.45,5.66,18.23,17.05,2.0,97820,-34.0,40.0,0.989
2025-04-11T22:08:59.000,15.47,5.78,18.8,17.01,2.0,97821,-34.1,40.0,0.989
2025-04-11T22:10:00.000,15.49,5.66,18.61,17.03,2.0,97822,-34.19,40.0,0.989
2025-04-11T22:11:00.000,15.51,5.58,18.64,17.02,2.0,97823,-34.29,40.0,0.989
2025-04-11T22:12:01.000,15.48,5.33,17.96,17.07,2.0,97824,-34.38,40.0,0.989
2025-04-11T22:13:01.000,15.46,5.76,15.04,17.26,2.0,97825,-34.47,41.0,0.989
2025-04-11T22:14:02.000,15.48,5.85,14.84,17.27,2.0,97826,-34.57,41.0,0.989
2025-04-11T22:15:02.000,15.44,5.66,16.13,17.18,2.0,97827,-34.66,41.0,0.989
2025-04-11T22:16:02.000,15.37,5.47,17.45,17.1,2.0,97828,-34.75,41.0,0.989
2025-04-11T22:17:02.000,15.31,5.0,19.75,16.96,2.0,97829,-34.84,41.0,0.989
2025-04-11T22:18:03.000,15.24,4.45,21.24,16.88,2.0,97830,-34.93,41.0,0.989
2025-04-11T22:19:03.000,15.18,4.44,20.9,16.9,2.0,97831,-35.02,41.0,0.989
2025-04-11T22:20:04.000,15.14,4.66,19.65,16.97,2.0,97832,-35.1,41.0,0.989
2025-04-11T22:21:04.000,15.12,4.94,18.95,17.01,2.0,97833,-35.19,41.0,0.989
2025-04-11T22:22:04.000,15.14,5.21,19.01,17.0,2.0,97834,-35.27,41.0,0.989
2025-04-11T22:23:04.000,15.1,5.17,18.34,17.04,2.0,97835,-35.36,41.0,0.989
2025-04-11T22:24:05.000,15.04,5.18,18.83,17.01,2.0,97836,-35.44,41.0,0.989
2025-04-11T22:25:05.000,15.01,5.23,19.09,17.0,2.0,97837,-35.53,41.0,0.989
2025-04-11T22:26:06.000,14.98,5.24,19.05,17.0,2.0,97838,-35.61,41.0,0.989
2025-04-11T22:27:06.000,14.97,5.28,19.23,16.99,2.0,97839,-35.69,41.0,0.989
2025-04-11T22:28:06.000,14.97,5.32,19.29,16.99,2.0,97840,-35.77,41.0,0.99
2025-04-11T22:29:06.000,15.02,5.53,19.41,16.98,2.0,97841,-35.85,41.0,0.99
2025-04-11T22:30:07.000,15.06,5.56,19.15,16.99,2.0,97842,-35.93,41.0,0.99
2025-04-11T22:31:07.000,15.05,5.7,18.82,17.01,2.0,97843,-36.01,41.0,0.99
2025-04-11T22:32:07.000,15.04,5.77,19.36,16.98,2.0,97844,-36.09,41.0,0.99
2025-04-11T22:33:07.000,15.07,5.92,19.79,16.96,2.0,97845,-36.16,41.0,0.99
2025-04-11T22:34:08.000,15.09,5.9,19.69,16.96,2.0,97846,-36.24,41.0,0.99
2025-04-11T22:35:08.000,15.08,5.95,19.35,16.98,2.0,97847,-36.31,41.0,0.99
2025-04-11T22:36:08.000,15.11,5.9,18.95,17.01,2.0,97848,-36.39,41.0,0.99
2025-04-11T22:37:08.000,15.07,5.69,19.02,17.0,2.0,97849,-36.46,41.0,0.99
2025-04-11T22:38:09.000,15.05,5.53,19.85,16.96,2.0,97850,-36.53,41.0,0.99
2025-04-11T22:39:09.000,15.05,5.39,20.09,16.94,2.0,97851,-36.6,41.0,0.99
2025-04-11T22:40:10.000,15.03,5.4,20.02,16.95,2.0,97852,-36.67,42.0,0.99
2025-04-11T22:41:10.000,15.04,5.64,19.4,16.98,2.0,97853,-36.74,42.0,0.99
2025-04-11T22:42:10.000,15.05,5.63,19.14,17.0,2.0,97854,-36.81,42.0,0.99
2025-04-11T22:43:10.000,15.04,5.73,18.55,17.03,2.0,97855,-36.88,42.0,0.99
2025-04-11T22:44:11.000,15.04,5.76,18.62,17.03,2.0,97856,-36.94,42.0,0.99
2025-04-11T22:45:11.000,15.02,5.9,15.81,17.21,2.0,97857,-37.01,42.0,0.99
2025-04-11T22:46:12.000,15.01,6.27,13.85,17.35,2.0,97858,-37.07,42.0,0.99
2025-04-11T22:47:12.000,15.04,6.56,13.2,17.4,2.0,97859,-37.14,42.0,0.99
2025-04-11T22:48:12.000,15.06,6.52,13.44,17.38,2.0,97860,-37.2,42.0,0.99
2025-04-11T22:49:12.000,15.06,6.46,13.88,17.34,2.0,97861,-37.26,42.0,0.99
2025-04-11T22:50:13.000,15.08,6.81,14.04,17.33,2.0,97862,-37.32,42.0,0.99
2025-04-11T22:51:13.000,15.1,6.96,13.82,17.35,2.0,97863,-37.38,42.0,0.99
2025-04-11T22:52:13.000,15.15,7.25,13.95,17.34,2.0,97864,-37.44,42.0,0.99
2025-04-11T22:53:13.000,15.19,7.37,13.36,17.39,2.0,97865,-37.5,42.0,0.99
2025-04-11T22:54:14.000,15.18,7.14,12.89,17.42,2.0,97866,-37.56,42.0,0.99
2025-04-11T22:55:14.000,15.12,6.75,13.76,17.35,2.0,97867,-37.61,42.0,0.99
2025-04-11T22:56:15.000,15.11,6.81,14.98,17.26,2.0,97868,-37.67,42.0,0.99
