ecsv/stars795/stars795_2024-04.ecsv
# %ECSV 1.0
# ---
# datatype:
# - {name: time, datatype: string}
# - {name: Enclosure Temperature, unit: deg_C, datatype: float64}
# - {name: Sky Temperature, unit: deg_C, datatype: float64}
# - {name: Frequency, unit: Hz, datatype: float64}
# - {name: MSAS, unit: mag / arcsec2, datatype: float64}
# - {name: ZP, datatype: float64}
# - {name: Sequence Number, datatype: int64}
# - {name: Sun Alt, unit: deg, datatype: float64}
# - {name: Moon Alt, unit: deg, datatype: float64}
# - {name: Moon Illumination, datatype: float64}
# delimiter: ','
# meta: !!omap
# - ida:
#     Data supplier: {affiliation: Astrolizard Observatory, observer: null}
#     Device type: TESS-W
#     Field of view: 17.0
#     Filters per channel: None
#     Instrument ID: stars795
#     License: ODbL 1.0 http://opendatacommons.org/licenses/odbl/summary/
#     Local timezone: Europe/Madrid
#     Location name: {country: '- Astrolizard Observatory', place: 'Joanetes, Girona', region: Spain, sub_region: Catalonia, town: Garrotxa}
#     Measurement direction per channel: {azimuth: 0.0, zenital: 0.0}
#     Moving / Fixed look direction: FIXED
#     Moving / Stationary position: STATIONARY
#     Number of channels: 1
#     Number of fields per line: 8
#     Number of header lines: 35
#     Position: {height: 0.0, latitude: 42.1249419, longitude: 2.4379616}
#     TESS MAC address: E8:DB:84:83:7C:98
#     TESS cover offset value: 0.0
#     TESS firmware version: '1.0'
#     TESS zero point: 2.0
#     Time Synchronization: timestamp added by MQTT subscriber
#     URL: http://www.darksky.org/NSBM/sdf1.0.pdf
# - __serialized_columns__:
#     Enclosure Temperature:
#       __class__: astropy.units.quantity.Quantity
#       unit: &id001 !astropy.units.Unit {unit: deg_C}
#       value: !astropy.table.SerializedColumn {name: Enclosure Temperature}
#     Frequency:
#       __class__: astropy.units.quantity.Quantity
#       unit: !astropy.units.Unit {unit: Hz}
#       value: !astropy.table.SerializedColumn {name: Frequency}
#     MSAS:
#       __class__: astropy.units.quantity.Quantity
#       unit: !astropy.units.Unit {unit: mag / arcsec2}
#       value: !astropy.table.SerializedColumn {name: MSAS}
#     Moon Alt:
#       __class__: astropy.units.quantity.Quantity
#       unit: &id002 !astropy.units.Unit {unit: deg}
#       value: !astropy.table.SerializedColumn {name: Moon Alt}
#     Sky Temperature:
#       __class__: astropy.units.quantity.Quantity
#       unit: *id001
#       value: !astropy.table.SerializedColumn {name: Sky Temperature}
#     Sun Alt:
#       __class__: astropy.units.quantity.Quantity
#       unit: *id002
#       value: !astropy.table.SerializedColumn {name: Sun Alt}
#     time:
#       __class__: astropy.time.core.Time
#       format: isot
#       in_subfmt: '*'
#       out_subfmt: '*'
#       precision: 3
#       scale: utc
#       value: !astropy.table.SerializedColumn {name: time}
# schema: astropy-2.0
time,Enclosure Temperature,Sky Temperature,Frequency,MSAS,ZP,Sequence Number,Sun Alt,Moon Alt,Moon Illumination
[from data line 11364]
2024-04-15T19:31:32.000,14.8,-6.13,11.29,17.57,2.0,4242,-11.21,66.0,0.503
2024-04-15T19:32:32.000,14.8,-6.11,10.71,17.63,2.0,4243,-11.38,66.0,0.503
2024-04-15T19:33:32.000,14.78,-6.21,10.16,17.68,2.0,4244,-11.55,66.0,0.503
2024-04-15T19:34:32.000,14.72,-6.48,9.65,17.74,2.0,4245,-11.72,66.0,0.503
2024-04-15T19:35:33.000,14.65,-6.33,9.25,17.79,2.0,4246,-11.89,66.0,0.503
2024-04-15T19:36:33.000,14.59,-6.47,8.84,17.83,2.0,4247,-12.05,66.0,0.503
2024-04-15T19:37:35.000,14.57,-6.26,8.55,17.87,2.0,4248,-12.23,66.0,0.503
2024-04-15T19:38:35.000,14.55,-6.26,8.2,17.92,2.0,4249,-12.39,65.0,0.503
2024-04-15T19:39:35.000,14.54,-6.21,7.88,17.96,2.0,4250,-12.56,65.0,0.503
2024-04-15T19:40:35.000,14.55,-6.14,7.62,18.0,2.0,4251,-12.72,65.0,0.503
2024-04-15T19:41:36.000,14.54,-6.36,7.38,18.03,2.0,4252,-12.89,65.0,0.503
2024-04-15T19:42:36.000,14.49,-6.28,7.18,18.06,2.0,4253,-13.06,65.0,0.503
2024-04-15T19:43:36.000,14.51,-6.25,6.95,18.1,2.0,4254,-13.22,65.0,0.503
2024-04-15T19:44:37.000,14.51,-6.18,6.75,18.13,2.0,4255,-13.39,65.0,0.503
2024-04-15T19:45:37.000,14.52,-6.13,6.57,18.16,2.0,4256,-13.55,64.0,0.504
2024-04-15T19:46:38.000,14.57,-6.03,6.4,18.19,2.0,4257,-13.72,64.0,0.504
2024-04-15T19:47:37.000,14.59,-6.14,6.29,18.2,2.0,4258,-13.88,64.0,0.504
2024-04-15T19:48:37.000,14.6,-6.12,6.19,18.22,2.0,4259,-14.05,64.0,0.504
2024-04-15T19:49:38.000,14.58,-6.21,6.08,18.24,2.0,4260,-14.21,64.0,0.504
2024-04-15T19:50:38.000,14.55,-6.23,5.95,18.26,2.0,4261,-14.37,64.0,0.504
2024-04-15T19:51:39.000,14.53,-6.24,5.78,18.3,2.0,4262,-14.54,63.0,0.504
2024-04-15T19:52:39.000,14.5,-6.25,5.67,18.32,2.0,4263,-14.7,63.0,0.504
2024-04-15T19:53:39.000,14.44,-6.54,5.6,18.33,2.0,4264,-14.86,63.0,0.504
2024-04-15T19:54:39.000,14.38,-6.45,5.48,18.35,2.0,4265,-15.03,63.0,0.504
2024-04-15T19:55:40.000,14.32,-6.54,5.36,18.38,2.0,4266,-15.19,63.0,0.504
2024-04-15T19:56:40.000,14.27,-6.41,5.29,18.39,2.0,4267,-15.35,63.0,0.504
2024-04-15T19:57:41.000,14.19,-6.74,5.23,18.4,2.0,4268,-15.51,62.0,0.504
2024-04-15T19:58:41.000,14.09,-6.64,5.15,18.42,2.0,4269,-15.67,62.0,0.504
2024-04-15T19:59:41.000,14.02,-6.51,5.08,18.44,2.0,4270,-15.83,62.0,0.505
2024-04-15T20:00:41.000,13.97,-6.54,5.0,18.45,2.0,4271,-15.99,62.0,0.505
2024-04-15T20:01:42.000,13.96,-6.49,4.94,18.47,2.0,4272,-16.16,62.0,0.505
2024-04-15T20:02:42.000,13.95,-6.5,4.88,18.48,2.0,4273,-16.32,62.0,0.505
2024-04-15T20:03:42.000,13.93,-6.54,4.82,18.49,2.0,4274,-16.47,61.0,0.505
2024-04-15T20:04:42.000,13.93,-6.52,4.78,18.5,2.0,4275,-16.63,61.0,0.505
2024-04-15T20:05:43.000,13.92,-6.55,4.73,18.51,2.0,4276,-16.79,61.0,0.505
2024-04-15T20:06:43.000,13.92,-6.52,4.68,18.52,2.0,4277,-16.95,61.0,0.505
2024-04-15T20:07:43.000,13.92,-6.55,4.62,18.54,2.0,4278,-17.11,61.0,0.505
2024-04-15T20:08:44.000,13.92,-6.59,4.56,18.55,2.0,4279,-17.27,61.0,0.505
2024-04-15T20:09:43.000,13.9,-6.66,4.51,18.56,2.0,4280,-17.42,60.0,0.505
2024-04-15T20:10:43.000,13.87,-6.72,4.49,18.57,2.0,4281,-17.58,60.0,0.505
2024-04-15T20:11:44.000,13.83,-6.83,4.44,18.58,2.0,4282,-17.74,60.0,0.505
2024-04-15T20:12:44.000,13.78,-6.81,4.4,18.59,2.0,4283,-17.89,60.0,0.505
2024-04-15T20:13:46.000,13.78,-6.71,4.34,18.61,2.0,4284,-18.06,60.0,0.506
2024-04-15T20:14:45.000,13.74,-7.0,4.28,18.62,2.0,4285,-18.21,60.0,0.506
2024-04-15T20:15:45.000,13.67,-6.92,4.23,18.63,2.0,4286,-18.36,59.0,0.506
2024-04-15T20:16:46.000,13.61,-6.92,4.18,18.65,2.0,4287,-18.52,59.0,0.506
2024-04-15T20:17:46.000,13.57,-6.77,4.15,18.66,2.0,4288,-18.67,59.0,0.506
2024-04-15T20:18:46.000,13.56,-6.83,4.13,18.66,2.0,4289,-18.83,59.0,0.506
2024-04-15T20:19:47.000,13.55,-6.8,4.11,18.67,2.0,4290,-18.98,59.0,0.506
2024-04-15T20:20:47.000,13.53,-6.86,4.08,18.67,2.0,4291,-19.14,59.0,0.506
2024-04-15T20:21:47.000,13.53,-6.6,4.07,18.68,2.0,4292,-19.29,58.0,0.506
2024-04-15T20:22:47.000,13.53,-6.75,4.03,18.69,2.0,4293,-19.44,58.0,0.506
2024-04-15T20:23:48.000,13.54,-6.59,4.01,18.69,2.0,4294,-19.6,58.0,0.506
2024-04-15T20:24:48.000,13.57,-6.33,3.99,18.7,2.0,4295,-19.75,58.0,0.506
2024-04-15T20:25:48.000,13.65,-6.51,3.99,18.7,2.0,4296,-19.9,58.0,0.506
2024-04-15T20:26:48.000,13.65,-6.46,3.95,18.71,2.0,4297,-20.05,58.0,0.506
2024-04-15T20:27:48.000,13.67,-6.39,3.92,18.72,2.0,4298,-20.2,57.0,0.506
2024-04-15T20:28:49.000,13.68,-6.6,3.9,18.72,2.0,4299,-20.35,57.0,0.507
2024-04-15T20:29:49.000,13.64,-6.75,3.89,18.73,2.0,4300,-20.5,57.0,0.507
2024-04-15T20:30:50.000,13.59,-6.78,3.86,18.73,2.0,4301,-20.65,57.0,0.507
2024-04-15T20:31:50.000,13.53,-6.86,3.83,18.74,2.0,4302,-20.8,57.0,0.507
2024-04-15T20:32:51.000,13.48,-6.87,3.81,18.75,2.0,4303,-20.95,57.0,0.507
2024-04-15T20:33:51.000,13.43,-6.97,3.79,18.75,2.0,4304,-21.1,56.0,0.507
2024-04-15T20:34:51.000,13.37,-6.79,3.78,18.76,2.0,4305,-21.25,56.0,0.507
2024-04-15T20:35:51.000,13.32,-6.82,3.77,18.76,2.0,4306,-21.39,56.0,0.507
2024-04-15T20:36:52.000,13.27,-6.94,3.73,18.77,2.0,4307,-21.54,56.0,0.507
2024-04-15T20:37:52.000,13.2,-6.86,3.71,18.78,2.0,4308,-21.69,56.0,0.507
2024-04-15T20:38:52.000,13.15,-6.81,3.69,18.78,2.0,4309,-21.83,56.0,0.507
2024-04-15T20:39:53.000,13.13,-6.85,3.68,18.79,2.0,4310,-21.98,55.0,0.507
2024-04-15T20:40:53.000,13.1,-6.86,3.66,18.79,2.0,4311,-22.13,55.0,0.507
2024-04-15T20:41:53.000,13.08,-6.83,3.64,18.8,2.0,4312,-22.27,55.0,0.507
2024-04-15T20:42:53.000,13.06,-6.89,3.62,18.8,2.0,4313,-22.41,55.0,0.508
2024-04-15T20:43:54.000,13.02,-6.95,3.6,18.81,2.0,4314,-22.56,55.0,0.508
2024-04-15T20:44:54.000,12.98,-6.99,3.58,18.82,2.0,4315,-22.7,54.0,0.508
2024-04-15T20:45:54.000,12.92,-7.02,3.58,18.82,2.0,4316,-22.85,54.0,0.508
2024-04-15T20:46:54.000,12.88,-6.99,3.57,18.82,2.0,4317,-22.99,54.0,0.508
2024-04-15T20:47:55.000,12.83,-7.14,3.55,18.82,2.0,4318,-23.13,54.0,0.508
2024-04-15T20:48:55.000,12.77,-7.11,3.55,18.83,2.0,4319,-23.27,54.0,0.508
2024-04-15T20:49:55.000,12.72,-6.95,3.54,18.83,2.0,4320,-23.41,54.0,0.508
2024-04-15T20:50:55.000,12.72,-6.98,3.52,18.83,2.0,4321,-23.55,53.0,0.508
2024-04-15T20:51:56.000,12.68,-7.16,3.49,18.84,2.0,4322,-23.7,53.0,0.508
2024-04-15T20:52:56.000,12.62,-7.24,3.48,18.85,2.0,4323,-23.84,53.0,0.508
2024-04-15T20:53:56.000,12.52,-7.4,3.49,18.85,2.0,4324,-23.98,53.0,0.508
2024-04-15T20:54:56.000,12.44,-7.25,3.47,18.85,2.0,4325,-24.11,53.0,0.508
2024-04-15T20:55:56.000,12.4,-7.09,3.46,18.85,2.0,4326,-24.25,52.0,0.508
2024-04-15T20:56:56.000,12.41,-7.05,3.47,18.85,2.0,4327,-24.39,52.0,0.508
2024-04-15T20:57:57.000,12.45,-6.87,3.47,18.85,2.0,4328,-24.53,52.0,0.509
2024-04-15T20:58:57.000,12.47,-7.14,3.46,18.85,2.0,4329,-24.66,52.0,0.509
2024-04-15T20:59:58.000,12.45,-7.04,3.46,18.85,2.0,4330,-24.8,52.0,0.509
2024-04-15T21:00:58.000,12.5,-6.85,3.46,18.85,2.0,4331,-24.94,52.0,0.509
2024-04-15T21:01:58.000,12.53,-6.9,3.47,18.85,2.0,4332,-25.07,51.0,0.509
2024-04-15T21:02:58.000,12.57,-6.96,3.48,18.85,2.0,4333,-25.21,51.0,0.509
2024-04-15T21:03:59.000,12.59,-6.95,3.47,18.85,2.0,4334,-25.34,51.0,0.509
2024-04-15T21:04:59.000,12.61,-7.01,3.46,18.85,2.0,4335,-25.48,51.0,0.509
2024-04-15T21:05:59.000,12.62,-6.92,3.44,18.86,2.0,4336,-25.61,51.0,0.509
2024-04-15T21:06:59.000,12.65,-6.84,3.42,18.87,2.0,4337,-25.74,51.0,0.509
2024-04-15T21:07:59.000,12.69,-6.85,3.41,18.87,2.0,4338,-25.87,50.0,0.509
2024-04-15T21:09:00.000,12.71,-7.07,3.38,18.88,2.0,4339,-26.01,50.0,0.509
2024-04-15T21:10:00.000,12.68,-7.1,3.37,18.88,2.0,4340,-26.14,50.0,0.509
2024-04-15T21:11:00.000,12.69,-6.96,3.36,18.89,2.0,4341,-26.27,50.0,0.509
2024-04-15T21:12:01.000,12.7,-6.99,3.35,18.89,2.0,4342,-26.4,50.0,0.51
2024-04-15T21:13:01.000,12.7,-7.01,3.33,18.89,2.0,4343,-26.53,49.0,0.51
2024-04-15T21:14:01.000,12.69,-7.05,3.31,18.9,2.0,4344,-26.66,49.0,0.51
2024-04-15T21:15:01.000,12.7,-7.04,3.28,18.91,2.0,4345,-26.79,49.0,0.51
2024-04-15T21:16:01.000,12.7,-6.92,3.26,18.92,2.0,4346,-26.91,49.0,0.51
2024-04-15T21:17:02.000,12.69,-7.03,3.25,18.92,2.0,4347,-27.04,49.0,0.51
2024-04-15T21:18:02.000,12.67,-7.04,3.23,18.93,2.0,4348,-27.17,49.0,0.51
2024-04-15T21:19:02.000,12.63,-7.01,3.22,18.93,2.0,4349,-27.3,48.0,0.51
2024-04-15T21:20:02.000,12.59,-7.2,3.21,18.94,2.0,4350,-27.42,48.0,0.51
2024-04-15T21:21:10.000,12.53,-7.19,3.19,18.94,2.0,4351,-27.56,48.0,0.51
2024-04-15T21:22:10.000,12.48,-7.16,3.18,18.95,2.0,4352,-27.69,48.0,0.51
2024-04-15T21:23:10.000,12.41,-7.25,3.16,18.95,2.0,4353,-27.81,48.0,0.51
2024-04-15T21:24:11.000,12.35,-7.24,3.16,18.95,2.0,4354,-27.93,47.0,0.51
2024-04-15T21:25:11.000,12.28,-7.33,3.15,18.95,2.0,4355,-28.06,47.0,0.51
2024-04-15T21:26:11.000,12.23,-7.27,3.14,18.96,2.0,4356,-28.18,47.0,0.51
2024-04-15T21:27:11.000,12.19,-7.19,3.13,18.96,2.0,4357,-28.3,47.0,0.511
2024-04-15T21:28:12.000,12.15,-6.96,3.15,18.95,2.0,4358,-28.42,47.0,0.511
2024-04-15T21:29:12.000,12.14,-6.75,3.22,18.93,2.0,4359,-28.54,47.0,0.511
2024-04-15T21:30:12.000,12.14,-6.48,3.3,18.91,2.0,4360,-28.66,46.0,0.511
2024-04-15T21:31:12.000,12.1,-6.66,3.72,18.77,2.0,4361,-28.78,46.0,0.511
2024-04-15T21:32:14.000,12.03,-6.54,3.07,18.99,2.0,4362,-28.9,46.0,0.511
2024-04-15T21:33:14.000,12.02,-6.19,3.23,18.93,2.0,4363,-29.02,46.0,0.511
2024-04-15T21:34:14.000,12.05,-5.66,2.99,19.02,2.0,4364,-29.14,46.0,0.511
2024-04-15T21:35:14.000,12.15,-4.77,3.18,18.96,2.0,4365,-29.25,45.0,0.511
2024-04-15T21:36:15.000,12.22,-4.1,3.01,19.01,2.0,4366,-29.37,45.0,0.511
2024-04-15T21:37:15.000,12.3,-3.37,3.33,18.91,2.0,4367,-29.49,45.0,0.511
2024-04-15T21:38:15.000,12.37,-2.89,3.38,18.9,2.0,4368,-29.6,45.0,0.511
2024-04-15T21:39:15.000,12.4,-2.28,3.84,18.74,2.0,4369,-29.71,45.0,0.511
2024-04-15T21:40:16.000,12.41,-2.09,3.36,18.89,2.0,4370,-29.83,45.0,0.511
2024-04-15T21:41:16.000,12.38,-1.78,4.0,18.7,2.0,4371,-29.94,44.0,0.512
2024-04-15T21:42:16.000,12.37,-1.54,3.71,18.78,2.0,4372,-30.05,44.0,0.512
2024-04-15T21:43:16.000,12.38,-1.4,3.79,18.75,2.0,4373,-30.16,44.0,0.512
2024-04-15T21:44:17.000,12.42,-1.16,3.84,18.74,2.0,4374,-30.28,44.0,0.512
2024-04-15T21:45:17.000,12.46,-0.91,4.05,18.68,2.0,4375,-30.39,44.0,0.512
2024-04-15T21:46:18.000,12.52,-0.68,3.95,18.71,2.0,4376,-30.5,43.0,0.512
2024-04-15T21:47:18.000,12.56,-0.69,5.36,18.38,2.0,4377,-30.6,43.0,0.512
2024-04-15T21:48:18.000,12.56,-0.93,5.84,18.28,2.0,4378,-30.71,43.0,0.512
2024-04-15T21:49:18.000,12.52,-1.92,5.9,18.27,2.0,4379,-30.82,43.0,0.512
2024-04-15T21:50:18.000,12.49,-3.69,4.93,18.47,2.0,4380,-30.93,43.0,0.512
2024-04-15T21:51:19.000,12.43,-5.43,3.56,18.83,2.0,4381,-31.03,42.0,0.512
2024-04-15T21:52:20.000,12.39,-6.58,2.67,19.14,2.0,4382,-31.14,42.0,0.512
2024-04-15T21:53:20.000,12.33,-7.12,2.52,19.2,2.0,4383,-31.24,42.0,0.512
2024-04-15T21:54:20.000,12.27,-7.14,2.48,19.22,2.0,4384,-31.35,42.0,0.512
2024-04-15T21:55:20.000,12.26,-7.07,2.41,19.24,2.0,4385,-31.45,42.0,0.512
2024-04-15T21:56:22.000,12.24,-7.17,2.41,19.25,2.0,4386,-31.56,42.0,0.513
2024-04-15T21:57:21.000,12.19,-7.36,2.36,19.27,2.0,4387,-31.66,41.0,0.513
2024-04-15T21:58:21.000,12.15,-7.38,2.33,19.28,2.0,4388,-31.76,41.0,0.513
2024-04-15T21:59:22.000,12.07,-7.49,2.3,19.3,2.0,4389,-31.86,41.0,0.513
2024-04-15T22:00:22.000,12.04,-7.41,2.29,19.3,2.0,4390,-31.96,41.0,0.513
2024-04-15T22:01:22.000,12.02,-7.36,2.26,19.32,2.0,4391,-32.06,41.0,0.513
2024-04-15T22:02:22.000,12.02,-7.29,2.24,19.32,2.0,4392,-32.15,40.0,0.513
2024-04-15T22:03:23.000,12.03,-7.26,2.18,19.35,2.0,4393,-32.25,40.0,0.513
2024-04-15T22:04:23.000,12.03,-7.35,2.15,19.37,2.0,4394,-32.35,40.0,0.513
2024-04-15T22:05:23.000,12.03,-7.27,2.15,19.37,2.0,4395,-32.44,40.0,0.513
2024-04-15T22:06:23.000,12.04,-7.37,2.12,19.38,2.0,4396,-32.54,40.0,0.513
2024-04-15T22:07:24.000,12.03,-7.38,2.11,19.39,2.0,4397,-32.63,40.0,0.513
2024-04-15T22:08:24.000,12.03,-7.42,2.11,19.39,2.0,4398,-32.73,39.0,0.513
2024-04-15T22:09:24.000,12.01,-7.5,2.1,19.39,2.0,4399,-32.82,39.0,0.513
2024-04-15T22:10:25.000,11.98,-7.54,2.09,19.4,2.0,4400,-32.91,39.0,0.514
2024-04-15T22:11:25.000,11.94,-7.7,2.07,19.41,2.0,4401,-33.0,39.0,0.514
2024-04-15T22:12:25.000,11.88,-7.67,2.06,19.42,2.0,4402,-33.09,39.0,0.514
2024-04-15T22:13:25.000,11.83,-7.5,2.04,19.43,2.0,4403,-33.18,38.0,0.514
2024-04-15T22:14:25.000,11.79,-7.72,2.04,19.43,2.0,4404,-33.27,38.0,0.514
2024-04-15T22:15:26.000,11.74,-7.53,2.07,19.41,2.0,4405,-33.36,38.0,0.514
2024-04-15T22:16:26.000,11.72,-7.39,2.11,19.39,2.0,4406,-33.45,38.0,0.514
2024-04-15T22:17:26.000,11.72,-7.21,2.17,19.36,2.0,4407,-33.53,38.0,0.514
2024-04-15T22:18:26.000,11.72,-7.14,2.2,19.35,2.0,4408,-33.62,38.0,0.514
2024-04-15T22:19:27.000,11.73,-7.16,2.24,19.32,2.0,4409,-33.71,37.0,0.514
2024-04-15T22:20:27.000,11.72,-7.12,2.31,19.29,2.0,4410,-33.79,37.0,0.514
2024-04-15T22:21:27.000,11.68,-7.14,2.42,19.24,2.0,4411,-33.87,37.0,0.514
2024-04-15T22:22:27.000,11.62,-7.24,2.52,19.2,2.0,4412,-33.96,37.0,0.514
2024-04-15T22:23:28.000,11.53,-7.21,2.61,19.16,2.0,4413,-34.04,37.0,0.514
2024-04-15T22:24:28.000,11.49,-7.01,2.67,19.13,2.0,4414,-34.12,36.0,0.514
2024-04-15T22:25:28.000,11.48,-6.8,2.73,19.11,2.0,4415,-34.2,36.0,0.515
2024-04-15T22:26:28.000,11.5,-6.76,2.81,19.08,2.0,4416,-34.28,36.0,0.515
2024-04-15T22:27:29.000,11.51,-6.66,2.89,19.05,2.0,4417,-34.36,36.0,0.515
2024-04-15T22:28:29.000,11.54,-6.54,2.86,19.06,2.0,4418,-34.43,36.0,0.515
2024-04-15T22:29:29.000,11.56,-6.55,2.8,19.08,2.0,4419,-34.51,36.0,0.515
2024-04-15T22:30:29.000,11.57,-6.6,2.76,19.1,2.0,4420,-34.59,35.0,0.515
2024-04-15T22:31:30.000,11.58,-6.55,2.74,19.11,2.0,4421,-34.66,35.0,0.515
2024-04-15T22:32:30.000,11.58,-6.65,2.76,19.1,2.0,4422,-34.74,35.0,0.515
2024-04-15T22:33:30.000,11.59,-6.65,2.8,19.08,2.0,4423,-34.81,35.0,0.515
2024-04-15T22:34:31.000,11.6,-6.64,2.83,19.07,2.0,4424,-34.88,35.0,0.515
2024-04-15T22:35:30.000,11.64,-6.51,2.85,19.06,2.0,4425,-34.95,34.0,0.515
2024-04-15T22:36:30.000,11.68,-6.48,2.85,19.06,2.0,4426,-35.02,34.0,0.515
2024-04-15T22:37:31.000,11.7,-6.43,2.85,19.07,2.0,4427,-35.09,34.0,0.515
2024-04-15T22:38:31.000,11.71,-6.51,2.85,19.06,2.0,4428,-35.16,34.0,0.515
2024-04-15T22:39:31.000,11.71,-6.48,2.88,19.05,2.0,4429,-35.23,34.0,0.516
2024-04-15T22:40:31.000,11.72,-6.51,2.87,19.06,2.0,4430,-35.3,34.0,0.516
2024-04-15T22:41:32.000,11.67,-6.77,2.86,19.06,2.0,4431,-35.37,33.0,0.516
2024-04-15T22:42:32.000,11.67,-6.7,2.89,19.05,2.0,4432,-35.43,33.0,0.516
2024-04-15T22:43:32.000,11.62,-6.84,2.91,19.04,2.0,4433,-35.49,33.0,0.516
2024-04-15T22:44:32.000,11.59,-6.82,2.91,19.04,2.0,4434,-35.56,33.0,0.516
2024-04-15T22:45:33.000,11.56,-6.88,2.84,19.07,2.0,4435,-35.62,33.0,0.516
2024-04-15T22:46:33.000,11.53,-6.88,2.78,19.09,2.0,4436,-35.68,32.0,0.516
2024-04-15T22:47:33.000,11.5,-7.11,2.72,19.12,2.0,4437,-35.74,32.0,0.516
2024-04-15T22:48:33.000,11.46,-7.11,2.65,19.14,2.0,4438,-35.8,32.0,0.516
2024-04-15T22:49:34.000,11.44,-7.07,2.64,19.15,2.0,4439,-35.86,32.0,0.516
2024-04-15T22:50:34.000,11.41,-7.1,2.61,19.16,2.0,4440,-35.92,32.0,0.516
2024-04-15T22:51:34.000,11.38,-7.32,2.59,19.17,2.0,4441,-35.98,32.0,0.516
2024-04-15T22:52:34.000,11.34,-7.52,2.59,19.17,2.0,4442,-36.04,31.0,0.516
2024-04-15T22:53:35.000,11.28,-7.69,2.57,19.18,2.0,4443,-36.09,31.0,0.516
2024-04-15T22:54:35.000,11.25,-7.76,2.45,19.23,2.0,4444,-36.15,31.0,0.517
2024-04-15T22:55:35.000,11.21,-7.94,2.23,19.33,2.0,4445,-36.2,31.0,0.517
2024-04-15T22:56:35.000,11.17,-8.02,2.01,19.45,2.0,4446,-36.25,31.0,0.517
2024-04-15T22:57:36.000,11.13,-8.08,1.84,19.54,2.0,4447,-36.3,30.0,0.517
2024-04-15T22:58:36.000,11.1,-8.09,1.77,19.58,2.0,4448,-36.36,30.0,0.517
2024-04-15T22:59:36.000,11.06,-8.24,1.77,19.58,2.0,4449,-36.41,30.0,0.517
2024-04-15T23:00:36.000,11.02,-8.27,1.8,19.56,2.0,4450,-36.45,30.0,0.517
2024-04-15T23:01:37.000,10.97,-8.34,1.89,19.51,2.0,4451,-36.5,30.0,0.517
2024-04-15T23:02:37.000,10.91,-8.38,1.96,19.47,2.0,4452,-36.55,30.0,0.517
2024-04-15T23:03:37.000,10.9,-8.44,1.99,19.45,2.0,4453,-36.6,29.0,0.517
2024-04-15T23:04:37.000,10.85,-8.67,1.98,19.46,2.0,4454,-36.64,29.0,0.517
2024-04-15T23:05:38.000,10.84,-8.47,1.95,19.48,2.0,4455,-36.69,29.0,0.517
2024-04-15T23:06:38.000,10.82,-8.51,1.91,19.5,2.0,4456,-36.73,29.0,0.517
2024-04-15T23:07:38.000,10.81,-8.54,1.83,19.54,2.0,4457,-36.77,29.0,0.517
2024-04-15T23:08:38.000,10.77,-8.79,1.7,19.62,2.0,4458,-36.81,28.0,0.518
