ecsv/stars795/stars795_2024-04.ecsv
# %ECSV 1.0
# ---
# datatype:
# - {name: time, datatype: string}
# - {name: Enclosure Temperature, unit: deg_C, datatype: float64}
# - {name: Sky Temperature, unit: deg_C, datatype: float64}
# - {name: Frequency, unit: Hz, datatype: float64}
# - {name: MSAS, unit: mag / arcsec2, datatype: float64}
# - {name: ZP, datatype: float64}
# - {name: Sequence Number, datatype: int64}
# - {name: Sun Alt, unit: deg, datatype: float64}
# - {name: Moon Alt, unit: deg, datatype: float64}
# - {name: Moon Illumination, datatype: float64}
# delimiter: ','
# meta: !!omap
# - ida:
#     Data supplier: {affiliation: Astrolizard Observatory, observer: null}
#     Device type: TESS-W
#     Field of view: 17.0
#     Filters per channel: None
#     Instrument ID: stars795
#     License: ODbL 1.0 http://opendatacommons.org/licenses/odbl/summary/
#     Local timezone: Europe/Madrid
#     Location name: {country: '- Astrolizard Observatory', place: 'Joanetes, Girona', region: Spain, sub_region: Catalonia, town: Garrotxa}
#     Measurement direction per channel: {azimuth: 0.0, zenital: 0.0}
#     Moving / Fixed look direction: FIXED
#     Moving / Stationary position: STATIONARY
#     Number of channels: 1
#     Number of fields per line: 8
#     Number of header lines: 35
#     Position: {height: 0.0, latitude: 42.1249419, longitude: 2.4379616}
#     TESS MAC address: E8:DB:84:83:7C:98
#     TESS cover offset value: 0.0
#     TESS firmware version: '1.0'
#     TESS zero point: 2.0
#     Time Synchronization: timestamp added by MQTT subscriber
#     URL: http://www.darksky.org/NSBM/sdf1.0.pdf
# - __serialized_columns__:
#     Enclosure Temperature:
#       __class__: astropy.units.quantity.Quantity
#       unit: &id001 !astropy.units.Unit {unit: deg_C}
#       value: !astropy.table.SerializedColumn {name: Enclosure Temperature}
#     Frequency:
#       __class__: astropy.units.quantity.Quantity
#       unit: !astropy.units.Unit {unit: Hz}
#       value: !astropy.table.SerializedColumn {name: Frequency}
#     MSAS:
#       __class__: astropy.units.quantity.Quantity
#       unit: !astropy.units.Unit {unit: mag / arcsec2}
#       value: !astropy.table.SerializedColumn {name: MSAS}
#     Moon Alt:
#       __class__: astropy.units.quantity.Quantity
#       unit: &id002 !astropy.units.Unit {unit: deg}
#       value: !astropy.table.SerializedColumn {name: Moon Alt}
#     Sky Temperature:
#       __class__: astropy.units.quantity.Quantity
#       unit: *id001
#       value: !astropy.table.SerializedColumn {name: Sky Temperature}
#     Sun Alt:
#       __class__: astropy.units.quantity.Quantity
#       unit: *id002
#       value: !astropy.table.SerializedColumn {name: Sun Alt}
#     time:
#       __class__: astropy.time.core.Time
#       format: isot
#       in_subfmt: '*'
#       out_subfmt: '*'
#       precision: 3
#       scale: utc
#       value: !astropy.table.SerializedColumn {name: time}
# schema: astropy-2.0
time,Enclosure Temperature,Sky Temperature,Frequency,MSAS,ZP,Sequence Number,Sun Alt,Moon Alt,Moon Illumination
[from data line 5536]
2024-04-08T22:23:28.000,17.92,8.25,4.15,18.65,2.0,44431,-36.28,-35.0,0.0
2024-04-08T22:24:29.000,17.91,8.79,4.25,18.63,2.0,44432,-36.37,-35.0,0.0
2024-04-08T22:25:29.000,17.92,9.3,4.48,18.57,2.0,44433,-36.45,-35.0,0.0
2024-04-08T22:26:29.000,17.91,9.97,4.69,18.52,2.0,44434,-36.54,-35.0,0.0
2024-04-08T22:27:29.000,17.89,10.15,4.96,18.46,2.0,44435,-36.62,-35.0,0.0
2024-04-08T22:28:30.000,17.84,10.13,4.86,18.48,2.0,44436,-36.7,-35.0,0.0
2024-04-08T22:29:30.000,17.83,10.22,4.84,18.49,2.0,44437,-36.78,-36.0,0.0
2024-04-08T22:30:30.000,17.82,10.19,5.05,18.44,2.0,44438,-36.86,-36.0,0.0
2024-04-08T22:31:30.000,17.85,10.04,4.7,18.52,2.0,44439,-36.94,-36.0,0.0
2024-04-08T22:32:31.000,17.86,9.41,4.07,18.68,2.0,44440,-37.02,-36.0,0.0
2024-04-08T22:33:31.000,17.83,8.66,3.55,18.83,2.0,44441,-37.1,-36.0,0.0
2024-04-08T22:34:31.000,17.76,8.51,3.48,18.85,2.0,44442,-37.18,-36.0,0.0
2024-04-08T22:35:31.000,17.75,8.93,4.21,18.64,2.0,44443,-37.25,-36.0,0.0
2024-04-08T22:36:32.000,17.75,9.16,4.64,18.53,2.0,44444,-37.33,-36.0,0.0
2024-04-08T22:37:32.000,17.74,9.26,4.17,18.65,2.0,44445,-37.4,-36.0,0.001
2024-04-08T22:38:32.000,17.72,8.91,4.29,18.62,2.0,44446,-37.48,-36.0,0.001
2024-04-08T22:39:32.000,17.68,8.23,3.96,18.71,2.0,44447,-37.55,-36.0,0.001
2024-04-08T22:40:34.000,17.66,7.07,2.56,19.19,2.0,44448,-37.62,-36.0,0.001
2024-04-08T22:41:34.000,17.6,5.7,1.99,19.45,2.0,44449,-37.69,-36.0,0.001
2024-04-08T22:42:34.000,17.55,4.49,1.84,19.55,2.0,44450,-37.76,-37.0,0.001
2024-04-08T22:43:34.000,17.51,3.6,1.3,19.91,2.0,44451,-37.83,-37.0,0.001
2024-04-08T22:44:34.000,17.46,3.11,1.25,19.96,2.0,44452,-37.9,-37.0,0.001
2024-04-08T22:45:34.000,17.38,2.69,1.2,20.0,2.0,44453,-37.96,-37.0,0.001
2024-04-08T22:46:35.000,17.27,3.12,1.63,19.68,2.0,44454,-38.03,-37.0,0.001
2024-04-08T22:47:35.000,17.2,3.33,1.89,19.51,2.0,44455,-38.1,-37.0,0.001
2024-04-08T22:48:35.000,17.1,3.0,1.73,19.61,2.0,44456,-38.16,-37.0,0.001
2024-04-08T22:49:36.000,17.03,3.08,2.29,19.3,2.0,44457,-38.22,-37.0,0.001
2024-04-08T22:50:36.000,16.99,3.71,2.68,19.13,2.0,44458,-38.29,-37.0,0.001
2024-04-08T22:51:36.000,16.98,4.06,2.61,19.16,2.0,44459,-38.35,-37.0,0.001
2024-04-08T22:52:36.000,16.9,4.09,2.31,19.29,2.0,44460,-38.41,-37.0,0.001
2024-04-08T22:53:37.000,16.81,4.05,2.45,19.23,2.0,44461,-38.47,-37.0,0.001
2024-04-08T22:54:37.000,16.73,3.9,1.93,19.49,2.0,44462,-38.53,-37.0,0.001
2024-04-08T22:55:37.000,16.66,3.94,1.74,19.6,2.0,44463,-38.58,-37.0,0.001
2024-04-08T22:56:37.000,16.68,3.83,1.93,19.49,2.0,44464,-38.64,-37.0,0.001
2024-04-08T22:57:38.000,16.7,3.36,1.91,19.5,2.0,44465,-38.7,-37.0,0.001
2024-04-08T22:58:38.000,16.73,3.4,1.98,19.47,2.0,44466,-38.75,-37.0,0.001
2024-04-08T22:59:38.000,16.74,4.37,2.11,19.39,2.0,44467,-38.8,-38.0,0.001
2024-04-08T23:00:38.000,16.74,5.07,2.32,19.29,2.0,44468,-38.86,-38.0,0.001
2024-04-08T23:01:39.000,16.73,5.53,2.7,19.12,2.0,44469,-38.91,-38.0,0.001
2024-04-08T23:02:39.000,16.75,5.8,3.19,18.94,2.0,44470,-38.96,-38.0,0.001
2024-04-08T23:03:39.000,16.77,5.82,3.77,18.76,2.0,44471,-39.01,-38.0,0.001
2024-04-08T23:04:39.000,16.77,5.86,3.94,18.71,2.0,44472,-39.06,-38.0,0.001
2024-04-08T23:05:40.000,16.77,5.42,3.04,19.0,2.0,44473,-39.11,-38.0,0.001
2024-04-08T23:06:40.000,16.75,5.07,2.05,19.43,2.0,44474,-39.15,-38.0,0.001
2024-04-08T23:07:41.000,16.75,5.66,2.09,19.41,2.0,44475,-39.2,-38.0,0.001
2024-04-08T23:08:41.000,16.74,6.98,3.06,18.99,2.0,44476,-39.24,-38.0,0.001
2024-04-08T23:09:41.000,16.74,7.48,3.37,18.88,2.0,44477,-39.29,-38.0,0.001
2024-04-08T23:10:41.000,16.73,7.39,3.84,18.74,2.0,44478,-39.33,-38.0,0.001
2024-04-08T23:11:42.000,16.76,7.23,4.01,18.69,2.0,44479,-39.37,-38.0,0.001
2024-04-08T23:12:42.000,16.77,6.66,3.01,19.01,2.0,44480,-39.41,-38.0,0.001
2024-04-08T23:13:42.000,16.66,6.07,2.38,19.26,2.0,44481,-39.45,-38.0,0.001
2024-04-08T23:14:42.000,16.51,6.4,2.91,19.05,2.0,44482,-39.49,-38.0,0.001
2024-04-08T23:15:43.000,16.43,7.12,3.83,18.74,2.0,44483,-39.53,-38.0,0.001
2024-04-08T23:16:43.000,16.4,7.17,3.4,18.88,2.0,44484,-39.57,-38.0,0.001
2024-04-08T23:17:43.000,16.37,6.38,3.1,18.97,2.0,44485,-39.6,-38.0,0.001
2024-04-08T23:18:43.000,16.36,4.94,3.15,18.96,2.0,44486,-39.64,-38.0,0.001
2024-04-08T23:19:44.000,16.32,3.35,1.91,19.51,2.0,44487,-39.67,-38.0,0.001
2024-04-08T23:20:44.000,16.25,2.64,2.0,19.45,2.0,44488,-39.7,-38.0,0.001
2024-04-08T23:21:44.000,16.22,2.43,1.59,19.71,2.0,44489,-39.73,-38.0,0.001
2024-04-08T23:22:44.000,16.2,2.51,1.47,19.79,2.0,44490,-39.76,-39.0,0.001
2024-04-08T23:23:45.000,16.14,2.46,1.79,19.57,2.0,44491,-39.79,-39.0,0.001
2024-04-08T23:24:45.000,16.08,2.39,1.56,19.72,2.0,44492,-39.82,-39.0,0.001
2024-04-08T23:25:45.000,16.01,3.14,3.15,18.97,2.0,44493,-39.85,-39.0,0.001
2024-04-08T23:26:45.000,15.94,3.91,3.39,18.88,2.0,44494,-39.88,-39.0,0.001
2024-04-08T23:27:46.000,15.82,4.37,2.54,19.19,2.0,44495,-39.9,-39.0,0.001
2024-04-08T23:28:46.000,15.75,5.04,2.26,19.31,2.0,44496,-39.93,-39.0,0.001
2024-04-08T23:29:46.000,15.72,4.6,2.2,19.35,2.0,44497,-39.95,-39.0,0.001
2024-04-08T23:30:46.000,15.67,3.63,1.88,19.52,2.0,44498,-39.97,-39.0,0.001
2024-04-08T23:31:47.000,15.67,2.42,1.42,19.83,2.0,44499,-39.99,-39.0,0.001
2024-04-08T23:32:47.000,15.65,1.83,1.11,20.09,2.0,44500,-40.01,-39.0,0.001
2024-04-08T23:33:47.000,15.64,2.44,1.29,19.93,2.0,44501,-40.03,-39.0,0.001
2024-04-08T23:34:47.000,15.63,3.24,1.45,19.8,2.0,44502,-40.05,-39.0,0.001
2024-04-08T23:35:48.000,15.59,4.29,2.25,19.34,2.0,44503,-40.07,-39.0,0.001
2024-04-08T23:36:48.000,15.58,4.44,2.53,19.2,2.0,44504,-40.08,-39.0,0.001
2024-04-08T23:37:48.000,15.56,3.53,1.71,19.63,2.0,44505,-40.1,-39.0,0.001
2024-04-08T23:38:48.000,15.55,2.4,1.38,19.85,2.0,44506,-40.11,-39.0,0.001
2024-04-08T23:39:49.000,15.48,1.68,1.58,19.7,2.0,44507,-40.13,-39.0,0.001
2024-04-08T23:40:49.000,15.41,1.29,1.44,19.81,2.0,44508,-40.14,-39.0,0.001
2024-04-08T23:41:49.000,15.38,1.06,1.43,19.82,2.0,44509,-40.15,-39.0,0.001
2024-04-08T23:42:49.000,15.41,2.26,2.1,19.4,2.0,44510,-40.16,-39.0,0.001
2024-04-08T23:43:50.000,15.44,3.84,2.45,19.23,2.0,44511,-40.17,-39.0,0.001
2024-04-08T23:44:50.000,15.41,4.61,2.82,19.08,2.0,44512,-40.18,-39.0,0.001
2024-04-08T23:45:50.000,15.38,4.01,2.78,19.09,2.0,44513,-40.18,-39.0,0.001
2024-04-08T23:46:50.000,15.34,2.5,1.91,19.51,2.0,44514,-40.19,-39.0,0.001
2024-04-08T23:47:51.000,15.29,0.88,1.86,19.53,2.0,44515,-40.19,-39.0,0.001
2024-04-08T23:48:51.000,15.24,0.3,1.88,19.52,2.0,44516,-40.2,-39.0,0.001
2024-04-08T23:49:51.000,15.16,0.42,2.3,19.3,2.0,44517,-40.2,-39.0,0.001
2024-04-08T23:50:51.000,15.12,0.74,1.98,19.47,2.0,44518,-40.2,-39.0,0.001
2024-04-08T23:51:52.000,15.09,0.29,1.11,20.1,2.0,44519,-40.2,-39.0,0.001
2024-04-08T23:52:52.000,15.03,0.27,0.94,20.27,2.0,44520,-40.2,-39.0,0.001
2024-04-08T23:53:52.000,15.0,1.05,1.39,19.84,2.0,44521,-40.2,-39.0,0.001
2024-04-08T23:54:52.000,15.0,1.24,1.51,19.76,2.0,44522,-40.19,-39.0,0.001
2024-04-08T23:55:53.000,14.98,1.83,2.31,19.3,2.0,44523,-40.19,-39.0,0.001
2024-04-08T23:56:53.000,14.97,2.17,2.91,19.04,2.0,44524,-40.18,-39.0,0.001
2024-04-08T23:57:53.000,14.95,1.67,2.48,19.22,2.0,44525,-40.18,-39.0,0.001
2024-04-08T23:58:53.000,14.93,0.46,1.96,19.47,2.0,44526,-40.17,-39.0,0.001
2024-04-08T23:59:54.000,14.88,-0.5,1.87,19.52,2.0,44527,-40.16,-39.0,0.001
2024-04-09T00:00:54.000,14.79,-0.88,2.31,19.3,2.0,44528,-40.15,-39.0,0.001
2024-04-09T00:01:54.000,14.75,-0.39,2.79,19.09,2.0,44529,-40.14,-39.0,0.001
2024-04-09T00:02:54.000,14.73,0.08,2.75,19.11,2.0,44530,-40.13,-39.0,0.001
2024-04-09T00:03:55.000,14.7,0.53,1.61,19.69,2.0,44531,-40.12,-39.0,0.001
2024-04-09T00:04:55.000,14.67,1.48,2.03,19.43,2.0,44532,-40.11,-39.0,0.001
2024-04-09T00:05:55.000,14.66,1.51,2.54,19.19,2.0,44533,-40.09,-39.0,0.001
2024-04-09T00:06:55.000,14.63,0.26,2.51,19.21,2.0,44534,-40.08,-39.0,0.001
2024-04-09T00:07:56.000,14.59,-1.86,1.25,19.99,2.0,44535,-40.06,-39.0,0.001
2024-04-09T00:08:56.000,14.54,-3.66,0.76,20.51,2.0,44536,-40.04,-39.0,0.001
2024-04-09T00:09:56.000,14.48,-3.89,0.7,20.59,2.0,44537,-40.02,-39.0,0.001
2024-04-09T00:10:56.000,14.46,-2.97,0.75,20.51,2.0,44538,-40.0,-39.0,0.001
2024-04-09T00:11:56.000,14.42,-1.97,0.85,20.39,2.0,44539,-39.98,-39.0,0.001
2024-04-09T00:12:56.000,14.4,-0.7,1.0,20.2,2.0,44540,-39.96,-39.0,0.001
2024-04-09T00:13:57.000,14.42,0.42,1.49,19.77,2.0,44541,-39.94,-39.0,0.001
2024-04-09T00:14:57.000,14.47,0.75,1.85,19.54,2.0,44542,-39.91,-39.0,0.001
2024-04-09T00:15:57.000,14.53,0.95,1.94,19.48,2.0,44543,-39.89,-39.0,0.001
2024-04-09T00:16:57.000,14.57,2.1,1.57,19.71,2.0,44544,-39.86,-39.0,0.001
2024-04-09T00:17:58.000,14.62,4.06,2.69,19.14,2.0,44545,-39.83,-39.0,0.001
2024-04-09T00:18:58.000,14.69,5.41,3.59,18.81,2.0,44546,-39.81,-39.0,0.001
2024-04-09T00:19:58.000,14.77,5.34,3.43,18.86,2.0,44547,-39.78,-39.0,0.001
2024-04-09T00:20:58.000,14.86,4.44,3.29,18.91,2.0,44548,-39.75,-39.0,0.001
2024-04-09T00:21:59.000,14.93,2.93,2.4,19.26,2.0,44549,-39.72,-39.0,0.001
2024-04-09T00:22:59.000,14.97,2.79,1.92,19.5,2.0,44550,-39.68,-39.0,0.001
2024-04-09T00:23:59.000,14.96,2.29,1.96,19.47,2.0,44551,-39.65,-39.0,0.001
2024-04-09T00:24:59.000,14.94,0.41,1.76,19.6,2.0,44552,-39.62,-39.0,0.001
2024-04-09T00:26:00.000,14.9,-1.88,0.9,20.33,2.0,44553,-39.58,-39.0,0.001
2024-04-09T00:27:00.000,14.8,-2.61,0.77,20.48,2.0,44554,-39.54,-39.0,0.001
2024-04-09T00:28:00.000,14.7,-1.06,1.13,20.08,2.0,44555,-39.51,-39.0,0.001
2024-04-09T00:29:00.000,14.66,1.11,1.83,19.55,2.0,44556,-39.47,-39.0,0.001
2024-04-09T00:30:01.000,14.62,1.63,1.78,19.58,2.0,44557,-39.43,-39.0,0.001
2024-04-09T00:31:01.000,14.57,0.77,1.2,20.01,2.0,44558,-39.39,-39.0,0.001
2024-04-09T00:32:01.000,14.54,-0.07,1.19,20.02,2.0,44559,-39.35,-39.0,0.001
2024-04-09T00:33:01.000,14.51,0.15,1.64,19.67,2.0,44560,-39.31,-39.0,0.001
2024-04-09T00:34:02.000,14.5,0.92,1.77,19.58,2.0,44561,-39.26,-39.0,0.001
2024-04-09T00:35:02.000,14.54,2.38,2.05,19.42,2.0,44562,-39.22,-38.0,0.001
2024-04-09T00:36:02.000,14.56,2.76,1.89,19.51,2.0,44563,-39.17,-38.0,0.001
2024-04-09T00:37:02.000,14.57,2.7,2.16,19.37,2.0,44564,-39.13,-38.0,0.001
2024-04-09T00:38:03.000,14.57,1.63,2.32,19.29,2.0,44565,-39.08,-38.0,0.001
2024-04-09T00:39:03.000,14.54,0.31,1.5,19.78,2.0,44566,-39.03,-38.0,0.001
2024-04-09T00:40:03.000,14.53,0.13,1.29,19.94,2.0,44567,-38.98,-38.0,0.001
2024-04-09T00:41:03.000,14.53,1.66,2.38,19.26,2.0,44568,-38.93,-38.0,0.001
2024-04-09T00:42:04.000,14.54,3.02,2.35,19.27,2.0,44569,-38.88,-38.0,0.001
2024-04-09T00:43:04.000,14.55,3.01,1.91,19.5,2.0,44570,-38.83,-38.0,0.001
2024-04-09T00:44:04.000,14.51,2.36,1.72,19.61,2.0,44571,-38.77,-38.0,0.001
2024-04-09T00:45:04.000,14.48,2.05,1.58,19.71,2.0,44572,-38.72,-38.0,0.001
2024-04-09T00:46:05.000,14.45,2.94,2.07,19.42,2.0,44573,-38.66,-38.0,0.001
2024-04-09T00:47:05.000,14.41,4.34,2.44,19.23,2.0,44574,-38.61,-38.0,0.001
2024-04-09T00:48:05.000,14.39,4.4,2.84,19.07,2.0,44575,-38.55,-38.0,0.001
2024-04-09T00:49:05.000,14.38,3.77,2.93,19.03,2.0,44576,-38.49,-38.0,0.001
2024-04-09T00:50:06.000,14.43,2.58,2.87,19.06,2.0,44577,-38.43,-38.0,0.001
2024-04-09T00:51:06.000,14.51,1.31,2.4,19.26,2.0,44578,-38.37,-38.0,0.001
2024-04-09T00:52:06.000,14.54,-0.03,1.52,19.76,2.0,44579,-38.31,-38.0,0.001
2024-04-09T00:53:06.000,14.44,-1.09,1.21,20.0,2.0,44580,-38.25,-38.0,0.001
2024-04-09T00:54:07.000,14.35,-1.32,1.12,20.08,2.0,44581,-38.19,-38.0,0.001
2024-04-09T00:55:07.000,14.34,-1.73,0.89,20.33,2.0,44582,-38.12,-38.0,0.001
2024-04-09T00:56:07.000,14.44,-0.95,1.16,20.06,2.0,44583,-38.06,-38.0,0.001
2024-04-09T00:57:07.000,14.6,0.73,1.93,19.5,2.0,44584,-37.99,-38.0,0.001
2024-04-09T00:58:08.000,14.7,1.82,2.73,19.11,2.0,44585,-37.93,-37.0,0.001
2024-04-09T00:59:08.000,14.81,2.26,3.18,18.94,2.0,44586,-37.86,-37.0,0.001
2024-04-09T01:00:08.000,14.91,2.4,2.72,19.11,2.0,44587,-37.79,-37.0,0.001
2024-04-09T01:01:08.000,14.96,2.11,2.09,19.41,2.0,44588,-37.72,-37.0,0.001
2024-04-09T01:02:09.000,15.01,2.12,1.56,19.72,2.0,44589,-37.65,-37.0,0.001
2024-04-09T01:03:09.000,15.06,2.32,2.72,19.12,2.0,44590,-37.58,-37.0,0.001
2024-04-09T01:04:09.000,15.1,1.61,1.92,19.5,2.0,44591,-37.51,-37.0,0.001
2024-04-09T01:05:09.000,15.17,0.64,1.37,19.87,2.0,44592,-37.44,-37.0,0.001
2024-04-09T01:06:10.000,15.25,-1.0,0.94,20.27,2.0,44593,-37.36,-37.0,0.001
2024-04-09T01:07:10.000,15.28,-2.39,0.78,20.48,2.0,44594,-37.29,-37.0,0.001
2024-04-09T01:08:10.000,15.26,-3.11,0.7,20.59,2.0,44595,-37.21,-37.0,0.001
2024-04-09T01:09:10.000,15.27,-2.66,0.74,20.54,2.0,44596,-37.14,-37.0,0.001
2024-04-09T01:10:11.000,15.25,-0.83,1.05,20.15,2.0,44597,-37.06,-37.0,0.001
2024-04-09T01:11:11.000,15.3,0.73,1.34,19.89,2.0,44598,-36.98,-37.0,0.001
2024-04-09T01:12:11.000,15.34,0.59,1.83,19.55,2.0,44599,-36.9,-37.0,0.001
2024-04-09T01:13:11.000,15.32,-1.07,1.91,19.5,2.0,44600,-36.82,-37.0,0.001
2024-04-09T01:14:12.000,15.27,-2.44,1.12,20.09,2.0,44601,-36.74,-36.0,0.001
2024-04-09T01:15:12.000,15.25,-2.82,0.76,20.5,2.0,44602,-36.66,-36.0,0.001
2024-04-09T01:16:12.000,15.19,-2.66,0.85,20.39,2.0,44603,-36.58,-36.0,0.001
2024-04-09T01:17:12.000,15.19,-1.6,1.27,19.95,2.0,44604,-36.49,-36.0,0.001
2024-04-09T01:18:13.000,15.19,-0.75,1.4,19.84,2.0,44605,-36.41,-36.0,0.001
2024-04-09T01:19:13.000,15.18,-0.63,1.23,19.98,2.0,44606,-36.32,-36.0,0.001
2024-04-09T01:20:13.000,15.21,-0.36,0.95,20.26,2.0,44607,-36.24,-36.0,0.001
2024-04-09T01:21:13.000,15.22,0.49,1.32,19.9,2.0,44608,-36.15,-36.0,0.001
2024-04-09T01:22:14.000,15.24,1.19,1.29,19.93,2.0,44609,-36.06,-36.0,0.001
2024-04-09T01:23:14.000,15.27,0.57,1.06,20.14,2.0,44610,-35.97,-36.0,0.001
2024-04-09T01:24:14.000,15.28,-0.65,0.94,20.28,2.0,44611,-35.88,-36.0,0.001
2024-04-09T01:25:14.000,15.22,-0.67,1.29,19.96,2.0,44612,-35.8,-36.0,0.001
2024-04-09T01:26:15.000,15.18,0.87,2.07,19.41,2.0,44613,-35.7,-36.0,0.001
2024-04-09T01:27:15.000,15.17,1.41,1.66,19.65,2.0,44614,-35.61,-36.0,0.001
2024-04-09T01:28:15.000,15.14,0.68,1.2,20.01,2.0,44615,-35.52,-35.0,0.001
2024-04-09T01:29:15.000,15.09,0.03,1.16,20.04,2.0,44616,-35.43,-35.0,0.001
2024-04-09T01:30:16.000,15.08,0.57,1.56,19.72,2.0,44617,-35.33,-35.0,0.001
2024-04-09T01:31:16.000,15.07,0.87,1.99,19.45,2.0,44618,-35.24,-35.0,0.001
2024-04-09T01:32:16.000,15.05,0.99,1.87,19.52,2.0,44619,-35.14,-35.0,0.001
2024-04-09T01:33:16.000,15.06,2.01,2.47,19.22,2.0,44620,-35.05,-35.0,0.001
2024-04-09T01:34:17.000,15.15,2.88,2.62,19.16,2.0,44621,-34.95,-35.0,0.001
2024-04-09T01:35:17.000,15.21,2.86,2.29,19.3,2.0,44622,-34.85,-35.0,0.001
2024-04-09T01:36:17.000,15.2,2.5,2.07,19.41,2.0,44623,-34.75,-35.0,0.001
2024-04-09T01:37:17.000,15.19,2.42,2.06,19.42,2.0,44624,-34.65,-35.0,0.001
2024-04-09T01:38:18.000,15.16,3.37,2.1,19.4,2.0,44625,-34.55,-35.0,0.001
2024-04-09T01:39:18.000,15.12,3.96,2.43,19.25,2.0,44626,-34.45,-35.0,0.001
2024-04-09T01:40:18.000,15.08,4.87,3.58,18.82,2.0,44627,-34.35,-34.0,0.001
2024-04-09T01:41:18.000,15.18,5.59,3.91,18.72,2.0,44628,-34.25,-34.0,0.001
2024-04-09T01:42:19.000,15.3,5.66,3.54,18.83,2.0,44629,-34.14,-34.0,0.001
2024-04-09T01:43:19.000,15.42,5.28,2.7,19.13,2.0,44630,-34.04,-34.0,0.001
2024-04-09T01:44:19.000,15.4,4.55,2.06,19.42,2.0,44631,-33.93,-34.0,0.001
2024-04-09T01:45:19.000,15.26,4.45,2.56,19.19,2.0,44632,-33.83,-34.0,0.001
2024-04-09T01:46:20.000,15.22,4.89,3.58,18.82,2.0,44633,-33.72,-34.0,0.001
2024-04-09T01:47:20.000,15.29,5.13,3.2,18.95,2.0,44634,-33.62,-34.0,0.001
2024-04-09T01:48:20.000,15.29,4.82,3.02,19.01,2.0,44635,-33.51,-34.0,0.001
2024-04-09T01:49:20.000,15.14,4.14,3.47,18.85,2.0,44636,-33.4,-34.0,0.001
2024-04-09T01:50:21.000,15.11,3.9,3.06,18.99,2.0,44637,-33.29,-34.0,0.002
2024-04-09T01:51:21.000,15.09,3.45,2.2,19.35,2.0,44638,-33.18,-33.0,0.002
2024-04-09T01:52:21.000,15.1,3.71,1.95,19.48,2.0,44639,-33.07,-33.0,0.002
2024-04-09T01:53:22.000,15.16,4.15,2.89,19.06,2.0,44640,-32.96,-33.0,0.002
2024-04-09T01:54:22.000,15.25,4.44,4.22,18.64,2.0,44641,-32.85,-33.0,0.002
2024-04-09T01:55:22.000,15.24,3.01,4.3,18.62,2.0,44642,-32.73,-33.0,0.002
2024-04-09T01:56:23.000,15.13,0.21,2.5,19.26,2.0,44643,-32.62,-33.0,0.002
2024-04-09T01:57:23.000,14.91,-1.88,1.33,19.91,2.0,44644,-32.51,-33.0,0.002
