ecsv/stars795/stars795_2024-04.ecsv
# %ECSV 1.0
# ---
# datatype:
# - {name: time, datatype: string}
# - {name: Enclosure Temperature, unit: deg_C, datatype: float64}
# - {name: Sky Temperature, unit: deg_C, datatype: float64}
# - {name: Frequency, unit: Hz, datatype: float64}
# - {name: MSAS, unit: mag / arcsec2, datatype: float64}
# - {name: ZP, datatype: float64}
# - {name: Sequence Number, datatype: int64}
# - {name: Sun Alt, unit: deg, datatype: float64}
# - {name: Moon Alt, unit: deg, datatype: float64}
# - {name: Moon Illumination, datatype: float64}
# delimiter: ','
# meta: !!omap
# - ida:
#     Data supplier: {affiliation: Astrolizard Observatory, observer: null}
#     Device type: TESS-W
#     Field of view: 17.0
#     Filters per channel: None
#     Instrument ID: stars795
#     License: ODbL 1.0 http://opendatacommons.org/licenses/odbl/summary/
#     Local timezone: Europe/Madrid
#     Location name: {country: '- Astrolizard Observatory', place: 'Joanetes, Girona', region: Spain, sub_region: Catalonia, town: Garrotxa}
#     Measurement direction per channel: {azimuth: 0.0, zenital: 0.0}
#     Moving / Fixed look direction: FIXED
#     Moving / Stationary position: STATIONARY
#     Number of channels: 1
#     Number of fields per line: 8
#     Number of header lines: 35
#     Position: {height: 0.0, latitude: 42.1249419, longitude: 2.4379616}
#     TESS MAC address: E8:DB:84:83:7C:98
#     TESS cover offset value: 0.0
#     TESS firmware version: '1.0'
#     TESS zero point: 2.0
#     Time Synchronization: timestamp added by MQTT subscriber
#     URL: http://www.darksky.org/NSBM/sdf1.0.pdf
# - __serialized_columns__:
#     Enclosure Temperature:
#       __class__: astropy.units.quantity.Quantity
#       unit: &id001 !astropy.units.Unit {unit: deg_C}
#       value: !astropy.table.SerializedColumn {name: Enclosure Temperature}
#     Frequency:
#       __class__: astropy.units.quantity.Quantity
#       unit: !astropy.units.Unit {unit: Hz}
#       value: !astropy.table.SerializedColumn {name: Frequency}
#     MSAS:
#       __class__: astropy.units.quantity.Quantity
#       unit: !astropy.units.Unit {unit: mag / arcsec2}
#       value: !astropy.table.SerializedColumn {name: MSAS}
#     Moon Alt:
#       __class__: astropy.units.quantity.Quantity
#       unit: &id002 !astropy.units.Unit {unit: deg}
#       value: !astropy.table.SerializedColumn {name: Moon Alt}
#     Sky Temperature:
#       __class__: astropy.units.quantity.Quantity
#       unit: *id001
#       value: !astropy.table.SerializedColumn {name: Sky Temperature}
#     Sun Alt:
#       __class__: astropy.units.quantity.Quantity
#       unit: *id002
#       value: !astropy.table.SerializedColumn {name: Sun Alt}
#     time:
#       __class__: astropy.time.core.Time
#       format: isot
#       in_subfmt: '*'
#       out_subfmt: '*'
#       precision: 3
#       scale: utc
#       value: !astropy.table.SerializedColumn {name: time}
# schema: astropy-2.0
time,Enclosure Temperature,Sky Temperature,Frequency,MSAS,ZP,Sequence Number,Sun Alt,Moon Alt,Moon Illumination
[from data line 16615]
2024-04-28T03:45:53.000,11.58,10.9,5.12,18.43,2.0,8073,-11.47,18.0,0.831
2024-04-28T03:46:54.000,11.61,10.79,5.08,18.44,2.0,8074,-11.31,18.0,0.831
2024-04-28T03:47:54.000,11.61,10.63,5.13,18.43,2.0,8075,-11.15,18.0,0.831
2024-04-28T03:48:55.000,11.57,10.49,5.01,18.45,2.0,8076,-10.99,18.0,0.831
2024-04-28T03:49:55.000,11.53,10.46,5.62,18.33,2.0,8077,-10.83,18.0,0.831
2024-04-28T03:50:55.000,11.52,10.41,6.12,18.23,2.0,8078,-10.67,18.0,0.831
2024-04-28T03:51:55.000,11.47,10.27,6.07,18.24,2.0,8079,-10.51,18.0,0.831
2024-04-28T03:52:56.000,11.39,10.14,6.18,18.22,2.0,8080,-10.34,18.0,0.831
2024-04-28T03:53:56.000,11.35,10.12,6.21,18.22,2.0,8081,-10.18,18.0,0.831
2024-04-28T03:54:56.000,11.31,10.06,6.61,18.15,2.0,8082,-10.02,18.0,0.831
2024-04-28T03:55:56.000,11.32,10.16,7.01,18.09,2.0,8083,-9.86,18.0,0.831
2024-04-28T03:56:57.000,11.34,10.38,8.03,17.94,2.0,8084,-9.7,18.0,0.831
2024-04-28T03:57:57.000,11.45,10.59,10.27,17.67,2.0,8085,-9.54,18.0,0.83
2024-04-28T03:58:57.000,11.54,10.81,11.29,17.57,2.0,8086,-9.37,18.0,0.83
2024-04-28T03:59:57.000,11.62,10.87,11.47,17.55,2.0,8087,-9.21,18.0,0.83
2024-04-28T04:00:58.000,11.63,10.59,11.54,17.54,2.0,8088,-9.05,18.0,0.83
2024-04-28T04:01:58.000,11.6,10.66,12.4,17.47,2.0,8089,-8.88,18.0,0.83
2024-04-28T04:02:58.000,11.55,10.54,13.89,17.34,2.0,8090,-8.72,18.0,0.83
2024-04-28T04:03:58.000,11.55,10.64,14.05,17.33,2.0,8091,-8.56,18.0,0.83
2024-04-28T04:04:59.000,11.55,10.71,12.72,17.44,2.0,8092,-8.39,17.0,0.83
2024-04-28T04:05:59.000,11.57,10.76,13.3,17.39,2.0,8093,-8.23,17.0,0.83
2024-04-28T04:06:59.000,11.62,10.93,14.72,17.28,2.0,8094,-8.06,17.0,0.83
2024-04-28T04:07:59.000,11.68,10.91,16.88,17.13,2.0,8095,-7.9,17.0,0.83
2024-04-28T04:09:00.000,11.67,10.74,20.71,16.91,2.0,8096,-7.73,17.0,0.83
2024-04-28T04:10:00.000,11.67,10.79,23.37,16.78,2.0,8097,-7.56,17.0,0.83
2024-04-28T04:11:01.000,11.68,10.88,25.52,16.68,2.0,8098,-7.4,17.0,0.83
2024-04-28T04:12:01.000,11.74,11.12,33.09,16.41,2.0,8099,-7.23,17.0,0.83
2024-04-28T04:13:01.000,11.81,11.2,44.93,16.07,2.0,8100,-7.07,17.0,0.83
2024-04-28T04:14:01.000,11.86,11.19,54.44,15.86,2.0,8101,-6.9,17.0,0.83
2024-04-28T04:15:02.000,11.89,11.15,59.48,15.76,2.0,8102,-6.73,17.0,0.83
2024-04-28T04:16:02.000,11.84,10.87,57.18,15.81,2.0,8103,-6.56,17.0,0.829
2024-04-28T04:17:02.000,11.78,10.83,71.82,15.57,2.0,8104,-6.4,17.0,0.829
2024-04-28T04:18:02.000,11.75,10.82,114.64,15.06,2.0,8105,-6.23,17.0,0.829
2024-04-28T04:19:03.000,11.71,10.58,167.56,14.64,2.0,8106,-6.06,17.0,0.829
2024-04-28T04:20:03.000,11.58,10.26,186.2,14.53,2.0,8107,-5.89,17.0,0.829
2024-04-28T04:21:03.000,11.47,10.11,184.92,14.53,2.0,8108,-5.72,17.0,0.829
2024-04-28T04:22:03.000,11.38,10.07,207.91,14.41,2.0,8109,-5.56,17.0,0.829
2024-04-28T04:23:04.000,11.33,10.07,274.31,14.11,2.0,8110,-5.38,17.0,0.829
2024-04-28T04:24:04.000,11.28,10.04,379.66,13.76,2.0,8111,-5.22,17.0,0.829
2024-04-28T04:25:04.000,11.3,10.25,572.6,13.32,2.0,8112,-5.05,17.0,0.829
2024-04-28T04:26:04.000,11.33,10.34,835.8,12.9,2.0,8113,-4.88,16.0,0.829
2024-04-28T04:27:05.000,11.33,10.22,1020.96,12.68,2.0,8114,-4.71,16.0,0.829
2024-04-28T04:28:05.000,11.32,10.26,1063.57,12.63,2.0,8115,-4.54,16.0,0.829
2024-04-28T04:29:05.000,11.37,10.52,1412.02,12.34,2.0,8116,-4.37,16.0,0.829
2024-04-28T04:30:05.000,11.43,10.6,2111.82,11.89,2.0,8117,-4.2,16.0,0.829
2024-04-28T04:31:06.000,11.49,10.66,2389.2,11.75,2.0,8118,-4.02,16.0,0.829
2024-04-28T04:32:06.000,11.53,10.77,2510.43,11.7,2.0,8119,-3.85,16.0,0.829
2024-04-28T04:33:06.000,11.58,10.78,2638.81,11.65,2.0,8120,-3.68,16.0,0.829
2024-04-28T04:34:06.000,11.59,10.74,2511.31,11.7,2.0,8121,-3.51,16.0,0.828
2024-04-28T04:35:06.000,11.58,10.57,3194.93,11.45,2.0,8122,-3.34,16.0,0.828
2024-04-28T04:36:06.000,11.57,10.69,3909.26,11.22,2.0,8123,-3.17,16.0,0.828
2024-04-28T04:37:07.000,11.63,11.01,3926.11,11.22,2.0,8124,-2.99,16.0,0.828
2024-04-28T04:38:07.000,11.72,11.03,4776.84,11.0,2.0,8125,-2.82,16.0,0.828
2024-04-28T04:39:07.000,11.75,10.9,5012.67,10.95,2.0,8126,-2.65,16.0,0.828
2024-04-28T04:40:07.000,11.74,10.78,6058.27,10.75,2.0,8127,-2.48,16.0,0.828
2024-04-28T04:41:08.000,11.72,10.72,7043.29,10.58,2.0,8128,-2.3,16.0,0.828
2024-04-28T04:42:08.000,11.7,10.72,8335.57,10.4,2.0,8129,-2.13,16.0,0.828
2024-04-28T04:43:08.000,11.69,10.68,8496.89,10.38,2.0,8130,-1.96,15.0,0.828
2024-04-28T04:44:08.000,11.64,10.47,8713.42,10.35,2.0,8131,-1.79,15.0,0.828
2024-04-28T04:45:09.000,11.57,10.32,9781.71,10.23,2.0,8132,-1.61,15.0,0.828
2024-04-28T04:46:09.000,11.52,10.27,12845.24,9.93,2.0,8133,-1.44,15.0,0.828
2024-04-28T04:47:09.000,11.48,10.33,15921.69,9.7,2.0,8134,-1.26,15.0,0.828
2024-04-28T04:48:09.000,11.49,10.33,14565.82,9.79,2.0,8135,-1.09,15.0,0.828
2024-04-28T04:49:10.000,11.49,10.35,14479.04,9.8,2.0,8136,-0.91,15.0,0.828
2024-04-28T04:50:10.000,11.52,10.44,16331.67,9.67,2.0,8137,-0.74,15.0,0.828
2024-04-28T04:51:10.000,11.6,10.83,19220.04,9.49,2.0,8138,-0.56,15.0,0.828
2024-04-28T04:52:10.000,11.72,10.95,23392.16,9.5,2.0,8139,-0.39,15.0,0.827
2024-04-28T04:53:11.000,11.76,10.87,26443.73,9.31,2.0,8140,-0.21,15.0,0.827
2024-04-28T04:54:11.000,11.78,10.86,25544.11,9.18,2.0,8141,-0.04,15.0,0.827
2024-04-28T04:55:11.000,11.8,10.84,24052.04,9.25,2.0,8142,0.14,15.0,0.827
2024-04-28T04:56:11.000,11.79,10.86,24643.46,9.22,2.0,8143,0.31,15.0,0.827
2024-04-28T04:57:12.000,11.82,10.07,26595.43,9.21,2.0,8144,0.49,15.0,0.827
2024-04-28T04:58:12.000,11.86,10.96,34109.09,8.95,2.0,8145,0.67,14.0,0.827
2024-04-28T04:59:12.000,11.91,11.0,45586.4,8.56,2.0,8146,0.84,14.0,0.827
2024-04-28T05:00:12.000,11.95,11.13,52834.5,8.39,2.0,8147,1.02,14.0,0.827
2024-04-28T05:01:13.000,11.99,11.15,54080.87,8.37,2.0,8148,1.2,14.0,0.827
2024-04-28T05:02:13.000,12.01,11.16,54632.11,8.36,2.0,8149,1.37,14.0,0.827
2024-04-28T05:03:13.000,12.03,11.24,53870.29,8.37,2.0,8150,1.55,14.0,0.827
2024-04-28T05:04:13.000,12.05,11.24,54334.47,8.36,2.0,8151,1.73,14.0,0.827
2024-04-28T05:05:14.000,12.1,11.35,55690.98,4.4,2.0,8152,1.91,14.0,0.827
2024-04-28T05:06:14.000,12.16,11.4,50000.0,0.0,2.0,8153,2.08,14.0,0.827
2024-04-28T05:07:14.000,12.12,10.98,49450.87,0.18,2.0,8154,2.26,14.0,0.827
2024-04-28T05:08:14.000,12.02,10.9,50000.0,0.0,2.0,8155,2.44,14.0,0.827
2024-04-28T05:09:15.000,12.02,11.11,50000.0,0.0,2.0,8156,2.62,14.0,0.827
2024-04-28T05:10:15.000,12.02,10.99,50000.0,0.0,2.0,8157,2.8,14.0,0.826
2024-04-28T05:11:15.000,12.01,11.05,49451.05,0.18,2.0,8158,2.97,13.0,0.826
2024-04-28T05:12:15.000,12.01,11.05,47827.18,0.73,2.0,8159,3.15,13.0,0.826
2024-04-28T05:13:16.000,11.98,10.95,50000.0,0.0,2.0,8160,3.33,13.0,0.826
2024-04-28T05:14:16.000,11.97,11.06,50000.0,0.0,2.0,8161,3.51,13.0,0.826
2024-04-28T05:15:16.000,12.0,11.19,50000.0,0.0,2.0,8162,3.69,13.0,0.826
2024-04-28T05:45:25.000,11.8,10.7,50000.0,0.0,2.0,8192,9.13,10.0,0.825
2024-04-28T05:46:25.000,11.77,10.79,50000.0,0.0,2.0,8193,9.31,10.0,0.824
2024-04-28T05:47:26.000,11.76,10.78,50000.0,0.0,2.0,8194,9.5,10.0,0.824
2024-04-28T05:48:26.000,11.73,10.57,49732.73,0.09,2.0,8195,9.68,10.0,0.824
2024-04-28T05:49:26.000,11.75,10.83,49725.38,0.09,2.0,8196,9.86,10.0,0.824
2024-04-28T05:50:26.000,11.83,11.09,50000.0,0.0,2.0,8197,10.04,10.0,0.824
2024-04-28T05:51:27.000,11.93,11.3,50000.0,0.0,2.0,8198,10.23,10.0,0.824
2024-04-28T05:52:27.000,12.01,11.13,50000.0,0.0,2.0,8199,10.41,10.0,0.824
2024-04-28T09:08:30.000,14.98,14.44,50000.0,0.0,2.0,8394,45.92,-17.0,0.813
2024-04-28T09:09:31.000,14.97,14.5,50000.0,0.0,2.0,8395,46.09,-17.0,0.813
2024-04-28T09:10:31.000,14.91,14.31,50000.0,0.0,2.0,8396,46.25,-18.0,0.813
2024-04-28T09:12:44.000,14.87,14.02,50000.0,0.0,2.0,8398,46.62,-18.0,0.813
2024-04-28T09:13:44.000,14.89,14.54,50000.0,0.0,2.0,8399,46.78,-18.0,0.813
2024-04-28T09:14:45.000,14.98,14.57,50000.0,0.0,2.0,8400,46.95,-18.0,0.813
2024-04-28T09:18:46.000,15.02,14.59,50000.0,0.0,2.0,8404,47.6,-19.0,0.813
2024-04-28T09:19:46.000,15.01,14.18,50000.0,0.0,2.0,8405,47.76,-19.0,0.812
2024-04-28T09:20:46.000,14.9,14.17,50000.0,0.0,2.0,8406,47.92,-19.0,0.812
2024-04-28T09:23:00.000,14.83,14.25,50000.0,0.0,2.0,8408,48.28,-20.0,0.812
2024-04-28T09:24:01.000,14.87,14.34,50000.0,0.0,2.0,8409,48.44,-20.0,0.812
2024-04-28T09:25:02.000,14.92,14.41,50000.0,0.0,2.0,8410,48.6,-20.0,0.812
2024-04-28T17:53:30.000,13.6,12.74,50000.0,0.0,2.0,8916,8.58,-61.0,0.782
2024-04-28T17:54:30.000,13.64,12.66,50000.0,0.0,2.0,8917,8.4,-60.0,0.782
2024-04-28T17:55:31.000,13.64,12.71,50000.0,0.0,2.0,8918,8.21,-60.0,0.782
2024-04-28T17:56:31.000,13.72,13.04,49717.74,0.09,2.0,8919,8.03,-60.0,0.782
2024-04-28T17:57:31.000,13.78,13.07,50000.0,0.0,2.0,8920,7.85,-60.0,0.782
2024-04-28T17:58:31.000,13.88,13.29,50000.0,0.0,2.0,8921,7.67,-60.0,0.782
2024-04-28T17:59:32.000,13.95,13.3,50000.0,0.0,2.0,8922,7.49,-60.0,0.782
2024-04-28T18:05:34.000,14.06,13.18,50000.0,0.0,2.0,8928,6.4,-59.0,0.781
2024-04-28T18:06:34.000,14.05,13.34,50000.0,0.0,2.0,8929,6.22,-58.0,0.781
2024-04-28T18:07:34.000,14.11,13.57,50000.0,0.0,2.0,8930,6.04,-58.0,0.781
2024-04-28T18:08:35.000,14.13,13.3,49709.54,0.09,2.0,8931,5.86,-58.0,0.781
2024-04-28T18:09:35.000,14.11,13.28,50000.0,0.0,2.0,8932,5.68,-58.0,0.781
2024-04-28T18:10:35.000,14.07,13.1,50000.0,0.0,2.0,8933,5.5,-58.0,0.781
2024-04-28T18:11:36.000,13.93,12.58,50000.0,0.0,2.0,8934,5.31,-58.0,0.781
2024-04-28T18:28:40.000,13.78,13.05,50000.0,0.0,2.0,8951,2.28,-55.0,0.78
2024-04-28T18:29:41.000,13.84,13.09,50000.0,0.0,2.0,8952,2.1,-54.0,0.78
2024-04-28T18:30:41.000,13.85,12.96,50000.0,0.0,2.0,8953,1.92,-54.0,0.78
2024-04-28T18:31:42.000,13.82,12.89,53839.82,8.0,2.0,8954,1.74,-54.0,0.78
2024-04-28T18:32:42.000,13.87,13.29,42324.56,8.63,2.0,8955,1.57,-54.0,0.78
2024-04-28T18:33:42.000,13.92,13.2,43461.04,8.61,2.0,8956,1.39,-54.0,0.78
2024-04-28T18:34:42.000,13.91,13.1,54546.54,7.05,2.0,8957,1.21,-54.0,0.78
2024-04-28T18:35:44.000,13.9,13.03,50000.0,0.0,2.0,8958,1.03,-53.0,0.78
2024-04-28T18:36:43.000,13.8,12.61,50000.0,0.0,2.0,8959,0.86,-53.0,0.779
2024-04-28T18:37:43.000,13.69,12.51,54181.49,2.83,2.0,8960,0.69,-53.0,0.779
2024-04-28T18:38:44.000,13.67,12.82,49984.33,8.46,2.0,8961,0.51,-53.0,0.779
2024-04-28T18:39:44.000,13.73,12.93,39345.93,8.71,2.0,8962,0.33,-53.0,0.779
2024-04-28T18:40:44.000,13.76,12.99,46520.31,8.53,2.0,8963,0.16,-53.0,0.779
2024-04-28T18:41:44.000,13.76,12.8,44310.5,8.58,2.0,8964,-0.02,-52.0,0.779
2024-04-28T18:42:45.000,13.64,12.22,40981.09,8.67,2.0,8965,-0.19,-52.0,0.779
2024-04-28T18:43:45.000,13.6,12.76,39728.22,8.7,2.0,8966,-0.37,-52.0,0.779
2024-04-28T18:44:45.000,13.66,12.85,33578.75,8.89,2.0,8967,-0.54,-52.0,0.779
2024-04-28T18:45:45.000,13.7,12.95,25103.18,9.42,2.0,8968,-0.72,-52.0,0.779
2024-04-28T18:46:46.000,13.73,12.98,25379.28,9.26,2.0,8969,-0.89,-51.0,0.779
2024-04-28T18:47:46.000,13.78,13.05,24224.46,9.4,2.0,8970,-1.07,-51.0,0.779
2024-04-28T18:48:46.000,13.78,13.03,20838.82,9.4,2.0,8971,-1.24,-51.0,0.779
2024-04-28T18:49:47.000,13.85,13.19,20613.06,9.42,2.0,8972,-1.41,-51.0,0.779
2024-04-28T18:50:47.000,13.9,13.26,19788.27,9.46,2.0,8973,-1.59,-51.0,0.779
2024-04-28T18:51:47.000,13.93,13.25,17793.33,9.57,2.0,8974,-1.76,-51.0,0.779
2024-04-28T18:52:47.000,13.97,13.22,18067.99,9.62,2.0,8975,-1.93,-50.0,0.779
2024-04-28T18:53:47.000,13.88,12.66,17650.98,9.58,2.0,8976,-2.1,-50.0,0.778
2024-04-28T18:54:48.000,13.77,12.73,15972.07,9.69,2.0,8977,-2.28,-50.0,0.778
2024-04-28T18:55:48.000,13.84,13.21,14239.57,9.82,2.0,8978,-2.45,-50.0,0.778
2024-04-28T18:56:48.000,13.87,13.01,12646.91,9.95,2.0,8979,-2.62,-50.0,0.778
2024-04-28T18:57:48.000,13.9,13.14,9956.63,10.21,2.0,8980,-2.79,-50.0,0.778
2024-04-28T18:58:49.000,13.92,13.2,7515.8,10.51,2.0,8981,-2.97,-49.0,0.778
2024-04-28T18:59:49.000,13.95,13.17,5154.36,10.93,2.0,8982,-3.14,-49.0,0.778
2024-04-28T19:00:49.000,13.94,13.0,3520.31,11.34,2.0,8983,-3.31,-49.0,0.778
2024-04-28T19:01:49.000,13.97,13.31,2605.33,11.66,2.0,8984,-3.48,-49.0,0.778
2024-04-28T19:02:50.000,13.99,13.31,2209.84,11.84,2.0,8985,-3.65,-49.0,0.778
2024-04-28T19:03:50.000,13.96,13.11,1965.01,11.97,2.0,8986,-3.82,-48.0,0.778
2024-04-28T19:04:50.000,13.93,13.14,1648.89,12.16,2.0,8987,-3.99,-48.0,0.778
2024-04-28T19:05:50.000,13.93,13.21,1482.36,12.27,2.0,8988,-4.16,-48.0,0.778
2024-04-28T19:06:50.000,13.95,13.2,1195.8,12.51,2.0,8989,-4.33,-48.0,0.778
2024-04-28T19:07:52.000,13.95,13.18,1000.36,12.7,2.0,8990,-4.51,-48.0,0.778
2024-04-28T19:08:51.000,13.94,13.08,825.84,12.91,2.0,8991,-4.67,-48.0,0.778
2024-04-28T19:09:51.000,13.96,13.34,634.82,13.2,2.0,8992,-4.84,-47.0,0.777
2024-04-28T19:10:52.000,14.02,13.39,438.88,13.6,2.0,8993,-5.01,-47.0,0.777
2024-04-28T19:11:52.000,14.04,13.27,339.96,13.87,2.0,8994,-5.18,-47.0,0.777
2024-04-28T19:12:52.000,14.03,13.3,333.56,13.89,2.0,8995,-5.35,-47.0,0.777
2024-04-28T19:13:52.000,13.98,12.93,278.25,14.09,2.0,8996,-5.52,-47.0,0.777
2024-04-28T19:14:53.000,13.86,12.72,227.38,14.31,2.0,8997,-5.69,-47.0,0.777
2024-04-28T19:15:53.000,13.78,12.85,159.26,14.7,2.0,8998,-5.85,-46.0,0.777
2024-04-28T19:16:54.000,13.77,12.81,113.96,15.06,2.0,8999,-6.02,-46.0,0.777
2024-04-28T19:17:54.000,13.69,12.61,83.98,15.39,2.0,9000,-6.19,-46.0,0.777
2024-04-28T19:18:54.000,13.63,12.51,67.69,15.63,2.0,9001,-6.36,-46.0,0.777
2024-04-28T19:19:54.000,13.63,12.71,55.11,15.85,2.0,9002,-6.52,-46.0,0.777
2024-04-28T19:20:55.000,13.65,12.81,50.98,15.93,2.0,9003,-6.69,-45.0,0.777
2024-04-28T19:21:55.000,13.7,12.94,44.22,16.09,2.0,9004,-6.86,-45.0,0.777
2024-04-28T19:22:55.000,13.77,13.01,35.72,16.32,2.0,9005,-7.02,-45.0,0.777
2024-04-28T19:23:55.000,13.79,12.81,30.16,16.5,2.0,9006,-7.19,-45.0,0.777
2024-04-28T19:24:56.000,13.77,12.67,27.25,16.61,2.0,9007,-7.36,-45.0,0.777
2024-04-28T19:25:56.000,13.77,12.03,25.52,16.68,2.0,9008,-7.52,-45.0,0.776
2024-04-28T19:26:56.000,13.71,12.2,25.17,16.7,2.0,9009,-7.69,-44.0,0.776
2024-04-28T19:27:56.000,13.67,12.5,26.92,16.63,2.0,9010,-7.85,-44.0,0.776
2024-04-28T19:28:56.000,13.66,12.76,30.02,16.51,2.0,9011,-8.01,-44.0,0.776
2024-04-28T19:29:57.000,13.69,12.83,39.78,16.2,2.0,9012,-8.18,-44.0,0.776
2024-04-28T19:30:57.000,13.77,13.09,35.59,16.32,2.0,9013,-8.34,-44.0,0.776
2024-04-28T19:31:57.000,13.81,12.94,31.67,16.45,2.0,9014,-8.51,-43.0,0.776
2024-04-28T19:32:58.000,13.81,12.86,28.13,16.58,2.0,9015,-8.67,-43.0,0.776
2024-04-28T19:33:58.000,13.78,12.86,26.23,16.65,2.0,9016,-8.83,-43.0,0.776
2024-04-28T19:34:58.000,13.81,13.1,21.56,16.87,2.0,9017,-9.0,-43.0,0.776
2024-04-28T19:35:58.000,13.89,13.22,16.98,17.13,2.0,9018,-9.16,-43.0,0.776
2024-04-28T19:36:59.000,13.9,12.99,14.36,17.31,2.0,9019,-9.32,-43.0,0.776
2024-04-28T19:37:59.000,13.84,12.76,12.07,17.5,2.0,9020,-9.48,-42.0,0.776
2024-04-28T19:38:59.000,13.7,12.41,10.39,17.66,2.0,9021,-9.64,-42.0,0.776
2024-04-28T19:39:59.000,13.59,12.41,8.67,17.86,2.0,9022,-9.8,-42.0,0.776
2024-04-28T19:41:00.000,13.51,12.22,7.89,17.96,2.0,9023,-9.97,-42.0,0.776
2024-04-28T19:42:00.000,13.4,12.09,7.48,18.02,2.0,9024,-10.13,-42.0,0.775
2024-04-28T19:43:01.000,13.37,12.3,7.26,18.05,2.0,9025,-10.29,-42.0,0.775
2024-04-28T19:44:01.000,13.37,12.22,6.81,18.12,2.0,9026,-10.45,-41.0,0.775
2024-04-28T19:45:01.000,13.35,12.31,6.78,18.12,2.0,9027,-10.61,-41.0,0.775
2024-04-28T19:46:02.000,13.35,12.25,6.42,18.18,2.0,9028,-10.77,-41.0,0.775
2024-04-28T19:47:02.000,13.31,12.07,5.91,18.27,2.0,9029,-10.93,-41.0,0.775
2024-04-28T19:48:02.000,13.26,12.06,6.18,18.22,2.0,9030,-11.09,-41.0,0.775
2024-04-28T19:49:03.000,13.19,11.87,6.2,18.22,2.0,9031,-11.25,-40.0,0.775
2024-04-28T19:50:03.000,13.19,12.23,5.92,18.27,2.0,9032,-11.41,-40.0,0.775
2024-04-28T19:51:03.000,13.23,12.28,5.46,18.36,2.0,9033,-11.56,-40.0,0.775
2024-04-28T19:52:03.000,13.3,12.46,5.27,18.4,2.0,9034,-11.72,-40.0,0.775
2024-04-28T19:53:04.000,13.35,12.54,5.47,18.35,2.0,9035,-11.88,-40.0,0.775
2024-04-28T19:54:05.000,13.41,12.5,5.54,18.34,2.0,9036,-12.04,-40.0,0.775
2024-04-28T19:55:05.000,13.39,12.32,5.34,18.38,2.0,9037,-12.19,-39.0,0.775
2024-04-28T19:56:05.000,13.37,12.41,4.98,18.46,2.0,9038,-12.35,-39.0,0.775
2024-04-28T19:57:05.000,13.39,12.31,4.68,18.53,2.0,9039,-12.51,-39.0,0.775
2024-04-28T19:58:05.000,13.36,12.3,4.67,18.53,2.0,9040,-12.66,-39.0,0.774
