ecsv/stars795/stars795_2025-04.ecsv
# %ECSV 1.0
# ---
# datatype:
# - {name: time, datatype: string}
# - {name: Enclosure Temperature, unit: deg_C, datatype: float64}
# - {name: Sky Temperature, unit: deg_C, datatype: float64}
# - {name: Frequency, unit: Hz, datatype: float64}
# - {name: MSAS, unit: mag / arcsec2, datatype: float64}
# - {name: ZP, datatype: float64}
# - {name: Sequence Number, datatype: int64}
# - {name: Sun Alt, unit: deg, datatype: float64}
# - {name: Moon Alt, unit: deg, datatype: float64}
# - {name: Moon Illumination, datatype: float64}
# delimiter: ','
# meta: !!omap
# - ida:
#     Data supplier: {affiliation: Astrolizard Observatory, observer: null}
#     Device type: TESS-W
#     Field of view: 17.0
#     Filters per channel: None
#     Instrument ID: stars795
#     License: ODbL 1.0 http://opendatacommons.org/licenses/odbl/summary/
#     Local timezone: Europe/Madrid
#     Location name: {country: Spain, place: Astrolizard Observatory, region: Catalonia, sub_region: Garrotxa, town: 'Joanetes, Girona'}
#     Measurement direction per channel: {azimuth: 0.0, zenital: 0.0}
#     Moving / Fixed look direction: FIXED
#     Moving / Stationary position: STATIONARY
#     Number of channels: 1
#     Number of fields per line: 8
#     Number of header lines: 35
#     Position: {height: 0.0, latitude: 42.1249419, longitude: 2.4379616}
#     TESS MAC address: E8:DB:84:83:7C:98
#     TESS cover offset value: 0.0
#     TESS firmware version: '1.0'
#     TESS zero point: 2.0
#     Time Synchronization: timestamp added by MQTT subscriber
#     URL: http://www.darksky.org/NSBM/sdf1.0.pdf
# - __serialized_columns__:
#     Enclosure Temperature:
#       __class__: astropy.units.quantity.Quantity
#       unit: &id001 !astropy.units.Unit {unit: deg_C}
#       value: !astropy.table.SerializedColumn {name: Enclosure Temperature}
#     Frequency:
#       __class__: astropy.units.quantity.Quantity
#       unit: !astropy.units.Unit {unit: Hz}
#       value: !astropy.table.SerializedColumn {name: Frequency}
#     MSAS:
#       __class__: astropy.units.quantity.Quantity
#       unit: !astropy.units.Unit {unit: mag / arcsec2}
#       value: !astropy.table.SerializedColumn {name: MSAS}
#     Moon Alt:
#       __class__: astropy.units.quantity.Quantity
#       unit: &id002 !astropy.units.Unit {unit: deg}
#       value: !astropy.table.SerializedColumn {name: Moon Alt}
#     Sky Temperature:
#       __class__: astropy.units.quantity.Quantity
#       unit: *id001
#       value: !astropy.table.SerializedColumn {name: Sky Temperature}
#     Sun Alt:
#       __class__: astropy.units.quantity.Quantity
#       unit: *id002
#       value: !astropy.table.SerializedColumn {name: Sun Alt}
#     time:
#       __class__: astropy.time.core.Time
#       format: isot
#       in_subfmt: '*'
#       out_subfmt: '*'
#       precision: 3
#       scale: utc
#       value: !astropy.table.SerializedColumn {name: time}
# schema: astropy-2.0
time,Enclosure Temperature,Sky Temperature,Frequency,MSAS,ZP,Sequence Number,Sun Alt,Moon Alt,Moon Illumination
[from data line 15914]
2025-04-24T20:05:52.000,18.21,12.28,6.25,18.21,2.0,11763,-14.8,-49.0,0.128
2025-04-24T20:06:53.000,18.16,12.39,6.08,18.24,2.0,11764,-14.96,-49.0,0.128
2025-04-24T20:07:53.000,18.12,12.34,5.96,18.26,2.0,11765,-15.11,-49.0,0.128
2025-04-24T20:08:53.000,18.08,12.36,5.93,18.27,2.0,11766,-15.27,-49.0,0.128
2025-04-24T20:09:53.000,18.1,12.62,5.82,18.29,2.0,11767,-15.42,-49.0,0.128
2025-04-24T20:10:54.000,18.16,12.61,5.61,18.33,2.0,11768,-15.57,-49.0,0.127
2025-04-24T20:11:54.000,18.22,12.62,5.25,18.4,2.0,11769,-15.73,-49.0,0.127
2025-04-24T20:12:54.000,18.25,12.46,5.15,18.42,2.0,11770,-15.88,-49.0,0.127
2025-04-24T20:13:54.000,18.23,12.47,5.19,18.41,2.0,11771,-16.03,-49.0,0.127
2025-04-24T20:14:55.000,18.22,12.38,5.33,18.38,2.0,11772,-16.18,-49.0,0.127
2025-04-24T20:15:55.000,18.18,12.37,5.45,18.36,2.0,11773,-16.33,-49.0,0.127
2025-04-24T20:16:55.000,18.14,12.35,5.62,18.33,2.0,11774,-16.48,-50.0,0.127
2025-04-24T20:17:55.000,18.11,12.35,5.9,18.27,2.0,11775,-16.63,-50.0,0.127
2025-04-24T20:18:56.000,18.1,12.4,6.11,18.23,2.0,11776,-16.78,-50.0,0.127
2025-04-24T20:19:56.000,18.1,12.5,6.14,18.23,2.0,11777,-16.93,-50.0,0.127
2025-04-24T20:20:56.000,18.14,12.56,5.88,18.28,2.0,11778,-17.08,-50.0,0.127
2025-04-24T20:21:56.000,18.16,12.46,5.6,18.33,2.0,11779,-17.23,-50.0,0.127
2025-04-24T20:22:57.000,18.18,12.4,5.55,18.34,2.0,11780,-17.38,-50.0,0.127
2025-04-24T20:23:57.000,18.17,12.48,5.65,18.32,2.0,11781,-17.53,-50.0,0.127
2025-04-24T20:24:57.000,18.19,12.48,5.7,18.31,2.0,11782,-17.67,-50.0,0.127
2025-04-24T20:25:57.000,18.18,12.4,5.8,18.29,2.0,11783,-17.82,-50.0,0.127
2025-04-24T20:26:58.000,18.16,12.41,5.92,18.27,2.0,11784,-17.97,-50.0,0.127
2025-04-24T20:27:58.000,18.14,12.43,5.84,18.28,2.0,11785,-18.12,-50.0,0.127
2025-04-24T20:28:58.000,18.13,12.49,5.46,18.36,2.0,11786,-18.26,-50.0,0.126
2025-04-24T20:29:58.000,18.12,12.33,5.02,18.45,2.0,11787,-18.41,-50.0,0.126
2025-04-24T20:30:59.000,18.09,12.25,4.68,18.53,2.0,11788,-18.55,-50.0,0.126
2025-04-24T20:31:59.000,18.08,12.3,4.52,18.56,2.0,11789,-18.7,-50.0,0.126
2025-04-24T20:32:59.000,18.06,12.22,4.75,18.51,2.0,11790,-18.84,-50.0,0.126
2025-04-24T20:33:59.000,18.04,12.35,5.45,18.36,2.0,11791,-18.98,-50.0,0.126
2025-04-24T20:35:00.000,18.06,12.58,5.9,18.27,2.0,11792,-19.13,-50.0,0.126
2025-04-24T20:36:00.000,18.1,12.66,5.82,18.29,2.0,11793,-19.27,-51.0,0.126
2025-04-24T20:37:00.000,18.09,12.34,5.58,18.33,2.0,11794,-19.41,-51.0,0.126
2025-04-24T20:38:00.000,18.02,12.34,5.59,18.33,2.0,11795,-19.55,-51.0,0.126
2025-04-24T20:39:01.000,17.99,12.46,5.77,18.3,2.0,11796,-19.7,-51.0,0.126
2025-04-24T20:40:01.000,17.97,12.36,5.8,18.29,2.0,11797,-19.84,-51.0,0.126
2025-04-24T20:41:02.000,17.97,12.48,5.7,18.31,2.0,11798,-19.98,-51.0,0.126
2025-04-24T20:42:02.000,17.98,12.41,5.33,18.38,2.0,11799,-20.12,-51.0,0.126
2025-04-24T20:43:02.000,17.95,11.94,4.79,18.5,2.0,11800,-20.26,-51.0,0.126
2025-04-24T20:44:02.000,17.92,11.95,4.29,18.62,2.0,11801,-20.4,-51.0,0.126
2025-04-24T20:45:03.000,17.9,11.81,4.32,18.61,2.0,11802,-20.54,-51.0,0.126
2025-04-24T20:46:03.000,17.93,12.1,5.2,18.41,2.0,11803,-20.68,-51.0,0.126
2025-04-24T20:47:03.000,17.95,12.26,5.65,18.32,2.0,11804,-20.81,-51.0,0.125
2025-04-24T20:48:03.000,17.97,12.43,5.98,18.26,2.0,11805,-20.95,-51.0,0.125
2025-04-24T20:49:04.000,18.0,12.4,6.06,18.24,2.0,11806,-21.09,-51.0,0.125
2025-04-24T20:50:04.000,17.98,12.3,5.76,18.3,2.0,11807,-21.23,-51.0,0.125
2025-04-24T20:51:04.000,17.94,12.14,5.29,18.39,2.0,11808,-21.36,-51.0,0.125
2025-04-24T20:52:04.000,17.89,11.93,4.44,18.58,2.0,11809,-21.5,-51.0,0.125
2025-04-24T20:53:05.000,17.91,11.79,4.11,18.67,2.0,11810,-21.63,-51.0,0.125
2025-04-24T20:54:05.000,17.92,11.69,3.91,18.72,2.0,11811,-21.77,-51.0,0.125
2025-04-24T20:55:05.000,17.96,11.79,4.02,18.69,2.0,11812,-21.9,-51.0,0.125
2025-04-24T20:56:05.000,17.99,11.84,4.37,18.6,2.0,11813,-22.03,-51.0,0.125
2025-04-24T20:57:06.000,17.97,11.8,4.56,18.55,2.0,11814,-22.17,-51.0,0.125
2025-04-24T20:58:06.000,17.94,11.78,4.36,18.6,2.0,11815,-22.3,-51.0,0.125
2025-04-24T20:59:06.000,17.92,11.73,3.93,18.72,2.0,11816,-22.43,-51.0,0.125
2025-04-24T21:00:06.000,17.93,11.6,3.65,18.8,2.0,11817,-22.56,-51.0,0.125
2025-04-24T21:01:07.000,17.92,11.47,3.28,18.91,2.0,11818,-22.7,-51.0,0.125
2025-04-24T21:02:07.000,17.91,11.43,3.18,18.94,2.0,11819,-22.83,-51.0,0.125
2025-04-24T21:03:07.000,17.92,11.49,3.34,18.89,2.0,11820,-22.95,-51.0,0.125
2025-04-24T21:04:07.000,17.91,11.21,3.17,18.95,2.0,11821,-23.08,-51.0,0.125
2025-04-24T21:05:08.000,17.9,11.21,2.96,19.02,2.0,11822,-23.21,-51.0,0.124
2025-04-24T21:06:08.000,17.92,11.36,2.93,19.03,2.0,11823,-23.34,-51.0,0.124
2025-04-24T21:07:08.000,17.94,11.11,2.98,19.02,2.0,11824,-23.47,-51.0,0.124
2025-04-24T21:08:08.000,17.92,10.98,2.97,19.02,2.0,11825,-23.6,-51.0,0.124
2025-04-24T21:09:09.000,17.92,10.91,2.92,19.04,2.0,11826,-23.72,-51.0,0.124
2025-04-24T21:10:09.000,17.92,10.87,2.7,19.12,2.0,11827,-23.85,-51.0,0.124
2025-04-24T21:11:09.000,17.89,10.8,2.76,19.1,2.0,11828,-23.98,-51.0,0.124
2025-04-24T21:12:09.000,17.85,10.83,2.76,19.1,2.0,11829,-24.1,-51.0,0.124
2025-04-24T21:13:10.000,17.83,10.91,2.75,19.1,2.0,11830,-24.23,-51.0,0.124
2025-04-24T21:14:10.000,17.8,10.69,2.69,19.13,2.0,11831,-24.35,-51.0,0.124
2025-04-24T21:15:10.000,17.79,10.79,2.68,19.13,2.0,11832,-24.47,-51.0,0.124
2025-04-24T21:16:10.000,17.81,11.03,2.78,19.09,2.0,11833,-24.59,-51.0,0.124
2025-04-24T21:17:11.000,17.84,11.22,2.9,19.05,2.0,11834,-24.72,-51.0,0.124
2025-04-24T21:18:11.000,17.84,11.36,3.09,18.98,2.0,11835,-24.84,-51.0,0.124
2025-04-24T21:19:11.000,17.83,11.47,3.32,18.9,2.0,11836,-24.96,-51.0,0.124
2025-04-24T21:20:11.000,17.79,11.35,3.28,18.91,2.0,11837,-25.08,-51.0,0.124
2025-04-24T21:21:12.000,17.77,11.13,3.02,19.0,2.0,11838,-25.2,-51.0,0.124
2025-04-24T21:22:12.000,17.78,10.79,2.76,19.1,2.0,11839,-25.32,-51.0,0.124
2025-04-24T21:23:12.000,17.75,10.52,2.69,19.13,2.0,11840,-25.44,-51.0,0.124
2025-04-24T21:24:12.000,17.74,10.42,2.64,19.15,2.0,11841,-25.56,-51.0,0.123
2025-04-24T21:25:13.000,17.7,10.25,2.48,19.22,2.0,11842,-25.68,-51.0,0.123
2025-04-24T21:26:13.000,17.69,10.33,2.58,19.17,2.0,11843,-25.79,-51.0,0.123
2025-04-24T21:27:13.000,17.71,10.58,2.6,19.16,2.0,11844,-25.91,-51.0,0.123
2025-04-24T21:28:13.000,17.75,10.85,2.55,19.18,2.0,11845,-26.02,-51.0,0.123
2025-04-24T21:29:14.000,17.77,11.04,2.68,19.13,2.0,11846,-26.14,-51.0,0.123
2025-04-24T21:30:14.000,17.78,11.19,2.94,19.03,2.0,11847,-26.26,-51.0,0.123
2025-04-24T21:31:14.000,17.8,11.33,3.36,18.88,2.0,11848,-26.37,-51.0,0.123
2025-04-24T21:32:14.000,17.78,11.47,3.71,18.78,2.0,11849,-26.48,-51.0,0.123
2025-04-24T21:33:15.000,17.75,11.53,3.7,18.78,2.0,11850,-26.6,-51.0,0.123
2025-04-24T21:34:15.000,17.72,11.56,3.38,18.88,2.0,11851,-26.71,-51.0,0.123
2025-04-24T21:35:15.000,17.72,11.54,3.35,18.89,2.0,11852,-26.82,-51.0,0.123
2025-04-24T21:36:15.000,17.74,11.62,3.51,18.84,2.0,11853,-26.93,-51.0,0.123
2025-04-24T21:37:16.000,17.76,11.59,3.31,18.9,2.0,11854,-27.04,-51.0,0.123
2025-04-24T21:38:16.000,17.78,11.5,3.08,18.98,2.0,11855,-27.15,-51.0,0.123
2025-04-24T21:39:16.000,17.79,11.4,3.0,19.01,2.0,11856,-27.26,-51.0,0.123
2025-04-24T21:40:16.000,17.8,11.45,3.08,18.98,2.0,11857,-27.37,-51.0,0.123
2025-04-24T21:41:17.000,17.82,11.62,3.23,18.93,2.0,11858,-27.48,-51.0,0.123
2025-04-24T21:42:17.000,17.82,11.74,3.36,18.88,2.0,11859,-27.58,-51.0,0.122
2025-04-24T21:43:17.000,17.84,11.74,3.38,18.88,2.0,11860,-27.69,-51.0,0.122
2025-04-24T21:44:17.000,17.81,11.56,3.37,18.88,2.0,11861,-27.79,-51.0,0.122
2025-04-24T21:45:18.000,17.77,11.61,3.18,18.95,2.0,11862,-27.9,-51.0,0.122
2025-04-24T21:46:18.000,17.8,11.54,2.91,19.04,2.0,11863,-28.0,-51.0,0.122
2025-04-24T21:47:18.000,17.83,11.18,2.71,19.12,2.0,11864,-28.11,-50.0,0.122
2025-04-24T21:48:18.000,17.84,11.0,2.61,19.16,2.0,11865,-28.21,-50.0,0.122
2025-04-24T21:49:19.000,17.85,11.08,2.76,19.1,2.0,11866,-28.31,-50.0,0.122
2025-04-24T21:50:19.000,17.87,11.45,3.19,18.94,2.0,11867,-28.41,-50.0,0.122
2025-04-24T21:51:19.000,17.86,11.67,3.43,18.86,2.0,11868,-28.51,-50.0,0.122
2025-04-24T21:52:19.000,17.81,11.58,3.45,18.86,2.0,11869,-28.61,-50.0,0.122
2025-04-24T21:53:20.000,17.73,11.58,3.25,18.92,2.0,11870,-28.71,-50.0,0.122
2025-04-24T21:54:20.000,17.69,11.53,3.28,18.91,2.0,11871,-28.81,-50.0,0.122
2025-04-24T21:55:20.000,17.57,11.39,3.71,18.78,2.0,11872,-28.91,-50.0,0.122
2025-04-24T21:56:20.000,17.47,11.67,3.86,18.73,2.0,11873,-29.01,-50.0,0.122
2025-04-24T21:57:21.000,17.44,11.75,3.67,18.79,2.0,11874,-29.11,-50.0,0.122
2025-04-24T21:58:21.000,17.41,11.43,3.4,18.87,2.0,11875,-29.2,-50.0,0.122
2025-04-24T21:59:21.000,17.31,11.27,3.23,18.93,2.0,11876,-29.3,-50.0,0.122
2025-04-24T22:00:21.000,17.32,11.38,3.2,18.94,2.0,11877,-29.39,-50.0,0.121
2025-04-24T22:01:22.000,17.31,11.46,3.35,18.89,2.0,11878,-29.48,-50.0,0.121
2025-04-24T22:02:22.000,17.33,11.73,3.63,18.8,2.0,11879,-29.58,-50.0,0.121
2025-04-24T22:03:22.000,17.37,11.93,3.86,18.73,2.0,11880,-29.67,-50.0,0.121
2025-04-24T22:04:22.000,17.41,12.11,4.06,18.68,2.0,11881,-29.76,-50.0,0.121
2025-04-24T22:05:23.000,17.48,12.27,4.11,18.67,2.0,11882,-29.85,-50.0,0.121
2025-04-24T22:06:23.000,17.56,12.25,4.17,18.65,2.0,11883,-29.94,-49.0,0.121
2025-04-24T22:07:23.000,17.61,12.16,4.09,18.67,2.0,11884,-30.03,-49.0,0.121
2025-04-24T22:08:23.000,17.6,12.01,4.02,18.69,2.0,11885,-30.12,-49.0,0.121
2025-04-24T22:09:24.000,17.58,12.06,4.03,18.69,2.0,11886,-30.21,-49.0,0.121
2025-04-24T22:10:24.000,17.57,12.02,4.07,18.68,2.0,11887,-30.3,-49.0,0.121
2025-04-24T22:11:24.000,17.56,12.05,4.07,18.68,2.0,11888,-30.38,-49.0,0.121
2025-04-24T22:12:24.000,17.56,12.03,3.94,18.71,2.0,11889,-30.47,-49.0,0.121
2025-04-24T22:13:25.000,17.55,12.02,3.94,18.71,2.0,11890,-30.55,-49.0,0.121
2025-04-24T22:14:25.000,17.54,11.99,3.92,18.72,2.0,11891,-30.64,-49.0,0.121
2025-04-24T22:15:25.000,17.5,11.9,3.95,18.71,2.0,11892,-30.72,-49.0,0.121
2025-04-24T22:16:25.000,17.48,11.96,4.04,18.68,2.0,11893,-30.8,-49.0,0.121
2025-04-24T22:17:26.000,17.49,12.07,4.27,18.63,2.0,11894,-30.88,-49.0,0.121
2025-04-24T22:18:26.000,17.51,12.1,4.29,18.62,2.0,11895,-30.96,-49.0,0.121
2025-04-24T22:19:26.000,17.49,11.88,4.24,18.63,2.0,11896,-31.04,-49.0,0.12
2025-04-24T22:20:26.000,17.47,12.0,4.14,18.66,2.0,11897,-31.12,-49.0,0.12
2025-04-24T22:21:27.000,17.48,12.01,4.0,18.7,2.0,11898,-31.2,-48.0,0.12
2025-04-24T22:22:27.000,17.49,11.98,3.85,18.74,2.0,11899,-31.28,-48.0,0.12
2025-04-24T22:23:27.000,17.48,11.99,3.64,18.8,2.0,11900,-31.36,-48.0,0.12
2025-04-24T22:24:27.000,17.5,12.0,3.54,18.83,2.0,11901,-31.43,-48.0,0.12
2025-04-24T22:25:28.000,17.52,11.96,3.52,18.84,2.0,11902,-31.51,-48.0,0.12
2025-04-24T22:26:28.000,17.49,11.76,3.45,18.86,2.0,11903,-31.58,-48.0,0.12
2025-04-24T22:27:28.000,17.43,11.74,3.33,18.9,2.0,11904,-31.66,-48.0,0.12
2025-04-24T22:28:28.000,17.39,11.66,3.32,18.9,2.0,11905,-31.73,-48.0,0.12
2025-04-24T22:29:29.000,17.33,11.68,3.35,18.89,2.0,11906,-31.8,-48.0,0.12
2025-04-24T22:30:29.000,17.3,11.71,3.36,18.88,2.0,11907,-31.87,-48.0,0.12
2025-04-24T22:31:29.000,17.29,11.73,3.33,18.89,2.0,11908,-31.94,-48.0,0.12
2025-04-24T22:32:29.000,17.28,11.79,3.36,18.89,2.0,11909,-32.01,-48.0,0.12
2025-04-24T22:33:30.000,17.28,11.74,3.45,18.86,2.0,11910,-32.08,-47.0,0.12
2025-04-24T22:34:30.000,17.26,11.7,3.41,18.87,2.0,11911,-32.15,-47.0,0.12
2025-04-24T22:35:31.000,17.24,11.67,3.4,18.87,2.0,11912,-32.22,-47.0,0.12
2025-04-24T22:36:31.000,17.18,11.52,3.4,18.87,2.0,11913,-32.28,-47.0,0.12
2025-04-24T22:37:31.000,17.12,11.62,3.28,18.91,2.0,11914,-32.35,-47.0,0.119
2025-04-24T22:38:31.000,17.11,11.63,3.24,18.93,2.0,11915,-32.41,-47.0,0.119
2025-04-24T22:39:32.000,17.08,11.64,3.25,18.92,2.0,11916,-32.48,-47.0,0.119
2025-04-24T22:40:32.000,17.11,11.61,3.22,18.93,2.0,11917,-32.54,-47.0,0.119
2025-04-24T22:41:32.000,17.06,11.35,3.21,18.93,2.0,11918,-32.6,-47.0,0.119
2025-04-24T22:42:32.000,17.03,11.44,3.2,18.94,2.0,11919,-32.66,-47.0,0.119
2025-04-24T22:43:33.000,17.01,11.57,3.34,18.89,2.0,11920,-32.72,-47.0,0.119
2025-04-24T22:44:33.000,17.02,11.65,3.51,18.84,2.0,11921,-32.78,-46.0,0.119
2025-04-24T22:45:33.000,17.02,11.6,3.4,18.87,2.0,11922,-32.84,-46.0,0.119
2025-04-24T22:46:33.000,16.99,11.49,3.26,18.92,2.0,11923,-32.9,-46.0,0.119
2025-04-24T22:47:34.000,16.98,11.49,3.16,18.95,2.0,11924,-32.96,-46.0,0.119
2025-04-24T22:48:34.000,16.98,11.51,3.17,18.95,2.0,11925,-33.01,-46.0,0.119
2025-04-24T22:49:34.000,16.95,11.37,3.43,18.86,2.0,11926,-33.07,-46.0,0.119
2025-04-24T22:50:34.000,16.88,11.33,3.64,18.8,2.0,11927,-33.12,-46.0,0.119
2025-04-24T22:51:35.000,16.83,11.29,3.49,18.84,2.0,11928,-33.17,-46.0,0.119
2025-04-24T22:52:35.000,16.76,11.25,3.35,18.89,2.0,11929,-33.23,-46.0,0.119
2025-04-24T22:53:35.000,16.75,11.45,3.18,18.94,2.0,11930,-33.28,-45.0,0.119
2025-04-24T22:54:35.000,16.76,11.38,3.1,18.97,2.0,11931,-33.33,-45.0,0.119
2025-04-24T22:55:36.000,16.77,11.4,3.06,18.99,2.0,11932,-33.38,-45.0,0.119
2025-04-24T22:56:36.000,16.77,11.27,3.06,18.99,2.0,11933,-33.43,-45.0,0.118
2025-04-24T22:57:36.000,16.74,11.31,3.11,18.97,2.0,11934,-33.47,-45.0,0.118
2025-04-24T22:58:36.000,16.71,11.32,3.21,18.93,2.0,11935,-33.52,-45.0,0.118
2025-04-24T22:59:37.000,16.64,11.16,3.37,18.88,2.0,11936,-33.57,-45.0,0.118
2025-04-24T23:00:37.000,16.59,11.27,3.52,18.84,2.0,11937,-33.61,-45.0,0.118
2025-04-24T23:01:37.000,16.53,11.21,3.58,18.82,2.0,11938,-33.66,-45.0,0.118
2025-04-24T23:02:37.000,16.47,11.25,3.59,18.81,2.0,11939,-33.7,-45.0,0.118
2025-04-24T23:03:38.000,16.44,11.27,3.65,18.8,2.0,11940,-33.74,-44.0,0.118
2025-04-24T23:04:38.000,16.43,11.35,3.87,18.73,2.0,11941,-33.78,-44.0,0.118
2025-04-24T23:05:39.000,16.44,11.46,4.02,18.69,2.0,11942,-33.83,-44.0,0.118
2025-04-24T23:06:39.000,16.45,11.39,3.93,18.71,2.0,11943,-33.86,-44.0,0.118
2025-04-24T23:07:39.000,16.43,11.37,3.76,18.76,2.0,11944,-33.9,-44.0,0.118
2025-04-24T23:08:39.000,16.43,11.32,3.74,18.77,2.0,11945,-33.94,-44.0,0.118
2025-04-24T23:09:40.000,16.4,11.33,3.82,18.74,2.0,11946,-33.98,-44.0,0.118
2025-04-24T23:10:40.000,16.4,11.4,3.89,18.73,2.0,11947,-34.01,-44.0,0.118
2025-04-24T23:11:40.000,16.4,11.35,3.98,18.7,2.0,11948,-34.05,-43.0,0.118
2025-04-24T23:12:40.000,16.38,11.28,3.89,18.73,2.0,11949,-34.08,-43.0,0.118
2025-04-24T23:13:41.000,16.33,11.2,4.04,18.68,2.0,11950,-34.12,-43.0,0.118
2025-04-24T23:14:41.000,16.25,11.19,4.2,18.64,2.0,11951,-34.15,-43.0,0.117
2025-04-24T23:15:41.000,16.2,11.23,4.34,18.61,2.0,11952,-34.18,-43.0,0.117
2025-04-24T23:16:41.000,16.18,11.29,4.44,18.58,2.0,11953,-34.21,-43.0,0.117
2025-04-24T23:17:42.000,16.18,11.45,4.46,18.58,2.0,11954,-34.24,-43.0,0.117
2025-04-24T23:18:42.000,16.24,11.47,4.43,18.58,2.0,11955,-34.27,-43.0,0.117
2025-04-24T23:19:43.000,16.26,11.4,4.48,18.57,2.0,11956,-34.3,-43.0,0.117
2025-04-24T23:20:43.000,16.26,11.37,4.62,18.54,2.0,11957,-34.32,-42.0,0.117
2025-04-24T23:21:43.000,16.24,11.35,4.57,18.55,2.0,11958,-34.35,-42.0,0.117
2025-04-24T23:22:43.000,16.21,11.31,4.45,18.58,2.0,11959,-34.37,-42.0,0.117
2025-04-24T23:23:44.000,16.21,11.35,4.4,18.59,2.0,11960,-34.4,-42.0,0.117
2025-04-24T23:24:44.000,16.22,11.36,4.12,18.66,2.0,11961,-34.42,-42.0,0.117
2025-04-24T23:25:44.000,16.2,11.28,3.95,18.71,2.0,11962,-34.44,-42.0,0.117
2025-04-24T23:26:44.000,16.24,11.46,3.94,18.71,2.0,11963,-34.46,-42.0,0.117
2025-04-24T23:27:45.000,16.32,11.34,3.97,18.7,2.0,11964,-34.48,-42.0,0.117
2025-04-24T23:28:45.000,16.39,11.26,3.88,18.73,2.0,11965,-34.5,-41.0,0.117
2025-04-24T23:29:46.000,16.44,11.02,3.49,18.85,2.0,11966,-34.52,-41.0,0.117
2025-04-24T23:30:46.000,16.47,10.92,3.09,18.98,2.0,11967,-34.54,-41.0,0.117
2025-04-24T23:31:46.000,16.45,10.78,3.18,18.94,2.0,11968,-34.55,-41.0,0.117
2025-04-24T23:32:46.000,16.41,10.98,3.55,18.82,2.0,11969,-34.57,-41.0,0.117
2025-04-24T23:33:47.000,16.41,10.93,3.55,18.82,2.0,11970,-34.58,-41.0,0.116
2025-04-24T23:34:47.000,16.4,10.91,3.43,18.86,2.0,11971,-34.59,-41.0,0.116
2025-04-24T23:35:47.000,16.37,10.99,3.4,18.87,2.0,11972,-34.61,-40.0,0.116
2025-04-24T23:36:47.000,16.32,11.06,3.52,18.83,2.0,11973,-34.62,-40.0,0.116
