ecsv/stars746/stars746_2024-04.ecsv
# %ECSV 1.0
# ---
# datatype:
# - {name: time, datatype: string}
# - {name: Enclosure Temperature, unit: deg_C, datatype: float64}
# - {name: Sky Temperature, unit: deg_C, datatype: float64}
# - {name: Frequency, unit: Hz, datatype: float64}
# - {name: MSAS, unit: mag / arcsec2, datatype: float64}
# - {name: ZP, datatype: float64}
# - {name: Sequence Number, datatype: int64}
# - {name: Sun Alt, unit: deg, datatype: float64}
# - {name: Moon Alt, unit: deg, datatype: float64}
# - {name: Moon Illumination, datatype: float64}
# delimiter: ','
# meta: !!omap
# - ida:
#     Data supplier: {affiliation: Observatorio JoseX, observer: null}
#     Device type: TESS-W
#     Field of view: 17.0
#     Filters per channel: None
#     Instrument ID: stars746
#     License: ODbL 1.0 http://opendatacommons.org/licenses/odbl/summary/
#     Local timezone: Europe/Madrid
#     Location name: {country: '- Observatorio JoseX', place: Sierra de Segura, region: Spain, sub_region: Catalonia, town: Baix Camp}
#     Measurement direction per channel: {azimuth: 0.0, zenital: 0.0}
#     Moving / Fixed look direction: FIXED
#     Moving / Stationary position: STATIONARY
#     Number of channels: 1
#     Number of fields per line: 8
#     Number of header lines: 35
#     Position: {height: 0.0, latitude: 40.9535, longitude: -0.8932}
#     TESS MAC address: E8:DB:84:83:ED:22
#     TESS cover offset value: 0.0
#     TESS firmware version: '1.0'
#     TESS zero point: 20.31
#     Time Synchronization: timestamp added by MQTT subscriber
#     URL: http://www.darksky.org/NSBM/sdf1.0.pdf
# - __serialized_columns__:
#     Enclosure Temperature:
#       __class__: astropy.units.quantity.Quantity
#       unit: &id001 !astropy.units.Unit {unit: deg_C}
#       value: !astropy.table.SerializedColumn {name: Enclosure Temperature}
#     Frequency:
#       __class__: astropy.units.quantity.Quantity
#       unit: !astropy.units.Unit {unit: Hz}
#       value: !astropy.table.SerializedColumn {name: Frequency}
#     MSAS:
#       __class__: astropy.units.quantity.Quantity
#       unit: !astropy.units.Unit {unit: mag / arcsec2}
#       value: !astropy.table.SerializedColumn {name: MSAS}
#     Moon Alt:
#       __class__: astropy.units.quantity.Quantity
#       unit: &id002 !astropy.units.Unit {unit: deg}
#       value: !astropy.table.SerializedColumn {name: Moon Alt}
#     Sky Temperature:
#       __class__: astropy.units.quantity.Quantity
#       unit: *id001
#       value: !astropy.table.SerializedColumn {name: Sky Temperature}
#     Sun Alt:
#       __class__: astropy.units.quantity.Quantity
#       unit: *id002
#       value: !astropy.table.SerializedColumn {name: Sun Alt}
#     time:
#       __class__: astropy.time.core.Time
#       format: isot
#       in_subfmt: '*'
#       out_subfmt: '*'
#       precision: 3
#       scale: utc
#       value: !astropy.table.SerializedColumn {name: time}
# schema: astropy-2.0
time,Enclosure Temperature,Sky Temperature,Frequency,MSAS,ZP,Sequence Number,Sun Alt,Moon Alt,Moon Illumination
[from data line 15861]
2024-04-29T22:43:56.000,10.03,-3.62,0.69,20.71,20.31,130989,-31.43,-22.0,0.667
2024-04-29T22:44:56.000,9.95,-4.49,0.69,20.71,20.31,130990,-31.5,-21.0,0.667
2024-04-29T22:45:56.000,10.04,-5.33,0.68,20.72,20.31,130991,-31.57,-21.0,0.667
2024-04-29T22:46:56.000,9.97,-5.63,0.68,20.73,20.31,130992,-31.64,-21.0,0.667
2024-04-29T22:47:56.000,9.85,-5.08,0.69,20.72,20.31,130993,-31.71,-21.0,0.667
2024-04-29T22:48:56.000,9.99,-4.19,0.7,20.7,20.31,130994,-31.77,-21.0,0.667
2024-04-29T22:49:57.000,9.95,-3.57,0.71,20.69,20.31,130995,-31.84,-21.0,0.667
2024-04-29T22:50:57.000,9.83,-3.44,0.71,20.68,20.31,130996,-31.91,-20.0,0.667
2024-04-29T22:51:57.000,9.98,-3.03,0.72,20.67,20.31,130997,-31.97,-20.0,0.667
2024-04-29T22:52:57.000,10.04,-2.65,0.72,20.67,20.31,130998,-32.03,-20.0,0.667
2024-04-29T22:53:57.000,9.86,-2.66,0.72,20.67,20.31,130999,-32.09,-20.0,0.667
2024-04-29T22:54:57.000,9.92,-2.21,0.72,20.67,20.31,131000,-32.16,-20.0,0.667
2024-04-29T22:55:57.000,9.98,-1.98,0.71,20.68,20.31,131001,-32.22,-19.0,0.666
2024-04-29T22:56:57.000,9.84,-1.85,0.71,20.68,20.31,131002,-32.28,-19.0,0.666
2024-04-29T22:57:57.000,9.97,-1.77,0.71,20.68,20.31,131003,-32.33,-19.0,0.666
2024-04-29T22:58:57.000,9.93,-2.25,0.72,20.67,20.31,131004,-32.39,-19.0,0.666
2024-04-29T22:59:57.000,9.84,-2.49,0.71,20.68,20.31,131005,-32.45,-19.0,0.666
2024-04-29T23:00:57.000,9.86,-2.22,0.71,20.69,20.31,131006,-32.51,-19.0,0.666
2024-04-29T23:01:57.000,9.98,-1.93,0.71,20.68,20.31,131007,-32.56,-18.0,0.666
2024-04-29T23:02:57.000,10.0,-1.92,0.72,20.66,20.31,131008,-32.62,-18.0,0.666
2024-04-29T23:03:57.000,9.89,-2.27,0.72,20.66,20.31,131009,-32.67,-18.0,0.666
2024-04-29T23:04:57.000,9.93,-2.91,0.73,20.66,20.31,131010,-32.72,-18.0,0.666
2024-04-29T23:05:58.000,10.02,-2.73,0.72,20.66,20.31,131011,-32.77,-18.0,0.666
2024-04-29T23:06:58.000,9.85,-2.43,0.72,20.67,20.31,131012,-32.82,-18.0,0.666
2024-04-29T23:07:58.000,9.87,-2.52,0.71,20.68,20.31,131013,-32.87,-17.0,0.666
2024-04-29T23:08:58.000,10.0,-2.45,0.71,20.68,20.31,131014,-32.92,-17.0,0.666
2024-04-29T23:09:58.000,9.88,-2.56,0.71,20.68,20.31,131015,-32.97,-17.0,0.665
2024-04-29T23:10:58.000,9.83,-2.69,0.72,20.67,20.31,131016,-33.02,-17.0,0.665
2024-04-29T23:11:58.000,10.02,-2.47,0.71,20.68,20.31,131017,-33.06,-17.0,0.665
2024-04-29T23:12:58.000,9.93,-2.12,0.71,20.68,20.31,131018,-33.11,-17.0,0.665
2024-04-29T23:13:58.000,9.82,-1.55,0.7,20.69,20.31,131019,-33.15,-16.0,0.665
2024-04-29T23:14:58.000,10.04,-0.5,0.69,20.71,20.31,131020,-33.2,-16.0,0.665
2024-04-29T23:15:58.000,10.06,-0.32,0.69,20.72,20.31,131021,-33.24,-16.0,0.665
2024-04-29T23:16:58.000,9.87,-0.73,0.7,20.7,20.31,131022,-33.28,-16.0,0.665
2024-04-29T23:17:58.000,9.94,-2.18,0.71,20.68,20.31,131023,-33.32,-16.0,0.665
2024-04-29T23:18:58.000,10.05,-2.23,0.71,20.69,20.31,131024,-33.36,-16.0,0.665
2024-04-29T23:19:58.000,9.85,-1.41,0.69,20.71,20.31,131025,-33.4,-15.0,0.665
2024-04-29T23:20:59.000,9.89,-1.04,0.68,20.72,20.31,131026,-33.44,-15.0,0.665
2024-04-29T23:21:59.000,10.04,-0.94,0.68,20.72,20.31,131027,-33.48,-15.0,0.665
2024-04-29T23:22:59.000,9.95,-1.52,0.7,20.7,20.31,131028,-33.51,-15.0,0.665
2024-04-29T23:23:59.000,9.72,-2.51,0.7,20.69,20.31,131029,-33.55,-15.0,0.664
2024-04-29T23:24:59.000,9.81,-2.35,0.7,20.69,20.31,131030,-33.58,-15.0,0.664
2024-04-29T23:25:59.000,10.05,-1.93,0.7,20.69,20.31,131031,-33.62,-14.0,0.664
2024-04-29T23:26:59.000,9.88,-1.99,0.71,20.69,20.31,131032,-33.65,-14.0,0.664
2024-04-29T23:27:59.000,9.87,-1.83,0.71,20.68,20.31,131033,-33.68,-14.0,0.664
2024-04-29T23:28:59.000,10.02,-1.73,0.71,20.68,20.31,131034,-33.71,-14.0,0.664
2024-04-29T23:29:59.000,9.88,-1.19,0.71,20.69,20.31,131035,-33.74,-14.0,0.664
2024-04-29T23:30:59.000,9.96,-1.18,0.7,20.69,20.31,131036,-33.77,-14.0,0.664
2024-04-29T23:31:59.000,9.99,-1.43,0.71,20.68,20.31,131037,-33.8,-13.0,0.664
2024-04-29T23:32:59.000,9.98,-1.7,0.72,20.67,20.31,131038,-33.83,-13.0,0.664
2024-04-29T23:33:59.000,10.02,-1.78,0.71,20.68,20.31,131039,-33.85,-13.0,0.664
2024-04-29T23:34:59.000,9.87,-1.7,0.71,20.68,20.31,131040,-33.88,-13.0,0.664
2024-04-29T23:36:00.000,10.0,-1.74,0.71,20.68,20.31,131041,-33.9,-13.0,0.664
2024-04-29T23:37:00.000,9.95,-1.71,0.71,20.68,20.31,131042,-33.92,-13.0,0.664
2024-04-29T23:38:00.000,9.84,-2.07,0.72,20.67,20.31,131043,-33.95,-12.0,0.663
2024-04-29T23:39:00.000,10.01,-1.8,0.71,20.68,20.31,131044,-33.97,-12.0,0.663
2024-04-29T23:40:00.000,9.88,-1.64,0.71,20.67,20.31,131045,-33.99,-12.0,0.663
2024-04-29T23:41:00.000,9.81,-1.56,0.72,20.67,20.31,131046,-34.01,-12.0,0.663
2024-04-29T23:42:00.000,9.89,-1.49,0.73,20.66,20.31,131047,-34.02,-12.0,0.663
2024-04-29T23:43:00.000,10.0,-1.57,0.73,20.65,20.31,131048,-34.04,-12.0,0.663
2024-04-29T23:44:00.000,9.98,-1.52,0.73,20.66,20.31,131049,-34.06,-11.0,0.663
2024-04-29T23:45:00.000,9.97,-2.01,0.73,20.65,20.31,131050,-34.07,-11.0,0.663
2024-04-29T23:46:00.000,9.94,-2.79,0.73,20.64,20.31,131051,-34.09,-11.0,0.663
2024-04-29T23:47:00.000,9.99,-3.42,0.73,20.64,20.31,131052,-34.1,-11.0,0.663
2024-04-29T23:48:00.000,9.95,-3.19,0.73,20.65,20.31,131053,-34.11,-11.0,0.663
2024-04-29T23:49:00.000,9.98,-2.84,0.73,20.65,20.31,131054,-34.13,-11.0,0.663
2024-04-29T23:50:00.000,9.98,-2.16,0.72,20.67,20.31,131055,-34.14,-10.0,0.663
2024-04-29T23:51:01.000,9.96,-1.8,0.71,20.68,20.31,131056,-34.15,-10.0,0.663
2024-04-29T23:52:01.000,9.99,-1.66,0.71,20.68,20.31,131057,-34.15,-10.0,0.662
2024-04-29T23:53:01.000,9.98,-1.47,0.72,20.67,20.31,131058,-34.16,-10.0,0.662
2024-04-29T23:54:01.000,9.92,-1.64,0.71,20.68,20.31,131059,-34.17,-10.0,0.662
2024-04-29T23:55:01.000,9.88,-1.61,0.71,20.68,20.31,131060,-34.18,-10.0,0.662
2024-04-29T23:56:01.000,9.99,-1.57,0.71,20.68,20.31,131061,-34.18,-10.0,0.662
2024-04-29T23:57:01.000,9.98,-1.34,0.71,20.68,20.31,131062,-34.18,-9.0,0.662
2024-04-29T23:58:01.000,9.75,-1.55,0.72,20.67,20.31,131063,-34.19,-9.0,0.662
2024-04-29T23:59:01.000,9.88,-1.33,0.72,20.67,20.31,131064,-34.19,-9.0,0.662
2024-04-30T00:00:01.000,10.0,-1.69,0.72,20.67,20.31,131065,-34.19,-9.0,0.662
2024-04-30T00:01:01.000,9.85,-2.24,0.73,20.66,20.31,131066,-34.19,-9.0,0.662
2024-04-30T00:02:01.000,9.89,-3.4,0.73,20.65,20.31,131067,-34.19,-9.0,0.662
2024-04-30T00:03:01.000,9.95,-3.99,0.73,20.66,20.31,131068,-34.19,-8.0,0.662
2024-04-30T00:04:01.000,9.96,-4.25,0.72,20.66,20.31,131069,-34.18,-8.0,0.662
2024-04-30T00:05:01.000,10.0,-3.88,0.72,20.66,20.31,131070,-34.18,-8.0,0.662
2024-04-30T00:06:02.000,9.83,-4.14,0.72,20.67,20.31,131071,-34.18,-8.0,0.661
2024-04-30T00:07:02.000,9.8,-4.08,0.72,20.67,20.31,131072,-34.17,-8.0,0.661
2024-04-30T00:08:02.000,9.99,-3.99,0.72,20.67,20.31,131073,-34.16,-8.0,0.661
2024-04-30T00:09:02.000,9.97,-3.81,0.72,20.67,20.31,131074,-34.16,-7.0,0.661
2024-04-30T00:10:02.000,9.85,-4.0,0.72,20.67,20.31,131075,-34.15,-7.0,0.661
2024-04-30T00:11:02.000,9.9,-4.11,0.72,20.67,20.31,131076,-34.14,-7.0,0.661
2024-04-30T00:12:02.000,10.04,-3.94,0.72,20.67,20.31,131077,-34.13,-7.0,0.661
2024-04-30T00:13:02.000,9.7,-4.47,0.72,20.67,20.31,131078,-34.12,-7.0,0.661
2024-04-30T00:14:02.000,9.64,-4.47,0.71,20.68,20.31,131079,-34.1,-7.0,0.661
2024-04-30T00:15:02.000,9.7,-4.53,0.71,20.69,20.31,131080,-34.09,-7.0,0.661
2024-04-30T00:16:02.000,9.84,-4.58,0.7,20.69,20.31,131081,-34.07,-6.0,0.661
2024-04-30T00:17:02.000,9.94,-4.65,0.7,20.69,20.31,131082,-34.06,-6.0,0.661
2024-04-30T00:18:02.000,9.97,-4.51,0.7,20.69,20.31,131083,-34.04,-6.0,0.661
2024-04-30T00:19:02.000,9.88,-4.5,0.7,20.69,20.31,131084,-34.03,-6.0,0.661
2024-04-30T00:20:02.000,9.92,-4.47,0.7,20.69,20.31,131085,-34.01,-6.0,0.66
2024-04-30T00:21:03.000,10.0,-4.33,0.7,20.69,20.31,131086,-33.99,-6.0,0.66
2024-04-30T00:22:03.000,9.85,-4.2,0.7,20.69,20.31,131087,-33.97,-5.0,0.66
2024-04-30T00:23:03.000,9.84,-4.32,0.7,20.69,20.31,131088,-33.95,-5.0,0.66
2024-04-30T00:24:03.000,9.91,-4.4,0.7,20.69,20.31,131089,-33.92,-5.0,0.66
2024-04-30T00:25:03.000,10.0,-4.15,0.71,20.69,20.31,131090,-33.9,-5.0,0.66
2024-04-30T00:26:03.000,9.85,-4.04,0.7,20.69,20.31,131091,-33.88,-5.0,0.66
2024-04-30T00:27:03.000,9.87,-4.18,0.7,20.69,20.31,131092,-33.85,-5.0,0.66
2024-04-30T00:28:03.000,9.99,-4.1,0.7,20.69,20.31,131093,-33.83,-5.0,0.66
2024-04-30T00:29:03.000,9.92,-4.22,0.7,20.69,20.31,131094,-33.8,-4.0,0.66
2024-04-30T00:30:03.000,9.74,-4.15,0.7,20.69,20.31,131095,-33.77,-4.0,0.66
2024-04-30T00:31:03.000,9.89,-4.32,0.7,20.69,20.31,131096,-33.74,-4.0,0.66
2024-04-30T00:32:03.000,10.04,-4.25,0.7,20.69,20.31,131097,-33.71,-4.0,0.66
2024-04-30T00:33:03.000,9.9,-4.18,0.7,20.69,20.31,131098,-33.68,-4.0,0.66
2024-04-30T00:34:03.000,9.77,-4.28,0.7,20.69,20.31,131099,-33.65,-4.0,0.659
2024-04-30T00:35:03.000,9.93,-4.31,0.7,20.69,20.31,131100,-33.62,-3.0,0.659
2024-04-30T00:36:04.000,10.01,-4.36,0.7,20.69,20.31,131101,-33.59,-3.0,0.659
2024-04-30T00:37:04.000,9.84,-4.29,0.7,20.69,20.31,131102,-33.55,-3.0,0.659
2024-04-30T00:38:04.000,9.9,-4.32,0.71,20.69,20.31,131103,-33.52,-3.0,0.659
2024-04-30T00:39:04.000,10.05,-4.23,0.71,20.69,20.31,131104,-33.48,-3.0,0.659
2024-04-30T00:40:04.000,9.92,-3.77,0.71,20.68,20.31,131105,-33.44,-3.0,0.659
2024-04-30T00:41:04.000,9.96,-3.89,0.71,20.68,20.31,131106,-33.41,-3.0,0.659
2024-04-30T00:42:04.000,10.01,-3.98,0.71,20.68,20.31,131107,-33.37,-2.0,0.659
2024-04-30T00:43:04.000,9.87,-3.9,0.71,20.67,20.31,131108,-33.33,-2.0,0.659
2024-04-30T00:44:04.000,9.95,-4.34,0.72,20.67,20.31,131109,-33.29,-2.0,0.659
2024-04-30T00:45:04.000,9.98,-4.43,0.72,20.67,20.31,131110,-33.24,-2.0,0.659
2024-04-30T00:46:04.000,9.9,-4.29,0.72,20.66,20.31,131111,-33.2,-2.0,0.659
2024-04-30T00:47:04.000,10.0,-4.61,0.72,20.66,20.31,131112,-33.16,-2.0,0.659
2024-04-30T00:48:04.000,10.0,-4.34,0.72,20.66,20.31,131113,-33.11,-1.0,0.658
2024-04-30T00:49:04.000,9.81,-4.48,0.73,20.66,20.31,131114,-33.07,-1.0,0.658
2024-04-30T00:50:04.000,9.9,-4.7,0.73,20.65,20.31,131115,-33.02,-1.0,0.658
2024-04-30T00:51:04.000,10.01,-4.55,0.73,20.65,20.31,131116,-32.98,-1.0,0.658
2024-04-30T00:52:05.000,9.93,-4.36,0.74,20.64,20.31,131117,-32.93,-1.0,0.658
2024-04-30T00:53:05.000,10.01,-4.34,0.74,20.63,20.31,131118,-32.88,-1.0,0.658
2024-04-30T00:54:05.000,9.93,-4.24,0.75,20.63,20.31,131119,-32.83,-1.0,0.658
2024-04-30T00:55:05.000,9.9,-4.58,0.75,20.62,20.31,131120,-32.78,-0.0,0.658
2024-04-30T00:56:05.000,9.99,-4.52,0.76,20.61,20.31,131121,-32.73,-0.0,0.658
2024-04-30T00:57:05.000,9.92,-4.53,0.77,20.6,20.31,131122,-32.67,-0.0,0.658
2024-04-30T00:58:05.000,9.84,-4.28,0.77,20.59,20.31,131123,-32.62,-0.0,0.658
2024-04-30T00:59:05.000,10.0,-4.44,0.78,20.58,20.31,131124,-32.57,0.0,0.658
2024-04-30T01:00:05.000,9.93,-4.4,0.78,20.57,20.31,131125,-32.51,0.0,0.658
2024-04-30T01:01:05.000,9.98,-4.38,0.79,20.57,20.31,131126,-32.45,0.0,0.657
2024-04-30T01:02:06.000,9.97,-4.26,0.8,20.55,20.31,131127,-32.4,1.0,0.657
2024-04-30T01:03:06.000,9.88,-4.2,0.81,20.54,20.31,131128,-32.34,1.0,0.657
2024-04-30T01:04:06.000,10.01,-4.27,0.82,20.53,20.31,131129,-32.28,1.0,0.657
2024-04-30T01:05:06.000,9.95,-4.08,0.82,20.52,20.31,131130,-32.22,1.0,0.657
2024-04-30T01:06:06.000,9.83,-4.24,0.83,20.51,20.31,131131,-32.16,1.0,0.657
2024-04-30T01:07:06.000,9.99,-4.19,0.84,20.5,20.31,131132,-32.1,1.0,0.657
2024-04-30T01:08:06.000,10.0,-4.08,0.84,20.49,20.31,131133,-32.04,1.0,0.657
2024-04-30T01:09:06.000,9.82,-3.96,0.85,20.48,20.31,131134,-31.97,2.0,0.657
2024-04-30T01:10:06.000,9.91,-4.34,0.87,20.47,20.31,131135,-31.91,2.0,0.657
2024-04-30T01:11:06.000,10.04,-4.1,0.88,20.45,20.31,131136,-31.85,2.0,0.657
2024-04-30T01:12:06.000,9.9,-3.98,0.89,20.44,20.31,131137,-31.78,2.0,0.657
2024-04-30T01:13:06.000,9.93,-4.16,0.9,20.42,20.31,131138,-31.71,2.0,0.657
2024-04-30T01:14:06.000,10.0,-4.1,0.92,20.41,20.31,131139,-31.65,2.0,0.657
2024-04-30T01:15:06.000,9.87,-4.17,0.93,20.39,20.31,131140,-31.58,2.0,0.656
2024-04-30T01:16:06.000,9.94,-4.36,0.94,20.37,20.31,131141,-31.51,3.0,0.656
2024-04-30T01:17:07.000,10.02,-4.14,0.95,20.36,20.31,131142,-31.44,3.0,0.656
2024-04-30T01:18:07.000,9.88,-4.04,0.96,20.35,20.31,131143,-31.37,3.0,0.656
2024-04-30T01:19:07.000,9.91,-4.23,0.97,20.34,20.31,131144,-31.3,3.0,0.656
2024-04-30T01:20:07.000,10.01,-4.08,0.98,20.33,20.31,131145,-31.22,3.0,0.656
2024-04-30T01:21:07.000,9.92,-3.85,0.99,20.32,20.31,131146,-31.15,3.0,0.656
2024-04-30T01:22:07.000,9.99,-3.97,1.0,20.31,20.31,131147,-31.08,3.0,0.656
2024-04-30T01:23:07.000,9.94,-3.89,1.01,20.3,20.31,131148,-31.0,4.0,0.656
2024-04-30T01:24:07.000,9.9,-4.01,1.02,20.29,20.31,131149,-30.93,4.0,0.656
2024-04-30T01:25:07.000,10.01,-3.96,1.02,20.29,20.31,131150,-30.85,4.0,0.656
2024-04-30T01:26:07.000,9.96,-3.81,1.03,20.28,20.31,131151,-30.77,4.0,0.656
2024-04-30T01:27:07.000,9.86,-3.7,1.03,20.28,20.31,131152,-30.7,4.0,0.656
2024-04-30T01:28:07.000,10.04,-3.41,1.04,20.26,20.31,131153,-30.62,4.0,0.656
2024-04-30T01:29:07.000,9.91,-3.24,1.05,20.26,20.31,131154,-30.54,4.0,0.655
2024-04-30T01:30:07.000,9.94,-3.17,1.06,20.24,20.31,131155,-30.46,4.0,0.655
2024-04-30T01:31:07.000,10.04,-3.19,1.08,20.23,20.31,131156,-30.38,5.0,0.655
2024-04-30T01:32:08.000,9.91,-3.16,1.09,20.22,20.31,131157,-30.29,5.0,0.655
2024-04-30T01:33:08.000,10.07,-2.98,1.11,20.2,20.31,131158,-30.21,5.0,0.655
2024-04-30T01:34:08.000,9.99,-2.74,1.12,20.19,20.31,131159,-30.13,5.0,0.655
2024-04-30T01:35:08.000,9.77,-2.97,1.12,20.19,20.31,131160,-30.04,5.0,0.655
2024-04-30T01:36:08.000,9.88,-2.93,1.11,20.19,20.31,131161,-29.96,5.0,0.655
2024-04-30T01:37:08.000,10.09,-2.61,1.12,20.18,20.31,131162,-29.87,5.0,0.655
2024-04-30T01:38:08.000,9.91,-2.69,1.14,20.17,20.31,131163,-29.79,6.0,0.655
2024-04-30T01:39:08.000,9.92,-3.29,1.18,20.13,20.31,131164,-29.7,6.0,0.655
2024-04-30T01:40:08.000,10.03,-3.28,1.2,20.11,20.31,131165,-29.61,6.0,0.655
2024-04-30T01:41:08.000,9.92,-3.0,1.22,20.09,20.31,131166,-29.52,6.0,0.655
2024-04-30T01:42:08.000,10.09,-2.67,1.23,20.08,20.31,131167,-29.43,6.0,0.655
2024-04-30T01:43:08.000,9.93,-2.89,1.23,20.08,20.31,131168,-29.34,6.0,0.654
2024-04-30T01:44:09.000,9.93,-2.83,1.23,20.08,20.31,131169,-29.25,6.0,0.654
2024-04-30T01:45:09.000,10.1,-2.68,1.23,20.08,20.31,131170,-29.16,6.0,0.654
2024-04-30T01:46:09.000,9.99,-2.34,1.24,20.08,20.31,131171,-29.07,7.0,0.654
2024-04-30T01:47:09.000,9.95,-2.73,1.25,20.07,20.31,131172,-28.97,7.0,0.654
2024-04-30T01:48:09.000,10.16,-2.17,1.26,20.06,20.31,131173,-28.88,7.0,0.654
2024-04-30T01:49:09.000,10.06,-2.38,1.28,20.04,20.31,131174,-28.78,7.0,0.654
2024-04-30T01:50:09.000,9.84,-2.66,1.31,20.02,20.31,131175,-28.69,7.0,0.654
2024-04-30T01:51:09.000,9.98,-2.99,1.32,20.01,20.31,131176,-28.59,7.0,0.654
2024-04-30T01:52:09.000,10.04,-2.92,1.33,20.0,20.31,131177,-28.5,7.0,0.654
2024-04-30T01:53:09.000,9.87,-2.95,1.35,19.99,20.31,131178,-28.4,7.0,0.654
2024-04-30T01:54:09.000,10.01,-3.01,1.35,19.98,20.31,131179,-28.3,8.0,0.654
2024-04-30T01:55:09.000,10.06,-2.9,1.36,19.98,20.31,131180,-28.2,8.0,0.654
2024-04-30T01:56:09.000,9.86,-2.96,1.37,19.97,20.31,131181,-28.1,8.0,0.654
2024-04-30T01:57:10.000,9.98,-3.07,1.38,19.96,20.31,131182,-28.0,8.0,0.653
2024-04-30T01:58:10.000,10.03,-2.85,1.4,19.94,20.31,131183,-27.9,8.0,0.653
2024-04-30T01:59:10.000,9.88,-2.96,1.42,19.93,20.31,131184,-27.8,8.0,0.653
2024-04-30T02:00:10.000,10.01,-3.03,1.46,19.9,20.31,131185,-27.69,8.0,0.653
2024-04-30T02:01:10.000,10.02,-2.78,1.5,19.87,20.31,131186,-27.59,8.0,0.653
2024-04-30T02:02:10.000,9.91,-2.85,1.54,19.84,20.31,131187,-27.49,9.0,0.653
2024-04-30T02:03:10.000,10.01,-3.25,1.59,19.81,20.31,131188,-27.38,9.0,0.653
2024-04-30T02:04:10.000,9.92,-3.25,1.62,19.79,20.31,131189,-27.28,9.0,0.653
2024-04-30T02:05:10.000,9.91,-3.77,1.65,19.77,20.31,131190,-27.17,9.0,0.653
2024-04-30T02:06:10.000,10.01,-3.86,1.68,19.75,20.31,131191,-27.07,9.0,0.653
2024-04-30T02:07:10.000,9.95,-3.48,1.71,19.73,20.31,131192,-26.96,9.0,0.653
2024-04-30T02:08:10.000,9.98,-3.6,1.74,19.71,20.31,131193,-26.85,9.0,0.653
2024-04-30T02:09:11.000,10.03,-3.38,1.77,19.69,20.31,131194,-26.74,9.0,0.653
2024-04-30T02:10:11.000,9.92,-3.43,1.79,19.68,20.31,131195,-26.63,10.0,0.653
2024-04-30T02:11:11.000,10.1,-2.85,1.79,19.67,20.31,131196,-26.52,10.0,0.652
