ecsv/stars746/stars746_2025-04.ecsv
# %ECSV 1.0
# ---
# datatype:
# - {name: time, datatype: string}
# - {name: Enclosure Temperature, unit: deg_C, datatype: float64}
# - {name: Sky Temperature, unit: deg_C, datatype: float64}
# - {name: Frequency, unit: Hz, datatype: float64}
# - {name: MSAS, unit: mag / arcsec2, datatype: float64}
# - {name: ZP, datatype: float64}
# - {name: Sequence Number, datatype: int64}
# - {name: Sun Alt, unit: deg, datatype: float64}
# - {name: Moon Alt, unit: deg, datatype: float64}
# - {name: Moon Illumination, datatype: float64}
# delimiter: ','
# meta: !!omap
# - ida:
#     Data supplier: {affiliation: Observatorio JoseX, observer: null}
#     Device type: TESS-W
#     Field of view: 17.0
#     Filters per channel: None
#     Instrument ID: stars746
#     License: ODbL 1.0 http://opendatacommons.org/licenses/odbl/summary/
#     Local timezone: Europe/Madrid
#     Location name: {country: Spain, place: Observatorio JoseX, region: Catalonia, sub_region: Baix Camp, town: Sierra de Segura}
#     Measurement direction per channel: {azimuth: 0.0, zenital: 0.0}
#     Moving / Fixed look direction: FIXED
#     Moving / Stationary position: STATIONARY
#     Number of channels: 1
#     Number of fields per line: 8
#     Number of header lines: 35
#     Position: {height: 0.0, latitude: 40.9535, longitude: -0.8932}
#     TESS MAC address: E8:DB:84:83:ED:22
#     TESS cover offset value: 0.0
#     TESS firmware version: '1.0'
#     TESS zero point: 20.31
#     Time Synchronization: timestamp added by MQTT subscriber
#     URL: http://www.darksky.org/NSBM/sdf1.0.pdf
# - __serialized_columns__:
#     Enclosure Temperature:
#       __class__: astropy.units.quantity.Quantity
#       unit: &id001 !astropy.units.Unit {unit: deg_C}
#       value: !astropy.table.SerializedColumn {name: Enclosure Temperature}
#     Frequency:
#       __class__: astropy.units.quantity.Quantity
#       unit: !astropy.units.Unit {unit: Hz}
#       value: !astropy.table.SerializedColumn {name: Frequency}
#     MSAS:
#       __class__: astropy.units.quantity.Quantity
#       unit: !astropy.units.Unit {unit: mag / arcsec2}
#       value: !astropy.table.SerializedColumn {name: MSAS}
#     Moon Alt:
#       __class__: astropy.units.quantity.Quantity
#       unit: &id002 !astropy.units.Unit {unit: deg}
#       value: !astropy.table.SerializedColumn {name: Moon Alt}
#     Sky Temperature:
#       __class__: astropy.units.quantity.Quantity
#       unit: *id001
#       value: !astropy.table.SerializedColumn {name: Sky Temperature}
#     Sun Alt:
#       __class__: astropy.units.quantity.Quantity
#       unit: *id002
#       value: !astropy.table.SerializedColumn {name: Sun Alt}
#     time:
#       __class__: astropy.time.core.Time
#       format: isot
#       in_subfmt: '*'
#       out_subfmt: '*'
#       precision: 3
#       scale: utc
#       value: !astropy.table.SerializedColumn {name: time}
# schema: astropy-2.0
time,Enclosure Temperature,Sky Temperature,Frequency,MSAS,ZP,Sequence Number,Sun Alt,Moon Alt,Moon Illumination
[from data line 14837]
2025-04-23T01:52:38.000,7.19,-26.61,0.34,21.48,20.31,644868,-30.67,-12.0,0.29
2025-04-23T01:53:38.000,7.22,-26.53,0.34,21.48,20.31,644869,-30.57,-12.0,0.29
2025-04-23T01:54:38.000,7.22,-26.7,0.34,21.48,20.31,644870,-30.47,-12.0,0.29
2025-04-23T01:55:39.000,7.3,-26.44,0.34,21.48,20.31,644871,-30.37,-12.0,0.29
2025-04-23T01:56:39.000,7.32,-26.45,0.34,21.49,20.31,644872,-30.27,-12.0,0.29
2025-04-23T01:57:39.000,7.36,-26.46,0.34,21.48,20.31,644873,-30.16,-11.0,0.29
2025-04-23T01:58:39.000,7.4,-26.19,0.34,21.49,20.31,644874,-30.06,-11.0,0.29
2025-04-23T01:59:39.000,7.44,-26.3,0.34,21.48,20.31,644875,-29.96,-11.0,0.29
2025-04-23T02:00:39.000,7.46,-26.24,0.34,21.48,20.31,644876,-29.85,-11.0,0.29
2025-04-23T02:01:39.000,7.49,-26.34,0.34,21.48,20.31,644877,-29.75,-11.0,0.29
2025-04-23T02:02:39.000,7.48,-26.14,0.34,21.48,20.31,644878,-29.64,-10.0,0.289
2025-04-23T02:03:39.000,7.47,-26.4,0.34,21.48,20.31,644879,-29.53,-10.0,0.289
2025-04-23T02:04:39.000,7.45,-26.26,0.34,21.48,20.31,644880,-29.42,-10.0,0.289
2025-04-23T02:05:39.000,7.45,-26.27,0.34,21.48,20.31,644881,-29.31,-10.0,0.289
2025-04-23T02:06:39.000,7.45,-26.29,0.34,21.48,20.31,644882,-29.21,-10.0,0.289
2025-04-23T02:07:39.000,7.44,-26.38,0.34,21.48,20.31,644883,-29.1,-10.0,0.289
2025-04-23T02:08:39.000,7.45,-26.15,0.34,21.48,20.31,644884,-28.99,-9.0,0.289
2025-04-23T02:09:39.000,7.44,-26.26,0.34,21.48,20.31,644885,-28.87,-9.0,0.289
2025-04-23T02:10:40.000,7.41,-26.29,0.34,21.48,20.31,644886,-28.76,-9.0,0.289
2025-04-23T02:11:40.000,7.42,-26.21,0.34,21.48,20.31,644887,-28.65,-9.0,0.289
2025-04-23T02:12:40.000,7.43,-26.2,0.34,21.48,20.31,644888,-28.53,-9.0,0.289
2025-04-23T02:13:40.000,7.42,-26.28,0.34,21.48,20.31,644889,-28.42,-8.0,0.289
2025-04-23T02:14:40.000,7.36,-26.32,0.34,21.48,20.31,644890,-28.31,-8.0,0.289
2025-04-23T02:15:40.000,7.37,-26.07,0.34,21.48,20.31,644891,-28.19,-8.0,0.289
2025-04-23T02:16:40.000,7.36,-26.32,0.34,21.48,20.31,644892,-28.08,-8.0,0.288
2025-04-23T02:17:40.000,7.35,-26.32,0.34,21.48,20.31,644893,-27.96,-8.0,0.288
2025-04-23T02:18:40.000,7.38,-26.27,0.34,21.49,20.31,644894,-27.84,-8.0,0.288
2025-04-23T02:19:40.000,7.36,-26.34,0.34,21.49,20.31,644895,-27.72,-7.0,0.288
2025-04-23T02:20:40.000,7.34,-26.22,0.34,21.49,20.31,644896,-27.61,-7.0,0.288
2025-04-23T02:21:40.000,7.35,-26.24,0.34,21.49,20.31,644897,-27.49,-7.0,0.288
2025-04-23T02:22:40.000,7.36,-26.16,0.34,21.49,20.31,644898,-27.37,-7.0,0.288
2025-04-23T02:23:40.000,7.4,-25.97,0.34,21.49,20.31,644899,-27.25,-7.0,0.288
2025-04-23T02:24:40.000,7.47,-26.16,0.34,21.49,20.31,644900,-27.13,-6.0,0.288
2025-04-23T02:25:41.000,7.53,-26.09,0.34,21.49,20.31,644901,-27.0,-6.0,0.288
2025-04-23T02:26:41.000,7.52,-26.13,0.34,21.49,20.31,644902,-26.88,-6.0,0.288
2025-04-23T02:27:41.000,7.52,-26.11,0.34,21.49,20.31,644903,-26.76,-6.0,0.288
2025-04-23T02:28:41.000,7.54,-26.1,0.34,21.49,20.31,644904,-26.64,-6.0,0.288
2025-04-23T02:29:41.000,7.53,-26.32,0.34,21.49,20.31,644905,-26.51,-6.0,0.288
2025-04-23T02:30:41.000,7.52,-26.17,0.34,21.49,20.31,644906,-26.39,-5.0,0.287
2025-04-23T02:31:41.000,7.51,-26.35,0.34,21.49,20.31,644907,-26.26,-5.0,0.287
2025-04-23T02:32:41.000,7.5,-26.2,0.34,21.49,20.31,644908,-26.14,-5.0,0.287
2025-04-23T02:33:41.000,7.53,-26.23,0.34,21.49,20.31,644909,-26.01,-5.0,0.287
2025-04-23T02:34:41.000,7.52,-26.32,0.33,21.5,20.31,644910,-25.89,-5.0,0.287
2025-04-23T02:35:41.000,7.51,-26.26,0.33,21.5,20.31,644911,-25.76,-5.0,0.287
2025-04-23T02:36:41.000,7.53,-26.16,0.33,21.5,20.31,644912,-25.63,-4.0,0.287
2025-04-23T02:37:41.000,7.51,-26.47,0.34,21.49,20.31,644913,-25.5,-4.0,0.287
2025-04-23T02:38:41.000,7.52,-26.2,0.34,21.49,20.31,644914,-25.37,-4.0,0.287
2025-04-23T02:39:42.000,7.53,-26.42,0.34,21.49,20.31,644915,-25.24,-4.0,0.287
2025-04-23T02:40:42.000,7.53,-26.55,0.34,21.49,20.31,644916,-25.11,-4.0,0.287
2025-04-23T02:41:42.000,7.54,-26.49,0.34,21.49,20.31,644917,-24.98,-3.0,0.287
2025-04-23T02:42:42.000,7.53,-26.63,0.34,21.48,20.31,644918,-24.85,-3.0,0.287
2025-04-23T02:43:42.000,7.51,-26.69,0.34,21.48,20.31,644919,-24.72,-3.0,0.287
2025-04-23T02:44:42.000,7.47,-26.91,0.34,21.48,20.31,644920,-24.59,-3.0,0.287
2025-04-23T02:45:42.000,7.49,-26.58,0.34,21.48,20.31,644921,-24.45,-3.0,0.286
2025-04-23T02:46:42.000,7.51,-26.43,0.34,21.48,20.31,644922,-24.32,-3.0,0.286
2025-04-23T02:47:42.000,7.57,-26.49,0.34,21.48,20.31,644923,-24.19,-2.0,0.286
2025-04-23T02:48:42.000,7.6,-26.43,0.34,21.47,20.31,644924,-24.05,-2.0,0.286
2025-04-23T02:49:42.000,7.62,-26.42,0.34,21.47,20.31,644925,-23.92,-2.0,0.286
2025-04-23T02:50:42.000,7.61,-26.62,0.34,21.47,20.31,644926,-23.78,-2.0,0.286
2025-04-23T02:51:42.000,7.59,-26.64,0.35,21.46,20.31,644927,-23.65,-2.0,0.286
2025-04-23T02:52:42.000,7.58,-26.71,0.35,21.46,20.31,644928,-23.51,-2.0,0.286
2025-04-23T02:53:42.000,7.56,-26.64,0.35,21.45,20.31,644929,-23.37,-1.0,0.286
2025-04-23T02:54:43.000,7.55,-26.71,0.35,21.45,20.31,644930,-23.23,-1.0,0.286
2025-04-23T02:55:43.000,7.53,-26.58,0.35,21.44,20.31,644931,-23.1,-1.0,0.286
2025-04-23T02:56:43.000,7.56,-26.57,0.35,21.44,20.31,644932,-22.96,-1.0,0.286
2025-04-23T02:57:43.000,7.55,-26.76,0.36,21.43,20.31,644933,-22.82,-1.0,0.286
2025-04-23T02:58:43.000,7.56,-26.65,0.36,21.43,20.31,644934,-22.68,-0.0,0.286
2025-04-23T02:59:43.000,7.56,-26.71,0.36,21.42,20.31,644935,-22.54,-0.0,0.285
2025-04-23T03:00:43.000,7.55,-26.84,0.36,21.42,20.31,644936,-22.4,-0.0,0.285
2025-04-23T03:01:43.000,7.52,-26.7,0.36,21.41,20.31,644937,-22.26,0.0,0.285
2025-04-23T03:02:43.000,7.55,-26.56,0.36,21.41,20.31,644938,-22.12,0.0,0.285
2025-04-23T03:03:43.000,7.59,-26.47,0.36,21.41,20.31,644939,-21.98,0.0,0.285
2025-04-23T03:04:43.000,7.57,-26.61,0.37,21.4,20.31,644940,-21.84,1.0,0.285
2025-04-23T03:05:43.000,7.6,-26.33,0.37,21.39,20.31,644941,-21.69,1.0,0.285
2025-04-23T03:06:43.000,7.64,-26.4,0.37,21.39,20.31,644942,-21.55,1.0,0.285
2025-04-23T03:07:43.000,7.68,-26.39,0.37,21.38,20.31,644943,-21.41,1.0,0.285
2025-04-23T03:08:43.000,7.68,-26.46,0.37,21.38,20.31,644944,-21.26,1.0,0.285
2025-04-23T03:09:43.000,7.67,-26.63,0.37,21.38,20.31,644945,-21.12,1.0,0.285
2025-04-23T03:10:44.000,7.69,-26.38,0.38,21.36,20.31,644946,-20.97,2.0,0.285
2025-04-23T03:11:44.000,7.69,-26.46,0.38,21.36,20.31,644947,-20.83,2.0,0.285
2025-04-23T03:12:44.000,7.65,-26.57,0.38,21.36,20.31,644948,-20.68,2.0,0.285
2025-04-23T03:13:44.000,7.61,-26.63,0.38,21.35,20.31,644949,-20.53,2.0,0.284
2025-04-23T03:14:44.000,7.61,-26.53,0.39,21.34,20.31,644950,-20.39,2.0,0.284
2025-04-23T03:15:44.000,7.58,-26.6,0.39,21.34,20.31,644951,-20.24,2.0,0.284
2025-04-23T03:16:44.000,7.57,-26.61,0.39,21.33,20.31,644952,-20.09,3.0,0.284
2025-04-23T03:17:44.000,7.54,-26.68,0.39,21.32,20.31,644953,-19.95,3.0,0.284
2025-04-23T03:18:44.000,7.55,-26.43,0.39,21.32,20.31,644954,-19.8,3.0,0.284
2025-04-23T03:19:44.000,7.57,-26.53,0.4,21.32,20.31,644955,-19.65,3.0,0.284
2025-04-23T03:20:44.000,7.58,-26.5,0.4,21.31,20.31,644956,-19.5,3.0,0.284
2025-04-23T03:21:44.000,7.57,-26.72,0.4,21.31,20.31,644957,-19.35,4.0,0.284
2025-04-23T03:22:44.000,7.57,-26.43,0.4,21.3,20.31,644958,-19.2,4.0,0.284
2025-04-23T03:23:44.000,7.6,-26.4,0.4,21.29,20.31,644959,-19.05,4.0,0.284
2025-04-23T03:24:44.000,7.64,-26.55,0.4,21.29,20.31,644960,-18.9,4.0,0.284
2025-04-23T03:25:44.000,7.63,-26.53,0.41,21.28,20.31,644961,-18.75,4.0,0.284
2025-04-23T03:26:45.000,7.6,-26.33,0.41,21.28,20.31,644962,-18.59,4.0,0.284
2025-04-23T03:27:45.000,7.59,-26.41,0.41,21.27,20.31,644963,-18.44,5.0,0.283
2025-04-23T03:28:45.000,7.57,-26.24,0.42,21.26,20.31,644964,-18.29,5.0,0.283
2025-04-23T03:29:45.000,7.54,-26.17,0.42,21.26,20.31,644965,-18.14,5.0,0.283
2025-04-23T03:30:45.000,7.53,-26.1,0.42,21.26,20.31,644966,-17.98,5.0,0.283
2025-04-23T03:31:45.000,7.51,-26.18,0.42,21.25,20.31,644967,-17.83,5.0,0.283
2025-04-23T03:32:45.000,7.52,-25.93,0.42,21.25,20.31,644968,-17.68,5.0,0.283
2025-04-23T03:33:45.000,7.55,-25.84,0.43,21.24,20.31,644969,-17.52,6.0,0.283
2025-04-23T03:34:45.000,7.63,-25.79,0.43,21.23,20.31,644970,-17.37,6.0,0.283
2025-04-23T03:35:45.000,7.65,-25.86,0.43,21.22,20.31,644971,-17.21,6.0,0.283
2025-04-23T03:36:45.000,7.68,-25.8,0.44,21.21,20.31,644972,-17.06,6.0,0.283
2025-04-23T03:37:45.000,7.68,-25.73,0.44,21.2,20.31,644973,-16.9,6.0,0.283
2025-04-23T03:38:45.000,7.7,-25.68,0.44,21.19,20.31,644974,-16.74,6.0,0.283
2025-04-23T03:39:45.000,7.67,-25.75,0.45,21.18,20.31,644975,-16.59,7.0,0.283
2025-04-23T03:40:45.000,7.63,-25.7,0.45,21.17,20.31,644976,-16.43,7.0,0.283
2025-04-23T03:41:46.000,7.59,-25.81,0.46,21.16,20.31,644977,-16.27,7.0,0.282
2025-04-23T03:42:46.000,7.55,-25.61,0.46,21.15,20.31,644978,-16.11,7.0,0.282
2025-04-23T03:43:46.000,7.52,-25.62,0.47,21.14,20.31,644979,-15.96,7.0,0.282
2025-04-23T03:44:46.000,7.47,-25.55,0.47,21.12,20.31,644980,-15.8,7.0,0.282
2025-04-23T03:45:46.000,7.41,-25.53,0.48,21.11,20.31,644981,-15.64,8.0,0.282
2025-04-23T03:46:46.000,7.39,-25.43,0.49,21.09,20.31,644982,-15.48,8.0,0.282
2025-04-23T03:47:46.000,7.37,-25.41,0.5,21.07,20.31,644983,-15.32,8.0,0.282
2025-04-23T03:48:46.000,7.3,-25.51,0.51,21.05,20.31,644984,-15.16,8.0,0.282
2025-04-23T03:49:46.000,7.26,-25.39,0.52,21.02,20.31,644985,-15.0,8.0,0.282
2025-04-23T03:50:46.000,7.24,-25.35,0.53,20.99,20.31,644986,-14.84,8.0,0.282
2025-04-23T03:51:46.000,7.22,-25.37,0.55,20.96,20.31,644987,-14.68,9.0,0.282
2025-04-23T03:52:46.000,7.24,-25.26,0.57,20.93,20.31,644988,-14.52,9.0,0.282
2025-04-23T03:53:46.000,7.26,-25.21,0.59,20.89,20.31,644989,-14.36,9.0,0.282
2025-04-23T03:54:46.000,7.26,-25.23,0.61,20.85,20.31,644990,-14.2,9.0,0.282
2025-04-23T03:55:46.000,7.29,-25.02,0.63,20.81,20.31,644991,-14.03,9.0,0.282
2025-04-23T03:56:46.000,7.34,-25.0,0.66,20.75,20.31,644992,-13.87,9.0,0.281
2025-04-23T03:57:47.000,7.36,-25.14,0.7,20.7,20.31,644993,-13.71,10.0,0.281
2025-04-23T03:58:47.000,7.4,-24.91,0.74,20.64,20.31,644994,-13.54,10.0,0.281
2025-04-23T03:59:47.000,7.47,-24.81,0.79,20.57,20.31,644995,-13.38,10.0,0.281
2025-04-23T04:00:47.000,7.55,-24.74,0.84,20.5,20.31,644996,-13.22,10.0,0.281
2025-04-23T04:01:47.000,7.59,-24.97,0.91,20.42,20.31,644997,-13.05,10.0,0.281
2025-04-23T04:02:47.000,7.6,-24.99,0.98,20.33,20.31,644998,-12.89,10.0,0.281
2025-04-23T04:03:47.000,7.57,-24.93,1.07,20.24,20.31,644999,-12.73,11.0,0.281
2025-04-23T04:04:47.000,7.58,-24.85,1.17,20.14,20.31,645000,-12.56,11.0,0.281
2025-04-23T04:05:47.000,7.6,-24.82,1.28,20.04,20.31,645001,-12.4,11.0,0.281
2025-04-23T04:06:47.000,7.65,-24.84,1.42,19.93,20.31,645002,-12.23,11.0,0.281
2025-04-23T04:07:47.000,7.62,-25.21,1.58,19.82,20.31,645003,-12.06,11.0,0.281
2025-04-23T04:08:47.000,7.6,-24.91,1.75,19.7,20.31,645004,-11.9,11.0,0.281
2025-04-23T04:09:47.000,7.57,-25.08,1.96,19.58,20.31,645005,-11.73,11.0,0.281
2025-04-23T04:10:48.000,7.49,-25.15,2.19,19.46,20.31,645006,-11.56,12.0,0.28
2025-04-23T04:11:48.000,7.5,-24.81,2.46,19.33,20.31,645007,-11.4,12.0,0.28
2025-04-23T04:12:48.000,7.5,-24.94,2.79,19.2,20.31,645008,-11.23,12.0,0.28
2025-04-23T04:13:48.000,7.5,-24.7,3.17,19.06,20.31,645009,-11.06,12.0,0.28
2025-04-23T04:14:48.000,7.55,-24.68,3.6,18.92,20.31,645010,-10.89,12.0,0.28
2025-04-23T04:15:48.000,7.57,-24.64,4.11,18.78,20.31,645011,-10.73,12.0,0.28
2025-04-23T04:16:48.000,7.62,-24.51,4.71,18.63,20.31,645012,-10.56,13.0,0.28
2025-04-23T04:17:49.000,7.7,-24.49,5.4,18.48,20.31,645013,-10.39,13.0,0.28
2025-04-23T04:18:49.000,7.74,-24.53,6.23,18.32,20.31,645014,-10.22,13.0,0.28
2025-04-23T04:19:49.000,7.75,-24.71,7.18,18.17,20.31,645015,-10.05,13.0,0.28
2025-04-23T04:20:49.000,7.79,-24.49,8.25,18.02,20.31,645016,-9.88,13.0,0.28
2025-04-23T04:21:50.000,7.8,-24.52,9.62,17.85,20.31,645017,-9.71,13.0,0.28
2025-04-23T04:22:50.000,7.8,-24.53,11.15,17.69,20.31,645018,-9.54,14.0,0.28
2025-04-23T04:23:50.000,7.84,-24.51,12.97,17.53,20.31,645019,-9.37,14.0,0.28
2025-04-23T04:24:50.000,7.88,-24.6,15.2,17.36,20.31,645020,-9.2,14.0,0.279
2025-04-23T04:25:50.000,7.85,-24.72,17.93,17.18,20.31,645021,-9.03,14.0,0.279
2025-04-23T04:26:50.000,7.86,-24.75,21.07,17.0,20.31,645022,-8.86,14.0,0.279
2025-04-23T04:27:51.000,7.8,-24.75,24.97,16.82,20.31,645023,-8.68,14.0,0.279
2025-04-23T04:28:51.000,7.83,-24.61,29.53,16.64,20.31,645024,-8.51,14.0,0.279
2025-04-23T04:29:51.000,7.83,-24.7,35.47,16.44,20.31,645025,-8.34,15.0,0.279
2025-04-23T04:30:51.000,7.83,-24.69,42.6,16.24,20.31,645026,-8.17,15.0,0.279
2025-04-23T04:31:52.000,7.84,-24.58,49.52,16.07,20.31,645027,-7.99,15.0,0.279
2025-04-23T04:32:52.000,7.86,-24.53,61.86,15.83,20.31,645028,-7.82,15.0,0.279
2025-04-23T04:33:52.000,7.85,-24.59,75.55,15.62,20.31,645029,-7.65,15.0,0.279
2025-04-23T04:34:52.000,7.84,-24.57,92.94,15.39,20.31,645030,-7.48,15.0,0.279
2025-04-23T04:35:53.000,7.83,-24.43,114.85,15.16,20.31,645031,-7.3,16.0,0.279
2025-04-23T04:36:53.000,7.84,-24.35,142.61,14.93,20.31,645032,-7.13,16.0,0.279
2025-04-23T04:37:53.000,7.81,-24.63,177.29,14.69,20.31,645033,-6.95,16.0,0.279
2025-04-23T04:38:53.000,7.78,-24.56,221.39,14.45,20.31,645034,-6.78,16.0,0.278
2025-04-23T04:39:53.000,7.79,-24.42,276.22,14.21,20.31,645035,-6.61,16.0,0.278
2025-04-23T04:40:53.000,7.78,-24.52,344.85,13.97,20.31,645036,-6.43,16.0,0.278
2025-04-23T04:41:54.000,7.78,-24.29,431.71,13.72,20.31,645037,-6.26,16.0,0.278
2025-04-23T04:42:54.000,7.81,-24.27,540.36,13.48,20.31,645038,-6.08,17.0,0.278
2025-04-23T04:43:54.000,7.84,-24.37,676.31,13.24,20.31,645039,-5.91,17.0,0.278
2025-04-23T04:44:54.000,7.81,-24.5,845.98,12.99,20.31,645040,-5.73,17.0,0.278
2025-04-23T04:45:55.000,7.79,-24.25,1057.18,12.75,20.31,645041,-5.55,17.0,0.278
2025-04-23T04:46:55.000,7.8,-24.19,1319.38,12.51,20.31,645042,-5.38,17.0,0.278
2025-04-23T04:47:55.000,7.86,-24.11,1643.98,12.27,20.31,645043,-5.2,17.0,0.278
2025-04-23T04:48:55.000,7.88,-24.03,2042.54,12.04,20.31,645044,-5.03,17.0,0.278
2025-04-23T04:49:55.000,7.97,-24.09,2536.27,11.8,20.31,645045,-4.85,18.0,0.278
2025-04-23T04:50:56.000,7.97,-24.22,3146.72,11.57,20.31,645046,-4.67,18.0,0.278
2025-04-23T04:51:56.000,8.0,-24.02,3905.4,11.33,20.31,645047,-4.5,18.0,0.278
2025-04-23T04:52:56.000,8.08,-24.05,4853.11,11.1,20.31,645048,-4.32,18.0,0.277
2025-04-23T04:53:56.000,8.12,-23.84,6006.31,10.87,20.31,645049,-4.14,18.0,0.277
2025-04-23T04:54:56.000,8.13,-23.91,7401.62,10.64,20.31,645050,-3.97,18.0,0.277
2025-04-23T04:55:57.000,8.08,-24.16,9085.69,10.42,20.31,645051,-3.79,19.0,0.277
2025-04-23T04:56:57.000,8.09,-24.04,11106.53,10.2,20.31,645052,-3.61,19.0,0.277
2025-04-23T04:57:57.000,8.05,-24.01,13526.98,9.98,20.31,645053,-3.43,19.0,0.277
2025-04-23T04:58:57.000,7.77,-23.53,16364.38,9.78,20.31,645054,-3.25,19.0,0.277
2025-04-23T04:59:58.000,7.25,-22.95,19691.51,9.58,20.31,645055,-3.07,19.0,0.277
2025-04-23T05:00:58.000,6.79,-22.34,23565.26,9.38,20.31,645056,-2.89,19.0,0.277
2025-04-23T05:01:58.000,6.39,-22.09,28047.53,9.19,20.31,645057,-2.72,19.0,0.277
2025-04-23T05:02:58.000,6.1,-21.64,33213.82,9.01,20.31,645058,-2.54,20.0,0.277
2025-04-23T05:03:58.000,5.88,-21.75,39047.82,8.83,20.31,645059,-2.36,20.0,0.277
2025-04-23T05:04:58.000,5.62,-21.56,45589.6,8.66,20.31,645060,-2.18,20.0,0.277
2025-04-23T05:05:59.000,5.46,-21.11,52849.21,8.5,20.31,645061,-2.0,20.0,0.277
2025-04-23T05:06:59.000,5.44,-20.96,60679.73,8.26,20.31,645062,-1.82,20.0,0.277
2025-04-23T05:07:59.000,5.33,-20.95,50000.0,0.0,20.31,645063,-1.64,20.0,0.276
2025-04-23T05:08:59.000,5.31,-20.83,50000.0,0.0,20.31,645064,-1.46,20.0,0.276
2025-04-23T05:10:00.000,5.23,-20.93,50000.0,0.0,20.31,645065,-1.28,21.0,0.276
2025-04-23T05:12:00.000,5.12,-21.08,50000.0,0.0,20.31,645067,-0.92,21.0,0.276
2025-04-23T05:13:00.000,5.02,-21.1,50000.0,0.0,20.31,645068,-0.74,21.0,0.276
2025-04-23T05:14:01.000,5.09,-21.04,50000.0,0.0,20.31,645069,-0.55,21.0,0.276
2025-04-23T05:15:01.000,5.19,-20.89,49500.25,0.17,20.31,645070,-0.37,21.0,0.276
2025-04-23T05:16:01.000,5.19,-20.87,50000.0,0.0,20.31,645071,-0.19,21.0,0.276
2025-04-23T05:17:01.000,5.2,-20.81,50000.0,0.0,20.31,645072,-0.01,21.0,0.276
2025-04-23T05:18:01.000,5.23,-20.66,50000.0,0.0,20.31,645073,0.17,22.0,0.276
2025-04-23T05:24:03.000,5.03,-21.11,50000.0,0.0,20.31,645079,1.26,22.0,0.275
