ecsv/stars746/stars746_2025-04.ecsv
# %ECSV 1.0
# ---
# datatype:
# - {name: time, datatype: string}
# - {name: Enclosure Temperature, unit: deg_C, datatype: float64}
# - {name: Sky Temperature, unit: deg_C, datatype: float64}
# - {name: Frequency, unit: Hz, datatype: float64}
# - {name: MSAS, unit: mag / arcsec2, datatype: float64}
# - {name: ZP, datatype: float64}
# - {name: Sequence Number, datatype: int64}
# - {name: Sun Alt, unit: deg, datatype: float64}
# - {name: Moon Alt, unit: deg, datatype: float64}
# - {name: Moon Illumination, datatype: float64}
# delimiter: ','
# meta: !!omap
# - ida:
#     Data supplier: {affiliation: Observatorio JoseX, observer: null}
#     Device type: TESS-W
#     Field of view: 17.0
#     Filters per channel: None
#     Instrument ID: stars746
#     License: ODbL 1.0 http://opendatacommons.org/licenses/odbl/summary/
#     Local timezone: Europe/Madrid
#     Location name: {country: Spain, place: Observatorio JoseX, region: Catalonia, sub_region: Baix Camp, town: Sierra de Segura}
#     Measurement direction per channel: {azimuth: 0.0, zenital: 0.0}
#     Moving / Fixed look direction: FIXED
#     Moving / Stationary position: STATIONARY
#     Number of channels: 1
#     Number of fields per line: 8
#     Number of header lines: 35
#     Position: {height: 0.0, latitude: 40.9535, longitude: -0.8932}
#     TESS MAC address: E8:DB:84:83:ED:22
#     TESS cover offset value: 0.0
#     TESS firmware version: '1.0'
#     TESS zero point: 20.31
#     Time Synchronization: timestamp added by MQTT subscriber
#     URL: http://www.darksky.org/NSBM/sdf1.0.pdf
# - __serialized_columns__:
#     Enclosure Temperature:
#       __class__: astropy.units.quantity.Quantity
#       unit: &id001 !astropy.units.Unit {unit: deg_C}
#       value: !astropy.table.SerializedColumn {name: Enclosure Temperature}
#     Frequency:
#       __class__: astropy.units.quantity.Quantity
#       unit: !astropy.units.Unit {unit: Hz}
#       value: !astropy.table.SerializedColumn {name: Frequency}
#     MSAS:
#       __class__: astropy.units.quantity.Quantity
#       unit: !astropy.units.Unit {unit: mag / arcsec2}
#       value: !astropy.table.SerializedColumn {name: MSAS}
#     Moon Alt:
#       __class__: astropy.units.quantity.Quantity
#       unit: &id002 !astropy.units.Unit {unit: deg}
#       value: !astropy.table.SerializedColumn {name: Moon Alt}
#     Sky Temperature:
#       __class__: astropy.units.quantity.Quantity
#       unit: *id001
#       value: !astropy.table.SerializedColumn {name: Sky Temperature}
#     Sun Alt:
#       __class__: astropy.units.quantity.Quantity
#       unit: *id002
#       value: !astropy.table.SerializedColumn {name: Sun Alt}
#     time:
#       __class__: astropy.time.core.Time
#       format: isot
#       in_subfmt: '*'
#       out_subfmt: '*'
#       precision: 3
#       scale: utc
#       value: !astropy.table.SerializedColumn {name: time}
# schema: astropy-2.0
time,Enclosure Temperature,Sky Temperature,Frequency,MSAS,ZP,Sequence Number,Sun Alt,Moon Alt,Moon Illumination
[from data line 14217]
2025-04-22T02:08:27.000,9.73,1.59,0.3,21.6,20.31,643448,-29.33,-4.0,0.393
2025-04-22T02:09:27.000,9.64,2.13,0.3,21.61,20.31,643449,-29.22,-4.0,0.393
2025-04-22T02:10:27.000,9.58,1.74,0.3,21.63,20.31,643450,-29.1,-4.0,0.393
2025-04-22T02:11:27.000,9.56,2.07,0.29,21.65,20.31,643451,-28.99,-4.0,0.393
2025-04-22T02:12:27.000,9.52,2.09,0.28,21.68,20.31,643452,-28.88,-4.0,0.393
2025-04-22T02:13:27.000,9.49,2.03,0.28,21.7,20.31,643453,-28.76,-3.0,0.393
2025-04-22T02:14:27.000,9.49,2.41,0.27,21.72,20.31,643454,-28.65,-3.0,0.393
2025-04-22T02:15:27.000,9.51,2.0,0.27,21.74,20.31,643455,-28.53,-3.0,0.393
2025-04-22T02:16:27.000,9.44,1.25,0.27,21.73,20.31,643456,-28.42,-3.0,0.393
2025-04-22T02:17:28.000,9.4,1.64,0.28,21.7,20.31,643457,-28.3,-3.0,0.393
2025-04-22T02:18:28.000,9.4,1.47,0.29,21.66,20.31,643458,-28.18,-3.0,0.393
2025-04-22T02:19:28.000,9.37,2.14,0.3,21.61,20.31,643459,-28.06,-2.0,0.392
2025-04-22T02:20:28.000,9.35,2.26,0.31,21.59,20.31,643460,-27.94,-2.0,0.392
2025-04-22T02:21:28.000,9.41,3.0,0.31,21.59,20.31,643461,-27.83,-2.0,0.392
2025-04-22T02:22:28.000,9.44,1.6,0.3,21.6,20.31,643462,-27.71,-2.0,0.392
2025-04-22T02:23:28.000,9.41,1.94,0.3,21.63,20.31,643463,-27.59,-2.0,0.392
2025-04-22T02:24:28.000,9.39,1.92,0.29,21.65,20.31,643464,-27.46,-2.0,0.392
2025-04-22T02:25:28.000,9.39,2.68,0.29,21.67,20.31,643465,-27.34,-1.0,0.392
2025-04-22T02:26:28.000,9.3,2.24,0.28,21.69,20.31,643466,-27.22,-1.0,0.392
2025-04-22T02:27:28.000,9.24,2.23,0.28,21.69,20.31,643467,-27.1,-1.0,0.392
2025-04-22T02:28:28.000,9.15,2.33,0.29,21.67,20.31,643468,-26.97,-1.0,0.392
2025-04-22T02:29:28.000,9.34,3.09,0.29,21.65,20.31,643469,-26.85,-1.0,0.392
2025-04-22T02:30:28.000,9.33,2.88,0.3,21.63,20.31,643470,-26.73,-1.0,0.392
2025-04-22T02:31:28.000,9.28,2.83,0.3,21.63,20.31,643471,-26.6,-0.0,0.392
2025-04-22T02:32:28.000,9.36,2.47,0.3,21.63,20.31,643472,-26.48,-0.0,0.392
2025-04-22T02:33:29.000,9.48,2.76,0.29,21.64,20.31,643473,-26.35,-0.0,0.391
2025-04-22T02:34:29.000,9.52,2.42,0.29,21.65,20.31,643474,-26.22,0.0,0.391
2025-04-22T02:35:29.000,9.41,1.91,0.29,21.67,20.31,643475,-26.09,0.0,0.391
2025-04-22T02:36:29.000,9.37,2.26,0.28,21.7,20.31,643476,-25.96,0.0,0.391
2025-04-22T02:37:29.000,9.31,2.32,0.27,21.72,20.31,643477,-25.84,1.0,0.391
2025-04-22T02:38:29.000,9.27,1.93,0.27,21.74,20.31,643478,-25.71,1.0,0.391
2025-04-22T02:39:29.000,9.24,1.95,0.26,21.76,20.31,643479,-25.58,1.0,0.391
2025-04-22T02:40:29.000,9.28,1.92,0.26,21.76,20.31,643480,-25.45,1.0,0.391
2025-04-22T02:41:29.000,9.41,2.2,0.26,21.77,20.31,643481,-25.32,1.0,0.391
2025-04-22T02:42:29.000,9.33,1.47,0.26,21.77,20.31,643482,-25.19,1.0,0.391
2025-04-22T02:43:29.000,9.27,1.66,0.26,21.77,20.31,643483,-25.05,2.0,0.391
2025-04-22T02:44:29.000,9.24,1.63,0.26,21.76,20.31,643484,-24.92,2.0,0.391
2025-04-22T02:45:29.000,9.12,2.21,0.27,21.74,20.31,643485,-24.79,2.0,0.391
2025-04-22T02:46:29.000,9.21,2.62,0.28,21.71,20.31,643486,-24.65,2.0,0.39
2025-04-22T02:47:29.000,9.24,1.74,0.28,21.69,20.31,643487,-24.52,2.0,0.39
2025-04-22T02:48:29.000,9.2,2.3,0.28,21.69,20.31,643488,-24.39,2.0,0.39
2025-04-22T02:49:30.000,9.27,2.53,0.28,21.7,20.31,643489,-24.25,3.0,0.39
2025-04-22T02:50:30.000,9.35,2.62,0.28,21.71,20.31,643490,-24.11,3.0,0.39
2025-04-22T02:51:30.000,9.14,2.7,0.27,21.73,20.31,643491,-23.98,3.0,0.39
2025-04-22T02:52:30.000,9.08,2.6,0.27,21.74,20.31,643492,-23.84,3.0,0.39
2025-04-22T02:53:30.000,9.01,2.39,0.26,21.77,20.31,643493,-23.7,3.0,0.39
2025-04-22T02:54:30.000,9.07,2.92,0.26,21.78,20.31,643494,-23.57,3.0,0.39
2025-04-22T02:55:30.000,9.2,2.98,0.26,21.79,20.31,643495,-23.43,3.0,0.39
2025-04-22T02:56:30.000,9.12,1.89,0.25,21.8,20.31,643496,-23.29,4.0,0.39
2025-04-22T02:57:30.000,9.04,2.04,0.25,21.8,20.31,643497,-23.15,4.0,0.39
2025-04-22T02:58:30.000,9.03,2.91,0.26,21.79,20.31,643498,-23.01,4.0,0.39
2025-04-22T02:59:30.000,8.97,2.12,0.26,21.79,20.31,643499,-22.87,4.0,0.39
2025-04-22T03:00:30.000,9.0,2.67,0.26,21.79,20.31,643500,-22.73,4.0,0.389
2025-04-22T03:01:30.000,9.07,3.43,0.26,21.78,20.31,643501,-22.59,4.0,0.389
2025-04-22T03:02:30.000,9.14,5.16,0.26,21.79,20.31,643502,-22.45,5.0,0.389
2025-04-22T03:03:30.000,9.11,2.37,0.26,21.79,20.31,643503,-22.31,5.0,0.389
2025-04-22T03:04:30.000,8.97,2.75,0.25,21.8,20.31,643504,-22.16,5.0,0.389
2025-04-22T03:05:31.000,8.93,4.12,0.25,21.81,20.31,643505,-22.02,5.0,0.389
2025-04-22T03:06:31.000,8.88,3.65,0.24,21.84,20.31,643506,-21.88,5.0,0.389
2025-04-22T03:07:31.000,8.8,3.37,0.24,21.85,20.31,643507,-21.73,5.0,0.389
2025-04-22T03:08:31.000,8.92,4.72,0.24,21.86,20.31,643508,-21.59,6.0,0.389
2025-04-22T03:09:31.000,9.01,4.63,0.24,21.85,20.31,643509,-21.44,6.0,0.389
2025-04-22T03:10:31.000,9.24,5.14,0.24,21.85,20.31,643510,-21.3,6.0,0.389
2025-04-22T03:11:31.000,9.3,2.97,0.24,21.84,20.31,643511,-21.15,6.0,0.389
2025-04-22T03:12:31.000,9.56,3.29,0.25,21.82,20.31,643512,-21.01,6.0,0.389
2025-04-22T03:13:31.000,9.66,2.67,0.25,21.8,20.31,643513,-20.86,6.0,0.389
2025-04-22T03:14:31.000,9.71,2.91,0.26,21.78,20.31,643514,-20.71,6.0,0.388
2025-04-22T03:15:31.000,9.75,3.07,0.26,21.77,20.31,643515,-20.57,7.0,0.388
2025-04-22T03:16:31.000,9.83,2.95,0.27,21.75,20.31,643516,-20.42,7.0,0.388
2025-04-22T03:17:31.000,9.91,2.86,0.28,21.71,20.31,643517,-20.27,7.0,0.388
2025-04-22T03:18:31.000,9.84,2.91,0.28,21.68,20.31,643518,-20.12,7.0,0.388
2025-04-22T03:19:31.000,9.87,3.68,0.29,21.66,20.31,643519,-19.97,7.0,0.388
2025-04-22T03:20:32.000,10.03,4.29,0.29,21.64,20.31,643520,-19.82,7.0,0.388
2025-04-22T03:21:32.000,9.89,4.54,0.3,21.61,20.31,643521,-19.67,8.0,0.388
2025-04-22T03:22:32.000,9.78,4.92,0.31,21.6,20.31,643522,-19.52,8.0,0.388
2025-04-22T03:23:32.000,9.84,5.33,0.31,21.59,20.31,643523,-19.37,8.0,0.388
2025-04-22T03:24:32.000,9.96,5.6,0.31,21.57,20.31,643524,-19.22,8.0,0.388
2025-04-22T03:25:32.000,9.97,4.87,0.33,21.53,20.31,643525,-19.07,8.0,0.388
2025-04-22T03:26:32.000,9.73,4.54,0.33,21.51,20.31,643526,-18.92,8.0,0.388
2025-04-22T03:27:32.000,9.75,5.56,0.34,21.49,20.31,643527,-18.76,8.0,0.387
2025-04-22T03:28:32.000,9.81,5.11,0.35,21.46,20.31,643528,-18.61,9.0,0.387
2025-04-22T03:29:32.000,9.89,6.46,0.36,21.43,20.31,643529,-18.46,9.0,0.387
2025-04-22T03:30:32.000,9.87,5.59,0.37,21.4,20.31,643530,-18.31,9.0,0.387
2025-04-22T03:31:32.000,9.81,5.61,0.37,21.38,20.31,643531,-18.15,9.0,0.387
2025-04-22T03:32:32.000,9.57,4.83,0.37,21.38,20.31,643532,-18.0,9.0,0.387
2025-04-22T03:33:32.000,9.4,4.4,0.38,21.36,20.31,643533,-17.84,9.0,0.387
2025-04-22T03:34:32.000,9.38,4.52,0.39,21.34,20.31,643534,-17.69,9.0,0.387
2025-04-22T03:35:32.000,9.37,4.76,0.38,21.35,20.31,643535,-17.53,10.0,0.387
2025-04-22T03:36:32.000,9.42,4.74,0.4,21.32,20.31,643536,-17.38,10.0,0.387
2025-04-22T03:37:33.000,9.47,4.66,0.4,21.3,20.31,643537,-17.22,10.0,0.387
2025-04-22T03:38:33.000,9.48,4.42,0.41,21.29,20.31,643538,-17.06,10.0,0.387
2025-04-22T03:39:33.000,9.42,4.06,0.42,21.26,20.31,643539,-16.91,10.0,0.387
2025-04-22T03:40:33.000,9.38,3.82,0.43,21.24,20.31,643540,-16.75,10.0,0.387
2025-04-22T03:41:33.000,9.4,4.58,0.44,21.21,20.31,643541,-16.59,11.0,0.386
2025-04-22T03:42:33.000,9.45,4.78,0.45,21.19,20.31,643542,-16.43,11.0,0.386
2025-04-22T03:43:33.000,9.55,4.87,0.45,21.17,20.31,643543,-16.27,11.0,0.386
2025-04-22T03:44:33.000,9.57,4.88,0.47,21.14,20.31,643544,-16.12,11.0,0.386
2025-04-22T03:45:33.000,9.73,5.39,0.48,21.1,20.31,643545,-15.96,11.0,0.386
2025-04-22T03:46:33.000,9.84,5.04,0.49,21.09,20.31,643546,-15.8,11.0,0.386
2025-04-22T03:47:33.000,9.78,2.12,0.49,21.08,20.31,643547,-15.64,11.0,0.386
2025-04-22T03:48:33.000,9.79,2.13,0.51,21.05,20.31,643548,-15.48,12.0,0.386
2025-04-22T03:49:33.000,9.8,2.77,0.53,21.01,20.31,643549,-15.32,12.0,0.386
2025-04-22T03:50:33.000,9.75,4.82,0.54,20.98,20.31,643550,-15.16,12.0,0.386
2025-04-22T03:51:33.000,9.71,4.71,0.55,20.95,20.31,643551,-15.0,12.0,0.386
2025-04-22T03:52:33.000,9.71,4.73,0.57,20.93,20.31,643552,-14.84,12.0,0.386
2025-04-22T03:53:34.000,9.71,4.79,0.59,20.89,20.31,643553,-14.67,12.0,0.386
2025-04-22T03:54:34.000,9.72,4.75,0.58,20.9,20.31,643554,-14.51,12.0,0.385
2025-04-22T03:55:34.000,9.68,2.5,0.56,20.94,20.31,643555,-14.35,13.0,0.385
2025-04-22T03:56:34.000,9.67,2.19,0.55,20.95,20.31,643556,-14.19,13.0,0.385
2025-04-22T03:57:34.000,9.68,2.39,0.56,20.93,20.31,643557,-14.02,13.0,0.385
2025-04-22T03:58:34.000,9.7,2.69,0.57,20.91,20.31,643558,-13.86,13.0,0.385
2025-04-22T03:59:34.000,9.74,2.75,0.59,20.89,20.31,643559,-13.7,13.0,0.385
2025-04-22T04:00:34.000,9.73,2.89,0.64,20.79,20.31,643560,-13.53,13.0,0.385
2025-04-22T04:01:34.000,9.68,3.3,0.67,20.75,20.31,643561,-13.37,13.0,0.385
2025-04-22T04:02:34.000,9.69,3.66,0.7,20.7,20.31,643562,-13.2,13.0,0.385
2025-04-22T04:03:34.000,9.72,3.77,0.75,20.62,20.31,643563,-13.04,14.0,0.385
2025-04-22T04:04:34.000,9.77,4.1,0.76,20.61,20.31,643564,-12.87,14.0,0.385
2025-04-22T04:05:34.000,9.81,4.26,0.81,20.54,20.31,643565,-12.71,14.0,0.385
2025-04-22T04:06:34.000,9.79,4.88,0.87,20.46,20.31,643566,-12.54,14.0,0.385
2025-04-22T04:07:35.000,9.75,4.8,0.93,20.39,20.31,643567,-12.37,14.0,0.385
2025-04-22T04:08:35.000,9.75,4.91,1.01,20.3,20.31,643568,-12.21,14.0,0.384
2025-04-22T04:09:35.000,9.76,4.96,1.09,20.22,20.31,643569,-12.04,14.0,0.384
2025-04-22T04:10:35.000,9.81,5.12,1.12,20.18,20.31,643570,-11.88,15.0,0.384
2025-04-22T04:11:35.000,9.84,5.04,1.16,20.15,20.31,643571,-11.71,15.0,0.384
2025-04-22T04:12:35.000,9.9,5.15,1.25,20.07,20.31,643572,-11.54,15.0,0.384
2025-04-22T04:13:35.000,9.95,5.23,1.33,20.0,20.31,643573,-11.37,15.0,0.384
2025-04-22T04:14:35.000,9.93,5.23,1.52,19.85,20.31,643574,-11.21,15.0,0.384
2025-04-22T04:15:35.000,9.98,5.51,1.85,19.64,20.31,643575,-11.04,15.0,0.384
2025-04-22T04:16:35.000,9.92,5.49,2.28,19.42,20.31,643576,-10.87,15.0,0.384
2025-04-22T04:17:35.000,9.89,5.21,2.73,19.22,20.31,643577,-10.7,16.0,0.384
2025-04-22T04:18:35.000,9.98,5.44,3.15,19.07,20.31,643578,-10.53,16.0,0.384
2025-04-22T04:19:35.000,9.96,5.48,3.59,18.92,20.31,643579,-10.36,16.0,0.384
2025-04-22T04:20:35.000,9.95,5.44,4.09,18.78,20.31,643580,-10.19,16.0,0.384
2025-04-22T04:21:36.000,9.98,5.6,4.73,18.62,20.31,643581,-10.02,16.0,0.384
2025-04-22T04:22:36.000,9.89,5.61,5.46,18.47,20.31,643582,-9.85,16.0,0.383
2025-04-22T04:23:36.000,9.98,5.65,6.11,18.35,20.31,643583,-9.68,16.0,0.383
2025-04-22T04:24:36.000,9.96,6.03,7.09,18.19,20.31,643584,-9.51,16.0,0.383
2025-04-22T04:25:36.000,9.93,5.85,9.05,17.92,20.31,643585,-9.34,17.0,0.383
2025-04-22T04:26:36.000,10.01,6.01,11.27,17.68,20.31,643586,-9.17,17.0,0.383
2025-04-22T04:27:36.000,9.92,6.3,12.74,17.55,20.31,643587,-9.0,17.0,0.383
2025-04-22T04:28:36.000,10.01,6.38,12.49,17.57,20.31,643588,-8.83,17.0,0.383
2025-04-22T04:29:37.000,10.02,7.15,12.35,17.58,20.31,643589,-8.65,17.0,0.383
2025-04-22T04:30:37.000,10.01,7.0,12.96,17.53,20.31,643590,-8.48,17.0,0.383
2025-04-22T04:31:37.000,9.95,6.95,12.84,17.54,20.31,643591,-8.31,17.0,0.383
2025-04-22T04:32:37.000,10.0,6.73,13.28,17.5,20.31,643592,-8.13,17.0,0.383
2025-04-22T04:33:37.000,9.96,6.78,15.94,17.31,20.31,643593,-7.96,18.0,0.383
2025-04-22T04:34:38.000,10.01,6.64,21.16,17.0,20.31,643594,-7.79,18.0,0.383
2025-04-22T04:35:38.000,9.96,6.54,28.81,16.67,20.31,643595,-7.61,18.0,0.382
2025-04-22T04:36:38.000,10.09,5.91,37.21,16.39,20.31,643596,-7.44,18.0,0.382
2025-04-22T04:37:38.000,10.07,5.57,44.61,16.19,20.31,643597,-7.27,18.0,0.382
2025-04-22T04:38:38.000,9.76,4.52,53.1,16.0,20.31,643598,-7.09,18.0,0.382
2025-04-22T04:39:38.000,9.82,3.98,72.2,15.67,20.31,643599,-6.92,18.0,0.382
2025-04-22T04:40:38.000,9.98,4.13,104.18,15.27,20.31,643600,-6.74,18.0,0.382
2025-04-22T04:41:39.000,10.01,4.41,128.02,15.04,20.31,643601,-6.57,19.0,0.382
2025-04-22T04:42:39.000,9.86,4.31,166.7,14.76,20.31,643602,-6.39,19.0,0.382
2025-04-22T04:43:39.000,10.01,4.17,289.91,14.17,20.31,643603,-6.22,19.0,0.382
2025-04-22T04:44:39.000,9.86,3.18,457.06,13.66,20.31,643604,-6.04,19.0,0.382
2025-04-22T04:45:39.000,9.71,2.3,592.44,13.38,20.31,643605,-5.87,19.0,0.382
2025-04-22T04:46:39.000,9.83,2.06,792.92,13.07,20.31,643606,-5.69,19.0,0.382
2025-04-22T04:47:39.000,10.06,2.05,1001.3,12.81,20.31,643607,-5.51,19.0,0.382
2025-04-22T04:48:40.000,9.96,2.17,1263.69,12.56,20.31,643608,-5.34,19.0,0.382
2025-04-22T04:49:47.000,10.13,3.3,1550.11,12.34,20.31,643609,-5.14,20.0,0.381
2025-04-22T04:50:46.000,10.09,2.9,1833.89,12.15,20.31,643610,-4.97,20.0,0.381
2025-04-22T04:51:46.000,9.74,2.17,2144.09,11.98,20.31,643611,-4.79,20.0,0.381
2025-04-22T04:52:46.000,9.75,1.5,2529.47,11.8,20.31,643612,-4.61,20.0,0.381
2025-04-22T04:53:46.000,9.93,1.78,2933.75,11.64,20.31,643613,-4.44,20.0,0.381
2025-04-22T04:54:47.000,9.99,1.07,3503.31,11.45,20.31,643614,-4.26,20.0,0.381
2025-04-22T04:55:47.000,9.86,1.07,4366.52,11.21,20.31,643615,-4.08,20.0,0.381
2025-04-22T04:56:47.000,10.06,1.34,5522.42,10.96,20.31,643616,-3.9,20.0,0.381
2025-04-22T04:57:47.000,10.13,1.87,6830.89,10.73,20.31,643617,-3.72,20.0,0.381
2025-04-22T04:58:48.000,10.03,2.35,8078.87,10.54,20.31,643618,-3.54,21.0,0.381
2025-04-22T04:59:48.000,9.88,1.89,8635.96,10.47,20.31,643619,-3.36,21.0,0.381
2025-04-22T05:00:48.000,9.96,1.48,8162.56,10.53,20.31,643620,-3.19,21.0,0.381
2025-04-22T05:01:48.000,10.04,1.78,7852.52,10.57,20.31,643621,-3.01,21.0,0.381
2025-04-22T05:02:49.000,9.89,1.95,7824.67,10.58,20.31,643622,-2.83,21.0,0.38
2025-04-22T05:03:49.000,10.03,2.29,7568.16,10.61,20.31,643623,-2.65,21.0,0.38
2025-04-22T05:04:49.000,10.16,2.19,7622.04,10.61,20.31,643624,-2.47,21.0,0.38
2025-04-22T05:05:49.000,9.87,1.83,9117.58,10.41,20.31,643625,-2.29,21.0,0.38
2025-04-22T05:06:50.000,9.68,1.17,13240.67,10.01,20.31,643626,-2.11,21.0,0.38
2025-04-22T05:07:50.000,9.49,0.89,17441.58,9.71,20.31,643627,-1.93,22.0,0.38
2025-04-22T05:09:56.000,8.63,1.25,25442.2,9.3,20.31,643629,-1.55,22.0,0.38
2025-04-22T05:10:56.000,8.39,1.47,32591.21,9.03,20.31,643630,-1.37,22.0,0.38
2025-04-22T05:11:56.000,8.18,1.6,38204.69,8.86,20.31,643631,-1.19,22.0,0.38
2025-04-22T05:12:56.000,8.0,1.65,45931.37,8.66,20.31,643632,-1.01,22.0,0.38
2025-04-22T05:13:57.000,7.85,1.54,58497.29,8.39,20.31,643633,-0.82,22.0,0.38
2025-04-22T05:14:57.000,7.75,1.53,51624.34,0.93,20.31,643634,-0.64,22.0,0.38
2025-04-22T05:15:57.000,7.68,1.48,50000.0,0.0,20.31,643635,-0.46,22.0,0.38
2025-04-22T05:16:57.000,7.58,1.37,50000.0,0.0,20.31,643636,-0.28,22.0,0.379
2025-04-22T05:17:57.000,7.49,1.38,50000.0,0.0,20.31,643637,-0.1,23.0,0.379
2025-04-22T06:17:10.000,7.74,4.59,50000.0,0.0,20.31,643696,10.85,27.0,0.375
2025-04-22T06:18:11.000,7.72,4.21,50000.0,0.0,20.31,643697,11.04,27.0,0.375
2025-04-22T06:19:11.000,7.65,4.22,50000.0,0.0,20.31,643698,11.23,27.0,0.375
2025-04-22T06:20:11.000,7.63,4.26,49723.92,0.09,20.31,643699,11.41,28.0,0.375
2025-04-22T06:21:11.000,7.66,4.45,50000.0,0.0,20.31,643700,11.6,28.0,0.375
2025-04-22T06:22:11.000,7.65,4.22,50000.0,0.0,20.31,643701,11.79,28.0,0.375
2025-04-22T06:23:12.000,7.6,4.38,50000.0,0.0,20.31,643702,11.98,28.0,0.375
2025-04-22T06:24:12.000,7.62,4.76,49456.93,0.18,20.31,643703,12.17,28.0,0.375
2025-04-22T06:25:12.000,7.58,4.69,50000.0,0.0,20.31,643704,12.36,28.0,0.374
2025-04-22T06:26:12.000,7.57,5.16,50000.0,0.0,20.31,643705,12.54,28.0,0.374
2025-04-22T06:27:12.000,7.58,5.46,50000.0,0.0,20.31,643706,12.73,28.0,0.374
2025-04-22T18:52:02.000,7.64,1.51,50000.0,0.0,20.31,644448,-1.05,-63.0,0.32
2025-04-22T18:53:02.000,7.64,1.3,50000.0,0.0,20.31,644449,-1.23,-63.0,0.32
2025-04-22T18:54:02.000,7.65,1.5,50000.0,0.0,20.31,644450,-1.41,-63.0,0.32
2025-04-22T18:55:02.000,7.64,1.39,49444.59,0.19,20.31,644451,-1.59,-63.0,0.32
2025-04-22T18:56:03.000,7.62,1.65,52682.91,5.37,20.31,644452,-1.77,-63.0,0.32
2025-04-22T18:57:03.000,7.65,2.18,48379.8,8.6,20.31,644453,-1.95,-63.0,0.32
2025-04-22T18:58:03.000,7.6,1.99,56001.62,8.44,20.31,644454,-2.13,-63.0,0.32
2025-04-22T18:59:03.000,7.58,1.91,48214.77,8.6,20.31,644455,-2.31,-63.0,0.32
2025-04-22T19:00:04.000,7.57,2.02,35708.8,8.93,20.31,644456,-2.49,-63.0,0.32
2025-04-22T19:01:04.000,7.59,2.06,32540.76,9.03,20.31,644457,-2.67,-63.0,0.32
2025-04-22T19:02:04.000,7.61,1.74,33910.18,8.98,20.31,644458,-2.85,-64.0,0.319
