ecsv/stars746/stars746_2025-04.ecsv
# %ECSV 1.0
# ---
# datatype:
# - {name: time, datatype: string}
# - {name: Enclosure Temperature, unit: deg_C, datatype: float64}
# - {name: Sky Temperature, unit: deg_C, datatype: float64}
# - {name: Frequency, unit: Hz, datatype: float64}
# - {name: MSAS, unit: mag / arcsec2, datatype: float64}
# - {name: ZP, datatype: float64}
# - {name: Sequence Number, datatype: int64}
# - {name: Sun Alt, unit: deg, datatype: float64}
# - {name: Moon Alt, unit: deg, datatype: float64}
# - {name: Moon Illumination, datatype: float64}
# delimiter: ','
# meta: !!omap
# - ida:
#     Data supplier: {affiliation: Observatorio JoseX, observer: null}
#     Device type: TESS-W
#     Field of view: 17.0
#     Filters per channel: None
#     Instrument ID: stars746
#     License: ODbL 1.0 http://opendatacommons.org/licenses/odbl/summary/
#     Local timezone: Europe/Madrid
#     Location name: {country: Spain, place: Observatorio JoseX, region: Catalonia, sub_region: Baix Camp, town: Sierra de Segura}
#     Measurement direction per channel: {azimuth: 0.0, zenital: 0.0}
#     Moving / Fixed look direction: FIXED
#     Moving / Stationary position: STATIONARY
#     Number of channels: 1
#     Number of fields per line: 8
#     Number of header lines: 35
#     Position: {height: 0.0, latitude: 40.9535, longitude: -0.8932}
#     TESS MAC address: E8:DB:84:83:ED:22
#     TESS cover offset value: 0.0
#     TESS firmware version: '1.0'
#     TESS zero point: 20.31
#     Time Synchronization: timestamp added by MQTT subscriber
#     URL: http://www.darksky.org/NSBM/sdf1.0.pdf
# - __serialized_columns__:
#     Enclosure Temperature:
#       __class__: astropy.units.quantity.Quantity
#       unit: &id001 !astropy.units.Unit {unit: deg_C}
#       value: !astropy.table.SerializedColumn {name: Enclosure Temperature}
#     Frequency:
#       __class__: astropy.units.quantity.Quantity
#       unit: !astropy.units.Unit {unit: Hz}
#       value: !astropy.table.SerializedColumn {name: Frequency}
#     MSAS:
#       __class__: astropy.units.quantity.Quantity
#       unit: !astropy.units.Unit {unit: mag / arcsec2}
#       value: !astropy.table.SerializedColumn {name: MSAS}
#     Moon Alt:
#       __class__: astropy.units.quantity.Quantity
#       unit: &id002 !astropy.units.Unit {unit: deg}
#       value: !astropy.table.SerializedColumn {name: Moon Alt}
#     Sky Temperature:
#       __class__: astropy.units.quantity.Quantity
#       unit: *id001
#       value: !astropy.table.SerializedColumn {name: Sky Temperature}
#     Sun Alt:
#       __class__: astropy.units.quantity.Quantity
#       unit: *id002
#       value: !astropy.table.SerializedColumn {name: Sun Alt}
#     time:
#       __class__: astropy.time.core.Time
#       format: isot
#       in_subfmt: '*'
#       out_subfmt: '*'
#       precision: 3
#       scale: utc
#       value: !astropy.table.SerializedColumn {name: time}
# schema: astropy-2.0
time,Enclosure Temperature,Sky Temperature,Frequency,MSAS,ZP,Sequence Number,Sun Alt,Moon Alt,Moon Illumination
[from data line 3309]
2025-04-05T20:47:18.000,10.01,-18.3,8.25,18.02,20.31,620168,-24.35,63.0,0.583
2025-04-05T20:48:18.000,9.91,-18.14,8.16,18.03,20.31,620169,-24.51,62.0,0.583
2025-04-05T20:49:19.000,9.9,-18.23,7.98,18.06,20.31,620170,-24.67,62.0,0.583
2025-04-05T20:50:19.000,10.01,-18.28,7.91,18.07,20.31,620171,-24.82,62.0,0.583
2025-04-05T20:51:19.000,9.89,-18.13,7.54,18.12,20.31,620172,-24.98,62.0,0.583
2025-04-05T20:52:19.000,9.93,-18.25,7.44,18.13,20.31,620173,-25.13,62.0,0.584
2025-04-05T20:53:19.000,10.0,-18.21,7.3,18.15,20.31,620174,-25.29,62.0,0.584
2025-04-05T20:54:19.000,9.87,-18.12,7.44,18.13,20.31,620175,-25.44,61.0,0.584
2025-04-05T20:55:20.000,9.96,-18.12,7.48,18.13,20.31,620176,-25.6,61.0,0.584
2025-04-05T20:56:20.000,9.98,-17.89,7.21,18.17,20.31,620177,-25.75,61.0,0.584
2025-04-05T20:57:20.000,9.89,-17.89,6.89,18.21,20.31,620178,-25.9,61.0,0.584
2025-04-05T20:58:20.000,9.99,-17.98,6.77,18.23,20.31,620179,-26.06,61.0,0.584
2025-04-05T20:59:21.000,9.95,-17.7,6.6,18.26,20.31,620180,-26.21,61.0,0.584
2025-04-05T21:00:21.000,9.89,-17.82,6.62,18.26,20.31,620181,-26.36,60.0,0.584
2025-04-05T21:01:21.000,10.01,-17.68,6.78,18.23,20.31,620182,-26.51,60.0,0.584
2025-04-05T21:02:21.000,9.9,-17.57,6.98,18.2,20.31,620183,-26.66,60.0,0.584
2025-04-05T21:03:22.000,9.95,-17.59,7.2,18.17,20.31,620184,-26.82,60.0,0.584
2025-04-05T21:04:22.000,9.97,-17.54,7.17,18.17,20.31,620185,-26.97,60.0,0.584
2025-04-05T21:05:23.000,9.94,-17.54,7.25,18.16,20.31,620186,-27.12,60.0,0.584
2025-04-05T21:06:22.000,10.0,-17.39,7.49,18.12,20.31,620187,-27.27,59.0,0.585
2025-04-05T21:07:22.000,9.88,-17.28,7.64,18.1,20.31,620188,-27.41,59.0,0.585
2025-04-05T21:08:23.000,9.96,-17.37,7.64,18.1,20.31,620189,-27.57,59.0,0.585
2025-04-05T21:09:23.000,9.97,-17.21,7.45,18.13,20.31,620190,-27.71,59.0,0.585
2025-04-05T21:10:23.000,9.91,-17.2,7.23,18.16,20.31,620191,-27.86,59.0,0.585
2025-04-05T21:11:23.000,10.02,-17.04,7.05,18.19,20.31,620192,-28.01,59.0,0.585
2025-04-05T21:12:24.000,9.87,-17.03,7.14,18.18,20.31,620193,-28.16,58.0,0.585
2025-04-05T21:13:24.000,9.94,-17.09,7.34,18.15,20.31,620194,-28.3,58.0,0.585
2025-04-05T21:14:24.000,10.0,-16.94,7.47,18.13,20.31,620195,-28.45,58.0,0.585
2025-04-05T21:15:24.000,9.86,-16.88,7.59,18.11,20.31,620196,-28.59,58.0,0.585
2025-04-05T21:16:25.000,9.95,-16.87,7.54,18.12,20.31,620197,-28.74,58.0,0.585
2025-04-05T21:17:25.000,10.0,-14.37,8.61,17.99,20.31,620198,-28.88,57.0,0.585
2025-04-05T21:18:25.000,9.91,-10.93,11.21,17.69,20.31,620199,-29.03,57.0,0.585
2025-04-05T21:19:25.000,10.03,-9.31,11.33,17.67,20.31,620200,-29.17,57.0,0.586
2025-04-05T21:20:25.000,9.92,-6.77,12.52,17.57,20.31,620201,-29.31,57.0,0.586
2025-04-05T21:21:25.000,10.01,-4.42,13.53,17.48,20.31,620202,-29.45,57.0,0.586
2025-04-05T21:22:26.000,10.05,-3.91,14.39,17.42,20.31,620203,-29.6,57.0,0.586
2025-04-05T21:23:26.000,9.91,-4.2,14.53,17.4,20.31,620204,-29.74,56.0,0.586
2025-04-05T21:24:26.000,10.05,-3.61,14.44,17.41,20.31,620205,-29.88,56.0,0.586
2025-04-05T21:25:26.000,10.0,-1.83,14.66,17.39,20.31,620206,-30.02,56.0,0.586
2025-04-05T21:26:27.000,9.98,-0.69,12.44,17.57,20.31,620207,-30.16,56.0,0.586
2025-04-05T21:27:27.000,10.08,0.2,12.79,17.54,20.31,620208,-30.3,56.0,0.586
2025-04-05T21:28:27.000,9.95,0.7,11.43,17.67,20.31,620209,-30.44,56.0,0.586
2025-04-05T21:29:27.000,10.05,0.81,9.71,17.84,20.31,620210,-30.57,55.0,0.586
2025-04-05T21:30:27.000,9.98,1.06,11.61,17.65,20.31,620211,-30.71,55.0,0.586
2025-04-05T21:31:28.000,10.02,1.41,11.31,17.68,20.31,620212,-30.85,55.0,0.586
2025-04-05T21:32:27.000,10.05,1.93,8.27,18.02,20.31,620213,-30.98,55.0,0.586
2025-04-05T21:33:28.000,9.98,2.33,7.07,18.19,20.31,620214,-31.12,55.0,0.587
2025-04-05T21:34:28.000,10.06,2.46,8.51,17.99,20.31,620215,-31.26,54.0,0.587
2025-04-05T21:35:28.000,9.97,2.75,8.78,17.95,20.31,620216,-31.39,54.0,0.587
2025-04-05T21:36:28.000,10.05,2.61,8.17,18.03,20.31,620217,-31.52,54.0,0.587
2025-04-05T21:37:28.000,10.04,2.75,7.56,18.11,20.31,620218,-31.66,54.0,0.587
2025-04-05T21:38:28.000,9.97,2.32,6.68,18.25,20.31,620219,-31.79,54.0,0.587
2025-04-05T21:39:29.000,10.06,1.57,6.13,18.34,20.31,620220,-31.92,54.0,0.587
2025-04-05T21:40:29.000,9.95,0.16,6.95,18.21,20.31,620221,-32.06,53.0,0.587
2025-04-05T21:41:29.000,10.04,-2.02,8.28,18.02,20.31,620222,-32.19,53.0,0.587
2025-04-05T21:42:29.000,9.98,-4.23,8.92,17.94,20.31,620223,-32.32,53.0,0.587
2025-04-05T21:43:29.000,9.97,-5.87,6.87,18.22,20.31,620224,-32.45,53.0,0.587
2025-04-05T21:44:29.000,10.02,-5.42,7.18,18.17,20.31,620225,-32.58,53.0,0.587
2025-04-05T21:45:29.000,9.97,-2.92,10.81,17.73,20.31,620226,-32.7,52.0,0.587
2025-04-05T21:46:29.000,10.06,-0.19,10.39,17.77,20.31,620227,-32.83,52.0,0.587
2025-04-05T21:47:30.000,9.98,1.75,6.58,18.27,20.31,620228,-32.96,52.0,0.588
2025-04-05T21:48:30.000,10.04,2.27,5.38,18.48,20.31,620229,-33.09,52.0,0.588
2025-04-05T21:49:30.000,10.02,2.55,5.92,18.38,20.31,620230,-33.21,52.0,0.588
2025-04-05T21:50:30.000,10.01,2.58,6.61,18.26,20.31,620231,-33.34,52.0,0.588
2025-04-05T21:51:30.000,10.04,2.43,7.47,18.13,20.31,620232,-33.46,51.0,0.588
2025-04-05T21:52:30.000,9.95,2.29,8.01,18.05,20.31,620233,-33.59,51.0,0.588
2025-04-05T21:53:30.000,10.09,2.26,8.25,18.02,20.31,620234,-33.71,51.0,0.588
2025-04-05T21:54:30.000,9.99,2.27,6.42,18.29,20.31,620235,-33.83,51.0,0.588
2025-04-05T21:55:30.000,10.01,1.77,7.01,18.21,20.31,620236,-33.96,51.0,0.588
2025-04-05T21:56:31.000,10.06,1.81,11.32,17.68,20.31,620237,-34.08,50.0,0.588
2025-04-05T21:57:31.000,9.95,1.67,9.18,17.9,20.31,620238,-34.2,50.0,0.588
2025-04-05T21:58:31.000,10.05,0.75,8.74,17.96,20.31,620239,-34.32,50.0,0.588
2025-04-05T21:59:31.000,9.96,0.0,7.11,18.18,20.31,620240,-34.44,50.0,0.588
2025-04-05T22:00:31.000,10.01,-0.51,9.56,17.86,20.31,620241,-34.56,50.0,0.588
2025-04-05T22:01:31.000,10.01,-0.23,8.93,17.94,20.31,620242,-34.68,50.0,0.589
2025-04-05T22:02:32.000,9.93,-0.2,6.67,18.25,20.31,620243,-34.8,49.0,0.589
2025-04-05T22:03:32.000,10.06,-0.98,6.13,18.34,20.31,620244,-34.91,49.0,0.589
2025-04-05T22:04:32.000,9.94,-2.0,6.66,18.25,20.31,620245,-35.03,49.0,0.589
2025-04-05T22:05:32.000,9.98,-3.8,7.63,18.1,20.31,620246,-35.14,49.0,0.589
2025-04-05T22:06:32.000,10.0,-7.3,6.81,18.24,20.31,620247,-35.26,49.0,0.589
2025-04-05T22:07:32.000,9.88,-11.46,4.54,18.68,20.31,620248,-35.37,48.0,0.589
2025-04-05T22:08:32.000,10.01,-14.85,3.46,18.96,20.31,620249,-35.49,48.0,0.589
2025-04-05T22:09:32.000,9.91,-16.38,3.51,18.95,20.31,620250,-35.6,48.0,0.589
2025-04-05T22:10:32.000,9.85,-17.12,3.59,18.94,20.31,620251,-35.71,48.0,0.589
2025-04-05T22:11:33.000,9.97,-17.71,3.76,18.88,20.31,620252,-35.82,48.0,0.589
2025-04-05T22:12:33.000,9.94,-17.94,3.92,18.83,20.31,620253,-35.93,47.0,0.589
2025-04-05T22:13:33.000,9.9,-18.12,3.97,18.81,20.31,620254,-36.04,47.0,0.589
2025-04-05T22:14:33.000,9.97,-18.5,3.91,18.83,20.31,620255,-36.15,47.0,0.589
2025-04-05T22:15:33.000,9.96,-18.3,3.87,18.84,20.31,620256,-36.26,47.0,0.59
2025-04-05T22:16:33.000,9.87,-18.55,3.98,18.81,20.31,620257,-36.37,47.0,0.59
2025-04-05T22:17:33.000,9.93,-18.53,4.01,18.8,20.31,620258,-36.47,47.0,0.59
2025-04-05T22:18:33.000,9.99,-18.5,4.03,18.8,20.31,620259,-36.58,46.0,0.59
2025-04-05T22:19:34.000,9.94,-18.34,4.07,18.79,20.31,620260,-36.69,46.0,0.59
2025-04-05T22:20:34.000,9.91,-18.38,4.12,18.77,20.31,620261,-36.79,46.0,0.59
2025-04-05T22:21:34.000,9.97,-18.52,4.15,18.77,20.31,620262,-36.89,46.0,0.59
2025-04-05T22:22:34.000,9.97,-18.43,4.17,18.76,20.31,620263,-37.0,46.0,0.59
2025-04-05T22:23:35.000,9.97,-18.36,4.19,18.75,20.31,620264,-37.1,45.0,0.59
2025-04-05T22:24:35.000,9.94,-18.4,4.19,18.75,20.31,620265,-37.2,45.0,0.59
2025-04-05T22:25:35.000,9.98,-18.38,4.13,18.77,20.31,620266,-37.3,45.0,0.59
2025-04-05T22:26:35.000,9.95,-18.04,4.07,18.79,20.31,620267,-37.4,45.0,0.59
2025-04-05T22:27:35.000,9.91,-18.23,4.18,18.76,20.31,620268,-37.5,45.0,0.59
2025-04-05T22:28:36.000,9.99,-18.22,4.34,18.72,20.31,620269,-37.6,45.0,0.59
2025-04-05T22:29:36.000,9.9,-18.31,4.0,18.81,20.31,620270,-37.7,44.0,0.591
2025-04-05T22:30:36.000,9.9,-18.37,3.74,18.88,20.31,620271,-37.79,44.0,0.591
2025-04-05T22:31:36.000,9.97,-18.71,3.74,18.88,20.31,620272,-37.89,44.0,0.591
2025-04-05T22:32:36.000,9.94,-18.61,3.66,18.9,20.31,620273,-37.98,44.0,0.591
2025-04-05T22:33:36.000,9.89,-18.75,3.6,18.92,20.31,620274,-38.08,44.0,0.591
2025-04-05T22:34:36.000,9.95,-18.69,3.59,18.92,20.31,620275,-38.17,43.0,0.591
2025-04-05T22:35:36.000,9.95,-18.74,3.43,18.97,20.31,620276,-38.26,43.0,0.591
2025-04-05T22:36:36.000,9.92,-18.77,3.44,18.97,20.31,620277,-38.35,43.0,0.591
2025-04-05T22:37:37.000,10.0,-18.72,3.4,18.98,20.31,620278,-38.44,43.0,0.591
2025-04-05T22:38:37.000,9.91,-18.53,3.39,18.98,20.31,620279,-38.53,43.0,0.591
2025-04-05T22:39:37.000,9.88,-18.66,3.38,18.99,20.31,620280,-38.62,42.0,0.591
2025-04-05T22:40:37.000,9.99,-18.54,3.35,19.0,20.31,620281,-38.71,42.0,0.591
2025-04-05T22:41:37.000,9.88,-18.49,3.35,19.0,20.31,620282,-38.8,42.0,0.591
2025-04-05T22:42:37.000,9.91,-18.43,3.35,19.0,20.31,620283,-38.88,42.0,0.591
2025-04-05T22:43:37.000,10.0,-18.34,3.31,19.01,20.31,620284,-38.97,42.0,0.592
2025-04-05T22:44:38.000,9.91,-18.16,3.34,19.0,20.31,620285,-39.05,42.0,0.592
2025-04-05T22:45:38.000,9.99,-18.12,3.4,18.98,20.31,620286,-39.14,41.0,0.592
2025-04-05T22:46:38.000,9.95,-17.92,3.49,18.95,20.31,620287,-39.22,41.0,0.592
2025-04-05T22:47:38.000,9.88,-17.72,3.62,18.91,20.31,620288,-39.3,41.0,0.592
2025-04-05T22:48:38.000,10.0,-17.49,3.72,18.88,20.31,620289,-39.38,41.0,0.592
2025-04-05T22:49:38.000,9.92,-17.18,3.83,18.85,20.31,620290,-39.46,41.0,0.592
2025-04-05T22:50:38.000,9.88,-16.97,3.94,18.82,20.31,620291,-39.54,40.0,0.592
2025-04-05T22:51:38.000,10.01,-16.63,3.36,18.99,20.31,620292,-39.62,40.0,0.592
2025-04-05T22:52:39.000,9.88,-16.38,3.66,18.91,20.31,620293,-39.7,40.0,0.592
2025-04-05T22:53:39.000,9.92,-16.41,3.59,18.93,20.31,620294,-39.77,40.0,0.592
2025-04-05T22:54:39.000,9.99,-16.49,4.0,18.81,20.31,620295,-39.85,40.0,0.592
2025-04-05T22:55:39.000,9.93,-16.62,3.1,19.08,20.31,620296,-39.92,40.0,0.592
2025-04-05T22:56:39.000,10.0,-16.99,3.57,18.94,20.31,620297,-40.0,39.0,0.592
2025-04-05T22:57:39.000,9.92,-17.12,4.12,18.77,20.31,620298,-40.07,39.0,0.593
2025-04-05T22:58:40.000,9.95,-17.47,4.11,18.78,20.31,620299,-40.14,39.0,0.593
2025-04-05T22:59:40.000,9.99,-17.52,4.11,18.77,20.31,620300,-40.21,39.0,0.593
2025-04-05T23:00:40.000,9.9,-17.55,4.08,18.78,20.31,620301,-40.28,39.0,0.593
2025-04-05T23:01:40.000,9.99,-17.75,4.01,18.8,20.31,620302,-40.35,38.0,0.593
2025-04-05T23:02:40.000,9.94,-17.74,3.86,18.84,20.31,620303,-40.42,38.0,0.593
2025-04-05T23:03:40.000,9.94,-17.81,3.9,18.83,20.31,620304,-40.48,38.0,0.593
2025-04-05T23:04:41.000,9.98,-17.87,3.86,18.84,20.31,620305,-40.55,38.0,0.593
2025-04-05T23:05:41.000,9.95,-17.8,3.79,18.86,20.31,620306,-40.61,38.0,0.593
2025-04-05T23:06:41.000,9.97,-18.13,3.72,18.88,20.31,620307,-40.68,37.0,0.593
2025-04-05T23:07:41.000,9.97,-18.15,3.63,18.91,20.31,620308,-40.74,37.0,0.593
2025-04-05T23:08:42.000,9.97,-18.3,3.55,18.94,20.31,620309,-40.8,37.0,0.593
2025-04-05T23:09:42.000,9.97,-18.37,3.48,18.96,20.31,620310,-40.86,37.0,0.593
2025-04-05T23:10:42.000,9.97,-18.56,3.43,18.97,20.31,620311,-40.92,37.0,0.593
2025-04-05T23:11:42.000,9.96,-18.52,3.38,18.99,20.31,620312,-40.98,37.0,0.594
2025-04-05T23:12:42.000,9.95,-18.65,3.34,19.0,20.31,620313,-41.04,36.0,0.594
2025-04-05T23:13:42.000,9.98,-18.67,3.3,19.01,20.31,620314,-41.1,36.0,0.594
2025-04-05T23:14:43.000,9.96,-18.54,3.24,19.03,20.31,620315,-41.15,36.0,0.594
2025-04-05T23:15:43.000,9.97,-18.6,3.21,19.04,20.31,620316,-41.21,36.0,0.594
2025-04-05T23:16:43.000,9.96,-18.49,3.16,19.06,20.31,620317,-41.26,36.0,0.594
2025-04-05T23:17:43.000,9.96,-18.55,3.12,19.08,20.31,620318,-41.31,35.0,0.594
2025-04-05T23:18:43.000,9.97,-18.62,3.04,19.1,20.31,620319,-41.37,35.0,0.594
2025-04-05T23:19:43.000,9.92,-18.66,3.0,19.12,20.31,620320,-41.42,35.0,0.594
2025-04-05T23:20:43.000,9.98,-18.56,2.95,19.13,20.31,620321,-41.47,35.0,0.594
2025-04-05T23:21:44.000,9.92,-18.37,2.96,19.13,20.31,620322,-41.51,35.0,0.594
2025-04-05T23:22:44.000,9.93,-18.26,2.95,19.13,20.31,620323,-41.56,35.0,0.594
2025-04-05T23:23:44.000,9.98,-18.3,2.93,19.14,20.31,620324,-41.61,34.0,0.594
2025-04-05T23:24:44.000,9.92,-18.55,2.89,19.16,20.31,620325,-41.65,34.0,0.595
2025-04-05T23:25:44.000,9.98,-18.56,2.82,19.19,20.31,620326,-41.7,34.0,0.595
2025-04-05T23:26:44.000,9.96,-18.49,2.75,19.21,20.31,620327,-41.74,34.0,0.595
2025-04-05T23:27:44.000,9.84,-18.68,2.7,19.23,20.31,620328,-41.78,34.0,0.595
2025-04-05T23:28:44.000,9.89,-18.78,2.63,19.26,20.31,620329,-41.82,33.0,0.595
2025-04-05T23:29:44.000,10.0,-18.81,2.55,19.29,20.31,620330,-41.86,33.0,0.595
2025-04-05T23:30:44.000,9.89,-18.79,2.47,19.33,20.31,620331,-41.9,33.0,0.595
2025-04-05T23:31:45.000,9.85,-18.79,2.42,19.35,20.31,620332,-41.94,33.0,0.595
2025-04-05T23:32:45.000,9.93,-19.09,2.4,19.36,20.31,620333,-41.98,33.0,0.595
2025-04-05T23:33:45.000,9.99,-18.91,2.39,19.36,20.31,620334,-42.01,32.0,0.595
2025-04-05T23:34:45.000,9.93,-18.8,2.39,19.36,20.31,620335,-42.05,32.0,0.595
2025-04-05T23:35:45.000,9.96,-18.99,2.41,19.35,20.31,620336,-42.08,32.0,0.595
2025-04-05T23:36:45.000,9.95,-18.98,2.43,19.35,20.31,620337,-42.11,32.0,0.595
2025-04-05T23:37:45.000,9.89,-19.0,2.41,19.36,20.31,620338,-42.15,32.0,0.595
2025-04-05T23:38:46.000,9.92,-19.17,2.39,19.37,20.31,620339,-42.18,32.0,0.596
2025-04-05T23:39:46.000,9.99,-19.12,2.33,19.39,20.31,620340,-42.21,31.0,0.596
2025-04-05T23:40:46.000,9.9,-19.11,2.3,19.41,20.31,620341,-42.23,31.0,0.596
2025-04-05T23:41:46.000,9.9,-19.14,2.24,19.44,20.31,620342,-42.26,31.0,0.596
2025-04-05T23:42:46.000,9.95,-19.23,2.18,19.46,20.31,620343,-42.29,31.0,0.596
2025-04-05T23:43:46.000,9.98,-19.12,2.13,19.49,20.31,620344,-42.31,31.0,0.596
2025-04-05T23:44:46.000,9.94,-19.19,2.1,19.5,20.31,620345,-42.34,30.0,0.596
2025-04-05T23:45:46.000,9.95,-19.44,2.04,19.54,20.31,620346,-42.36,30.0,0.596
2025-04-05T23:46:46.000,9.94,-19.46,1.99,19.56,20.31,620347,-42.38,30.0,0.596
2025-04-05T23:47:46.000,9.96,-19.37,1.96,19.58,20.31,620348,-42.4,30.0,0.596
2025-04-05T23:48:46.000,9.94,-19.47,1.94,19.59,20.31,620349,-42.42,30.0,0.596
2025-04-05T23:49:46.000,9.95,-19.4,1.92,19.6,20.31,620350,-42.44,30.0,0.596
2025-04-05T23:50:46.000,9.98,-19.15,1.89,19.62,20.31,620351,-42.46,29.0,0.596
2025-04-05T23:51:47.000,9.92,-19.25,1.89,19.62,20.31,620352,-42.47,29.0,0.596
2025-04-05T23:52:47.000,9.95,-19.26,1.91,19.61,20.31,620353,-42.49,29.0,0.597
2025-04-05T23:53:47.000,9.97,-19.07,1.9,19.61,20.31,620354,-42.5,29.0,0.597
2025-04-05T23:54:47.000,9.92,-19.12,1.89,19.62,20.31,620355,-42.51,29.0,0.597
2025-04-05T23:55:47.000,9.97,-19.21,1.89,19.62,20.31,620356,-42.53,28.0,0.597
2025-04-05T23:56:47.000,9.94,-19.2,1.88,19.63,20.31,620357,-42.54,28.0,0.597
2025-04-05T23:57:47.000,9.87,-19.33,1.86,19.63,20.31,620358,-42.55,28.0,0.597
2025-04-05T23:58:47.000,9.89,-19.52,1.85,19.64,20.31,620359,-42.55,28.0,0.597
2025-04-05T23:59:47.000,9.91,-19.73,1.84,19.65,20.31,620360,-42.56,28.0,0.597
2025-04-06T00:00:47.000,9.92,-19.9,1.82,19.66,20.31,620361,-42.57,28.0,0.597
2025-04-06T00:01:48.000,9.9,-19.99,1.81,19.67,20.31,620362,-42.57,27.0,0.597
2025-04-06T00:02:48.000,9.9,-20.03,1.79,19.68,20.31,620363,-42.58,27.0,0.597
2025-04-06T00:03:48.000,9.89,-20.04,1.79,19.68,20.31,620364,-42.58,27.0,0.597
2025-04-06T00:04:48.000,9.86,-20.23,1.78,19.68,20.31,620365,-42.58,27.0,0.597
2025-04-06T00:05:48.000,9.82,-20.2,1.77,19.69,20.31,620366,-42.58,27.0,0.597
2025-04-06T00:06:48.000,9.8,-20.26,1.76,19.7,20.31,620367,-42.58,26.0,0.598
2025-04-06T00:07:48.000,9.75,-20.33,1.75,19.7,20.31,620368,-42.58,26.0,0.598
2025-04-06T00:08:49.000,9.72,-20.27,1.73,19.71,20.31,620369,-42.58,26.0,0.598
2025-04-06T00:09:49.000,9.71,-20.32,1.73,19.72,20.31,620370,-42.57,26.0,0.598
2025-04-06T00:10:49.000,9.69,-20.4,1.71,19.73,20.31,620371,-42.57,26.0,0.598
2025-04-06T00:11:49.000,9.66,-20.29,1.7,19.73,20.31,620372,-42.56,26.0,0.598
