ecsv/stars746/stars746_2025-04.ecsv
# %ECSV 1.0
# ---
# datatype:
# - {name: time, datatype: string}
# - {name: Enclosure Temperature, unit: deg_C, datatype: float64}
# - {name: Sky Temperature, unit: deg_C, datatype: float64}
# - {name: Frequency, unit: Hz, datatype: float64}
# - {name: MSAS, unit: mag / arcsec2, datatype: float64}
# - {name: ZP, datatype: float64}
# - {name: Sequence Number, datatype: int64}
# - {name: Sun Alt, unit: deg, datatype: float64}
# - {name: Moon Alt, unit: deg, datatype: float64}
# - {name: Moon Illumination, datatype: float64}
# delimiter: ','
# meta: !!omap
# - ida:
#     Data supplier: {affiliation: Observatorio JoseX, observer: null}
#     Device type: TESS-W
#     Field of view: 17.0
#     Filters per channel: None
#     Instrument ID: stars746
#     License: ODbL 1.0 http://opendatacommons.org/licenses/odbl/summary/
#     Local timezone: Europe/Madrid
#     Location name: {country: Spain, place: Observatorio JoseX, region: Catalonia, sub_region: Baix Camp, town: Sierra de Segura}
#     Measurement direction per channel: {azimuth: 0.0, zenital: 0.0}
#     Moving / Fixed look direction: FIXED
#     Moving / Stationary position: STATIONARY
#     Number of channels: 1
#     Number of fields per line: 8
#     Number of header lines: 35
#     Position: {height: 0.0, latitude: 40.9535, longitude: -0.8932}
#     TESS MAC address: E8:DB:84:83:ED:22
#     TESS cover offset value: 0.0
#     TESS firmware version: '1.0'
#     TESS zero point: 20.31
#     Time Synchronization: timestamp added by MQTT subscriber
#     URL: http://www.darksky.org/NSBM/sdf1.0.pdf
# - __serialized_columns__:
#     Enclosure Temperature:
#       __class__: astropy.units.quantity.Quantity
#       unit: &id001 !astropy.units.Unit {unit: deg_C}
#       value: !astropy.table.SerializedColumn {name: Enclosure Temperature}
#     Frequency:
#       __class__: astropy.units.quantity.Quantity
#       unit: !astropy.units.Unit {unit: Hz}
#       value: !astropy.table.SerializedColumn {name: Frequency}
#     MSAS:
#       __class__: astropy.units.quantity.Quantity
#       unit: !astropy.units.Unit {unit: mag / arcsec2}
#       value: !astropy.table.SerializedColumn {name: MSAS}
#     Moon Alt:
#       __class__: astropy.units.quantity.Quantity
#       unit: &id002 !astropy.units.Unit {unit: deg}
#       value: !astropy.table.SerializedColumn {name: Moon Alt}
#     Sky Temperature:
#       __class__: astropy.units.quantity.Quantity
#       unit: *id001
#       value: !astropy.table.SerializedColumn {name: Sky Temperature}
#     Sun Alt:
#       __class__: astropy.units.quantity.Quantity
#       unit: *id002
#       value: !astropy.table.SerializedColumn {name: Sun Alt}
#     time:
#       __class__: astropy.time.core.Time
#       format: isot
#       in_subfmt: '*'
#       out_subfmt: '*'
#       precision: 3
#       scale: utc
#       value: !astropy.table.SerializedColumn {name: time}
# schema: astropy-2.0
time,Enclosure Temperature,Sky Temperature,Frequency,MSAS,ZP,Sequence Number,Sun Alt,Moon Alt,Moon Illumination
[from data line 13806]
2025-04-21T19:16:52.000,10.09,-9.84,1363.11,12.48,20.31,643037,-5.66,-70.0,0.424
2025-04-21T19:17:52.000,10.0,-9.75,1090.04,12.72,20.31,643038,-5.84,-70.0,0.423
2025-04-21T19:18:53.000,10.07,-9.6,878.91,12.95,20.31,643039,-6.02,-70.0,0.423
2025-04-21T19:19:53.000,10.09,-9.23,711.53,13.18,20.31,643040,-6.19,-70.0,0.423
2025-04-21T19:20:53.000,10.02,-9.1,587.89,13.39,20.31,643041,-6.37,-70.0,0.423
2025-04-21T19:21:53.000,10.03,-9.0,488.45,13.59,20.31,643042,-6.54,-70.0,0.423
2025-04-21T19:22:54.000,10.09,-8.91,401.93,13.8,20.31,643043,-6.72,-70.0,0.423
2025-04-21T19:23:54.000,10.04,-8.93,316.99,14.06,20.31,643044,-6.89,-70.0,0.423
2025-04-21T19:24:54.000,10.01,-9.13,244.42,14.34,20.31,643045,-7.07,-70.0,0.423
2025-04-21T19:25:54.000,10.08,-9.07,195.35,14.58,20.31,643046,-7.24,-70.0,0.423
2025-04-21T19:26:55.000,10.06,-8.86,164.18,14.77,20.31,643047,-7.42,-70.0,0.423
2025-04-21T19:27:55.000,10.01,-8.83,140.56,14.94,20.31,643048,-7.59,-70.0,0.423
2025-04-21T19:28:55.000,10.04,-9.14,116.67,15.14,20.31,643049,-7.76,-70.0,0.423
2025-04-21T19:29:55.000,10.07,-9.47,93.48,15.39,20.31,643050,-7.94,-70.0,0.423
2025-04-21T19:30:55.000,10.02,-9.69,76.43,15.6,20.31,643051,-8.11,-69.0,0.423
2025-04-21T19:31:55.000,10.03,-10.03,64.91,15.78,20.31,643052,-8.28,-69.0,0.422
2025-04-21T19:32:56.000,10.01,-10.18,54.31,15.97,20.31,643053,-8.46,-69.0,0.422
2025-04-21T19:33:56.000,10.04,-10.34,45.72,16.16,20.31,643054,-8.63,-69.0,0.422
2025-04-21T19:34:56.000,10.03,-10.46,38.26,16.35,20.31,643055,-8.8,-69.0,0.422
2025-04-21T19:35:56.000,10.01,-10.58,32.38,16.54,20.31,643056,-8.97,-69.0,0.422
2025-04-21T19:36:57.000,10.08,-10.5,27.65,16.71,20.31,643057,-9.14,-69.0,0.422
2025-04-21T19:37:57.000,10.05,-10.36,23.56,16.88,20.31,643058,-9.32,-69.0,0.422
2025-04-21T19:38:57.000,10.0,-10.42,20.15,17.05,20.31,643059,-9.49,-69.0,0.422
2025-04-21T19:39:57.000,10.09,-10.21,17.17,17.22,20.31,643060,-9.66,-69.0,0.422
2025-04-21T19:40:58.000,10.08,-9.75,14.65,17.4,20.31,643061,-9.83,-69.0,0.422
2025-04-21T19:41:58.000,10.05,-9.35,12.62,17.56,20.31,643062,-10.0,-69.0,0.422
2025-04-21T19:42:58.000,10.0,-9.12,10.79,17.73,20.31,643063,-10.17,-69.0,0.422
2025-04-21T19:43:59.000,10.1,-8.86,9.34,17.89,20.31,643064,-10.34,-68.0,0.422
2025-04-21T19:44:58.000,10.08,-8.78,7.98,18.06,20.31,643065,-10.51,-68.0,0.421
2025-04-21T19:45:58.000,10.01,-8.8,6.94,18.21,20.31,643066,-10.68,-68.0,0.421
2025-04-21T19:46:58.000,10.05,-8.92,5.91,18.38,20.31,643067,-10.85,-68.0,0.421
2025-04-21T19:47:59.000,10.09,-8.87,5.13,18.54,20.31,643068,-11.02,-68.0,0.421
2025-04-21T19:48:59.000,10.02,-8.7,4.44,18.69,20.31,643069,-11.18,-68.0,0.421
2025-04-21T19:49:59.000,10.04,-8.63,3.83,18.85,20.31,643070,-11.35,-68.0,0.421
2025-04-21T19:50:59.000,10.06,-8.46,3.3,19.01,20.31,643071,-11.52,-68.0,0.421
2025-04-21T19:51:59.000,10.01,-8.43,2.86,19.17,20.31,643072,-11.69,-68.0,0.421
2025-04-21T19:52:59.000,10.04,-8.47,2.48,19.32,20.31,643073,-11.85,-68.0,0.421
2025-04-21T19:53:59.000,10.08,-8.52,2.17,19.47,20.31,643074,-12.02,-68.0,0.421
2025-04-21T19:54:59.000,10.02,-8.68,1.92,19.6,20.31,643075,-12.19,-67.0,0.421
2025-04-21T19:55:59.000,10.03,-8.94,1.72,19.72,20.31,643076,-12.35,-67.0,0.421
2025-04-21T19:56:59.000,10.03,-9.07,1.56,19.83,20.31,643077,-12.52,-67.0,0.421
2025-04-21T19:57:59.000,10.01,-9.31,1.44,19.92,20.31,643078,-12.68,-67.0,0.421
2025-04-21T19:58:59.000,10.06,-9.45,1.32,20.01,20.31,643079,-12.85,-67.0,0.42
2025-04-21T19:59:59.000,10.0,-9.33,1.19,20.12,20.31,643080,-13.01,-67.0,0.42
2025-04-21T20:01:00.000,10.07,-9.19,1.08,20.23,20.31,643081,-13.18,-67.0,0.42
2025-04-21T20:02:00.000,10.05,-8.98,1.0,20.31,20.31,643082,-13.35,-67.0,0.42
2025-04-21T20:03:00.000,10.0,-8.65,0.96,20.36,20.31,643083,-13.51,-67.0,0.42
2025-04-21T20:04:00.000,10.13,-8.32,0.92,20.4,20.31,643084,-13.67,-67.0,0.42
2025-04-21T20:05:00.000,10.1,-8.18,0.86,20.47,20.31,643085,-13.84,-66.0,0.42
2025-04-21T20:06:00.000,10.0,-8.28,0.82,20.53,20.31,643086,-14.0,-66.0,0.42
2025-04-21T20:07:00.000,10.09,-8.52,0.8,20.56,20.31,643087,-14.16,-66.0,0.42
2025-04-21T20:08:00.000,10.12,-8.94,0.78,20.58,20.31,643088,-14.33,-66.0,0.42
2025-04-21T20:09:00.000,10.01,-9.32,0.75,20.63,20.31,643089,-14.49,-66.0,0.42
2025-04-21T20:10:00.000,10.04,-10.11,0.71,20.68,20.31,643090,-14.65,-66.0,0.42
2025-04-21T20:11:01.000,10.04,-10.57,0.68,20.73,20.31,643091,-14.81,-66.0,0.42
2025-04-21T20:12:01.000,9.97,-11.06,0.65,20.79,20.31,643092,-14.98,-66.0,0.419
2025-04-21T20:13:01.000,10.11,-11.34,0.62,20.83,20.31,643093,-15.14,-65.0,0.419
2025-04-21T20:14:01.000,10.05,-11.48,0.61,20.85,20.31,643094,-15.3,-65.0,0.419
2025-04-21T20:15:01.000,9.95,-11.6,0.6,20.87,20.31,643095,-15.46,-65.0,0.419
2025-04-21T20:16:01.000,10.13,-11.6,0.59,20.89,20.31,643096,-15.62,-65.0,0.419
2025-04-21T20:17:02.000,10.08,-11.58,0.58,20.91,20.31,643097,-15.78,-65.0,0.419
2025-04-21T20:18:02.000,9.94,-11.61,0.57,20.92,20.31,643098,-15.94,-65.0,0.419
2025-04-21T20:19:02.000,10.11,-11.7,0.57,20.93,20.31,643099,-16.1,-65.0,0.419
2025-04-21T20:20:02.000,10.05,-11.69,0.56,20.94,20.31,643100,-16.26,-65.0,0.419
2025-04-21T20:21:02.000,9.94,-11.68,0.55,20.97,20.31,643101,-16.41,-64.0,0.419
2025-04-21T20:22:02.000,10.13,-11.54,0.54,20.97,20.31,643102,-16.57,-64.0,0.419
2025-04-21T20:23:03.000,10.11,-11.1,0.55,20.96,20.31,643103,-16.73,-64.0,0.419
2025-04-21T20:24:03.000,9.96,-10.98,0.55,20.96,20.31,643104,-16.89,-64.0,0.419
2025-04-21T20:25:04.000,10.01,-11.33,0.55,20.97,20.31,643105,-17.05,-64.0,0.419
2025-04-21T20:26:03.000,10.01,-11.23,0.54,20.98,20.31,643106,-17.2,-64.0,0.418
2025-04-21T20:27:03.000,10.03,-11.12,0.54,20.99,20.31,643107,-17.36,-64.0,0.418
2025-04-21T20:28:03.000,10.15,-10.9,0.53,21.0,20.31,643108,-17.51,-63.0,0.418
2025-04-21T20:29:03.000,10.07,-10.93,0.53,21.0,20.31,643109,-17.67,-63.0,0.418
2025-04-21T20:30:03.000,9.95,-11.12,0.53,21.0,20.31,643110,-17.82,-63.0,0.418
2025-04-21T20:31:03.000,10.06,-11.51,0.53,21.0,20.31,643111,-17.98,-63.0,0.418
2025-04-21T20:32:03.000,9.97,-11.51,0.53,21.01,20.31,643112,-18.13,-63.0,0.418
2025-04-21T20:33:03.000,10.05,-11.39,0.52,21.02,20.31,643113,-18.29,-63.0,0.418
2025-04-21T20:34:03.000,10.09,-11.06,0.52,21.03,20.31,643114,-18.44,-63.0,0.418
2025-04-21T20:35:04.000,9.97,-10.83,0.52,21.03,20.31,643115,-18.6,-63.0,0.418
2025-04-21T20:36:04.000,10.08,-10.89,0.52,21.03,20.31,643116,-18.75,-62.0,0.418
2025-04-21T20:37:04.000,10.1,-10.75,0.52,21.02,20.31,643117,-18.9,-62.0,0.418
2025-04-21T20:38:04.000,9.94,-10.53,0.53,21.0,20.31,643118,-19.05,-62.0,0.418
2025-04-21T20:39:05.000,10.08,-10.48,0.54,20.97,20.31,643119,-19.21,-62.0,0.418
2025-04-21T20:40:05.000,10.11,-10.27,0.55,20.96,20.31,643120,-19.36,-62.0,0.417
2025-04-21T20:41:05.000,9.96,-10.17,0.55,20.95,20.31,643121,-19.51,-62.0,0.417
2025-04-21T20:42:05.000,10.05,-10.39,0.56,20.94,20.31,643122,-19.66,-62.0,0.417
2025-04-21T20:43:05.000,10.06,-10.18,0.56,20.94,20.31,643123,-19.81,-61.0,0.417
2025-04-21T20:44:05.000,9.95,-10.19,0.55,20.95,20.31,643124,-19.96,-61.0,0.417
2025-04-21T20:45:05.000,10.1,-10.27,0.55,20.97,20.31,643125,-20.11,-61.0,0.417
2025-04-21T20:46:05.000,10.02,-10.12,0.53,20.99,20.31,643126,-20.25,-61.0,0.417
2025-04-21T20:47:05.000,9.97,-10.23,0.53,21.01,20.31,643127,-20.4,-61.0,0.417
2025-04-21T20:48:05.000,10.11,-10.19,0.52,21.01,20.31,643128,-20.55,-61.0,0.417
2025-04-21T20:49:05.000,9.99,-9.97,0.53,21.0,20.31,643129,-20.7,-60.0,0.417
2025-04-21T20:50:06.000,10.01,-10.11,0.53,20.99,20.31,643130,-20.85,-60.0,0.417
2025-04-21T20:51:06.000,10.08,-9.95,0.53,20.99,20.31,643131,-20.99,-60.0,0.417
2025-04-21T20:52:06.000,9.96,-9.73,0.54,20.99,20.31,643132,-21.14,-60.0,0.417
2025-04-21T20:53:06.000,10.06,-9.76,0.54,20.99,20.31,643133,-21.28,-60.0,0.416
2025-04-21T20:54:06.000,10.13,-9.66,0.53,20.99,20.31,643134,-21.43,-60.0,0.416
2025-04-21T20:55:06.000,10.02,-9.49,0.53,21.0,20.31,643135,-21.57,-60.0,0.416
2025-04-21T20:56:06.000,10.02,-9.63,0.52,21.02,20.31,643136,-21.72,-59.0,0.416
2025-04-21T20:57:06.000,10.06,-9.77,0.51,21.04,20.31,643137,-21.86,-59.0,0.416
2025-04-21T20:58:06.000,9.93,-9.83,0.5,21.06,20.31,643138,-22.01,-59.0,0.416
2025-04-21T20:59:06.000,10.08,-9.48,0.51,21.05,20.31,643139,-22.15,-59.0,0.416
2025-04-21T21:00:07.000,10.04,-8.32,0.54,20.98,20.31,643140,-22.29,-59.0,0.416
2025-04-21T21:01:06.000,9.97,-7.23,0.56,20.94,20.31,643141,-22.43,-59.0,0.416
2025-04-21T21:02:07.000,10.12,-6.51,0.56,20.94,20.31,643142,-22.58,-58.0,0.416
2025-04-21T21:03:07.000,10.06,-6.38,0.56,20.95,20.31,643143,-22.72,-58.0,0.416
2025-04-21T21:04:07.000,9.94,-6.65,0.55,20.96,20.31,643144,-22.86,-58.0,0.416
2025-04-21T21:05:07.000,10.12,-7.0,0.55,20.95,20.31,643145,-23.0,-58.0,0.416
2025-04-21T21:06:07.000,10.05,-7.01,0.55,20.96,20.31,643146,-23.14,-58.0,0.416
2025-04-21T21:07:07.000,9.97,-7.02,0.54,20.98,20.31,643147,-23.28,-58.0,0.415
2025-04-21T21:08:07.000,10.13,-7.04,0.54,20.98,20.31,643148,-23.41,-57.0,0.415
2025-04-21T21:09:07.000,10.04,-6.69,0.55,20.96,20.31,643149,-23.55,-57.0,0.415
2025-04-21T21:10:07.000,9.93,-6.78,0.56,20.94,20.31,643150,-23.69,-57.0,0.415
2025-04-21T21:11:07.000,10.09,-6.78,0.56,20.94,20.31,643151,-23.83,-57.0,0.415
2025-04-21T21:12:07.000,10.04,-6.37,0.56,20.93,20.31,643152,-23.96,-57.0,0.415
2025-04-21T21:13:07.000,9.96,-5.73,0.58,20.91,20.31,643153,-24.1,-57.0,0.415
2025-04-21T21:14:07.000,10.14,-5.42,0.58,20.89,20.31,643154,-24.24,-57.0,0.415
2025-04-21T21:15:07.000,10.03,-5.02,0.58,20.89,20.31,643155,-24.37,-56.0,0.415
2025-04-21T21:16:08.000,9.94,-5.02,0.58,20.91,20.31,643156,-24.51,-56.0,0.415
2025-04-21T21:17:08.000,10.17,-5.04,0.57,20.92,20.31,643157,-24.64,-56.0,0.415
2025-04-21T21:18:08.000,10.14,-5.25,0.57,20.93,20.31,643158,-24.77,-56.0,0.415
2025-04-21T21:19:08.000,9.98,-5.65,0.56,20.93,20.31,643159,-24.91,-56.0,0.415
2025-04-21T21:20:08.000,10.05,-6.37,0.56,20.95,20.31,643160,-25.04,-56.0,0.414
2025-04-21T21:21:08.000,10.14,-6.75,0.54,20.97,20.31,643161,-25.17,-55.0,0.414
2025-04-21T21:22:08.000,10.02,-6.95,0.53,21.0,20.31,643162,-25.3,-55.0,0.414
2025-04-21T21:23:08.000,9.97,-7.22,0.52,21.02,20.31,643163,-25.43,-55.0,0.414
2025-04-21T21:24:08.000,10.14,-7.38,0.52,21.02,20.31,643164,-25.56,-55.0,0.414
2025-04-21T21:25:08.000,10.08,-7.25,0.52,21.02,20.31,643165,-25.69,-55.0,0.414
2025-04-21T21:26:08.000,9.97,-7.05,0.52,21.02,20.31,643166,-25.82,-55.0,0.414
2025-04-21T21:27:08.000,10.1,-7.04,0.52,21.01,20.31,643167,-25.95,-54.0,0.414
2025-04-21T21:28:08.000,10.11,-6.79,0.53,21.0,20.31,643168,-26.08,-54.0,0.414
2025-04-21T21:29:08.000,10.0,-6.51,0.53,21.01,20.31,643169,-26.21,-54.0,0.414
2025-04-21T21:30:08.000,10.08,-6.45,0.52,21.02,20.31,643170,-26.33,-54.0,0.414
2025-04-21T21:31:09.000,10.09,-6.24,0.53,21.0,20.31,643171,-26.46,-54.0,0.414
2025-04-21T21:32:09.000,10.0,-5.98,0.54,20.98,20.31,643172,-26.59,-54.0,0.414
2025-04-21T21:33:09.000,10.07,-5.82,0.55,20.97,20.31,643173,-26.71,-53.0,0.414
2025-04-21T21:34:09.000,10.15,-5.54,0.55,20.96,20.31,643174,-26.84,-53.0,0.413
2025-04-21T21:35:09.000,10.05,-5.29,0.55,20.95,20.31,643175,-26.96,-53.0,0.413
2025-04-21T21:36:09.000,9.99,-5.32,0.55,20.95,20.31,643176,-27.08,-53.0,0.413
2025-04-21T21:37:09.000,10.13,-5.13,0.56,20.94,20.31,643177,-27.21,-53.0,0.413
2025-04-21T21:38:09.000,10.08,-4.93,0.58,20.91,20.31,643178,-27.33,-53.0,0.413
2025-04-21T21:39:09.000,9.98,-4.82,0.58,20.89,20.31,643179,-27.45,-52.0,0.413
2025-04-21T21:40:09.000,10.07,-4.96,0.58,20.89,20.31,643180,-27.57,-52.0,0.413
2025-04-21T21:41:09.000,10.1,-4.86,0.58,20.9,20.31,643181,-27.69,-52.0,0.413
2025-04-21T21:42:09.000,10.02,-4.6,0.57,20.92,20.31,643182,-27.81,-52.0,0.413
2025-04-21T21:43:09.000,10.02,-4.74,0.56,20.94,20.31,643183,-27.93,-52.0,0.413
2025-04-21T21:44:09.000,10.04,-4.72,0.55,20.95,20.31,643184,-28.05,-51.0,0.413
2025-04-21T21:45:09.000,9.98,-4.74,0.55,20.95,20.31,643185,-28.17,-51.0,0.413
2025-04-21T21:46:10.000,10.1,-4.89,0.55,20.96,20.31,643186,-28.29,-51.0,0.413
2025-04-21T21:47:10.000,10.08,-4.87,0.55,20.96,20.31,643187,-28.4,-51.0,0.412
2025-04-21T21:48:10.000,9.99,-4.87,0.54,20.97,20.31,643188,-28.52,-51.0,0.412
2025-04-21T21:49:10.000,10.06,-5.1,0.54,20.98,20.31,643189,-28.64,-51.0,0.412
2025-04-21T21:50:10.000,10.04,-5.41,0.54,20.99,20.31,643190,-28.75,-50.0,0.412
2025-04-21T21:51:10.000,9.96,-5.77,0.53,20.99,20.31,643191,-28.86,-50.0,0.412
2025-04-21T21:52:10.000,10.15,-5.96,0.53,20.99,20.31,643192,-28.98,-50.0,0.412
2025-04-21T21:53:10.000,10.08,-6.17,0.53,21.0,20.31,643193,-29.09,-50.0,0.412
2025-04-21T21:54:10.000,9.93,-6.41,0.53,21.0,20.31,643194,-29.2,-50.0,0.412
2025-04-21T21:55:10.000,10.13,-6.67,0.53,21.0,20.31,643195,-29.31,-50.0,0.412
2025-04-21T21:56:10.000,10.12,-6.88,0.52,21.01,20.31,643196,-29.42,-49.0,0.412
2025-04-21T21:57:10.000,9.98,-6.89,0.52,21.03,20.31,643197,-29.54,-49.0,0.412
2025-04-21T21:58:10.000,10.09,-7.03,0.51,21.04,20.31,643198,-29.64,-49.0,0.412
2025-04-21T21:59:11.000,10.11,-6.82,0.5,21.06,20.31,643199,-29.76,-49.0,0.412
2025-04-21T22:00:11.000,10.03,-6.45,0.49,21.08,20.31,643200,-29.86,-49.0,0.412
2025-04-21T22:01:11.000,10.03,-6.01,0.49,21.08,20.31,643201,-29.97,-49.0,0.411
2025-04-21T22:02:11.000,10.08,-5.72,0.49,21.09,20.31,643202,-30.08,-48.0,0.411
2025-04-21T22:03:11.000,9.95,-6.43,0.49,21.1,20.31,643203,-30.18,-48.0,0.411
2025-04-21T22:04:11.000,10.03,-6.79,0.49,21.09,20.31,643204,-30.29,-48.0,0.411
2025-04-21T22:05:11.000,10.21,-6.97,0.49,21.09,20.31,643205,-30.39,-48.0,0.411
2025-04-21T22:06:11.000,10.09,-7.15,0.48,21.1,20.31,643206,-30.5,-48.0,0.411
2025-04-21T22:07:11.000,9.97,-6.94,0.49,21.09,20.31,643207,-30.6,-47.0,0.411
2025-04-21T22:08:11.000,10.08,-6.1,0.5,21.05,20.31,643208,-30.7,-47.0,0.411
2025-04-21T22:09:11.000,10.15,-4.84,0.53,21.0,20.31,643209,-30.8,-47.0,0.411
2025-04-21T22:10:11.000,10.1,-3.94,0.54,20.98,20.31,643210,-30.91,-47.0,0.411
2025-04-21T22:11:11.000,10.08,-3.11,0.54,20.98,20.31,643211,-31.01,-47.0,0.411
2025-04-21T22:12:11.000,10.05,-2.89,0.53,21.0,20.31,643212,-31.11,-47.0,0.411
2025-04-21T22:13:12.000,10.0,-2.92,0.51,21.03,20.31,643213,-31.21,-46.0,0.411
2025-04-21T22:14:12.000,10.03,-3.16,0.5,21.06,20.31,643214,-31.3,-46.0,0.411
2025-04-21T22:15:12.000,10.03,-2.9,0.5,21.07,20.31,643215,-31.4,-46.0,0.41
2025-04-21T22:16:12.000,10.01,-2.44,0.51,21.03,20.31,643216,-31.5,-46.0,0.41
2025-04-21T22:17:12.000,10.12,-2.09,0.52,21.02,20.31,643217,-31.59,-46.0,0.41
2025-04-21T22:18:12.000,10.09,-2.05,0.52,21.02,20.31,643218,-31.69,-46.0,0.41
2025-04-21T22:19:12.000,10.0,-2.02,0.52,21.02,20.31,643219,-31.78,-45.0,0.41
2025-04-21T22:20:12.000,10.06,-1.74,0.53,21.01,20.31,643220,-31.88,-45.0,0.41
2025-04-21T22:21:12.000,10.05,-1.58,0.52,21.01,20.31,643221,-31.97,-45.0,0.41
2025-04-21T22:22:12.000,10.02,-1.45,0.52,21.02,20.31,643222,-32.06,-45.0,0.41
2025-04-21T22:23:12.000,10.02,-1.75,0.51,21.04,20.31,643223,-32.15,-45.0,0.41
2025-04-21T22:24:12.000,10.06,-2.38,0.49,21.08,20.31,643224,-32.24,-44.0,0.41
2025-04-21T22:25:12.000,10.05,-3.09,0.49,21.1,20.31,643225,-32.33,-44.0,0.41
2025-04-21T22:26:12.000,9.99,-3.89,0.48,21.1,20.31,643226,-32.42,-44.0,0.41
2025-04-21T22:27:12.000,10.08,-4.55,0.48,21.11,20.31,643227,-32.51,-44.0,0.41
2025-04-21T22:28:13.000,10.1,-4.84,0.48,21.11,20.31,643228,-32.6,-44.0,0.409
2025-04-21T22:29:13.000,10.01,-5.05,0.49,21.1,20.31,643229,-32.69,-44.0,0.409
2025-04-21T22:30:13.000,10.04,-5.24,0.5,21.07,20.31,643230,-32.77,-43.0,0.409
2025-04-21T22:31:13.000,10.12,-5.09,0.5,21.05,20.31,643231,-32.86,-43.0,0.409
2025-04-21T22:32:13.000,10.07,-5.02,0.5,21.05,20.31,643232,-32.94,-43.0,0.409
2025-04-21T22:33:13.000,10.0,-5.26,0.5,21.06,20.31,643233,-33.03,-43.0,0.409
2025-04-21T22:34:13.000,10.07,-5.76,0.5,21.05,20.31,643234,-33.11,-43.0,0.409
2025-04-21T22:35:13.000,10.15,-6.25,0.51,21.05,20.31,643235,-33.19,-42.0,0.409
2025-04-21T22:36:13.000,10.06,-6.52,0.51,21.05,20.31,643236,-33.27,-42.0,0.409
2025-04-21T22:37:13.000,9.97,-6.58,0.5,21.06,20.31,643237,-33.35,-42.0,0.409
2025-04-21T22:38:13.000,10.13,-6.13,0.5,21.06,20.31,643238,-33.43,-42.0,0.409
