ecsv/stars746/stars746_2024-04.ecsv
# %ECSV 1.0
# ---
# datatype:
# - {name: time, datatype: string}
# - {name: Enclosure Temperature, unit: deg_C, datatype: float64}
# - {name: Sky Temperature, unit: deg_C, datatype: float64}
# - {name: Frequency, unit: Hz, datatype: float64}
# - {name: MSAS, unit: mag / arcsec2, datatype: float64}
# - {name: ZP, datatype: float64}
# - {name: Sequence Number, datatype: int64}
# - {name: Sun Alt, unit: deg, datatype: float64}
# - {name: Moon Alt, unit: deg, datatype: float64}
# - {name: Moon Illumination, datatype: float64}
# delimiter: ','
# meta: !!omap
# - ida:
#     Data supplier: {affiliation: Observatorio JoseX, observer: null}
#     Device type: TESS-W
#     Field of view: 17.0
#     Filters per channel: None
#     Instrument ID: stars746
#     License: ODbL 1.0 http://opendatacommons.org/licenses/odbl/summary/
#     Local timezone: Europe/Madrid
#     Location name: {country: '- Observatorio JoseX', place: Sierra de Segura, region: Spain, sub_region: Catalonia, town: Baix Camp}
#     Measurement direction per channel: {azimuth: 0.0, zenital: 0.0}
#     Moving / Fixed look direction: FIXED
#     Moving / Stationary position: STATIONARY
#     Number of channels: 1
#     Number of fields per line: 8
#     Number of header lines: 35
#     Position: {height: 0.0, latitude: 40.9535, longitude: -0.8932}
#     TESS MAC address: E8:DB:84:83:ED:22
#     TESS cover offset value: 0.0
#     TESS firmware version: '1.0'
#     TESS zero point: 20.31
#     Time Synchronization: timestamp added by MQTT subscriber
#     URL: http://www.darksky.org/NSBM/sdf1.0.pdf
# - __serialized_columns__:
#     Enclosure Temperature:
#       __class__: astropy.units.quantity.Quantity
#       unit: &id001 !astropy.units.Unit {unit: deg_C}
#       value: !astropy.table.SerializedColumn {name: Enclosure Temperature}
#     Frequency:
#       __class__: astropy.units.quantity.Quantity
#       unit: !astropy.units.Unit {unit: Hz}
#       value: !astropy.table.SerializedColumn {name: Frequency}
#     MSAS:
#       __class__: astropy.units.quantity.Quantity
#       unit: !astropy.units.Unit {unit: mag / arcsec2}
#       value: !astropy.table.SerializedColumn {name: MSAS}
#     Moon Alt:
#       __class__: astropy.units.quantity.Quantity
#       unit: &id002 !astropy.units.Unit {unit: deg}
#       value: !astropy.table.SerializedColumn {name: Moon Alt}
#     Sky Temperature:
#       __class__: astropy.units.quantity.Quantity
#       unit: *id001
#       value: !astropy.table.SerializedColumn {name: Sky Temperature}
#     Sun Alt:
#       __class__: astropy.units.quantity.Quantity
#       unit: *id002
#       value: !astropy.table.SerializedColumn {name: Sun Alt}
#     time:
#       __class__: astropy.time.core.Time
#       format: isot
#       in_subfmt: '*'
#       out_subfmt: '*'
#       precision: 3
#       scale: utc
#       value: !astropy.table.SerializedColumn {name: time}
# schema: astropy-2.0
time,Enclosure Temperature,Sky Temperature,Frequency,MSAS,ZP,Sequence Number,Sun Alt,Moon Alt,Moon Illumination
[from data line 9862]
2024-04-15T19:53:15.000,10.08,-15.05,9.19,17.9,20.31,111164,-13.13,66.0,0.504
2024-04-15T19:54:15.000,9.95,-15.14,9.01,17.92,20.31,111165,-13.3,66.0,0.504
2024-04-15T19:55:15.000,10.09,-15.3,8.84,17.94,20.31,111166,-13.47,66.0,0.504
2024-04-15T19:56:16.000,10.04,-15.44,8.71,17.96,20.31,111167,-13.64,65.0,0.504
2024-04-15T19:57:16.000,9.94,-15.64,8.55,17.98,20.31,111168,-13.81,65.0,0.504
2024-04-15T19:58:16.000,10.09,-15.75,8.33,18.01,20.31,111169,-13.98,65.0,0.504
2024-04-15T19:59:16.000,9.97,-15.75,8.14,18.03,20.31,111170,-14.15,65.0,0.505
2024-04-15T20:00:16.000,10.0,-15.83,7.97,18.06,20.31,111171,-14.31,65.0,0.505
2024-04-15T20:01:16.000,10.09,-15.85,7.84,18.07,20.31,111172,-14.48,65.0,0.505
2024-04-15T20:02:16.000,9.96,-15.79,7.69,18.09,20.31,111173,-14.65,65.0,0.505
2024-04-15T20:03:17.000,10.06,-15.92,7.56,18.11,20.31,111174,-14.82,64.0,0.505
2024-04-15T20:04:17.000,10.03,-15.87,7.42,18.13,20.31,111175,-14.98,64.0,0.505
2024-04-15T20:05:17.000,9.96,-15.97,7.27,18.16,20.31,111176,-15.15,64.0,0.505
2024-04-15T20:06:17.000,10.09,-16.05,7.18,18.17,20.31,111177,-15.31,64.0,0.505
2024-04-15T20:07:17.000,9.97,-16.05,7.1,18.18,20.31,111178,-15.48,64.0,0.505
2024-04-15T20:08:17.000,10.01,-16.27,6.96,18.2,20.31,111179,-15.64,64.0,0.505
2024-04-15T20:09:18.000,10.06,-16.04,6.82,18.23,20.31,111180,-15.81,63.0,0.505
2024-04-15T20:10:18.000,9.96,-16.15,6.72,18.24,20.31,111181,-15.98,63.0,0.505
2024-04-15T20:11:18.000,10.07,-16.35,6.55,18.27,20.31,111182,-16.14,63.0,0.505
2024-04-15T20:12:18.000,9.97,-16.19,6.33,18.31,20.31,111183,-16.3,63.0,0.505
2024-04-15T20:13:18.000,10.02,-16.49,6.19,18.33,20.31,111184,-16.47,63.0,0.505
2024-04-15T20:14:18.000,10.07,-16.48,6.01,18.36,20.31,111185,-16.63,63.0,0.506
2024-04-15T20:15:18.000,9.94,-16.52,5.81,18.4,20.31,111186,-16.79,62.0,0.506
2024-04-15T20:16:19.000,10.07,-16.68,5.65,18.43,20.31,111187,-16.96,62.0,0.506
2024-04-15T20:17:19.000,10.0,-16.64,5.5,18.46,20.31,111188,-17.12,62.0,0.506
2024-04-15T20:18:19.000,9.96,-16.82,5.38,18.48,20.31,111189,-17.28,62.0,0.506
2024-04-15T20:19:19.000,10.13,-16.71,5.25,18.51,20.31,111190,-17.44,62.0,0.506
2024-04-15T20:20:19.000,9.98,-16.8,5.12,18.54,20.31,111191,-17.61,61.0,0.506
2024-04-15T20:21:19.000,9.92,-16.98,5.02,18.56,20.31,111192,-17.77,61.0,0.506
2024-04-15T20:22:19.000,10.08,-17.07,4.9,18.58,20.31,111193,-17.93,61.0,0.506
2024-04-15T20:23:19.000,9.96,-17.01,4.8,18.61,20.31,111194,-18.09,61.0,0.506
2024-04-15T20:24:20.000,9.93,-17.44,4.73,18.62,20.31,111195,-18.25,61.0,0.506
2024-04-15T20:25:20.000,10.06,-17.39,4.65,18.64,20.31,111196,-18.41,61.0,0.506
2024-04-15T20:26:20.000,9.93,-17.21,4.58,18.66,20.31,111197,-18.57,60.0,0.506
2024-04-15T20:27:20.000,9.98,-17.55,4.52,18.67,20.31,111198,-18.73,60.0,0.506
2024-04-15T20:28:20.000,10.03,-17.33,4.45,18.69,20.31,111199,-18.89,60.0,0.507
2024-04-15T20:29:20.000,9.95,-17.13,4.4,18.7,20.31,111200,-19.04,60.0,0.507
2024-04-15T20:30:20.000,10.03,-17.39,4.34,18.72,20.31,111201,-19.2,60.0,0.507
2024-04-15T20:31:20.000,9.92,-17.22,4.29,18.73,20.31,111202,-19.36,60.0,0.507
2024-04-15T20:32:20.000,10.05,-17.19,4.25,18.74,20.31,111203,-19.52,59.0,0.507
2024-04-15T20:33:20.000,9.97,-17.07,4.2,18.75,20.31,111204,-19.67,59.0,0.507
2024-04-15T20:34:21.000,9.94,-17.15,4.16,18.76,20.31,111205,-19.83,59.0,0.507
2024-04-15T20:35:21.000,10.06,-17.16,4.12,18.77,20.31,111206,-19.99,59.0,0.507
2024-04-15T20:36:22.000,9.92,-17.06,4.07,18.78,20.31,111207,-20.15,59.0,0.507
2024-04-15T20:37:22.000,10.01,-17.16,4.03,18.8,20.31,111208,-20.3,59.0,0.507
2024-04-15T20:38:22.000,10.01,-16.96,3.97,18.81,20.31,111209,-20.46,58.0,0.507
2024-04-15T20:39:22.000,9.9,-17.1,3.95,18.82,20.31,111210,-20.61,58.0,0.507
2024-04-15T20:40:22.000,10.05,-17.17,3.91,18.83,20.31,111211,-20.76,58.0,0.507
2024-04-15T20:41:22.000,9.96,-16.95,3.87,18.84,20.31,111212,-20.92,58.0,0.507
2024-04-15T20:42:23.000,9.95,-17.18,3.85,18.85,20.31,111213,-21.07,58.0,0.507
2024-04-15T20:43:23.000,10.05,-17.13,3.81,18.86,20.31,111214,-21.23,57.0,0.508
2024-04-15T20:44:23.000,9.92,-17.11,3.76,18.87,20.31,111215,-21.38,57.0,0.508
2024-04-15T20:45:23.000,10.01,-17.35,3.74,18.88,20.31,111216,-21.53,57.0,0.508
2024-04-15T20:46:23.000,9.99,-17.15,3.69,18.89,20.31,111217,-21.68,57.0,0.508
2024-04-15T20:47:23.000,9.92,-17.28,3.66,18.9,20.31,111218,-21.83,57.0,0.508
2024-04-15T20:48:23.000,10.03,-17.36,3.61,18.92,20.31,111219,-21.98,57.0,0.508
2024-04-15T20:49:23.000,9.91,-17.5,3.58,18.93,20.31,111220,-22.13,56.0,0.508
2024-04-15T20:50:24.000,10.01,-17.58,3.56,18.93,20.31,111221,-22.29,56.0,0.508
2024-04-15T20:51:24.000,9.96,-17.38,3.54,18.94,20.31,111222,-22.44,56.0,0.508
2024-04-15T20:52:24.000,9.94,-17.46,3.52,18.94,20.31,111223,-22.58,56.0,0.508
2024-04-15T20:53:24.000,10.04,-17.35,3.49,18.95,20.31,111224,-22.73,56.0,0.508
2024-04-15T20:54:24.000,9.93,-17.13,3.46,18.96,20.31,111225,-22.88,56.0,0.508
2024-04-15T20:55:24.000,10.03,-17.23,3.44,18.97,20.31,111226,-23.03,55.0,0.508
2024-04-15T20:56:25.000,9.94,-17.1,3.42,18.98,20.31,111227,-23.18,55.0,0.508
2024-04-15T20:57:25.000,9.99,-17.31,3.41,18.98,20.31,111228,-23.33,55.0,0.509
2024-04-15T20:58:25.000,10.01,-17.1,3.39,18.99,20.31,111229,-23.47,55.0,0.509
2024-04-15T20:59:25.000,9.89,-17.36,3.37,18.99,20.31,111230,-23.62,55.0,0.509
2024-04-15T21:00:26.000,10.04,-17.35,3.35,19.0,20.31,111231,-23.77,54.0,0.509
2024-04-15T21:01:26.000,9.93,-17.23,3.32,19.01,20.31,111232,-23.91,54.0,0.509
2024-04-15T21:02:26.000,9.92,-17.5,3.3,19.02,20.31,111233,-24.06,54.0,0.509
2024-04-15T21:03:26.000,10.04,-17.37,3.26,19.03,20.31,111234,-24.2,54.0,0.509
2024-04-15T21:04:26.000,9.92,-17.12,3.23,19.04,20.31,111235,-24.34,54.0,0.509
2024-04-15T21:05:26.000,10.03,-17.24,3.2,19.05,20.31,111236,-24.49,54.0,0.509
2024-04-15T21:06:26.000,9.94,-17.09,3.16,19.06,20.31,111237,-24.63,53.0,0.509
2024-04-15T21:07:26.000,9.97,-17.3,3.13,19.07,20.31,111238,-24.77,53.0,0.509
2024-04-15T21:08:26.000,10.04,-17.07,3.11,19.08,20.31,111239,-24.91,53.0,0.509
2024-04-15T21:09:26.000,9.92,-16.98,3.09,19.08,20.31,111240,-25.05,53.0,0.509
2024-04-15T21:10:26.000,10.03,-17.15,3.08,19.09,20.31,111241,-25.2,53.0,0.509
2024-04-15T21:11:27.000,9.96,-16.87,3.05,19.1,20.31,111242,-25.34,52.0,0.509
2024-04-15T21:12:27.000,9.95,-17.02,3.05,19.1,20.31,111243,-25.48,52.0,0.51
2024-04-15T21:13:27.000,10.04,-16.94,3.01,19.11,20.31,111244,-25.62,52.0,0.51
2024-04-15T21:14:27.000,9.91,-16.86,2.99,19.12,20.31,111245,-25.76,52.0,0.51
2024-04-15T21:15:27.000,10.03,-16.99,2.97,19.13,20.31,111246,-25.89,52.0,0.51
2024-04-15T21:16:27.000,9.94,-16.91,2.94,19.14,20.31,111247,-26.03,52.0,0.51
2024-04-15T21:17:27.000,9.93,-17.23,2.93,19.14,20.31,111248,-26.17,51.0,0.51
2024-04-15T21:18:27.000,10.03,-17.21,2.89,19.16,20.31,111249,-26.31,51.0,0.51
2024-04-15T21:19:28.000,9.88,-17.27,2.86,19.17,20.31,111250,-26.44,51.0,0.51
2024-04-15T21:20:28.000,9.98,-17.38,2.86,19.17,20.31,111251,-26.58,51.0,0.51
2024-04-15T21:21:28.000,9.96,-17.43,2.83,19.18,20.31,111252,-26.71,51.0,0.51
2024-04-15T21:22:28.000,9.92,-17.29,2.82,19.18,20.31,111253,-26.85,50.0,0.51
2024-04-15T21:23:28.000,10.04,-17.09,2.79,19.2,20.31,111254,-26.98,50.0,0.51
2024-04-15T21:24:28.000,9.89,-17.07,2.8,19.19,20.31,111255,-27.12,50.0,0.51
2024-04-15T21:25:28.000,10.0,-17.07,2.79,19.2,20.31,111256,-27.25,50.0,0.51
2024-04-15T21:26:29.000,9.97,-16.9,2.76,19.21,20.31,111257,-27.38,50.0,0.511
2024-04-15T21:27:29.000,9.96,-16.75,2.77,19.2,20.31,111258,-27.52,49.0,0.511
2024-04-15T21:28:29.000,10.04,-16.67,2.77,19.21,20.31,111259,-27.65,49.0,0.511
2024-04-15T21:29:29.000,9.93,-16.61,2.73,19.22,20.31,111260,-27.78,49.0,0.511
2024-04-15T21:30:29.000,10.07,-16.68,2.72,19.22,20.31,111261,-27.91,49.0,0.511
2024-04-15T21:31:29.000,9.97,-16.43,2.72,19.23,20.31,111262,-28.04,49.0,0.511
2024-04-15T21:32:29.000,9.99,-16.68,2.71,19.23,20.31,111263,-28.17,49.0,0.511
2024-04-15T21:33:29.000,10.06,-16.52,2.72,19.22,20.31,111264,-28.3,48.0,0.511
2024-04-15T21:34:29.000,9.94,-16.47,2.69,19.23,20.31,111265,-28.42,48.0,0.511
2024-04-15T21:35:30.000,10.06,-16.49,2.72,19.22,20.31,111266,-28.55,48.0,0.511
2024-04-15T21:36:30.000,9.97,-16.33,2.7,19.23,20.31,111267,-28.68,48.0,0.511
2024-04-15T21:37:30.000,10.02,-16.44,2.69,19.23,20.31,111268,-28.81,48.0,0.511
2024-04-15T21:38:30.000,10.05,-16.16,2.69,19.24,20.31,111269,-28.93,47.0,0.511
2024-04-15T21:39:30.000,9.96,-16.21,2.67,19.25,20.31,111270,-29.06,47.0,0.511
2024-04-15T21:40:31.000,10.06,-16.41,2.69,19.24,20.31,111271,-29.18,47.0,0.511
2024-04-15T21:41:31.000,9.95,-16.34,2.67,19.24,20.31,111272,-29.31,47.0,0.512
2024-04-15T21:42:31.000,10.04,-16.33,2.68,19.24,20.31,111273,-29.43,47.0,0.512
2024-04-15T21:43:31.000,10.12,-15.98,2.68,19.24,20.31,111274,-29.55,47.0,0.512
2024-04-15T21:44:31.000,10.03,-15.58,2.63,19.26,20.31,111275,-29.67,46.0,0.512
2024-04-15T21:45:31.000,10.02,-15.56,2.63,19.26,20.31,111276,-29.8,46.0,0.512
2024-04-15T21:46:31.000,10.1,-15.61,2.63,19.26,20.31,111277,-29.92,46.0,0.512
2024-04-15T21:47:32.000,10.04,-15.65,2.61,19.27,20.31,111278,-30.04,46.0,0.512
2024-04-15T21:48:31.000,10.0,-15.99,2.59,19.28,20.31,111279,-30.16,46.0,0.512
2024-04-15T21:49:31.000,10.09,-16.17,2.58,19.28,20.31,111280,-30.27,45.0,0.512
2024-04-15T21:50:32.000,9.96,-16.26,2.57,19.28,20.31,111281,-30.4,45.0,0.512
2024-04-15T21:51:32.000,10.05,-16.44,2.6,19.27,20.31,111282,-30.51,45.0,0.512
2024-04-15T21:52:32.000,10.08,-16.46,2.58,19.28,20.31,111283,-30.63,45.0,0.512
2024-04-15T21:53:32.000,9.95,-16.41,2.58,19.28,20.31,111284,-30.75,45.0,0.512
2024-04-15T21:54:32.000,10.07,-16.6,2.58,19.28,20.31,111285,-30.86,44.0,0.512
2024-04-15T21:55:32.000,9.95,-16.74,2.55,19.29,20.31,111286,-30.98,44.0,0.513
2024-04-15T21:56:32.000,9.99,-17.19,2.54,19.3,20.31,111287,-31.09,44.0,0.513
2024-04-15T21:57:32.000,9.98,-17.28,2.53,19.3,20.31,111288,-31.2,44.0,0.513
2024-04-15T21:58:32.000,9.92,-17.41,2.54,19.3,20.31,111289,-31.32,44.0,0.513
2024-04-15T21:59:33.000,10.05,-17.44,2.53,19.3,20.31,111290,-31.43,44.0,0.513
2024-04-15T22:00:33.000,9.88,-17.67,2.51,19.31,20.31,111291,-31.54,43.0,0.513
2024-04-15T22:01:33.000,9.89,-17.75,2.53,19.3,20.31,111292,-31.65,43.0,0.513
2024-04-15T22:02:33.000,10.04,-17.76,2.52,19.3,20.31,111293,-31.76,43.0,0.513
2024-04-15T22:03:33.000,9.89,-17.66,2.53,19.3,20.31,111294,-31.87,43.0,0.513
2024-04-15T22:04:33.000,10.0,-17.74,2.51,19.31,20.31,111295,-31.98,43.0,0.513
2024-04-15T22:05:33.000,9.95,-17.79,2.49,19.32,20.31,111296,-32.09,42.0,0.513
2024-04-15T22:06:33.000,9.91,-17.69,2.49,19.32,20.31,111297,-32.2,42.0,0.513
2024-04-15T22:07:33.000,10.05,-17.76,2.47,19.33,20.31,111298,-32.3,42.0,0.513
2024-04-15T22:08:33.000,9.98,-16.81,2.46,19.33,20.31,111299,-32.41,42.0,0.513
2024-04-15T22:09:33.000,10.13,-16.91,2.45,19.34,20.31,111300,-32.51,42.0,0.513
2024-04-15T22:10:33.000,9.84,-17.98,2.46,19.33,20.31,111301,-32.62,42.0,0.514
2024-04-15T22:11:34.000,9.84,-18.4,2.45,19.34,20.31,111302,-32.72,41.0,0.514
2024-04-15T22:12:34.000,9.97,-18.64,2.46,19.33,20.31,111303,-32.83,41.0,0.514
2024-04-15T22:13:34.000,10.0,-18.34,2.46,19.33,20.31,111304,-32.93,41.0,0.514
2024-04-15T22:14:34.000,9.88,-18.53,2.44,19.34,20.31,111305,-33.03,41.0,0.514
2024-04-15T22:15:34.000,9.98,-19.11,2.43,19.35,20.31,111306,-33.13,41.0,0.514
2024-04-15T22:16:34.000,9.99,-18.85,2.43,19.35,20.31,111307,-33.23,40.0,0.514
2024-04-15T22:17:34.000,9.95,-18.76,2.45,19.34,20.31,111308,-33.33,40.0,0.514
2024-04-15T22:18:34.000,9.98,-19.12,2.47,19.33,20.31,111309,-33.43,40.0,0.514
2024-04-15T22:19:34.000,9.98,-18.81,2.49,19.32,20.31,111310,-33.53,40.0,0.514
2024-04-15T22:20:34.000,10.04,-18.45,2.5,19.31,20.31,111311,-33.62,40.0,0.514
2024-04-15T22:21:34.000,9.84,-18.48,2.51,19.31,20.31,111312,-33.72,39.0,0.514
2024-04-15T22:22:34.000,10.05,-17.59,2.52,19.3,20.31,111313,-33.82,39.0,0.514
2024-04-15T22:23:35.000,10.29,-17.09,2.53,19.3,20.31,111314,-33.91,39.0,0.514
2024-04-15T22:24:35.000,10.24,-16.73,2.54,19.3,20.31,111315,-34.01,39.0,0.515
2024-04-15T22:25:35.000,10.15,-16.46,2.52,19.31,20.31,111316,-34.1,39.0,0.515
2024-04-15T22:26:35.000,10.14,-16.38,2.51,19.31,20.31,111317,-34.19,39.0,0.515
2024-04-15T22:27:35.000,10.06,-16.63,2.48,19.32,20.31,111318,-34.28,38.0,0.515
2024-04-15T22:28:35.000,10.02,-16.62,2.48,19.32,20.31,111319,-34.37,38.0,0.515
2024-04-15T22:29:35.000,10.09,-16.88,2.46,19.33,20.31,111320,-34.46,38.0,0.515
2024-04-15T22:30:35.000,10.04,-16.75,2.45,19.34,20.31,111321,-34.55,38.0,0.515
2024-04-15T22:31:35.000,9.99,-16.97,2.44,19.34,20.31,111322,-34.64,38.0,0.515
2024-04-15T22:32:35.000,10.05,-17.08,2.41,19.36,20.31,111323,-34.73,37.0,0.515
2024-04-15T22:33:35.000,10.01,-16.83,2.4,19.36,20.31,111324,-34.81,37.0,0.515
2024-04-15T22:34:35.000,10.03,-17.0,2.38,19.37,20.31,111325,-34.9,37.0,0.515
2024-04-15T22:35:36.000,10.03,-17.23,2.34,19.39,20.31,111326,-34.99,37.0,0.515
2024-04-15T22:36:36.000,10.01,-17.3,2.33,19.39,20.31,111327,-35.07,37.0,0.515
2024-04-15T22:37:36.000,10.05,-17.37,2.31,19.4,20.31,111328,-35.15,37.0,0.515
2024-04-15T22:38:36.000,9.98,-17.54,2.29,19.41,20.31,111329,-35.24,36.0,0.515
2024-04-15T22:39:37.000,10.08,-17.68,2.26,19.42,20.31,111330,-35.32,36.0,0.516
2024-04-15T22:40:37.000,10.11,-17.65,2.24,19.43,20.31,111331,-35.4,36.0,0.516
2024-04-15T22:41:37.000,10.02,-17.52,2.22,19.45,20.31,111332,-35.48,36.0,0.516
2024-04-15T22:42:37.000,9.99,-17.92,2.19,19.46,20.31,111333,-35.56,36.0,0.516
2024-04-15T22:43:37.000,10.12,-18.08,2.17,19.47,20.31,111334,-35.64,35.0,0.516
2024-04-15T22:44:37.000,10.02,-17.73,2.13,19.49,20.31,111335,-35.71,35.0,0.516
2024-04-15T22:45:37.000,10.04,-17.61,2.11,19.5,20.31,111336,-35.79,35.0,0.516
2024-04-15T22:46:37.000,10.02,-17.95,2.09,19.51,20.31,111337,-35.87,35.0,0.516
2024-04-15T22:47:37.000,10.02,-18.02,2.06,19.53,20.31,111338,-35.94,35.0,0.516
2024-04-15T22:48:38.000,10.04,-17.95,2.03,19.54,20.31,111339,-36.02,34.0,0.516
2024-04-15T22:49:38.000,9.98,-18.06,2.01,19.55,20.31,111340,-36.09,34.0,0.516
2024-04-15T22:50:38.000,10.11,-18.06,1.98,19.57,20.31,111341,-36.16,34.0,0.516
2024-04-15T22:51:38.000,10.07,-18.02,1.94,19.59,20.31,111342,-36.23,34.0,0.516
2024-04-15T22:52:38.000,9.97,-18.19,1.92,19.6,20.31,111343,-36.3,34.0,0.516
2024-04-15T22:53:38.000,10.08,-18.48,1.88,19.62,20.31,111344,-36.37,34.0,0.516
2024-04-15T22:54:38.000,10.03,-18.28,1.86,19.64,20.31,111345,-36.44,33.0,0.517
2024-04-15T22:55:38.000,10.01,-18.29,1.83,19.65,20.31,111346,-36.51,33.0,0.517
2024-04-15T22:56:39.000,10.06,-18.41,1.8,19.67,20.31,111347,-36.58,33.0,0.517
2024-04-15T22:57:39.000,10.0,-18.29,1.78,19.69,20.31,111348,-36.64,33.0,0.517
2024-04-15T22:58:39.000,10.03,-18.54,1.76,19.7,20.31,111349,-36.71,33.0,0.517
2024-04-15T22:59:39.000,10.01,-18.72,1.73,19.71,20.31,111350,-36.77,32.0,0.517
2024-04-15T23:00:39.000,10.02,-18.87,1.71,19.73,20.31,111351,-36.83,32.0,0.517
2024-04-15T23:01:39.000,10.09,-18.69,1.69,19.74,20.31,111352,-36.9,32.0,0.517
2024-04-15T23:02:39.000,9.97,-18.7,1.67,19.75,20.31,111353,-36.96,32.0,0.517
2024-04-15T23:03:39.000,10.05,-18.87,1.65,19.77,20.31,111354,-37.02,32.0,0.517
2024-04-15T23:04:39.000,10.11,-18.77,1.62,19.79,20.31,111355,-37.08,32.0,0.517
2024-04-15T23:05:39.000,9.98,-18.84,1.6,19.8,20.31,111356,-37.13,31.0,0.517
2024-04-15T23:06:39.000,10.0,-19.11,1.58,19.81,20.31,111357,-37.19,31.0,0.517
2024-04-15T23:07:39.000,10.11,-19.07,1.55,19.83,20.31,111358,-37.25,31.0,0.517
2024-04-15T23:08:39.000,9.99,-19.02,1.54,19.84,20.31,111359,-37.3,31.0,0.518
2024-04-15T23:09:40.000,10.02,-19.22,1.52,19.85,20.31,111360,-37.36,31.0,0.518
2024-04-15T23:10:40.000,10.06,-19.07,1.5,19.87,20.31,111361,-37.41,30.0,0.518
2024-04-15T23:11:40.000,9.94,-19.17,1.49,19.88,20.31,111362,-37.47,30.0,0.518
2024-04-15T23:12:40.000,10.08,-19.3,1.47,19.89,20.31,111363,-37.52,30.0,0.518
2024-04-15T23:13:40.000,10.07,-18.94,1.46,19.9,20.31,111364,-37.57,30.0,0.518
2024-04-15T23:14:40.000,9.94,-19.04,1.44,19.91,20.31,111365,-37.62,30.0,0.518
2024-04-15T23:15:40.000,10.04,-19.24,1.43,19.92,20.31,111366,-37.67,30.0,0.518
2024-04-15T23:16:40.000,10.02,-19.11,1.43,19.92,20.31,111367,-37.71,29.0,0.518
