ecsv/stars746/stars746_2024-04.ecsv
# %ECSV 1.0
# ---
# datatype:
# - {name: time, datatype: string}
# - {name: Enclosure Temperature, unit: deg_C, datatype: float64}
# - {name: Sky Temperature, unit: deg_C, datatype: float64}
# - {name: Frequency, unit: Hz, datatype: float64}
# - {name: MSAS, unit: mag / arcsec2, datatype: float64}
# - {name: ZP, datatype: float64}
# - {name: Sequence Number, datatype: int64}
# - {name: Sun Alt, unit: deg, datatype: float64}
# - {name: Moon Alt, unit: deg, datatype: float64}
# - {name: Moon Illumination, datatype: float64}
# delimiter: ','
# meta: !!omap
# - ida:
#     Data supplier: {affiliation: Observatorio JoseX, observer: null}
#     Device type: TESS-W
#     Field of view: 17.0
#     Filters per channel: None
#     Instrument ID: stars746
#     License: ODbL 1.0 http://opendatacommons.org/licenses/odbl/summary/
#     Local timezone: Europe/Madrid
#     Location name: {country: '- Observatorio JoseX', place: Sierra de Segura, region: Spain, sub_region: Catalonia, town: Baix Camp}
#     Measurement direction per channel: {azimuth: 0.0, zenital: 0.0}
#     Moving / Fixed look direction: FIXED
#     Moving / Stationary position: STATIONARY
#     Number of channels: 1
#     Number of fields per line: 8
#     Number of header lines: 35
#     Position: {height: 0.0, latitude: 40.9535, longitude: -0.8932}
#     TESS MAC address: E8:DB:84:83:ED:22
#     TESS cover offset value: 0.0
#     TESS firmware version: '1.0'
#     TESS zero point: 20.31
#     Time Synchronization: timestamp added by MQTT subscriber
#     URL: http://www.darksky.org/NSBM/sdf1.0.pdf
# - __serialized_columns__:
#     Enclosure Temperature:
#       __class__: astropy.units.quantity.Quantity
#       unit: &id001 !astropy.units.Unit {unit: deg_C}
#       value: !astropy.table.SerializedColumn {name: Enclosure Temperature}
#     Frequency:
#       __class__: astropy.units.quantity.Quantity
#       unit: !astropy.units.Unit {unit: Hz}
#       value: !astropy.table.SerializedColumn {name: Frequency}
#     MSAS:
#       __class__: astropy.units.quantity.Quantity
#       unit: !astropy.units.Unit {unit: mag / arcsec2}
#       value: !astropy.table.SerializedColumn {name: MSAS}
#     Moon Alt:
#       __class__: astropy.units.quantity.Quantity
#       unit: &id002 !astropy.units.Unit {unit: deg}
#       value: !astropy.table.SerializedColumn {name: Moon Alt}
#     Sky Temperature:
#       __class__: astropy.units.quantity.Quantity
#       unit: *id001
#       value: !astropy.table.SerializedColumn {name: Sky Temperature}
#     Sun Alt:
#       __class__: astropy.units.quantity.Quantity
#       unit: *id002
#       value: !astropy.table.SerializedColumn {name: Sun Alt}
#     time:
#       __class__: astropy.time.core.Time
#       format: isot
#       in_subfmt: '*'
#       out_subfmt: '*'
#       precision: 3
#       scale: utc
#       value: !astropy.table.SerializedColumn {name: time}
# schema: astropy-2.0
time,Enclosure Temperature,Sky Temperature,Frequency,MSAS,ZP,Sequence Number,Sun Alt,Moon Alt,Moon Illumination
[from data line 2490]
2024-04-04T19:56:15.000,12.45,-12.84,0.61,20.84,20.31,95370,-16.07,-66.0,0.214
2024-04-04T19:57:15.000,12.43,-12.81,0.62,20.83,20.31,95371,-16.24,-66.0,0.214
2024-04-04T19:58:15.000,12.39,-12.7,0.65,20.77,20.31,95372,-16.42,-66.0,0.214
2024-04-04T19:59:15.000,12.38,-12.65,0.69,20.72,20.31,95373,-16.59,-66.0,0.214
2024-04-04T20:00:15.000,12.34,-12.64,0.69,20.72,20.31,95374,-16.76,-66.0,0.213
2024-04-04T20:01:15.000,12.3,-12.54,0.67,20.75,20.31,95375,-16.93,-66.0,0.213
2024-04-04T20:02:15.000,12.25,-12.57,0.65,20.78,20.31,95376,-17.11,-66.0,0.213
2024-04-04T20:03:15.000,12.21,-12.62,0.64,20.8,20.31,95377,-17.28,-66.0,0.213
2024-04-04T20:04:15.000,12.17,-12.6,0.63,20.81,20.31,95378,-17.45,-66.0,0.213
2024-04-04T20:05:15.000,12.11,-12.69,0.62,20.83,20.31,95379,-17.62,-66.0,0.213
2024-04-04T20:06:16.000,12.04,-12.86,0.6,20.86,20.31,95380,-17.79,-66.0,0.213
2024-04-04T20:07:16.000,11.98,-13.01,0.59,20.89,20.31,95381,-17.96,-66.0,0.213
2024-04-04T20:08:16.000,11.92,-13.11,0.57,20.92,20.31,95382,-18.13,-67.0,0.213
2024-04-04T20:09:16.000,11.85,-13.22,0.56,20.93,20.31,95383,-18.3,-67.0,0.213
2024-04-04T20:10:16.000,11.81,-13.14,0.56,20.93,20.31,95384,-18.47,-67.0,0.213
2024-04-04T20:11:16.000,11.81,-13.23,0.56,20.94,20.31,95385,-18.64,-67.0,0.213
2024-04-04T20:12:16.000,11.79,-13.3,0.57,20.93,20.31,95386,-18.81,-67.0,0.213
2024-04-04T20:13:16.000,11.77,-13.33,0.57,20.92,20.31,95387,-18.98,-67.0,0.213
2024-04-04T20:14:16.000,11.75,-13.4,0.58,20.9,20.31,95388,-19.15,-67.0,0.212
2024-04-04T20:15:16.000,11.71,-13.42,0.58,20.89,20.31,95389,-19.32,-67.0,0.212
2024-04-04T20:16:16.000,11.69,-13.39,0.59,20.89,20.31,95390,-19.49,-67.0,0.212
2024-04-04T20:17:16.000,11.66,-13.32,0.58,20.9,20.31,95391,-19.65,-67.0,0.212
2024-04-04T20:18:16.000,11.61,-13.37,0.58,20.91,20.31,95392,-19.82,-67.0,0.212
2024-04-04T20:19:16.000,11.59,-13.36,0.57,20.91,20.31,95393,-19.99,-67.0,0.212
2024-04-04T20:20:16.000,11.58,-13.49,0.57,20.92,20.31,95394,-20.15,-67.0,0.212
2024-04-04T20:21:17.000,11.58,-13.47,0.57,20.92,20.31,95395,-20.32,-67.0,0.212
2024-04-04T20:22:17.000,11.57,-13.55,0.57,20.93,20.31,95396,-20.49,-67.0,0.212
2024-04-04T20:23:17.000,11.52,-13.68,0.56,20.94,20.31,95397,-20.66,-67.0,0.212
2024-04-04T20:24:17.000,11.45,-13.71,0.56,20.94,20.31,95398,-20.82,-67.0,0.212
2024-04-04T20:25:17.000,11.41,-13.72,0.56,20.95,20.31,95399,-20.99,-67.0,0.212
2024-04-04T20:26:17.000,11.39,-13.72,0.56,20.94,20.31,95400,-21.15,-68.0,0.212
2024-04-04T20:27:17.000,11.37,-13.85,0.56,20.93,20.31,95401,-21.32,-68.0,0.212
2024-04-04T20:28:17.000,11.32,-14.03,0.56,20.93,20.31,95402,-21.48,-68.0,0.212
2024-04-04T20:29:17.000,11.24,-14.09,0.56,20.94,20.31,95403,-21.64,-68.0,0.211
2024-04-04T20:30:17.000,11.18,-14.2,0.56,20.94,20.31,95404,-21.81,-68.0,0.211
2024-04-04T20:31:17.000,11.12,-14.27,0.56,20.94,20.31,95405,-21.97,-68.0,0.211
2024-04-04T20:32:17.000,11.02,-14.33,0.56,20.94,20.31,95406,-22.13,-68.0,0.211
2024-04-04T20:33:17.000,10.94,-14.2,0.57,20.93,20.31,95407,-22.3,-68.0,0.211
2024-04-04T20:34:17.000,10.91,-14.17,0.57,20.92,20.31,95408,-22.46,-68.0,0.211
2024-04-04T20:35:18.000,10.88,-14.04,0.57,20.91,20.31,95409,-22.62,-68.0,0.211
2024-04-04T20:36:18.000,10.91,-14.02,0.57,20.92,20.31,95410,-22.78,-68.0,0.211
2024-04-04T20:37:18.000,10.9,-14.07,0.57,20.91,20.31,95411,-22.95,-68.0,0.211
2024-04-04T20:38:18.000,10.9,-14.09,0.58,20.91,20.31,95412,-23.11,-68.0,0.211
2024-04-04T20:39:18.000,10.94,-13.96,0.58,20.9,20.31,95413,-23.27,-68.0,0.211
2024-04-04T20:40:18.000,10.97,-14.06,0.59,20.88,20.31,95414,-23.43,-68.0,0.211
2024-04-04T20:41:18.000,10.97,-14.25,0.6,20.86,20.31,95415,-23.59,-68.0,0.211
2024-04-04T20:42:18.000,10.97,-14.22,0.61,20.84,20.31,95416,-23.75,-68.0,0.211
2024-04-04T20:43:18.000,10.96,-14.46,0.62,20.84,20.31,95417,-23.91,-68.0,0.211
2024-04-04T20:44:18.000,11.0,-14.61,0.6,20.87,20.31,95418,-24.06,-68.0,0.21
2024-04-04T20:45:18.000,11.03,-14.86,0.56,20.93,20.31,95419,-24.22,-68.0,0.21
2024-04-04T20:46:18.000,11.01,-15.32,0.53,20.99,20.31,95420,-24.38,-68.0,0.21
2024-04-04T20:47:18.000,10.98,-15.7,0.51,21.03,20.31,95421,-24.54,-68.0,0.21
2024-04-04T20:48:18.000,10.93,-15.93,0.5,21.06,20.31,95422,-24.7,-68.0,0.21
2024-04-04T20:49:18.000,10.89,-16.18,0.49,21.08,20.31,95423,-24.85,-68.0,0.21
2024-04-04T20:50:19.000,10.82,-16.47,0.49,21.08,20.31,95424,-25.01,-68.0,0.21
2024-04-04T20:51:19.000,10.76,-16.64,0.49,21.09,20.31,95425,-25.17,-68.0,0.21
2024-04-04T20:52:19.000,10.68,-16.74,0.49,21.09,20.31,95426,-25.32,-68.0,0.21
2024-04-04T20:53:19.000,10.65,-16.81,0.49,21.08,20.31,95427,-25.48,-68.0,0.21
2024-04-04T20:54:19.000,10.61,-16.82,0.5,21.07,20.31,95428,-25.63,-68.0,0.21
2024-04-04T20:55:19.000,10.6,-16.79,0.5,21.05,20.31,95429,-25.79,-68.0,0.21
2024-04-04T20:56:19.000,10.59,-16.95,0.51,21.03,20.31,95430,-25.94,-68.0,0.21
2024-04-04T20:57:19.000,10.54,-17.09,0.52,21.02,20.31,95431,-26.09,-68.0,0.21
2024-04-04T20:58:19.000,10.5,-17.07,0.52,21.02,20.31,95432,-26.25,-68.0,0.21
2024-04-04T20:59:19.000,10.47,-17.14,0.51,21.03,20.31,95433,-26.4,-68.0,0.209
2024-04-04T21:00:19.000,10.44,-17.12,0.51,21.04,20.31,95434,-26.55,-68.0,0.209
2024-04-04T21:01:19.000,10.45,-17.04,0.51,21.04,20.31,95435,-26.7,-68.0,0.209
2024-04-04T21:02:19.000,10.46,-17.13,0.51,21.04,20.31,95436,-26.86,-68.0,0.209
2024-04-04T21:03:19.000,10.43,-17.33,0.51,21.04,20.31,95437,-27.01,-68.0,0.209
2024-04-04T21:04:19.000,10.39,-17.2,0.51,21.05,20.31,95438,-27.16,-68.0,0.209
2024-04-04T21:05:19.000,10.41,-17.05,0.5,21.06,20.31,95439,-27.31,-68.0,0.209
2024-04-04T21:06:20.000,10.45,-16.98,0.5,21.07,20.31,95440,-27.46,-68.0,0.209
2024-04-04T21:07:20.000,10.49,-16.84,0.5,21.06,20.31,95441,-27.61,-68.0,0.209
2024-04-04T21:08:20.000,10.5,-16.75,0.5,21.05,20.31,95442,-27.76,-68.0,0.209
2024-04-04T21:09:20.000,10.52,-16.61,0.51,21.03,20.31,95443,-27.91,-67.0,0.209
2024-04-04T21:10:20.000,10.55,-16.5,0.53,21.01,20.31,95444,-28.05,-67.0,0.209
2024-04-04T21:11:20.000,10.59,-16.43,0.54,20.98,20.31,95445,-28.2,-67.0,0.209
2024-04-04T21:12:20.000,10.63,-16.29,0.55,20.95,20.31,95446,-28.35,-67.0,0.209
2024-04-04T21:13:20.000,10.68,-16.12,0.56,20.94,20.31,95447,-28.49,-67.0,0.209
2024-04-04T21:14:20.000,10.71,-16.22,0.56,20.94,20.31,95448,-28.64,-67.0,0.208
2024-04-04T21:15:20.000,10.72,-16.04,0.56,20.94,20.31,95449,-28.78,-67.0,0.208
2024-04-04T21:16:20.000,10.74,-15.93,0.56,20.94,20.31,95450,-28.93,-67.0,0.208
2024-04-04T21:17:20.000,10.74,-16.15,0.57,20.93,20.31,95451,-29.07,-67.0,0.208
2024-04-04T21:18:20.000,10.72,-16.21,0.57,20.91,20.31,95452,-29.22,-67.0,0.208
2024-04-04T21:19:20.000,10.69,-16.31,0.58,20.9,20.31,95453,-29.36,-67.0,0.208
2024-04-04T21:20:21.000,10.65,-16.21,0.58,20.9,20.31,95454,-29.51,-67.0,0.208
2024-04-04T21:21:21.000,10.62,-16.15,0.58,20.91,20.31,95455,-29.65,-67.0,0.208
2024-04-04T21:22:21.000,10.61,-16.08,0.57,20.93,20.31,95456,-29.79,-67.0,0.208
2024-04-04T21:23:21.000,10.64,-15.87,0.56,20.94,20.31,95457,-29.93,-67.0,0.208
2024-04-04T21:24:21.000,10.68,-15.87,0.55,20.96,20.31,95458,-30.07,-67.0,0.208
2024-04-04T21:25:21.000,10.72,-15.81,0.55,20.96,20.31,95459,-30.21,-67.0,0.208
2024-04-04T21:26:21.000,10.75,-15.76,0.55,20.96,20.31,95460,-30.35,-67.0,0.208
2024-04-04T21:27:21.000,10.78,-15.7,0.55,20.96,20.31,95461,-30.49,-66.0,0.208
2024-04-04T21:28:21.000,10.83,-15.79,0.55,20.96,20.31,95462,-30.63,-66.0,0.208
2024-04-04T21:29:21.000,10.83,-15.92,0.55,20.96,20.31,95463,-30.77,-66.0,0.207
2024-04-04T21:30:21.000,10.81,-15.88,0.55,20.97,20.31,95464,-30.91,-66.0,0.207
2024-04-04T21:31:21.000,10.77,-15.82,0.55,20.96,20.31,95465,-31.04,-66.0,0.207
2024-04-04T21:32:21.000,10.76,-15.6,0.57,20.92,20.31,95466,-31.18,-66.0,0.207
2024-04-04T21:33:21.000,10.77,-15.66,0.6,20.87,20.31,95467,-31.32,-66.0,0.207
2024-04-04T21:34:21.000,10.76,-15.61,0.59,20.88,20.31,95468,-31.45,-66.0,0.207
2024-04-04T21:35:21.000,10.77,-15.48,0.55,20.95,20.31,95469,-31.59,-66.0,0.207
2024-04-04T21:36:22.000,10.78,-15.53,0.52,21.02,20.31,95470,-31.72,-66.0,0.207
2024-04-04T21:37:22.000,10.78,-15.4,0.52,21.02,20.31,95471,-31.86,-66.0,0.207
2024-04-04T21:38:22.000,10.8,-15.28,0.52,21.03,20.31,95472,-31.99,-66.0,0.207
2024-04-04T21:39:22.000,10.87,-14.95,0.52,21.03,20.31,95473,-32.12,-66.0,0.207
2024-04-04T21:40:22.000,10.93,-14.85,0.52,21.01,20.31,95474,-32.26,-65.0,0.207
2024-04-04T21:41:22.000,11.02,-14.5,0.54,20.99,20.31,95475,-32.39,-65.0,0.207
2024-04-04T21:42:22.000,11.15,-14.25,0.55,20.96,20.31,95476,-32.52,-65.0,0.207
2024-04-04T21:43:22.000,11.25,-14.15,0.57,20.91,20.31,95477,-32.65,-65.0,0.207
2024-04-04T21:44:22.000,11.33,-14.14,0.6,20.87,20.31,95478,-32.78,-65.0,0.206
2024-04-04T21:45:22.000,11.35,-14.09,0.6,20.86,20.31,95479,-32.91,-65.0,0.206
2024-04-04T21:46:22.000,11.44,-13.69,0.59,20.89,20.31,95480,-33.04,-65.0,0.206
2024-04-04T21:47:22.000,11.44,-13.92,0.57,20.92,20.31,95481,-33.16,-65.0,0.206
2024-04-04T21:48:22.000,11.4,-13.79,0.56,20.95,20.31,95482,-33.29,-65.0,0.206
2024-04-04T21:49:22.000,11.4,-13.68,0.56,20.95,20.31,95483,-33.42,-65.0,0.206
2024-04-04T21:50:22.000,11.38,-13.6,0.57,20.93,20.31,95484,-33.54,-64.0,0.206
2024-04-04T21:51:23.000,11.38,-13.38,0.58,20.91,20.31,95485,-33.67,-64.0,0.206
2024-04-04T21:52:23.000,11.41,-13.19,0.58,20.91,20.31,95486,-33.8,-64.0,0.206
2024-04-04T21:53:23.000,11.47,-13.24,0.57,20.92,20.31,95487,-33.92,-64.0,0.206
2024-04-04T21:54:23.000,11.46,-13.35,0.56,20.94,20.31,95488,-34.04,-64.0,0.206
2024-04-04T21:55:23.000,11.41,-13.33,0.56,20.95,20.31,95489,-34.17,-64.0,0.206
2024-04-04T21:56:23.000,11.41,-12.89,0.56,20.94,20.31,95490,-34.29,-64.0,0.206
2024-04-04T21:57:23.000,11.45,-12.66,0.57,20.92,20.31,95491,-34.41,-64.0,0.206
2024-04-04T21:58:23.000,11.5,-12.58,0.58,20.89,20.31,95492,-34.53,-64.0,0.206
2024-04-04T21:59:23.000,11.53,-12.42,0.6,20.86,20.31,95493,-34.65,-63.0,0.205
2024-04-04T22:00:23.000,11.56,-12.01,0.62,20.84,20.31,95494,-34.77,-63.0,0.205
2024-04-04T22:01:23.000,11.65,-11.77,0.63,20.81,20.31,95495,-34.89,-63.0,0.205
2024-04-04T22:02:23.000,11.68,-11.7,0.65,20.77,20.31,95496,-35.01,-63.0,0.205
2024-04-04T22:03:23.000,11.73,-11.42,0.68,20.73,20.31,95497,-35.12,-63.0,0.205
2024-04-04T22:04:23.000,11.74,-11.43,0.7,20.7,20.31,95498,-35.24,-63.0,0.205
2024-04-04T22:05:23.000,11.74,-11.38,0.7,20.7,20.31,95499,-35.36,-63.0,0.205
2024-04-04T22:06:23.000,11.72,-11.41,0.69,20.72,20.31,95500,-35.47,-63.0,0.205
2024-04-04T22:07:24.000,11.7,-11.21,0.67,20.75,20.31,95501,-35.59,-63.0,0.205
2024-04-04T22:08:24.000,11.76,-11.15,0.64,20.79,20.31,95502,-35.7,-62.0,0.205
2024-04-04T22:09:24.000,11.81,-11.58,0.62,20.83,20.31,95503,-35.82,-62.0,0.205
2024-04-04T22:10:24.000,11.81,-11.8,0.61,20.85,20.31,95504,-35.93,-62.0,0.205
2024-04-04T22:11:24.000,11.8,-11.88,0.61,20.86,20.31,95505,-36.04,-62.0,0.205
2024-04-04T22:12:24.000,11.79,-11.98,0.61,20.85,20.31,95506,-36.15,-62.0,0.205
2024-04-04T22:13:24.000,11.81,-12.27,0.61,20.85,20.31,95507,-36.26,-62.0,0.205
2024-04-04T22:14:24.000,11.83,-12.42,0.6,20.86,20.31,95508,-36.37,-62.0,0.204
2024-04-04T22:15:24.000,11.87,-12.59,0.6,20.87,20.31,95509,-36.48,-62.0,0.204
2024-04-04T22:16:24.000,11.91,-12.72,0.58,20.9,20.31,95510,-36.59,-61.0,0.204
2024-04-04T22:17:24.000,11.96,-13.09,0.57,20.92,20.31,95511,-36.69,-61.0,0.204
2024-04-04T22:18:24.000,12.0,-13.17,0.56,20.95,20.31,95512,-36.8,-61.0,0.204
2024-04-04T22:19:24.000,12.02,-13.41,0.54,20.97,20.31,95513,-36.91,-61.0,0.204
2024-04-04T22:20:24.000,12.01,-13.93,0.54,20.98,20.31,95514,-37.01,-61.0,0.204
2024-04-04T22:21:25.000,11.97,-13.99,0.55,20.97,20.31,95515,-37.12,-61.0,0.204
2024-04-04T22:22:25.000,11.95,-14.04,0.55,20.96,20.31,95516,-37.22,-61.0,0.204
2024-04-04T22:23:25.000,11.91,-14.42,0.54,20.97,20.31,95517,-37.32,-61.0,0.204
2024-04-04T22:24:25.000,11.83,-14.33,0.54,20.98,20.31,95518,-37.43,-60.0,0.204
2024-04-04T22:25:25.000,11.88,-14.01,0.53,21.0,20.31,95519,-37.53,-60.0,0.204
2024-04-04T22:26:25.000,11.94,-14.29,0.53,21.01,20.31,95520,-37.63,-60.0,0.204
2024-04-04T22:27:25.000,12.05,-13.71,0.53,21.01,20.31,95521,-37.73,-60.0,0.204
2024-04-04T22:28:25.000,12.13,-14.21,0.53,21.0,20.31,95522,-37.82,-60.0,0.204
2024-04-04T22:29:25.000,12.15,-14.09,0.53,20.99,20.31,95523,-37.92,-60.0,0.203
2024-04-04T22:30:25.000,12.14,-13.81,0.54,20.99,20.31,95524,-38.02,-60.0,0.203
2024-04-04T22:31:25.000,12.18,-13.45,0.55,20.97,20.31,95525,-38.12,-59.0,0.203
2024-04-04T22:32:25.000,12.22,-13.45,0.57,20.93,20.31,95526,-38.21,-59.0,0.203
2024-04-04T22:33:25.000,12.26,-13.25,0.59,20.89,20.31,95527,-38.31,-59.0,0.203
2024-04-04T22:34:25.000,12.25,-13.48,0.6,20.86,20.31,95528,-38.4,-59.0,0.203
2024-04-04T22:35:26.000,12.17,-13.47,0.6,20.86,20.31,95529,-38.49,-59.0,0.203
2024-04-04T22:36:26.000,12.16,-12.78,0.6,20.87,20.31,95530,-38.59,-59.0,0.203
2024-04-04T22:37:26.000,12.18,-12.91,0.6,20.87,20.31,95531,-38.68,-59.0,0.203
2024-04-04T22:38:26.000,12.2,-12.6,0.59,20.88,20.31,95532,-38.77,-58.0,0.203
2024-04-04T22:39:26.000,12.2,-12.64,0.59,20.88,20.31,95533,-38.86,-58.0,0.203
2024-04-04T22:40:26.000,12.22,-12.65,0.59,20.88,20.31,95534,-38.94,-58.0,0.203
2024-04-04T22:41:26.000,12.21,-12.66,0.6,20.86,20.31,95535,-39.03,-58.0,0.203
2024-04-04T22:42:26.000,12.21,-12.51,0.61,20.84,20.31,95536,-39.12,-58.0,0.203
2024-04-04T22:43:26.000,12.18,-12.48,0.62,20.82,20.31,95537,-39.2,-58.0,0.203
2024-04-04T22:44:26.000,12.18,-12.33,0.63,20.81,20.31,95538,-39.29,-58.0,0.202
2024-04-04T22:45:26.000,12.22,-11.91,0.64,20.8,20.31,95539,-39.37,-57.0,0.202
2024-04-04T22:46:26.000,12.31,-12.16,0.63,20.81,20.31,95540,-39.46,-57.0,0.202
2024-04-04T22:47:26.000,12.29,-12.24,0.63,20.82,20.31,95541,-39.54,-57.0,0.202
2024-04-04T22:48:26.000,12.27,-12.24,0.62,20.82,20.31,95542,-39.62,-57.0,0.202
2024-04-04T22:49:26.000,12.32,-11.81,0.63,20.81,20.31,95543,-39.7,-57.0,0.202
2024-04-04T22:50:27.000,12.4,-12.19,0.63,20.8,20.31,95544,-39.78,-57.0,0.202
2024-04-04T22:51:27.000,12.38,-12.25,0.64,20.8,20.31,95545,-39.86,-56.0,0.202
2024-04-04T22:52:27.000,12.43,-11.65,0.64,20.8,20.31,95546,-39.94,-56.0,0.202
2024-04-04T22:53:27.000,12.5,-12.11,0.64,20.79,20.31,95547,-40.02,-56.0,0.202
2024-04-04T22:54:27.000,12.55,-12.02,0.65,20.78,20.31,95548,-40.09,-56.0,0.202
2024-04-04T22:55:27.000,12.57,-12.11,0.66,20.77,20.31,95549,-40.17,-56.0,0.202
2024-04-04T22:56:27.000,12.54,-12.24,0.66,20.76,20.31,95550,-40.24,-56.0,0.202
2024-04-04T22:57:27.000,12.51,-12.17,0.66,20.77,20.31,95551,-40.31,-56.0,0.202
2024-04-04T22:58:27.000,12.52,-12.2,0.65,20.78,20.31,95552,-40.39,-55.0,0.202
2024-04-04T22:59:27.000,12.54,-12.19,0.64,20.79,20.31,95553,-40.46,-55.0,0.201
2024-04-04T23:00:27.000,12.51,-12.38,0.64,20.79,20.31,95554,-40.53,-55.0,0.201
2024-04-04T23:01:27.000,12.49,-12.41,0.64,20.8,20.31,95555,-40.6,-55.0,0.201
2024-04-04T23:02:27.000,12.44,-12.3,0.64,20.79,20.31,95556,-40.66,-55.0,0.201
2024-04-04T23:03:27.000,12.5,-11.96,0.65,20.77,20.31,95557,-40.73,-55.0,0.201
2024-04-04T23:04:27.000,12.54,-12.26,0.66,20.77,20.31,95558,-40.8,-54.0,0.201
2024-04-04T23:05:28.000,12.51,-12.41,0.65,20.78,20.31,95559,-40.86,-54.0,0.201
2024-04-04T23:06:28.000,12.46,-12.29,0.64,20.79,20.31,95560,-40.93,-54.0,0.201
2024-04-04T23:07:28.000,12.39,-12.33,0.65,20.78,20.31,95561,-40.99,-54.0,0.201
2024-04-04T23:08:28.000,12.36,-11.97,0.66,20.77,20.31,95562,-41.05,-54.0,0.201
2024-04-04T23:09:28.000,12.35,-11.78,0.67,20.74,20.31,95563,-41.12,-54.0,0.201
2024-04-04T23:10:28.000,12.39,-11.66,0.69,20.71,20.31,95564,-41.18,-53.0,0.201
2024-04-04T23:11:28.000,12.39,-11.75,0.71,20.68,20.31,95565,-41.24,-53.0,0.201
2024-04-04T23:12:28.000,12.38,-11.6,0.72,20.67,20.31,95566,-41.29,-53.0,0.201
2024-04-04T23:13:28.000,12.38,-11.56,0.71,20.68,20.31,95567,-41.35,-53.0,0.201
2024-04-04T23:14:28.000,12.4,-11.19,0.7,20.69,20.31,95568,-41.41,-53.0,0.2
2024-04-04T23:15:28.000,12.45,-11.33,0.69,20.71,20.31,95569,-41.46,-53.0,0.2
2024-04-04T23:16:28.000,12.45,-11.35,0.69,20.72,20.31,95570,-41.52,-53.0,0.2
2024-04-04T23:17:28.000,12.44,-11.37,0.68,20.72,20.31,95571,-41.57,-52.0,0.2
2024-04-04T23:18:28.000,12.41,-11.47,0.67,20.74,20.31,95572,-41.62,-52.0,0.2
