ecsv/stars746/stars746_2024-04.ecsv
# %ECSV 1.0
# ---
# datatype:
# - {name: time, datatype: string}
# - {name: Enclosure Temperature, unit: deg_C, datatype: float64}
# - {name: Sky Temperature, unit: deg_C, datatype: float64}
# - {name: Frequency, unit: Hz, datatype: float64}
# - {name: MSAS, unit: mag / arcsec2, datatype: float64}
# - {name: ZP, datatype: float64}
# - {name: Sequence Number, datatype: int64}
# - {name: Sun Alt, unit: deg, datatype: float64}
# - {name: Moon Alt, unit: deg, datatype: float64}
# - {name: Moon Illumination, datatype: float64}
# delimiter: ','
# meta: !!omap
# - ida:
#     Data supplier: {affiliation: Observatorio JoseX, observer: null}
#     Device type: TESS-W
#     Field of view: 17.0
#     Filters per channel: None
#     Instrument ID: stars746
#     License: ODbL 1.0 http://opendatacommons.org/licenses/odbl/summary/
#     Local timezone: Europe/Madrid
#     Location name: {country: '- Observatorio JoseX', place: Sierra de Segura, region: Spain, sub_region: Catalonia, town: Baix Camp}
#     Measurement direction per channel: {azimuth: 0.0, zenital: 0.0}
#     Moving / Fixed look direction: FIXED
#     Moving / Stationary position: STATIONARY
#     Number of channels: 1
#     Number of fields per line: 8
#     Number of header lines: 35
#     Position: {height: 0.0, latitude: 40.9535, longitude: -0.8932}
#     TESS MAC address: E8:DB:84:83:ED:22
#     TESS cover offset value: 0.0
#     TESS firmware version: '1.0'
#     TESS zero point: 20.31
#     Time Synchronization: timestamp added by MQTT subscriber
#     URL: http://www.darksky.org/NSBM/sdf1.0.pdf
# - __serialized_columns__:
#     Enclosure Temperature:
#       __class__: astropy.units.quantity.Quantity
#       unit: &id001 !astropy.units.Unit {unit: deg_C}
#       value: !astropy.table.SerializedColumn {name: Enclosure Temperature}
#     Frequency:
#       __class__: astropy.units.quantity.Quantity
#       unit: !astropy.units.Unit {unit: Hz}
#       value: !astropy.table.SerializedColumn {name: Frequency}
#     MSAS:
#       __class__: astropy.units.quantity.Quantity
#       unit: !astropy.units.Unit {unit: mag / arcsec2}
#       value: !astropy.table.SerializedColumn {name: MSAS}
#     Moon Alt:
#       __class__: astropy.units.quantity.Quantity
#       unit: &id002 !astropy.units.Unit {unit: deg}
#       value: !astropy.table.SerializedColumn {name: Moon Alt}
#     Sky Temperature:
#       __class__: astropy.units.quantity.Quantity
#       unit: *id001
#       value: !astropy.table.SerializedColumn {name: Sky Temperature}
#     Sun Alt:
#       __class__: astropy.units.quantity.Quantity
#       unit: *id002
#       value: !astropy.table.SerializedColumn {name: Sun Alt}
#     time:
#       __class__: astropy.time.core.Time
#       format: isot
#       in_subfmt: '*'
#       out_subfmt: '*'
#       precision: 3
#       scale: utc
#       value: !astropy.table.SerializedColumn {name: time}
# schema: astropy-2.0
time,Enclosure Temperature,Sky Temperature,Frequency,MSAS,ZP,Sequence Number,Sun Alt,Moon Alt,Moon Illumination
[from data line 12962]
2024-04-25T03:44:48.000,5.63,-20.4,8.7,17.96,20.31,124109,-15.17,16.0,0.986
2024-04-25T03:45:48.000,5.68,-20.32,8.28,18.02,20.31,124110,-15.01,16.0,0.986
2024-04-25T03:46:49.000,5.72,-20.74,7.61,18.11,20.31,124111,-14.85,16.0,0.986
2024-04-25T03:47:49.000,5.77,-21.29,6.71,18.24,20.31,124112,-14.69,15.0,0.986
2024-04-25T03:48:49.000,5.71,-22.02,5.74,18.41,20.31,124113,-14.54,15.0,0.986
2024-04-25T03:49:49.000,5.69,-22.26,5.57,18.45,20.31,124114,-14.38,15.0,0.986
2024-04-25T03:50:49.000,5.7,-22.37,5.63,18.43,20.31,124115,-14.22,15.0,0.986
2024-04-25T03:51:49.000,5.69,-22.42,5.39,18.48,20.31,124116,-14.06,15.0,0.986
2024-04-25T03:52:49.000,5.69,-22.17,5.34,18.49,20.31,124117,-13.9,15.0,0.986
2024-04-25T03:53:50.000,5.68,-22.02,5.32,18.5,20.31,124118,-13.73,15.0,0.986
2024-04-25T03:54:50.000,5.61,-22.22,5.62,18.44,20.31,124119,-13.57,15.0,0.986
2024-04-25T03:55:50.000,5.53,-22.14,6.25,18.32,20.31,124120,-13.41,14.0,0.986
2024-04-25T03:56:50.000,5.49,-22.42,6.54,18.27,20.31,124121,-13.25,14.0,0.986
2024-04-25T03:57:50.000,5.45,-22.9,6.45,18.29,20.31,124122,-13.09,14.0,0.986
2024-04-25T03:58:50.000,5.42,-23.47,6.16,18.34,20.31,124123,-12.93,14.0,0.986
2024-04-25T03:59:50.000,5.31,-24.07,5.76,18.41,20.31,124124,-12.76,14.0,0.986
2024-04-25T04:00:51.000,5.28,-24.25,5.4,18.48,20.31,124125,-12.6,14.0,0.986
2024-04-25T04:01:51.000,5.24,-24.5,5.37,18.49,20.31,124126,-12.43,14.0,0.986
2024-04-25T04:02:51.000,5.21,-24.38,5.6,18.44,20.31,124127,-12.27,13.0,0.986
2024-04-25T04:03:51.000,5.21,-24.17,5.85,18.39,20.31,124128,-12.11,13.0,0.986
2024-04-25T04:04:51.000,5.21,-23.82,6.25,18.32,20.31,124129,-11.94,13.0,0.986
2024-04-25T04:05:51.000,5.21,-23.55,6.84,18.22,20.31,124130,-11.78,13.0,0.986
2024-04-25T04:06:51.000,5.2,-23.21,7.33,18.15,20.31,124131,-11.61,13.0,0.986
2024-04-25T04:07:51.000,5.17,-22.98,7.84,18.07,20.31,124132,-11.45,13.0,0.986
2024-04-25T04:08:51.000,5.16,-22.79,8.68,17.96,20.31,124133,-11.28,13.0,0.986
2024-04-25T04:09:51.000,5.13,-22.64,9.96,17.82,20.31,124134,-11.12,13.0,0.986
2024-04-25T04:10:51.000,5.14,-22.54,10.57,17.75,20.31,124135,-10.95,12.0,0.986
2024-04-25T04:11:51.000,5.15,-22.79,10.34,17.77,20.31,124136,-10.79,12.0,0.986
2024-04-25T04:12:52.000,5.12,-23.15,10.3,17.78,20.31,124137,-10.62,12.0,0.986
2024-04-25T04:13:52.000,5.07,-23.17,10.81,17.73,20.31,124138,-10.45,12.0,0.986
2024-04-25T04:14:52.000,5.12,-23.04,11.83,17.63,20.31,124139,-10.28,12.0,0.986
2024-04-25T04:15:52.000,5.13,-22.98,13.43,17.49,20.31,124140,-10.12,12.0,0.986
2024-04-25T04:16:52.000,5.12,-22.72,15.55,17.33,20.31,124141,-9.95,12.0,0.986
2024-04-25T04:17:53.000,5.13,-22.41,17.58,17.2,20.31,124142,-9.78,11.0,0.986
2024-04-25T04:18:53.000,5.16,-22.08,19.76,17.07,20.31,124143,-9.61,11.0,0.986
2024-04-25T04:19:53.000,5.17,-21.87,22.18,16.95,20.31,124144,-9.44,11.0,0.986
2024-04-25T04:20:53.000,5.18,-21.7,25.03,16.81,20.31,124145,-9.27,11.0,0.986
2024-04-25T04:21:53.000,5.15,-21.56,28.68,16.67,20.31,124146,-9.11,11.0,0.986
2024-04-25T04:22:53.000,5.19,-21.12,33.27,16.51,20.31,124147,-8.94,11.0,0.986
2024-04-25T04:23:53.000,5.18,-20.99,39.2,16.33,20.31,124148,-8.77,11.0,0.986
2024-04-25T04:24:54.000,5.18,-20.62,46.22,16.15,20.31,124149,-8.59,10.0,0.986
2024-04-25T04:25:54.000,5.16,-20.17,56.32,15.94,20.31,124150,-8.42,10.0,0.986
2024-04-25T04:26:54.000,5.17,-19.55,69.09,15.71,20.31,124151,-8.25,10.0,0.986
2024-04-25T04:27:54.000,5.19,-18.85,83.95,15.5,20.31,124152,-8.08,10.0,0.986
2024-04-25T04:28:54.000,5.21,-18.14,101.87,15.29,20.31,124153,-7.91,10.0,0.986
2024-04-25T04:29:54.000,5.28,-17.29,124.85,15.07,20.31,124154,-7.74,10.0,0.986
2024-04-25T04:30:54.000,5.33,-16.86,151.14,14.86,20.31,124155,-7.57,10.0,0.986
2024-04-25T04:31:55.000,5.38,-16.19,180.58,14.67,20.31,124156,-7.4,9.0,0.986
2024-04-25T04:32:55.000,5.43,-15.84,215.89,14.48,20.31,124157,-7.23,9.0,0.986
2024-04-25T04:33:55.000,5.45,-15.55,260.09,14.27,20.31,124158,-7.05,9.0,0.986
2024-04-25T04:34:55.000,5.41,-15.54,315.71,14.06,20.31,124159,-6.88,9.0,0.985
2024-04-25T04:35:55.000,5.45,-14.96,381.76,13.86,20.31,124160,-6.71,9.0,0.985
2024-04-25T04:36:55.000,5.5,-14.62,460.18,13.65,20.31,124161,-6.54,9.0,0.985
2024-04-25T04:37:56.000,5.57,-14.46,560.24,13.44,20.31,124162,-6.36,9.0,0.985
2024-04-25T04:38:56.000,5.67,-14.06,688.99,13.22,20.31,124163,-6.19,8.0,0.985
2024-04-25T04:39:56.000,5.68,-14.54,849.07,12.99,20.31,124164,-6.02,8.0,0.985
2024-04-25T04:40:56.000,5.68,-14.41,1053.3,12.76,20.31,124165,-5.84,8.0,0.985
2024-04-25T04:41:57.000,5.66,-14.47,1310.44,12.52,20.31,124166,-5.67,8.0,0.985
2024-04-25T04:42:57.000,5.69,-14.59,1633.22,12.28,20.31,124167,-5.49,8.0,0.985
2024-04-25T04:43:57.000,5.75,-14.67,2039.19,12.04,20.31,124168,-5.32,8.0,0.985
2024-04-25T04:44:57.000,5.78,-14.76,2543.4,11.8,20.31,124169,-5.14,7.0,0.985
2024-04-25T04:45:57.000,5.76,-14.95,3132.61,11.57,20.31,124170,-4.97,7.0,0.985
2024-04-25T04:46:57.000,5.81,-14.6,3805.22,11.36,20.31,124171,-4.79,7.0,0.985
2024-04-25T04:47:58.000,5.83,-14.47,4621.98,11.15,20.31,124172,-4.62,7.0,0.985
2024-04-25T04:48:58.000,5.88,-14.16,5594.88,10.94,20.31,124173,-4.44,7.0,0.985
2024-04-25T04:49:58.000,5.9,-13.99,6718.67,10.74,20.31,124174,-4.27,7.0,0.985
2024-04-25T04:50:58.000,5.88,-13.76,8002.43,10.55,20.31,124175,-4.09,7.0,0.985
2024-04-25T04:51:58.000,5.86,-13.45,9436.53,10.37,20.31,124176,-3.91,6.0,0.985
2024-04-25T04:52:58.000,5.95,-12.84,11127.44,10.2,20.31,124177,-3.74,6.0,0.985
2024-04-25T04:53:59.000,6.05,-12.73,13166.64,10.01,20.31,124178,-3.56,6.0,0.985
2024-04-25T04:54:59.000,5.83,-12.67,15592.93,9.83,20.31,124179,-3.38,6.0,0.985
2024-04-25T04:55:59.000,5.26,-12.07,18481.57,9.64,20.31,124180,-3.21,6.0,0.985
2024-04-25T04:56:59.000,4.85,-11.59,21851.29,9.46,20.31,124181,-3.03,6.0,0.985
2024-04-25T04:57:59.000,4.83,-11.93,25486.88,9.37,20.31,124182,-2.85,5.0,0.985
2024-04-25T04:58:59.000,5.03,-11.96,30249.8,9.11,20.31,124183,-2.67,5.0,0.985
2024-04-25T05:00:00.000,5.0,-11.8,35339.33,8.94,20.31,124184,-2.49,5.0,0.985
2024-04-25T05:01:00.000,4.9,-11.65,41101.32,8.78,20.31,124185,-2.32,5.0,0.985
2024-04-25T05:02:00.000,5.02,-11.82,48149.98,8.6,20.31,124186,-2.14,5.0,0.985
2024-04-25T05:03:00.000,4.94,-11.58,57035.04,8.42,20.31,124187,-1.96,5.0,0.985
2024-04-25T05:04:01.000,4.96,-11.34,54178.2,2.58,20.31,124188,-1.78,5.0,0.985
2024-04-25T05:05:01.000,5.04,-11.27,50000.0,0.0,20.31,124189,-1.6,4.0,0.985
2024-04-25T05:06:01.000,4.87,-10.92,50000.0,0.0,20.31,124190,-1.42,4.0,0.985
2024-04-25T05:07:01.000,4.99,-10.94,50000.0,0.0,20.31,124191,-1.24,4.0,0.985
2024-04-25T05:08:01.000,5.02,-10.48,50000.0,0.0,20.31,124192,-1.07,4.0,0.985
2024-04-25T05:09:01.000,4.93,-10.17,49450.66,0.2,20.31,124193,-0.89,4.0,0.985
2024-04-25T05:10:01.000,5.03,-10.2,49495.16,0.17,20.31,124194,-0.71,4.0,0.985
2024-04-25T05:11:01.000,4.92,-10.05,50000.0,0.0,20.31,124195,-0.53,3.0,0.985
2024-04-25T05:12:02.000,5.04,-10.05,50000.0,0.0,20.31,124196,-0.35,3.0,0.985
2024-04-25T05:13:02.000,4.95,-9.9,50000.0,0.0,20.31,124197,-0.17,3.0,0.985
2024-04-25T05:21:04.000,4.94,-10.43,50000.0,0.0,20.31,124205,1.28,2.0,0.985
2024-04-25T05:22:04.000,5.03,-10.43,50000.0,0.0,20.31,124206,1.46,2.0,0.985
2024-04-25T05:23:04.000,4.94,-10.28,50000.0,0.0,20.31,124207,1.65,2.0,0.985
2024-04-25T05:24:04.000,5.04,-10.38,49722.39,0.09,20.31,124208,1.83,1.0,0.985
2024-04-25T05:25:04.000,5.03,-10.09,50000.0,0.0,20.31,124209,2.01,1.0,0.985
2024-04-25T05:26:05.000,4.9,-10.2,50000.0,0.0,20.31,124210,2.19,1.0,0.985
2024-04-25T05:27:05.000,5.05,-10.27,50000.0,0.0,20.31,124211,2.38,1.0,0.985
2024-04-25T18:21:18.000,6.11,4.82,50000.0,0.0,20.31,124983,5.14,-26.0,0.969
2024-04-25T18:22:18.000,6.09,4.88,50000.0,0.0,20.31,124984,4.96,-26.0,0.969
2024-04-25T18:23:18.000,6.12,5.16,50000.0,0.0,20.31,124985,4.77,-26.0,0.969
2024-04-25T18:24:18.000,6.18,5.36,49719.33,0.09,20.31,124986,4.59,-25.0,0.969
2024-04-25T18:25:18.000,6.25,5.49,50000.0,0.0,20.31,124987,4.41,-25.0,0.969
2024-04-25T18:26:18.000,6.29,5.49,50000.0,0.0,20.31,124988,4.23,-25.0,0.969
2024-04-25T18:27:18.000,6.32,5.55,50000.0,0.0,20.31,124989,4.04,-25.0,0.969
2024-04-25T18:31:18.000,6.38,5.49,50000.0,0.0,20.31,124993,3.31,-24.0,0.968
2024-04-25T18:32:19.000,6.4,5.61,50000.0,0.0,20.31,124994,3.13,-24.0,0.968
2024-04-25T18:33:19.000,6.36,5.47,50000.0,0.0,20.31,124995,2.95,-24.0,0.968
2024-04-25T18:34:19.000,6.25,5.12,49729.84,0.09,20.31,124996,2.76,-24.0,0.968
2024-04-25T18:35:19.000,6.14,4.98,50000.0,0.0,20.31,124997,2.58,-23.0,0.968
2024-04-25T18:36:19.000,6.05,4.95,50000.0,0.0,20.31,124998,2.4,-23.0,0.968
2024-04-25T18:37:19.000,6.02,5.05,50000.0,0.0,20.31,124999,2.22,-23.0,0.968
2024-04-25T18:50:21.000,5.91,4.71,50000.0,0.0,20.31,125012,-0.13,-21.0,0.968
2024-04-25T18:51:21.000,5.85,4.63,50000.0,0.0,20.31,125013,-0.31,-21.0,0.968
2024-04-25T18:52:21.000,5.83,4.64,50000.0,0.0,20.31,125014,-0.49,-20.0,0.968
2024-04-25T18:53:21.000,5.81,4.7,51370.93,0.83,20.31,125015,-0.67,-20.0,0.968
2024-04-25T18:54:21.000,5.82,4.74,58434.54,6.57,20.31,125016,-0.85,-20.0,0.968
2024-04-25T18:55:21.000,5.84,4.67,50000.0,0.0,20.31,125017,-1.02,-20.0,0.968
2024-04-25T18:56:21.000,5.86,4.72,53579.19,8.3,20.31,125018,-1.2,-20.0,0.968
2024-04-25T18:57:21.000,5.87,4.66,39483.73,8.82,20.31,125019,-1.38,-20.0,0.968
2024-04-25T18:58:22.000,5.87,4.56,35668.87,8.93,20.31,125020,-1.56,-19.0,0.968
2024-04-25T18:59:22.000,5.86,4.53,32793.21,9.24,20.31,125021,-1.74,-19.0,0.968
2024-04-25T19:00:22.000,5.92,4.82,26308.5,9.58,20.31,125022,-1.92,-19.0,0.968
2024-04-25T19:01:22.000,5.93,4.56,23810.9,9.37,20.31,125023,-2.09,-19.0,0.968
2024-04-25T19:02:22.000,5.91,4.51,21547.51,9.48,20.31,125024,-2.27,-19.0,0.968
2024-04-25T19:03:22.000,5.87,4.44,22174.9,9.45,20.31,125025,-2.45,-19.0,0.968
2024-04-25T19:04:22.000,5.87,4.52,25711.76,9.29,20.31,125026,-2.63,-18.0,0.968
2024-04-25T19:05:22.000,5.88,4.72,22354.07,9.44,20.31,125027,-2.8,-18.0,0.968
2024-04-25T19:06:22.000,5.87,4.46,14282.71,9.93,20.31,125028,-2.98,-18.0,0.968
2024-04-25T19:07:23.000,6.01,4.36,10888.81,10.22,20.31,125029,-3.16,-18.0,0.968
2024-04-25T19:08:23.000,6.52,4.32,8458.2,10.5,20.31,125030,-3.33,-18.0,0.967
2024-04-25T19:09:23.000,7.13,4.8,6156.47,10.84,20.31,125031,-3.51,-18.0,0.967
2024-04-25T19:10:23.000,7.76,5.47,5265.51,11.01,20.31,125032,-3.69,-17.0,0.967
2024-04-25T19:11:23.000,8.3,5.7,5772.51,10.91,20.31,125033,-3.86,-17.0,0.967
2024-04-25T19:12:23.000,8.7,5.86,7741.08,10.59,20.31,125034,-4.04,-17.0,0.967
2024-04-25T19:13:23.000,9.07,6.34,6897.11,10.72,20.31,125035,-4.21,-17.0,0.967
2024-04-25T19:14:23.000,9.38,6.66,5685.93,10.92,20.31,125036,-4.39,-17.0,0.967
2024-04-25T19:15:23.000,9.6,6.47,4124.29,11.28,20.31,125037,-4.56,-16.0,0.967
2024-04-25T19:16:23.000,9.86,7.1,3013.82,11.62,20.31,125038,-4.74,-16.0,0.967
2024-04-25T19:17:24.000,10.16,8.22,2709.02,11.73,20.31,125039,-4.91,-16.0,0.967
2024-04-25T19:18:24.000,10.12,8.47,2733.64,11.72,20.31,125040,-5.09,-16.0,0.967
2024-04-25T19:19:24.000,9.86,7.91,2483.48,11.82,20.31,125041,-5.26,-16.0,0.967
2024-04-25T19:20:24.000,9.91,7.82,1993.0,12.06,20.31,125042,-5.43,-16.0,0.967
2024-04-25T19:21:24.000,10.06,8.06,1587.91,12.31,20.31,125043,-5.61,-15.0,0.967
2024-04-25T19:22:24.000,9.9,8.02,1260.22,12.56,20.31,125044,-5.78,-15.0,0.967
2024-04-25T19:23:24.000,9.9,7.61,949.19,12.87,20.31,125045,-5.95,-15.0,0.967
2024-04-25T19:24:25.000,10.03,7.64,794.91,13.06,20.31,125046,-6.13,-15.0,0.967
2024-04-25T19:25:25.000,9.94,7.91,640.79,13.3,20.31,125047,-6.3,-15.0,0.967
2024-04-25T19:26:25.000,9.94,7.69,523.38,13.51,20.31,125048,-6.47,-15.0,0.967
2024-04-25T19:27:25.000,10.02,7.8,457.6,13.66,20.31,125049,-6.64,-14.0,0.967
2024-04-25T19:28:25.000,9.83,7.42,372.83,13.89,20.31,125050,-6.82,-14.0,0.967
2024-04-25T19:29:25.000,9.82,7.17,277.98,14.21,20.31,125051,-6.99,-14.0,0.967
2024-04-25T19:30:26.000,9.83,6.66,221.3,14.45,20.31,125052,-7.16,-14.0,0.967
2024-04-25T19:31:25.000,9.76,6.26,190.09,14.61,20.31,125053,-7.33,-14.0,0.967
2024-04-25T19:32:25.000,9.59,5.69,162.2,14.79,20.31,125054,-7.5,-14.0,0.967
2024-04-25T19:33:26.000,9.23,4.58,156.83,14.82,20.31,125055,-7.67,-13.0,0.967
2024-04-25T19:34:26.000,8.88,3.96,139.48,14.95,20.31,125056,-7.84,-13.0,0.967
2024-04-25T19:35:26.000,8.64,3.6,116.58,15.15,20.31,125057,-8.01,-13.0,0.967
2024-04-25T19:36:26.000,8.38,3.1,94.39,15.38,20.31,125058,-8.18,-13.0,0.967
2024-04-25T19:37:26.000,8.22,3.06,72.31,15.66,20.31,125059,-8.35,-13.0,0.967
2024-04-25T19:38:26.000,8.07,3.08,57.54,15.91,20.31,125060,-8.52,-13.0,0.967
2024-04-25T19:39:26.000,7.98,3.03,43.67,16.21,20.31,125061,-8.69,-12.0,0.967
2024-04-25T19:40:26.000,7.91,3.01,33.18,16.51,20.31,125062,-8.86,-12.0,0.967
2024-04-25T19:41:26.000,7.88,3.43,25.93,16.78,20.31,125063,-9.03,-12.0,0.967
2024-04-25T19:42:26.000,7.85,3.15,21.11,17.0,20.31,125064,-9.2,-12.0,0.967
2024-04-25T19:43:26.000,7.77,2.9,17.68,17.19,20.31,125065,-9.36,-12.0,0.967
2024-04-25T19:44:27.000,7.74,3.07,15.2,17.36,20.31,125066,-9.53,-12.0,0.967
2024-04-25T19:45:27.000,7.71,3.03,13.04,17.52,20.31,125067,-9.7,-11.0,0.967
2024-04-25T19:46:27.000,7.68,2.96,11.09,17.7,20.31,125068,-9.87,-11.0,0.967
2024-04-25T19:47:27.000,7.59,2.73,9.57,17.86,20.31,125069,-10.04,-11.0,0.967
2024-04-25T19:48:27.000,7.6,3.25,8.23,18.02,20.31,125070,-10.2,-11.0,0.966
2024-04-25T19:49:27.000,7.65,3.61,7.11,18.18,20.31,125071,-10.37,-11.0,0.966
2024-04-25T19:50:27.000,7.73,3.72,6.12,18.34,20.31,125072,-10.53,-11.0,0.966
2024-04-25T19:51:27.000,7.7,3.36,5.34,18.49,20.31,125073,-10.7,-10.0,0.966
2024-04-25T19:52:27.000,7.64,3.19,4.65,18.64,20.31,125074,-10.87,-10.0,0.966
2024-04-25T19:53:27.000,7.56,3.0,4.05,18.79,20.31,125075,-11.03,-10.0,0.966
2024-04-25T19:54:27.000,7.51,2.88,3.55,18.94,20.31,125076,-11.2,-10.0,0.966
2024-04-25T19:55:27.000,7.47,2.91,3.11,19.08,20.31,125077,-11.36,-10.0,0.966
2024-04-25T19:56:27.000,7.45,2.98,2.74,19.22,20.31,125078,-11.52,-10.0,0.966
2024-04-25T19:57:28.000,7.45,3.01,2.42,19.35,20.31,125079,-11.69,-9.0,0.966
2024-04-25T19:58:28.000,7.44,3.11,2.13,19.49,20.31,125080,-11.85,-9.0,0.966
2024-04-25T19:59:28.000,7.45,3.1,1.89,19.62,20.31,125081,-12.02,-9.0,0.966
2024-04-25T20:00:28.000,7.44,3.09,1.68,19.75,20.31,125082,-12.18,-9.0,0.966
2024-04-25T20:01:28.000,7.45,3.21,1.5,19.87,20.31,125083,-12.34,-9.0,0.966
2024-04-25T20:02:28.000,7.44,3.06,1.34,19.99,20.31,125084,-12.51,-9.0,0.966
2024-04-25T20:03:28.000,7.42,3.18,1.21,20.11,20.31,125085,-12.67,-8.0,0.966
2024-04-25T20:04:28.000,7.42,3.09,1.09,20.22,20.31,125086,-12.83,-8.0,0.966
2024-04-25T20:05:29.000,7.37,2.93,0.99,20.32,20.31,125087,-12.99,-8.0,0.966
2024-04-25T20:06:29.000,7.35,2.97,0.91,20.42,20.31,125088,-13.16,-8.0,0.966
2024-04-25T20:07:29.000,7.31,2.77,0.83,20.51,20.31,125089,-13.32,-8.0,0.966
2024-04-25T20:08:29.000,7.28,2.82,0.77,20.6,20.31,125090,-13.48,-8.0,0.966
2024-04-25T20:09:29.000,7.25,2.69,0.71,20.68,20.31,125091,-13.64,-7.0,0.966
2024-04-25T20:10:29.000,7.25,2.82,0.66,20.76,20.31,125092,-13.8,-7.0,0.966
2024-04-25T20:11:29.000,7.24,2.71,0.62,20.83,20.31,125093,-13.96,-7.0,0.966
2024-04-25T20:12:29.000,7.26,2.95,0.58,20.9,20.31,125094,-14.12,-7.0,0.966
2024-04-25T20:13:29.000,7.27,2.86,0.55,20.96,20.31,125095,-14.27,-7.0,0.966
2024-04-25T20:14:29.000,7.29,3.02,0.52,21.01,20.31,125096,-14.43,-7.0,0.966
2024-04-25T20:15:29.000,7.32,3.07,0.5,21.06,20.31,125097,-14.59,-6.0,0.966
2024-04-25T20:16:29.000,7.32,2.98,0.48,21.1,20.31,125098,-14.75,-6.0,0.966
2024-04-25T20:17:29.000,7.35,3.15,0.47,21.14,20.31,125099,-14.91,-6.0,0.966
2024-04-25T20:18:29.000,7.39,2.89,0.45,21.18,20.31,125100,-15.06,-6.0,0.966
2024-04-25T20:19:29.000,7.46,1.0,0.44,21.21,20.31,125101,-15.22,-6.0,0.966
2024-04-25T20:20:30.000,7.57,-8.53,0.43,21.23,20.31,125102,-15.38,-6.0,0.966
2024-04-25T20:21:30.000,7.66,-9.16,0.42,21.26,20.31,125103,-15.53,-5.0,0.966
2024-04-25T20:22:30.000,7.68,-9.99,0.41,21.28,20.31,125104,-15.69,-5.0,0.966
2024-04-25T20:23:30.000,7.65,-11.05,0.4,21.29,20.31,125105,-15.85,-5.0,0.966
2024-04-25T20:24:30.000,7.7,-12.69,0.4,21.31,20.31,125106,-16.0,-5.0,0.966
