ecsv/stars608/stars608_2025-04.ecsv
# %ECSV 1.0
# ---
# datatype:
# - {name: time, datatype: string}
# - {name: Enclosure Temperature, unit: deg_C, datatype: float64}
# - {name: Sky Temperature, unit: deg_C, datatype: float64}
# - {name: Frequency, unit: Hz, datatype: float64}
# - {name: MSAS, unit: mag / arcsec2, datatype: float64}
# - {name: ZP, datatype: float64}
# - {name: Sequence Number, datatype: int64}
# - {name: Sun Alt, unit: deg, datatype: float64}
# - {name: Moon Alt, unit: deg, datatype: float64}
# - {name: Moon Illumination, datatype: float64}
# delimiter: ','
# meta: !!omap
# - ida:
#     Data supplier: {affiliation: Stupa Observatory, observer: Xavier Rubia}
#     Device type: TESS-W
#     Field of view: 17.0
#     Filters per channel: None
#     Instrument ID: stars608
#     License: ODbL 1.0 http://opendatacommons.org/licenses/odbl/summary/
#     Local timezone: Europe/Madrid
#     Location name: {country: Spain, place: Centelles, region: Catalonia, sub_region: Barcelona, town: Centelles}
#     Measurement direction per channel: {azimuth: 0.0, zenital: 0.0}
#     Moving / Fixed look direction: FIXED
#     Moving / Stationary position: STATIONARY
#     Number of channels: 1
#     Number of fields per line: 8
#     Number of header lines: 35
#     Position: {height: 0.0, latitude: 41.7735198, longitude: 2.24019}
#     TESS MAC address: 84:CC:A8:B1:81:B9
#     TESS cover offset value: 0.0
#     TESS firmware version: '1.0'
#     TESS zero point: 20.3
#     Time Synchronization: timestamp added by MQTT subscriber
#     URL: http://www.darksky.org/NSBM/sdf1.0.pdf
# - __serialized_columns__:
#     Enclosure Temperature:
#       __class__: astropy.units.quantity.Quantity
#       unit: &id001 !astropy.units.Unit {unit: deg_C}
#       value: !astropy.table.SerializedColumn {name: Enclosure Temperature}
#     Frequency:
#       __class__: astropy.units.quantity.Quantity
#       unit: !astropy.units.Unit {unit: Hz}
#       value: !astropy.table.SerializedColumn {name: Frequency}
#     MSAS:
#       __class__: astropy.units.quantity.Quantity
#       unit: !astropy.units.Unit {unit: mag / arcsec2}
#       value: !astropy.table.SerializedColumn {name: MSAS}
#     Moon Alt:
#       __class__: astropy.units.quantity.Quantity
#       unit: &id002 !astropy.units.Unit {unit: deg}
#       value: !astropy.table.SerializedColumn {name: Moon Alt}
#     Sky Temperature:
#       __class__: astropy.units.quantity.Quantity
#       unit: *id001
#       value: !astropy.table.SerializedColumn {name: Sky Temperature}
#     Sun Alt:
#       __class__: astropy.units.quantity.Quantity
#       unit: *id002
#       value: !astropy.table.SerializedColumn {name: Sun Alt}
#     time:
#       __class__: astropy.time.core.Time
#       format: isot
#       in_subfmt: '*'
#       out_subfmt: '*'
#       precision: 3
#       scale: utc
#       value: !astropy.table.SerializedColumn {name: time}
# schema: astropy-2.0
time,Enclosure Temperature,Sky Temperature,Frequency,MSAS,ZP,Sequence Number,Sun Alt,Moon Alt,Moon Illumination
[from data line 7502]
2025-04-12T21:12:24.000,17.42,12.16,22.18,16.94,20.3,117733,-27.48,27.0,0.999
2025-04-12T21:13:24.000,17.44,12.36,21.85,16.95,20.3,117734,-27.61,27.0,0.999
2025-04-12T21:14:24.000,17.48,12.3,21.6,16.96,20.3,117735,-27.74,27.0,0.999
2025-04-12T21:15:24.000,17.47,12.2,21.67,16.96,20.3,117736,-27.88,27.0,0.999
2025-04-12T21:16:24.000,17.44,12.22,22.08,16.94,20.3,117737,-28.01,27.0,0.999
2025-04-12T21:17:24.000,17.43,12.16,22.53,16.92,20.3,117738,-28.14,27.0,0.999
2025-04-12T21:18:24.000,17.41,11.99,22.68,16.91,20.3,117739,-28.27,27.0,0.999
2025-04-12T21:19:24.000,17.37,11.99,22.65,16.91,20.3,117740,-28.4,27.0,0.999
2025-04-12T21:20:24.000,17.37,11.99,22.57,16.92,20.3,117741,-28.52,27.0,0.999
2025-04-12T21:21:25.000,17.34,11.92,22.13,16.94,20.3,117742,-28.65,28.0,1.0
2025-04-12T21:22:25.000,17.32,12.07,21.45,16.97,20.3,117743,-28.78,28.0,1.0
2025-04-12T21:23:25.000,17.32,12.22,21.01,16.99,20.3,117744,-28.91,28.0,1.0
2025-04-12T21:24:25.000,17.39,12.24,20.61,17.01,20.3,117745,-29.04,28.0,1.0
2025-04-12T21:25:25.000,17.48,12.29,20.33,17.03,20.3,117746,-29.16,28.0,1.0
2025-04-12T21:26:25.000,17.47,12.13,20.03,17.05,20.3,117747,-29.29,28.0,1.0
2025-04-12T21:27:25.000,17.37,11.99,19.87,17.05,20.3,117748,-29.41,28.0,1.0
2025-04-12T21:28:26.000,17.3,11.91,19.85,17.06,20.3,117749,-29.54,28.0,1.0
2025-04-12T21:29:26.000,17.22,11.83,20.09,17.04,20.3,117750,-29.66,29.0,1.0
2025-04-12T21:30:26.000,17.22,11.94,20.18,17.04,20.3,117751,-29.78,29.0,1.0
2025-04-12T21:31:26.000,17.23,11.86,20.55,17.02,20.3,117752,-29.9,29.0,1.0
2025-04-12T21:32:26.000,17.25,11.84,20.59,17.02,20.3,117753,-30.03,29.0,1.0
2025-04-12T21:33:26.000,17.25,11.93,20.53,17.02,20.3,117754,-30.15,29.0,1.0
2025-04-12T21:34:26.000,17.27,12.02,20.51,17.02,20.3,117755,-30.27,29.0,1.0
2025-04-12T21:35:26.000,17.31,12.09,20.35,17.03,20.3,117756,-30.39,29.0,1.0
2025-04-12T21:36:26.000,17.27,11.77,19.98,17.05,20.3,117757,-30.51,29.0,1.0
2025-04-12T21:37:27.000,17.2,11.64,19.65,17.07,20.3,117758,-30.63,29.0,1.0
2025-04-12T21:38:27.000,17.16,11.77,19.53,17.07,20.3,117759,-30.74,29.0,1.0
2025-04-12T21:39:27.000,17.16,11.72,19.67,17.07,20.3,117760,-30.86,30.0,1.0
2025-04-12T21:40:27.000,17.15,11.61,19.9,17.05,20.3,117761,-30.98,30.0,1.0
2025-04-12T21:41:27.000,17.15,11.58,19.9,17.05,20.3,117762,-31.09,30.0,1.0
2025-04-12T21:42:27.000,17.13,11.46,19.94,17.05,20.3,117763,-31.21,30.0,1.0
2025-04-12T21:43:27.000,17.07,11.46,19.67,17.07,20.3,117764,-31.32,30.0,1.0
2025-04-12T21:44:27.000,17.05,11.55,19.78,17.06,20.3,117765,-31.44,30.0,1.0
2025-04-12T21:45:28.000,17.06,11.74,20.12,17.04,20.3,117766,-31.55,30.0,1.0
2025-04-12T21:46:28.000,17.03,11.76,20.63,17.01,20.3,117767,-31.66,30.0,1.0
2025-04-12T21:47:28.000,17.02,11.82,20.97,17.0,20.3,117768,-31.78,30.0,1.0
2025-04-12T21:48:28.000,17.05,11.86,21.31,16.98,20.3,117769,-31.89,30.0,1.0
2025-04-12T21:49:28.000,17.05,11.76,21.92,16.95,20.3,117770,-32.0,31.0,1.0
2025-04-12T21:50:28.000,17.08,11.7,22.84,16.9,20.3,117771,-32.11,31.0,1.0
2025-04-12T21:51:28.000,17.07,11.53,24.01,16.85,20.3,117772,-32.22,31.0,1.0
2025-04-12T21:52:28.000,17.04,11.34,24.79,16.81,20.3,117773,-32.32,31.0,1.0
2025-04-12T21:53:29.000,17.01,11.19,25.78,16.77,20.3,117774,-32.43,31.0,1.0
2025-04-12T21:54:29.000,17.01,11.04,26.58,16.74,20.3,117775,-32.54,31.0,1.0
2025-04-12T21:55:29.000,17.04,11.02,27.13,16.72,20.3,117776,-32.65,31.0,1.0
2025-04-12T21:56:29.000,17.04,11.24,27.17,16.71,20.3,117777,-32.75,31.0,1.0
2025-04-12T21:57:29.000,17.05,11.63,27.31,16.71,20.3,117778,-32.86,31.0,1.0
2025-04-12T21:58:29.000,17.09,11.81,27.95,16.68,20.3,117779,-32.96,31.0,1.0
2025-04-12T21:59:29.000,17.05,11.81,28.94,16.65,20.3,117780,-33.07,32.0,1.0
2025-04-12T22:00:29.000,17.03,11.85,29.34,16.63,20.3,117781,-33.17,32.0,1.0
2025-04-12T22:01:29.000,17.02,11.79,29.38,16.63,20.3,117782,-33.27,32.0,1.0
2025-04-12T22:02:29.000,17.04,11.78,29.0,16.64,20.3,117783,-33.37,32.0,1.0
2025-04-12T22:03:29.000,17.07,11.68,28.36,16.67,20.3,117784,-33.47,32.0,1.0
2025-04-12T22:04:30.000,17.09,11.5,27.28,16.71,20.3,117785,-33.57,32.0,1.0
2025-04-12T22:05:30.000,17.06,11.33,26.23,16.75,20.3,117786,-33.67,32.0,1.0
2025-04-12T22:06:30.000,17.03,11.18,25.69,16.78,20.3,117787,-33.77,32.0,1.0
2025-04-12T22:07:30.000,16.97,10.88,25.74,16.77,20.3,117788,-33.87,32.0,1.0
2025-04-12T22:08:30.000,16.91,10.58,26.08,16.76,20.3,117789,-33.96,32.0,1.0
2025-04-12T22:09:30.000,16.82,10.31,26.83,16.73,20.3,117790,-34.06,32.0,1.0
2025-04-12T22:10:30.000,16.75,9.75,28.35,16.67,20.3,117791,-34.16,32.0,1.0
2025-04-12T22:11:30.000,16.65,9.07,29.71,16.62,20.3,117792,-34.25,33.0,1.0
2025-04-12T22:12:31.000,16.58,8.48,29.68,16.62,20.3,117793,-34.35,33.0,1.0
2025-04-12T22:13:31.000,16.45,8.07,30.35,16.59,20.3,117794,-34.44,33.0,1.0
2025-04-12T22:14:31.000,16.31,8.09,29.58,16.62,20.3,117795,-34.53,33.0,1.0
2025-04-12T22:15:31.000,16.23,8.13,28.77,16.65,20.3,117796,-34.62,33.0,1.0
2025-04-12T22:16:31.000,16.19,8.29,29.07,16.64,20.3,117797,-34.71,33.0,1.0
2025-04-12T22:17:31.000,16.15,8.35,29.13,16.64,20.3,117798,-34.8,33.0,1.0
2025-04-12T22:18:31.000,16.06,7.43,30.2,16.6,20.3,117799,-34.89,33.0,1.0
2025-04-12T22:19:31.000,16.0,6.38,32.78,16.51,20.3,117800,-34.98,33.0,1.0
2025-04-12T22:20:32.000,15.92,5.8,33.39,16.49,20.3,117801,-35.07,33.0,1.0
2025-04-12T22:21:32.000,15.87,6.2,32.99,16.5,20.3,117802,-35.15,33.0,1.0
2025-04-12T22:22:32.000,15.85,7.73,36.49,16.4,20.3,117803,-35.24,33.0,1.0
2025-04-12T22:23:32.000,15.88,9.04,34.89,16.44,20.3,117804,-35.32,33.0,1.0
2025-04-12T22:24:32.000,15.9,9.63,34.6,16.45,20.3,117805,-35.41,34.0,1.0
2025-04-12T22:25:32.000,15.95,9.81,33.6,16.48,20.3,117806,-35.49,34.0,1.0
2025-04-12T22:26:32.000,16.03,9.72,32.78,16.51,20.3,117807,-35.57,34.0,1.0
2025-04-12T22:27:32.000,16.07,9.37,32.92,16.51,20.3,117808,-35.66,34.0,1.0
2025-04-12T22:28:33.000,16.07,8.74,37.16,16.38,20.3,117809,-35.74,34.0,1.0
2025-04-12T22:29:33.000,16.07,7.83,38.41,16.34,20.3,117810,-35.82,34.0,1.0
2025-04-12T22:30:33.000,16.06,6.88,38.01,16.35,20.3,117811,-35.9,34.0,1.0
2025-04-12T22:31:33.000,16.05,6.31,37.86,16.35,20.3,117812,-35.97,34.0,1.0
2025-04-12T22:32:33.000,16.02,5.62,34.98,16.44,20.3,117813,-36.05,34.0,1.0
2025-04-12T22:33:33.000,15.97,4.85,31.94,16.54,20.3,117814,-36.13,34.0,1.0
2025-04-12T22:34:33.000,15.91,4.37,28.97,16.65,20.3,117815,-36.2,34.0,1.0
2025-04-12T22:35:33.000,15.86,4.69,27.06,16.72,20.3,117816,-36.28,34.0,1.0
2025-04-12T22:36:34.000,15.84,6.5,28.12,16.68,20.3,117817,-36.35,34.0,1.0
2025-04-12T22:37:34.000,15.86,8.58,29.92,16.61,20.3,117818,-36.43,34.0,1.0
2025-04-12T22:38:34.000,15.91,9.65,30.04,16.61,20.3,117819,-36.5,34.0,1.0
2025-04-12T22:39:34.000,15.98,9.79,30.19,16.6,20.3,117820,-36.57,35.0,1.0
2025-04-12T22:40:34.000,16.04,9.77,30.68,16.58,20.3,117821,-36.64,35.0,1.0
2025-04-12T22:41:34.000,16.08,9.6,31.24,16.56,20.3,117822,-36.71,35.0,1.0
2025-04-12T22:42:34.000,16.13,9.68,31.12,16.57,20.3,117823,-36.78,35.0,1.0
2025-04-12T22:43:34.000,16.17,10.01,30.78,16.58,20.3,117824,-36.84,35.0,1.0
2025-04-12T22:44:34.000,16.21,10.2,30.64,16.58,20.3,117825,-36.91,35.0,1.0
2025-04-12T22:45:35.000,16.25,10.58,30.33,16.6,20.3,117826,-36.98,35.0,1.0
2025-04-12T22:46:35.000,16.28,10.96,29.79,16.61,20.3,117827,-37.04,35.0,1.0
2025-04-12T22:47:35.000,16.29,11.16,29.33,16.63,20.3,117828,-37.11,35.0,1.0
2025-04-12T22:48:35.000,16.42,11.32,29.16,16.64,20.3,117829,-37.17,35.0,1.0
2025-04-12T22:49:35.000,16.51,11.29,29.89,16.61,20.3,117830,-37.23,35.0,1.0
2025-04-12T22:50:35.000,16.58,11.43,30.59,16.59,20.3,117831,-37.29,35.0,1.0
2025-04-12T22:51:36.000,16.64,11.34,30.58,16.59,20.3,117832,-37.35,35.0,1.0
2025-04-12T22:52:36.000,16.69,11.2,30.87,16.58,20.3,117833,-37.41,35.0,1.0
2025-04-12T22:53:36.000,16.75,10.91,31.29,16.56,20.3,117834,-37.47,35.0,1.0
2025-04-12T22:54:36.000,16.75,10.64,29.54,16.62,20.3,117835,-37.53,35.0,1.0
2025-04-12T22:55:36.000,16.75,10.72,29.35,16.63,20.3,117836,-37.59,35.0,1.0
2025-04-12T22:56:36.000,16.76,10.83,28.55,16.66,20.3,117837,-37.64,35.0,1.0
2025-04-12T22:57:36.000,16.71,10.38,27.82,16.69,20.3,117838,-37.7,35.0,1.0
2025-04-12T22:58:37.000,16.66,9.42,27.14,16.72,20.3,117839,-37.75,35.0,1.0
2025-04-12T22:59:37.000,16.62,8.35,27.85,16.69,20.3,117840,-37.8,36.0,1.0
2025-04-12T23:00:37.000,16.56,7.77,30.37,16.59,20.3,117841,-37.85,36.0,1.0
2025-04-12T23:01:37.000,16.5,7.41,32.38,16.52,20.3,117842,-37.91,36.0,1.0
2025-04-12T23:02:37.000,16.43,6.64,34.02,16.47,20.3,117843,-37.96,36.0,1.0
2025-04-12T23:03:37.000,16.32,5.43,36.97,16.38,20.3,117844,-38.0,36.0,1.0
2025-04-12T23:04:37.000,16.2,4.64,40.62,16.28,20.3,117845,-38.05,36.0,1.0
2025-04-12T23:05:37.000,16.09,4.17,45.81,16.15,20.3,117846,-38.1,36.0,1.0
2025-04-12T23:06:38.000,15.97,3.71,45.77,16.15,20.3,117847,-38.15,36.0,1.0
2025-04-12T23:07:38.000,15.86,3.26,43.21,16.21,20.3,117848,-38.19,36.0,1.0
2025-04-12T23:08:38.000,15.78,2.79,39.8,16.3,20.3,117849,-38.23,36.0,1.0
2025-04-12T23:09:38.000,15.66,2.54,39.28,16.31,20.3,117850,-38.28,36.0,1.0
2025-04-12T23:10:38.000,15.56,2.65,41.26,16.26,20.3,117851,-38.32,36.0,1.0
2025-04-12T23:11:38.000,15.44,3.05,41.57,16.25,20.3,117852,-38.36,36.0,1.0
2025-04-12T23:12:38.000,15.35,3.72,42.28,16.23,20.3,117853,-38.4,36.0,1.0
2025-04-12T23:14:45.000,15.26,5.0,41.87,16.25,20.3,117855,-38.48,36.0,1.0
2025-04-12T23:15:44.000,15.23,6.01,39.29,16.31,20.3,117856,-38.52,36.0,1.0
2025-04-12T23:16:44.000,15.23,6.8,41.52,16.26,20.3,117857,-38.55,36.0,1.0
2025-04-12T23:17:44.000,15.27,6.66,47.87,16.1,20.3,117858,-38.59,36.0,1.0
2025-04-12T23:18:44.000,15.28,5.51,45.2,16.16,20.3,117859,-38.62,36.0,1.0
2025-04-12T23:19:44.000,15.22,4.1,36.7,16.39,20.3,117860,-38.66,36.0,1.0
2025-04-12T23:20:45.000,15.14,2.91,34.25,16.46,20.3,117861,-38.69,36.0,1.0
2025-04-12T23:21:45.000,15.06,2.06,32.89,16.51,20.3,117862,-38.72,36.0,1.0
2025-04-12T23:22:45.000,15.04,1.67,33.51,16.49,20.3,117863,-38.75,36.0,1.0
2025-04-12T23:23:45.000,15.12,2.13,35.31,16.43,20.3,117864,-38.78,36.0,1.0
2025-04-12T23:24:45.000,15.07,2.68,33.32,16.49,20.3,117865,-38.81,36.0,1.0
2025-04-12T23:25:45.000,15.02,2.98,30.38,16.6,20.3,117866,-38.83,36.0,1.0
2025-04-12T23:26:45.000,15.07,3.17,28.92,16.65,20.3,117867,-38.86,36.0,1.0
2025-04-12T23:27:45.000,15.05,3.66,39.0,16.33,20.3,117868,-38.88,36.0,1.0
2025-04-12T23:28:45.000,15.03,4.22,43.55,16.21,20.3,117869,-38.91,36.0,1.0
2025-04-12T23:29:46.000,15.02,3.3,46.97,16.12,20.3,117870,-38.93,36.0,1.0
2025-04-12T23:30:46.000,15.07,1.7,40.98,16.27,20.3,117871,-38.95,36.0,1.0
2025-04-12T23:31:46.000,15.02,0.13,34.72,16.45,20.3,117872,-38.97,36.0,1.0
2025-04-12T23:32:46.000,15.03,-0.85,33.08,16.5,20.3,117873,-38.99,36.0,1.0
2025-04-12T23:33:46.000,15.01,-1.13,34.63,16.45,20.3,117874,-39.01,36.0,1.0
2025-04-12T23:34:46.000,15.14,-0.9,35.01,16.44,20.3,117875,-39.03,36.0,1.0
2025-04-12T23:35:46.000,15.07,-0.83,29.52,16.63,20.3,117876,-39.05,36.0,1.0
2025-04-12T23:36:46.000,15.01,-1.09,29.34,16.63,20.3,117877,-39.06,36.0,1.0
2025-04-12T23:37:47.000,15.08,-1.3,29.99,16.61,20.3,117878,-39.08,36.0,1.0
2025-04-12T23:38:47.000,15.01,-1.54,28.44,16.67,20.3,117879,-39.09,36.0,1.0
2025-04-12T23:39:47.000,15.01,-1.78,30.98,16.57,20.3,117880,-39.1,36.0,1.0
2025-04-12T23:40:47.000,15.06,-2.01,32.48,16.52,20.3,117881,-39.11,36.0,1.0
2025-04-12T23:41:47.000,15.05,-1.93,34.11,16.47,20.3,117882,-39.12,36.0,1.0
2025-04-12T23:42:47.000,15.04,-2.06,34.57,16.45,20.3,117883,-39.13,36.0,1.0
2025-04-12T23:43:47.000,15.08,-1.89,32.63,16.52,20.3,117884,-39.14,36.0,1.0
2025-04-12T23:44:48.000,15.0,-2.0,28.23,16.67,20.3,117885,-39.15,36.0,1.0
2025-04-12T23:45:48.000,15.05,-1.99,29.2,16.64,20.3,117886,-39.16,36.0,1.0
2025-04-12T23:46:48.000,15.03,-1.94,29.86,16.61,20.3,117887,-39.16,36.0,1.0
2025-04-12T23:47:48.000,15.09,-1.61,31.83,16.54,20.3,117888,-39.17,36.0,1.0
2025-04-12T23:48:48.000,15.01,-1.31,30.78,16.58,20.3,117889,-39.17,36.0,1.0
2025-04-12T23:49:48.000,15.07,-0.97,30.44,16.59,20.3,117890,-39.17,36.0,1.0
2025-04-12T23:50:48.000,15.01,-0.57,24.73,16.82,20.3,117891,-39.17,36.0,1.0
2025-04-12T23:51:48.000,15.06,-0.42,26.41,16.75,20.3,117892,-39.17,36.0,1.0
2025-04-12T23:52:49.000,15.02,-0.56,29.28,16.63,20.3,117893,-39.17,36.0,1.0
2025-04-12T23:53:49.000,15.05,-0.73,28.48,16.66,20.3,117894,-39.17,36.0,1.0
2025-04-12T23:54:49.000,15.01,-0.74,31.38,16.56,20.3,117895,-39.17,36.0,1.0
2025-04-12T23:55:49.000,15.03,-0.47,37.7,16.36,20.3,117896,-39.16,36.0,1.0
2025-04-12T23:56:49.000,15.04,-0.38,41.0,16.27,20.3,117897,-39.16,36.0,1.0
2025-04-12T23:57:49.000,15.03,-0.35,41.55,16.25,20.3,117898,-39.15,36.0,1.0
2025-04-12T23:58:49.000,15.05,-0.44,41.8,16.25,20.3,117899,-39.14,36.0,1.0
2025-04-12T23:59:50.000,15.01,-0.65,35.89,16.41,20.3,117900,-39.13,36.0,1.0
2025-04-13T00:00:50.000,15.05,-1.06,34.26,16.46,20.3,117901,-39.13,36.0,1.0
2025-04-13T00:01:50.000,15.0,-1.08,32.94,16.51,20.3,117902,-39.11,36.0,1.0
2025-04-13T00:02:50.000,15.1,-1.32,32.0,16.54,20.3,117903,-39.1,36.0,1.0
2025-04-13T00:03:50.000,15.03,-1.38,32.08,16.53,20.3,117904,-39.09,36.0,1.0
2025-04-13T00:04:50.000,15.07,-1.39,32.43,16.52,20.3,117905,-39.08,36.0,1.0
2025-04-13T00:05:50.000,15.05,-1.3,30.52,16.59,20.3,117906,-39.06,36.0,1.0
2025-04-13T00:06:50.000,15.02,-1.15,28.54,16.66,20.3,117907,-39.05,36.0,1.0
2025-04-13T00:07:50.000,15.06,-0.57,32.5,16.52,20.3,117908,-39.03,36.0,1.0
2025-04-13T00:08:50.000,15.01,-0.34,34.0,16.47,20.3,117909,-39.01,36.0,1.0
2025-04-13T00:09:51.000,15.02,-0.33,32.8,16.51,20.3,117910,-38.99,36.0,1.0
2025-04-13T00:10:51.000,15.04,-0.44,33.71,16.48,20.3,117911,-38.98,36.0,1.0
2025-04-13T00:11:51.000,14.99,-0.54,34.8,16.45,20.3,117912,-38.95,36.0,1.0
2025-04-13T00:12:51.000,15.11,-0.65,32.59,16.52,20.3,117913,-38.93,36.0,1.0
2025-04-13T00:13:51.000,15.04,-0.74,30.54,16.59,20.3,117914,-38.91,36.0,1.0
2025-04-13T00:14:51.000,15.05,-1.0,30.27,16.6,20.3,117915,-38.89,36.0,1.0
2025-04-13T00:15:52.000,15.05,-1.02,30.26,16.6,20.3,117916,-38.86,36.0,1.0
2025-04-13T00:16:52.000,15.04,-1.13,29.97,16.61,20.3,117917,-38.84,36.0,1.0
2025-04-13T00:17:52.000,15.13,-0.75,31.08,16.57,20.3,117918,-38.81,36.0,1.0
2025-04-13T00:18:52.000,15.0,-0.62,33.03,16.5,20.3,117919,-38.78,36.0,1.0
2025-04-13T00:19:52.000,15.09,-0.46,34.03,16.47,20.3,117920,-38.75,36.0,1.0
2025-04-13T00:20:52.000,15.01,-0.03,34.07,16.47,20.3,117921,-38.72,36.0,1.0
2025-04-13T00:21:52.000,15.09,0.68,32.55,16.52,20.3,117922,-38.69,36.0,1.0
2025-04-13T00:22:52.000,15.03,1.61,31.53,16.55,20.3,117923,-38.66,36.0,1.0
2025-04-13T00:23:52.000,15.07,3.02,33.37,16.49,20.3,117924,-38.63,36.0,1.0
2025-04-13T00:24:53.000,15.1,5.23,36.73,16.39,20.3,117925,-38.59,36.0,1.0
2025-04-13T00:25:53.000,15.06,6.61,42.87,16.22,20.3,117926,-38.56,36.0,1.0
2025-04-13T00:26:53.000,15.02,7.17,44.49,16.18,20.3,117927,-38.52,36.0,1.0
2025-04-13T00:27:53.000,15.05,7.46,45.26,16.16,20.3,117928,-38.49,36.0,1.0
2025-04-13T00:28:53.000,15.1,8.23,45.3,16.16,20.3,117929,-38.45,35.0,1.0
2025-04-13T00:29:53.000,15.1,9.11,46.45,16.13,20.3,117930,-38.41,35.0,1.0
2025-04-13T00:30:53.000,15.09,9.66,46.81,16.12,20.3,117931,-38.37,35.0,1.0
2025-04-13T00:31:54.000,15.09,9.83,47.89,16.1,20.3,117932,-38.33,35.0,1.0
2025-04-13T00:32:54.000,15.1,9.5,47.48,16.11,20.3,117933,-38.29,35.0,1.0
2025-04-13T00:33:54.000,15.11,9.23,46.8,16.12,20.3,117934,-38.24,35.0,1.0
2025-04-13T00:34:54.000,15.11,9.15,46.34,16.14,20.3,117935,-38.2,35.0,1.0
2025-04-13T00:35:54.000,15.1,8.79,45.25,16.16,20.3,117936,-38.15,35.0,1.0
2025-04-13T00:36:54.000,15.05,7.66,41.25,16.26,20.3,117937,-38.11,35.0,1.0
2025-04-13T00:37:54.000,15.02,6.13,36.65,16.39,20.3,117938,-38.06,35.0,1.0
2025-04-13T00:38:54.000,15.0,4.11,38.64,16.33,20.3,117939,-38.01,35.0,1.0
2025-04-13T00:39:54.000,15.08,2.44,37.48,16.37,20.3,117940,-37.97,35.0,1.0
2025-04-13T00:40:54.000,15.0,1.19,34.99,16.44,20.3,117941,-37.92,35.0,1.0
2025-04-13T00:41:54.000,15.09,0.27,35.43,16.43,20.3,117942,-37.87,35.0,1.0
2025-04-13T00:42:54.000,15.02,0.01,35.4,16.43,20.3,117943,-37.81,35.0,1.0
2025-04-13T00:43:55.000,15.07,-0.23,36.43,16.4,20.3,117944,-37.76,35.0,1.0
2025-04-13T00:44:55.000,15.05,-0.07,33.73,16.48,20.3,117945,-37.71,35.0,1.0
