ecsv/stars608/stars608_2024-04.ecsv
# %ECSV 1.0
# ---
# datatype:
# - {name: time, datatype: string}
# - {name: Enclosure Temperature, unit: deg_C, datatype: float64}
# - {name: Sky Temperature, unit: deg_C, datatype: float64}
# - {name: Frequency, unit: Hz, datatype: float64}
# - {name: MSAS, unit: mag / arcsec2, datatype: float64}
# - {name: ZP, datatype: float64}
# - {name: Sequence Number, datatype: int64}
# - {name: Sun Alt, unit: deg, datatype: float64}
# - {name: Moon Alt, unit: deg, datatype: float64}
# - {name: Moon Illumination, datatype: float64}
# delimiter: ','
# meta: !!omap
# - ida:
#     Data supplier: {affiliation: Stupa Observatory, observer: Xavier Rubia}
#     Device type: TESS-W
#     Field of view: 17.0
#     Filters per channel: None
#     Instrument ID: stars608
#     License: ODbL 1.0 http://opendatacommons.org/licenses/odbl/summary/
#     Local timezone: Europe/Madrid
#     Location name: {country: '- Centelles', place: Centelles, region: Spain, sub_region: Catalonia, town: Barcelona}
#     Measurement direction per channel: {azimuth: 0.0, zenital: 0.0}
#     Moving / Fixed look direction: FIXED
#     Moving / Stationary position: STATIONARY
#     Number of channels: 1
#     Number of fields per line: 8
#     Number of header lines: 35
#     Position: {height: 0.0, latitude: 41.7735198, longitude: 2.24019}
#     TESS MAC address: 84:CC:A8:B1:81:B9
#     TESS cover offset value: 0.0
#     TESS firmware version: '1.0'
#     TESS zero point: 20.3
#     Time Synchronization: timestamp added by MQTT subscriber
#     URL: http://www.darksky.org/NSBM/sdf1.0.pdf
# - __serialized_columns__:
#     Enclosure Temperature:
#       __class__: astropy.units.quantity.Quantity
#       unit: &id001 !astropy.units.Unit {unit: deg_C}
#       value: !astropy.table.SerializedColumn {name: Enclosure Temperature}
#     Frequency:
#       __class__: astropy.units.quantity.Quantity
#       unit: !astropy.units.Unit {unit: Hz}
#       value: !astropy.table.SerializedColumn {name: Frequency}
#     MSAS:
#       __class__: astropy.units.quantity.Quantity
#       unit: !astropy.units.Unit {unit: mag / arcsec2}
#       value: !astropy.table.SerializedColumn {name: MSAS}
#     Moon Alt:
#       __class__: astropy.units.quantity.Quantity
#       unit: &id002 !astropy.units.Unit {unit: deg}
#       value: !astropy.table.SerializedColumn {name: Moon Alt}
#     Sky Temperature:
#       __class__: astropy.units.quantity.Quantity
#       unit: *id001
#       value: !astropy.table.SerializedColumn {name: Sky Temperature}
#     Sun Alt:
#       __class__: astropy.units.quantity.Quantity
#       unit: *id002
#       value: !astropy.table.SerializedColumn {name: Sun Alt}
#     time:
#       __class__: astropy.time.core.Time
#       format: isot
#       in_subfmt: '*'
#       out_subfmt: '*'
#       precision: 3
#       scale: utc
#       value: !astropy.table.SerializedColumn {name: time}
# schema: astropy-2.0
time,Enclosure Temperature,Sky Temperature,Frequency,MSAS,ZP,Sequence Number,Sun Alt,Moon Alt,Moon Illumination
[from data line 4688]
2024-04-17T19:14:18.000,15.14,8.26,66.09,15.75,20.3,1669,-7.86,66.0,0.691
2024-04-17T19:15:18.000,14.98,7.83,56.32,15.92,20.3,1670,-8.03,66.0,0.691
2024-04-17T19:16:18.000,15.27,8.42,51.89,16.01,20.3,1671,-8.2,66.0,0.691
2024-04-17T19:17:18.000,15.29,8.47,48.06,16.1,20.3,1672,-8.37,66.0,0.691
2024-04-17T19:18:19.000,15.19,8.48,42.76,16.22,20.3,1673,-8.55,66.0,0.691
2024-04-17T19:19:19.000,14.98,8.06,39.28,16.32,20.3,1674,-8.72,66.0,0.691
2024-04-17T19:20:19.000,15.21,8.28,34.95,16.44,20.3,1675,-8.89,66.0,0.691
2024-04-17T19:21:21.000,15.3,8.3,33.16,16.5,20.3,1676,-9.07,66.0,0.691
2024-04-17T19:22:21.000,15.11,8.23,31.71,16.55,20.3,1677,-9.24,66.0,0.691
2024-04-17T19:23:25.000,14.84,7.08,29.76,16.62,20.3,1678,-9.42,66.0,0.691
2024-04-17T19:24:25.000,15.18,7.6,28.29,16.67,20.3,1679,-9.59,66.0,0.691
2024-04-17T19:25:25.000,15.24,8.25,27.11,16.72,20.3,1680,-9.76,66.0,0.691
2024-04-17T19:26:25.000,15.01,8.12,25.59,16.78,20.3,1681,-9.93,66.0,0.692
2024-04-17T19:27:25.000,15.09,8.26,24.97,16.81,20.3,1682,-10.1,66.0,0.692
2024-04-17T19:28:26.000,15.15,8.42,25.01,16.81,20.3,1683,-10.27,66.0,0.692
2024-04-17T19:29:26.000,14.98,8.13,24.23,16.84,20.3,1684,-10.44,66.0,0.692
2024-04-17T19:30:26.000,15.07,7.97,23.79,16.86,20.3,1685,-10.61,66.0,0.692
2024-04-17T19:31:26.000,15.13,7.92,23.45,16.87,20.3,1686,-10.78,66.0,0.692
2024-04-17T19:32:26.000,14.96,7.72,22.79,16.91,20.3,1687,-10.95,66.0,0.692
2024-04-17T19:34:32.000,14.94,7.8,22.03,16.94,20.3,1689,-11.3,66.0,0.692
2024-04-17T19:35:32.000,15.14,7.93,21.78,16.96,20.3,1690,-11.47,66.0,0.692
2024-04-17T19:36:32.000,14.99,7.85,21.21,16.98,20.3,1691,-11.63,66.0,0.692
2024-04-17T19:37:32.000,15.05,7.66,21.22,16.98,20.3,1692,-11.8,66.0,0.692
2024-04-17T19:38:32.000,15.0,7.87,21.41,16.97,20.3,1693,-11.97,66.0,0.692
2024-04-17T19:39:33.000,15.01,7.62,21.78,16.95,20.3,1694,-12.14,66.0,0.692
2024-04-17T19:40:35.000,14.97,7.24,21.85,16.95,20.3,1695,-12.31,66.0,0.692
2024-04-17T19:41:36.000,15.08,7.69,21.29,16.98,20.3,1696,-12.48,67.0,0.692
2024-04-17T19:42:36.000,14.98,8.01,20.99,16.99,20.3,1697,-12.64,67.0,0.692
2024-04-17T19:43:36.000,15.13,8.3,20.73,17.01,20.3,1698,-12.81,66.0,0.693
2024-04-17T19:44:38.000,15.05,8.24,20.04,17.05,20.3,1699,-12.98,66.0,0.693
2024-04-17T19:45:38.000,15.02,7.74,19.76,17.06,20.3,1700,-13.14,66.0,0.693
2024-04-17T19:46:39.000,14.91,7.35,20.48,17.02,20.3,1701,-13.31,66.0,0.693
2024-04-17T19:47:39.000,15.21,8.06,21.04,16.99,20.3,1702,-13.47,66.0,0.693
2024-04-17T19:48:39.000,15.16,8.4,21.17,16.99,20.3,1703,-13.64,66.0,0.693
2024-04-17T19:49:39.000,14.99,8.4,20.59,17.02,20.3,1704,-13.8,66.0,0.693
2024-04-17T19:50:40.000,15.1,8.19,20.2,17.04,20.3,1705,-13.97,66.0,0.693
2024-04-17T19:51:39.000,14.96,7.99,20.3,17.03,20.3,1706,-14.13,66.0,0.693
2024-04-17T19:52:39.000,15.1,8.12,19.88,17.05,20.3,1707,-14.29,66.0,0.693
2024-04-17T19:53:40.000,14.97,8.15,19.97,17.05,20.3,1708,-14.46,66.0,0.693
2024-04-17T19:54:41.000,15.01,7.88,19.75,17.06,20.3,1709,-14.62,66.0,0.693
2024-04-17T19:55:40.000,15.08,8.06,19.63,17.07,20.3,1710,-14.78,66.0,0.693
2024-04-17T19:56:40.000,15.03,8.4,19.23,17.09,20.3,1711,-14.94,66.0,0.693
2024-04-17T19:57:40.000,14.99,8.31,19.95,17.05,20.3,1712,-15.1,66.0,0.693
2024-04-17T19:58:40.000,15.04,7.97,19.93,17.05,20.3,1713,-15.26,66.0,0.693
2024-04-17T19:59:40.000,14.99,7.95,19.7,17.06,20.3,1714,-15.42,66.0,0.694
2024-04-17T20:00:41.000,15.12,8.18,19.91,17.05,20.3,1715,-15.59,66.0,0.694
2024-04-17T20:01:41.000,14.97,8.1,20.25,17.03,20.3,1716,-15.75,66.0,0.694
2024-04-17T20:02:41.000,15.06,7.74,19.8,17.06,20.3,1717,-15.91,66.0,0.694
2024-04-17T20:03:42.000,15.23,8.13,19.21,17.09,20.3,1718,-16.07,66.0,0.694
2024-04-17T20:04:41.000,14.91,7.63,19.09,17.1,20.3,1719,-16.22,66.0,0.694
2024-04-17T20:05:45.000,15.02,7.54,19.97,17.05,20.3,1720,-16.39,66.0,0.694
2024-04-17T20:06:57.000,15.01,7.58,20.6,17.02,20.3,1721,-16.58,66.0,0.694
2024-04-17T20:09:30.000,14.99,8.09,21.67,16.96,20.3,1723,-16.98,66.0,0.694
2024-04-17T20:15:22.000,14.93,7.65,20.24,17.03,20.3,1724,-17.9,66.0,0.694
2024-04-17T20:16:22.000,15.03,7.43,19.82,17.06,20.3,1725,-18.06,65.0,0.695
2024-04-17T20:17:22.000,14.9,7.8,19.57,17.07,20.3,1726,-18.21,65.0,0.695
2024-04-17T20:18:22.000,14.99,7.67,20.11,17.04,20.3,1727,-18.36,65.0,0.695
2024-04-17T20:19:22.000,15.04,8.01,20.63,17.01,20.3,1728,-18.52,65.0,0.695
2024-04-17T20:20:23.000,14.82,7.26,20.41,17.03,20.3,1729,-18.67,65.0,0.695
2024-04-17T20:21:23.000,15.09,7.98,20.75,17.01,20.3,1730,-18.83,65.0,0.695
2024-04-17T20:22:23.000,14.93,7.5,20.8,17.0,20.3,1731,-18.98,65.0,0.695
2024-04-17T20:23:23.000,15.0,7.59,20.67,17.01,20.3,1732,-19.13,65.0,0.695
2024-04-17T20:24:23.000,14.97,7.44,21.26,16.98,20.3,1733,-19.28,65.0,0.695
2024-04-17T20:25:23.000,15.0,7.2,21.34,16.98,20.3,1734,-19.43,65.0,0.695
2024-04-17T20:26:23.000,15.03,7.8,19.52,17.07,20.3,1735,-19.59,65.0,0.695
2024-04-17T20:27:23.000,14.99,7.82,19.29,17.09,20.3,1736,-19.74,65.0,0.695
2024-04-17T20:28:23.000,15.01,7.36,20.03,17.05,20.3,1737,-19.89,65.0,0.695
2024-04-17T20:29:24.000,14.98,7.48,19.56,17.07,20.3,1738,-20.04,65.0,0.695
2024-04-17T20:30:24.000,15.11,7.83,19.02,17.1,20.3,1739,-20.19,64.0,0.695
2024-04-17T20:31:24.000,14.9,7.79,19.08,17.1,20.3,1740,-20.34,64.0,0.695
2024-04-17T20:32:24.000,15.17,8.03,19.54,17.07,20.3,1741,-20.49,64.0,0.696
2024-04-17T20:33:24.000,15.01,8.11,19.94,17.05,20.3,1742,-20.63,64.0,0.696
2024-04-17T20:34:25.000,14.98,7.68,20.06,17.04,20.3,1743,-20.78,64.0,0.696
2024-04-17T20:39:10.000,14.93,7.29,20.43,17.02,20.3,1744,-21.48,64.0,0.696
2024-04-17T20:40:20.000,14.93,7.28,19.44,17.08,20.3,1745,-21.65,64.0,0.696
2024-04-17T20:41:22.000,15.14,7.49,19.8,17.06,20.3,1746,-21.8,63.0,0.696
2024-04-17T20:42:24.000,14.97,7.75,19.84,17.06,20.3,1747,-21.95,63.0,0.696
2024-04-17T20:43:24.000,14.95,6.73,20.29,17.03,20.3,1748,-22.09,63.0,0.696
2024-04-17T20:44:26.000,15.25,8.11,19.86,17.05,20.3,1749,-22.24,63.0,0.696
2024-04-17T20:46:32.000,15.04,7.87,19.51,17.07,20.3,1751,-22.54,63.0,0.696
2024-04-17T20:47:31.000,14.85,7.23,19.99,17.05,20.3,1752,-22.68,63.0,0.696
2024-04-17T20:48:31.000,14.89,7.4,19.94,17.05,20.3,1753,-22.82,63.0,0.697
2024-04-17T20:49:32.000,15.03,7.27,19.67,17.07,20.3,1754,-22.97,63.0,0.697
2024-04-17T20:50:32.000,14.92,7.81,19.51,17.07,20.3,1755,-23.11,62.0,0.697
2024-04-17T20:51:32.000,15.15,8.27,19.53,17.07,20.3,1756,-23.25,62.0,0.697
2024-04-17T20:52:32.000,14.9,8.06,19.97,17.05,20.3,1757,-23.39,62.0,0.697
2024-04-17T20:53:32.000,15.02,7.88,20.78,17.01,20.3,1758,-23.53,62.0,0.697
2024-04-17T20:54:34.000,14.96,7.68,20.93,17.0,20.3,1759,-23.67,62.0,0.697
2024-04-17T20:55:34.000,15.04,7.78,20.85,17.0,20.3,1760,-23.81,62.0,0.697
2024-04-17T20:56:36.000,14.94,7.34,19.75,17.06,20.3,1761,-23.95,62.0,0.697
2024-04-17T20:57:37.000,15.01,7.12,20.19,17.04,20.3,1762,-24.09,62.0,0.697
2024-04-17T20:58:36.000,14.81,7.11,20.05,17.04,20.3,1763,-24.23,62.0,0.697
2024-04-17T20:59:37.000,15.03,7.14,20.31,17.03,20.3,1764,-24.36,61.0,0.697
2024-04-17T21:00:37.000,15.07,8.19,20.79,17.01,20.3,1765,-24.5,61.0,0.697
2024-04-17T21:01:37.000,15.0,8.25,20.91,17.0,20.3,1766,-24.64,61.0,0.697
2024-04-17T21:02:37.000,15.06,8.18,19.53,17.07,20.3,1767,-24.77,61.0,0.697
2024-04-17T21:03:37.000,14.95,7.72,18.25,17.15,20.3,1768,-24.9,61.0,0.697
2024-04-17T21:04:37.000,14.98,7.37,18.27,17.15,20.3,1769,-25.04,61.0,0.698
2024-04-17T21:05:38.000,14.98,7.56,18.79,17.12,20.3,1770,-25.17,61.0,0.698
2024-04-17T21:06:38.000,15.01,7.79,19.65,17.07,20.3,1771,-25.31,61.0,0.698
2024-04-17T21:07:38.000,15.02,7.91,19.43,17.08,20.3,1772,-25.44,60.0,0.698
2024-04-17T21:08:39.000,15.16,8.29,18.3,17.14,20.3,1773,-25.57,60.0,0.698
2024-04-17T21:09:39.000,15.05,8.59,18.24,17.15,20.3,1774,-25.7,60.0,0.698
2024-04-17T21:10:43.000,14.99,8.29,17.69,17.18,20.3,1775,-25.84,60.0,0.698
2024-04-17T21:11:42.000,15.15,8.27,17.52,17.19,20.3,1776,-25.97,60.0,0.698
2024-04-17T21:12:42.000,15.0,8.33,17.67,17.18,20.3,1777,-26.1,60.0,0.698
2024-04-17T21:13:43.000,15.11,8.43,17.9,17.17,20.3,1778,-26.23,60.0,0.698
2024-04-17T21:14:45.000,14.96,8.15,18.07,17.16,20.3,1779,-26.37,60.0,0.698
2024-04-17T21:15:44.000,15.0,7.68,18.12,17.15,20.3,1780,-26.49,59.0,0.698
2024-04-17T21:16:44.000,15.06,8.12,17.98,17.16,20.3,1781,-26.62,59.0,0.698
2024-04-17T21:17:44.000,14.98,8.41,17.86,17.17,20.3,1782,-26.75,59.0,0.698
2024-04-17T21:18:44.000,15.11,8.42,17.77,17.18,20.3,1783,-26.87,59.0,0.698
2024-04-17T21:19:44.000,14.98,8.16,17.87,17.17,20.3,1784,-27.0,59.0,0.698
2024-04-17T21:20:44.000,15.13,8.28,17.84,17.17,20.3,1785,-27.12,59.0,0.698
2024-04-17T21:21:45.000,15.04,8.55,17.82,17.17,20.3,1786,-27.25,59.0,0.699
2024-04-17T21:22:45.000,15.03,8.44,18.27,17.15,20.3,1787,-27.37,58.0,0.699
2024-04-17T21:23:53.000,15.01,8.46,18.71,17.12,20.3,1788,-27.51,58.0,0.699
2024-04-17T21:24:58.000,15.04,8.56,18.36,17.14,20.3,1789,-27.65,58.0,0.699
2024-04-17T21:42:57.000,15.02,8.55,19.13,17.1,20.3,2,-29.75,56.0,0.7
2024-04-17T21:43:57.000,15.36,10.93,19.14,17.1,20.3,3,-29.86,55.0,0.7
2024-04-17T21:44:58.000,15.72,10.5,17.87,17.17,20.3,4,-29.97,55.0,0.7
2024-04-17T21:45:57.000,15.46,10.39,17.38,17.2,20.3,5,-30.08,55.0,0.7
2024-04-17T21:46:57.000,15.59,11.26,16.26,17.27,20.3,6,-30.19,55.0,0.7
2024-04-17T21:48:02.000,16.14,11.36,15.45,17.33,20.3,7,-30.3,55.0,0.7
2024-04-17T21:50:19.000,16.36,11.5,17.19,17.21,20.3,9,-30.55,54.0,0.7
2024-04-17T21:51:19.000,16.73,11.77,17.74,17.18,20.3,10,-30.65,54.0,0.7
2024-04-17T21:52:24.000,16.82,11.49,17.73,17.18,20.3,11,-30.77,54.0,0.7
2024-04-17T21:55:15.000,16.26,11.16,16.7,17.24,20.3,13,-31.06,54.0,0.701
2024-04-17T21:57:32.000,15.84,10.21,16.46,17.26,20.3,14,-31.29,53.0,0.701
2024-04-17T21:58:32.000,15.66,10.45,16.56,17.25,20.3,15,-31.4,53.0,0.701
2024-04-17T21:59:33.000,15.9,11.1,16.51,17.26,20.3,16,-31.5,53.0,0.701
2024-04-17T22:00:33.000,16.28,11.04,16.49,17.26,20.3,17,-31.6,53.0,0.701
2024-04-17T22:01:33.000,16.18,10.65,16.74,17.24,20.3,18,-31.69,53.0,0.701
2024-04-17T22:02:33.000,15.79,10.23,17.23,17.21,20.3,19,-31.79,52.0,0.701
2024-04-17T22:03:33.000,15.35,10.05,17.74,17.18,20.3,20,-31.89,52.0,0.701
2024-04-17T22:04:33.000,14.97,9.49,17.71,17.18,20.3,21,-31.99,52.0,0.701
2024-04-17T22:05:33.000,14.91,8.07,17.69,17.18,20.3,22,-32.08,52.0,0.701
2024-04-17T22:06:33.000,15.14,8.71,17.73,17.18,20.3,23,-32.18,52.0,0.701
2024-04-17T22:07:34.000,15.08,9.42,16.95,17.23,20.3,24,-32.27,52.0,0.701
2024-04-17T22:08:34.000,15.0,9.21,16.81,17.24,20.3,25,-32.37,51.0,0.701
2024-04-17T22:09:34.000,15.06,9.37,17.0,17.22,20.3,26,-32.46,51.0,0.701
2024-04-17T22:10:34.000,15.01,9.65,16.99,17.22,20.3,27,-32.55,51.0,0.702
2024-04-17T22:11:34.000,14.91,8.57,16.48,17.26,20.3,28,-32.64,51.0,0.702
2024-04-17T22:12:34.000,15.0,9.07,16.13,17.28,20.3,29,-32.73,51.0,0.702
2024-04-17T22:13:34.000,15.28,10.12,16.1,17.28,20.3,30,-32.82,51.0,0.702
2024-04-17T22:14:34.000,15.35,9.89,16.12,17.28,20.3,31,-32.91,50.0,0.702
2024-04-17T22:15:34.000,15.18,9.81,16.13,17.28,20.3,32,-33.0,50.0,0.702
2024-04-17T22:16:35.000,14.99,9.66,16.08,17.28,20.3,33,-33.09,50.0,0.702
2024-04-17T22:17:35.000,15.0,9.15,16.41,17.26,20.3,34,-33.17,50.0,0.702
2024-04-17T22:18:35.000,15.09,8.87,17.06,17.22,20.3,35,-33.26,50.0,0.702
2024-04-17T22:19:35.000,15.0,7.96,18.15,17.15,20.3,36,-33.34,50.0,0.702
2024-04-17T22:20:35.000,15.12,7.74,18.56,17.13,20.3,37,-33.43,49.0,0.702
2024-04-17T22:21:35.000,15.13,7.48,18.61,17.13,20.3,38,-33.51,49.0,0.702
2024-04-17T22:22:35.000,14.98,6.92,17.9,17.17,20.3,39,-33.59,49.0,0.702
2024-04-17T22:23:35.000,15.02,7.76,16.35,17.27,20.3,40,-33.67,49.0,0.702
2024-04-17T22:24:36.000,15.01,8.21,15.4,17.33,20.3,41,-33.76,49.0,0.702
2024-04-17T22:25:36.000,15.15,8.74,15.48,17.33,20.3,42,-33.84,49.0,0.702
2024-04-17T22:26:36.000,14.99,8.6,17.35,17.2,20.3,43,-33.91,48.0,0.702
2024-04-17T22:27:36.000,15.03,8.11,18.03,17.16,20.3,44,-33.99,48.0,0.703
2024-04-17T22:28:36.000,14.98,8.27,16.65,17.25,20.3,45,-34.07,48.0,0.703
2024-04-17T22:29:36.000,15.1,8.17,16.71,17.24,20.3,46,-34.15,48.0,0.703
2024-04-17T22:30:36.000,15.02,8.47,17.12,17.22,20.3,47,-34.22,48.0,0.703
2024-04-17T22:31:36.000,15.07,8.48,17.51,17.19,20.3,48,-34.3,48.0,0.703
2024-04-17T22:32:36.000,14.97,8.45,17.81,17.17,20.3,49,-34.37,47.0,0.703
2024-04-17T22:33:37.000,15.05,8.1,18.06,17.16,20.3,50,-34.45,47.0,0.703
2024-04-17T22:34:37.000,14.94,8.08,19.43,17.08,20.3,51,-34.52,47.0,0.703
2024-04-17T22:35:37.000,15.11,8.33,21.38,16.98,20.3,52,-34.59,47.0,0.703
2024-04-17T22:36:37.000,15.04,8.65,20.63,17.01,20.3,53,-34.66,47.0,0.703
2024-04-17T22:37:37.000,15.04,8.49,20.68,17.01,20.3,54,-34.73,47.0,0.703
2024-04-17T22:38:37.000,15.11,8.4,20.91,17.0,20.3,55,-34.8,46.0,0.703
2024-04-17T22:39:37.000,14.99,8.32,19.13,17.1,20.3,56,-34.87,46.0,0.703
2024-04-17T22:40:37.000,15.17,8.28,17.74,17.18,20.3,57,-34.93,46.0,0.703
2024-04-17T22:41:38.000,14.96,8.16,16.83,17.23,20.3,58,-35.0,46.0,0.703
2024-04-17T22:42:38.000,15.09,8.27,17.63,17.18,20.3,59,-35.07,46.0,0.703
2024-04-17T22:43:38.000,15.2,8.32,18.97,17.11,20.3,60,-35.13,45.0,0.704
2024-04-17T22:44:38.000,15.01,8.42,18.05,17.16,20.3,61,-35.2,45.0,0.704
2024-04-17T22:45:38.000,15.07,8.0,16.46,17.26,20.3,62,-35.26,45.0,0.704
2024-04-17T22:46:38.000,15.01,7.77,16.97,17.23,20.3,63,-35.32,45.0,0.704
2024-04-17T22:47:38.000,15.05,6.83,15.99,17.29,20.3,64,-35.38,45.0,0.704
2024-04-17T22:48:38.000,15.03,6.85,15.48,17.33,20.3,65,-35.44,45.0,0.704
2024-04-17T22:49:38.000,15.03,7.59,15.96,17.29,20.3,66,-35.5,44.0,0.704
2024-04-17T22:50:39.000,15.01,8.13,16.66,17.25,20.3,67,-35.56,44.0,0.704
2024-04-17T22:51:39.000,15.1,8.43,16.26,17.27,20.3,68,-35.62,44.0,0.704
2024-04-17T22:52:39.000,15.12,8.64,16.72,17.24,20.3,69,-35.67,44.0,0.704
2024-04-17T22:53:39.000,15.02,8.06,15.63,17.31,20.3,70,-35.73,44.0,0.704
2024-04-17T22:54:39.000,15.11,7.7,15.75,17.31,20.3,71,-35.78,44.0,0.704
2024-04-17T22:55:39.000,15.3,7.38,16.94,17.23,20.3,72,-35.84,43.0,0.704
2024-04-17T22:56:39.000,15.13,6.37,14.78,17.38,20.3,73,-35.89,43.0,0.704
2024-04-17T22:57:39.000,15.01,6.29,12.87,17.53,20.3,74,-35.94,43.0,0.704
2024-04-17T22:58:39.000,15.12,6.68,13.03,17.51,20.3,75,-35.99,43.0,0.704
2024-04-17T22:59:40.000,15.06,6.14,11.56,17.64,20.3,76,-36.04,43.0,0.704
2024-04-17T23:00:40.000,15.01,4.57,10.6,17.74,20.3,77,-36.09,42.0,0.705
2024-04-17T23:01:40.000,15.06,3.17,11.4,17.66,20.3,78,-36.14,42.0,0.705
2024-04-17T23:02:40.000,15.0,3.17,11.54,17.64,20.3,79,-36.19,42.0,0.705
2024-04-17T23:03:40.000,15.06,4.51,13.27,17.49,20.3,80,-36.23,42.0,0.705
2024-04-17T23:04:40.000,15.01,5.49,14.38,17.41,20.3,81,-36.28,42.0,0.705
2024-04-17T23:05:40.000,15.05,6.48,15.36,17.33,20.3,82,-36.32,42.0,0.705
2024-04-17T23:06:40.000,15.04,6.83,16.37,17.27,20.3,83,-36.37,41.0,0.705
2024-04-17T23:07:40.000,15.1,7.2,18.26,17.15,20.3,84,-36.41,41.0,0.705
2024-04-17T23:08:40.000,15.0,7.01,17.19,17.21,20.3,85,-36.45,41.0,0.705
2024-04-17T23:09:41.000,15.08,6.63,16.59,17.25,20.3,86,-36.49,41.0,0.705
2024-04-17T23:10:41.000,14.99,5.46,15.68,17.31,20.3,87,-36.53,41.0,0.705
2024-04-17T23:11:41.000,15.08,3.42,13.18,17.5,20.3,88,-36.57,40.0,0.705
2024-04-17T23:12:41.000,14.94,1.68,12.04,17.6,20.3,89,-36.61,40.0,0.705
2024-04-17T23:13:41.000,15.1,0.08,10.0,17.81,20.3,90,-36.64,40.0,0.705
2024-04-17T23:14:41.000,15.0,-3.65,5.64,18.44,20.3,91,-36.68,40.0,0.705
2024-04-17T23:15:41.000,15.0,-7.82,4.19,18.74,20.3,92,-36.71,40.0,0.705
2024-04-17T23:16:41.000,15.05,-7.32,5.03,18.55,20.3,93,-36.75,40.0,0.706
2024-04-17T23:17:41.000,14.94,-7.13,5.68,18.41,20.3,94,-36.78,39.0,0.706
2024-04-17T23:18:41.000,15.05,-6.33,6.85,18.21,20.3,95,-36.81,39.0,0.706
2024-04-17T23:19:42.000,14.92,-3.89,9.06,17.91,20.3,96,-36.84,39.0,0.706
2024-04-17T23:20:42.000,15.14,-0.13,12.34,17.58,20.3,97,-36.87,39.0,0.706
2024-04-17T23:21:42.000,15.0,2.06,13.0,17.52,20.3,98,-36.9,39.0,0.706
2024-04-17T23:22:42.000,15.06,2.75,13.52,17.47,20.3,99,-36.93,38.0,0.706
2024-04-17T23:23:42.000,14.97,3.14,13.86,17.45,20.3,100,-36.96,38.0,0.706
2024-04-17T23:24:42.000,15.14,3.75,14.94,17.36,20.3,101,-36.98,38.0,0.706
2024-04-17T23:25:42.000,14.99,3.75,16.51,17.26,20.3,102,-37.01,38.0,0.706
