ecsv/stars608/stars608_2024-04.ecsv
# %ECSV 1.0
# ---
# datatype:
# - {name: time, datatype: string}
# - {name: Enclosure Temperature, unit: deg_C, datatype: float64}
# - {name: Sky Temperature, unit: deg_C, datatype: float64}
# - {name: Frequency, unit: Hz, datatype: float64}
# - {name: MSAS, unit: mag / arcsec2, datatype: float64}
# - {name: ZP, datatype: float64}
# - {name: Sequence Number, datatype: int64}
# - {name: Sun Alt, unit: deg, datatype: float64}
# - {name: Moon Alt, unit: deg, datatype: float64}
# - {name: Moon Illumination, datatype: float64}
# delimiter: ','
# meta: !!omap
# - ida:
#     Data supplier: {affiliation: Stupa Observatory, observer: Xavier Rubia}
#     Device type: TESS-W
#     Field of view: 17.0
#     Filters per channel: None
#     Instrument ID: stars608
#     License: ODbL 1.0 http://opendatacommons.org/licenses/odbl/summary/
#     Local timezone: Europe/Madrid
#     Location name: {country: '- Centelles', place: Centelles, region: Spain, sub_region: Catalonia, town: Barcelona}
#     Measurement direction per channel: {azimuth: 0.0, zenital: 0.0}
#     Moving / Fixed look direction: FIXED
#     Moving / Stationary position: STATIONARY
#     Number of channels: 1
#     Number of fields per line: 8
#     Number of header lines: 35
#     Position: {height: 0.0, latitude: 41.7735198, longitude: 2.24019}
#     TESS MAC address: 84:CC:A8:B1:81:B9
#     TESS cover offset value: 0.0
#     TESS firmware version: '1.0'
#     TESS zero point: 20.3
#     Time Synchronization: timestamp added by MQTT subscriber
#     URL: http://www.darksky.org/NSBM/sdf1.0.pdf
# - __serialized_columns__:
#     Enclosure Temperature:
#       __class__: astropy.units.quantity.Quantity
#       unit: &id001 !astropy.units.Unit {unit: deg_C}
#       value: !astropy.table.SerializedColumn {name: Enclosure Temperature}
#     Frequency:
#       __class__: astropy.units.quantity.Quantity
#       unit: !astropy.units.Unit {unit: Hz}
#       value: !astropy.table.SerializedColumn {name: Frequency}
#     MSAS:
#       __class__: astropy.units.quantity.Quantity
#       unit: !astropy.units.Unit {unit: mag / arcsec2}
#       value: !astropy.table.SerializedColumn {name: MSAS}
#     Moon Alt:
#       __class__: astropy.units.quantity.Quantity
#       unit: &id002 !astropy.units.Unit {unit: deg}
#       value: !astropy.table.SerializedColumn {name: Moon Alt}
#     Sky Temperature:
#       __class__: astropy.units.quantity.Quantity
#       unit: *id001
#       value: !astropy.table.SerializedColumn {name: Sky Temperature}
#     Sun Alt:
#       __class__: astropy.units.quantity.Quantity
#       unit: *id002
#       value: !astropy.table.SerializedColumn {name: Sun Alt}
#     time:
#       __class__: astropy.time.core.Time
#       format: isot
#       in_subfmt: '*'
#       out_subfmt: '*'
#       precision: 3
#       scale: utc
#       value: !astropy.table.SerializedColumn {name: time}
# schema: astropy-2.0
time,Enclosure Temperature,Sky Temperature,Frequency,MSAS,ZP,Sequence Number,Sun Alt,Moon Alt,Moon Illumination
[from data line 7281]
2024-04-29T14:56:33.000,15.56,11.03,50000.0,0.0,20.3,360,41.36,-66.0,0.7
2024-04-29T15:16:20.000,16.25,11.63,50000.0,0.0,20.3,362,37.84,-69.0,0.699
2024-04-29T15:18:14.000,15.84,11.59,50000.0,0.0,20.3,363,37.5,-70.0,0.699
2024-04-29T15:20:20.000,16.02,12.0,50000.0,0.0,20.3,365,37.12,-70.0,0.698
2024-04-29T15:21:21.000,16.31,12.27,50000.0,0.0,20.3,366,36.94,-70.0,0.698
2024-04-29T18:42:11.000,15.7,10.56,46417.72,1.97,20.3,371,0.11,-62.0,0.684
2024-04-29T18:48:08.000,15.22,10.51,14490.5,9.95,20.3,372,-0.93,-61.0,0.684
2024-04-29T18:51:21.000,15.27,10.75,8058.55,10.53,20.3,375,-1.48,-60.0,0.684
2024-04-29T18:52:21.000,15.28,10.49,9052.26,10.41,20.3,376,-1.66,-60.0,0.684
2024-04-29T18:53:22.000,14.97,10.26,7103.58,10.68,20.3,377,-1.83,-60.0,0.684
2024-04-29T18:54:22.000,14.96,10.31,5963.44,10.86,20.3,378,-2.01,-60.0,0.684
2024-04-29T19:14:11.000,15.13,10.27,2763.27,12.29,20.3,380,-5.39,-56.0,0.682
2024-04-30T08:28:20.000,17.06,12.77,50000.0,0.0,20.3,381,39.45,8.0,0.625
2024-04-30T11:14:18.000,25.0,15.79,50000.0,0.0,20.3,2,62.24,-17.0,0.613
2024-04-30T11:15:19.000,25.91,12.05,50000.0,0.0,20.3,3,62.3,-17.0,0.613
2024-04-30T11:16:19.000,26.33,11.89,50000.0,0.0,20.3,4,62.36,-17.0,0.612
2024-04-30T12:50:36.000,29.79,12.31,50000.0,0.0,20.3,98,60.04,-33.0,0.605
2024-04-30T12:51:36.000,29.49,13.03,50000.0,0.0,20.3,99,59.95,-34.0,0.605
2024-04-30T12:52:36.000,29.43,12.81,50000.0,0.0,20.3,100,59.85,-34.0,0.605
2024-04-30T13:08:41.000,29.19,10.5,50000.0,0.0,20.3,115,58.1,-37.0,0.604
2024-04-30T13:09:40.000,29.38,11.11,50000.0,0.0,20.3,116,57.99,-37.0,0.604
2024-04-30T13:10:40.000,29.44,11.44,50000.0,0.0,20.3,117,57.87,-37.0,0.604
2024-04-30T13:30:01.000,26.71,10.42,50000.0,0.0,20.3,135,55.39,-40.0,0.602
2024-04-30T13:31:01.000,26.51,10.58,50000.0,0.0,20.3,136,55.26,-40.0,0.602
2024-04-30T13:50:37.000,25.91,10.79,50000.0,0.0,20.3,154,52.44,-44.0,0.601
2024-04-30T15:01:50.000,27.23,8.4,49749.37,0.0,20.3,202,40.61,-56.0,0.596
2024-04-30T15:02:50.000,26.06,10.06,50000.0,0.0,20.3,203,40.44,-56.0,0.595
2024-04-30T15:03:50.000,26.09,10.34,50000.0,0.0,20.3,204,40.26,-57.0,0.595
2024-04-30T15:09:50.000,25.55,9.53,50000.0,0.0,20.3,210,39.19,-58.0,0.595
2024-04-30T15:10:50.000,25.15,8.73,50000.0,0.0,20.3,211,39.01,-58.0,0.595
2024-04-30T15:11:51.000,25.17,10.55,50000.0,0.0,20.3,212,38.83,-58.0,0.595
2024-04-30T15:26:49.000,25.91,7.36,50000.0,0.0,20.3,226,36.13,-60.0,0.594
2024-04-30T15:27:50.000,25.75,7.49,50000.0,0.0,20.3,227,35.94,-61.0,0.594
2024-04-30T15:28:49.000,25.84,7.8,50000.0,0.0,20.3,228,35.76,-61.0,0.594
2024-04-30T15:40:51.000,24.62,3.93,50000.0,0.0,20.3,240,33.56,-63.0,0.593
2024-04-30T15:41:51.000,24.5,4.01,50000.0,0.0,20.3,241,33.38,-63.0,0.593
2024-04-30T15:42:51.000,24.44,3.9,50000.0,0.0,20.3,242,33.2,-63.0,0.592
2024-04-30T16:59:48.000,19.66,3.81,50000.0,0.0,20.3,260,18.91,-72.0,0.587
2024-04-30T17:12:35.000,19.97,4.76,50000.0,0.0,20.3,272,16.53,-73.0,0.586
2024-04-30T17:13:35.000,19.89,4.42,50000.0,0.0,20.3,273,16.35,-73.0,0.586
2024-04-30T17:27:33.000,19.53,5.51,50000.0,0.0,20.3,286,13.76,-73.0,0.585
2024-04-30T17:28:32.000,19.53,5.45,50000.0,0.0,20.3,287,13.58,-73.0,0.584
2024-04-30T17:29:32.000,19.47,5.5,50000.0,0.0,20.3,288,13.4,-73.0,0.584
2024-04-30T17:30:32.000,19.45,5.44,50000.0,0.0,20.3,289,13.21,-73.0,0.584
2024-04-30T17:31:32.000,19.43,5.27,50000.0,0.0,20.3,290,13.03,-73.0,0.584
2024-04-30T17:32:32.000,19.32,4.96,50000.0,0.0,20.3,291,12.85,-73.0,0.584
2024-04-30T17:34:38.000,19.21,4.68,50000.0,0.0,20.3,293,12.46,-73.0,0.584
2024-04-30T17:35:38.000,19.05,4.48,50000.0,0.0,20.3,294,12.28,-73.0,0.584
2024-04-30T17:36:39.000,19.06,4.79,50000.0,0.0,20.3,295,12.09,-73.0,0.584
2024-04-30T17:37:39.000,19.04,4.41,50000.0,0.0,20.3,296,11.91,-73.0,0.584
2024-04-30T17:38:39.000,18.99,4.33,50000.0,0.0,20.3,297,11.72,-73.0,0.584
2024-04-30T17:43:00.000,18.88,3.73,50000.0,0.0,20.3,301,10.92,-73.0,0.583
2024-04-30T17:43:59.000,18.87,3.45,50000.0,0.0,20.3,302,10.74,-73.0,0.583
2024-04-30T17:44:59.000,18.82,3.2,50000.0,0.0,20.3,303,10.56,-73.0,0.583
2024-04-30T18:03:01.000,18.41,4.59,50000.0,0.0,20.3,321,7.28,-72.0,0.582
2024-04-30T18:04:01.000,18.42,4.85,50000.0,0.0,20.3,322,7.1,-72.0,0.582
2024-04-30T18:05:01.000,18.41,4.89,50000.0,0.0,20.3,323,6.92,-72.0,0.582
2024-04-30T18:21:02.000,17.62,2.25,50000.0,0.0,20.3,338,4.04,-71.0,0.58
2024-04-30T18:22:01.000,17.56,2.07,50000.0,0.0,20.3,339,3.86,-71.0,0.58
2024-04-30T18:23:01.000,17.48,1.87,50000.0,0.0,20.3,340,3.69,-71.0,0.58
2024-04-30T18:32:02.000,16.77,0.54,50000.0,0.0,20.3,349,2.09,-70.0,0.58
2024-04-30T18:33:02.000,16.7,0.47,50000.0,0.0,20.3,350,1.91,-69.0,0.58
2024-04-30T18:34:02.000,16.62,0.34,50000.0,0.0,20.3,351,1.73,-69.0,0.579
2024-04-30T18:35:02.000,16.54,0.32,49727.02,0.09,20.3,352,1.56,-69.0,0.579
2024-04-30T18:36:02.000,16.47,0.29,49731.34,0.09,20.3,353,1.38,-69.0,0.579
2024-04-30T18:37:03.000,16.4,0.21,50000.0,0.0,20.3,354,1.2,-69.0,0.579
2024-04-30T18:38:03.000,16.34,0.2,50000.0,0.0,20.3,355,1.03,-69.0,0.579
2024-04-30T18:39:03.000,16.26,0.1,50000.0,0.0,20.3,356,0.85,-69.0,0.579
2024-04-30T18:46:03.000,15.74,-0.6,50000.0,0.0,20.3,363,-0.37,-68.0,0.579
2024-04-30T18:47:04.000,15.62,-0.72,50000.0,0.0,20.3,364,-0.55,-68.0,0.578
2024-04-30T18:48:04.000,15.55,-0.72,50000.0,0.0,20.3,365,-0.72,-68.0,0.578
2024-04-30T18:50:09.000,15.42,-0.98,49489.91,0.18,20.3,367,-1.09,-67.0,0.578
2024-04-30T18:51:09.000,15.36,-1.01,50000.0,0.0,20.3,368,-1.26,-67.0,0.578
2024-04-30T18:52:10.000,15.3,-1.03,50000.0,0.0,20.3,369,-1.44,-67.0,0.578
2024-04-30T18:53:10.000,15.24,-1.0,50000.0,0.0,20.3,370,-1.61,-67.0,0.578
2024-04-30T18:54:10.000,15.14,-0.87,50000.0,0.0,20.3,371,-1.78,-67.0,0.578
2024-04-30T18:55:11.000,15.08,-0.84,54977.27,3.04,20.3,372,-1.96,-67.0,0.578
2024-04-30T18:56:11.000,15.04,-0.74,58374.89,8.39,20.3,373,-2.13,-67.0,0.578
2024-04-30T18:57:12.000,15.03,-0.9,51195.8,8.53,20.3,374,-2.3,-66.0,0.578
2024-04-30T18:58:12.000,15.06,-0.73,44414.2,8.68,20.3,375,-2.47,-66.0,0.578
2024-04-30T18:59:13.000,15.05,-0.73,38190.18,8.85,20.3,376,-2.65,-66.0,0.578
2024-04-30T19:00:13.000,15.02,-0.6,32284.28,9.12,20.3,377,-2.82,-66.0,0.577
2024-04-30T19:01:14.000,15.04,-0.47,27827.96,9.19,20.3,378,-2.99,-66.0,0.577
2024-04-30T19:03:21.000,15.02,0.07,19708.85,9.56,20.3,380,-3.36,-66.0,0.577
2024-04-30T19:04:20.000,15.05,0.65,16581.02,9.75,20.3,381,-3.52,-65.0,0.577
2024-04-30T19:05:21.000,15.05,1.33,13922.96,9.94,20.3,382,-3.7,-65.0,0.577
2024-04-30T19:17:04.000,15.03,2.77,1473.8,12.38,20.3,393,-5.67,-64.0,0.576
2024-04-30T19:18:04.000,15.05,2.59,1214.44,12.59,20.3,394,-5.84,-63.0,0.576
2024-04-30T19:29:53.000,15.05,0.79,134.55,14.98,20.3,405,-7.8,-62.0,0.575
2024-04-30T19:30:52.000,15.02,0.46,110.64,15.19,20.3,406,-7.96,-61.0,0.575
2024-04-30T19:31:52.000,15.06,0.36,90.98,15.4,20.3,407,-8.12,-61.0,0.575
2024-04-30T19:32:52.000,15.08,0.3,75.48,15.61,20.3,408,-8.28,-61.0,0.575
2024-04-30T19:33:53.000,15.03,0.12,62.48,15.81,20.3,409,-8.45,-61.0,0.575
2024-04-30T19:34:53.000,15.04,-0.06,50.72,16.04,20.3,410,-8.61,-61.0,0.575
2024-04-30T19:35:53.000,15.04,-0.06,43.5,16.21,20.3,411,-8.78,-61.0,0.575
2024-04-30T19:36:53.000,15.02,0.08,36.2,16.4,20.3,412,-8.94,-60.0,0.575
2024-04-30T19:37:53.000,15.03,0.16,30.61,16.59,20.3,413,-9.1,-60.0,0.575
2024-04-30T19:38:53.000,15.03,0.44,26.01,16.76,20.3,414,-9.26,-60.0,0.575
2024-04-30T19:39:53.000,15.04,0.72,22.37,16.93,20.3,415,-9.42,-60.0,0.574
2024-04-30T19:40:53.000,15.03,1.12,19.66,17.07,20.3,416,-9.58,-60.0,0.574
2024-04-30T19:41:53.000,15.08,1.9,17.68,17.18,20.3,417,-9.74,-60.0,0.574
2024-04-30T19:42:54.000,15.09,2.69,16.64,17.25,20.3,418,-9.91,-59.0,0.574
2024-04-30T19:43:54.000,15.08,3.35,15.67,17.31,20.3,419,-10.07,-59.0,0.574
2024-04-30T19:44:54.000,15.05,3.81,14.61,17.39,20.3,420,-10.23,-59.0,0.574
2024-04-30T19:45:54.000,15.03,4.27,13.57,17.47,20.3,421,-10.39,-59.0,0.574
2024-04-30T19:46:54.000,15.08,4.7,12.4,17.57,20.3,422,-10.54,-59.0,0.574
2024-04-30T19:47:54.000,15.08,4.87,11.38,17.66,20.3,423,-10.7,-59.0,0.574
2024-04-30T19:48:54.000,15.06,5.27,10.62,17.73,20.3,424,-10.86,-58.0,0.574
2024-04-30T19:49:54.000,15.03,5.49,9.96,17.8,20.3,425,-11.02,-58.0,0.574
2024-04-30T19:50:55.000,15.04,5.74,9.36,17.87,20.3,426,-11.18,-58.0,0.574
2024-04-30T19:51:55.000,15.06,5.93,8.94,17.92,20.3,427,-11.34,-58.0,0.574
2024-04-30T19:52:55.000,15.07,6.18,8.71,17.95,20.3,428,-11.5,-58.0,0.573
2024-04-30T19:53:55.000,15.11,6.34,8.62,17.96,20.3,429,-11.65,-58.0,0.573
2024-04-30T19:54:55.000,15.12,6.37,8.63,17.96,20.3,430,-11.81,-57.0,0.573
2024-04-30T19:55:55.000,15.12,6.51,8.71,17.95,20.3,431,-11.96,-57.0,0.573
2024-04-30T19:56:55.000,15.12,6.7,8.81,17.94,20.3,432,-12.12,-57.0,0.573
2024-04-30T19:57:55.000,15.12,6.77,9.02,17.91,20.3,433,-12.28,-57.0,0.573
2024-04-30T19:58:55.000,15.13,6.98,9.19,17.89,20.3,434,-12.43,-57.0,0.573
2024-04-30T19:59:56.000,15.13,7.06,9.43,17.86,20.3,435,-12.59,-57.0,0.573
2024-04-30T20:00:56.000,15.12,7.08,9.51,17.86,20.3,436,-12.74,-56.0,0.573
2024-04-30T20:01:56.000,15.15,7.22,9.42,17.86,20.3,437,-12.9,-56.0,0.573
2024-04-30T20:02:56.000,15.14,6.99,9.19,17.89,20.3,438,-13.05,-56.0,0.573
2024-04-30T20:03:56.000,15.14,6.97,8.86,17.93,20.3,439,-13.2,-56.0,0.573
2024-04-30T20:05:00.000,15.15,6.98,8.32,18.0,20.3,440,-13.37,-56.0,0.573
2024-04-30T20:05:59.000,15.19,6.88,7.68,18.09,20.3,441,-13.52,-56.0,0.572
2024-04-30T20:23:09.000,15.16,5.86,4.8,18.6,20.3,457,-16.08,-53.0,0.571
2024-04-30T20:24:08.000,15.16,5.63,4.21,18.74,20.3,458,-16.22,-52.0,0.571
2024-04-30T20:25:08.000,15.14,5.23,3.84,18.84,20.3,459,-16.37,-52.0,0.571
2024-04-30T20:26:08.000,15.1,4.97,3.6,18.91,20.3,460,-16.51,-52.0,0.571
2024-04-30T20:27:08.000,15.09,4.8,3.46,18.95,20.3,461,-16.66,-52.0,0.571
2024-04-30T20:28:08.000,15.08,4.95,3.81,18.85,20.3,462,-16.8,-52.0,0.571
2024-04-30T20:29:09.000,15.06,5.04,4.09,18.77,20.3,463,-16.95,-52.0,0.571
2024-04-30T20:30:09.000,15.02,4.81,4.47,18.67,20.3,464,-17.09,-51.0,0.571
2024-04-30T20:31:09.000,15.07,4.8,4.47,18.67,20.3,465,-17.23,-51.0,0.571
2024-04-30T20:32:09.000,15.11,4.77,4.21,18.74,20.3,466,-17.38,-51.0,0.57
2024-04-30T20:33:09.000,15.1,4.81,4.11,18.77,20.3,467,-17.52,-51.0,0.57
2024-04-30T20:34:09.000,15.09,4.98,4.57,18.65,20.3,468,-17.66,-51.0,0.57
2024-04-30T20:35:09.000,15.05,5.11,4.82,18.59,20.3,469,-17.8,-51.0,0.57
2024-04-30T20:36:09.000,15.03,5.43,5.18,18.51,20.3,470,-17.94,-50.0,0.57
2024-04-30T20:37:09.000,15.05,5.96,5.75,18.4,20.3,471,-18.08,-50.0,0.57
2024-04-30T20:38:09.000,15.05,6.41,6.49,18.27,20.3,472,-18.22,-50.0,0.57
2024-04-30T20:39:09.000,15.03,6.66,6.68,18.24,20.3,473,-18.36,-50.0,0.57
2024-04-30T20:40:10.000,15.07,7.14,6.93,18.2,20.3,474,-18.5,-50.0,0.57
2024-04-30T20:41:10.000,15.14,7.48,7.3,18.14,20.3,475,-18.64,-50.0,0.57
2024-04-30T20:55:07.000,15.46,10.19,10.82,17.71,20.3,488,-20.52,-47.0,0.569
2024-04-30T20:56:06.000,15.48,10.16,10.78,17.72,20.3,489,-20.65,-47.0,0.569
2024-04-30T21:07:50.000,15.51,9.84,9.48,17.86,20.3,500,-22.15,-45.0,0.568
2024-04-30T21:08:49.000,15.48,9.75,8.7,17.95,20.3,501,-22.28,-45.0,0.568
2024-04-30T21:09:49.000,15.43,9.81,8.67,17.95,20.3,502,-22.4,-44.0,0.568
2024-04-30T21:10:50.000,15.39,9.91,9.14,17.9,20.3,503,-22.53,-44.0,0.568
2024-04-30T21:11:50.000,15.32,9.91,9.22,17.89,20.3,504,-22.65,-44.0,0.567
2024-04-30T21:12:50.000,15.28,10.08,9.56,17.85,20.3,505,-22.77,-44.0,0.567
2024-04-30T21:13:50.000,15.31,10.21,9.84,17.82,20.3,506,-22.89,-44.0,0.567
2024-04-30T21:14:50.000,15.4,10.24,10.1,17.79,20.3,507,-23.02,-44.0,0.567
2024-04-30T21:15:50.000,15.48,10.41,10.69,17.73,20.3,508,-23.14,-43.0,0.567
2024-04-30T21:16:50.000,15.67,10.5,11.35,17.66,20.3,509,-23.26,-43.0,0.567
2024-04-30T21:17:50.000,15.78,10.68,11.73,17.63,20.3,510,-23.38,-43.0,0.567
2024-04-30T21:18:50.000,15.86,10.72,11.93,17.61,20.3,511,-23.49,-43.0,0.567
2024-04-30T21:19:50.000,15.91,10.69,12.01,17.6,20.3,512,-23.61,-43.0,0.567
2024-04-30T21:20:50.000,15.91,10.63,12.02,17.6,20.3,513,-23.73,-42.0,0.567
2024-04-30T21:21:50.000,15.91,10.64,12.06,17.6,20.3,514,-23.85,-42.0,0.567
2024-04-30T21:22:51.000,15.89,10.54,12.08,17.6,20.3,515,-23.97,-42.0,0.567
2024-04-30T21:23:51.000,15.86,10.55,12.52,17.56,20.3,516,-24.08,-42.0,0.567
2024-04-30T21:24:51.000,15.85,10.54,12.85,17.53,20.3,517,-24.2,-42.0,0.566
2024-04-30T21:25:51.000,15.84,10.67,13.23,17.5,20.3,518,-24.31,-42.0,0.566
2024-04-30T21:26:51.000,15.85,10.72,13.53,17.47,20.3,519,-24.43,-41.0,0.566
2024-04-30T21:27:51.000,15.87,10.76,13.56,17.47,20.3,520,-24.54,-41.0,0.566
2024-04-30T21:28:51.000,15.93,10.77,13.57,17.47,20.3,521,-24.66,-41.0,0.566
2024-04-30T21:29:51.000,15.98,10.69,13.07,17.51,20.3,522,-24.77,-41.0,0.566
2024-04-30T21:30:51.000,16.01,10.64,12.64,17.55,20.3,523,-24.88,-41.0,0.566
2024-04-30T21:31:51.000,16.04,10.63,12.84,17.53,20.3,524,-24.99,-41.0,0.566
2024-04-30T21:32:52.000,16.07,10.69,13.38,17.48,20.3,525,-25.1,-40.0,0.566
2024-04-30T21:33:52.000,16.11,10.69,13.12,17.51,20.3,526,-25.21,-40.0,0.566
2024-04-30T21:34:52.000,16.1,10.58,12.29,17.58,20.3,527,-25.32,-40.0,0.566
2024-04-30T21:35:52.000,16.08,10.6,12.84,17.53,20.3,528,-25.43,-40.0,0.566
2024-04-30T21:36:52.000,16.08,10.7,13.95,17.44,20.3,529,-25.54,-40.0,0.566
2024-04-30T21:37:52.000,16.09,10.75,14.19,17.42,20.3,530,-25.65,-39.0,0.565
2024-04-30T21:38:52.000,16.1,10.73,13.96,17.44,20.3,531,-25.76,-39.0,0.565
2024-04-30T21:39:52.000,16.1,10.74,13.98,17.44,20.3,532,-25.86,-39.0,0.565
2024-04-30T21:40:52.000,16.09,10.74,13.79,17.45,20.3,533,-25.97,-39.0,0.565
2024-04-30T21:41:52.000,16.07,10.7,13.75,17.45,20.3,534,-26.07,-39.0,0.565
2024-04-30T21:42:53.000,16.05,10.69,14.07,17.43,20.3,535,-26.18,-39.0,0.565
2024-04-30T21:43:53.000,16.03,10.73,14.4,17.4,20.3,536,-26.28,-38.0,0.565
2024-04-30T21:44:53.000,16.03,10.75,14.61,17.39,20.3,537,-26.39,-38.0,0.565
2024-04-30T21:45:53.000,16.03,10.83,14.67,17.38,20.3,538,-26.49,-38.0,0.565
2024-04-30T21:46:53.000,16.05,10.84,14.65,17.39,20.3,539,-26.59,-38.0,0.565
2024-04-30T21:47:53.000,16.06,10.87,14.66,17.39,20.3,540,-26.69,-38.0,0.565
2024-04-30T21:48:53.000,16.08,10.88,14.42,17.4,20.3,541,-26.79,-37.0,0.565
2024-04-30T21:49:53.000,16.11,10.86,14.38,17.41,20.3,542,-26.89,-37.0,0.565
2024-04-30T21:50:54.000,16.15,10.85,13.93,17.44,20.3,543,-26.99,-37.0,0.564
2024-04-30T21:51:54.000,16.17,10.66,12.86,17.53,20.3,544,-27.09,-37.0,0.564
2024-04-30T21:52:54.000,16.16,10.5,11.8,17.62,20.3,545,-27.19,-37.0,0.564
2024-04-30T21:53:54.000,16.12,10.14,10.92,17.71,20.3,546,-27.28,-37.0,0.564
2024-04-30T21:54:54.000,16.08,9.8,9.74,17.83,20.3,547,-27.38,-36.0,0.564
2024-04-30T21:55:54.000,16.05,9.54,8.85,17.93,20.3,548,-27.48,-36.0,0.564
2024-04-30T21:56:54.000,16.01,9.35,8.85,17.93,20.3,549,-27.57,-36.0,0.564
2024-04-30T21:57:54.000,15.98,9.09,8.93,17.92,20.3,550,-27.67,-36.0,0.564
2024-04-30T21:58:54.000,15.95,8.72,9.01,17.91,20.3,551,-27.76,-36.0,0.564
2024-04-30T21:59:55.000,15.95,8.26,9.18,17.89,20.3,552,-27.85,-35.0,0.564
2024-04-30T22:00:55.000,15.92,7.89,8.83,17.94,20.3,553,-27.95,-35.0,0.564
2024-04-30T22:01:55.000,15.9,7.54,7.9,18.06,20.3,554,-28.04,-35.0,0.564
2024-04-30T22:02:55.000,15.85,7.05,7.04,18.18,20.3,555,-28.13,-35.0,0.564
2024-04-30T22:03:55.000,15.8,6.83,6.19,18.32,20.3,556,-28.22,-35.0,0.563
2024-04-30T22:04:55.000,15.77,6.69,5.68,18.41,20.3,557,-28.31,-35.0,0.563
2024-04-30T22:05:55.000,15.73,6.41,6.04,18.35,20.3,558,-28.39,-34.0,0.563
2024-04-30T22:06:55.000,15.69,6.13,6.34,18.29,20.3,559,-28.48,-34.0,0.563
2024-04-30T22:07:55.000,15.66,5.94,5.79,18.39,20.3,560,-28.57,-34.0,0.563
2024-04-30T22:08:55.000,15.63,5.77,5.33,18.48,20.3,561,-28.66,-34.0,0.563
2024-04-30T22:09:55.000,15.57,6.0,5.68,18.42,20.3,562,-28.74,-34.0,0.563
2024-04-30T22:10:56.000,15.53,6.6,5.98,18.36,20.3,563,-28.83,-34.0,0.563
2024-04-30T22:11:56.000,15.52,7.14,6.29,18.3,20.3,564,-28.91,-33.0,0.563
2024-04-30T22:12:56.000,15.48,7.33,6.64,18.25,20.3,565,-28.99,-33.0,0.563
2024-04-30T22:13:56.000,15.47,7.35,6.26,18.31,20.3,566,-29.08,-33.0,0.563
2024-04-30T22:14:56.000,15.46,6.98,5.47,18.45,20.3,567,-29.16,-33.0,0.563
2024-04-30T22:15:56.000,15.43,6.87,5.75,18.4,20.3,568,-29.24,-33.0,0.563
