ecsv/stars608/stars608_2024-04.ecsv
# %ECSV 1.0
# ---
# datatype:
# - {name: time, datatype: string}
# - {name: Enclosure Temperature, unit: deg_C, datatype: float64}
# - {name: Sky Temperature, unit: deg_C, datatype: float64}
# - {name: Frequency, unit: Hz, datatype: float64}
# - {name: MSAS, unit: mag / arcsec2, datatype: float64}
# - {name: ZP, datatype: float64}
# - {name: Sequence Number, datatype: int64}
# - {name: Sun Alt, unit: deg, datatype: float64}
# - {name: Moon Alt, unit: deg, datatype: float64}
# - {name: Moon Illumination, datatype: float64}
# delimiter: ','
# meta: !!omap
# - ida:
#     Data supplier: {affiliation: Stupa Observatory, observer: Xavier Rubia}
#     Device type: TESS-W
#     Field of view: 17.0
#     Filters per channel: None
#     Instrument ID: stars608
#     License: ODbL 1.0 http://opendatacommons.org/licenses/odbl/summary/
#     Local timezone: Europe/Madrid
#     Location name: {country: '- Centelles', place: Centelles, region: Spain, sub_region: Catalonia, town: Barcelona}
#     Measurement direction per channel: {azimuth: 0.0, zenital: 0.0}
#     Moving / Fixed look direction: FIXED
#     Moving / Stationary position: STATIONARY
#     Number of channels: 1
#     Number of fields per line: 8
#     Number of header lines: 35
#     Position: {height: 0.0, latitude: 41.7735198, longitude: 2.24019}
#     TESS MAC address: 84:CC:A8:B1:81:B9
#     TESS cover offset value: 0.0
#     TESS firmware version: '1.0'
#     TESS zero point: 20.3
#     Time Synchronization: timestamp added by MQTT subscriber
#     URL: http://www.darksky.org/NSBM/sdf1.0.pdf
# - __serialized_columns__:
#     Enclosure Temperature:
#       __class__: astropy.units.quantity.Quantity
#       unit: &id001 !astropy.units.Unit {unit: deg_C}
#       value: !astropy.table.SerializedColumn {name: Enclosure Temperature}
#     Frequency:
#       __class__: astropy.units.quantity.Quantity
#       unit: !astropy.units.Unit {unit: Hz}
#       value: !astropy.table.SerializedColumn {name: Frequency}
#     MSAS:
#       __class__: astropy.units.quantity.Quantity
#       unit: !astropy.units.Unit {unit: mag / arcsec2}
#       value: !astropy.table.SerializedColumn {name: MSAS}
#     Moon Alt:
#       __class__: astropy.units.quantity.Quantity
#       unit: &id002 !astropy.units.Unit {unit: deg}
#       value: !astropy.table.SerializedColumn {name: Moon Alt}
#     Sky Temperature:
#       __class__: astropy.units.quantity.Quantity
#       unit: *id001
#       value: !astropy.table.SerializedColumn {name: Sky Temperature}
#     Sun Alt:
#       __class__: astropy.units.quantity.Quantity
#       unit: *id002
#       value: !astropy.table.SerializedColumn {name: Sun Alt}
#     time:
#       __class__: astropy.time.core.Time
#       format: isot
#       in_subfmt: '*'
#       out_subfmt: '*'
#       precision: 3
#       scale: utc
#       value: !astropy.table.SerializedColumn {name: time}
# schema: astropy-2.0
time,Enclosure Temperature,Sky Temperature,Frequency,MSAS,ZP,Sequence Number,Sun Alt,Moon Alt,Moon Illumination
[from data line 5778]
2024-04-25T21:44:57.000,14.98,2.57,11.5,17.65,20.3,981,-27.73,8.0,0.964
2024-04-25T21:45:57.000,15.02,2.18,10.87,17.71,20.3,982,-27.83,8.0,0.963
2024-04-25T21:46:57.000,15.05,2.6,10.45,17.75,20.3,983,-27.94,9.0,0.963
2024-04-25T21:47:58.000,15.03,2.59,10.27,17.77,20.3,984,-28.04,9.0,0.963
2024-04-25T21:48:58.000,15.08,2.84,10.14,17.78,20.3,985,-28.14,9.0,0.963
2024-04-25T21:49:58.000,14.97,2.6,10.21,17.78,20.3,986,-28.25,9.0,0.963
2024-04-25T21:50:58.000,15.11,2.82,10.19,17.78,20.3,987,-28.35,9.0,0.963
2024-04-25T21:51:58.000,14.97,2.79,10.12,17.79,20.3,988,-28.45,9.0,0.963
2024-04-25T21:52:58.000,15.08,2.63,10.32,17.77,20.3,989,-28.55,9.0,0.963
2024-04-25T21:53:58.000,15.01,3.08,10.77,17.72,20.3,990,-28.65,9.0,0.963
2024-04-25T21:54:58.000,15.03,3.05,11.15,17.68,20.3,991,-28.75,10.0,0.963
2024-04-25T21:55:59.000,15.0,3.11,11.29,17.67,20.3,992,-28.85,10.0,0.963
2024-04-25T21:56:59.000,15.02,3.08,11.25,17.67,20.3,993,-28.94,10.0,0.963
2024-04-25T21:57:59.000,15.01,3.02,11.22,17.67,20.3,994,-29.04,10.0,0.963
2024-04-25T21:58:59.000,15.06,3.24,11.26,17.67,20.3,995,-29.14,10.0,0.963
2024-04-25T21:59:59.000,14.97,2.98,10.86,17.71,20.3,996,-29.23,10.0,0.963
2024-04-25T22:00:59.000,15.05,3.02,10.11,17.79,20.3,997,-29.32,10.0,0.963
2024-04-25T22:01:59.000,15.0,2.87,9.41,17.87,20.3,998,-29.42,10.0,0.963
2024-04-25T22:02:59.000,15.02,2.99,9.34,17.87,20.3,999,-29.51,11.0,0.963
2024-04-25T22:03:59.000,14.99,2.73,9.63,17.84,20.3,1000,-29.6,11.0,0.963
2024-04-25T22:05:00.000,15.01,2.93,9.91,17.81,20.3,1001,-29.7,11.0,0.963
2024-04-25T22:06:00.000,15.02,2.91,10.1,17.79,20.3,1002,-29.79,11.0,0.963
2024-04-25T22:07:00.000,14.96,3.01,10.14,17.78,20.3,1003,-29.88,11.0,0.963
2024-04-25T22:08:00.000,14.98,2.82,10.28,17.77,20.3,1004,-29.97,11.0,0.963
2024-04-25T22:09:00.000,14.97,3.15,10.31,17.77,20.3,1005,-30.06,11.0,0.963
2024-04-25T22:10:00.000,15.01,2.95,10.24,17.77,20.3,1006,-30.14,11.0,0.963
2024-04-25T22:11:00.000,14.97,3.21,10.41,17.76,20.3,1007,-30.23,12.0,0.963
2024-04-25T22:12:00.000,15.06,3.23,10.79,17.72,20.3,1008,-30.32,12.0,0.963
2024-04-25T22:13:00.000,14.96,3.34,11.27,17.67,20.3,1009,-30.4,12.0,0.963
2024-04-25T22:14:01.000,15.11,3.51,11.55,17.64,20.3,1010,-30.49,12.0,0.963
2024-04-25T22:15:01.000,14.92,3.17,11.8,17.62,20.3,1011,-30.57,12.0,0.963
2024-04-25T22:16:01.000,15.04,3.04,12.03,17.6,20.3,1012,-30.66,12.0,0.963
2024-04-25T22:17:01.000,14.95,3.25,12.4,17.57,20.3,1013,-30.74,12.0,0.963
2024-04-25T22:18:01.000,15.03,3.16,12.95,17.52,20.3,1014,-30.82,12.0,0.963
2024-04-25T22:19:01.000,14.96,3.28,13.55,17.47,20.3,1015,-30.9,13.0,0.963
2024-04-25T22:20:01.000,15.0,3.08,14.06,17.43,20.3,1016,-30.98,13.0,0.963
2024-04-25T22:21:01.000,14.97,3.38,14.26,17.41,20.3,1017,-31.06,13.0,0.963
2024-04-25T22:22:01.000,15.03,3.34,14.12,17.43,20.3,1018,-31.14,13.0,0.963
2024-04-25T22:23:02.000,14.99,3.89,14.21,17.42,20.3,1019,-31.22,13.0,0.962
2024-04-25T22:24:02.000,15.08,3.9,14.83,17.37,20.3,1020,-31.29,13.0,0.962
2024-04-25T22:25:02.000,14.98,4.05,15.09,17.35,20.3,1021,-31.37,13.0,0.962
2024-04-25T22:26:02.000,15.1,4.3,15.4,17.33,20.3,1022,-31.45,13.0,0.962
2024-04-25T22:27:02.000,14.97,4.25,15.72,17.31,20.3,1023,-31.52,13.0,0.962
2024-04-25T22:28:02.000,14.99,3.89,15.55,17.32,20.3,1024,-31.59,14.0,0.962
2024-04-25T22:29:02.000,14.99,3.37,15.1,17.35,20.3,1025,-31.67,14.0,0.962
2024-04-25T22:30:02.000,14.95,3.27,14.59,17.39,20.3,1026,-31.74,14.0,0.962
2024-04-25T22:31:02.000,15.05,3.28,14.07,17.43,20.3,1027,-31.81,14.0,0.962
2024-04-25T22:32:03.000,14.95,4.45,13.62,17.46,20.3,1028,-31.88,14.0,0.962
2024-04-25T22:33:03.000,15.01,4.56,13.43,17.48,20.3,1029,-31.95,14.0,0.962
2024-04-25T22:34:03.000,15.01,4.91,13.43,17.48,20.3,1030,-32.02,14.0,0.962
2024-04-25T22:35:03.000,14.98,5.08,13.52,17.47,20.3,1031,-32.09,14.0,0.962
2024-04-25T22:36:03.000,14.96,4.13,13.41,17.48,20.3,1032,-32.15,14.0,0.962
2024-04-25T22:37:03.000,15.02,4.14,13.07,17.51,20.3,1033,-32.22,15.0,0.962
2024-04-25T22:38:03.000,14.99,4.59,12.23,17.58,20.3,1034,-32.29,15.0,0.962
2024-04-25T22:39:03.000,14.93,4.1,11.45,17.65,20.3,1035,-32.35,15.0,0.962
2024-04-25T22:40:03.000,14.97,3.73,11.17,17.68,20.3,1036,-32.41,15.0,0.962
2024-04-25T22:41:04.000,15.0,3.43,11.21,17.68,20.3,1037,-32.48,15.0,0.962
2024-04-25T22:42:04.000,14.98,2.77,11.17,17.68,20.3,1038,-32.54,15.0,0.962
2024-04-25T22:43:04.000,15.08,2.52,11.06,17.69,20.3,1039,-32.6,15.0,0.962
2024-04-25T22:44:04.000,14.96,2.27,10.93,17.7,20.3,1040,-32.66,15.0,0.962
2024-04-25T22:45:04.000,15.05,2.37,10.85,17.71,20.3,1041,-32.72,15.0,0.962
2024-04-25T22:46:04.000,14.96,2.22,10.94,17.7,20.3,1042,-32.78,15.0,0.962
2024-04-25T22:47:04.000,15.09,2.45,11.29,17.67,20.3,1043,-32.84,16.0,0.962
2024-04-25T22:48:04.000,14.85,2.04,11.65,17.63,20.3,1044,-32.89,16.0,0.962
2024-04-25T22:49:05.000,15.07,2.09,11.89,17.61,20.3,1045,-32.95,16.0,0.962
2024-04-25T22:50:05.000,14.89,2.01,11.81,17.62,20.3,1046,-33.01,16.0,0.962
2024-04-25T22:51:05.000,14.99,1.94,11.72,17.63,20.3,1047,-33.06,16.0,0.962
2024-04-25T22:52:05.000,15.02,2.16,11.84,17.62,20.3,1048,-33.11,16.0,0.962
2024-04-25T22:53:05.000,14.97,1.83,12.08,17.6,20.3,1049,-33.17,16.0,0.962
2024-04-25T22:54:05.000,15.0,1.77,12.28,17.58,20.3,1050,-33.22,16.0,0.962
2024-04-25T22:55:05.000,14.98,1.47,12.37,17.57,20.3,1051,-33.27,16.0,0.962
2024-04-25T22:56:05.000,15.03,1.75,12.49,17.56,20.3,1052,-33.32,16.0,0.962
2024-04-25T22:57:06.000,14.96,1.67,12.8,17.53,20.3,1053,-33.37,17.0,0.962
2024-04-25T22:58:06.000,15.02,1.83,12.73,17.54,20.3,1054,-33.41,17.0,0.962
2024-04-25T22:59:06.000,14.97,1.49,12.42,17.56,20.3,1055,-33.46,17.0,0.962
2024-04-25T23:00:06.000,14.97,1.23,12.95,17.52,20.3,1056,-33.51,17.0,0.962
2024-04-25T23:01:06.000,15.0,0.74,13.24,17.5,20.3,1057,-33.55,17.0,0.961
2024-04-25T23:02:06.000,15.03,0.55,12.58,17.55,20.3,1058,-33.6,17.0,0.961
2024-04-25T23:03:06.000,14.96,-0.08,11.85,17.62,20.3,1059,-33.64,17.0,0.961
2024-04-25T23:04:06.000,14.88,-1.24,11.15,17.68,20.3,1060,-33.68,17.0,0.961
2024-04-25T23:05:06.000,15.02,-1.89,9.79,17.82,20.3,1061,-33.72,17.0,0.961
2024-04-25T23:06:06.000,14.91,-2.4,9.57,17.85,20.3,1062,-33.77,17.0,0.961
2024-04-25T23:07:07.000,15.03,-1.98,9.78,17.82,20.3,1063,-33.81,18.0,0.961
2024-04-25T23:08:07.000,14.98,-1.42,10.22,17.78,20.3,1064,-33.84,18.0,0.961
2024-04-25T23:09:07.000,14.98,-0.37,11.24,17.67,20.3,1065,-33.88,18.0,0.961
2024-04-25T23:10:07.000,14.98,0.05,11.78,17.62,20.3,1066,-33.92,18.0,0.961
2024-04-25T23:11:07.000,14.99,0.6,11.46,17.65,20.3,1067,-33.96,18.0,0.961
2024-04-25T23:12:07.000,14.93,0.67,11.15,17.68,20.3,1068,-33.99,18.0,0.961
2024-04-25T23:13:07.000,15.1,1.16,11.03,17.69,20.3,1069,-34.02,18.0,0.961
2024-04-25T23:14:07.000,14.9,0.99,10.94,17.7,20.3,1070,-34.06,18.0,0.961
2024-04-25T23:15:07.000,15.13,1.31,10.99,17.7,20.3,1071,-34.09,18.0,0.961
2024-04-25T23:16:08.000,15.0,1.8,11.3,17.67,20.3,1072,-34.12,18.0,0.961
2024-04-25T23:17:08.000,15.02,1.53,11.68,17.63,20.3,1073,-34.15,18.0,0.961
2024-04-25T23:18:08.000,14.95,1.53,12.5,17.56,20.3,1074,-34.18,18.0,0.961
2024-04-25T23:19:08.000,15.08,1.72,13.63,17.46,20.3,1075,-34.21,19.0,0.961
2024-04-25T23:20:08.000,14.95,1.79,14.59,17.39,20.3,1076,-34.24,19.0,0.961
2024-04-25T23:21:08.000,15.08,1.86,15.72,17.31,20.3,1077,-34.26,19.0,0.961
2024-04-25T23:22:08.000,14.96,2.09,16.92,17.23,20.3,1078,-34.29,19.0,0.961
2024-04-25T23:23:08.000,15.04,2.01,16.92,17.23,20.3,1079,-34.32,19.0,0.961
2024-04-25T23:24:08.000,14.98,2.35,16.15,17.28,20.3,1080,-34.34,19.0,0.961
2024-04-25T23:25:08.000,15.06,2.31,15.52,17.32,20.3,1081,-34.36,19.0,0.961
2024-04-25T23:26:09.000,14.96,2.03,15.44,17.33,20.3,1082,-34.38,19.0,0.961
2024-04-25T23:27:09.000,15.09,2.12,15.67,17.31,20.3,1083,-34.41,19.0,0.961
2024-04-25T23:28:09.000,14.99,2.18,15.66,17.31,20.3,1084,-34.43,19.0,0.961
2024-04-25T23:29:09.000,15.06,1.94,15.62,17.32,20.3,1085,-34.44,19.0,0.961
2024-04-25T23:30:09.000,14.95,1.48,15.78,17.3,20.3,1086,-34.46,19.0,0.961
2024-04-25T23:31:09.000,15.11,1.38,15.86,17.3,20.3,1087,-34.48,20.0,0.961
2024-04-25T23:32:09.000,14.96,1.34,15.27,17.34,20.3,1088,-34.5,20.0,0.961
2024-04-25T23:33:09.000,15.1,1.32,14.56,17.39,20.3,1089,-34.51,20.0,0.961
2024-04-25T23:34:09.000,14.94,1.0,14.77,17.38,20.3,1090,-34.53,20.0,0.961
2024-04-25T23:35:10.000,15.09,0.71,15.35,17.33,20.3,1091,-34.54,20.0,0.961
2024-04-25T23:36:10.000,14.94,0.58,15.24,17.34,20.3,1092,-34.55,20.0,0.961
2024-04-25T23:37:10.000,15.07,0.73,15.13,17.35,20.3,1093,-34.56,20.0,0.961
2024-04-25T23:38:10.000,15.02,1.02,15.2,17.35,20.3,1094,-34.57,20.0,0.96
2024-04-25T23:39:10.000,15.03,1.03,15.12,17.35,20.3,1095,-34.58,20.0,0.96
2024-04-25T23:40:10.000,15.0,1.1,15.6,17.32,20.3,1096,-34.59,20.0,0.96
2024-04-25T23:41:10.000,15.05,0.75,16.26,17.27,20.3,1097,-34.6,20.0,0.96
2024-04-25T23:42:10.000,14.91,0.43,15.76,17.31,20.3,1098,-34.61,20.0,0.96
2024-04-25T23:43:10.000,15.11,0.66,15.48,17.33,20.3,1099,-34.61,20.0,0.96
2024-04-25T23:44:11.000,15.0,0.97,15.03,17.36,20.3,1100,-34.62,20.0,0.96
2024-04-25T23:45:11.000,15.04,0.91,15.21,17.35,20.3,1101,-34.62,21.0,0.96
2024-04-25T23:46:11.000,14.99,0.56,16.25,17.27,20.3,1102,-34.62,21.0,0.96
2024-04-25T23:47:11.000,15.01,0.43,17.09,17.22,20.3,1103,-34.63,21.0,0.96
2024-04-25T23:48:11.000,15.01,-0.19,15.85,17.3,20.3,1104,-34.63,21.0,0.96
2024-04-25T23:49:11.000,15.01,0.08,13.42,17.48,20.3,1105,-34.63,21.0,0.96
2024-04-25T23:50:11.000,14.99,0.41,12.88,17.53,20.3,1106,-34.63,21.0,0.96
2024-04-25T23:51:11.000,15.02,0.99,12.41,17.57,20.3,1107,-34.62,21.0,0.96
2024-04-25T23:52:11.000,15.03,1.25,12.87,17.53,20.3,1108,-34.62,21.0,0.96
2024-04-25T23:53:11.000,14.98,1.67,12.97,17.52,20.3,1109,-34.62,21.0,0.96
2024-04-25T23:54:12.000,15.04,1.77,12.92,17.52,20.3,1110,-34.61,21.0,0.96
2024-04-25T23:55:12.000,14.97,1.76,12.78,17.53,20.3,1111,-34.61,21.0,0.96
2024-04-25T23:56:12.000,14.99,1.52,12.78,17.53,20.3,1112,-34.6,21.0,0.96
2024-04-25T23:57:12.000,15.03,1.91,12.39,17.57,20.3,1113,-34.59,21.0,0.96
2024-04-25T23:58:12.000,15.01,2.37,12.71,17.54,20.3,1114,-34.58,21.0,0.96
2024-04-25T23:59:12.000,15.02,2.25,12.79,17.53,20.3,1115,-34.57,21.0,0.96
2024-04-26T00:00:12.000,14.98,1.99,12.69,17.54,20.3,1116,-34.56,21.0,0.96
2024-04-26T00:01:13.000,15.1,2.13,12.25,17.58,20.3,1117,-34.55,22.0,0.96
2024-04-26T00:02:13.000,14.99,2.16,11.74,17.63,20.3,1118,-34.54,22.0,0.96
2024-04-26T00:03:13.000,15.01,2.15,11.79,17.62,20.3,1119,-34.52,22.0,0.96
2024-04-26T00:04:13.000,15.1,2.59,11.35,17.66,20.3,1120,-34.51,22.0,0.96
2024-04-26T00:05:13.000,14.98,2.51,13.03,17.51,20.3,1121,-34.49,22.0,0.96
2024-04-26T00:06:13.000,15.07,2.59,14.79,17.38,20.3,1122,-34.48,22.0,0.96
2024-04-26T00:07:13.000,14.97,2.49,15.46,17.33,20.3,1123,-34.46,22.0,0.96
2024-04-26T00:08:13.000,15.08,2.46,16.4,17.26,20.3,1124,-34.44,22.0,0.96
2024-04-26T00:09:13.000,14.97,2.63,16.79,17.24,20.3,1125,-34.42,22.0,0.96
2024-04-26T00:10:13.000,15.0,2.92,16.84,17.23,20.3,1126,-34.4,22.0,0.96
2024-04-26T00:11:13.000,15.07,3.5,16.97,17.23,20.3,1127,-34.38,22.0,0.96
2024-04-26T00:12:14.000,15.06,4.11,17.56,17.19,20.3,1128,-34.36,22.0,0.96
2024-04-26T00:13:14.000,14.99,4.18,17.93,17.17,20.3,1129,-34.34,22.0,0.96
2024-04-26T00:14:14.000,15.07,4.29,18.69,17.12,20.3,1130,-34.31,22.0,0.959
2024-04-26T00:15:14.000,15.05,4.14,19.66,17.07,20.3,1131,-34.29,22.0,0.959
2024-04-26T00:16:14.000,15.04,3.55,20.89,17.0,20.3,1132,-34.26,22.0,0.959
2024-04-26T00:17:14.000,15.07,3.22,20.79,17.01,20.3,1133,-34.23,22.0,0.959
2024-04-26T00:18:14.000,15.0,3.04,19.18,17.09,20.3,1134,-34.21,22.0,0.959
2024-04-26T00:19:14.000,15.09,3.67,17.29,17.21,20.3,1135,-34.18,22.0,0.959
2024-04-26T00:20:14.000,14.97,3.67,16.46,17.26,20.3,1136,-34.15,22.0,0.959
2024-04-26T00:21:14.000,15.04,3.66,16.03,17.29,20.3,1137,-34.12,23.0,0.959
2024-04-26T00:22:14.000,15.0,3.52,15.9,17.3,20.3,1138,-34.09,23.0,0.959
2024-04-26T00:23:15.000,15.12,3.88,16.23,17.27,20.3,1139,-34.05,23.0,0.959
2024-04-26T00:24:15.000,14.98,3.67,16.2,17.28,20.3,1140,-34.02,23.0,0.959
2024-04-26T00:25:15.000,15.1,3.31,16.28,17.27,20.3,1141,-33.98,23.0,0.959
2024-04-26T00:26:15.000,15.02,3.45,16.39,17.26,20.3,1142,-33.95,23.0,0.959
2024-04-26T00:27:15.000,15.04,3.13,16.74,17.24,20.3,1143,-33.91,23.0,0.959
2024-04-26T00:28:15.000,15.02,3.28,15.97,17.29,20.3,1144,-33.88,23.0,0.959
2024-04-26T00:29:15.000,15.06,3.46,15.29,17.34,20.3,1145,-33.84,23.0,0.959
2024-04-26T00:30:16.000,15.1,3.92,15.16,17.35,20.3,1146,-33.8,23.0,0.959
2024-04-26T00:31:16.000,15.01,4.13,14.76,17.38,20.3,1147,-33.76,23.0,0.959
2024-04-26T00:32:16.000,15.1,4.62,14.81,17.37,20.3,1148,-33.72,23.0,0.959
2024-04-26T00:33:16.000,14.97,4.8,15.11,17.35,20.3,1149,-33.68,23.0,0.959
2024-04-26T00:34:16.000,15.09,4.95,15.27,17.34,20.3,1150,-33.63,23.0,0.959
2024-04-26T00:35:16.000,14.97,4.98,15.38,17.33,20.3,1151,-33.59,23.0,0.959
2024-04-26T00:36:16.000,15.09,4.62,15.72,17.31,20.3,1152,-33.55,23.0,0.959
2024-04-26T00:37:16.000,15.0,4.77,16.74,17.24,20.3,1153,-33.5,23.0,0.959
2024-04-26T00:38:16.000,15.04,4.28,17.8,17.17,20.3,1154,-33.45,23.0,0.959
2024-04-26T00:39:16.000,15.01,3.99,18.49,17.13,20.3,1155,-33.41,23.0,0.959
2024-04-26T00:40:17.000,15.0,3.24,18.31,17.14,20.3,1156,-33.36,23.0,0.959
2024-04-26T00:41:17.000,15.01,2.45,18.38,17.14,20.3,1157,-33.31,23.0,0.959
2024-04-26T00:42:17.000,15.01,2.21,18.26,17.15,20.3,1158,-33.26,23.0,0.959
2024-04-26T00:43:17.000,14.99,1.83,17.25,17.21,20.3,1159,-33.21,23.0,0.959
2024-04-26T00:44:17.000,15.04,1.91,17.81,17.17,20.3,1160,-33.16,23.0,0.959
2024-04-26T00:45:17.000,15.01,2.16,20.02,17.05,20.3,1161,-33.1,23.0,0.959
2024-04-26T00:46:17.000,15.02,1.82,21.51,16.97,20.3,1162,-33.05,23.0,0.959
2024-04-26T00:47:17.000,15.02,1.66,20.42,17.02,20.3,1163,-33.0,23.0,0.959
2024-04-26T00:48:17.000,15.13,2.11,19.65,17.07,20.3,1164,-32.94,23.0,0.959
2024-04-26T00:49:17.000,14.96,2.26,20.39,17.03,20.3,1165,-32.88,23.0,0.959
2024-04-26T00:50:17.000,15.12,2.56,21.23,16.98,20.3,1166,-32.83,23.0,0.958
2024-04-26T00:51:18.000,15.0,2.54,21.16,16.99,20.3,1167,-32.77,23.0,0.958
2024-04-26T00:52:18.000,15.05,2.13,21.05,16.99,20.3,1168,-32.71,23.0,0.958
2024-04-26T00:53:18.000,15.05,2.04,20.78,17.01,20.3,1169,-32.65,23.0,0.958
2024-04-26T00:54:18.000,14.99,1.83,20.77,17.01,20.3,1170,-32.59,23.0,0.958
2024-04-26T00:55:18.000,15.11,2.25,20.95,17.0,20.3,1171,-32.53,24.0,0.958
2024-04-26T00:56:18.000,14.96,2.11,21.6,16.96,20.3,1172,-32.47,24.0,0.958
2024-04-26T00:57:18.000,15.1,1.95,21.74,16.96,20.3,1173,-32.4,24.0,0.958
2024-04-26T00:58:18.000,14.95,1.67,21.45,16.97,20.3,1174,-32.34,24.0,0.958
2024-04-26T00:59:18.000,15.06,1.56,21.2,16.98,20.3,1175,-32.28,24.0,0.958
2024-04-26T01:00:18.000,14.99,1.56,20.22,17.04,20.3,1176,-32.21,24.0,0.958
2024-04-26T01:01:19.000,15.1,1.6,18.38,17.14,20.3,1177,-32.14,24.0,0.958
2024-04-26T01:02:19.000,14.98,1.55,18.1,17.16,20.3,1178,-32.08,24.0,0.958
2024-04-26T01:03:19.000,15.06,1.53,18.14,17.15,20.3,1179,-32.01,24.0,0.958
2024-04-26T01:04:19.000,14.99,1.58,18.22,17.15,20.3,1180,-31.94,24.0,0.958
2024-04-26T01:05:19.000,15.07,1.57,18.83,17.11,20.3,1181,-31.87,24.0,0.958
2024-04-26T01:06:19.000,15.0,1.28,18.79,17.12,20.3,1182,-31.8,24.0,0.958
2024-04-26T01:07:19.000,15.07,1.17,19.25,17.09,20.3,1183,-31.73,24.0,0.958
2024-04-26T01:08:19.000,14.98,0.52,19.11,17.1,20.3,1184,-31.65,24.0,0.958
2024-04-26T01:09:19.000,15.06,0.68,18.85,17.11,20.3,1185,-31.58,24.0,0.958
2024-04-26T01:10:20.000,14.97,0.93,20.05,17.05,20.3,1186,-31.51,24.0,0.958
2024-04-26T01:11:20.000,15.09,1.45,20.19,17.04,20.3,1187,-31.43,24.0,0.958
2024-04-26T01:12:20.000,14.94,1.64,20.36,17.03,20.3,1188,-31.36,24.0,0.958
2024-04-26T01:13:20.000,15.09,1.96,21.21,16.98,20.3,1189,-31.28,24.0,0.958
2024-04-26T01:14:20.000,14.99,2.17,22.01,16.94,20.3,1190,-31.2,24.0,0.958
2024-04-26T01:15:20.000,15.12,2.47,22.42,16.92,20.3,1191,-31.13,24.0,0.958
2024-04-26T01:16:20.000,14.98,2.58,21.96,16.95,20.3,1192,-31.05,24.0,0.958
2024-04-26T01:17:20.000,15.08,2.52,20.89,17.0,20.3,1193,-30.97,24.0,0.958
2024-04-26T01:18:20.000,14.97,2.44,20.45,17.02,20.3,1194,-30.89,24.0,0.958
