ecsv/stars608/stars608_2024-04.ecsv
# %ECSV 1.0
# ---
# datatype:
# - {name: time, datatype: string}
# - {name: Enclosure Temperature, unit: deg_C, datatype: float64}
# - {name: Sky Temperature, unit: deg_C, datatype: float64}
# - {name: Frequency, unit: Hz, datatype: float64}
# - {name: MSAS, unit: mag / arcsec2, datatype: float64}
# - {name: ZP, datatype: float64}
# - {name: Sequence Number, datatype: int64}
# - {name: Sun Alt, unit: deg, datatype: float64}
# - {name: Moon Alt, unit: deg, datatype: float64}
# - {name: Moon Illumination, datatype: float64}
# delimiter: ','
# meta: !!omap
# - ida:
#     Data supplier: {affiliation: Stupa Observatory, observer: Xavier Rubia}
#     Device type: TESS-W
#     Field of view: 17.0
#     Filters per channel: None
#     Instrument ID: stars608
#     License: ODbL 1.0 http://opendatacommons.org/licenses/odbl/summary/
#     Local timezone: Europe/Madrid
#     Location name: {country: '- Centelles', place: Centelles, region: Spain, sub_region: Catalonia, town: Barcelona}
#     Measurement direction per channel: {azimuth: 0.0, zenital: 0.0}
#     Moving / Fixed look direction: FIXED
#     Moving / Stationary position: STATIONARY
#     Number of channels: 1
#     Number of fields per line: 8
#     Number of header lines: 35
#     Position: {height: 0.0, latitude: 41.7735198, longitude: 2.24019}
#     TESS MAC address: 84:CC:A8:B1:81:B9
#     TESS cover offset value: 0.0
#     TESS firmware version: '1.0'
#     TESS zero point: 20.3
#     Time Synchronization: timestamp added by MQTT subscriber
#     URL: http://www.darksky.org/NSBM/sdf1.0.pdf
# - __serialized_columns__:
#     Enclosure Temperature:
#       __class__: astropy.units.quantity.Quantity
#       unit: &id001 !astropy.units.Unit {unit: deg_C}
#       value: !astropy.table.SerializedColumn {name: Enclosure Temperature}
#     Frequency:
#       __class__: astropy.units.quantity.Quantity
#       unit: !astropy.units.Unit {unit: Hz}
#       value: !astropy.table.SerializedColumn {name: Frequency}
#     MSAS:
#       __class__: astropy.units.quantity.Quantity
#       unit: !astropy.units.Unit {unit: mag / arcsec2}
#       value: !astropy.table.SerializedColumn {name: MSAS}
#     Moon Alt:
#       __class__: astropy.units.quantity.Quantity
#       unit: &id002 !astropy.units.Unit {unit: deg}
#       value: !astropy.table.SerializedColumn {name: Moon Alt}
#     Sky Temperature:
#       __class__: astropy.units.quantity.Quantity
#       unit: *id001
#       value: !astropy.table.SerializedColumn {name: Sky Temperature}
#     Sun Alt:
#       __class__: astropy.units.quantity.Quantity
#       unit: *id002
#       value: !astropy.table.SerializedColumn {name: Sun Alt}
#     time:
#       __class__: astropy.time.core.Time
#       format: isot
#       in_subfmt: '*'
#       out_subfmt: '*'
#       precision: 3
#       scale: utc
#       value: !astropy.table.SerializedColumn {name: time}
# schema: astropy-2.0
time,Enclosure Temperature,Sky Temperature,Frequency,MSAS,ZP,Sequence Number,Sun Alt,Moon Alt,Moon Illumination
[from data line 6635]
2024-04-27T01:47:08.000,15.05,9.47,16.59,17.25,20.3,2622,-27.95,20.0,0.906
2024-04-27T01:48:08.000,15.01,9.15,16.84,17.23,20.3,2623,-27.85,20.0,0.906
2024-04-27T01:49:15.000,15.21,9.1,17.06,17.22,20.3,2624,-27.73,20.0,0.906
2024-04-27T01:50:56.000,15.29,9.16,17.15,17.22,20.3,2625,-27.56,20.0,0.906
2024-04-27T01:51:57.000,15.09,8.34,16.45,17.26,20.3,2626,-27.45,20.0,0.906
2024-04-27T01:52:56.000,15.01,8.19,15.42,17.33,20.3,2627,-27.35,20.0,0.906
2024-04-27T01:53:57.000,15.13,7.49,14.88,17.37,20.3,2628,-27.24,21.0,0.906
2024-04-27T01:55:16.000,15.14,6.51,13.98,17.44,20.3,2629,-27.1,21.0,0.906
2024-04-27T01:56:18.000,15.08,7.04,14.41,17.4,20.3,2630,-26.99,21.0,0.906
2024-04-27T01:57:17.000,15.02,8.06,13.91,17.44,20.3,2631,-26.88,21.0,0.906
2024-04-27T01:58:21.000,15.02,8.79,15.81,17.3,20.3,2632,-26.77,21.0,0.906
2024-04-27T01:59:20.000,15.12,8.29,14.75,17.38,20.3,2633,-26.66,21.0,0.906
2024-04-27T02:01:56.000,15.06,9.26,16.64,17.25,20.3,2634,-26.37,21.0,0.906
2024-04-27T02:02:57.000,15.1,9.37,16.28,17.27,20.3,2635,-26.26,21.0,0.906
2024-04-27T02:03:56.000,15.12,9.47,16.52,17.25,20.3,2636,-26.15,21.0,0.906
2024-04-27T02:04:56.000,15.11,9.36,17.47,17.19,20.3,2637,-26.04,21.0,0.906
2024-04-27T02:05:56.000,15.1,9.44,17.8,17.17,20.3,2638,-25.93,21.0,0.906
2024-04-27T02:06:56.000,15.13,9.48,16.94,17.23,20.3,2639,-25.81,21.0,0.905
2024-04-27T02:07:57.000,15.06,9.09,17.69,17.18,20.3,2640,-25.69,21.0,0.905
2024-04-27T02:08:57.000,15.1,9.24,17.45,17.2,20.3,2641,-25.58,21.0,0.905
2024-04-27T02:09:57.000,15.22,9.03,17.54,17.19,20.3,2642,-25.46,21.0,0.905
2024-04-27T02:10:58.000,15.2,9.2,17.7,17.18,20.3,2643,-25.35,21.0,0.905
2024-04-27T02:11:57.000,15.18,9.08,16.62,17.25,20.3,2644,-25.23,21.0,0.905
2024-04-27T02:12:57.000,15.21,9.17,16.12,17.28,20.3,2645,-25.11,21.0,0.905
2024-04-27T02:13:58.000,15.2,9.01,16.35,17.27,20.3,2646,-24.99,21.0,0.905
2024-04-27T02:14:58.000,15.09,8.68,16.61,17.25,20.3,2647,-24.87,21.0,0.905
2024-04-27T02:15:58.000,15.08,8.65,16.81,17.24,20.3,2648,-24.75,21.0,0.905
2024-04-27T02:16:58.000,15.12,9.08,17.99,17.16,20.3,2649,-24.63,21.0,0.905
2024-04-27T02:17:58.000,15.08,8.67,19.43,17.08,20.3,2650,-24.51,21.0,0.905
2024-04-27T02:20:06.000,15.13,9.16,18.53,17.13,20.3,2652,-24.26,21.0,0.905
2024-04-27T02:21:06.000,15.12,9.04,19.0,17.1,20.3,2653,-24.13,21.0,0.905
2024-04-27T02:22:51.000,15.18,8.6,18.68,17.12,20.3,2654,-23.92,21.0,0.905
2024-04-27T02:23:51.000,15.45,8.63,17.19,17.21,20.3,2655,-23.79,21.0,0.905
2024-04-27T02:24:51.000,15.47,8.5,18.73,17.12,20.3,2656,-23.67,21.0,0.905
2024-04-27T02:25:51.000,15.5,8.3,19.77,17.06,20.3,2657,-23.54,21.0,0.905
2024-04-27T02:26:51.000,15.49,8.47,19.49,17.08,20.3,2658,-23.42,21.0,0.905
2024-04-27T02:27:51.000,15.4,8.17,18.25,17.15,20.3,2659,-23.29,20.0,0.905
2024-04-27T02:28:51.000,15.36,8.09,17.32,17.2,20.3,2660,-23.17,20.0,0.905
2024-04-27T02:30:03.000,15.19,6.68,15.2,17.35,20.3,2661,-23.01,20.0,0.905
2024-04-27T02:31:02.000,15.06,6.12,13.62,17.47,20.3,2662,-22.89,20.0,0.904
2024-04-27T02:32:02.000,15.01,6.9,14.3,17.41,20.3,2663,-22.76,20.0,0.904
2024-04-27T02:33:02.000,15.02,7.15,14.66,17.39,20.3,2664,-22.63,20.0,0.904
2024-04-27T02:34:02.000,15.12,7.51,16.8,17.24,20.3,2665,-22.5,20.0,0.904
2024-04-27T02:35:02.000,15.08,7.05,16.67,17.25,20.3,2666,-22.37,20.0,0.904
2024-04-27T02:36:04.000,15.03,6.39,15.41,17.33,20.3,2667,-22.24,20.0,0.904
2024-04-27T02:37:03.000,15.11,6.59,15.41,17.33,20.3,2668,-22.11,20.0,0.904
2024-04-27T02:38:03.000,15.08,5.96,14.89,17.37,20.3,2669,-21.98,20.0,0.904
2024-04-27T02:39:04.000,14.99,5.57,12.4,17.57,20.3,2670,-21.84,20.0,0.904
2024-04-27T02:40:05.000,15.23,7.81,15.65,17.32,20.3,2671,-21.71,20.0,0.904
2024-04-27T02:41:05.000,15.36,8.82,16.0,17.29,20.3,2672,-21.58,20.0,0.904
2024-04-27T02:42:06.000,15.34,8.73,16.55,17.25,20.3,2673,-21.44,20.0,0.904
2024-04-27T02:43:05.000,15.25,8.45,15.29,17.34,20.3,2674,-21.31,20.0,0.904
2024-04-27T02:44:15.000,15.15,7.76,13.2,17.51,20.3,2675,-21.15,20.0,0.904
2024-04-27T02:45:15.000,15.03,7.06,12.12,17.59,20.3,2676,-21.02,20.0,0.904
2024-04-27T02:46:15.000,15.06,5.7,9.88,17.82,20.3,2677,-20.88,20.0,0.904
2024-04-27T02:47:16.000,15.07,5.75,13.52,17.48,20.3,2678,-20.74,20.0,0.904
2024-04-27T02:48:16.000,15.01,6.37,14.8,17.38,20.3,2679,-20.61,20.0,0.904
2024-04-27T02:49:16.000,15.14,7.55,13.1,17.51,20.3,2680,-20.47,20.0,0.904
2024-04-27T02:50:17.000,15.3,8.88,14.49,17.4,20.3,2681,-20.33,20.0,0.904
2024-04-27T02:51:17.000,15.36,9.09,15.22,17.34,20.3,2682,-20.19,20.0,0.904
2024-04-27T02:52:27.000,15.36,8.56,14.93,17.37,20.3,2683,-20.03,20.0,0.904
2024-04-27T02:53:26.000,15.27,7.58,12.34,17.57,20.3,2684,-19.89,20.0,0.904
2024-04-27T02:54:26.000,15.21,7.61,11.93,17.61,20.3,2685,-19.75,20.0,0.903
2024-04-27T02:55:26.000,15.14,6.85,13.08,17.51,20.3,2686,-19.61,20.0,0.903
2024-04-27T02:57:39.000,15.15,6.6,14.9,17.37,20.3,2688,-19.3,20.0,0.903
2024-04-27T02:58:40.000,15.04,6.28,14.38,17.41,20.3,2689,-19.16,20.0,0.903
2024-04-27T02:59:40.000,15.06,6.29,15.8,17.3,20.3,2690,-19.02,20.0,0.903
2024-04-27T03:00:44.000,15.2,7.35,17.53,17.19,20.3,2691,-18.87,20.0,0.903
2024-04-27T03:01:44.000,15.15,7.52,16.59,17.25,20.3,2692,-18.72,20.0,0.903
2024-04-27T03:02:44.000,15.07,7.52,16.47,17.26,20.3,2693,-18.58,20.0,0.903
2024-04-27T03:03:45.000,15.02,7.76,17.11,17.22,20.3,2694,-18.44,20.0,0.903
2024-04-27T03:04:45.000,15.07,7.75,16.33,17.27,20.3,2695,-18.29,20.0,0.903
2024-04-27T03:05:45.000,15.06,6.5,14.82,17.37,20.3,2696,-18.15,20.0,0.903
2024-04-27T03:06:45.000,15.01,4.93,13.16,17.5,20.3,2697,-18.0,19.0,0.903
2024-04-27T03:07:45.000,15.07,4.05,12.99,17.52,20.3,2698,-17.86,19.0,0.903
2024-04-27T03:08:47.000,15.01,3.61,11.54,17.64,20.3,2699,-17.71,19.0,0.903
2024-04-27T03:09:51.000,15.16,3.74,11.95,17.61,20.3,2700,-17.55,19.0,0.903
2024-04-27T03:10:52.000,15.15,4.31,11.22,17.68,20.3,2701,-17.4,19.0,0.903
2024-04-27T03:11:51.000,15.09,5.24,11.07,17.69,20.3,2702,-17.26,19.0,0.903
2024-04-27T03:13:59.000,15.2,5.24,12.41,17.57,20.3,2704,-16.94,19.0,0.903
2024-04-27T03:15:00.000,15.28,4.85,12.09,17.59,20.3,2705,-16.79,19.0,0.903
2024-04-27T03:15:59.000,15.16,5.36,13.3,17.49,20.3,2706,-16.65,19.0,0.903
2024-04-27T03:17:01.000,15.06,6.47,14.02,17.43,20.3,2707,-16.49,19.0,0.903
2024-04-27T03:18:01.000,15.01,6.54,14.02,17.43,20.3,2708,-16.34,19.0,0.902
2024-04-27T03:19:01.000,15.11,6.42,14.23,17.42,20.3,2709,-16.19,19.0,0.902
2024-04-27T03:20:01.000,15.17,6.71,14.77,17.38,20.3,2710,-16.04,19.0,0.902
2024-04-27T03:21:03.000,15.05,6.39,15.42,17.33,20.3,2711,-15.89,19.0,0.902
2024-04-27T03:22:04.000,15.0,6.04,14.57,17.39,20.3,2712,-15.74,19.0,0.902
2024-04-27T03:23:03.000,15.21,6.2,14.6,17.39,20.3,2713,-15.59,19.0,0.902
2024-04-27T03:24:03.000,15.24,6.66,14.72,17.38,20.3,2714,-15.44,19.0,0.902
2024-04-27T03:25:03.000,15.24,7.59,15.87,17.3,20.3,2715,-15.28,19.0,0.902
2024-04-27T03:26:03.000,15.2,7.71,15.56,17.32,20.3,2716,-15.13,19.0,0.902
2024-04-27T03:27:04.000,15.16,7.72,15.84,17.3,20.3,2717,-14.98,19.0,0.902
2024-04-27T03:28:04.000,15.09,7.64,16.44,17.26,20.3,2718,-14.82,18.0,0.902
2024-04-27T03:29:04.000,15.07,7.57,16.38,17.26,20.3,2719,-14.67,18.0,0.902
2024-04-27T03:30:04.000,15.06,7.43,16.86,17.23,20.3,2720,-14.52,18.0,0.902
2024-04-27T03:31:04.000,15.04,7.55,17.7,17.18,20.3,2721,-14.36,18.0,0.902
2024-04-27T03:32:04.000,15.04,7.62,18.85,17.11,20.3,2722,-14.21,18.0,0.902
2024-04-27T03:33:04.000,15.04,7.59,19.38,17.08,20.3,2723,-14.05,18.0,0.902
2024-04-27T03:34:04.000,15.01,7.39,18.41,17.14,20.3,2724,-13.9,18.0,0.902
2024-04-27T03:35:04.000,15.1,7.91,17.09,17.22,20.3,2725,-13.74,18.0,0.902
2024-04-27T03:36:04.000,15.15,8.54,16.82,17.24,20.3,2726,-13.59,18.0,0.902
2024-04-27T03:37:04.000,15.14,7.73,15.83,17.3,20.3,2727,-13.43,18.0,0.902
2024-04-27T03:38:05.000,15.15,7.1,13.93,17.44,20.3,2728,-13.27,18.0,0.902
2024-04-27T03:39:05.000,15.06,6.82,14.69,17.38,20.3,2729,-13.11,18.0,0.902
2024-04-27T03:40:05.000,15.03,6.16,12.44,17.56,20.3,2730,-12.96,18.0,0.902
2024-04-27T03:41:05.000,15.07,6.14,11.76,17.62,20.3,2731,-12.8,18.0,0.902
2024-04-27T03:42:05.000,15.11,5.99,12.28,17.58,20.3,2732,-12.64,18.0,0.901
2024-04-27T03:43:05.000,15.01,4.29,11.19,17.68,20.3,2733,-12.48,18.0,0.901
2024-04-27T03:44:06.000,15.1,4.09,12.05,17.6,20.3,2734,-12.32,17.0,0.901
2024-04-27T03:45:20.000,15.14,5.34,13.24,17.5,20.3,2735,-12.13,17.0,0.901
2024-04-27T03:46:19.000,15.08,7.47,15.18,17.35,20.3,2736,-11.97,17.0,0.901
2024-04-27T03:47:19.000,15.06,8.66,16.64,17.25,20.3,2737,-11.81,17.0,0.901
2024-04-27T03:48:20.000,15.02,7.62,16.13,17.28,20.3,2738,-11.65,17.0,0.901
2024-04-27T03:49:20.000,15.21,6.22,14.24,17.42,20.3,2739,-11.49,17.0,0.901
2024-04-27T03:50:20.000,15.25,6.41,15.26,17.34,20.3,2740,-11.33,17.0,0.901
2024-04-27T03:51:20.000,15.11,6.37,15.98,17.29,20.3,2741,-11.17,17.0,0.901
2024-04-27T03:52:21.000,15.02,6.15,16.18,17.28,20.3,2742,-11.0,17.0,0.901
2024-04-27T03:53:20.000,15.07,4.65,16.2,17.28,20.3,2743,-10.84,17.0,0.901
2024-04-27T03:54:20.000,15.02,3.36,17.12,17.22,20.3,2744,-10.68,17.0,0.901
2024-04-27T03:55:20.000,15.07,4.07,19.28,17.09,20.3,2745,-10.52,17.0,0.901
2024-04-27T03:56:21.000,15.06,5.18,20.5,17.02,20.3,2746,-10.35,17.0,0.901
2024-04-27T03:57:21.000,15.01,6.85,21.31,16.98,20.3,2747,-10.19,17.0,0.901
2024-04-27T03:58:21.000,15.07,7.53,22.4,16.93,20.3,2748,-10.03,16.0,0.901
2024-04-27T03:59:21.000,15.13,7.19,25.43,16.79,20.3,2749,-9.87,16.0,0.901
2024-04-27T04:00:21.000,15.11,6.74,26.27,16.75,20.3,2750,-9.7,16.0,0.901
2024-04-27T04:01:21.000,15.07,5.88,27.26,16.71,20.3,2751,-9.54,16.0,0.901
2024-04-27T04:02:21.000,15.01,6.54,28.65,16.66,20.3,2752,-9.37,16.0,0.901
2024-04-27T04:03:21.000,15.07,6.47,31.84,16.54,20.3,2753,-9.21,16.0,0.901
2024-04-27T04:04:22.000,15.01,4.74,36.81,16.39,20.3,2754,-9.04,16.0,0.901
2024-04-27T04:05:22.000,15.16,3.65,40.09,16.29,20.3,2755,-8.88,16.0,0.9
2024-04-27T04:06:26.000,15.03,1.29,41.4,16.26,20.3,2756,-8.7,16.0,0.9
2024-04-27T04:07:26.000,15.01,-0.99,47.25,16.12,20.3,2757,-8.54,16.0,0.9
2024-04-27T04:08:26.000,14.98,-0.76,59.23,15.87,20.3,2758,-8.37,16.0,0.9
2024-04-27T04:09:27.000,15.13,-2.23,66.59,15.74,20.3,2759,-8.2,16.0,0.9
2024-04-27T04:10:27.000,15.1,-2.9,76.54,15.59,20.3,2760,-8.04,16.0,0.9
2024-04-27T04:11:27.000,14.97,-2.09,91.93,15.39,20.3,2761,-7.87,15.0,0.9
2024-04-27T04:12:31.000,15.16,-1.05,108.2,15.22,20.3,2762,-7.69,15.0,0.9
2024-04-27T04:13:30.000,15.09,0.33,133.52,14.99,20.3,2763,-7.53,15.0,0.9
2024-04-27T04:14:31.000,15.01,3.07,188.13,14.62,20.3,2764,-7.36,15.0,0.9
2024-04-27T04:15:31.000,15.01,5.15,231.84,14.39,20.3,2765,-7.19,15.0,0.9
2024-04-27T04:16:32.000,15.12,5.59,281.91,14.18,20.3,2766,-7.02,15.0,0.9
2024-04-27T04:17:32.000,15.11,5.27,325.24,14.02,20.3,2767,-6.85,15.0,0.9
2024-04-27T04:18:32.000,14.99,4.9,396.45,13.81,20.3,2768,-6.68,15.0,0.9
2024-04-27T04:19:33.000,15.21,5.61,465.22,13.63,20.3,2769,-6.51,15.0,0.9
2024-04-27T04:20:33.000,15.31,6.28,464.78,13.63,20.3,2770,-6.34,15.0,0.9
2024-04-27T04:21:33.000,15.23,5.76,627.53,13.31,20.3,2771,-6.17,15.0,0.9
2024-04-27T04:22:34.000,15.04,4.3,870.62,12.96,20.3,2772,-6.0,15.0,0.9
2024-04-27T04:23:34.000,15.05,3.15,1172.92,12.63,20.3,2773,-5.83,14.0,0.9
2024-04-27T04:24:34.000,15.09,3.64,1461.44,12.39,20.3,2774,-5.66,14.0,0.9
2024-04-27T04:25:34.000,15.01,4.0,1828.4,12.15,20.3,2775,-5.49,14.0,0.9
2024-04-27T04:26:35.000,15.06,2.19,2245.13,11.92,20.3,2776,-5.32,14.0,0.9
2024-04-27T04:27:36.000,15.05,0.17,2732.84,11.71,20.3,2777,-5.14,14.0,0.9
2024-04-27T04:28:35.000,15.01,0.52,3359.2,11.49,20.3,2778,-4.98,14.0,0.899
2024-04-27T04:29:36.000,15.13,3.36,4031.03,11.29,20.3,2779,-4.8,14.0,0.899
2024-04-27T04:30:36.000,15.12,5.69,4540.47,11.16,20.3,2780,-4.63,14.0,0.899
2024-04-27T04:31:36.000,15.08,7.16,5104.38,11.03,20.3,2781,-4.46,14.0,0.899
2024-04-27T04:32:37.000,15.04,7.49,6224.31,10.82,20.3,2782,-4.29,14.0,0.899
2024-04-27T04:33:37.000,14.99,5.89,7737.91,10.58,20.3,2783,-4.11,14.0,0.899
2024-04-27T04:34:37.000,15.21,4.31,9860.29,10.32,20.3,2784,-3.94,13.0,0.899
2024-04-27T04:35:38.000,15.21,4.02,12761.6,10.04,20.3,2785,-3.77,13.0,0.899
2024-04-27T04:36:39.000,15.16,4.3,13981.8,9.94,20.3,2786,-3.59,13.0,0.899
2024-04-27T04:37:39.000,15.06,5.09,16034.93,9.79,20.3,2787,-3.42,13.0,0.899
2024-04-27T04:38:39.000,15.02,6.45,14331.8,9.91,20.3,2788,-3.25,13.0,0.899
2024-04-27T04:39:40.000,15.03,6.62,19477.31,9.58,20.3,2789,-3.07,13.0,0.899
2024-04-27T04:40:40.000,15.02,6.71,26022.52,9.34,20.3,2790,-2.9,13.0,0.899
2024-04-27T04:41:40.000,15.08,6.66,32599.02,9.02,20.3,2791,-2.72,13.0,0.899
2024-04-27T04:42:44.000,15.02,5.65,38303.91,8.84,20.3,2792,-2.54,13.0,0.899
2024-04-27T04:43:45.000,15.12,4.26,46690.18,8.63,20.3,2793,-2.36,13.0,0.899
2024-04-27T04:44:48.000,15.11,3.91,53292.13,8.48,20.3,2794,-2.18,12.0,0.899
2024-04-27T04:45:48.000,15.04,4.47,52979.85,8.49,20.3,2795,-2.0,12.0,0.899
2024-04-27T04:46:48.000,15.07,4.37,54077.02,2.58,20.3,2796,-1.83,12.0,0.899
2024-04-27T04:47:49.000,15.07,3.84,50000.0,0.0,20.3,2797,-1.65,12.0,0.899
2024-04-27T04:48:53.000,15.02,3.0,50000.0,0.0,20.3,2798,-1.47,12.0,0.899
2024-04-27T04:49:53.000,15.09,3.04,50000.0,0.0,20.3,2799,-1.29,12.0,0.899
2024-04-27T04:50:53.000,15.05,4.43,50000.0,0.0,20.3,2800,-1.12,12.0,0.899
2024-04-27T04:51:56.000,15.03,6.68,50000.0,0.0,20.3,2801,-0.93,12.0,0.898
2024-04-27T04:54:01.000,15.09,7.85,50000.0,0.0,20.3,2803,-0.56,11.0,0.898
2024-04-27T04:55:03.000,15.09,8.37,50000.0,0.0,20.3,2804,-0.38,11.0,0.898
2024-04-27T04:56:04.000,15.08,8.56,50000.0,0.0,20.3,2805,-0.2,11.0,0.898
2024-04-27T04:57:07.000,15.04,8.42,50000.0,0.0,20.3,2806,-0.02,11.0,0.898
2024-04-27T04:59:22.000,15.14,7.29,50000.0,0.0,20.3,2808,0.38,11.0,0.898
2024-04-27T05:00:22.000,15.16,6.74,50000.0,0.0,20.3,2809,0.56,11.0,0.898
2024-04-27T05:01:22.000,15.18,6.98,50000.0,0.0,20.3,2810,0.73,11.0,0.898
2024-04-27T05:06:48.000,15.22,6.98,50000.0,0.0,20.3,2815,1.7,10.0,0.898
2024-04-27T05:07:48.000,15.23,7.65,50000.0,0.0,20.3,2816,1.88,10.0,0.898
2024-04-27T05:08:49.000,15.26,7.57,50000.0,0.0,20.3,2817,2.06,10.0,0.898
2024-04-27T05:10:56.000,15.27,8.07,50000.0,0.0,20.3,2819,2.44,10.0,0.898
2024-04-27T05:13:08.000,15.15,6.61,50000.0,0.0,20.3,2821,2.83,9.0,0.898
2024-04-27T05:14:12.000,15.08,5.28,50000.0,0.0,20.3,2822,3.02,9.0,0.898
2024-04-27T05:15:11.000,15.02,4.38,50000.0,0.0,20.3,2823,3.2,9.0,0.897
2024-04-27T06:06:08.000,16.08,7.84,50000.0,0.0,20.3,2872,12.5,3.0,0.895
2024-04-27T06:07:08.000,16.19,5.72,50000.0,0.0,20.3,2873,12.68,3.0,0.895
2024-04-27T06:08:09.000,16.23,2.63,50000.0,0.0,20.3,2874,12.87,3.0,0.895
2024-04-27T06:10:21.000,16.22,4.78,50000.0,0.0,20.3,2876,13.28,2.0,0.895
2024-04-27T06:11:21.000,16.23,8.73,50000.0,0.0,20.3,2877,13.46,2.0,0.895
2024-04-27T06:12:21.000,16.24,9.18,50000.0,0.0,20.3,2878,13.65,2.0,0.895
2024-04-27T06:30:49.000,16.43,7.73,50000.0,0.0,20.3,2894,17.08,-1.0,0.894
2024-04-27T06:31:49.000,16.54,7.36,50000.0,0.0,20.3,2895,17.26,-1.0,0.894
2024-04-27T06:32:49.000,16.68,7.33,50000.0,0.0,20.3,2896,17.45,-1.0,0.894
2024-04-27T06:34:55.000,16.79,7.71,50000.0,0.0,20.3,2898,17.84,-1.0,0.894
2024-04-27T06:35:55.000,16.84,7.19,50000.0,0.0,20.3,2899,18.03,-1.0,0.894
2024-04-27T06:36:55.000,16.86,6.49,50000.0,0.0,20.3,2900,18.22,-1.0,0.894
2024-04-27T08:15:34.000,19.39,7.84,50000.0,0.0,20.3,2996,36.46,-17.0,0.889
2024-04-27T08:16:33.000,19.34,7.28,50000.0,0.0,20.3,2997,36.64,-17.0,0.889
2024-04-27T08:17:33.000,19.34,9.17,50000.0,0.0,20.3,2998,36.82,-17.0,0.889
2024-04-27T08:19:48.000,19.44,11.18,50000.0,0.0,20.3,3000,37.22,-18.0,0.889
2024-04-27T08:20:49.000,19.57,10.33,50000.0,0.0,20.3,3001,37.41,-18.0,0.889
2024-04-27T08:21:50.000,19.6,10.31,50000.0,0.0,20.3,3002,37.59,-18.0,0.889
2024-04-27T08:42:51.000,21.3,5.13,50000.0,0.0,20.3,3022,41.31,-21.0,0.888
2024-04-27T08:43:52.000,21.72,5.56,50000.0,0.0,20.3,3023,41.49,-22.0,0.888
2024-04-27T08:44:52.000,22.21,6.94,50000.0,0.0,20.3,3024,41.66,-22.0,0.888
2024-04-27T08:46:57.000,23.5,5.6,50000.0,0.0,20.3,3026,42.03,-22.0,0.888
2024-04-27T08:47:57.000,24.16,6.4,50000.0,0.0,20.3,3027,42.2,-22.0,0.888
2024-04-27T08:49:02.000,24.83,6.36,50000.0,0.0,20.3,3028,42.39,-23.0,0.888
