ecsv/stars608/stars608_2025-04.ecsv
# %ECSV 1.0
# ---
# datatype:
# - {name: time, datatype: string}
# - {name: Enclosure Temperature, unit: deg_C, datatype: float64}
# - {name: Sky Temperature, unit: deg_C, datatype: float64}
# - {name: Frequency, unit: Hz, datatype: float64}
# - {name: MSAS, unit: mag / arcsec2, datatype: float64}
# - {name: ZP, datatype: float64}
# - {name: Sequence Number, datatype: int64}
# - {name: Sun Alt, unit: deg, datatype: float64}
# - {name: Moon Alt, unit: deg, datatype: float64}
# - {name: Moon Illumination, datatype: float64}
# delimiter: ','
# meta: !!omap
# - ida:
#     Data supplier: {affiliation: Stupa Observatory, observer: Xavier Rubia}
#     Device type: TESS-W
#     Field of view: 17.0
#     Filters per channel: None
#     Instrument ID: stars608
#     License: ODbL 1.0 http://opendatacommons.org/licenses/odbl/summary/
#     Local timezone: Europe/Madrid
#     Location name: {country: Spain, place: Centelles, region: Catalonia, sub_region: Barcelona, town: Centelles}
#     Measurement direction per channel: {azimuth: 0.0, zenital: 0.0}
#     Moving / Fixed look direction: FIXED
#     Moving / Stationary position: STATIONARY
#     Number of channels: 1
#     Number of fields per line: 8
#     Number of header lines: 35
#     Position: {height: 0.0, latitude: 41.7735198, longitude: 2.24019}
#     TESS MAC address: 84:CC:A8:B1:81:B9
#     TESS cover offset value: 0.0
#     TESS firmware version: '1.0'
#     TESS zero point: 20.3
#     Time Synchronization: timestamp added by MQTT subscriber
#     URL: http://www.darksky.org/NSBM/sdf1.0.pdf
# - __serialized_columns__:
#     Enclosure Temperature:
#       __class__: astropy.units.quantity.Quantity
#       unit: &id001 !astropy.units.Unit {unit: deg_C}
#       value: !astropy.table.SerializedColumn {name: Enclosure Temperature}
#     Frequency:
#       __class__: astropy.units.quantity.Quantity
#       unit: !astropy.units.Unit {unit: Hz}
#       value: !astropy.table.SerializedColumn {name: Frequency}
#     MSAS:
#       __class__: astropy.units.quantity.Quantity
#       unit: !astropy.units.Unit {unit: mag / arcsec2}
#       value: !astropy.table.SerializedColumn {name: MSAS}
#     Moon Alt:
#       __class__: astropy.units.quantity.Quantity
#       unit: &id002 !astropy.units.Unit {unit: deg}
#       value: !astropy.table.SerializedColumn {name: Moon Alt}
#     Sky Temperature:
#       __class__: astropy.units.quantity.Quantity
#       unit: *id001
#       value: !astropy.table.SerializedColumn {name: Sky Temperature}
#     Sun Alt:
#       __class__: astropy.units.quantity.Quantity
#       unit: *id002
#       value: !astropy.table.SerializedColumn {name: Sun Alt}
#     time:
#       __class__: astropy.time.core.Time
#       format: isot
#       in_subfmt: '*'
#       out_subfmt: '*'
#       precision: 3
#       scale: utc
#       value: !astropy.table.SerializedColumn {name: time}
# schema: astropy-2.0
time,Enclosure Temperature,Sky Temperature,Frequency,MSAS,ZP,Sequence Number,Sun Alt,Moon Alt,Moon Illumination
[from data line 11240]
2025-04-20T00:37:46.000,14.91,-14.02,1.01,20.29,20.3,127309,-35.57,-5.0,0.608
2025-04-20T00:38:46.000,14.92,-13.81,1.01,20.29,20.3,127310,-35.52,-5.0,0.607
2025-04-20T00:39:46.000,14.71,-13.78,1.01,20.29,20.3,127311,-35.47,-5.0,0.607
2025-04-20T00:40:46.000,14.68,-14.35,0.99,20.31,20.3,127312,-35.42,-5.0,0.607
2025-04-20T00:41:47.000,14.6,-14.59,1.0,20.3,20.3,127313,-35.37,-5.0,0.607
2025-04-20T00:42:47.000,14.55,-14.94,1.0,20.3,20.3,127314,-35.32,-5.0,0.607
2025-04-20T00:43:47.000,14.45,-14.6,1.0,20.3,20.3,127315,-35.27,-4.0,0.607
2025-04-20T00:44:47.000,14.41,-14.82,1.01,20.29,20.3,127316,-35.22,-4.0,0.607
2025-04-20T00:45:47.000,14.31,-14.7,1.01,20.29,20.3,127317,-35.16,-4.0,0.607
2025-04-20T00:46:47.000,14.35,-14.4,1.01,20.29,20.3,127318,-35.11,-4.0,0.607
2025-04-20T00:47:47.000,14.46,-14.0,1.01,20.29,20.3,127319,-35.05,-4.0,0.607
2025-04-20T00:48:48.000,14.51,-14.41,1.01,20.29,20.3,127320,-34.99,-4.0,0.607
2025-04-20T00:49:48.000,14.45,-14.54,1.01,20.29,20.3,127321,-34.94,-4.0,0.607
2025-04-20T00:50:48.000,14.59,-13.63,1.01,20.29,20.3,127322,-34.88,-3.0,0.607
2025-04-20T00:51:48.000,14.72,-14.23,1.02,20.28,20.3,127323,-34.82,-3.0,0.607
2025-04-20T00:52:48.000,14.67,-14.67,1.02,20.28,20.3,127324,-34.76,-3.0,0.606
2025-04-20T00:53:48.000,14.54,-14.85,1.01,20.28,20.3,127325,-34.7,-3.0,0.606
2025-04-20T00:54:48.000,14.53,-14.25,1.02,20.28,20.3,127326,-34.64,-3.0,0.606
2025-04-20T00:55:48.000,14.6,-14.14,1.02,20.28,20.3,127327,-34.57,-3.0,0.606
2025-04-20T00:56:48.000,14.61,-14.47,1.02,20.28,20.3,127328,-34.51,-2.0,0.606
2025-04-20T00:57:48.000,14.55,-14.68,1.02,20.28,20.3,127329,-34.45,-2.0,0.606
2025-04-20T00:58:48.000,14.51,-14.24,1.02,20.28,20.3,127330,-34.38,-2.0,0.606
2025-04-20T00:59:48.000,14.51,-14.56,1.03,20.27,20.3,127331,-34.32,-2.0,0.606
2025-04-20T01:00:49.000,14.59,-13.85,1.02,20.28,20.3,127332,-34.25,-2.0,0.606
2025-04-20T01:01:49.000,14.63,-14.56,1.03,20.27,20.3,127333,-34.18,-2.0,0.606
2025-04-20T01:02:49.000,14.49,-14.97,1.03,20.26,20.3,127334,-34.11,-2.0,0.606
2025-04-20T01:03:49.000,14.39,-14.47,1.04,20.25,20.3,127335,-34.04,-1.0,0.606
2025-04-20T01:04:49.000,14.58,-13.82,1.04,20.25,20.3,127336,-33.97,-1.0,0.606
2025-04-20T01:05:49.000,14.57,-14.71,1.03,20.27,20.3,127337,-33.9,-1.0,0.606
2025-04-20T01:06:49.000,14.47,-15.21,1.03,20.27,20.3,127338,-33.83,-1.0,0.606
2025-04-20T01:07:49.000,14.33,-14.98,1.04,20.26,20.3,127339,-33.75,-1.0,0.605
2025-04-20T01:08:49.000,14.26,-14.67,1.04,20.26,20.3,127340,-33.68,-1.0,0.605
2025-04-20T01:09:50.000,14.3,-14.47,1.03,20.26,20.3,127341,-33.6,-1.0,0.605
2025-04-20T01:10:50.000,14.34,-14.5,1.04,20.25,20.3,127342,-33.53,-0.0,0.605
2025-04-20T01:11:50.000,14.28,-14.66,1.05,20.24,20.3,127343,-33.45,-0.0,0.605
2025-04-20T01:12:50.000,14.31,-14.38,1.06,20.24,20.3,127344,-33.38,-0.0,0.605
2025-04-20T01:13:50.000,14.41,-14.33,1.06,20.24,20.3,127345,-33.3,-0.0,0.605
2025-04-20T01:14:50.000,14.35,-14.56,1.06,20.23,20.3,127346,-33.22,0.0,0.605
2025-04-20T01:15:50.000,14.33,-14.35,1.07,20.23,20.3,127347,-33.14,0.0,0.605
2025-04-20T01:16:50.000,14.4,-14.17,1.07,20.22,20.3,127348,-33.06,0.0,0.605
2025-04-20T01:17:50.000,14.43,-14.14,1.08,20.22,20.3,127349,-32.98,1.0,0.605
2025-04-20T01:18:51.000,14.57,-13.72,1.08,20.21,20.3,127350,-32.89,1.0,0.605
2025-04-20T01:19:51.000,14.72,-13.92,1.09,20.21,20.3,127351,-32.81,1.0,0.605
2025-04-20T01:20:51.000,14.67,-14.5,1.09,20.21,20.3,127352,-32.73,1.0,0.605
2025-04-20T01:21:51.000,14.57,-14.59,1.09,20.2,20.3,127353,-32.64,1.0,0.604
2025-04-20T01:22:51.000,14.52,-14.48,1.1,20.2,20.3,127354,-32.56,1.0,0.604
2025-04-20T01:23:51.000,14.51,-14.36,1.1,20.19,20.3,127355,-32.47,1.0,0.604
2025-04-20T01:24:51.000,14.66,-13.63,1.11,20.19,20.3,127356,-32.38,2.0,0.604
2025-04-20T01:25:51.000,14.9,-13.57,1.12,20.18,20.3,127357,-32.3,2.0,0.604
2025-04-20T01:26:51.000,14.94,-13.63,1.12,20.18,20.3,127358,-32.21,2.0,0.604
2025-04-20T01:27:52.000,14.65,-14.25,1.12,20.17,20.3,127359,-32.12,2.0,0.604
2025-04-20T01:28:52.000,14.53,-14.75,1.12,20.17,20.3,127360,-32.03,2.0,0.604
2025-04-20T01:29:52.000,14.43,-14.63,1.13,20.17,20.3,127361,-31.94,2.0,0.604
2025-04-20T01:30:52.000,14.22,-15.33,1.14,20.16,20.3,127362,-31.85,2.0,0.604
2025-04-20T01:31:52.000,14.14,-14.79,1.14,20.16,20.3,127363,-31.75,2.0,0.604
2025-04-20T01:32:52.000,14.18,-14.16,1.14,20.16,20.3,127364,-31.66,3.0,0.604
2025-04-20T01:33:52.000,14.35,-13.91,1.15,20.15,20.3,127365,-31.57,3.0,0.604
2025-04-20T01:34:52.000,14.53,-13.94,1.15,20.15,20.3,127366,-31.47,3.0,0.604
2025-04-20T01:35:52.000,14.62,-14.47,1.16,20.14,20.3,127367,-31.38,3.0,0.604
2025-04-20T01:36:53.000,14.61,-14.63,1.16,20.14,20.3,127368,-31.28,3.0,0.603
2025-04-20T01:37:53.000,14.5,-14.41,1.17,20.13,20.3,127369,-31.18,3.0,0.603
2025-04-20T01:38:53.000,14.58,-14.22,1.17,20.13,20.3,127370,-31.08,3.0,0.603
2025-04-20T01:39:53.000,14.55,-14.67,1.19,20.12,20.3,127371,-30.99,4.0,0.603
2025-04-20T01:40:53.000,14.42,-14.88,1.2,20.1,20.3,127372,-30.89,4.0,0.603
2025-04-20T01:41:54.000,14.42,-14.19,1.21,20.09,20.3,127373,-30.79,4.0,0.603
2025-04-20T01:42:54.000,14.66,-13.6,1.22,20.09,20.3,127374,-30.69,4.0,0.603
2025-04-20T01:43:54.000,14.61,-15.08,1.22,20.08,20.3,127375,-30.58,4.0,0.603
2025-04-20T01:44:54.000,14.47,-14.5,1.23,20.08,20.3,127376,-30.48,4.0,0.603
2025-04-20T01:45:54.000,14.6,-13.83,1.23,20.07,20.3,127377,-30.38,4.0,0.603
2025-04-20T01:46:54.000,14.79,-13.83,1.24,20.07,20.3,127378,-30.28,4.0,0.603
2025-04-20T01:47:54.000,14.82,-14.41,1.24,20.06,20.3,127379,-30.17,5.0,0.603
2025-04-20T01:48:54.000,14.7,-14.84,1.25,20.06,20.3,127380,-30.07,5.0,0.603
2025-04-20T01:49:54.000,14.66,-14.59,1.26,20.05,20.3,127381,-29.96,5.0,0.603
2025-04-20T01:50:54.000,14.52,-15.05,1.27,20.04,20.3,127382,-29.86,5.0,0.602
2025-04-20T01:51:55.000,14.36,-15.05,1.28,20.03,20.3,127383,-29.75,5.0,0.602
2025-04-20T01:52:55.000,14.23,-15.05,1.28,20.03,20.3,127384,-29.64,5.0,0.602
2025-04-20T01:53:55.000,14.13,-14.79,1.29,20.02,20.3,127385,-29.53,5.0,0.602
2025-04-20T01:54:55.000,14.15,-14.57,1.3,20.02,20.3,127386,-29.43,6.0,0.602
2025-04-20T01:55:55.000,14.17,-14.47,1.31,20.01,20.3,127387,-29.32,6.0,0.602
2025-04-20T01:56:55.000,14.27,-14.35,1.31,20.0,20.3,127388,-29.21,6.0,0.602
2025-04-20T01:57:55.000,14.3,-14.54,1.32,20.0,20.3,127389,-29.1,6.0,0.602
2025-04-20T01:58:55.000,14.34,-14.43,1.33,19.99,20.3,127390,-28.98,6.0,0.602
2025-04-20T01:59:56.000,14.45,-14.42,1.34,19.98,20.3,127391,-28.87,6.0,0.602
2025-04-20T02:00:59.000,14.38,-14.89,1.34,19.98,20.3,127392,-28.75,6.0,0.602
2025-04-20T02:01:58.000,14.41,-14.52,1.35,19.97,20.3,127393,-28.64,6.0,0.602
2025-04-20T02:02:58.000,14.48,-14.4,1.36,19.96,20.3,127394,-28.53,7.0,0.602
2025-04-20T02:03:58.000,14.56,-14.33,1.37,19.96,20.3,127395,-28.41,7.0,0.602
2025-04-20T02:04:58.000,14.51,-14.77,1.37,19.96,20.3,127396,-28.3,7.0,0.601
2025-04-20T02:05:58.000,14.54,-14.01,1.38,19.95,20.3,127397,-28.18,7.0,0.601
2025-04-20T02:06:59.000,14.66,-14.25,1.39,19.94,20.3,127398,-28.06,7.0,0.601
2025-04-20T02:07:59.000,14.55,-14.66,1.39,19.94,20.3,127399,-27.95,7.0,0.601
2025-04-20T02:08:59.000,14.59,-14.17,1.4,19.93,20.3,127400,-27.83,7.0,0.601
2025-04-20T02:09:59.000,14.66,-14.02,1.41,19.93,20.3,127401,-27.71,7.0,0.601
2025-04-20T02:10:59.000,14.75,-14.03,1.41,19.92,20.3,127402,-27.59,8.0,0.601
2025-04-20T02:11:59.000,14.69,-14.58,1.42,19.92,20.3,127403,-27.47,8.0,0.601
2025-04-20T02:12:59.000,14.64,-14.69,1.43,19.91,20.3,127404,-27.35,8.0,0.601
2025-04-20T02:13:59.000,14.52,-14.67,1.43,19.91,20.3,127405,-27.23,8.0,0.601
2025-04-20T02:15:00.000,14.47,-14.66,1.45,19.9,20.3,127406,-27.11,8.0,0.601
2025-04-20T02:16:00.000,14.45,-14.52,1.45,19.9,20.3,127407,-26.99,8.0,0.601
2025-04-20T02:17:00.000,14.45,-14.37,1.45,19.89,20.3,127408,-26.86,8.0,0.601
2025-04-20T02:18:00.000,14.51,-14.12,1.46,19.89,20.3,127409,-26.74,8.0,0.601
2025-04-20T02:19:00.000,14.59,-14.37,1.46,19.89,20.3,127410,-26.62,8.0,0.601
2025-04-20T02:20:00.000,14.46,-14.94,1.47,19.88,20.3,127411,-26.49,9.0,0.6
2025-04-20T02:21:00.000,14.4,-14.41,1.47,19.88,20.3,127412,-26.37,9.0,0.6
2025-04-20T02:22:00.000,14.53,-14.14,1.49,19.87,20.3,127413,-26.24,9.0,0.6
2025-04-20T02:23:01.000,14.63,-14.02,1.49,19.87,20.3,127414,-26.11,9.0,0.6
2025-04-20T02:24:01.000,14.67,-14.58,1.5,19.86,20.3,127415,-25.99,9.0,0.6
2025-04-20T02:25:01.000,14.56,-14.63,1.51,19.85,20.3,127416,-25.86,9.0,0.6
2025-04-20T02:26:01.000,14.62,-14.35,1.51,19.85,20.3,127417,-25.73,9.0,0.6
2025-04-20T02:27:01.000,14.64,-14.28,1.52,19.84,20.3,127418,-25.6,9.0,0.6
2025-04-20T02:28:02.000,14.69,-14.47,1.53,19.84,20.3,127419,-25.47,10.0,0.6
2025-04-20T02:29:02.000,14.65,-14.66,1.53,19.84,20.3,127420,-25.34,10.0,0.6
2025-04-20T02:30:02.000,14.6,-14.62,1.54,19.83,20.3,127421,-25.21,10.0,0.6
2025-04-20T02:31:02.000,14.64,-14.43,1.55,19.83,20.3,127422,-25.08,10.0,0.6
2025-04-20T02:32:02.000,14.58,-14.73,1.55,19.82,20.3,127423,-24.95,10.0,0.6
2025-04-20T02:33:02.000,14.55,-14.34,1.55,19.82,20.3,127424,-24.82,10.0,0.6
2025-04-20T02:34:02.000,14.6,-14.27,1.55,19.82,20.3,127425,-24.69,10.0,0.599
2025-04-20T02:35:02.000,14.69,-13.89,1.56,19.82,20.3,127426,-24.56,10.0,0.599
2025-04-20T02:36:03.000,14.77,-14.27,1.57,19.81,20.3,127427,-24.42,10.0,0.599
2025-04-20T02:37:03.000,14.7,-14.46,1.58,19.8,20.3,127428,-24.29,11.0,0.599
2025-04-20T02:38:03.000,14.64,-14.72,1.59,19.8,20.3,127429,-24.16,11.0,0.599
2025-04-20T02:39:03.000,14.65,-14.21,1.59,19.79,20.3,127430,-24.02,11.0,0.599
2025-04-20T02:40:04.000,14.73,-14.29,1.6,19.79,20.3,127431,-23.88,11.0,0.599
2025-04-20T02:41:04.000,14.72,-14.41,1.61,19.78,20.3,127432,-23.75,11.0,0.599
2025-04-20T02:42:04.000,14.71,-14.74,1.64,19.77,20.3,127433,-23.61,11.0,0.599
2025-04-20T02:43:04.000,14.48,-15.19,1.63,19.77,20.3,127434,-23.48,11.0,0.599
2025-04-20T02:44:04.000,14.36,-14.74,1.63,19.77,20.3,127435,-23.34,11.0,0.599
2025-04-20T02:45:04.000,14.49,-13.95,1.64,19.77,20.3,127436,-23.2,11.0,0.599
2025-04-20T02:46:04.000,14.61,-14.35,1.64,19.76,20.3,127437,-23.06,12.0,0.599
2025-04-20T02:47:05.000,14.56,-14.62,1.65,19.76,20.3,127438,-22.92,12.0,0.599
2025-04-20T02:48:05.000,14.54,-14.49,1.65,19.76,20.3,127439,-22.78,12.0,0.599
2025-04-20T02:49:05.000,14.71,-13.79,1.66,19.75,20.3,127440,-22.64,12.0,0.598
2025-04-20T02:50:05.000,14.79,-14.41,1.66,19.75,20.3,127441,-22.5,12.0,0.598
2025-04-20T02:51:05.000,14.69,-14.74,1.67,19.74,20.3,127442,-22.36,12.0,0.598
2025-04-20T02:52:05.000,14.66,-14.42,1.68,19.73,20.3,127443,-22.22,12.0,0.598
2025-04-20T02:53:05.000,14.55,-15.12,1.68,19.73,20.3,127444,-22.08,12.0,0.598
2025-04-20T02:54:06.000,14.35,-15.06,1.69,19.73,20.3,127445,-21.94,12.0,0.598
2025-04-20T02:55:06.000,14.25,-14.86,1.7,19.73,20.3,127446,-21.8,12.0,0.598
2025-04-20T02:56:06.000,14.16,-14.93,1.7,19.72,20.3,127447,-21.65,13.0,0.598
2025-04-20T02:57:06.000,13.97,-15.29,1.7,19.72,20.3,127448,-21.51,13.0,0.598
2025-04-20T02:58:06.000,13.91,-14.68,1.71,19.72,20.3,127449,-21.37,13.0,0.598
2025-04-20T02:59:06.000,13.92,-14.53,1.72,19.71,20.3,127450,-21.22,13.0,0.598
2025-04-20T03:00:06.000,14.0,-14.36,1.73,19.7,20.3,127451,-21.08,13.0,0.598
2025-04-20T03:01:06.000,14.02,-14.56,1.74,19.7,20.3,127452,-20.93,13.0,0.598
2025-04-20T03:02:07.000,14.13,-14.29,1.74,19.7,20.3,127453,-20.79,13.0,0.598
2025-04-20T03:03:07.000,14.23,-14.55,1.74,19.7,20.3,127454,-20.64,13.0,0.597
2025-04-20T03:04:07.000,14.23,-14.71,1.75,19.69,20.3,127455,-20.49,13.0,0.597
2025-04-20T03:05:07.000,14.24,-14.55,1.75,19.69,20.3,127456,-20.35,13.0,0.597
2025-04-20T03:06:07.000,14.24,-14.8,1.76,19.69,20.3,127457,-20.2,14.0,0.597
2025-04-20T03:07:07.000,14.16,-14.93,1.76,19.69,20.3,127458,-20.05,14.0,0.597
2025-04-20T03:08:08.000,14.05,-14.93,1.76,19.68,20.3,127459,-19.9,14.0,0.597
2025-04-20T03:09:08.000,13.95,-15.02,1.77,19.68,20.3,127460,-19.75,14.0,0.597
2025-04-20T03:10:08.000,13.92,-14.65,1.78,19.67,20.3,127461,-19.61,14.0,0.597
2025-04-20T03:11:08.000,14.01,-14.42,1.79,19.67,20.3,127462,-19.46,14.0,0.597
2025-04-20T03:12:08.000,14.02,-14.51,1.79,19.67,20.3,127463,-19.31,14.0,0.597
2025-04-20T03:13:08.000,14.13,-14.02,1.79,19.67,20.3,127464,-19.16,14.0,0.597
2025-04-20T03:14:08.000,14.18,-14.39,1.8,19.66,20.3,127465,-19.01,14.0,0.597
2025-04-20T03:15:09.000,14.27,-14.01,1.81,19.66,20.3,127466,-18.85,14.0,0.597
2025-04-20T03:16:09.000,14.29,-14.46,1.81,19.65,20.3,127467,-18.7,14.0,0.597
2025-04-20T03:17:09.000,14.29,-14.48,1.82,19.65,20.3,127468,-18.55,15.0,0.596
2025-04-20T03:18:09.000,14.29,-14.47,1.84,19.64,20.3,127469,-18.4,15.0,0.596
2025-04-20T03:19:09.000,14.25,-14.63,1.84,19.64,20.3,127470,-18.25,15.0,0.596
2025-04-20T03:20:09.000,14.12,-15.15,1.84,19.64,20.3,127471,-18.09,15.0,0.596
2025-04-20T03:21:09.000,14.05,-14.71,1.85,19.63,20.3,127472,-17.94,15.0,0.596
2025-04-20T03:22:09.000,14.13,-14.38,1.85,19.63,20.3,127473,-17.79,15.0,0.596
2025-04-20T03:23:09.000,14.14,-14.84,1.86,19.63,20.3,127474,-17.63,15.0,0.596
2025-04-20T03:24:09.000,14.11,-15.07,1.87,19.62,20.3,127475,-17.48,15.0,0.596
2025-04-20T03:25:10.000,14.03,-14.92,1.87,19.62,20.3,127476,-17.32,15.0,0.596
2025-04-20T03:26:10.000,14.15,-14.55,1.87,19.62,20.3,127477,-17.17,15.0,0.596
2025-04-20T03:27:10.000,14.18,-14.94,1.88,19.62,20.3,127478,-17.01,15.0,0.596
2025-04-20T03:28:10.000,14.07,-14.97,1.89,19.61,20.3,127479,-16.86,15.0,0.596
2025-04-20T03:29:10.000,14.12,-14.57,1.89,19.61,20.3,127480,-16.7,16.0,0.596
2025-04-20T03:30:10.000,14.25,-14.42,1.85,19.63,20.3,127481,-16.55,16.0,0.596
2025-04-20T03:31:10.000,14.29,-14.55,1.73,19.7,20.3,127482,-16.39,16.0,0.596
2025-04-20T03:32:11.000,14.33,-14.56,1.57,19.81,20.3,127483,-16.23,16.0,0.595
2025-04-20T03:33:11.000,14.33,-14.85,1.48,19.87,20.3,127484,-16.07,16.0,0.595
2025-04-20T03:34:11.000,14.22,-14.92,1.47,19.88,20.3,127485,-15.92,16.0,0.595
2025-04-20T03:35:11.000,14.27,-14.31,1.47,19.88,20.3,127486,-15.76,16.0,0.595
2025-04-20T03:36:11.000,14.34,-14.71,1.47,19.88,20.3,127487,-15.6,16.0,0.595
2025-04-20T03:37:11.000,14.32,-14.67,1.48,19.87,20.3,127488,-15.44,16.0,0.595
2025-04-20T03:38:11.000,14.33,-14.9,1.49,19.87,20.3,127489,-15.28,16.0,0.595
2025-04-20T03:39:12.000,14.29,-14.88,1.5,19.86,20.3,127490,-15.12,16.0,0.595
2025-04-20T03:40:12.000,14.17,-14.91,1.51,19.85,20.3,127491,-14.96,16.0,0.595
2025-04-20T03:41:12.000,14.22,-14.57,1.53,19.84,20.3,127492,-14.8,17.0,0.595
2025-04-20T03:42:12.000,14.14,-15.01,1.54,19.83,20.3,127493,-14.64,17.0,0.595
2025-04-20T03:43:12.000,14.15,-14.74,1.56,19.82,20.3,127494,-14.48,17.0,0.595
2025-04-20T03:44:12.000,14.3,-14.17,1.58,19.8,20.3,127495,-14.32,17.0,0.595
2025-04-20T03:45:13.000,14.34,-14.73,1.6,19.79,20.3,127496,-14.15,17.0,0.595
2025-04-20T03:46:13.000,14.43,-14.32,1.62,19.77,20.3,127497,-13.99,17.0,0.594
2025-04-20T03:47:13.000,14.5,-14.43,1.66,19.75,20.3,127498,-13.83,17.0,0.594
2025-04-20T03:48:13.000,14.51,-14.97,1.69,19.73,20.3,127499,-13.67,17.0,0.594
2025-04-20T03:49:13.000,14.28,-15.23,1.73,19.7,20.3,127500,-13.51,17.0,0.594
2025-04-20T03:50:13.000,14.28,-14.29,1.78,19.67,20.3,127501,-13.34,17.0,0.594
2025-04-20T03:51:14.000,14.38,-13.98,1.84,19.64,20.3,127502,-13.18,17.0,0.594
2025-04-20T03:52:14.000,14.54,-14.07,1.9,19.6,20.3,127503,-13.01,17.0,0.594
2025-04-20T03:53:14.000,14.61,-14.31,1.99,19.55,20.3,127504,-12.85,17.0,0.594
2025-04-20T03:54:14.000,14.57,-14.64,2.07,19.51,20.3,127505,-12.69,17.0,0.594
2025-04-20T03:55:14.000,14.47,-14.58,2.16,19.47,20.3,127506,-12.52,18.0,0.594
2025-04-20T03:56:14.000,14.57,-14.07,2.24,19.42,20.3,127507,-12.36,18.0,0.594
2025-04-20T03:57:14.000,14.57,-15.01,2.38,19.36,20.3,127508,-12.19,18.0,0.594
2025-04-20T03:58:14.000,14.32,-15.23,2.53,19.29,20.3,127509,-12.03,18.0,0.594
2025-04-20T03:59:14.000,14.29,-14.65,2.7,19.22,20.3,127510,-11.86,18.0,0.594
2025-04-20T04:00:15.000,14.35,-14.79,2.91,19.14,20.3,127511,-11.69,18.0,0.594
2025-04-20T04:01:15.000,14.12,-15.47,3.15,19.06,20.3,127512,-11.53,18.0,0.593
2025-04-20T04:02:15.000,13.99,-14.91,3.42,18.97,20.3,127513,-11.36,18.0,0.593
2025-04-20T04:03:15.000,14.16,-14.07,3.73,18.87,20.3,127514,-11.2,18.0,0.593
2025-04-20T04:04:15.000,14.3,-14.41,4.09,18.77,20.3,127515,-11.03,18.0,0.593
