ecsv/stars608/stars608_2025-04.ecsv
# %ECSV 1.0
# ---
# datatype:
# - {name: time, datatype: string}
# - {name: Enclosure Temperature, unit: deg_C, datatype: float64}
# - {name: Sky Temperature, unit: deg_C, datatype: float64}
# - {name: Frequency, unit: Hz, datatype: float64}
# - {name: MSAS, unit: mag / arcsec2, datatype: float64}
# - {name: ZP, datatype: float64}
# - {name: Sequence Number, datatype: int64}
# - {name: Sun Alt, unit: deg, datatype: float64}
# - {name: Moon Alt, unit: deg, datatype: float64}
# - {name: Moon Illumination, datatype: float64}
# delimiter: ','
# meta: !!omap
# - ida:
#     Data supplier: {affiliation: Stupa Observatory, observer: Xavier Rubia}
#     Device type: TESS-W
#     Field of view: 17.0
#     Filters per channel: None
#     Instrument ID: stars608
#     License: ODbL 1.0 http://opendatacommons.org/licenses/odbl/summary/
#     Local timezone: Europe/Madrid
#     Location name: {country: Spain, place: Centelles, region: Catalonia, sub_region: Barcelona, town: Centelles}
#     Measurement direction per channel: {azimuth: 0.0, zenital: 0.0}
#     Moving / Fixed look direction: FIXED
#     Moving / Stationary position: STATIONARY
#     Number of channels: 1
#     Number of fields per line: 8
#     Number of header lines: 35
#     Position: {height: 0.0, latitude: 41.7735198, longitude: 2.24019}
#     TESS MAC address: 84:CC:A8:B1:81:B9
#     TESS cover offset value: 0.0
#     TESS firmware version: '1.0'
#     TESS zero point: 20.3
#     Time Synchronization: timestamp added by MQTT subscriber
#     URL: http://www.darksky.org/NSBM/sdf1.0.pdf
# - __serialized_columns__:
#     Enclosure Temperature:
#       __class__: astropy.units.quantity.Quantity
#       unit: &id001 !astropy.units.Unit {unit: deg_C}
#       value: !astropy.table.SerializedColumn {name: Enclosure Temperature}
#     Frequency:
#       __class__: astropy.units.quantity.Quantity
#       unit: !astropy.units.Unit {unit: Hz}
#       value: !astropy.table.SerializedColumn {name: Frequency}
#     MSAS:
#       __class__: astropy.units.quantity.Quantity
#       unit: !astropy.units.Unit {unit: mag / arcsec2}
#       value: !astropy.table.SerializedColumn {name: MSAS}
#     Moon Alt:
#       __class__: astropy.units.quantity.Quantity
#       unit: &id002 !astropy.units.Unit {unit: deg}
#       value: !astropy.table.SerializedColumn {name: Moon Alt}
#     Sky Temperature:
#       __class__: astropy.units.quantity.Quantity
#       unit: *id001
#       value: !astropy.table.SerializedColumn {name: Sky Temperature}
#     Sun Alt:
#       __class__: astropy.units.quantity.Quantity
#       unit: *id002
#       value: !astropy.table.SerializedColumn {name: Sun Alt}
#     time:
#       __class__: astropy.time.core.Time
#       format: isot
#       in_subfmt: '*'
#       out_subfmt: '*'
#       precision: 3
#       scale: utc
#       value: !astropy.table.SerializedColumn {name: time}
# schema: astropy-2.0
time,Enclosure Temperature,Sky Temperature,Frequency,MSAS,ZP,Sequence Number,Sun Alt,Moon Alt,Moon Illumination
[from data line 8133]
2025-04-13T19:10:21.000,17.82,11.15,60.43,15.85,20.3,119017,-8.07,-2.0,0.994
2025-04-13T19:11:21.000,17.84,11.04,49.12,16.07,20.3,119018,-8.24,-2.0,0.994
2025-04-13T19:12:21.000,17.83,10.89,43.34,16.21,20.3,119019,-8.42,-1.0,0.994
2025-04-13T19:13:21.000,17.77,10.78,38.29,16.34,20.3,119020,-8.59,-1.0,0.994
2025-04-13T19:14:21.000,17.76,10.81,34.06,16.47,20.3,119021,-8.76,-1.0,0.994
2025-04-13T19:15:21.000,17.75,10.81,30.22,16.6,20.3,119022,-8.94,-1.0,0.994
2025-04-13T19:16:21.000,17.75,10.86,27.32,16.71,20.3,119023,-9.11,-1.0,0.994
2025-04-13T19:17:22.000,17.76,10.9,24.7,16.82,20.3,119024,-9.29,-1.0,0.994
2025-04-13T19:18:22.000,17.75,11.08,22.78,16.91,20.3,119025,-9.46,-0.0,0.994
2025-04-13T19:19:22.000,17.78,11.18,21.24,16.98,20.3,119026,-9.63,-0.0,0.994
2025-04-13T19:20:22.000,17.81,11.13,20.03,17.05,20.3,119027,-9.81,-0.0,0.994
2025-04-13T19:21:22.000,17.82,11.02,19.07,17.1,20.3,119028,-9.98,0.0,0.994
2025-04-13T19:22:22.000,17.8,10.78,18.29,17.14,20.3,119029,-10.15,0.0,0.994
2025-04-13T19:23:22.000,17.8,10.72,17.37,17.2,20.3,119030,-10.32,0.0,0.994
2025-04-13T19:24:22.000,17.81,10.61,16.56,17.25,20.3,119031,-10.5,1.0,0.994
2025-04-13T19:25:23.000,17.79,10.36,15.76,17.31,20.3,119032,-10.67,1.0,0.994
2025-04-13T19:26:23.000,17.72,10.22,14.97,17.36,20.3,119033,-10.84,1.0,0.994
2025-04-13T19:27:23.000,17.7,10.3,14.26,17.42,20.3,119034,-11.01,1.0,0.994
2025-04-13T19:28:23.000,17.67,10.46,13.72,17.46,20.3,119035,-11.18,1.0,0.994
2025-04-13T19:29:24.000,17.65,10.7,13.49,17.47,20.3,119036,-11.36,1.0,0.994
2025-04-13T19:30:23.000,17.66,10.87,13.52,17.47,20.3,119037,-11.53,2.0,0.994
2025-04-13T19:31:23.000,17.63,10.97,13.74,17.45,20.3,119038,-11.7,2.0,0.994
2025-04-13T19:32:23.000,17.62,11.29,14.17,17.42,20.3,119039,-11.87,2.0,0.994
2025-04-13T19:33:23.000,17.66,11.51,14.54,17.39,20.3,119040,-12.04,2.0,0.994
2025-04-13T19:34:24.000,17.69,11.42,14.89,17.37,20.3,119041,-12.21,2.0,0.994
2025-04-13T19:35:24.000,17.71,11.48,15.12,17.35,20.3,119042,-12.38,2.0,0.994
2025-04-13T19:36:24.000,17.7,11.32,15.25,17.34,20.3,119043,-12.55,2.0,0.994
2025-04-13T19:37:24.000,17.66,11.16,15.2,17.35,20.3,119044,-12.71,3.0,0.994
2025-04-13T19:38:24.000,17.67,11.26,15.16,17.35,20.3,119045,-12.88,3.0,0.994
2025-04-13T19:39:24.000,17.69,11.01,15.07,17.36,20.3,119046,-13.05,3.0,0.994
2025-04-13T19:40:24.000,17.55,10.52,14.83,17.37,20.3,119047,-13.22,3.0,0.994
2025-04-13T19:41:24.000,17.51,10.68,14.61,17.39,20.3,119048,-13.39,3.0,0.994
2025-04-13T19:42:25.000,17.53,10.6,14.59,17.39,20.3,119049,-13.56,3.0,0.994
2025-04-13T19:43:25.000,17.53,10.52,14.56,17.39,20.3,119050,-13.72,4.0,0.994
2025-04-13T19:44:25.000,17.51,10.46,14.67,17.38,20.3,119051,-13.89,4.0,0.994
2025-04-13T19:45:25.000,17.5,10.6,14.93,17.36,20.3,119052,-14.06,4.0,0.994
2025-04-13T19:46:25.000,17.52,10.68,15.06,17.36,20.3,119053,-14.22,4.0,0.993
2025-04-13T19:47:25.000,17.53,10.72,15.07,17.35,20.3,119054,-14.39,4.0,0.993
2025-04-13T19:48:25.000,17.55,10.73,14.97,17.36,20.3,119055,-14.56,4.0,0.993
2025-04-13T19:49:25.000,17.57,10.63,14.72,17.38,20.3,119056,-14.72,5.0,0.993
2025-04-13T19:50:25.000,17.57,10.41,14.41,17.4,20.3,119057,-14.89,5.0,0.993
2025-04-13T19:51:25.000,17.56,10.27,14.01,17.43,20.3,119058,-15.05,5.0,0.993
2025-04-13T19:52:25.000,17.56,10.03,13.7,17.46,20.3,119059,-15.22,5.0,0.993
2025-04-13T19:53:26.000,17.49,9.68,13.54,17.47,20.3,119060,-15.38,5.0,0.993
2025-04-13T19:54:26.000,17.49,9.68,13.46,17.48,20.3,119061,-15.55,5.0,0.993
2025-04-13T19:55:26.000,17.51,9.62,13.32,17.49,20.3,119062,-15.71,6.0,0.993
2025-04-13T19:56:26.000,17.46,9.56,13.48,17.48,20.3,119063,-15.88,6.0,0.993
2025-04-13T19:57:26.000,17.46,10.34,14.13,17.42,20.3,119064,-16.04,6.0,0.993
2025-04-13T19:58:26.000,17.5,10.84,14.53,17.39,20.3,119065,-16.2,6.0,0.993
2025-04-13T19:59:26.000,17.49,11.21,14.58,17.39,20.3,119066,-16.36,6.0,0.993
2025-04-13T20:00:26.000,17.55,11.66,14.89,17.37,20.3,119067,-16.53,6.0,0.993
2025-04-13T20:01:27.000,17.57,11.96,15.53,17.32,20.3,119068,-16.69,7.0,0.993
2025-04-13T20:02:27.000,17.58,11.99,15.72,17.31,20.3,119069,-16.85,7.0,0.993
2025-04-13T20:03:27.000,17.62,12.12,15.3,17.34,20.3,119070,-17.01,7.0,0.993
2025-04-13T20:04:27.000,17.63,11.83,14.76,17.38,20.3,119071,-17.17,7.0,0.993
2025-04-13T20:05:27.000,17.57,11.8,14.43,17.4,20.3,119072,-17.34,7.0,0.993
2025-04-13T20:06:27.000,17.6,11.85,14.48,17.4,20.3,119073,-17.5,7.0,0.993
2025-04-13T20:07:27.000,17.58,11.59,14.75,17.38,20.3,119074,-17.66,7.0,0.993
2025-04-13T20:08:27.000,17.56,11.73,15.06,17.36,20.3,119075,-17.82,8.0,0.993
2025-04-13T20:09:28.000,17.5,11.5,15.31,17.34,20.3,119076,-17.98,8.0,0.993
2025-04-13T20:10:28.000,17.47,11.64,15.57,17.32,20.3,119077,-18.14,8.0,0.993
2025-04-13T20:11:28.000,17.44,11.4,15.81,17.3,20.3,119078,-18.3,8.0,0.993
2025-04-13T20:12:28.000,17.42,11.52,16.11,17.28,20.3,119079,-18.45,8.0,0.993
2025-04-13T20:13:28.000,17.44,11.49,16.2,17.28,20.3,119080,-18.61,8.0,0.993
2025-04-13T20:14:28.000,17.46,11.5,16.19,17.28,20.3,119081,-18.77,9.0,0.993
2025-04-13T20:15:28.000,17.5,11.61,16.26,17.27,20.3,119082,-18.93,9.0,0.993
2025-04-13T20:16:28.000,17.53,11.59,16.58,17.25,20.3,119083,-19.08,9.0,0.993
2025-04-13T20:17:29.000,17.51,11.53,16.83,17.23,20.3,119084,-19.24,9.0,0.993
2025-04-13T20:18:29.000,17.44,11.47,16.97,17.23,20.3,119085,-19.4,9.0,0.993
2025-04-13T20:19:29.000,17.42,11.61,17.19,17.21,20.3,119086,-19.55,9.0,0.993
2025-04-13T20:20:29.000,17.42,11.58,17.34,17.2,20.3,119087,-19.71,9.0,0.993
2025-04-13T20:21:29.000,17.42,11.54,17.66,17.18,20.3,119088,-19.87,10.0,0.993
2025-04-13T20:22:29.000,17.43,11.69,17.88,17.17,20.3,119089,-20.02,10.0,0.993
2025-04-13T20:23:29.000,17.51,11.75,17.99,17.16,20.3,119090,-20.17,10.0,0.993
2025-04-13T20:24:29.000,17.55,11.74,18.0,17.16,20.3,119091,-20.33,10.0,0.993
2025-04-13T20:25:30.000,17.54,11.57,17.98,17.16,20.3,119092,-20.49,10.0,0.993
2025-04-13T20:26:30.000,17.53,11.6,17.84,17.17,20.3,119093,-20.64,10.0,0.993
2025-04-13T20:27:30.000,17.51,11.57,17.36,17.2,20.3,119094,-20.79,11.0,0.993
2025-04-13T20:28:30.000,17.49,11.61,16.99,17.22,20.3,119095,-20.94,11.0,0.993
2025-04-13T20:29:30.000,17.42,11.46,16.6,17.25,20.3,119096,-21.1,11.0,0.993
2025-04-13T20:30:30.000,17.39,11.64,16.52,17.26,20.3,119097,-21.25,11.0,0.993
2025-04-13T20:31:30.000,17.36,11.6,16.77,17.24,20.3,119098,-21.4,11.0,0.993
2025-04-13T20:32:30.000,17.28,11.64,17.27,17.21,20.3,119099,-21.55,11.0,0.993
2025-04-13T20:33:31.000,17.22,11.74,17.52,17.19,20.3,119100,-21.7,11.0,0.993
2025-04-13T20:34:31.000,17.2,11.89,17.67,17.18,20.3,119101,-21.85,12.0,0.993
2025-04-13T20:35:31.000,17.19,11.84,17.74,17.18,20.3,119102,-22.0,12.0,0.993
2025-04-13T20:36:31.000,17.17,11.71,17.77,17.18,20.3,119103,-22.15,12.0,0.993
2025-04-13T20:37:31.000,17.08,11.64,17.83,17.17,20.3,119104,-22.3,12.0,0.993
2025-04-13T20:38:31.000,17.07,11.72,17.84,17.17,20.3,119105,-22.45,12.0,0.993
2025-04-13T20:39:31.000,17.04,11.64,17.81,17.17,20.3,119106,-22.6,12.0,0.993
2025-04-13T20:40:31.000,17.02,11.51,17.74,17.18,20.3,119107,-22.74,12.0,0.993
2025-04-13T20:41:32.000,17.01,11.65,17.63,17.18,20.3,119108,-22.89,13.0,0.993
2025-04-13T20:42:32.000,17.07,11.61,17.55,17.19,20.3,119109,-23.04,13.0,0.993
2025-04-13T20:43:32.000,17.14,11.58,17.44,17.2,20.3,119110,-23.19,13.0,0.993
2025-04-13T20:44:32.000,17.15,11.33,17.43,17.2,20.3,119111,-23.33,13.0,0.993
2025-04-13T20:45:32.000,17.15,11.26,17.04,17.22,20.3,119112,-23.48,13.0,0.993
2025-04-13T20:46:32.000,17.03,11.0,17.0,17.22,20.3,119113,-23.62,13.0,0.993
2025-04-13T20:47:32.000,16.91,11.09,17.34,17.2,20.3,119114,-23.77,13.0,0.993
2025-04-13T20:48:32.000,16.84,11.43,17.55,17.19,20.3,119115,-23.91,14.0,0.993
2025-04-13T20:49:33.000,16.75,11.19,17.84,17.17,20.3,119116,-24.06,14.0,0.993
2025-04-13T20:50:33.000,16.69,11.4,18.1,17.16,20.3,119117,-24.2,14.0,0.993
2025-04-13T20:51:33.000,16.7,11.64,18.16,17.15,20.3,119118,-24.34,14.0,0.993
2025-04-13T20:52:33.000,16.87,11.62,18.02,17.16,20.3,119119,-24.49,14.0,0.993
2025-04-13T20:53:33.000,16.96,11.6,18.02,17.16,20.3,119120,-24.63,14.0,0.993
2025-04-13T20:54:33.000,16.94,11.51,17.6,17.19,20.3,119121,-24.77,14.0,0.993
2025-04-13T20:55:33.000,16.88,11.38,17.27,17.21,20.3,119122,-24.91,15.0,0.993
2025-04-13T20:56:33.000,16.91,11.36,16.95,17.23,20.3,119123,-25.05,15.0,0.993
2025-04-13T20:57:33.000,16.95,11.5,16.87,17.23,20.3,119124,-25.19,15.0,0.993
2025-04-13T20:58:34.000,17.0,11.54,16.9,17.23,20.3,119125,-25.33,15.0,0.993
2025-04-13T20:59:34.000,17.03,11.72,17.15,17.21,20.3,119126,-25.47,15.0,0.993
2025-04-13T21:00:34.000,16.98,11.49,17.47,17.19,20.3,119127,-25.61,15.0,0.993
2025-04-13T21:01:34.000,16.98,11.7,17.72,17.18,20.3,119128,-25.75,15.0,0.993
2025-04-13T21:02:34.000,17.0,11.6,17.88,17.17,20.3,119129,-25.89,16.0,0.993
2025-04-13T21:03:34.000,16.98,11.42,17.87,17.17,20.3,119130,-26.02,16.0,0.993
2025-04-13T21:04:34.000,16.91,11.04,18.03,17.16,20.3,119131,-26.16,16.0,0.993
2025-04-13T21:05:34.000,16.84,11.19,18.36,17.14,20.3,119132,-26.29,16.0,0.993
2025-04-13T21:06:34.000,16.88,11.06,18.76,17.12,20.3,119133,-26.43,16.0,0.993
2025-04-13T21:07:34.000,16.87,10.68,18.97,17.1,20.3,119134,-26.56,16.0,0.993
2025-04-13T21:08:35.000,16.86,10.67,18.86,17.11,20.3,119135,-26.7,16.0,0.993
2025-04-13T21:09:35.000,16.86,10.57,18.65,17.12,20.3,119136,-26.84,16.0,0.993
2025-04-13T21:10:35.000,16.85,10.58,18.5,17.13,20.3,119137,-26.97,17.0,0.993
2025-04-13T21:11:35.000,16.82,10.58,18.44,17.14,20.3,119138,-27.1,17.0,0.993
2025-04-13T21:12:35.000,16.84,10.65,18.37,17.14,20.3,119139,-27.23,17.0,0.993
2025-04-13T21:13:35.000,16.83,10.44,18.5,17.13,20.3,119140,-27.37,17.0,0.993
2025-04-13T21:14:35.000,16.8,10.27,19.24,17.09,20.3,119141,-27.5,17.0,0.993
2025-04-13T21:15:35.000,16.79,10.35,19.88,17.05,20.3,119142,-27.63,17.0,0.993
2025-04-13T21:16:36.000,16.79,10.18,20.0,17.05,20.3,119143,-27.76,17.0,0.993
2025-04-13T21:17:36.000,16.76,10.12,19.96,17.05,20.3,119144,-27.89,18.0,0.993
2025-04-13T21:18:36.000,16.75,10.13,19.56,17.07,20.3,119145,-28.02,18.0,0.993
2025-04-13T21:19:36.000,16.75,10.03,19.05,17.1,20.3,119146,-28.15,18.0,0.993
2025-04-13T21:20:36.000,16.76,10.04,18.42,17.14,20.3,119147,-28.27,18.0,0.992
2025-04-13T21:21:37.000,16.75,9.93,18.58,17.13,20.3,119148,-28.4,18.0,0.992
2025-04-13T21:22:37.000,16.75,9.9,19.4,17.08,20.3,119149,-28.53,18.0,0.992
2025-04-13T21:23:37.000,16.74,9.85,20.08,17.04,20.3,119150,-28.66,18.0,0.992
2025-04-13T21:24:37.000,16.75,9.79,20.7,17.01,20.3,119151,-28.78,18.0,0.992
2025-04-13T21:25:37.000,16.72,9.59,20.5,17.02,20.3,119152,-28.91,19.0,0.992
2025-04-13T21:26:37.000,16.72,9.5,19.85,17.06,20.3,119153,-29.03,19.0,0.992
2025-04-13T21:27:37.000,16.72,9.44,19.32,17.08,20.3,119154,-29.15,19.0,0.992
2025-04-13T21:28:37.000,16.71,9.29,18.89,17.11,20.3,119155,-29.28,19.0,0.992
2025-04-13T21:29:37.000,16.67,9.08,19.06,17.1,20.3,119156,-29.4,19.0,0.992
2025-04-13T21:30:38.000,16.67,9.05,19.65,17.07,20.3,119157,-29.52,19.0,0.992
2025-04-13T21:31:38.000,16.67,8.82,19.49,17.08,20.3,119158,-29.65,19.0,0.992
2025-04-13T21:32:38.000,16.63,8.56,19.19,17.09,20.3,119159,-29.77,19.0,0.992
2025-04-13T21:33:38.000,16.61,8.4,18.72,17.12,20.3,119160,-29.89,20.0,0.992
2025-04-13T21:34:38.000,16.59,8.31,17.34,17.2,20.3,119161,-30.01,20.0,0.992
2025-04-13T21:35:38.000,16.59,8.35,16.9,17.23,20.3,119162,-30.12,20.0,0.992
2025-04-13T21:36:38.000,16.56,8.35,18.29,17.15,20.3,119163,-30.24,20.0,0.992
2025-04-13T21:37:38.000,16.54,8.44,19.98,17.05,20.3,119164,-30.36,20.0,0.992
2025-04-13T21:38:38.000,16.54,8.63,21.37,16.98,20.3,119165,-30.48,20.0,0.992
2025-04-13T21:39:38.000,16.54,8.8,22.56,16.92,20.3,119166,-30.59,20.0,0.992
2025-04-13T21:40:39.000,16.53,8.85,22.99,16.9,20.3,119167,-30.71,20.0,0.992
2025-04-13T21:41:39.000,16.52,8.99,23.22,16.89,20.3,119168,-30.83,21.0,0.992
2025-04-13T21:42:39.000,16.53,9.23,23.49,16.87,20.3,119169,-30.94,21.0,0.992
2025-04-13T21:43:39.000,16.55,9.43,23.33,16.88,20.3,119170,-31.05,21.0,0.992
2025-04-13T21:44:39.000,16.56,9.63,22.88,16.9,20.3,119171,-31.17,21.0,0.992
2025-04-13T21:45:39.000,16.58,9.99,21.75,16.96,20.3,119172,-31.28,21.0,0.992
2025-04-13T21:46:39.000,16.62,10.38,20.4,17.03,20.3,119173,-31.39,21.0,0.992
2025-04-13T21:47:40.000,16.65,10.64,19.65,17.07,20.3,119174,-31.5,21.0,0.992
2025-04-13T21:48:40.000,16.73,11.04,19.09,17.1,20.3,119175,-31.61,21.0,0.992
2025-04-13T21:49:40.000,16.78,11.34,18.46,17.13,20.3,119176,-31.72,22.0,0.992
2025-04-13T21:50:40.000,16.82,11.67,18.58,17.13,20.3,119177,-31.83,22.0,0.992
2025-04-13T21:51:40.000,16.89,11.79,19.23,17.09,20.3,119178,-31.94,22.0,0.992
2025-04-13T21:52:40.000,16.96,11.89,20.03,17.05,20.3,119179,-32.05,22.0,0.992
2025-04-13T21:53:40.000,17.08,11.99,20.65,17.01,20.3,119180,-32.16,22.0,0.992
2025-04-13T21:54:40.000,17.17,11.97,20.91,17.0,20.3,119181,-32.26,22.0,0.992
2025-04-13T21:55:40.000,17.19,11.96,21.16,16.99,20.3,119182,-32.37,22.0,0.992
2025-04-13T21:56:40.000,17.21,11.99,21.34,16.98,20.3,119183,-32.47,22.0,0.992
2025-04-13T21:57:47.000,17.22,11.92,21.34,16.98,20.3,119184,-32.59,22.0,0.992
2025-04-13T21:58:47.000,17.22,11.87,21.24,16.98,20.3,119185,-32.69,23.0,0.992
2025-04-13T21:59:47.000,17.21,11.79,21.59,16.96,20.3,119186,-32.79,23.0,0.992
2025-04-13T22:00:47.000,17.2,11.72,22.35,16.93,20.3,119187,-32.9,23.0,0.992
2025-04-13T22:01:47.000,17.16,11.69,24.13,16.84,20.3,119188,-33.0,23.0,0.992
2025-04-13T22:02:47.000,17.17,11.83,24.83,16.81,20.3,119189,-33.1,23.0,0.992
2025-04-13T22:03:47.000,17.19,11.8,25.34,16.79,20.3,119190,-33.2,23.0,0.992
2025-04-13T22:04:47.000,17.21,11.81,25.71,16.77,20.3,119191,-33.3,23.0,0.992
2025-04-13T22:05:47.000,17.23,11.75,26.15,16.76,20.3,119192,-33.39,23.0,0.992
2025-04-13T22:06:47.000,17.25,11.65,26.27,16.75,20.3,119193,-33.49,23.0,0.992
2025-04-13T22:07:48.000,17.23,11.52,26.45,16.74,20.3,119194,-33.59,24.0,0.992
2025-04-13T22:08:48.000,17.21,11.43,26.8,16.73,20.3,119195,-33.69,24.0,0.992
2025-04-13T22:09:48.000,17.19,11.45,27.36,16.71,20.3,119196,-33.78,24.0,0.992
2025-04-13T22:10:48.000,17.2,11.41,27.83,16.69,20.3,119197,-33.87,24.0,0.992
2025-04-13T22:11:48.000,17.21,11.37,28.53,16.66,20.3,119198,-33.97,24.0,0.992
2025-04-13T22:12:49.000,17.22,11.41,28.76,16.65,20.3,119199,-34.06,24.0,0.992
2025-04-13T22:13:49.000,17.25,11.27,27.56,16.7,20.3,119200,-34.15,24.0,0.992
2025-04-13T22:14:49.000,17.23,11.18,25.87,16.77,20.3,119201,-34.25,24.0,0.992
2025-04-13T22:15:49.000,17.22,11.12,24.89,16.81,20.3,119202,-34.34,24.0,0.992
2025-04-13T22:16:49.000,17.23,11.24,24.39,16.83,20.3,119203,-34.43,24.0,0.992
2025-04-13T22:17:49.000,17.26,11.25,24.14,16.84,20.3,119204,-34.51,25.0,0.992
2025-04-13T22:18:49.000,17.28,11.14,24.15,16.84,20.3,119205,-34.6,25.0,0.992
2025-04-13T22:19:49.000,17.24,10.96,24.38,16.83,20.3,119206,-34.69,25.0,0.992
2025-04-13T22:20:50.000,17.21,10.87,24.32,16.84,20.3,119207,-34.78,25.0,0.992
2025-04-13T22:21:50.000,17.18,10.78,24.53,16.83,20.3,119208,-34.86,25.0,0.992
2025-04-13T22:22:50.000,17.16,10.66,24.94,16.81,20.3,119209,-34.95,25.0,0.992
2025-04-13T22:23:50.000,17.14,10.63,25.32,16.79,20.3,119210,-35.03,25.0,0.992
2025-04-13T22:24:50.000,17.14,10.56,25.71,16.77,20.3,119211,-35.11,25.0,0.992
2025-04-13T22:25:50.000,17.14,10.46,26.02,16.76,20.3,119212,-35.2,25.0,0.992
2025-04-13T22:26:50.000,17.17,10.38,26.07,16.76,20.3,119213,-35.28,25.0,0.992
2025-04-13T22:27:50.000,17.18,10.16,25.91,16.77,20.3,119214,-35.36,26.0,0.992
2025-04-13T22:28:50.000,17.17,9.99,24.85,16.81,20.3,119215,-35.44,26.0,0.992
2025-04-13T22:29:50.000,17.16,9.86,23.85,16.86,20.3,119216,-35.52,26.0,0.992
2025-04-13T22:30:51.000,17.12,9.8,22.99,16.9,20.3,119217,-35.6,26.0,0.992
2025-04-13T22:31:51.000,17.1,9.78,22.33,16.93,20.3,119218,-35.67,26.0,0.992
2025-04-13T22:32:51.000,17.05,9.68,21.73,16.96,20.3,119219,-35.75,26.0,0.992
2025-04-13T22:33:51.000,17.01,9.67,21.3,16.98,20.3,119220,-35.83,26.0,0.992
2025-04-13T22:34:51.000,16.97,9.65,21.17,16.99,20.3,119221,-35.9,26.0,0.992
2025-04-13T22:35:51.000,16.95,9.63,21.3,16.98,20.3,119222,-35.97,26.0,0.992
2025-04-13T22:36:51.000,16.89,9.44,21.59,16.96,20.3,119223,-36.05,26.0,0.992
