ecsv/stars608/stars608_2025-04.ecsv
# %ECSV 1.0
# ---
# datatype:
# - {name: time, datatype: string}
# - {name: Enclosure Temperature, unit: deg_C, datatype: float64}
# - {name: Sky Temperature, unit: deg_C, datatype: float64}
# - {name: Frequency, unit: Hz, datatype: float64}
# - {name: MSAS, unit: mag / arcsec2, datatype: float64}
# - {name: ZP, datatype: float64}
# - {name: Sequence Number, datatype: int64}
# - {name: Sun Alt, unit: deg, datatype: float64}
# - {name: Moon Alt, unit: deg, datatype: float64}
# - {name: Moon Illumination, datatype: float64}
# delimiter: ','
# meta: !!omap
# - ida:
#     Data supplier: {affiliation: Stupa Observatory, observer: Xavier Rubia}
#     Device type: TESS-W
#     Field of view: 17.0
#     Filters per channel: None
#     Instrument ID: stars608
#     License: ODbL 1.0 http://opendatacommons.org/licenses/odbl/summary/
#     Local timezone: Europe/Madrid
#     Location name: {country: Spain, place: Centelles, region: Catalonia, sub_region: Barcelona, town: Centelles}
#     Measurement direction per channel: {azimuth: 0.0, zenital: 0.0}
#     Moving / Fixed look direction: FIXED
#     Moving / Stationary position: STATIONARY
#     Number of channels: 1
#     Number of fields per line: 8
#     Number of header lines: 35
#     Position: {height: 0.0, latitude: 41.7735198, longitude: 2.24019}
#     TESS MAC address: 84:CC:A8:B1:81:B9
#     TESS cover offset value: 0.0
#     TESS firmware version: '1.0'
#     TESS zero point: 20.3
#     Time Synchronization: timestamp added by MQTT subscriber
#     URL: http://www.darksky.org/NSBM/sdf1.0.pdf
# - __serialized_columns__:
#     Enclosure Temperature:
#       __class__: astropy.units.quantity.Quantity
#       unit: &id001 !astropy.units.Unit {unit: deg_C}
#       value: !astropy.table.SerializedColumn {name: Enclosure Temperature}
#     Frequency:
#       __class__: astropy.units.quantity.Quantity
#       unit: !astropy.units.Unit {unit: Hz}
#       value: !astropy.table.SerializedColumn {name: Frequency}
#     MSAS:
#       __class__: astropy.units.quantity.Quantity
#       unit: !astropy.units.Unit {unit: mag / arcsec2}
#       value: !astropy.table.SerializedColumn {name: MSAS}
#     Moon Alt:
#       __class__: astropy.units.quantity.Quantity
#       unit: &id002 !astropy.units.Unit {unit: deg}
#       value: !astropy.table.SerializedColumn {name: Moon Alt}
#     Sky Temperature:
#       __class__: astropy.units.quantity.Quantity
#       unit: *id001
#       value: !astropy.table.SerializedColumn {name: Sky Temperature}
#     Sun Alt:
#       __class__: astropy.units.quantity.Quantity
#       unit: *id002
#       value: !astropy.table.SerializedColumn {name: Sun Alt}
#     time:
#       __class__: astropy.time.core.Time
#       format: isot
#       in_subfmt: '*'
#       out_subfmt: '*'
#       precision: 3
#       scale: utc
#       value: !astropy.table.SerializedColumn {name: time}
# schema: astropy-2.0
time,Enclosure Temperature,Sky Temperature,Frequency,MSAS,ZP,Sequence Number,Sun Alt,Moon Alt,Moon Illumination
[from data line 7715]
2025-04-13T00:46:55.000,15.08,0.18,33.97,16.47,20.3,117947,-37.6,35.0,1.0
2025-04-13T00:47:55.000,15.0,0.18,33.53,16.49,20.3,117948,-37.54,34.0,1.0
2025-04-13T00:48:55.000,15.11,0.21,35.07,16.44,20.3,117949,-37.48,34.0,1.0
2025-04-13T00:49:55.000,15.02,0.39,36.09,16.41,20.3,117950,-37.43,34.0,1.0
2025-04-13T00:50:56.000,15.08,0.57,36.22,16.4,20.3,117951,-37.37,34.0,1.0
2025-04-13T00:51:56.000,15.12,0.8,39.61,16.31,20.3,117952,-37.31,34.0,1.0
2025-04-13T00:52:56.000,15.01,0.67,42.4,16.23,20.3,117953,-37.24,34.0,1.0
2025-04-13T00:53:56.000,15.09,0.35,42.96,16.22,20.3,117954,-37.18,34.0,1.0
2025-04-13T00:54:56.000,15.07,0.21,36.23,16.4,20.3,117955,-37.12,34.0,1.0
2025-04-13T00:55:56.000,15.01,-0.23,31.52,16.55,20.3,117956,-37.06,34.0,1.0
2025-04-13T00:56:56.000,15.01,-0.92,33.63,16.48,20.3,117957,-36.99,34.0,1.0
2025-04-13T00:57:56.000,15.03,-1.05,30.48,16.59,20.3,117958,-36.93,34.0,1.0
2025-04-13T00:58:57.000,15.01,-1.64,26.83,16.73,20.3,117959,-36.86,34.0,1.0
2025-04-13T00:59:57.000,15.05,-1.83,27.29,16.71,20.3,117960,-36.79,34.0,1.0
2025-04-13T01:00:57.000,15.02,-2.06,31.11,16.57,20.3,117961,-36.72,34.0,1.0
2025-04-13T01:01:57.000,14.99,-2.16,31.45,16.56,20.3,117962,-36.65,34.0,1.0
2025-04-13T01:02:57.000,15.1,-2.19,30.21,16.6,20.3,117963,-36.58,33.0,1.0
2025-04-13T01:03:57.000,15.02,-2.26,26.49,16.74,20.3,117964,-36.51,33.0,1.0
2025-04-13T01:04:57.000,15.06,-2.47,24.23,16.84,20.3,117965,-36.44,33.0,1.0
2025-04-13T01:05:57.000,15.05,-2.5,22.47,16.92,20.3,117966,-36.37,33.0,1.0
2025-04-13T01:06:58.000,15.02,-2.7,22.29,16.93,20.3,117967,-36.29,33.0,1.0
2025-04-13T01:07:58.000,15.06,-2.34,23.13,16.89,20.3,117968,-36.22,33.0,1.0
2025-04-13T01:08:58.000,15.05,-1.82,25.63,16.78,20.3,117969,-36.14,33.0,1.0
2025-04-13T01:09:58.000,15.07,-1.34,27.95,16.68,20.3,117970,-36.07,33.0,1.0
2025-04-13T01:10:58.000,15.0,-1.38,28.03,16.68,20.3,117971,-35.99,33.0,1.0
2025-04-13T01:11:58.000,15.13,-0.97,29.34,16.63,20.3,117972,-35.91,33.0,1.0
2025-04-13T01:12:58.000,15.0,-0.92,30.08,16.6,20.3,117973,-35.83,33.0,1.0
2025-04-13T01:13:58.000,15.09,-0.91,30.05,16.61,20.3,117974,-35.75,33.0,1.0
2025-04-13T01:14:59.000,15.03,-0.71,30.22,16.6,20.3,117975,-35.67,33.0,1.0
2025-04-13T01:15:59.000,15.06,-0.78,27.22,16.71,20.3,117976,-35.59,32.0,1.0
2025-04-13T01:16:59.000,15.01,-0.88,23.82,16.86,20.3,117977,-35.51,32.0,1.0
2025-04-13T01:17:59.000,15.08,-1.02,22.47,16.92,20.3,117978,-35.43,32.0,1.0
2025-04-13T01:18:59.000,15.05,-0.9,22.81,16.9,20.3,117979,-35.34,32.0,1.0
2025-04-13T01:19:59.000,15.06,-0.85,24.79,16.81,20.3,117980,-35.26,32.0,1.0
2025-04-13T01:20:59.000,15.14,-0.45,25.57,16.78,20.3,117981,-35.17,32.0,1.0
2025-04-13T01:21:59.000,15.01,-0.37,26.36,16.75,20.3,117982,-35.09,32.0,1.0
2025-04-13T01:22:59.000,15.08,-0.38,31.2,16.57,20.3,117983,-35.0,32.0,1.0
2025-04-13T01:24:00.000,15.03,-0.09,34.24,16.46,20.3,117984,-34.91,32.0,1.0
2025-04-13T01:25:00.000,15.05,-0.15,34.99,16.44,20.3,117985,-34.82,32.0,1.0
2025-04-13T01:26:00.000,15.06,-0.05,34.05,16.47,20.3,117986,-34.73,32.0,1.0
2025-04-13T01:27:00.000,15.02,-0.31,32.87,16.51,20.3,117987,-34.64,32.0,1.0
2025-04-13T01:28:00.000,15.01,-0.4,32.54,16.52,20.3,117988,-34.55,31.0,1.0
2025-04-13T01:29:00.000,15.01,-0.58,31.36,16.56,20.3,117989,-34.46,31.0,1.0
2025-04-13T01:30:00.000,15.02,-0.68,30.06,16.61,20.3,117990,-34.36,31.0,1.0
2025-04-13T01:31:00.000,15.02,-0.78,28.06,16.68,20.3,117991,-34.27,31.0,1.0
2025-04-13T01:32:01.000,15.04,-0.86,26.82,16.73,20.3,117992,-34.18,31.0,1.0
2025-04-13T01:33:01.000,15.04,-1.18,26.65,16.74,20.3,117993,-34.08,31.0,1.0
2025-04-13T01:34:01.000,15.05,-0.99,26.74,16.73,20.3,117994,-33.98,31.0,1.0
2025-04-13T01:35:01.000,15.02,-0.95,26.64,16.74,20.3,117995,-33.89,31.0,1.0
2025-04-13T01:36:01.000,15.02,-0.86,26.46,16.74,20.3,117996,-33.79,31.0,1.0
2025-04-13T01:37:01.000,15.04,-0.57,25.97,16.76,20.3,117997,-33.69,31.0,1.0
2025-04-13T01:38:01.000,15.04,-0.62,26.13,16.76,20.3,117998,-33.59,30.0,1.0
2025-04-13T01:39:01.000,15.06,-0.37,26.55,16.74,20.3,117999,-33.49,30.0,1.0
2025-04-13T01:40:01.000,15.03,-0.27,26.71,16.73,20.3,118000,-33.39,30.0,1.0
2025-04-13T01:41:02.000,15.08,0.0,27.29,16.71,20.3,118001,-33.29,30.0,1.0
2025-04-13T01:42:02.000,15.02,0.08,28.09,16.68,20.3,118002,-33.19,30.0,1.0
2025-04-13T01:43:02.000,15.09,0.33,28.5,16.66,20.3,118003,-33.09,30.0,1.0
2025-04-13T01:44:02.000,15.01,0.43,29.32,16.63,20.3,118004,-32.98,30.0,1.0
2025-04-13T01:45:02.000,15.07,0.47,30.51,16.59,20.3,118005,-32.88,30.0,1.0
2025-04-13T01:46:02.000,15.0,0.5,31.43,16.56,20.3,118006,-32.77,30.0,1.0
2025-04-13T01:47:02.000,15.1,0.39,31.8,16.54,20.3,118007,-32.67,30.0,1.0
2025-04-13T01:48:02.000,14.99,0.07,31.17,16.57,20.3,118008,-32.56,29.0,1.0
2025-04-13T01:49:03.000,15.1,-0.02,30.97,16.57,20.3,118009,-32.45,29.0,1.0
2025-04-13T01:50:03.000,15.0,-0.17,28.11,16.68,20.3,118010,-32.35,29.0,1.0
2025-04-13T01:51:03.000,15.09,-0.49,27.43,16.7,20.3,118011,-32.24,29.0,1.0
2025-04-13T01:52:03.000,15.06,-0.48,26.45,16.74,20.3,118012,-32.13,29.0,1.0
2025-04-13T01:53:03.000,15.03,-0.81,25.78,16.77,20.3,118013,-32.02,29.0,1.0
2025-04-13T01:54:03.000,15.06,-0.69,23.81,16.86,20.3,118014,-31.91,29.0,1.0
2025-04-13T01:55:03.000,15.01,-0.87,22.54,16.92,20.3,118015,-31.8,29.0,1.0
2025-04-13T01:56:04.000,15.01,-0.87,22.68,16.91,20.3,118016,-31.68,29.0,1.0
2025-04-13T01:57:04.000,15.06,-0.96,22.57,16.92,20.3,118017,-31.57,28.0,1.0
2025-04-13T01:58:04.000,14.99,-0.96,22.56,16.92,20.3,118018,-31.46,28.0,1.0
2025-04-13T01:59:04.000,15.12,-0.82,23.17,16.89,20.3,118019,-31.35,28.0,1.0
2025-04-13T02:00:04.000,14.99,-0.74,24.52,16.83,20.3,118020,-31.23,28.0,1.0
2025-04-13T02:01:04.000,15.1,-0.54,25.78,16.77,20.3,118021,-31.12,28.0,1.0
2025-04-13T02:02:04.000,15.0,-0.4,26.59,16.74,20.3,118022,-31.0,28.0,1.0
2025-04-13T02:03:04.000,15.06,-0.31,27.42,16.7,20.3,118023,-30.88,28.0,1.0
2025-04-13T02:04:05.000,15.0,-0.39,26.95,16.72,20.3,118024,-30.77,28.0,1.0
2025-04-13T02:05:05.000,15.08,-0.21,26.31,16.75,20.3,118025,-30.65,28.0,1.0
2025-04-13T02:06:05.000,15.0,-0.28,26.24,16.75,20.3,118026,-30.53,27.0,1.0
2025-04-13T02:07:05.000,15.04,-0.22,26.28,16.75,20.3,118027,-30.41,27.0,1.0
2025-04-13T02:08:05.000,15.04,-0.17,25.8,16.77,20.3,118028,-30.29,27.0,1.0
2025-04-13T02:09:05.000,15.07,-0.05,24.81,16.81,20.3,118029,-30.17,27.0,1.0
2025-04-13T02:10:05.000,15.02,-0.11,24.69,16.82,20.3,118030,-30.05,27.0,1.0
2025-04-13T02:11:05.000,15.13,0.08,25.69,16.78,20.3,118031,-29.93,27.0,1.0
2025-04-13T02:12:06.000,14.99,-0.02,25.75,16.77,20.3,118032,-29.8,27.0,1.0
2025-04-13T02:13:06.000,15.1,-0.08,25.25,16.79,20.3,118033,-29.68,27.0,1.0
2025-04-13T02:14:06.000,15.01,0.01,25.75,16.77,20.3,118034,-29.56,27.0,1.0
2025-04-13T02:15:06.000,15.03,-0.34,25.8,16.77,20.3,118035,-29.43,26.0,1.0
2025-04-13T02:16:06.000,15.0,-0.36,25.46,16.79,20.3,118036,-29.31,26.0,1.0
2025-04-13T02:17:06.000,15.06,-0.42,24.19,16.84,20.3,118037,-29.19,26.0,1.0
2025-04-13T02:18:06.000,14.99,-0.37,23.82,16.86,20.3,118038,-29.06,26.0,1.0
2025-04-13T02:19:06.000,15.07,-0.31,23.51,16.87,20.3,118039,-28.93,26.0,1.0
2025-04-13T02:20:06.000,15.0,-0.4,22.28,16.93,20.3,118040,-28.81,26.0,1.0
2025-04-13T02:21:07.000,15.06,-0.47,21.02,16.99,20.3,118041,-28.68,26.0,1.0
2025-04-13T02:22:07.000,15.03,-0.58,20.27,17.03,20.3,118042,-28.55,26.0,1.0
2025-04-13T02:23:07.000,15.06,-0.63,20.39,17.03,20.3,118043,-28.42,25.0,1.0
2025-04-13T02:24:07.000,15.01,-0.76,20.7,17.01,20.3,118044,-28.29,25.0,1.0
2025-04-13T02:25:07.000,14.98,-0.46,20.67,17.01,20.3,118045,-28.16,25.0,1.0
2025-04-13T02:26:07.000,15.13,-0.04,21.16,16.99,20.3,118046,-28.03,25.0,1.0
2025-04-13T02:27:07.000,15.05,0.13,21.98,16.95,20.3,118047,-27.9,25.0,1.0
2025-04-13T02:28:07.000,15.05,0.14,22.77,16.91,20.3,118048,-27.77,25.0,1.0
2025-04-13T02:29:07.000,15.04,0.3,23.03,16.89,20.3,118049,-27.64,25.0,1.0
2025-04-13T02:30:08.000,15.04,0.12,23.48,16.87,20.3,118050,-27.5,25.0,0.999
2025-04-13T02:31:08.000,14.99,0.01,23.39,16.88,20.3,118051,-27.37,24.0,0.999
2025-04-13T02:32:08.000,15.12,0.26,23.08,16.89,20.3,118052,-27.24,24.0,0.999
2025-04-13T02:33:08.000,15.03,0.34,23.15,16.89,20.3,118053,-27.1,24.0,0.999
2025-04-13T02:34:08.000,15.07,0.26,23.24,16.88,20.3,118054,-26.97,24.0,0.999
2025-04-13T02:35:08.000,15.06,0.37,23.22,16.89,20.3,118055,-26.83,24.0,0.999
2025-04-13T02:36:08.000,15.03,0.47,23.26,16.88,20.3,118056,-26.7,24.0,0.999
2025-04-13T02:37:09.000,15.01,0.43,22.86,16.9,20.3,118057,-26.56,24.0,0.999
2025-04-13T02:38:09.000,15.06,0.4,22.45,16.92,20.3,118058,-26.42,23.0,0.999
2025-04-13T02:39:09.000,15.0,0.1,21.9,16.95,20.3,118059,-26.29,23.0,0.999
2025-04-13T02:40:09.000,15.1,-0.02,21.47,16.97,20.3,118060,-26.15,23.0,0.999
2025-04-13T02:41:09.000,14.99,-0.24,21.03,16.99,20.3,118061,-26.01,23.0,0.999
2025-04-13T02:42:09.000,15.09,-0.27,21.15,16.99,20.3,118062,-25.87,23.0,0.999
2025-04-13T02:43:09.000,15.0,-0.1,21.07,16.99,20.3,118063,-25.73,23.0,0.999
2025-04-13T02:44:09.000,15.06,-0.12,20.73,17.01,20.3,118064,-25.59,23.0,0.999
2025-04-13T02:45:09.000,15.0,-0.22,21.11,16.99,20.3,118065,-25.45,23.0,0.999
2025-04-13T02:46:09.000,15.1,-0.19,21.46,16.97,20.3,118066,-25.31,22.0,0.999
2025-04-13T02:47:10.000,15.0,-0.27,21.16,16.99,20.3,118067,-25.17,22.0,0.999
2025-04-13T02:48:10.000,15.05,-0.37,20.72,17.01,20.3,118068,-25.03,22.0,0.999
2025-04-13T02:49:10.000,15.0,-0.61,20.56,17.02,20.3,118069,-24.89,22.0,0.999
2025-04-13T02:50:10.000,15.15,0.06,20.42,17.02,20.3,118070,-24.74,22.0,0.999
2025-04-13T02:51:10.000,15.01,0.05,20.13,17.04,20.3,118071,-24.6,22.0,0.999
2025-04-13T02:52:10.000,15.06,-0.19,19.8,17.06,20.3,118072,-24.46,22.0,0.999
2025-04-13T02:53:10.000,15.06,0.12,19.74,17.06,20.3,118073,-24.31,21.0,0.999
2025-04-13T02:54:10.000,15.03,0.03,19.65,17.07,20.3,118074,-24.17,21.0,0.999
2025-04-13T02:55:10.000,15.09,0.27,19.64,17.07,20.3,118075,-24.02,21.0,0.999
2025-04-13T02:56:11.000,15.0,0.31,19.88,17.05,20.3,118076,-23.88,21.0,0.999
2025-04-13T02:57:11.000,15.06,1.05,20.35,17.03,20.3,118077,-23.73,21.0,0.999
2025-04-13T02:58:11.000,15.03,1.82,20.85,17.0,20.3,118078,-23.58,21.0,0.999
2025-04-13T02:59:11.000,15.07,2.51,21.32,16.98,20.3,118079,-23.44,21.0,0.999
2025-04-13T03:00:11.000,15.03,2.77,21.4,16.97,20.3,118080,-23.29,20.0,0.999
2025-04-13T03:01:11.000,15.07,2.86,21.21,16.98,20.3,118081,-23.14,20.0,0.999
2025-04-13T03:02:11.000,15.02,2.78,20.62,17.01,20.3,118082,-23.0,20.0,0.999
2025-04-13T03:03:11.000,15.08,2.66,19.62,17.07,20.3,118083,-22.85,20.0,0.999
2025-04-13T03:04:11.000,14.96,2.03,18.88,17.11,20.3,118084,-22.7,20.0,0.999
2025-04-13T03:05:12.000,15.12,1.64,19.0,17.1,20.3,118085,-22.55,20.0,0.999
2025-04-13T03:06:12.000,15.02,1.51,19.05,17.1,20.3,118086,-22.4,20.0,0.999
2025-04-13T03:07:12.000,15.06,1.43,18.83,17.11,20.3,118087,-22.25,19.0,0.999
2025-04-13T03:08:12.000,14.99,1.24,18.86,17.11,20.3,118088,-22.1,19.0,0.999
2025-04-13T03:09:12.000,15.12,1.27,18.59,17.13,20.3,118089,-21.95,19.0,0.999
2025-04-13T03:10:13.000,14.99,1.16,18.54,17.13,20.3,118090,-21.79,19.0,0.999
2025-04-13T03:11:12.000,15.07,1.02,18.93,17.11,20.3,118091,-21.64,19.0,0.999
2025-04-13T03:12:12.000,14.99,1.18,19.6,17.07,20.3,118092,-21.49,19.0,0.999
2025-04-13T03:13:12.000,15.09,1.14,19.76,17.06,20.3,118093,-21.34,19.0,0.999
2025-04-13T03:14:13.000,15.01,1.24,18.58,17.13,20.3,118094,-21.19,18.0,0.999
2025-04-13T03:15:13.000,15.05,0.78,17.21,17.21,20.3,118095,-21.03,18.0,0.999
2025-04-13T03:16:13.000,14.99,0.47,15.67,17.31,20.3,118096,-20.88,18.0,0.999
2025-04-13T03:17:13.000,15.08,0.13,14.58,17.39,20.3,118097,-20.72,18.0,0.999
2025-04-13T03:18:13.000,15.0,0.16,14.09,17.43,20.3,118098,-20.57,18.0,0.999
2025-04-13T03:19:13.000,15.07,0.14,14.02,17.43,20.3,118099,-20.42,18.0,0.999
2025-04-13T03:20:13.000,15.0,0.57,14.31,17.41,20.3,118100,-20.26,17.0,0.999
2025-04-13T03:21:13.000,15.07,0.7,14.62,17.39,20.3,118101,-20.11,17.0,0.999
2025-04-13T03:22:14.000,15.04,1.22,14.77,17.38,20.3,118102,-19.95,17.0,0.999
2025-04-13T03:23:14.000,15.05,1.2,14.54,17.39,20.3,118103,-19.79,17.0,0.999
2025-04-13T03:24:14.000,15.04,1.36,14.03,17.43,20.3,118104,-19.63,17.0,0.999
2025-04-13T03:25:14.000,15.03,1.19,13.52,17.47,20.3,118105,-19.48,17.0,0.999
2025-04-13T03:26:14.000,15.04,1.57,13.16,17.5,20.3,118106,-19.32,17.0,0.999
2025-04-13T03:27:14.000,15.04,1.56,13.04,17.51,20.3,118107,-19.16,16.0,0.999
2025-04-13T03:28:14.000,15.07,1.68,12.86,17.53,20.3,118108,-19.0,16.0,0.999
2025-04-13T03:29:14.000,15.02,1.56,12.72,17.54,20.3,118109,-18.85,16.0,0.999
2025-04-13T03:30:14.000,15.05,1.87,12.75,17.54,20.3,118110,-18.69,16.0,0.999
2025-04-13T03:31:15.000,15.03,2.26,12.94,17.52,20.3,118111,-18.53,16.0,0.999
2025-04-13T03:32:15.000,15.05,2.86,13.3,17.49,20.3,118112,-18.37,16.0,0.999
2025-04-13T03:33:15.000,15.01,3.19,13.74,17.45,20.3,118113,-18.21,15.0,0.999
2025-04-13T03:34:15.000,15.05,3.79,14.07,17.43,20.3,118114,-18.05,15.0,0.999
2025-04-13T03:35:15.000,15.02,4.2,14.22,17.42,20.3,118115,-17.89,15.0,0.999
2025-04-13T03:36:15.000,15.05,4.7,14.27,17.41,20.3,118116,-17.73,15.0,0.999
2025-04-13T03:37:15.000,15.02,4.87,14.47,17.4,20.3,118117,-17.57,15.0,0.999
2025-04-13T03:38:15.000,15.09,5.31,14.63,17.39,20.3,118118,-17.4,15.0,0.999
2025-04-13T03:39:16.000,15.0,5.5,14.92,17.37,20.3,118119,-17.24,15.0,0.999
2025-04-13T03:40:16.000,15.09,5.5,15.14,17.35,20.3,118120,-17.08,14.0,0.999
2025-04-13T03:41:16.000,14.98,5.42,15.21,17.34,20.3,118121,-16.92,14.0,0.999
2025-04-13T03:42:16.000,15.14,5.4,15.23,17.34,20.3,118122,-16.75,14.0,0.999
2025-04-13T03:43:16.000,15.11,5.32,15.52,17.32,20.3,118123,-16.59,14.0,0.999
2025-04-13T03:44:16.000,15.0,5.08,16.07,17.29,20.3,118124,-16.43,14.0,0.999
2025-04-13T03:45:16.000,15.11,4.79,16.36,17.27,20.3,118125,-16.26,14.0,0.999
2025-04-13T03:46:17.000,15.0,4.36,16.21,17.28,20.3,118126,-16.1,13.0,0.999
2025-04-13T03:47:17.000,15.1,3.68,15.78,17.31,20.3,118127,-15.93,13.0,0.999
2025-04-13T03:48:17.000,15.04,3.05,15.32,17.34,20.3,118128,-15.77,13.0,0.999
2025-04-13T03:49:17.000,15.05,2.32,14.95,17.36,20.3,118129,-15.6,13.0,0.999
2025-04-13T03:50:17.000,15.08,2.13,14.49,17.4,20.3,118130,-15.44,13.0,0.999
2025-04-13T03:51:17.000,15.01,1.75,13.75,17.45,20.3,118131,-15.27,13.0,0.999
2025-04-13T03:52:17.000,15.07,1.54,12.96,17.52,20.3,118132,-15.11,12.0,0.999
2025-04-13T03:53:17.000,15.0,1.12,11.94,17.61,20.3,118133,-14.94,12.0,0.999
2025-04-13T03:54:17.000,15.09,0.85,11.05,17.69,20.3,118134,-14.78,12.0,0.999
2025-04-13T03:55:17.000,15.0,0.35,10.12,17.79,20.3,118135,-14.61,12.0,0.999
2025-04-13T03:56:18.000,15.12,-0.04,9.45,17.86,20.3,118136,-14.44,12.0,0.999
2025-04-13T03:57:18.000,15.0,-0.42,9.26,17.88,20.3,118137,-14.27,12.0,0.999
2025-04-13T03:58:18.000,15.08,-0.67,9.48,17.86,20.3,118138,-14.11,12.0,0.999
2025-04-13T03:59:18.000,15.0,-0.8,9.81,17.82,20.3,118139,-13.94,11.0,0.999
2025-04-13T04:00:18.000,15.05,-1.0,10.07,17.79,20.3,118140,-13.77,11.0,0.999
2025-04-13T04:01:18.000,15.03,-0.95,10.09,17.79,20.3,118141,-13.6,11.0,0.999
2025-04-13T04:02:18.000,15.02,-0.78,10.22,17.78,20.3,118142,-13.44,11.0,0.999
2025-04-13T04:03:18.000,15.05,-0.73,10.57,17.74,20.3,118143,-13.27,11.0,0.999
2025-04-13T04:04:19.000,15.02,-0.36,11.04,17.69,20.3,118144,-13.1,11.0,0.999
2025-04-13T04:05:19.000,15.05,-0.29,11.29,17.67,20.3,118145,-12.93,10.0,0.999
2025-04-13T04:06:19.000,14.96,-0.24,11.69,17.63,20.3,118146,-12.76,10.0,0.999
2025-04-13T04:07:19.000,15.09,-0.01,12.67,17.54,20.3,118147,-12.59,10.0,0.999
2025-04-13T04:08:19.000,14.98,0.23,13.43,17.48,20.3,118148,-12.42,10.0,0.999
2025-04-13T04:09:19.000,15.12,0.42,13.23,17.5,20.3,118149,-12.25,10.0,0.999
2025-04-13T04:10:19.000,15.06,0.74,12.04,17.6,20.3,118150,-12.08,10.0,0.999
2025-04-13T04:11:19.000,15.02,0.52,10.82,17.72,20.3,118151,-11.91,9.0,0.999
2025-04-13T04:12:20.000,15.02,0.32,10.18,17.78,20.3,118152,-11.73,9.0,0.999
2025-04-13T04:13:20.000,15.05,0.2,10.27,17.77,20.3,118153,-11.56,9.0,0.999
2025-04-13T04:14:20.000,14.99,0.25,10.65,17.73,20.3,118154,-11.39,9.0,0.999
2025-04-13T04:15:20.000,15.06,0.29,10.91,17.71,20.3,118155,-11.22,9.0,0.999
2025-04-13T04:16:20.000,15.01,0.41,11.37,17.66,20.3,118156,-11.05,9.0,0.999
