ecsv/stars1/stars1_2025-04.ecsv
# %ECSV 1.0
# ---
# datatype:
# - {name: time, datatype: string}
# - {name: Enclosure Temperature, unit: deg_C, datatype: float64}
# - {name: Sky Temperature, unit: deg_C, datatype: float64}
# - {name: Frequency, unit: Hz, datatype: float64}
# - {name: MSAS, unit: mag / arcsec2, datatype: float64}
# - {name: ZP, datatype: float64}
# - {name: Sequence Number, datatype: int64}
# - {name: Sun Alt, unit: deg, datatype: float64}
# - {name: Moon Alt, unit: deg, datatype: float64}
# - {name: Moon Illumination, datatype: float64}
# delimiter: ','
# meta: !!omap
# - ida:
#     Data supplier: {affiliation: null, observer: "Crist\xF3bal Garc\xEDa"}
#     Device type: TESS-W
#     Field of view: 17.0
#     Filters per channel: None
#     Instrument ID: stars1
#     License: ODbL 1.0 http://opendatacommons.org/licenses/odbl/summary/
#     Local timezone: Europe/Madrid
#     Location name: {country: Spain, place: "Coslada, barrio de La Estaci\xF3n", region: Community of Madrid, sub_region: "\xC1rea metropolitana\
#         \ de Madrid y Corredor del Henares", town: Coslada}
#     Measurement direction per channel: {azimuth: 0.0, zenital: 0.0}
#     Moving / Fixed look direction: FIXED
#     Moving / Stationary position: STATIONARY
#     Number of channels: 1
#     Number of fields per line: 8
#     Number of header lines: 35
#     Position: {height: 0.0, latitude: 40.4246043, longitude: -3.560279}
#     TESS MAC address: 18:FE:34:CF:E9:5A
#     TESS cover offset value: 0.0
#     TESS firmware version: '1.0'
#     TESS zero point: 20.1
#     Time Synchronization: timestamp added by MQTT subscriber
#     URL: http://www.darksky.org/NSBM/sdf1.0.pdf
# - __serialized_columns__:
#     Enclosure Temperature:
#       __class__: astropy.units.quantity.Quantity
#       unit: &id001 !astropy.units.Unit {unit: deg_C}
#       value: !astropy.table.SerializedColumn {name: Enclosure Temperature}
#     Frequency:
#       __class__: astropy.units.quantity.Quantity
#       unit: !astropy.units.Unit {unit: Hz}
#       value: !astropy.table.SerializedColumn {name: Frequency}
#     MSAS:
#       __class__: astropy.units.quantity.Quantity
#       unit: !astropy.units.Unit {unit: mag / arcsec2}
#       value: !astropy.table.SerializedColumn {name: MSAS}
#     Moon Alt:
#       __class__: astropy.units.quantity.Quantity
#       unit: &id002 !astropy.units.Unit {unit: deg}
#       value: !astropy.table.SerializedColumn {name: Moon Alt}
#     Sky Temperature:
#       __class__: astropy.units.quantity.Quantity
#       unit: *id001
#       value: !astropy.table.SerializedColumn {name: Sky Temperature}
#     Sun Alt:
#       __class__: astropy.units.quantity.Quantity
#       unit: *id002
#       value: !astropy.table.SerializedColumn {name: Sun Alt}
#     time:
#       __class__: astropy.time.core.Time
#       format: isot
#       in_subfmt: '*'
#       out_subfmt: '*'
#       precision: 3
#       scale: utc
#       value: !astropy.table.SerializedColumn {name: time}
# schema: astropy-2.0
time,Enclosure Temperature,Sky Temperature,Frequency,MSAS,ZP,Sequence Number,Sun Alt,Moon Alt,Moon Illumination
[from data line 26195]
2025-04-20T05:10:25.000,8.15,1.19,2148.61,11.77,20.1,433323,-4.08,21.0,0.589
2025-04-20T05:10:54.000,8.07,0.68,2446.62,11.63,20.1,433324,-3.99,21.0,0.589
2025-04-20T05:11:24.000,8.01,0.93,2730.27,11.51,20.1,433325,-3.9,21.0,0.589
2025-04-20T05:11:54.000,7.97,0.75,3063.56,11.39,20.1,433326,-3.81,21.0,0.589
2025-04-20T05:12:24.000,7.91,0.45,3415.33,11.27,20.1,433327,-3.72,21.0,0.588
2025-04-20T05:12:56.000,7.81,0.34,3799.7,11.15,20.1,433328,-3.63,21.0,0.588
2025-04-20T05:13:27.000,7.73,0.26,4347.65,11.01,20.1,433329,-3.53,22.0,0.588
2025-04-20T05:13:57.000,7.69,0.33,4869.29,10.88,20.1,433330,-3.44,22.0,0.588
2025-04-20T05:14:27.000,7.67,0.57,5480.89,10.75,20.1,433331,-3.35,22.0,0.588
2025-04-20T05:14:57.000,7.67,0.27,6169.96,10.62,20.1,433332,-3.26,22.0,0.588
2025-04-20T05:15:28.000,7.62,0.31,6857.24,10.51,20.1,433333,-3.17,22.0,0.588
2025-04-20T05:15:58.000,7.62,0.14,7663.11,10.39,20.1,433334,-3.08,22.0,0.588
2025-04-20T05:16:28.000,7.61,0.32,8596.89,10.26,20.1,433335,-2.99,22.0,0.588
2025-04-20T05:16:59.000,7.68,0.46,9523.91,10.15,20.1,433336,-2.89,22.0,0.588
2025-04-20T05:17:29.000,7.71,0.19,10508.39,10.05,20.1,433337,-2.8,22.0,0.588
2025-04-20T05:17:59.000,7.62,-0.43,11480.76,9.95,20.1,433338,-2.71,22.0,0.588
2025-04-20T05:18:30.000,7.59,0.06,12340.09,9.87,20.1,433339,-2.62,22.0,0.588
2025-04-20T05:19:00.000,7.61,0.23,13505.91,9.77,20.1,433340,-2.53,22.0,0.588
2025-04-20T05:19:30.000,7.67,0.43,14645.47,9.69,20.1,433341,-2.44,22.0,0.588
2025-04-20T05:20:01.000,7.67,0.17,15727.16,9.61,20.1,433342,-2.34,22.0,0.588
2025-04-20T05:20:31.000,7.66,0.2,16708.45,9.54,20.1,433343,-2.25,22.0,0.588
2025-04-20T05:21:01.000,7.65,0.41,17686.67,9.48,20.1,433344,-2.16,22.0,0.588
2025-04-20T05:21:31.000,7.68,0.68,18763.51,9.42,20.1,433345,-2.07,22.0,0.588
2025-04-20T05:22:02.000,7.67,0.55,19942.27,9.35,20.1,433346,-1.97,22.0,0.588
2025-04-20T05:22:32.000,7.64,0.74,21227.87,9.28,20.1,433347,-1.88,22.0,0.588
2025-04-20T05:23:02.000,7.6,0.64,22151.64,9.24,20.1,433348,-1.79,22.0,0.588
2025-04-20T05:23:32.000,7.61,0.98,22937.29,9.2,20.1,433349,-1.7,22.0,0.588
2025-04-20T05:24:03.000,7.61,1.06,23945.47,9.15,20.1,433350,-1.61,22.0,0.588
2025-04-20T05:24:33.000,7.64,1.12,25073.02,9.1,20.1,433351,-1.52,22.0,0.588
2025-04-20T05:25:03.000,7.62,0.92,26356.4,9.18,20.1,433352,-1.42,22.0,0.588
2025-04-20T05:25:33.000,7.64,1.38,28688.76,8.96,20.1,433353,-1.33,22.0,0.588
2025-04-20T05:26:03.000,7.71,1.49,30474.22,8.89,20.1,433354,-1.24,22.0,0.588
2025-04-20T05:26:34.000,7.75,1.46,31712.4,8.85,20.1,433355,-1.15,22.0,0.588
2025-04-20T05:27:04.000,7.79,1.39,33901.73,8.77,20.1,433356,-1.06,22.0,0.587
2025-04-20T05:27:34.000,7.81,1.4,37415.82,8.67,20.1,433357,-0.96,22.0,0.587
2025-04-20T05:28:04.000,7.77,1.24,39363.38,8.61,20.1,433358,-0.87,22.0,0.587
2025-04-20T05:28:35.000,7.81,1.64,42177.42,8.54,20.1,433359,-0.78,22.0,0.587
2025-04-20T05:29:05.000,7.88,1.73,45060.45,8.47,20.1,433360,-0.69,22.0,0.587
2025-04-20T05:29:35.000,7.93,1.53,48006.98,8.4,20.1,433361,-0.6,22.0,0.587
2025-04-20T05:30:05.000,7.93,1.6,51232.8,8.33,20.1,433362,-0.5,22.0,0.587
2025-04-20T05:30:36.000,7.99,1.91,54870.67,8.25,20.1,433363,-0.41,22.0,0.587
2025-04-20T05:31:06.000,8.04,1.45,58499.6,8.18,20.1,433364,-0.32,22.0,0.587
2025-04-20T05:31:36.000,7.99,1.35,56719.55,7.39,20.1,433365,-0.23,22.0,0.587
2025-04-20T05:32:06.000,8.0,1.34,0.0,0.0,20.1,433366,-0.13,22.0,0.587
2025-04-20T05:32:36.000,7.97,1.53,0.0,0.0,20.1,433367,-0.04,22.0,0.587
2025-04-20T05:33:07.000,8.05,1.82,0.0,0.0,20.1,433368,0.05,22.0,0.587
2025-04-20T05:39:39.000,8.12,1.73,0.0,0.0,20.1,433381,1.26,22.0,0.587
2025-04-20T05:40:09.000,8.14,1.75,0.0,0.0,20.1,433382,1.35,22.0,0.587
2025-04-20T05:40:40.000,8.17,2.2,0.0,0.0,20.1,433383,1.44,22.0,0.587
2025-04-20T05:41:40.000,8.31,2.28,0.92,0.36,20.1,433385,1.63,22.0,0.586
2025-04-20T05:42:10.000,8.35,2.02,0.0,0.0,20.1,433386,1.72,22.0,0.586
2025-04-20T05:42:40.000,8.37,1.93,0.0,0.0,20.1,433387,1.81,22.0,0.586
2025-04-20T05:43:11.000,8.28,1.31,1.06,0.35,20.1,433388,1.91,22.0,0.586
2025-04-20T05:43:41.000,8.19,1.39,0.0,0.0,20.1,433389,2.0,22.0,0.586
2025-04-20T05:44:11.000,8.12,1.34,0.0,0.0,20.1,433390,2.1,22.0,0.586
2025-04-20T05:44:42.000,8.09,1.69,0.0,0.0,20.1,433391,2.19,22.0,0.586
2025-04-20T07:30:10.000,13.1,-5.48,0.0,0.0,20.1,433599,22.13,19.0,0.579
2025-04-20T07:30:40.000,13.18,-5.59,0.0,0.0,20.1,433600,22.23,19.0,0.579
2025-04-20T07:31:10.000,13.37,-4.23,0.0,0.0,20.1,433601,22.32,19.0,0.579
2025-04-20T07:32:10.000,13.99,-4.37,0.0,0.0,20.1,433603,22.51,19.0,0.579
2025-04-20T07:32:41.000,14.14,-3.88,0.0,0.0,20.1,433604,22.61,19.0,0.579
2025-04-20T07:33:11.000,14.26,-4.81,0.0,0.0,20.1,433605,22.71,19.0,0.579
2025-04-20T09:52:54.000,19.84,4.57,0.0,0.0,20.1,433882,47.86,3.0,0.569
2025-04-20T09:53:24.000,20.37,7.33,0.0,0.0,20.1,433883,47.94,3.0,0.569
2025-04-20T09:53:55.000,21.15,8.95,0.0,0.0,20.1,433884,48.02,3.0,0.569
2025-04-20T09:54:56.000,22.22,6.03,0.0,0.0,20.1,433886,48.18,3.0,0.569
2025-04-20T09:55:26.000,22.16,4.92,0.0,0.0,20.1,433887,48.26,3.0,0.569
2025-04-20T09:55:57.000,22.03,3.92,0.0,0.0,20.1,433888,48.34,3.0,0.569
2025-04-20T10:49:14.000,21.09,7.73,0.0,0.0,20.1,433993,55.84,-5.0,0.565
2025-04-20T10:49:44.000,21.19,9.65,0.0,0.0,20.1,433994,55.9,-5.0,0.565
2025-04-20T10:50:14.000,21.37,9.7,0.0,0.0,20.1,433995,55.96,-5.0,0.565
2025-04-20T10:51:19.000,21.12,9.22,0.0,0.0,20.1,433997,56.08,-5.0,0.565
2025-04-20T10:51:50.000,21.77,12.1,0.0,0.0,20.1,433998,56.14,-5.0,0.565
2025-04-20T10:52:20.000,21.72,9.08,0.0,0.0,20.1,433999,56.2,-5.0,0.565
2025-04-20T11:53:02.000,15.52,7.22,0.0,0.0,20.1,434119,60.94,-15.0,0.56
2025-04-20T11:53:32.000,15.46,3.65,0.0,0.0,20.1,434120,60.95,-15.0,0.56
2025-04-20T11:54:03.000,15.4,6.57,0.0,0.0,20.1,434121,60.97,-15.0,0.56
2025-04-20T11:55:08.000,16.17,8.22,0.0,0.0,20.1,434123,61.0,-16.0,0.56
2025-04-20T11:55:39.000,16.21,4.61,0.0,0.0,20.1,434124,61.02,-16.0,0.56
2025-04-20T11:56:09.000,15.92,6.04,0.0,0.0,20.1,434125,61.03,-16.0,0.56
2025-04-20T13:12:22.000,22.52,15.12,0.0,0.0,20.1,434276,58.46,-29.0,0.555
2025-04-20T13:12:52.000,22.98,15.45,0.0,0.0,20.1,434277,58.41,-29.0,0.555
2025-04-20T13:13:22.000,23.73,16.29,0.0,0.0,20.1,434278,58.37,-29.0,0.555
2025-04-20T13:14:22.000,24.43,15.88,0.0,0.0,20.1,434280,58.27,-29.0,0.555
2025-04-20T13:14:52.000,24.43,9.15,0.0,0.0,20.1,434281,58.23,-29.0,0.555
2025-04-20T13:15:23.000,22.99,3.14,0.0,0.0,20.1,434282,58.18,-29.0,0.554
2025-04-20T13:36:30.000,19.2,5.82,0.0,0.0,20.1,434323,55.92,-33.0,0.553
2025-04-20T13:37:00.000,19.54,6.01,0.0,0.0,20.1,434324,55.86,-33.0,0.553
2025-04-20T13:37:31.000,20.13,8.99,0.0,0.0,20.1,434325,55.8,-33.0,0.553
2025-04-20T13:38:32.000,21.55,9.28,0.0,0.0,20.1,434327,55.68,-34.0,0.553
2025-04-20T13:39:03.000,21.7,5.63,0.0,0.0,20.1,434328,55.62,-34.0,0.553
2025-04-20T13:39:33.000,21.61,4.74,0.0,0.0,20.1,434329,55.56,-34.0,0.553
2025-04-20T14:26:22.000,28.24,1.52,0.0,0.0,20.1,434422,48.99,-42.0,0.549
2025-04-20T14:26:52.000,27.41,1.89,0.0,0.0,20.1,434423,48.91,-42.0,0.549
2025-04-20T14:27:22.000,26.95,2.14,0.0,0.0,20.1,434424,48.84,-42.0,0.549
2025-04-20T14:28:53.000,28.18,8.98,0.0,0.0,20.1,434427,48.6,-43.0,0.549
2025-04-20T14:29:23.000,28.56,7.15,0.0,0.0,20.1,434428,48.52,-43.0,0.549
2025-04-20T14:29:53.000,28.55,8.04,0.0,0.0,20.1,434429,48.44,-43.0,0.549
2025-04-20T14:37:26.000,24.72,5.53,0.0,0.0,20.1,434444,47.24,-44.0,0.549
2025-04-20T14:37:56.000,25.04,7.29,0.0,0.0,20.1,434445,47.15,-44.0,0.549
2025-04-20T14:38:26.000,25.62,8.71,0.0,0.0,20.1,434446,47.07,-44.0,0.549
2025-04-20T14:39:32.000,25.9,6.33,0.0,0.0,20.1,434448,46.9,-45.0,0.549
2025-04-20T14:40:02.000,26.0,8.03,0.0,0.0,20.1,434449,46.81,-45.0,0.548
2025-04-20T14:40:32.000,26.34,9.44,0.0,0.0,20.1,434450,46.73,-45.0,0.548
2025-04-20T16:43:48.000,17.96,2.17,0.0,0.0,20.1,434694,24.53,-66.0,0.54
2025-04-20T16:44:18.000,18.18,3.4,0.0,0.0,20.1,434695,24.43,-66.0,0.54
2025-04-20T16:44:48.000,18.4,3.7,0.0,0.0,20.1,434696,24.34,-66.0,0.54
2025-04-20T16:45:48.000,19.19,5.2,0.0,0.0,20.1,434698,24.15,-66.0,0.539
2025-04-20T16:46:18.000,19.5,4.34,0.0,0.0,20.1,434699,24.05,-66.0,0.539
2025-04-20T16:46:48.000,19.64,3.14,0.0,0.0,20.1,434700,23.96,-66.0,0.539
2025-04-20T18:16:36.000,16.04,0.49,0.0,0.0,20.1,434879,6.94,-75.0,0.533
2025-04-20T18:17:06.000,16.03,-0.44,0.0,0.0,20.1,434880,6.84,-75.0,0.533
2025-04-20T18:17:36.000,15.91,-0.08,0.0,0.0,20.1,434881,6.75,-75.0,0.533
2025-04-20T18:18:06.000,15.96,0.65,0.67,0.36,20.1,434882,6.66,-75.0,0.533
2025-04-20T18:18:36.000,16.03,0.94,0.0,0.0,20.1,434883,6.56,-75.0,0.533
2025-04-20T18:19:06.000,16.1,1.36,0.0,0.0,20.1,434884,6.47,-75.0,0.533
2025-04-20T18:19:36.000,16.09,0.84,0.0,0.0,20.1,434885,6.38,-75.0,0.533
2025-04-20T18:22:07.000,16.27,3.56,0.0,0.0,20.1,434890,5.91,-75.0,0.533
2025-04-20T18:22:38.000,16.34,3.69,0.0,0.0,20.1,434891,5.81,-75.0,0.533
2025-04-20T18:23:08.000,16.22,3.26,0.0,0.0,20.1,434892,5.71,-75.0,0.533
2025-04-20T18:23:39.000,16.24,4.8,0.32,0.17,20.1,434893,5.62,-75.0,0.532
2025-04-20T18:24:09.000,16.21,4.57,0.0,0.0,20.1,434894,5.52,-75.0,0.532
2025-04-20T18:24:39.000,16.2,5.42,0.0,0.0,20.1,434895,5.43,-75.0,0.532
2025-04-20T18:25:09.000,16.15,5.51,0.54,0.19,20.1,434896,5.34,-75.0,0.532
2025-04-20T18:25:40.000,16.11,6.2,0.0,0.0,20.1,434897,5.24,-75.0,0.532
2025-04-20T18:26:10.000,16.21,6.81,0.0,0.0,20.1,434898,5.15,-75.0,0.532
2025-04-20T18:26:40.000,16.09,5.58,0.0,0.0,20.1,434899,5.06,-75.0,0.532
2025-04-20T18:27:10.000,15.97,5.98,0.41,0.18,20.1,434900,4.96,-75.0,0.532
2025-04-20T18:27:41.000,15.95,6.5,0.0,0.0,20.1,434901,4.87,-75.0,0.532
2025-04-20T18:28:11.000,16.0,6.64,0.0,0.0,20.1,434902,4.77,-75.0,0.532
2025-04-20T18:28:41.000,16.04,6.48,0.0,0.0,20.1,434903,4.68,-75.0,0.532
2025-04-20T18:43:16.000,16.02,7.22,0.0,0.0,20.1,434932,1.97,-74.0,0.531
2025-04-20T18:43:46.000,16.05,7.37,0.0,0.0,20.1,434933,1.88,-74.0,0.531
2025-04-20T18:44:16.000,16.1,7.26,0.0,0.0,20.1,434934,1.79,-74.0,0.531
2025-04-20T18:44:46.000,16.1,7.24,1.02,0.35,20.1,434935,1.7,-74.0,0.531
2025-04-20T18:45:16.000,16.17,7.44,0.0,0.0,20.1,434936,1.6,-74.0,0.531
2025-04-20T18:45:47.000,16.15,6.84,0.0,0.0,20.1,434937,1.51,-74.0,0.531
2025-04-20T18:46:17.000,16.13,7.17,0.0,0.0,20.1,434938,1.42,-74.0,0.531
2025-04-20T18:50:18.000,16.14,7.07,0.0,0.0,20.1,434946,0.68,-74.0,0.531
2025-04-20T18:50:49.000,16.18,7.23,0.0,0.0,20.1,434947,0.58,-74.0,0.531
2025-04-20T18:51:19.000,16.21,7.02,0.0,0.0,20.1,434948,0.49,-74.0,0.53
2025-04-20T18:51:49.000,16.2,6.95,0.95,0.35,20.1,434949,0.4,-74.0,0.53
2025-04-20T18:52:19.000,16.19,6.99,0.0,0.0,20.1,434950,0.31,-73.0,0.53
2025-04-20T18:52:49.000,16.19,7.0,0.0,0.0,20.1,434951,0.22,-73.0,0.53
2025-04-20T18:53:19.000,16.21,7.14,0.0,0.0,20.1,434952,0.12,-73.0,0.53
2025-04-20T18:53:50.000,16.19,6.83,0.0,0.0,20.1,434953,0.03,-73.0,0.53
2025-04-20T18:54:20.000,16.21,7.17,0.0,0.0,20.1,434954,-0.06,-73.0,0.53
2025-04-20T18:54:50.000,16.2,7.01,0.0,0.0,20.1,434955,-0.15,-73.0,0.53
2025-04-20T18:55:20.000,16.23,7.29,18591.2,2.33,20.1,434956,-0.25,-73.0,0.53
2025-04-20T18:55:51.000,16.27,7.25,61457.11,8.13,20.1,434957,-0.34,-73.0,0.53
2025-04-20T18:56:21.000,16.27,7.11,58709.46,8.18,20.1,434958,-0.43,-73.0,0.53
2025-04-20T18:56:51.000,16.26,6.97,56936.8,8.21,20.1,434959,-0.52,-73.0,0.53
2025-04-20T18:57:21.000,16.26,7.17,54186.71,8.27,20.1,434960,-0.61,-73.0,0.53
2025-04-20T18:57:51.000,16.24,6.96,52156.04,8.31,20.1,434961,-0.71,-73.0,0.53
2025-04-20T18:58:22.000,16.25,7.23,50735.33,8.34,20.1,434962,-0.8,-73.0,0.53
2025-04-20T18:58:52.000,16.26,7.22,48721.29,8.38,20.1,434963,-0.89,-73.0,0.53
2025-04-20T18:59:22.000,16.24,6.62,45610.0,8.45,20.1,434964,-0.98,-73.0,0.53
2025-04-20T18:59:52.000,16.08,6.26,41379.29,8.56,20.1,434965,-1.07,-73.0,0.53
2025-04-20T19:00:23.000,15.99,6.55,36629.42,8.69,20.1,434966,-1.17,-73.0,0.53
2025-04-20T19:00:53.000,15.95,7.0,31963.73,8.84,20.1,434967,-1.26,-73.0,0.53
2025-04-20T19:01:23.000,15.91,6.42,29827.6,8.91,20.1,434968,-1.35,-73.0,0.53
2025-04-20T19:01:53.000,15.83,6.77,29891.09,8.91,20.1,434969,-1.44,-73.0,0.53
2025-04-20T19:02:23.000,15.83,6.87,29899.73,8.91,20.1,434970,-1.53,-73.0,0.53
2025-04-20T19:02:54.000,15.83,6.88,29188.76,8.94,20.1,434971,-1.63,-73.0,0.53
2025-04-20T19:03:24.000,15.81,6.63,28027.51,8.98,20.1,434972,-1.72,-72.0,0.53
2025-04-20T19:03:54.000,15.71,6.3,24446.59,9.55,20.1,434973,-1.81,-72.0,0.53
2025-04-20T19:04:24.000,15.7,6.46,24010.4,9.15,20.1,434974,-1.9,-72.0,0.53
2025-04-20T19:04:54.000,15.64,6.2,22388.58,9.23,20.1,434975,-1.99,-72.0,0.53
2025-04-20T19:05:25.000,15.56,5.58,21174.84,9.29,20.1,434976,-2.08,-72.0,0.529
2025-04-20T19:05:55.000,15.42,5.47,20868.89,9.3,20.1,434977,-2.17,-72.0,0.529
2025-04-20T19:06:25.000,15.38,5.76,20649.47,9.31,20.1,434978,-2.26,-72.0,0.529
2025-04-20T19:06:55.000,15.39,5.77,19686.93,9.36,20.1,434979,-2.35,-72.0,0.529
2025-04-20T19:07:26.000,15.41,5.73,18598.18,9.43,20.1,434980,-2.45,-72.0,0.529
2025-04-20T19:07:56.000,15.42,5.36,17342.53,9.5,20.1,434981,-2.54,-72.0,0.529
2025-04-20T19:08:26.000,15.4,5.29,16116.0,9.58,20.1,434982,-2.63,-72.0,0.529
2025-04-20T19:08:56.000,15.43,5.86,14920.13,9.67,20.1,434983,-2.72,-72.0,0.529
2025-04-20T19:09:26.000,15.5,5.74,13836.09,9.75,20.1,434984,-2.81,-72.0,0.529
2025-04-20T19:09:56.000,15.53,5.63,12673.11,9.84,20.1,434985,-2.9,-72.0,0.529
2025-04-20T19:10:27.000,15.52,5.31,11502.8,9.95,20.1,434986,-2.99,-72.0,0.529
2025-04-20T19:10:57.000,15.53,5.64,10485.38,10.05,20.1,434987,-3.08,-72.0,0.529
2025-04-20T19:11:27.000,15.4,4.17,9643.38,10.14,20.1,434988,-3.17,-72.0,0.529
2025-04-20T19:11:57.000,15.21,4.39,8920.31,10.22,20.1,434989,-3.26,-72.0,0.529
2025-04-20T19:12:28.000,15.22,5.33,8274.4,10.31,20.1,434990,-3.36,-71.0,0.529
2025-04-20T19:12:58.000,15.27,4.86,7699.87,10.38,20.1,434991,-3.45,-71.0,0.529
2025-04-20T19:13:28.000,15.2,4.34,7070.62,10.48,20.1,434992,-3.54,-71.0,0.529
2025-04-20T19:13:58.000,15.13,4.29,6413.87,10.58,20.1,434993,-3.63,-71.0,0.529
2025-04-20T19:14:29.000,15.09,4.52,5832.04,10.69,20.1,434994,-3.72,-71.0,0.529
2025-04-20T19:15:00.000,15.09,4.69,5227.38,10.8,20.1,434995,-3.81,-71.0,0.529
2025-04-20T19:15:30.000,15.17,4.93,4668.27,10.93,20.1,434996,-3.9,-71.0,0.529
2025-04-20T19:16:00.000,15.19,4.67,4212.09,11.04,20.1,434997,-3.99,-71.0,0.529
2025-04-20T19:16:30.000,15.12,4.34,3807.51,11.15,20.1,434998,-4.08,-71.0,0.529
2025-04-20T19:17:00.000,15.06,4.31,3460.89,11.25,20.1,434999,-4.17,-71.0,0.529
2025-04-20T19:17:31.000,15.0,4.45,3140.22,11.36,20.1,435000,-4.27,-71.0,0.529
2025-04-20T19:18:01.000,15.06,5.05,2835.78,11.47,20.1,435001,-4.35,-71.0,0.529
2025-04-20T19:18:31.000,15.05,4.56,2547.64,11.59,20.1,435002,-4.44,-71.0,0.529
2025-04-20T19:19:01.000,15.04,4.81,2288.53,11.7,20.1,435003,-4.53,-71.0,0.528
2025-04-20T19:19:32.000,15.03,4.62,2061.64,11.81,20.1,435004,-4.63,-71.0,0.528
2025-04-20T19:20:02.000,15.0,4.53,1869.78,11.92,20.1,435005,-4.72,-71.0,0.528
2025-04-20T19:20:32.000,15.01,4.7,1698.53,12.03,20.1,435006,-4.81,-71.0,0.528
2025-04-20T19:21:02.000,14.99,4.37,1541.07,12.13,20.1,435007,-4.89,-70.0,0.528
2025-04-20T19:21:33.000,15.0,4.79,1393.82,12.24,20.1,435008,-4.99,-70.0,0.528
2025-04-20T19:22:03.000,15.11,4.97,1260.0,12.35,20.1,435009,-5.08,-70.0,0.528
2025-04-20T19:22:33.000,15.16,4.46,1146.93,12.45,20.1,435010,-5.17,-70.0,0.528
2025-04-20T19:23:03.000,15.19,4.54,1058.84,12.54,20.1,435011,-5.25,-70.0,0.528
2025-04-20T19:23:34.000,15.21,4.17,973.73,12.63,20.1,435012,-5.35,-70.0,0.528
2025-04-20T19:24:04.000,15.2,3.82,886.36,12.73,20.1,435013,-5.44,-70.0,0.528
2025-04-20T19:24:34.000,15.15,3.21,798.27,12.85,20.1,435014,-5.52,-70.0,0.528
2025-04-20T19:25:05.000,15.04,2.6,714.58,12.97,20.1,435015,-5.62,-70.0,0.528
2025-04-20T19:25:35.000,14.94,2.52,644.44,13.08,20.1,435016,-5.71,-70.0,0.528
2025-04-20T19:26:05.000,14.91,2.29,575.42,13.2,20.1,435017,-5.79,-70.0,0.528
2025-04-20T19:26:35.000,14.9,2.34,507.42,13.34,20.1,435018,-5.88,-70.0,0.528
2025-04-20T19:27:06.000,14.89,2.0,451.91,13.46,20.1,435019,-5.98,-70.0,0.528
2025-04-20T19:27:36.000,14.86,1.26,400.98,13.59,20.1,435020,-6.06,-70.0,0.528
