ecsv/stars1/stars1_2024-04.ecsv
# %ECSV 1.0
# ---
# datatype:
# - {name: time, datatype: string}
# - {name: Enclosure Temperature, unit: deg_C, datatype: float64}
# - {name: Sky Temperature, unit: deg_C, datatype: float64}
# - {name: Frequency, unit: Hz, datatype: float64}
# - {name: MSAS, unit: mag / arcsec2, datatype: float64}
# - {name: ZP, datatype: float64}
# - {name: Sequence Number, datatype: int64}
# - {name: Sun Alt, unit: deg, datatype: float64}
# - {name: Moon Alt, unit: deg, datatype: float64}
# - {name: Moon Illumination, datatype: float64}
# delimiter: ','
# meta: !!omap
# - ida:
#     Data supplier: {affiliation: null, observer: "Crist\xF3bal Garc\xEDa"}
#     Device type: TESS-W
#     Field of view: 17.0
#     Filters per channel: None
#     Instrument ID: stars1
#     License: ODbL 1.0 http://opendatacommons.org/licenses/odbl/summary/
#     Local timezone: Europe/Madrid
#     Location name: {country: Spain, place: "Coslada, barrio de La Estaci\xF3n", region: Community of Madrid, sub_region: "\xC1rea metropolitana\
#         \ de Madrid y Corredor del Henares", town: Coslada}
#     Measurement direction per channel: {azimuth: 0.0, zenital: 0.0}
#     Moving / Fixed look direction: FIXED
#     Moving / Stationary position: STATIONARY
#     Number of channels: 1
#     Number of fields per line: 8
#     Number of header lines: 35
#     Position: {height: 0.0, latitude: 40.4246043, longitude: -3.560279}
#     TESS MAC address: 18:FE:34:CF:E9:5A
#     TESS cover offset value: 0.0
#     TESS firmware version: '1.0'
#     TESS zero point: 20.1
#     Time Synchronization: timestamp added by MQTT subscriber
#     URL: http://www.darksky.org/NSBM/sdf1.0.pdf
# - __serialized_columns__:
#     Enclosure Temperature:
#       __class__: astropy.units.quantity.Quantity
#       unit: &id001 !astropy.units.Unit {unit: deg_C}
#       value: !astropy.table.SerializedColumn {name: Enclosure Temperature}
#     Frequency:
#       __class__: astropy.units.quantity.Quantity
#       unit: !astropy.units.Unit {unit: Hz}
#       value: !astropy.table.SerializedColumn {name: Frequency}
#     MSAS:
#       __class__: astropy.units.quantity.Quantity
#       unit: !astropy.units.Unit {unit: mag / arcsec2}
#       value: !astropy.table.SerializedColumn {name: MSAS}
#     Moon Alt:
#       __class__: astropy.units.quantity.Quantity
#       unit: &id002 !astropy.units.Unit {unit: deg}
#       value: !astropy.table.SerializedColumn {name: Moon Alt}
#     Sky Temperature:
#       __class__: astropy.units.quantity.Quantity
#       unit: *id001
#       value: !astropy.table.SerializedColumn {name: Sky Temperature}
#     Sun Alt:
#       __class__: astropy.units.quantity.Quantity
#       unit: *id002
#       value: !astropy.table.SerializedColumn {name: Sun Alt}
#     time:
#       __class__: astropy.time.core.Time
#       format: isot
#       in_subfmt: '*'
#       out_subfmt: '*'
#       precision: 3
#       scale: utc
#       value: !astropy.table.SerializedColumn {name: time}
# schema: astropy-2.0
time,Enclosure Temperature,Sky Temperature,Frequency,MSAS,ZP,Sequence Number,Sun Alt,Moon Alt,Moon Illumination
[from data line 14091]
2024-04-17T03:05:30.000,11.24,-14.47,4.49,18.47,20.1,93502,-25.36,-3.0,0.63
2024-04-17T03:06:03.000,11.17,-14.05,4.49,18.47,20.1,93503,-25.29,-3.0,0.63
2024-04-17T03:06:36.000,11.15,-14.18,4.49,18.47,20.1,93504,-25.21,-3.0,0.63
2024-04-17T03:07:06.000,11.08,-14.32,4.49,18.47,20.1,93505,-25.14,-3.0,0.63
2024-04-17T03:07:39.000,11.09,-13.83,4.49,18.47,20.1,93506,-25.06,-3.0,0.63
2024-04-17T03:08:12.000,11.06,-14.21,4.49,18.47,20.1,93507,-24.98,-3.0,0.63
2024-04-17T03:08:44.000,11.07,-13.68,4.49,18.47,20.1,93508,-24.9,-3.0,0.63
2024-04-17T03:09:15.000,11.1,-13.94,4.49,18.47,20.1,93509,-24.83,-3.0,0.63
2024-04-17T03:09:48.000,11.08,-14.16,4.48,18.47,20.1,93510,-24.75,-3.0,0.63
2024-04-17T03:10:20.000,11.08,-13.55,4.49,18.47,20.1,93511,-24.68,-3.0,0.63
2024-04-17T03:10:51.000,11.17,-13.29,4.49,18.47,20.1,93512,-24.6,-3.0,0.63
2024-04-17T03:11:22.000,11.23,-13.5,4.49,18.47,20.1,93513,-24.53,-3.0,0.63
2024-04-17T03:11:57.000,11.22,-13.99,4.49,18.47,20.1,93514,-24.44,-4.0,0.63
2024-04-17T03:12:30.000,11.17,-14.18,4.49,18.47,20.1,93515,-24.36,-4.0,0.63
2024-04-17T03:13:01.000,11.11,-14.43,4.49,18.47,20.1,93516,-24.29,-4.0,0.63
2024-04-17T03:13:32.000,11.05,-14.21,4.49,18.47,20.1,93517,-24.21,-4.0,0.63
2024-04-17T03:14:05.000,11.04,-14.14,4.49,18.47,20.1,93518,-24.13,-4.0,0.63
2024-04-17T03:14:37.000,11.02,-14.23,4.49,18.47,20.1,93519,-24.06,-4.0,0.63
2024-04-17T03:15:10.000,11.0,-13.98,4.5,18.47,20.1,93520,-23.98,-4.0,0.63
2024-04-17T03:15:41.000,11.01,-14.09,4.5,18.47,20.1,93521,-23.9,-4.0,0.63
2024-04-17T03:16:13.000,11.04,-13.83,4.51,18.47,20.1,93522,-23.82,-4.0,0.63
2024-04-17T03:16:50.000,11.05,-14.13,4.51,18.47,20.1,93523,-23.73,-4.0,0.63
2024-04-17T03:17:23.000,11.04,-13.78,4.51,18.46,20.1,93524,-23.65,-4.0,0.63
2024-04-17T03:17:54.000,11.12,-13.48,4.51,18.46,20.1,93525,-23.58,-5.0,0.63
2024-04-17T03:18:27.000,11.12,-14.36,4.51,18.46,20.1,93526,-23.49,-5.0,0.631
2024-04-17T03:18:58.000,11.06,-14.34,4.52,18.46,20.1,93527,-23.42,-5.0,0.631
2024-04-17T03:19:30.000,11.03,-14.19,4.53,18.46,20.1,93528,-23.34,-5.0,0.631
2024-04-17T03:20:02.000,11.02,-14.45,4.54,18.46,20.1,93529,-23.26,-5.0,0.631
2024-04-17T03:20:34.000,10.94,-14.63,4.54,18.46,20.1,93530,-23.18,-5.0,0.631
2024-04-17T03:21:07.000,10.9,-14.26,4.54,18.46,20.1,93531,-23.1,-5.0,0.631
2024-04-17T03:21:37.000,10.88,-14.3,4.54,18.46,20.1,93532,-23.03,-5.0,0.631
2024-04-17T03:22:08.000,10.89,-14.18,4.54,18.46,20.1,93533,-22.95,-5.0,0.631
2024-04-17T03:22:41.000,10.85,-14.59,4.55,18.45,20.1,93534,-22.87,-5.0,0.631
2024-04-17T03:23:13.000,10.84,-14.14,4.55,18.46,20.1,93535,-22.79,-5.0,0.631
2024-04-17T03:23:45.000,10.89,-13.88,4.55,18.45,20.1,93536,-22.71,-5.0,0.631
2024-04-17T03:24:16.000,10.91,-14.12,4.56,18.45,20.1,93537,-22.63,-6.0,0.631
2024-04-17T03:24:46.000,10.91,-14.22,4.56,18.45,20.1,93538,-22.55,-6.0,0.631
2024-04-17T03:25:17.000,10.92,-14.09,4.56,18.45,20.1,93539,-22.48,-6.0,0.631
2024-04-17T03:25:49.000,10.94,-14.17,4.56,18.45,20.1,93540,-22.4,-6.0,0.631
2024-04-17T03:26:19.000,10.87,-14.43,4.56,18.45,20.1,93541,-22.32,-6.0,0.631
2024-04-17T03:26:50.000,10.92,-13.78,4.56,18.45,20.1,93542,-22.24,-6.0,0.631
2024-04-17T03:27:22.000,11.0,-13.9,4.56,18.45,20.1,93543,-22.16,-6.0,0.631
2024-04-17T03:27:55.000,10.95,-14.57,4.57,18.45,20.1,93544,-22.08,-6.0,0.631
2024-04-17T03:28:27.000,10.88,-14.41,4.57,18.45,20.1,93545,-22.0,-6.0,0.631
2024-04-17T03:28:58.000,10.85,-14.7,4.58,18.45,20.1,93546,-21.92,-6.0,0.631
2024-04-17T03:29:28.000,10.74,-14.88,4.57,18.45,20.1,93547,-21.84,-6.0,0.631
2024-04-17T03:29:59.000,10.72,-14.48,4.58,18.45,20.1,93548,-21.77,-6.0,0.631
2024-04-17T03:30:30.000,10.69,-14.49,4.59,18.45,20.1,93549,-21.69,-6.0,0.631
2024-04-17T03:31:02.000,10.72,-14.22,4.59,18.45,20.1,93550,-21.61,-7.0,0.631
2024-04-17T03:31:33.000,10.73,-14.47,4.59,18.45,20.1,93551,-21.53,-7.0,0.631
2024-04-17T03:32:03.000,10.65,-14.86,4.59,18.45,20.1,93552,-21.45,-7.0,0.631
2024-04-17T03:32:34.000,10.65,-14.35,4.59,18.44,20.1,93553,-21.37,-7.0,0.631
2024-04-17T03:33:07.000,10.63,-14.54,4.6,18.44,20.1,93554,-21.29,-7.0,0.631
2024-04-17T03:33:38.000,10.62,-14.33,4.6,18.44,20.1,93555,-21.21,-7.0,0.631
2024-04-17T03:34:09.000,10.61,-14.64,4.61,18.44,20.1,93556,-21.13,-7.0,0.632
2024-04-17T03:34:40.000,10.56,-14.61,4.61,18.44,20.1,93557,-21.05,-7.0,0.632
2024-04-17T03:35:12.000,10.51,-15.0,4.61,18.44,20.1,93558,-20.97,-7.0,0.632
2024-04-17T03:35:46.000,10.47,-14.47,4.61,18.44,20.1,93559,-20.88,-7.0,0.632
2024-04-17T03:36:17.000,10.5,-14.2,4.61,18.44,20.1,93560,-20.8,-7.0,0.632
2024-04-17T03:36:47.000,10.54,-14.32,4.61,18.44,20.1,93561,-20.72,-7.0,0.632
2024-04-17T03:37:18.000,10.54,-14.43,4.61,18.44,20.1,93562,-20.64,-8.0,0.632
2024-04-17T03:37:48.000,10.57,-13.98,4.61,18.44,20.1,93563,-20.56,-8.0,0.632
2024-04-17T03:38:20.000,10.6,-14.52,4.61,18.44,20.1,93564,-20.48,-8.0,0.632
2024-04-17T03:38:52.000,10.57,-14.55,4.63,18.44,20.1,93565,-20.4,-8.0,0.632
2024-04-17T03:39:24.000,10.54,-14.44,4.64,18.43,20.1,93566,-20.31,-8.0,0.632
2024-04-17T03:39:56.000,10.57,-14.11,4.63,18.44,20.1,93567,-20.23,-8.0,0.632
2024-04-17T03:40:27.000,10.63,-14.09,4.64,18.43,20.1,93568,-20.15,-8.0,0.632
2024-04-17T03:40:58.000,10.62,-14.8,4.64,18.43,20.1,93569,-20.07,-8.0,0.632
2024-04-17T03:41:30.000,10.54,-14.7,4.64,18.43,20.1,93570,-19.98,-8.0,0.632
2024-04-17T03:42:02.000,10.55,-14.21,4.64,18.43,20.1,93571,-19.9,-8.0,0.632
2024-04-17T03:42:34.000,10.63,-14.02,4.64,18.43,20.1,93572,-19.82,-8.0,0.632
2024-04-17T03:43:05.000,10.64,-14.5,4.65,18.43,20.1,93573,-19.74,-8.0,0.632
2024-04-17T03:43:37.000,10.6,-14.71,4.65,18.43,20.1,93574,-19.65,-8.0,0.632
2024-04-17T03:44:08.000,10.6,-14.11,4.65,18.43,20.1,93575,-19.57,-9.0,0.632
2024-04-17T03:44:39.000,10.67,-13.91,4.64,18.43,20.1,93576,-19.49,-9.0,0.632
2024-04-17T03:45:12.000,10.69,-14.49,4.65,18.43,20.1,93577,-19.4,-9.0,0.632
2024-04-17T03:45:43.000,10.65,-14.67,4.66,18.43,20.1,93578,-19.32,-9.0,0.632
2024-04-17T03:46:15.000,10.6,-14.75,4.66,18.43,20.1,93579,-19.23,-9.0,0.632
2024-04-17T03:46:46.000,10.57,-14.7,4.65,18.43,20.1,93580,-19.15,-9.0,0.632
2024-04-17T03:47:19.000,10.56,-14.6,4.66,18.43,20.1,93581,-19.07,-9.0,0.632
2024-04-17T03:47:51.000,10.48,-14.96,4.65,18.43,20.1,93582,-18.98,-9.0,0.632
2024-04-17T03:48:22.000,10.46,-14.61,4.66,18.43,20.1,93583,-18.9,-9.0,0.632
2024-04-17T03:48:54.000,10.44,-14.67,4.66,18.43,20.1,93584,-18.81,-9.0,0.632
2024-04-17T03:49:27.000,10.41,-14.62,4.65,18.43,20.1,93585,-18.73,-9.0,0.633
2024-04-17T03:49:59.000,10.4,-14.57,4.66,18.43,20.1,93586,-18.64,-9.0,0.633
2024-04-17T03:50:31.000,10.43,-14.37,4.67,18.43,20.1,93587,-18.55,-9.0,0.633
2024-04-17T03:51:04.000,10.44,-14.73,4.62,18.24,20.1,93588,-18.47,-10.0,0.633
2024-04-17T03:51:35.000,10.43,-14.33,4.66,18.43,20.1,93589,-18.38,-10.0,0.633
2024-04-17T03:52:07.000,10.46,-14.53,4.66,18.43,20.1,93590,-18.3,-10.0,0.633
2024-04-17T03:52:38.000,10.43,-14.69,4.67,18.43,20.1,93591,-18.21,-10.0,0.633
2024-04-17T03:53:10.000,10.4,-14.73,4.68,18.43,20.1,93592,-18.13,-10.0,0.633
2024-04-17T03:53:43.000,10.4,-14.57,4.67,18.43,20.1,93593,-18.04,-10.0,0.633
2024-04-17T03:54:14.000,10.39,-14.48,4.69,18.42,20.1,93594,-17.96,-10.0,0.633
2024-04-17T03:54:46.000,10.4,-14.54,4.67,18.43,20.1,93595,-17.87,-10.0,0.633
2024-04-17T03:55:17.000,10.44,-14.12,4.74,18.41,20.1,93596,-17.79,-10.0,0.633
2024-04-17T03:55:49.000,10.51,-14.08,4.71,18.42,20.1,93597,-17.7,-10.0,0.633
2024-04-17T03:56:20.000,10.53,-14.54,4.7,18.42,20.1,93598,-17.62,-10.0,0.633
2024-04-17T03:56:53.000,10.5,-14.46,4.7,18.42,20.1,93599,-17.53,-10.0,0.633
2024-04-17T03:57:25.000,10.5,-14.62,4.71,18.42,20.1,93600,-17.44,-10.0,0.633
2024-04-17T03:57:56.000,10.5,-14.28,4.71,18.42,20.1,93601,-17.36,-11.0,0.633
2024-04-17T03:58:28.000,10.5,-14.59,4.71,18.42,20.1,93602,-17.27,-11.0,0.633
2024-04-17T03:59:00.000,10.48,-14.66,4.72,18.42,20.1,93603,-17.18,-11.0,0.633
2024-04-17T03:59:32.000,10.45,-14.78,4.72,18.42,20.1,93604,-17.1,-11.0,0.633
2024-04-17T04:00:06.000,10.45,-14.47,4.74,18.41,20.1,93605,-17.0,-11.0,0.633
2024-04-17T04:00:38.000,10.46,-14.35,4.77,18.4,20.1,93606,-16.92,-11.0,0.633
2024-04-17T04:01:11.000,10.47,-14.51,4.78,18.4,20.1,93607,-16.83,-11.0,0.633
2024-04-17T04:01:47.000,10.49,-14.35,4.79,18.4,20.1,93608,-16.73,-11.0,0.633
2024-04-17T04:02:18.000,10.5,-14.28,4.8,18.4,20.1,93609,-16.64,-11.0,0.633
2024-04-17T04:02:50.000,10.46,-15.11,4.8,18.4,20.1,93610,-16.56,-11.0,0.633
2024-04-17T04:03:21.000,10.4,-14.66,4.81,18.4,20.1,93611,-16.47,-11.0,0.633
2024-04-17T04:03:53.000,10.34,-15.17,4.81,18.39,20.1,93612,-16.38,-11.0,0.633
2024-04-17T04:04:24.000,10.26,-14.9,4.82,18.39,20.1,93613,-16.3,-11.0,0.633
2024-04-17T04:04:57.000,10.23,-14.81,4.82,18.39,20.1,93614,-16.21,-12.0,0.634
2024-04-17T04:05:29.000,10.21,-15.06,4.82,18.39,20.1,93615,-16.12,-12.0,0.634
2024-04-17T04:06:00.000,10.19,-14.58,4.82,18.39,20.1,93616,-16.03,-12.0,0.634
2024-04-17T04:06:33.000,10.2,-14.64,4.82,18.39,20.1,93617,-15.94,-12.0,0.634
2024-04-17T04:07:05.000,10.25,-14.38,4.83,18.39,20.1,93618,-15.85,-12.0,0.634
2024-04-17T04:07:36.000,10.22,-14.86,4.84,18.39,20.1,93619,-15.77,-12.0,0.634
2024-04-17T04:08:07.000,10.25,-14.4,4.84,18.39,20.1,93620,-15.68,-12.0,0.634
2024-04-17T04:08:40.000,10.29,-14.29,4.85,18.39,20.1,93621,-15.59,-12.0,0.634
2024-04-17T04:09:13.000,10.31,-14.55,4.84,18.39,20.1,93622,-15.5,-12.0,0.634
2024-04-17T04:09:44.000,10.29,-14.87,4.85,18.39,20.1,93623,-15.41,-12.0,0.634
2024-04-17T04:10:15.000,10.19,-15.11,4.86,18.38,20.1,93624,-15.33,-12.0,0.634
2024-04-17T04:10:46.000,10.18,-14.59,4.87,18.38,20.1,93625,-15.24,-12.0,0.634
2024-04-17T04:11:17.000,10.19,-14.75,4.87,18.38,20.1,93626,-15.16,-12.0,0.634
2024-04-17T04:11:48.000,10.12,-15.55,4.88,18.38,20.1,93627,-15.07,-13.0,0.634
2024-04-17T04:12:18.000,10.05,-14.57,4.88,18.38,20.1,93628,-14.99,-13.0,0.634
2024-04-17T04:12:49.000,10.07,-15.01,4.9,18.38,20.1,93629,-14.9,-13.0,0.634
2024-04-17T04:13:22.000,10.0,-15.12,4.91,18.37,20.1,93630,-14.81,-13.0,0.634
2024-04-17T04:13:55.000,10.05,-14.79,4.91,18.37,20.1,93631,-14.71,-13.0,0.634
2024-04-17T04:14:27.000,10.18,-14.15,4.93,18.37,20.1,93632,-14.63,-13.0,0.634
2024-04-17T04:14:58.000,10.35,-14.37,4.94,18.37,20.1,93633,-14.54,-13.0,0.634
2024-04-17T04:15:29.000,10.34,-15.08,4.95,18.36,20.1,93634,-14.45,-13.0,0.634
2024-04-17T04:16:01.000,10.34,-14.83,4.96,18.36,20.1,93635,-14.36,-13.0,0.634
2024-04-17T04:16:32.000,10.36,-14.58,4.96,18.36,20.1,93636,-14.27,-13.0,0.634
2024-04-17T04:17:03.000,10.37,-14.65,4.98,18.36,20.1,93637,-14.19,-13.0,0.634
2024-04-17T04:17:35.000,10.36,-14.85,4.99,18.36,20.1,93638,-14.1,-13.0,0.634
2024-04-17T04:18:06.000,10.32,-14.98,5.0,18.35,20.1,93639,-14.01,-13.0,0.634
2024-04-17T04:18:39.000,10.32,-14.75,5.02,18.35,20.1,93640,-13.92,-13.0,0.634
2024-04-17T04:19:10.000,10.28,-14.85,5.04,18.34,20.1,93641,-13.83,-14.0,0.634
2024-04-17T04:19:41.000,10.24,-14.99,5.06,18.34,20.1,93642,-13.74,-14.0,0.634
2024-04-17T04:20:13.000,10.18,-14.95,5.07,18.34,20.1,93643,-13.65,-14.0,0.634
2024-04-17T04:20:44.000,10.21,-14.54,5.09,18.33,20.1,93644,-13.56,-14.0,0.635
2024-04-17T04:21:15.000,10.18,-14.93,5.11,18.33,20.1,93645,-13.48,-14.0,0.635
2024-04-17T04:21:47.000,10.16,-15.26,5.13,18.32,20.1,93646,-13.39,-14.0,0.635
2024-04-17T04:22:18.000,10.03,-15.34,5.16,18.32,20.1,93647,-13.3,-14.0,0.635
2024-04-17T04:22:50.000,10.05,-14.46,5.19,18.31,20.1,93648,-13.21,-14.0,0.635
2024-04-17T04:23:21.000,10.11,-14.61,5.22,18.31,20.1,93649,-13.12,-14.0,0.635
2024-04-17T04:23:53.000,10.14,-14.45,5.25,18.3,20.1,93650,-13.03,-14.0,0.635
2024-04-17T04:24:26.000,10.11,-15.06,5.28,18.29,20.1,93651,-12.94,-14.0,0.635
2024-04-17T04:24:58.000,10.02,-15.37,5.32,18.28,20.1,93652,-12.84,-14.0,0.635
2024-04-17T04:25:30.000,10.02,-14.76,5.38,18.27,20.1,93653,-12.75,-14.0,0.635
2024-04-17T04:26:01.000,10.16,-14.53,5.41,18.27,20.1,93654,-12.66,-14.0,0.635
2024-04-17T04:26:32.000,10.28,-14.56,5.45,18.26,20.1,93655,-12.58,-15.0,0.635
2024-04-17T04:27:04.000,10.34,-15.03,5.5,18.25,20.1,93656,-12.48,-15.0,0.635
2024-04-17T04:27:36.000,10.35,-15.01,5.55,18.24,20.1,93657,-12.39,-15.0,0.635
2024-04-17T04:28:07.000,10.37,-14.77,5.59,18.23,20.1,93658,-12.3,-15.0,0.635
2024-04-17T04:28:38.000,10.33,-15.59,5.64,18.22,20.1,93659,-12.22,-15.0,0.635
2024-04-17T04:29:09.000,10.22,-15.43,5.7,18.21,20.1,93660,-12.13,-15.0,0.635
2024-04-17T04:29:40.000,10.2,-15.06,5.78,18.19,20.1,93661,-12.04,-15.0,0.635
2024-04-17T04:30:11.000,10.2,-14.8,5.88,18.18,20.1,93662,-11.95,-15.0,0.635
2024-04-17T04:30:44.000,10.22,-14.73,5.96,18.16,20.1,93663,-11.85,-15.0,0.635
2024-04-17T04:31:15.000,10.15,-15.8,6.02,18.15,20.1,93664,-11.77,-15.0,0.635
2024-04-17T04:31:46.000,10.0,-15.78,6.11,18.13,20.1,93665,-11.68,-15.0,0.635
2024-04-17T04:32:16.000,9.99,-15.35,6.21,18.12,20.1,93666,-11.59,-15.0,0.635
2024-04-17T04:32:49.000,10.12,-15.29,6.31,18.1,20.1,93667,-11.5,-15.0,0.635
2024-04-17T04:33:21.000,10.18,-15.38,6.38,18.09,20.1,93668,-11.4,-15.0,0.635
2024-04-17T04:33:53.000,10.36,-14.49,6.5,18.07,20.1,93669,-11.31,-16.0,0.635
2024-04-17T04:34:25.000,10.49,-14.72,6.64,18.04,20.1,93670,-11.22,-16.0,0.635
2024-04-17T04:34:56.000,10.57,-14.84,6.81,18.02,20.1,93671,-11.13,-16.0,0.635
2024-04-17T04:35:28.000,10.52,-15.4,6.94,18.0,20.1,93672,-11.04,-16.0,0.635
2024-04-17T04:36:00.000,10.47,-15.37,7.1,17.97,20.1,93673,-10.94,-16.0,0.636
2024-04-17T04:36:34.000,10.34,-15.92,7.31,17.94,20.1,93674,-10.85,-16.0,0.636
2024-04-17T04:37:06.000,10.19,-15.97,7.45,17.92,20.1,93675,-10.75,-16.0,0.636
2024-04-17T04:37:38.000,10.06,-15.71,7.69,17.88,20.1,93676,-10.66,-16.0,0.636
2024-04-17T04:38:10.000,10.0,-15.61,7.93,17.85,20.1,93677,-10.57,-16.0,0.636
2024-04-17T04:38:43.000,10.06,-14.85,8.15,17.82,20.1,93678,-10.47,-16.0,0.636
2024-04-17T04:39:13.000,10.24,-14.64,8.36,17.79,20.1,93679,-10.38,-16.0,0.636
2024-04-17T04:39:45.000,10.39,-14.8,8.67,17.75,20.1,93680,-10.29,-16.0,0.636
2024-04-17T04:40:19.000,10.5,-14.61,9.01,17.71,20.1,93681,-10.19,-16.0,0.636
2024-04-17T04:40:50.000,10.55,-15.04,9.36,17.67,20.1,93682,-10.1,-16.0,0.636
2024-04-17T04:41:24.000,10.51,-15.56,9.74,17.63,20.1,93683,-10.0,-16.0,0.636
2024-04-17T04:41:55.000,10.38,-15.58,10.15,17.58,20.1,93684,-9.91,-17.0,0.636
2024-04-17T04:42:26.000,10.33,-15.28,10.57,17.54,20.1,93685,-9.82,-17.0,0.636
2024-04-17T04:42:59.000,10.31,-15.17,11.05,17.49,20.1,93686,-9.73,-17.0,0.636
2024-04-17T04:43:33.000,10.3,-15.07,11.6,17.44,20.1,93687,-9.63,-17.0,0.636
2024-04-17T04:44:04.000,10.18,-15.96,12.17,17.39,20.1,93688,-9.54,-17.0,0.636
2024-04-17T04:44:35.000,10.1,-15.41,12.86,17.33,20.1,93689,-9.44,-17.0,0.636
2024-04-17T04:45:07.000,10.03,-15.48,13.54,17.27,20.1,93690,-9.35,-17.0,0.636
2024-04-17T04:45:38.000,10.01,-15.12,14.27,17.21,20.1,93691,-9.26,-17.0,0.636
2024-04-17T04:46:09.000,10.03,-15.17,14.98,17.16,20.1,93692,-9.17,-17.0,0.636
2024-04-17T04:46:42.000,10.02,-15.11,15.88,17.1,20.1,93693,-9.07,-17.0,0.636
2024-04-17T04:47:13.000,10.15,-14.45,16.88,17.03,20.1,93694,-8.98,-17.0,0.636
2024-04-17T04:47:46.000,10.23,-15.11,17.91,16.97,20.1,93695,-8.88,-17.0,0.636
2024-04-17T04:48:19.000,10.18,-15.43,19.23,16.89,20.1,93696,-8.79,-17.0,0.636
2024-04-17T04:48:51.000,10.17,-15.04,20.45,16.7,20.1,93697,-8.69,-17.0,0.636
2024-04-17T04:49:22.000,10.16,-15.33,22.07,16.74,20.1,93698,-8.6,-17.0,0.636
2024-04-17T04:49:55.000,10.09,-15.32,23.72,16.66,20.1,93699,-8.5,-18.0,0.636
2024-04-17T04:50:27.000,9.99,-15.92,25.71,16.58,20.1,93700,-8.41,-18.0,0.636
2024-04-17T04:51:01.000,9.95,-15.54,27.84,16.49,20.1,93701,-8.31,-18.0,0.636
2024-04-17T04:51:33.000,10.16,-14.63,30.04,16.41,20.1,93702,-8.22,-18.0,0.637
2024-04-17T04:52:06.000,10.46,-14.59,32.92,16.31,20.1,93703,-8.12,-18.0,0.637
2024-04-17T04:52:38.000,10.65,-14.95,36.2,16.2,20.1,93704,-8.02,-18.0,0.637
2024-04-17T04:53:12.000,10.67,-15.64,39.49,16.11,20.1,93705,-7.92,-18.0,0.637
2024-04-17T04:53:45.000,10.6,-15.55,43.52,16.0,20.1,93706,-7.83,-18.0,0.637
2024-04-17T04:54:17.000,10.59,-15.4,47.47,15.91,20.1,93707,-7.73,-18.0,0.637
2024-04-17T04:54:47.000,10.4,-16.29,52.64,15.8,20.1,93708,-7.64,-18.0,0.637
