ecsv/stars1/stars1_2025-04.ecsv
# %ECSV 1.0
# ---
# datatype:
# - {name: time, datatype: string}
# - {name: Enclosure Temperature, unit: deg_C, datatype: float64}
# - {name: Sky Temperature, unit: deg_C, datatype: float64}
# - {name: Frequency, unit: Hz, datatype: float64}
# - {name: MSAS, unit: mag / arcsec2, datatype: float64}
# - {name: ZP, datatype: float64}
# - {name: Sequence Number, datatype: int64}
# - {name: Sun Alt, unit: deg, datatype: float64}
# - {name: Moon Alt, unit: deg, datatype: float64}
# - {name: Moon Illumination, datatype: float64}
# delimiter: ','
# meta: !!omap
# - ida:
#     Data supplier: {affiliation: null, observer: "Crist\xF3bal Garc\xEDa"}
#     Device type: TESS-W
#     Field of view: 17.0
#     Filters per channel: None
#     Instrument ID: stars1
#     License: ODbL 1.0 http://opendatacommons.org/licenses/odbl/summary/
#     Local timezone: Europe/Madrid
#     Location name: {country: Spain, place: "Coslada, barrio de La Estaci\xF3n", region: Community of Madrid, sub_region: "\xC1rea metropolitana\
#         \ de Madrid y Corredor del Henares", town: Coslada}
#     Measurement direction per channel: {azimuth: 0.0, zenital: 0.0}
#     Moving / Fixed look direction: FIXED
#     Moving / Stationary position: STATIONARY
#     Number of channels: 1
#     Number of fields per line: 8
#     Number of header lines: 35
#     Position: {height: 0.0, latitude: 40.4246043, longitude: -3.560279}
#     TESS MAC address: 18:FE:34:CF:E9:5A
#     TESS cover offset value: 0.0
#     TESS firmware version: '1.0'
#     TESS zero point: 20.1
#     Time Synchronization: timestamp added by MQTT subscriber
#     URL: http://www.darksky.org/NSBM/sdf1.0.pdf
# - __serialized_columns__:
#     Enclosure Temperature:
#       __class__: astropy.units.quantity.Quantity
#       unit: &id001 !astropy.units.Unit {unit: deg_C}
#       value: !astropy.table.SerializedColumn {name: Enclosure Temperature}
#     Frequency:
#       __class__: astropy.units.quantity.Quantity
#       unit: !astropy.units.Unit {unit: Hz}
#       value: !astropy.table.SerializedColumn {name: Frequency}
#     MSAS:
#       __class__: astropy.units.quantity.Quantity
#       unit: !astropy.units.Unit {unit: mag / arcsec2}
#       value: !astropy.table.SerializedColumn {name: MSAS}
#     Moon Alt:
#       __class__: astropy.units.quantity.Quantity
#       unit: &id002 !astropy.units.Unit {unit: deg}
#       value: !astropy.table.SerializedColumn {name: Moon Alt}
#     Sky Temperature:
#       __class__: astropy.units.quantity.Quantity
#       unit: *id001
#       value: !astropy.table.SerializedColumn {name: Sky Temperature}
#     Sun Alt:
#       __class__: astropy.units.quantity.Quantity
#       unit: *id002
#       value: !astropy.table.SerializedColumn {name: Sun Alt}
#     time:
#       __class__: astropy.time.core.Time
#       format: isot
#       in_subfmt: '*'
#       out_subfmt: '*'
#       precision: 3
#       scale: utc
#       value: !astropy.table.SerializedColumn {name: time}
# schema: astropy-2.0
time,Enclosure Temperature,Sky Temperature,Frequency,MSAS,ZP,Sequence Number,Sun Alt,Moon Alt,Moon Illumination
[from data line 29533]
2025-04-22T23:36:56.000,12.32,-4.67,6.47,18.07,20.1,441193,-36.4,-39.0,0.3
2025-04-22T23:37:27.000,12.32,-4.75,6.5,18.07,20.1,441194,-36.42,-39.0,0.3
2025-04-22T23:37:58.000,12.32,-4.77,6.15,18.13,20.1,441195,-36.43,-39.0,0.3
2025-04-22T23:38:29.000,12.28,-5.07,6.22,18.12,20.1,441196,-36.45,-39.0,0.3
2025-04-22T23:38:59.000,12.25,-5.11,6.14,18.13,20.1,441197,-36.47,-39.0,0.3
2025-04-22T23:39:30.000,12.17,-5.16,6.14,18.13,20.1,441198,-36.49,-39.0,0.3
2025-04-22T23:40:01.000,12.17,-4.71,6.15,18.13,20.1,441199,-36.5,-39.0,0.3
2025-04-22T23:40:33.000,12.19,-4.88,6.16,18.13,20.1,441200,-36.52,-38.0,0.3
2025-04-22T23:41:03.000,12.17,-4.99,6.15,18.13,20.1,441201,-36.54,-38.0,0.3
2025-04-22T23:41:33.000,12.15,-5.19,6.15,18.13,20.1,441202,-36.55,-38.0,0.299
2025-04-22T23:42:03.000,12.11,-5.07,6.15,18.13,20.1,441203,-36.57,-38.0,0.299
2025-04-22T23:42:33.000,12.13,-4.88,6.16,18.13,20.1,441204,-36.58,-38.0,0.299
2025-04-22T23:43:05.000,12.13,-4.95,6.17,18.13,20.1,441205,-36.6,-38.0,0.299
2025-04-22T23:43:35.000,12.14,-4.91,6.17,18.12,20.1,441206,-36.61,-38.0,0.299
2025-04-22T23:44:06.000,12.14,-4.94,6.14,18.13,20.1,441207,-36.63,-38.0,0.299
2025-04-22T23:44:38.000,12.15,-4.95,6.13,18.13,20.1,441208,-36.64,-38.0,0.299
2025-04-22T23:45:09.000,12.14,-5.0,6.14,18.13,20.1,441209,-36.66,-38.0,0.299
2025-04-22T23:45:39.000,12.13,-5.1,6.14,18.13,20.1,441210,-36.67,-38.0,0.299
2025-04-22T23:46:10.000,12.09,-5.32,6.15,18.13,20.1,441211,-36.68,-37.0,0.299
2025-04-22T23:46:40.000,12.03,-5.4,6.15,18.13,20.1,441212,-36.7,-37.0,0.299
2025-04-22T23:47:11.000,11.92,-5.76,6.14,18.13,20.1,441213,-36.71,-37.0,0.299
2025-04-22T23:47:42.000,11.86,-5.25,6.13,18.13,20.1,441214,-36.72,-37.0,0.299
2025-04-22T23:48:14.000,11.86,-5.33,6.13,18.13,20.1,441215,-36.74,-37.0,0.299
2025-04-22T23:48:44.000,11.83,-5.38,6.13,18.13,20.1,441216,-36.75,-37.0,0.299
2025-04-22T23:49:14.000,11.8,-5.41,6.12,18.13,20.1,441217,-36.76,-37.0,0.299
2025-04-22T23:49:46.000,11.79,-5.25,6.11,18.13,20.1,441218,-36.77,-37.0,0.299
2025-04-22T23:50:16.000,11.76,-5.41,6.13,18.13,20.1,441219,-36.78,-37.0,0.299
2025-04-22T23:50:47.000,11.77,-5.01,6.14,18.13,20.1,441220,-36.8,-37.0,0.299
2025-04-22T23:51:18.000,11.81,-5.06,6.12,18.13,20.1,441221,-36.81,-37.0,0.299
2025-04-22T23:51:48.000,11.81,-5.24,6.12,18.13,20.1,441222,-36.82,-36.0,0.299
2025-04-22T23:52:19.000,11.77,-5.45,6.11,18.13,20.1,441223,-36.83,-36.0,0.299
2025-04-22T23:52:49.000,11.74,-5.51,6.12,18.13,20.1,441224,-36.84,-36.0,0.299
2025-04-22T23:53:19.000,11.68,-5.52,6.12,18.13,20.1,441225,-36.85,-36.0,0.299
2025-04-22T23:53:51.000,11.67,-5.18,6.12,18.13,20.1,441226,-36.86,-36.0,0.299
2025-04-22T23:54:21.000,11.68,-5.3,6.12,18.13,20.1,441227,-36.87,-36.0,0.299
2025-04-22T23:54:51.000,11.67,-5.19,6.12,18.13,20.1,441228,-36.88,-36.0,0.299
2025-04-22T23:55:21.000,11.69,-5.02,6.12,18.13,20.1,441229,-36.88,-36.0,0.298
2025-04-22T23:55:52.000,11.73,-5.11,6.13,18.13,20.1,441230,-36.89,-36.0,0.298
2025-04-22T23:56:22.000,11.73,-5.15,6.14,18.13,20.1,441231,-36.9,-36.0,0.298
2025-04-22T23:56:52.000,11.74,-5.15,6.14,18.13,20.1,441232,-36.91,-36.0,0.298
2025-04-22T23:57:23.000,11.7,-5.49,6.13,18.13,20.1,441233,-36.92,-35.0,0.298
2025-04-22T23:57:53.000,11.68,-5.29,6.13,18.13,20.1,441234,-36.92,-35.0,0.298
2025-04-22T23:58:25.000,11.66,-5.4,6.14,18.13,20.1,441235,-36.93,-35.0,0.298
2025-04-22T23:58:57.000,11.68,-5.04,6.14,18.13,20.1,441236,-36.94,-35.0,0.298
2025-04-22T23:59:28.000,11.72,-5.04,6.15,18.13,20.1,441237,-36.95,-35.0,0.298
2025-04-22T23:59:58.000,11.74,-5.14,6.13,18.13,20.1,441238,-36.95,-35.0,0.298
2025-04-23T00:00:29.000,11.76,-5.1,6.12,18.13,20.1,441239,-36.96,-35.0,0.298
2025-04-23T00:01:00.000,11.78,-5.06,6.08,18.14,20.1,441240,-36.97,-35.0,0.298
2025-04-23T00:01:30.000,11.8,-4.93,6.11,18.13,20.1,441241,-36.97,-35.0,0.298
2025-04-23T00:02:00.000,11.82,-5.01,6.1,18.14,20.1,441242,-36.98,-35.0,0.298
2025-04-23T00:02:30.000,11.84,-5.05,6.08,18.14,20.1,441243,-36.98,-35.0,0.298
2025-04-23T00:03:03.000,11.83,-5.13,6.09,18.14,20.1,441244,-36.99,-34.0,0.298
2025-04-23T00:03:34.000,11.76,-5.74,6.08,18.14,20.1,441245,-36.99,-34.0,0.298
2025-04-23T00:04:05.000,11.71,-5.27,6.09,18.14,20.1,441246,-37.0,-34.0,0.298
2025-04-23T00:04:35.000,11.72,-5.05,6.08,18.14,20.1,441247,-37.0,-34.0,0.298
2025-04-23T00:05:06.000,11.75,-5.1,6.09,18.14,20.1,441248,-37.0,-34.0,0.298
2025-04-23T00:05:37.000,11.74,-5.2,6.1,18.14,20.1,441249,-37.01,-34.0,0.298
2025-04-23T00:06:07.000,11.7,-5.5,6.09,18.14,20.1,441250,-37.01,-34.0,0.298
2025-04-23T00:06:37.000,11.67,-5.31,6.1,18.14,20.1,441251,-37.01,-34.0,0.298
2025-04-23T00:07:07.000,11.67,-5.33,6.12,18.13,20.1,441252,-37.02,-34.0,0.298
2025-04-23T00:07:38.000,11.6,-5.8,6.09,18.14,20.1,441253,-37.02,-34.0,0.298
2025-04-23T00:08:09.000,11.54,-5.4,6.09,18.14,20.1,441254,-37.02,-33.0,0.298
2025-04-23T00:08:39.000,11.55,-5.35,6.09,18.14,20.1,441255,-37.02,-33.0,0.298
2025-04-23T00:09:09.000,11.57,-5.18,6.1,18.14,20.1,441256,-37.03,-33.0,0.298
2025-04-23T00:09:39.000,11.57,-5.35,6.09,18.14,20.1,441257,-37.03,-33.0,0.297
2025-04-23T00:10:11.000,11.54,-5.46,6.08,18.14,20.1,441258,-37.03,-33.0,0.297
2025-04-23T00:10:41.000,11.51,-5.47,6.09,18.14,20.1,441259,-37.03,-33.0,0.297
2025-04-23T00:11:12.000,11.49,-5.43,6.1,18.14,20.1,441260,-37.03,-33.0,0.297
2025-04-23T00:11:43.000,11.48,-5.49,6.09,18.14,20.1,441261,-37.03,-33.0,0.297
2025-04-23T00:12:14.000,11.46,-5.42,6.1,18.14,20.1,441262,-37.03,-33.0,0.297
2025-04-23T00:12:45.000,11.49,-5.14,6.09,18.14,20.1,441263,-37.03,-33.0,0.297
2025-04-23T00:13:15.000,11.52,-5.17,6.08,18.14,20.1,441264,-37.03,-33.0,0.297
2025-04-23T00:13:47.000,11.53,-5.32,6.08,18.14,20.1,441265,-37.03,-32.0,0.297
2025-04-23T00:14:17.000,11.53,-5.25,6.09,18.14,20.1,441266,-37.03,-32.0,0.297
2025-04-23T00:14:48.000,11.54,-5.38,6.09,18.14,20.1,441267,-37.03,-32.0,0.297
2025-04-23T00:15:19.000,11.49,-5.75,6.08,18.14,20.1,441268,-37.03,-32.0,0.297
2025-04-23T00:15:49.000,11.41,-5.93,6.08,18.14,20.1,441269,-37.03,-32.0,0.297
2025-04-23T00:16:19.000,11.34,-5.66,6.08,18.14,20.1,441270,-37.02,-32.0,0.297
2025-04-23T00:16:51.000,11.35,-5.42,6.08,18.14,20.1,441271,-37.02,-32.0,0.297
2025-04-23T00:17:21.000,11.36,-5.36,6.08,18.14,20.1,441272,-37.02,-32.0,0.297
2025-04-23T00:17:51.000,11.37,-5.53,6.07,18.14,20.1,441273,-37.02,-32.0,0.297
2025-04-23T00:18:22.000,11.35,-5.57,6.06,18.14,20.1,441274,-37.01,-32.0,0.297
2025-04-23T00:18:52.000,11.3,-5.74,6.05,18.15,20.1,441275,-37.01,-32.0,0.297
2025-04-23T00:19:24.000,11.26,-5.84,6.05,18.15,20.1,441276,-37.01,-31.0,0.297
2025-04-23T00:19:55.000,11.23,-5.57,6.05,18.15,20.1,441277,-37.0,-31.0,0.297
2025-04-23T00:20:25.000,11.21,-5.73,6.05,18.15,20.1,441278,-37.0,-31.0,0.297
2025-04-23T00:20:55.000,11.19,-5.73,6.04,18.15,20.1,441279,-36.99,-31.0,0.297
2025-04-23T00:21:26.000,11.18,-5.68,6.04,18.15,20.1,441280,-36.99,-31.0,0.297
2025-04-23T00:21:57.000,11.17,-5.61,6.04,18.15,20.1,441281,-36.98,-31.0,0.297
2025-04-23T00:22:27.000,11.2,-5.41,6.04,18.15,20.1,441282,-36.98,-31.0,0.297
2025-04-23T00:22:57.000,11.18,-5.8,6.03,18.15,20.1,441283,-36.97,-31.0,0.297
2025-04-23T00:23:28.000,11.15,-5.89,6.04,18.15,20.1,441284,-36.97,-31.0,0.297
2025-04-23T00:23:58.000,11.13,-5.86,6.04,18.15,20.1,441285,-36.96,-31.0,0.296
2025-04-23T00:24:29.000,11.04,-6.22,6.04,18.15,20.1,441286,-36.96,-30.0,0.296
2025-04-23T00:25:00.000,10.99,-5.95,6.03,18.15,20.1,441287,-36.95,-30.0,0.296
2025-04-23T00:25:30.000,10.97,-5.81,6.03,18.15,20.1,441288,-36.94,-30.0,0.296
2025-04-23T00:26:01.000,10.99,-5.72,6.03,18.15,20.1,441289,-36.94,-30.0,0.296
2025-04-23T00:26:31.000,10.99,-5.68,6.03,18.15,20.1,441290,-36.93,-30.0,0.296
2025-04-23T00:27:02.000,11.0,-5.63,6.03,18.15,20.1,441291,-36.92,-30.0,0.296
2025-04-23T00:27:33.000,11.0,-5.87,6.03,18.15,20.1,441292,-36.91,-30.0,0.296
2025-04-23T00:28:03.000,10.96,-6.02,6.04,18.15,20.1,441293,-36.91,-30.0,0.296
2025-04-23T00:28:34.000,10.95,-5.72,6.03,18.15,20.1,441294,-36.9,-30.0,0.296
2025-04-23T00:29:04.000,10.95,-5.71,6.03,18.15,20.1,441295,-36.89,-30.0,0.296
2025-04-23T00:29:35.000,10.97,-5.66,6.03,18.15,20.1,441296,-36.88,-30.0,0.296
2025-04-23T00:30:05.000,10.97,-5.72,6.02,18.15,20.1,441297,-36.87,-29.0,0.296
2025-04-23T00:30:35.000,10.92,-6.2,6.03,18.15,20.1,441298,-36.86,-29.0,0.296
2025-04-23T00:31:05.000,10.86,-5.92,6.03,18.15,20.1,441299,-36.85,-29.0,0.296
2025-04-23T00:31:36.000,10.86,-5.72,6.02,18.15,20.1,441300,-36.84,-29.0,0.296
2025-04-23T00:32:06.000,10.9,-5.61,6.02,18.15,20.1,441301,-36.83,-29.0,0.296
2025-04-23T00:32:36.000,10.91,-5.74,6.03,18.15,20.1,441302,-36.82,-29.0,0.296
2025-04-23T00:33:06.000,10.94,-5.54,6.03,18.15,20.1,441303,-36.81,-29.0,0.296
2025-04-23T00:33:36.000,10.96,-5.7,6.03,18.15,20.1,441304,-36.8,-29.0,0.296
2025-04-23T00:34:06.000,10.96,-5.65,6.02,18.15,20.1,441305,-36.79,-29.0,0.296
2025-04-23T00:34:36.000,10.9,-6.28,6.03,18.15,20.1,441306,-36.78,-29.0,0.296
2025-04-23T00:35:07.000,10.82,-6.25,6.03,18.15,20.1,441307,-36.77,-29.0,0.296
2025-04-23T00:35:37.000,10.78,-5.99,6.04,18.15,20.1,441308,-36.76,-28.0,0.296
2025-04-23T00:36:07.000,10.77,-5.9,6.04,18.15,20.1,441309,-36.75,-28.0,0.296
2025-04-23T00:36:38.000,10.75,-6.11,6.04,18.15,20.1,441310,-36.73,-28.0,0.296
2025-04-23T00:37:08.000,10.72,-5.79,6.04,18.15,20.1,441311,-36.72,-28.0,0.296
2025-04-23T00:37:38.000,10.73,-5.89,6.04,18.15,20.1,441312,-36.71,-28.0,0.295
2025-04-23T00:38:38.000,10.68,-6.0,6.03,18.15,20.1,441314,-36.68,-28.0,0.295
2025-04-23T00:39:08.000,10.65,-6.02,6.04,18.15,20.1,441315,-36.67,-28.0,0.295
2025-04-23T00:39:38.000,10.66,-5.77,6.04,18.15,20.1,441316,-36.65,-28.0,0.295
2025-04-23T00:40:08.000,10.65,-6.21,6.05,18.15,20.1,441317,-36.64,-28.0,0.295
2025-04-23T00:40:38.000,10.61,-6.01,6.05,18.15,20.1,441318,-36.63,-28.0,0.295
2025-04-23T00:41:08.000,10.62,-5.94,6.05,18.15,20.1,441319,-36.61,-27.0,0.295
2025-04-23T00:41:38.000,10.63,-5.71,6.04,18.15,20.1,441320,-36.6,-27.0,0.295
2025-04-23T00:42:08.000,10.67,-5.65,6.05,18.15,20.1,441321,-36.58,-27.0,0.295
2025-04-23T00:42:38.000,10.69,-5.76,6.05,18.15,20.1,441322,-36.57,-27.0,0.295
2025-04-23T00:43:08.000,10.7,-5.89,6.03,18.15,20.1,441323,-36.55,-27.0,0.295
2025-04-23T00:43:39.000,10.69,-5.76,6.03,18.15,20.1,441324,-36.54,-27.0,0.295
2025-04-23T00:44:09.000,10.72,-5.69,6.03,18.15,20.1,441325,-36.52,-27.0,0.295
2025-04-23T00:45:10.000,10.73,-5.8,6.02,18.15,20.1,441327,-36.49,-27.0,0.295
2025-04-23T00:45:40.000,10.72,-5.91,6.03,18.15,20.1,441328,-36.47,-27.0,0.295
2025-04-23T00:46:10.000,10.72,-5.84,6.03,18.15,20.1,441329,-36.45,-26.0,0.295
2025-04-23T00:46:41.000,10.73,-5.74,6.03,18.15,20.1,441330,-36.44,-26.0,0.295
2025-04-23T00:47:11.000,10.72,-5.91,6.05,18.15,20.1,441331,-36.42,-26.0,0.295
2025-04-23T00:47:41.000,10.71,-5.98,6.03,18.15,20.1,441332,-36.4,-26.0,0.295
2025-04-23T00:48:11.000,10.7,-5.93,6.02,18.15,20.1,441333,-36.38,-26.0,0.295
2025-04-23T00:48:42.000,10.66,-6.42,6.03,18.15,20.1,441334,-36.36,-26.0,0.295
2025-04-23T00:49:12.000,10.56,-6.42,6.03,18.15,20.1,441335,-36.35,-26.0,0.295
2025-04-23T00:49:42.000,10.54,-6.05,6.04,18.15,20.1,441336,-36.33,-26.0,0.295
2025-04-23T00:50:13.000,10.58,-5.83,6.04,18.15,20.1,441337,-36.31,-26.0,0.295
2025-04-23T00:50:45.000,10.58,-6.05,6.03,18.15,20.1,441338,-36.29,-26.0,0.295
2025-04-23T00:51:15.000,10.61,-5.83,6.03,18.15,20.1,441339,-36.27,-26.0,0.295
2025-04-23T00:51:45.000,10.58,-6.22,6.04,18.15,20.1,441340,-36.25,-25.0,0.294
2025-04-23T00:52:16.000,10.58,-5.94,6.03,18.15,20.1,441341,-36.23,-25.0,0.294
2025-04-23T00:52:46.000,10.58,-5.98,6.02,18.15,20.1,441342,-36.21,-25.0,0.294
2025-04-23T00:53:17.000,10.59,-6.03,6.03,18.15,20.1,441343,-36.19,-25.0,0.294
2025-04-23T00:53:48.000,10.59,-6.03,6.03,18.15,20.1,441344,-36.17,-25.0,0.294
2025-04-23T00:54:19.000,10.59,-5.89,6.03,18.15,20.1,441345,-36.14,-25.0,0.294
2025-04-23T00:54:50.000,10.64,-5.77,6.03,18.15,20.1,441346,-36.12,-25.0,0.294
2025-04-23T00:55:20.000,10.65,-5.88,6.02,18.15,20.1,441347,-36.1,-25.0,0.294
2025-04-23T00:55:50.000,10.62,-6.46,6.02,18.15,20.1,441348,-36.08,-25.0,0.294
2025-04-23T00:56:20.000,10.51,-6.61,6.03,18.15,20.1,441349,-36.06,-25.0,0.294
2025-04-23T00:56:51.000,10.5,-5.98,6.04,18.15,20.1,441350,-36.04,-25.0,0.294
2025-04-23T00:57:21.000,10.53,-5.95,6.02,18.15,20.1,441351,-36.01,-24.0,0.294
2025-04-23T00:57:51.000,10.51,-6.37,6.02,18.15,20.1,441352,-35.99,-24.0,0.294
2025-04-23T00:58:21.000,10.46,-6.32,6.03,18.15,20.1,441353,-35.97,-24.0,0.294
2025-04-23T00:58:52.000,10.42,-6.34,6.01,18.15,20.1,441354,-35.94,-24.0,0.294
2025-04-23T00:59:22.000,10.38,-6.35,6.0,18.15,20.1,441355,-35.92,-24.0,0.294
2025-04-23T00:59:52.000,10.38,-6.2,6.01,18.15,20.1,441356,-35.9,-24.0,0.294
2025-04-23T01:00:22.000,10.38,-6.06,6.02,18.15,20.1,441357,-35.87,-24.0,0.294
2025-04-23T01:00:52.000,10.4,-5.95,6.01,18.15,20.1,441358,-35.85,-24.0,0.294
2025-04-23T01:01:22.000,10.45,-5.94,6.02,18.15,20.1,441359,-35.83,-24.0,0.294
2025-04-23T01:01:53.000,10.41,-6.27,6.0,18.15,20.1,441360,-35.8,-24.0,0.294
2025-04-23T01:02:23.000,10.39,-6.23,6.0,18.15,20.1,441361,-35.78,-23.0,0.294
2025-04-23T01:02:53.000,10.38,-6.13,6.01,18.15,20.1,441362,-35.75,-23.0,0.294
2025-04-23T01:03:23.000,10.38,-6.22,6.02,18.15,20.1,441363,-35.73,-23.0,0.294
2025-04-23T01:03:55.000,10.35,-6.19,6.02,18.15,20.1,441364,-35.7,-23.0,0.294
2025-04-23T01:04:25.000,10.38,-5.77,6.02,18.15,20.1,441365,-35.67,-23.0,0.294
2025-04-23T01:04:56.000,10.43,-5.8,6.02,18.15,20.1,441366,-35.65,-23.0,0.294
2025-04-23T01:05:26.000,10.44,-6.05,6.0,18.15,20.1,441367,-35.62,-23.0,0.294
2025-04-23T01:05:57.000,10.42,-6.17,6.02,18.15,20.1,441368,-35.59,-23.0,0.293
2025-04-23T01:06:28.000,10.43,-5.79,6.02,18.15,20.1,441369,-35.56,-23.0,0.293
2025-04-23T01:06:58.000,10.46,-6.09,6.02,18.15,20.1,441370,-35.54,-23.0,0.293
2025-04-23T01:07:28.000,10.45,-5.99,6.02,18.15,20.1,441371,-35.51,-23.0,0.293
2025-04-23T01:07:59.000,10.44,-6.05,6.01,18.15,20.1,441372,-35.48,-22.0,0.293
2025-04-23T01:08:30.000,10.44,-6.0,6.01,18.15,20.1,441373,-35.45,-22.0,0.293
2025-04-23T01:09:01.000,10.41,-6.19,6.01,18.15,20.1,441374,-35.43,-22.0,0.293
2025-04-23T01:09:31.000,10.4,-6.0,6.01,18.15,20.1,441375,-35.4,-22.0,0.293
2025-04-23T01:10:01.000,10.4,-6.0,6.01,18.15,20.1,441376,-35.37,-22.0,0.293
2025-04-23T01:10:32.000,10.41,-5.97,6.0,18.15,20.1,441377,-35.34,-22.0,0.293
2025-04-23T01:11:02.000,10.44,-5.95,6.01,18.15,20.1,441378,-35.31,-22.0,0.293
2025-04-23T01:11:33.000,10.46,-5.82,6.01,18.15,20.1,441379,-35.28,-22.0,0.293
2025-04-23T01:12:03.000,10.46,-6.04,6.02,18.15,20.1,441380,-35.25,-22.0,0.293
2025-04-23T01:12:33.000,10.45,-6.1,6.02,18.15,20.1,441381,-35.22,-22.0,0.293
2025-04-23T01:13:03.000,10.43,-6.08,6.01,18.15,20.1,441382,-35.19,-22.0,0.293
2025-04-23T01:13:33.000,10.44,-6.0,6.01,18.15,20.1,441383,-35.16,-21.0,0.293
2025-04-23T01:14:04.000,10.46,-5.89,6.01,18.15,20.1,441384,-35.13,-21.0,0.293
2025-04-23T01:14:35.000,10.5,-5.82,6.02,18.15,20.1,441385,-35.1,-21.0,0.293
2025-04-23T01:15:07.000,10.53,-5.88,6.01,18.15,20.1,441386,-35.07,-21.0,0.293
2025-04-23T01:15:38.000,10.52,-6.27,6.01,18.15,20.1,441387,-35.04,-21.0,0.293
2025-04-23T01:16:08.000,10.48,-6.27,6.02,18.15,20.1,441388,-35.01,-21.0,0.293
2025-04-23T01:16:38.000,10.46,-6.18,6.02,18.15,20.1,441389,-34.97,-21.0,0.293
2025-04-23T01:17:08.000,10.46,-6.12,6.03,18.15,20.1,441390,-34.94,-21.0,0.293
2025-04-23T01:17:40.000,10.45,-6.18,6.01,18.15,20.1,441391,-34.91,-21.0,0.293
2025-04-23T01:18:10.000,10.45,-6.22,5.97,18.16,20.1,441392,-34.88,-21.0,0.293
2025-04-23T01:18:40.000,10.45,-6.08,5.92,18.17,20.1,441393,-34.84,-20.0,0.293
2025-04-23T01:19:11.000,10.44,-6.25,5.93,18.17,20.1,441394,-34.81,-20.0,0.293
2025-04-23T01:19:41.000,10.43,-5.97,5.93,18.17,20.1,441395,-34.78,-20.0,0.293
2025-04-23T01:20:11.000,10.46,-6.02,5.93,18.17,20.1,441396,-34.75,-20.0,0.292
2025-04-23T01:20:41.000,10.46,-6.11,5.93,18.17,20.1,441397,-34.71,-20.0,0.292
2025-04-23T01:21:12.000,10.45,-6.16,5.92,18.17,20.1,441398,-34.68,-20.0,0.292
2025-04-23T01:21:42.000,10.38,-6.54,5.93,18.17,20.1,441399,-34.64,-20.0,0.292
