ecsv/stars1/stars1_2024-04.ecsv
# %ECSV 1.0
# ---
# datatype:
# - {name: time, datatype: string}
# - {name: Enclosure Temperature, unit: deg_C, datatype: float64}
# - {name: Sky Temperature, unit: deg_C, datatype: float64}
# - {name: Frequency, unit: Hz, datatype: float64}
# - {name: MSAS, unit: mag / arcsec2, datatype: float64}
# - {name: ZP, datatype: float64}
# - {name: Sequence Number, datatype: int64}
# - {name: Sun Alt, unit: deg, datatype: float64}
# - {name: Moon Alt, unit: deg, datatype: float64}
# - {name: Moon Illumination, datatype: float64}
# delimiter: ','
# meta: !!omap
# - ida:
#     Data supplier: {affiliation: null, observer: "Crist\xF3bal Garc\xEDa"}
#     Device type: TESS-W
#     Field of view: 17.0
#     Filters per channel: None
#     Instrument ID: stars1
#     License: ODbL 1.0 http://opendatacommons.org/licenses/odbl/summary/
#     Local timezone: Europe/Madrid
#     Location name: {country: Spain, place: "Coslada, barrio de La Estaci\xF3n", region: Community of Madrid, sub_region: "\xC1rea metropolitana\
#         \ de Madrid y Corredor del Henares", town: Coslada}
#     Measurement direction per channel: {azimuth: 0.0, zenital: 0.0}
#     Moving / Fixed look direction: FIXED
#     Moving / Stationary position: STATIONARY
#     Number of channels: 1
#     Number of fields per line: 8
#     Number of header lines: 35
#     Position: {height: 0.0, latitude: 40.4246043, longitude: -3.560279}
#     TESS MAC address: 18:FE:34:CF:E9:5A
#     TESS cover offset value: 0.0
#     TESS firmware version: '1.0'
#     TESS zero point: 20.1
#     Time Synchronization: timestamp added by MQTT subscriber
#     URL: http://www.darksky.org/NSBM/sdf1.0.pdf
# - __serialized_columns__:
#     Enclosure Temperature:
#       __class__: astropy.units.quantity.Quantity
#       unit: &id001 !astropy.units.Unit {unit: deg_C}
#       value: !astropy.table.SerializedColumn {name: Enclosure Temperature}
#     Frequency:
#       __class__: astropy.units.quantity.Quantity
#       unit: !astropy.units.Unit {unit: Hz}
#       value: !astropy.table.SerializedColumn {name: Frequency}
#     MSAS:
#       __class__: astropy.units.quantity.Quantity
#       unit: !astropy.units.Unit {unit: mag / arcsec2}
#       value: !astropy.table.SerializedColumn {name: MSAS}
#     Moon Alt:
#       __class__: astropy.units.quantity.Quantity
#       unit: &id002 !astropy.units.Unit {unit: deg}
#       value: !astropy.table.SerializedColumn {name: Moon Alt}
#     Sky Temperature:
#       __class__: astropy.units.quantity.Quantity
#       unit: *id001
#       value: !astropy.table.SerializedColumn {name: Sky Temperature}
#     Sun Alt:
#       __class__: astropy.units.quantity.Quantity
#       unit: *id002
#       value: !astropy.table.SerializedColumn {name: Sun Alt}
#     time:
#       __class__: astropy.time.core.Time
#       format: isot
#       in_subfmt: '*'
#       out_subfmt: '*'
#       precision: 3
#       scale: utc
#       value: !astropy.table.SerializedColumn {name: time}
# schema: astropy-2.0
time,Enclosure Temperature,Sky Temperature,Frequency,MSAS,ZP,Sequence Number,Sun Alt,Moon Alt,Moon Illumination
[from data line 23063]
2024-04-29T03:49:15.000,9.92,-17.65,5.5,18.25,20.1,124900,-15.38,20.0,0.745
2024-04-29T03:49:46.000,9.87,-17.09,5.5,18.25,20.1,124901,-15.3,20.0,0.745
2024-04-29T03:50:16.000,9.94,-17.19,5.49,18.25,20.1,124902,-15.22,20.0,0.745
2024-04-29T03:50:47.000,10.25,-16.4,5.5,18.25,20.1,124903,-15.14,20.0,0.745
2024-04-29T03:51:19.000,10.42,-17.41,5.49,18.25,20.1,124904,-15.06,20.0,0.745
2024-04-29T03:51:50.000,10.33,-18.43,5.49,18.25,20.1,124905,-14.98,20.0,0.744
2024-04-29T03:52:21.000,10.08,-18.74,5.5,18.25,20.1,124906,-14.89,20.0,0.744
2024-04-29T03:52:52.000,9.93,-18.12,5.5,18.25,20.1,124907,-14.81,20.0,0.744
2024-04-29T03:53:24.000,9.78,-18.52,5.5,18.25,20.1,124908,-14.73,20.0,0.744
2024-04-29T03:53:55.000,9.91,-17.88,5.51,18.25,20.1,124909,-14.65,20.0,0.744
2024-04-29T03:54:27.000,10.13,-17.45,5.54,18.24,20.1,124910,-14.56,20.0,0.744
2024-04-29T03:54:57.000,10.31,-18.17,5.55,18.24,20.1,124911,-14.49,20.0,0.744
2024-04-29T03:55:29.000,10.32,-17.87,5.56,18.24,20.1,124912,-14.4,20.0,0.744
2024-04-29T03:56:01.000,10.32,-17.53,5.58,18.23,20.1,124913,-14.32,20.0,0.744
2024-04-29T03:56:32.000,10.22,-17.82,5.59,18.23,20.1,124914,-14.24,20.0,0.744
2024-04-29T03:57:03.000,10.02,-18.46,5.6,18.23,20.1,124915,-14.15,20.0,0.744
2024-04-29T03:57:34.000,9.85,-17.41,5.62,18.23,20.1,124916,-14.07,20.0,0.744
2024-04-29T03:58:05.000,9.94,-17.21,5.62,18.23,20.1,124917,-13.99,20.0,0.744
2024-04-29T03:58:37.000,10.06,-17.76,5.63,18.22,20.1,124918,-13.91,20.0,0.744
2024-04-29T03:59:11.000,10.18,-17.22,5.65,18.22,20.1,124919,-13.82,20.0,0.744
2024-04-29T03:59:48.000,10.27,-16.71,5.67,18.22,20.1,124920,-13.72,20.0,0.744
2024-04-29T04:00:18.000,10.2,-18.03,5.7,18.21,20.1,124921,-13.64,20.0,0.744
2024-04-29T04:00:51.000,9.96,-18.07,5.72,18.21,20.1,124922,-13.55,20.0,0.744
2024-04-29T04:01:22.000,9.79,-17.87,5.74,18.2,20.1,124923,-13.47,20.0,0.744
2024-04-29T04:01:55.000,9.94,-16.78,5.79,18.19,20.1,124924,-13.38,20.0,0.744
2024-04-29T04:02:27.000,10.17,-17.36,5.85,18.18,20.1,124925,-13.29,20.0,0.744
2024-04-29T04:02:58.000,10.28,-17.14,5.89,18.17,20.1,124926,-13.21,20.0,0.744
2024-04-29T04:03:29.000,10.33,-17.0,5.87,18.18,20.1,124927,-13.13,20.0,0.744
2024-04-29T04:04:00.000,10.36,-16.86,5.85,18.18,20.1,124928,-13.05,20.0,0.744
2024-04-29T04:04:33.000,10.3,-17.06,5.9,18.17,20.1,124929,-12.96,20.0,0.744
2024-04-29T04:05:06.000,10.16,-17.12,5.94,18.17,20.1,124930,-12.87,20.0,0.744
2024-04-29T04:05:39.000,9.96,-17.58,5.98,18.16,20.1,124931,-12.78,20.0,0.744
2024-04-29T04:06:11.000,9.79,-17.14,6.03,18.15,20.1,124932,-12.69,20.0,0.744
2024-04-29T04:06:41.000,9.93,-16.62,6.08,18.14,20.1,124933,-12.61,20.0,0.744
2024-04-29T04:07:12.000,10.07,-17.15,6.13,18.13,20.1,124934,-12.53,20.0,0.743
2024-04-29T04:07:45.000,10.23,-17.11,6.22,18.11,20.1,124935,-12.44,20.0,0.743
2024-04-29T04:08:16.000,10.23,-17.77,6.36,18.09,20.1,124936,-12.36,20.0,0.743
2024-04-29T04:08:48.000,10.18,-17.19,6.35,18.09,20.1,124937,-12.27,20.0,0.743
2024-04-29T04:09:21.000,9.99,-17.86,6.44,18.08,20.1,124938,-12.18,20.0,0.743
2024-04-29T04:09:52.000,9.88,-17.42,6.51,18.07,20.1,124939,-12.1,20.0,0.743
2024-04-29T04:10:24.000,9.91,-17.4,6.58,18.05,20.1,124940,-12.01,20.0,0.743
2024-04-29T04:10:57.000,10.26,-15.52,6.7,18.04,20.1,124941,-11.92,20.0,0.743
2024-04-29T04:11:28.000,10.63,-15.86,6.81,18.02,20.1,124942,-11.84,20.0,0.743
2024-04-29T04:12:00.000,10.78,-16.61,6.91,18.0,20.1,124943,-11.75,20.0,0.743
2024-04-29T04:12:31.000,10.77,-17.09,7.03,17.98,20.1,124944,-11.67,20.0,0.743
2024-04-29T04:13:03.000,10.55,-17.43,7.26,17.95,20.1,124945,-11.58,20.0,0.743
2024-04-29T04:13:34.000,10.4,-16.93,7.46,17.92,20.1,124946,-11.49,20.0,0.743
2024-04-29T04:14:06.000,10.23,-17.01,7.67,17.89,20.1,124947,-11.41,20.0,0.743
2024-04-29T04:14:39.000,9.95,-17.69,7.84,17.86,20.1,124948,-11.32,20.0,0.743
2024-04-29T04:15:12.000,9.88,-16.52,8.02,17.84,20.1,124949,-11.23,20.0,0.743
2024-04-29T04:15:47.000,9.96,-17.19,8.25,17.81,20.1,124950,-11.13,20.0,0.743
2024-04-29T04:16:21.000,10.19,-16.35,8.55,17.77,20.1,124951,-11.04,20.0,0.743
2024-04-29T04:16:52.000,10.26,-17.41,8.88,17.73,20.1,124952,-10.95,20.0,0.743
2024-04-29T04:17:24.000,10.3,-16.7,9.07,17.71,20.1,124953,-10.86,20.0,0.743
2024-04-29T04:17:57.000,10.26,-17.19,9.32,17.68,20.1,124954,-10.77,20.0,0.743
2024-04-29T04:18:31.000,9.96,-18.28,9.61,17.64,20.1,124955,-10.68,20.0,0.743
2024-04-29T04:19:04.000,9.75,-17.6,9.84,17.62,20.1,124956,-10.59,20.0,0.743
2024-04-29T04:19:35.000,9.89,-16.63,10.08,17.59,20.1,124957,-10.5,20.0,0.743
2024-04-29T04:20:07.000,10.13,-16.82,10.36,17.56,20.1,124958,-10.41,20.0,0.743
2024-04-29T04:20:40.000,10.26,-17.35,10.7,17.53,20.1,124959,-10.32,20.0,0.743
2024-04-29T04:21:13.000,10.2,-17.71,11.03,17.49,20.1,124960,-10.23,20.0,0.743
2024-04-29T04:21:46.000,10.07,-17.74,11.38,17.46,20.1,124961,-10.14,20.0,0.743
2024-04-29T04:22:18.000,9.91,-17.53,11.76,17.42,20.1,124962,-10.05,20.0,0.743
2024-04-29T04:22:51.000,9.9,-17.13,12.11,17.39,20.1,124963,-9.96,20.0,0.742
2024-04-29T04:23:23.000,10.09,-16.79,12.51,17.36,20.1,124964,-9.87,20.0,0.742
2024-04-29T04:23:57.000,10.25,-17.36,12.97,17.32,20.1,124965,-9.78,20.0,0.742
2024-04-29T04:24:30.000,10.22,-17.31,13.42,17.28,20.1,124966,-9.69,20.0,0.742
2024-04-29T04:25:04.000,10.12,-17.96,13.95,17.24,20.1,124967,-9.59,20.0,0.742
2024-04-29T04:25:36.000,9.87,-18.14,14.46,17.2,20.1,124968,-9.5,20.0,0.742
2024-04-29T04:26:10.000,9.72,-18.23,15.04,17.16,20.1,124969,-9.41,20.0,0.742
2024-04-29T04:26:44.000,9.85,-17.07,15.84,17.1,20.1,124970,-9.31,20.0,0.742
2024-04-29T04:27:19.000,10.18,-17.06,16.77,17.04,20.1,124971,-9.21,20.0,0.742
2024-04-29T04:27:54.000,10.39,-17.1,17.9,16.97,20.1,124972,-9.12,20.0,0.742
2024-04-29T04:28:28.000,10.38,-18.0,19.01,16.9,20.1,124973,-9.02,20.0,0.742
2024-04-29T04:29:05.000,10.26,-17.52,20.24,16.83,20.1,124974,-8.92,20.0,0.742
2024-04-29T04:29:38.000,9.96,-18.75,21.58,16.77,20.1,124975,-8.82,20.0,0.742
2024-04-29T04:30:12.000,9.71,-18.11,23.04,16.69,20.1,124976,-8.73,20.0,0.742
2024-04-29T04:30:45.000,9.85,-16.35,24.81,16.61,20.1,124977,-8.64,20.0,0.742
2024-04-29T04:31:19.000,10.15,-17.01,26.49,16.54,20.1,124978,-8.54,20.0,0.742
2024-04-29T04:31:53.000,10.19,-18.24,28.39,16.47,20.1,124979,-8.44,20.0,0.742
2024-04-29T04:32:30.000,10.01,-18.41,30.54,16.39,20.1,124980,-8.34,20.0,0.742
2024-04-29T04:33:02.000,9.93,-17.44,33.2,16.3,20.1,124981,-8.25,20.0,0.742
2024-04-29T04:33:36.000,10.0,-17.89,35.92,16.21,20.1,124982,-8.15,20.0,0.742
2024-04-29T04:34:10.000,10.08,-17.28,38.85,16.13,20.1,124983,-8.06,20.0,0.742
2024-04-29T04:34:45.000,10.21,-16.94,42.58,16.03,20.1,124984,-7.96,20.0,0.742
2024-04-29T04:35:19.000,10.16,-17.97,45.91,15.84,20.1,124985,-7.86,20.0,0.742
2024-04-29T04:35:50.000,9.96,-18.32,49.59,15.86,20.1,124986,-7.77,20.0,0.742
2024-04-29T04:36:21.000,9.86,-16.95,54.53,15.76,20.1,124987,-7.69,20.0,0.742
2024-04-29T04:36:52.000,9.96,-17.53,59.48,15.66,20.1,124988,-7.6,20.0,0.742
2024-04-29T04:37:24.000,10.08,-17.55,65.3,15.56,20.1,124989,-7.51,20.0,0.742
2024-04-29T04:37:55.000,10.3,-16.53,72.18,15.45,20.1,124990,-7.42,20.0,0.741
2024-04-29T04:38:26.000,10.42,-16.94,79.39,15.35,20.1,124991,-7.33,20.0,0.741
2024-04-29T04:38:57.000,10.34,-17.23,87.91,15.24,20.1,124992,-7.24,20.0,0.741
2024-04-29T04:39:28.000,10.21,-17.74,97.26,15.13,20.1,124993,-7.16,20.0,0.741
2024-04-29T04:40:00.000,9.95,-17.47,107.91,15.02,20.1,124994,-7.06,20.0,0.741
2024-04-29T04:40:30.000,9.96,-16.34,119.78,14.9,20.1,124995,-6.98,20.0,0.741
2024-04-29T04:41:02.000,10.1,-15.99,133.46,14.79,20.1,124996,-6.89,20.0,0.741
2024-04-29T04:41:34.000,10.27,-15.92,149.35,14.67,20.1,124997,-6.8,20.0,0.741
2024-04-29T04:42:04.000,10.36,-15.8,165.91,14.55,20.1,124998,-6.71,20.0,0.741
2024-04-29T04:42:36.000,10.37,-15.88,184.92,14.43,20.1,124999,-6.62,20.0,0.741
2024-04-29T04:43:07.000,10.27,-16.84,206.73,14.31,20.1,125000,-6.53,20.0,0.741
2024-04-29T04:43:38.000,9.95,-17.12,230.47,14.19,20.1,125001,-6.44,20.0,0.741
2024-04-29T04:44:10.000,9.85,-15.91,258.25,14.07,20.1,125002,-6.35,20.0,0.741
2024-04-29T04:44:41.000,9.97,-15.29,289.47,13.95,20.1,125003,-6.26,20.0,0.741
2024-04-29T04:45:12.000,10.04,-16.33,324.6,13.82,20.1,125004,-6.17,20.0,0.741
2024-04-29T04:45:43.000,10.01,-15.51,365.13,13.69,20.1,125005,-6.08,20.0,0.741
2024-04-29T04:46:14.000,10.0,-15.38,411.29,13.57,20.1,125006,-5.99,20.0,0.741
2024-04-29T04:46:45.000,9.91,-15.52,463.45,13.44,20.1,125007,-5.9,20.0,0.741
2024-04-29T04:47:16.000,9.79,-15.07,520.98,13.31,20.1,125008,-5.81,20.0,0.741
2024-04-29T04:47:46.000,9.69,-14.67,585.64,13.18,20.1,125009,-5.73,20.0,0.741
2024-04-29T04:48:16.000,9.61,-14.27,659.2,13.05,20.1,125010,-5.64,20.0,0.741
2024-04-29T04:48:46.000,9.54,-13.92,736.89,12.93,20.1,125011,-5.55,20.0,0.741
2024-04-29T04:49:17.000,9.51,-13.63,818.76,12.82,20.1,125012,-5.47,20.0,0.741
2024-04-29T04:49:47.000,9.37,-13.97,919.07,12.69,20.1,125013,-5.38,20.0,0.741
2024-04-29T04:50:17.000,9.24,-13.48,1040.71,12.56,20.1,125014,-5.29,20.0,0.741
2024-04-29T04:50:49.000,9.1,-13.69,1173.66,12.43,20.1,125015,-5.2,20.0,0.741
2024-04-29T04:51:19.000,8.93,-13.15,1318.36,12.3,20.1,125016,-5.11,20.0,0.741
2024-04-29T04:51:50.000,8.86,-12.63,1491.48,12.17,20.1,125017,-5.02,20.0,0.741
2024-04-29T04:52:21.000,8.79,-12.27,1711.22,12.02,20.1,125018,-4.93,20.0,0.741
2024-04-29T04:52:53.000,8.73,-12.03,1953.96,11.87,20.1,125019,-4.84,20.0,0.741
2024-04-29T04:53:24.000,8.72,-11.62,2188.13,11.75,20.1,125020,-4.75,20.0,0.74
2024-04-29T04:53:55.000,8.69,-11.49,2441.0,11.63,20.1,125021,-4.66,20.0,0.74
2024-04-29T04:54:25.000,8.66,-11.29,2760.57,11.5,20.1,125022,-4.57,20.0,0.74
2024-04-29T04:54:56.000,8.62,-11.09,3108.53,11.37,20.1,125023,-4.48,20.0,0.74
2024-04-29T04:55:26.000,8.61,-10.77,3439.73,11.26,20.1,125024,-4.39,20.0,0.74
2024-04-29T04:55:57.000,8.6,-10.83,3798.39,11.15,20.1,125025,-4.3,20.0,0.74
2024-04-29T04:56:28.000,8.58,-10.81,4221.09,11.04,20.1,125026,-4.21,20.0,0.74
2024-04-29T04:56:58.000,8.53,-11.02,4656.62,10.93,20.1,125027,-4.13,20.0,0.74
2024-04-29T04:57:29.000,8.46,-11.17,5096.7,10.83,20.1,125028,-4.04,20.0,0.74
2024-04-29T04:58:00.000,8.38,-11.28,5599.87,10.73,20.1,125029,-3.95,20.0,0.74
2024-04-29T04:58:31.000,8.31,-10.94,6153.78,10.63,20.1,125030,-3.85,20.0,0.74
2024-04-29T04:59:02.000,8.31,-10.91,6722.35,10.53,20.1,125031,-3.76,20.0,0.74
2024-04-29T04:59:33.000,8.3,-10.92,7295.7,10.44,20.1,125032,-3.67,20.0,0.74
2024-04-29T05:00:03.000,8.26,-11.41,7922.13,10.35,20.1,125033,-3.59,20.0,0.74
2024-04-29T05:00:33.000,8.22,-10.91,8677.69,10.25,20.1,125034,-3.5,20.0,0.74
2024-04-29T05:01:06.000,8.22,-11.07,9532.0,10.15,20.1,125035,-3.4,20.0,0.74
2024-04-29T05:01:36.000,8.16,-11.4,10459.13,10.05,20.1,125036,-3.31,20.0,0.74
2024-04-29T05:02:07.000,8.13,-11.39,11469.87,9.95,20.1,125037,-3.22,20.0,0.74
2024-04-29T05:02:38.000,8.07,-11.33,12572.27,9.85,20.1,125038,-3.13,20.0,0.74
2024-04-29T05:03:09.000,8.1,-10.78,13748.04,9.75,20.1,125039,-3.04,20.0,0.74
2024-04-29T05:03:40.000,8.15,-10.99,14910.65,9.67,20.1,125040,-2.95,20.0,0.74
2024-04-29T05:04:10.000,8.12,-11.38,16128.04,9.58,20.1,125041,-2.86,20.0,0.74
2024-04-29T05:04:42.000,8.16,-10.99,17607.32,9.49,20.1,125042,-2.77,20.0,0.74
2024-04-29T05:05:12.000,8.14,-11.65,19302.67,9.39,20.1,125043,-2.68,20.0,0.74
2024-04-29T05:05:42.000,8.09,-11.54,20964.98,9.3,20.1,125044,-2.59,20.0,0.74
2024-04-29T05:06:12.000,8.09,-11.57,22368.67,9.23,20.1,125045,-2.5,20.0,0.74
2024-04-29T05:06:44.000,8.08,-11.52,23405.36,9.18,20.1,125046,-2.41,20.0,0.74
2024-04-29T05:07:15.000,8.12,-11.42,24545.7,9.13,20.1,125047,-2.31,20.0,0.74
2024-04-29T05:07:46.000,8.14,-11.44,25106.89,9.41,20.1,125048,-2.22,20.0,0.74
2024-04-29T05:08:17.000,8.17,-11.75,28129.13,8.98,20.1,125049,-2.13,20.0,0.74
2024-04-29T05:08:47.000,8.16,-11.84,30061.47,8.91,20.1,125050,-2.04,20.0,0.739
2024-04-29T05:09:17.000,8.13,-11.87,32479.11,8.82,20.1,125051,-1.95,20.0,0.739
2024-04-29T05:09:48.000,8.15,-11.22,34058.92,9.05,20.1,125052,-1.86,20.0,0.739
2024-04-29T05:10:20.000,8.19,-11.34,39006.25,8.62,20.1,125053,-1.77,20.0,0.739
2024-04-29T05:10:50.000,8.2,-11.11,42423.38,8.53,20.1,125054,-1.68,20.0,0.739
2024-04-29T05:11:20.000,8.16,-11.1,45569.69,8.45,20.1,125055,-1.59,20.0,0.739
2024-04-29T05:11:50.000,8.17,-10.32,48810.98,8.38,20.1,125056,-1.5,20.0,0.739
2024-04-29T05:12:22.000,8.25,-9.7,50876.66,8.49,20.1,125057,-1.4,20.0,0.739
2024-04-29T05:12:52.000,8.28,-9.83,54813.07,8.25,20.1,125058,-1.32,20.0,0.739
2024-04-29T05:13:23.000,8.29,-9.29,57657.06,8.2,20.1,125059,-1.22,20.0,0.739
2024-04-29T05:13:53.000,8.32,-8.91,60435.33,8.15,20.1,125060,-1.13,20.0,0.739
2024-04-29T05:14:24.000,8.35,-8.62,63228.98,8.1,20.1,125061,-1.04,20.0,0.739
2024-04-29T05:14:57.000,8.36,-8.29,0.0,0.0,20.1,125062,-0.94,20.0,0.739
2024-04-29T05:15:28.000,8.38,-7.94,0.0,0.0,20.1,125063,-0.85,20.0,0.739
2024-04-29T05:15:58.000,8.36,-7.77,0.0,0.0,20.1,125064,-0.76,20.0,0.739
2024-04-29T05:17:30.000,8.45,-7.38,0.0,0.0,20.1,125067,-0.49,20.0,0.739
2024-04-29T05:18:00.000,8.38,-7.41,0.0,0.0,20.1,125068,-0.4,20.0,0.739
2024-04-29T05:18:31.000,8.36,-7.17,0.0,0.0,20.1,125069,-0.3,20.0,0.739
2024-04-29T05:19:37.000,8.37,-7.14,0.0,0.0,20.1,125071,-0.11,20.0,0.739
2024-04-29T05:20:07.000,8.35,-6.93,0.0,0.0,20.1,125072,-0.02,20.0,0.739
2024-04-29T05:20:39.000,8.35,-7.05,0.0,0.0,20.1,125073,0.08,20.0,0.739
2024-04-29T05:40:44.000,9.03,-8.53,0.0,0.0,20.1,125112,3.72,19.0,0.737
2024-04-29T05:41:14.000,9.06,-8.83,0.0,0.0,20.1,125113,3.81,19.0,0.737
2024-04-29T05:41:46.000,9.08,-9.46,0.0,0.0,20.1,125114,3.91,19.0,0.737
2024-04-29T05:42:17.000,9.02,-10.04,0.33,0.18,20.1,125115,4.01,19.0,0.737
2024-04-29T05:42:49.000,8.94,-10.48,0.47,0.17,20.1,125116,4.1,19.0,0.737
2024-04-29T05:43:21.000,8.91,-10.07,0.0,0.0,20.1,125117,4.2,19.0,0.737
2024-04-29T05:43:51.000,8.96,-10.49,0.0,0.0,20.1,125118,4.29,19.0,0.737
2024-04-29T05:44:22.000,8.99,-11.12,0.0,0.0,20.1,125119,4.39,19.0,0.737
2024-04-29T06:09:02.000,9.88,-13.0,0.0,0.0,20.1,125165,8.96,17.0,0.736
2024-04-29T06:09:37.000,9.89,-13.0,0.0,0.0,20.1,125166,9.06,17.0,0.735
2024-04-29T06:10:09.000,9.91,-12.88,0.0,0.0,20.1,125167,9.16,17.0,0.735
2024-04-29T06:10:41.000,9.91,-12.81,0.01,0.21,20.1,125168,9.26,17.0,0.735
2024-04-29T06:11:13.000,9.89,-12.95,0.0,0.0,20.1,125169,9.36,17.0,0.735
2024-04-29T06:11:46.000,9.91,-12.42,0.0,0.0,20.1,125170,9.47,17.0,0.735
2024-04-29T06:12:16.000,9.98,-12.14,0.0,0.0,20.1,125171,9.56,17.0,0.735
2024-04-29T06:18:47.000,10.39,-11.34,0.0,0.0,20.1,125183,10.78,16.0,0.735
2024-04-29T06:19:20.000,10.49,-11.47,0.0,0.0,20.1,125184,10.88,16.0,0.735
2024-04-29T06:19:52.000,10.52,-11.63,0.0,0.0,20.1,125185,10.98,16.0,0.735
2024-04-29T06:20:55.000,10.7,-11.41,0.0,0.0,20.1,125187,11.18,16.0,0.735
2024-04-29T06:21:26.000,10.74,-11.07,0.0,0.0,20.1,125188,11.28,16.0,0.735
2024-04-29T06:21:58.000,10.83,-10.63,0.0,0.0,20.1,125189,11.38,16.0,0.735
2024-04-29T08:49:04.000,21.74,-7.54,0.0,0.0,20.1,125468,39.16,-0.0,0.725
2024-04-29T08:49:35.000,21.83,-7.42,0.0,0.0,20.1,125469,39.25,-0.0,0.725
2024-04-29T08:50:08.000,21.96,-6.98,0.0,0.0,20.1,125470,39.35,-1.0,0.725
2024-04-29T08:51:12.000,22.68,-6.15,0.0,0.0,20.1,125472,39.55,-1.0,0.725
2024-04-29T08:51:46.000,22.82,-6.82,0.0,0.0,20.1,125473,39.65,-1.0,0.725
2024-04-29T08:52:19.000,23.17,-4.68,0.0,0.0,20.1,125474,39.75,-1.0,0.725
2024-04-29T16:05:41.000,18.92,1.3,0.0,0.0,20.1,126293,33.32,-74.0,0.695
2024-04-29T16:06:14.000,19.02,1.56,0.0,0.0,20.1,126294,33.21,-74.0,0.695
2024-04-29T16:06:45.000,19.07,0.77,0.0,0.0,20.1,126295,33.12,-74.0,0.695
2024-04-29T16:07:48.000,19.12,1.22,0.0,0.0,20.1,126297,32.92,-74.0,0.695
2024-04-29T16:08:18.000,19.18,1.65,0.0,0.0,20.1,126298,32.82,-74.0,0.695
2024-04-29T16:08:51.000,19.36,1.94,0.0,0.0,20.1,126299,32.72,-74.0,0.695
2024-04-29T18:31:39.000,17.96,-3.23,0.0,0.0,20.1,126566,5.78,-68.0,0.685
2024-04-29T18:32:10.000,17.75,-3.65,0.0,0.0,20.1,126567,5.69,-68.0,0.685
2024-04-29T18:32:41.000,17.67,-2.97,0.0,0.0,20.1,126568,5.59,-68.0,0.685
2024-04-29T18:33:46.000,17.41,-3.78,0.0,0.0,20.1,126570,5.39,-68.0,0.685
2024-04-29T18:34:17.000,17.27,-3.55,0.0,0.0,20.1,126571,5.3,-68.0,0.685
