ecsv/stars1/stars1_2024-04.ecsv
# %ECSV 1.0
# ---
# datatype:
# - {name: time, datatype: string}
# - {name: Enclosure Temperature, unit: deg_C, datatype: float64}
# - {name: Sky Temperature, unit: deg_C, datatype: float64}
# - {name: Frequency, unit: Hz, datatype: float64}
# - {name: MSAS, unit: mag / arcsec2, datatype: float64}
# - {name: ZP, datatype: float64}
# - {name: Sequence Number, datatype: int64}
# - {name: Sun Alt, unit: deg, datatype: float64}
# - {name: Moon Alt, unit: deg, datatype: float64}
# - {name: Moon Illumination, datatype: float64}
# delimiter: ','
# meta: !!omap
# - ida:
#     Data supplier: {affiliation: null, observer: "Crist\xF3bal Garc\xEDa"}
#     Device type: TESS-W
#     Field of view: 17.0
#     Filters per channel: None
#     Instrument ID: stars1
#     License: ODbL 1.0 http://opendatacommons.org/licenses/odbl/summary/
#     Local timezone: Europe/Madrid
#     Location name: {country: Spain, place: "Coslada, barrio de La Estaci\xF3n", region: Community of Madrid, sub_region: "\xC1rea metropolitana\
#         \ de Madrid y Corredor del Henares", town: Coslada}
#     Measurement direction per channel: {azimuth: 0.0, zenital: 0.0}
#     Moving / Fixed look direction: FIXED
#     Moving / Stationary position: STATIONARY
#     Number of channels: 1
#     Number of fields per line: 8
#     Number of header lines: 35
#     Position: {height: 0.0, latitude: 40.4246043, longitude: -3.560279}
#     TESS MAC address: 18:FE:34:CF:E9:5A
#     TESS cover offset value: 0.0
#     TESS firmware version: '1.0'
#     TESS zero point: 20.1
#     Time Synchronization: timestamp added by MQTT subscriber
#     URL: http://www.darksky.org/NSBM/sdf1.0.pdf
# - __serialized_columns__:
#     Enclosure Temperature:
#       __class__: astropy.units.quantity.Quantity
#       unit: &id001 !astropy.units.Unit {unit: deg_C}
#       value: !astropy.table.SerializedColumn {name: Enclosure Temperature}
#     Frequency:
#       __class__: astropy.units.quantity.Quantity
#       unit: !astropy.units.Unit {unit: Hz}
#       value: !astropy.table.SerializedColumn {name: Frequency}
#     MSAS:
#       __class__: astropy.units.quantity.Quantity
#       unit: !astropy.units.Unit {unit: mag / arcsec2}
#       value: !astropy.table.SerializedColumn {name: MSAS}
#     Moon Alt:
#       __class__: astropy.units.quantity.Quantity
#       unit: &id002 !astropy.units.Unit {unit: deg}
#       value: !astropy.table.SerializedColumn {name: Moon Alt}
#     Sky Temperature:
#       __class__: astropy.units.quantity.Quantity
#       unit: *id001
#       value: !astropy.table.SerializedColumn {name: Sky Temperature}
#     Sun Alt:
#       __class__: astropy.units.quantity.Quantity
#       unit: *id002
#       value: !astropy.table.SerializedColumn {name: Sun Alt}
#     time:
#       __class__: astropy.time.core.Time
#       format: isot
#       in_subfmt: '*'
#       out_subfmt: '*'
#       precision: 3
#       scale: utc
#       value: !astropy.table.SerializedColumn {name: time}
# schema: astropy-2.0
time,Enclosure Temperature,Sky Temperature,Frequency,MSAS,ZP,Sequence Number,Sun Alt,Moon Alt,Moon Illumination
[from data line 20157]
2024-04-27T00:23:07.000,10.95,1.29,37.85,16.16,20.1,119007,-35.59,16.0,0.91
2024-04-27T00:23:40.000,10.99,1.46,38.93,16.12,20.1,119008,-35.58,16.0,0.91
2024-04-27T00:24:11.000,11.05,1.82,34.37,16.26,20.1,119009,-35.57,16.0,0.91
2024-04-27T00:24:43.000,11.1,1.31,31.98,16.34,20.1,119010,-35.57,16.0,0.91
2024-04-27T00:25:14.000,11.12,1.49,30.4,16.39,20.1,119011,-35.56,16.0,0.91
2024-04-27T00:25:44.000,11.18,1.81,30.3,16.4,20.1,119012,-35.55,16.0,0.91
2024-04-27T00:26:16.000,11.19,1.61,35.6,16.22,20.1,119013,-35.54,16.0,0.91
2024-04-27T00:26:47.000,11.22,2.29,41.45,16.06,20.1,119014,-35.54,16.0,0.91
2024-04-27T00:27:19.000,11.27,2.56,45.27,15.96,20.1,119015,-35.53,16.0,0.91
2024-04-27T00:27:50.000,11.26,1.99,48.42,15.89,20.1,119016,-35.52,16.0,0.91
2024-04-27T00:28:23.000,11.22,2.56,53.0,15.79,20.1,119017,-35.51,16.0,0.91
2024-04-27T00:28:54.000,11.22,2.62,58.14,15.69,20.1,119018,-35.5,16.0,0.91
2024-04-27T00:29:26.000,11.19,3.36,60.0,15.65,20.1,119019,-35.49,16.0,0.91
2024-04-27T00:29:57.000,11.01,2.6,59.32,15.67,20.1,119020,-35.48,16.0,0.91
2024-04-27T00:30:26.000,10.81,2.74,57.95,15.69,20.1,119021,-35.48,16.0,0.909
2024-04-27T00:30:56.000,10.6,2.64,53.91,15.77,20.1,119022,-35.47,16.0,0.909
2024-04-27T00:31:26.000,10.53,3.08,51.86,15.81,20.1,119023,-35.46,16.0,0.909
2024-04-27T00:31:56.000,10.43,2.21,55.77,15.73,20.1,119024,-35.45,16.0,0.909
2024-04-27T00:32:27.000,10.31,2.65,59.56,15.66,20.1,119025,-35.44,17.0,0.909
2024-04-27T00:32:57.000,10.21,2.9,60.45,15.65,20.1,119026,-35.43,17.0,0.909
2024-04-27T00:33:58.000,10.11,4.75,65.24,15.56,20.1,119028,-35.4,17.0,0.909
2024-04-27T00:34:30.000,10.01,4.95,64.59,15.57,20.1,119029,-35.39,17.0,0.909
2024-04-27T00:34:59.000,10.0,5.02,63.91,15.59,20.1,119030,-35.38,17.0,0.909
2024-04-27T00:35:29.000,9.99,4.84,63.0,15.6,20.1,119031,-35.37,17.0,0.909
2024-04-27T00:36:00.000,10.15,5.39,61.29,15.63,20.1,119032,-35.36,17.0,0.909
2024-04-27T00:36:32.000,10.23,4.8,57.19,15.71,20.1,119033,-35.34,17.0,0.909
2024-04-27T00:37:04.000,10.29,4.88,53.43,15.78,20.1,119034,-35.33,17.0,0.909
2024-04-27T00:37:38.000,10.25,4.72,54.94,15.75,20.1,119035,-35.32,17.0,0.909
2024-04-27T00:38:10.000,10.22,4.75,59.13,15.67,20.1,119036,-35.3,17.0,0.909
2024-04-27T00:38:41.000,10.18,4.89,62.98,15.6,20.1,119037,-35.29,17.0,0.909
2024-04-27T00:39:11.000,10.12,4.67,64.98,15.57,20.1,119038,-35.28,17.0,0.909
2024-04-27T00:39:42.000,10.05,4.73,64.62,15.57,20.1,119039,-35.26,17.0,0.909
2024-04-27T00:40:13.000,10.04,4.98,62.4,15.61,20.1,119040,-35.25,17.0,0.909
2024-04-27T00:40:44.000,10.01,4.82,60.31,15.65,20.1,119041,-35.23,17.0,0.909
2024-04-27T00:41:15.000,9.99,4.72,55.32,15.74,20.1,119042,-35.22,17.0,0.909
2024-04-27T00:41:47.000,10.05,4.6,48.85,15.88,20.1,119043,-35.2,17.0,0.909
2024-04-27T00:42:19.000,10.14,4.79,43.26,16.01,20.1,119044,-35.19,17.0,0.909
2024-04-27T00:42:51.000,10.23,4.74,40.04,16.09,20.1,119045,-35.17,17.0,0.909
2024-04-27T00:43:21.000,10.28,4.57,39.76,16.1,20.1,119046,-35.15,17.0,0.909
2024-04-27T00:43:53.000,10.24,3.84,40.68,16.08,20.1,119047,-35.14,17.0,0.909
2024-04-27T00:44:26.000,10.14,4.55,42.05,16.04,20.1,119048,-35.12,18.0,0.909
2024-04-27T00:44:59.000,10.09,5.44,45.02,15.97,20.1,119049,-35.1,18.0,0.909
2024-04-27T00:45:30.000,10.07,5.85,50.63,15.84,20.1,119050,-35.09,18.0,0.909
2024-04-27T00:46:00.000,10.04,5.81,56.04,15.73,20.1,119051,-35.07,18.0,0.909
2024-04-27T00:46:31.000,10.02,6.08,53.65,15.78,20.1,119052,-35.05,18.0,0.909
2024-04-27T00:47:03.000,10.03,6.26,53.48,15.78,20.1,119053,-35.03,18.0,0.909
2024-04-27T00:47:34.000,10.02,6.34,55.65,15.74,20.1,119054,-35.01,18.0,0.909
2024-04-27T00:48:05.000,10.01,6.32,57.82,15.7,20.1,119055,-35.0,18.0,0.909
2024-04-27T00:48:37.000,10.0,6.29,62.0,15.62,20.1,119056,-34.98,18.0,0.909
2024-04-27T00:49:08.000,10.02,6.37,61.11,15.63,20.1,119057,-34.96,18.0,0.909
2024-04-27T00:49:39.000,10.15,6.44,56.4,15.72,20.1,119058,-34.94,18.0,0.909
2024-04-27T00:50:09.000,10.17,6.51,56.14,15.73,20.1,119059,-34.92,18.0,0.909
2024-04-27T00:50:40.000,10.16,6.49,60.71,15.64,20.1,119060,-34.9,18.0,0.909
2024-04-27T00:51:11.000,10.15,6.74,63.74,15.59,20.1,119061,-34.88,18.0,0.909
2024-04-27T00:51:42.000,10.15,6.74,62.09,15.62,20.1,119062,-34.86,18.0,0.909
2024-04-27T00:52:13.000,10.08,6.46,59.5,15.66,20.1,119063,-34.84,18.0,0.909
2024-04-27T00:52:44.000,10.0,6.29,57.24,15.71,20.1,119064,-34.82,18.0,0.909
2024-04-27T00:53:14.000,9.98,6.52,53.36,15.78,20.1,119065,-34.8,18.0,0.909
2024-04-27T00:53:45.000,10.08,6.85,46.25,15.94,20.1,119066,-34.78,18.0,0.909
2024-04-27T00:54:18.000,10.26,6.92,39.37,16.11,20.1,119067,-34.76,18.0,0.909
2024-04-27T00:54:52.000,10.27,6.21,36.06,16.21,20.1,119068,-34.73,18.0,0.908
2024-04-27T00:55:23.000,10.18,6.27,36.17,16.2,20.1,119069,-34.71,18.0,0.908
2024-04-27T00:55:57.000,10.16,6.75,36.28,16.2,20.1,119070,-34.69,18.0,0.908
2024-04-27T00:56:30.000,10.15,6.55,39.37,16.11,20.1,119071,-34.66,18.0,0.908
2024-04-27T00:57:04.000,10.04,6.22,40.03,16.09,20.1,119072,-34.64,18.0,0.908
2024-04-27T00:57:38.000,9.96,6.28,38.4,16.14,20.1,119073,-34.61,18.0,0.908
2024-04-27T00:58:08.000,10.05,6.9,37.51,16.16,20.1,119074,-34.59,19.0,0.908
2024-04-27T00:58:40.000,10.21,6.66,32.92,16.31,20.1,119075,-34.57,19.0,0.908
2024-04-27T00:59:11.000,10.25,6.5,29.31,16.43,20.1,119076,-34.54,19.0,0.908
2024-04-27T00:59:44.000,10.25,6.23,29.61,16.42,20.1,119077,-34.52,19.0,0.908
2024-04-27T01:00:16.000,10.19,6.36,29.83,16.41,20.1,119078,-34.49,19.0,0.908
2024-04-27T01:00:47.000,10.14,6.4,27.53,16.5,20.1,119079,-34.47,19.0,0.908
2024-04-27T01:01:19.000,10.08,6.3,25.5,16.58,20.1,119080,-34.44,19.0,0.908
2024-04-27T01:01:50.000,10.05,6.62,24.4,16.63,20.1,119081,-34.42,19.0,0.908
2024-04-27T01:02:23.000,9.99,6.29,23.22,16.69,20.1,119082,-34.39,19.0,0.908
2024-04-27T01:02:53.000,10.0,6.6,27.38,16.51,20.1,119083,-34.36,19.0,0.908
2024-04-27T01:03:24.000,10.11,6.98,33.06,16.3,20.1,119084,-34.34,19.0,0.908
2024-04-27T01:03:57.000,10.27,7.09,35.4,16.23,20.1,119085,-34.31,19.0,0.908
2024-04-27T01:04:29.000,10.32,6.6,35.84,16.21,20.1,119086,-34.28,19.0,0.908
2024-04-27T01:05:02.000,10.22,6.34,31.4,16.36,20.1,119087,-34.26,19.0,0.908
2024-04-27T01:05:34.000,10.22,6.61,32.5,16.32,20.1,119088,-34.23,19.0,0.908
2024-04-27T01:06:05.000,10.14,6.45,34.08,16.27,20.1,119089,-34.2,19.0,0.908
2024-04-27T01:06:37.000,10.14,6.85,37.06,16.18,20.1,119090,-34.17,19.0,0.908
2024-04-27T01:07:09.000,10.06,6.37,40.26,16.09,20.1,119091,-34.14,19.0,0.908
2024-04-27T01:07:40.000,10.04,6.74,41.24,16.06,20.1,119092,-34.12,19.0,0.908
2024-04-27T01:08:11.000,10.04,6.66,38.67,16.13,20.1,119093,-34.09,19.0,0.908
2024-04-27T01:08:42.000,10.02,7.02,37.25,16.17,20.1,119094,-34.06,19.0,0.908
2024-04-27T01:09:13.000,10.13,7.21,41.09,16.07,20.1,119095,-34.03,19.0,0.908
2024-04-27T01:09:45.000,10.17,7.1,43.95,15.99,20.1,119096,-34.0,19.0,0.908
2024-04-27T01:10:17.000,10.2,7.1,45.95,15.94,20.1,119097,-33.97,19.0,0.908
2024-04-27T01:10:49.000,10.22,7.22,43.98,15.99,20.1,119098,-33.94,19.0,0.908
2024-04-27T01:11:20.000,10.23,7.24,43.45,16.01,20.1,119099,-33.91,19.0,0.908
2024-04-27T01:11:53.000,10.23,7.15,43.07,16.01,20.1,119100,-33.88,19.0,0.908
2024-04-27T01:12:25.000,10.24,7.26,45.8,15.95,20.1,119101,-33.85,19.0,0.908
2024-04-27T01:12:56.000,10.23,7.16,47.97,15.9,20.1,119102,-33.82,19.0,0.908
2024-04-27T01:13:28.000,10.21,7.06,45.97,15.94,20.1,119103,-33.79,19.0,0.908
2024-04-27T01:13:59.000,10.19,7.0,43.43,16.01,20.1,119104,-33.76,20.0,0.908
2024-04-27T01:14:30.000,10.18,7.06,39.41,16.11,20.1,119105,-33.73,20.0,0.908
2024-04-27T01:15:02.000,10.16,6.89,33.32,16.29,20.1,119106,-33.69,20.0,0.908
2024-04-27T01:15:33.000,10.13,7.02,27.68,16.5,20.1,119107,-33.66,20.0,0.908
2024-04-27T01:16:04.000,10.14,7.1,23.38,16.68,20.1,119108,-33.63,20.0,0.908
2024-04-27T01:16:35.000,10.16,7.22,24.42,16.63,20.1,119109,-33.6,20.0,0.908
2024-04-27T01:17:06.000,10.13,6.81,29.37,16.43,20.1,119110,-33.57,20.0,0.908
2024-04-27T01:17:38.000,10.13,7.23,30.65,16.38,20.1,119111,-33.53,20.0,0.908
2024-04-27T01:18:09.000,10.15,7.13,30.54,16.39,20.1,119112,-33.5,20.0,0.908
2024-04-27T01:18:41.000,10.1,6.79,32.45,16.32,20.1,119113,-33.47,20.0,0.907
2024-04-27T01:19:12.000,10.06,6.9,33.05,16.3,20.1,119114,-33.43,20.0,0.907
2024-04-27T01:19:43.000,10.05,6.8,25.83,16.57,20.1,119115,-33.4,20.0,0.907
2024-04-27T01:20:15.000,10.02,6.63,22.57,16.6,20.1,119116,-33.37,20.0,0.907
2024-04-27T01:20:48.000,10.01,6.89,22.37,16.73,20.1,119117,-33.33,20.0,0.907
2024-04-27T01:21:21.000,10.15,7.41,23.45,16.67,20.1,119118,-33.29,20.0,0.907
2024-04-27T01:21:53.000,10.23,7.0,21.41,16.78,20.1,119119,-33.26,20.0,0.907
2024-04-27T01:22:25.000,10.26,7.0,18.84,16.91,20.1,119120,-33.22,20.0,0.907
2024-04-27T01:22:59.000,10.28,7.09,19.98,16.85,20.1,119121,-33.18,20.0,0.907
2024-04-27T01:23:32.000,10.35,7.27,19.16,16.89,20.1,119122,-33.15,20.0,0.907
2024-04-27T01:24:03.000,10.32,6.88,20.69,16.81,20.1,119123,-33.11,20.0,0.907
2024-04-27T01:24:34.000,10.32,7.02,25.23,16.6,20.1,119124,-33.08,20.0,0.907
2024-04-27T01:25:08.000,10.31,6.99,31.38,16.36,20.1,119125,-33.04,20.0,0.907
2024-04-27T01:25:39.000,10.32,7.05,36.77,16.19,20.1,119126,-33.0,20.0,0.907
2024-04-27T01:26:12.000,10.34,6.9,45.28,15.96,20.1,119127,-32.96,20.0,0.907
2024-04-27T01:26:44.000,10.33,7.11,49.65,15.86,20.1,119128,-32.92,20.0,0.907
2024-04-27T01:27:15.000,10.28,6.33,52.0,15.81,20.1,119129,-32.89,20.0,0.907
2024-04-27T01:27:45.000,10.3,7.12,51.87,15.81,20.1,119130,-32.85,20.0,0.907
2024-04-27T01:28:16.000,10.35,7.11,50.43,15.84,20.1,119131,-32.82,20.0,0.907
2024-04-27T01:28:46.000,10.38,6.85,49.92,15.85,20.1,119132,-32.78,20.0,0.907
2024-04-27T01:29:19.000,10.35,6.6,47.0,15.92,20.1,119133,-32.74,20.0,0.907
2024-04-27T01:29:49.000,10.38,6.66,41.48,16.06,20.1,119134,-32.7,20.0,0.907
2024-04-27T01:30:20.000,10.43,6.62,36.61,16.19,20.1,119135,-32.66,20.0,0.907
2024-04-27T01:30:52.000,10.43,6.35,35.84,16.21,20.1,119136,-32.62,20.0,0.907
2024-04-27T01:31:23.000,10.4,5.78,33.29,16.29,20.1,119137,-32.59,20.0,0.907
2024-04-27T01:31:57.000,10.38,5.95,37.28,16.17,20.1,119138,-32.54,20.0,0.907
2024-04-27T01:32:28.000,10.36,5.75,42.18,16.04,20.1,119139,-32.5,20.0,0.907
2024-04-27T01:33:00.000,10.38,5.87,43.59,16.0,20.1,119140,-32.46,21.0,0.907
2024-04-27T01:33:32.000,10.42,5.9,42.66,16.02,20.1,119141,-32.42,21.0,0.907
2024-04-27T01:34:04.000,10.45,5.84,46.66,15.93,20.1,119142,-32.38,21.0,0.907
2024-04-27T01:34:36.000,10.45,5.45,47.29,15.91,20.1,119143,-32.34,21.0,0.907
2024-04-27T01:35:09.000,10.45,5.68,48.18,15.89,20.1,119144,-32.3,21.0,0.907
2024-04-27T01:35:41.000,10.51,5.94,49.01,15.87,20.1,119145,-32.26,21.0,0.907
2024-04-27T01:36:11.000,10.53,5.5,49.76,15.86,20.1,119146,-32.22,21.0,0.907
2024-04-27T01:36:43.000,10.53,5.52,53.02,15.79,20.1,119147,-32.18,21.0,0.907
2024-04-27T01:37:14.000,10.53,5.09,56.27,15.72,20.1,119148,-32.13,21.0,0.907
2024-04-27T01:37:44.000,10.55,5.71,58.0,15.69,20.1,119149,-32.09,21.0,0.907
2024-04-27T01:38:16.000,10.63,5.51,59.65,15.66,20.1,119150,-32.05,21.0,0.907
2024-04-27T01:38:47.000,10.65,5.48,60.13,15.65,20.1,119151,-32.01,21.0,0.907
2024-04-27T01:39:18.000,10.68,5.28,62.0,15.62,20.1,119152,-31.97,21.0,0.907
2024-04-27T01:39:49.000,10.7,5.39,62.0,15.62,20.1,119153,-31.93,21.0,0.907
2024-04-27T01:40:19.000,10.69,5.01,61.91,15.62,20.1,119154,-31.89,21.0,0.907
2024-04-27T01:40:49.000,10.72,5.2,60.36,15.65,20.1,119155,-31.84,21.0,0.907
2024-04-27T01:41:19.000,10.74,5.03,60.0,15.65,20.1,119156,-31.8,21.0,0.907
2024-04-27T01:41:50.000,10.76,5.43,62.09,15.62,20.1,119157,-31.76,21.0,0.907
2024-04-27T01:42:21.000,10.81,5.42,65.87,15.55,20.1,119158,-31.72,21.0,0.907
2024-04-27T01:42:53.000,10.69,5.3,64.49,15.58,20.1,119159,-31.67,21.0,0.906
2024-04-27T01:43:24.000,10.54,5.77,60.72,15.64,20.1,119160,-31.63,21.0,0.906
2024-04-27T01:43:56.000,10.38,5.91,58.74,15.68,20.1,119161,-31.58,21.0,0.906
2024-04-27T01:44:26.000,10.25,6.75,56.91,15.71,20.1,119162,-31.54,21.0,0.906
2024-04-27T01:44:57.000,10.18,7.09,54.18,15.77,20.1,119163,-31.5,21.0,0.906
2024-04-27T01:45:27.000,10.18,7.14,55.09,15.75,20.1,119164,-31.45,21.0,0.906
2024-04-27T01:45:57.000,10.12,6.85,56.0,15.73,20.1,119165,-31.41,21.0,0.906
2024-04-27T01:46:28.000,10.06,6.89,57.2,15.71,20.1,119166,-31.37,21.0,0.906
2024-04-27T01:46:59.000,10.03,6.86,59.16,15.67,20.1,119167,-31.32,21.0,0.906
2024-04-27T01:47:30.000,10.01,7.02,60.61,15.64,20.1,119168,-31.28,21.0,0.906
2024-04-27T01:48:01.000,10.02,7.02,62.0,15.62,20.1,119169,-31.23,21.0,0.906
2024-04-27T01:48:31.000,10.01,6.94,63.73,15.59,20.1,119170,-31.19,21.0,0.906
2024-04-27T01:49:01.000,10.1,7.62,61.23,15.63,20.1,119171,-31.14,21.0,0.906
2024-04-27T01:49:31.000,10.24,7.43,58.0,15.69,20.1,119172,-31.1,21.0,0.906
2024-04-27T01:50:04.000,10.23,7.0,57.96,15.69,20.1,119173,-31.05,21.0,0.906
2024-04-27T01:50:34.000,10.21,6.91,59.69,15.66,20.1,119174,-31.0,21.0,0.906
2024-04-27T01:51:05.000,10.18,6.92,61.95,15.62,20.1,119175,-30.96,21.0,0.906
2024-04-27T01:51:36.000,10.18,7.03,65.96,15.55,20.1,119176,-30.91,21.0,0.906
2024-04-27T01:52:06.000,10.12,6.64,69.29,15.5,20.1,119177,-30.86,21.0,0.906
2024-04-27T01:52:36.000,10.08,7.03,70.0,15.49,20.1,119178,-30.82,21.0,0.906
2024-04-27T01:53:07.000,10.04,6.68,70.04,15.49,20.1,119179,-30.77,21.0,0.906
2024-04-27T01:53:41.000,10.0,6.71,71.29,15.47,20.1,119180,-30.72,21.0,0.906
2024-04-27T01:54:12.000,9.98,6.8,72.0,15.46,20.1,119181,-30.67,21.0,0.906
2024-04-27T01:54:43.000,10.07,6.93,71.29,15.47,20.1,119182,-30.62,21.0,0.906
2024-04-27T01:55:13.000,10.21,7.26,69.56,15.49,20.1,119183,-30.57,21.0,0.906
2024-04-27T01:55:45.000,10.32,7.08,67.96,15.52,20.1,119184,-30.52,21.0,0.906
2024-04-27T01:56:16.000,10.3,6.8,67.78,15.52,20.1,119185,-30.48,21.0,0.906
2024-04-27T01:56:48.000,10.25,6.87,65.38,15.56,20.1,119186,-30.43,21.0,0.906
2024-04-27T01:57:19.000,10.26,7.11,61.96,15.62,20.1,119187,-30.38,21.0,0.906
2024-04-27T01:57:51.000,10.24,7.02,58.0,15.69,20.1,119188,-30.33,21.0,0.906
2024-04-27T01:58:21.000,10.15,6.51,59.02,15.67,20.1,119189,-30.28,21.0,0.906
2024-04-27T01:58:52.000,10.08,6.77,61.36,15.63,20.1,119190,-30.23,21.0,0.906
2024-04-27T01:59:22.000,10.04,6.79,63.32,15.6,20.1,119191,-30.18,21.0,0.906
2024-04-27T01:59:53.000,10.01,6.63,65.96,15.55,20.1,119192,-30.13,21.0,0.906
2024-04-27T02:00:30.000,10.02,7.09,67.89,15.52,20.1,119193,-30.07,21.0,0.906
2024-04-27T02:01:02.000,10.1,6.98,69.45,15.5,20.1,119194,-30.02,21.0,0.906
2024-04-27T02:01:33.000,10.16,7.19,69.29,15.5,20.1,119195,-29.97,22.0,0.906
2024-04-27T02:02:03.000,10.21,6.95,69.09,15.5,20.1,119196,-29.92,22.0,0.906
2024-04-27T02:02:33.000,10.14,6.62,68.41,15.51,20.1,119197,-29.87,22.0,0.906
2024-04-27T02:03:04.000,10.12,6.89,66.04,15.55,20.1,119198,-29.82,22.0,0.906
2024-04-27T02:03:34.000,10.07,6.92,64.18,15.58,20.1,119199,-29.77,22.0,0.906
2024-04-27T02:04:05.000,10.01,6.3,63.27,15.6,20.1,119200,-29.71,22.0,0.906
2024-04-27T02:04:35.000,9.98,6.81,62.05,15.62,20.1,119201,-29.66,22.0,0.906
2024-04-27T02:05:06.000,10.13,7.29,63.57,15.59,20.1,119202,-29.61,22.0,0.906
2024-04-27T02:05:38.000,10.29,7.19,64.52,15.58,20.1,119203,-29.56,22.0,0.906
2024-04-27T02:06:08.000,10.32,6.84,63.96,15.59,20.1,119204,-29.51,22.0,0.906
2024-04-27T02:06:39.000,10.29,6.74,63.05,15.6,20.1,119205,-29.45,22.0,0.906
2024-04-27T02:07:09.000,10.25,6.75,64.0,15.58,20.1,119206,-29.4,22.0,0.905
2024-04-27T02:07:39.000,10.19,6.45,63.73,15.59,20.1,119207,-29.35,22.0,0.905
2024-04-27T02:08:10.000,10.02,5.8,62.91,15.6,20.1,119208,-29.3,22.0,0.905
2024-04-27T02:08:41.000,9.99,6.74,62.93,15.6,20.1,119209,-29.25,22.0,0.905
2024-04-27T02:09:12.000,10.14,7.07,64.0,15.58,20.1,119210,-29.19,22.0,0.905
2024-04-27T02:09:42.000,10.22,6.98,64.52,15.58,20.1,119211,-29.14,22.0,0.905
2024-04-27T02:10:13.000,10.33,6.99,64.4,15.58,20.1,119212,-29.09,22.0,0.905
2024-04-27T02:10:43.000,10.26,6.48,64.09,15.58,20.1,119213,-29.03,22.0,0.905
2024-04-27T02:11:13.000,10.24,6.8,66.0,15.55,20.1,119214,-28.98,22.0,0.905
2024-04-27T02:11:44.000,10.09,5.85,63.68,15.59,20.1,119215,-28.93,22.0,0.905
2024-04-27T02:12:14.000,10.03,6.65,64.32,15.58,20.1,119216,-28.87,22.0,0.905
