ecsv/stars1/stars1_2025-04.ecsv
# %ECSV 1.0
# ---
# datatype:
# - {name: time, datatype: string}
# - {name: Enclosure Temperature, unit: deg_C, datatype: float64}
# - {name: Sky Temperature, unit: deg_C, datatype: float64}
# - {name: Frequency, unit: Hz, datatype: float64}
# - {name: MSAS, unit: mag / arcsec2, datatype: float64}
# - {name: ZP, datatype: float64}
# - {name: Sequence Number, datatype: int64}
# - {name: Sun Alt, unit: deg, datatype: float64}
# - {name: Moon Alt, unit: deg, datatype: float64}
# - {name: Moon Illumination, datatype: float64}
# delimiter: ','
# meta: !!omap
# - ida:
#     Data supplier: {affiliation: null, observer: "Crist\xF3bal Garc\xEDa"}
#     Device type: TESS-W
#     Field of view: 17.0
#     Filters per channel: None
#     Instrument ID: stars1
#     License: ODbL 1.0 http://opendatacommons.org/licenses/odbl/summary/
#     Local timezone: Europe/Madrid
#     Location name: {country: Spain, place: "Coslada, barrio de La Estaci\xF3n", region: Community of Madrid, sub_region: "\xC1rea metropolitana\
#         \ de Madrid y Corredor del Henares", town: Coslada}
#     Measurement direction per channel: {azimuth: 0.0, zenital: 0.0}
#     Moving / Fixed look direction: FIXED
#     Moving / Stationary position: STATIONARY
#     Number of channels: 1
#     Number of fields per line: 8
#     Number of header lines: 35
#     Position: {height: 0.0, latitude: 40.4246043, longitude: -3.560279}
#     TESS MAC address: 18:FE:34:CF:E9:5A
#     TESS cover offset value: 0.0
#     TESS firmware version: '1.0'
#     TESS zero point: 20.1
#     Time Synchronization: timestamp added by MQTT subscriber
#     URL: http://www.darksky.org/NSBM/sdf1.0.pdf
# - __serialized_columns__:
#     Enclosure Temperature:
#       __class__: astropy.units.quantity.Quantity
#       unit: &id001 !astropy.units.Unit {unit: deg_C}
#       value: !astropy.table.SerializedColumn {name: Enclosure Temperature}
#     Frequency:
#       __class__: astropy.units.quantity.Quantity
#       unit: !astropy.units.Unit {unit: Hz}
#       value: !astropy.table.SerializedColumn {name: Frequency}
#     MSAS:
#       __class__: astropy.units.quantity.Quantity
#       unit: !astropy.units.Unit {unit: mag / arcsec2}
#       value: !astropy.table.SerializedColumn {name: MSAS}
#     Moon Alt:
#       __class__: astropy.units.quantity.Quantity
#       unit: &id002 !astropy.units.Unit {unit: deg}
#       value: !astropy.table.SerializedColumn {name: Moon Alt}
#     Sky Temperature:
#       __class__: astropy.units.quantity.Quantity
#       unit: *id001
#       value: !astropy.table.SerializedColumn {name: Sky Temperature}
#     Sun Alt:
#       __class__: astropy.units.quantity.Quantity
#       unit: *id002
#       value: !astropy.table.SerializedColumn {name: Sun Alt}
#     time:
#       __class__: astropy.time.core.Time
#       format: isot
#       in_subfmt: '*'
#       out_subfmt: '*'
#       precision: 3
#       scale: utc
#       value: !astropy.table.SerializedColumn {name: time}
# schema: astropy-2.0
time,Enclosure Temperature,Sky Temperature,Frequency,MSAS,ZP,Sequence Number,Sun Alt,Moon Alt,Moon Illumination
[from data line 19919]
2025-04-15T22:22:00.000,9.99,-8.78,12.59,17.35,20.1,421100,-33.21,5.0,0.924
2025-04-15T22:22:30.000,10.04,-9.7,13.84,17.25,20.1,421101,-33.27,5.0,0.924
2025-04-15T22:23:00.000,10.02,-8.56,13.97,17.24,20.1,421102,-33.32,5.0,0.924
2025-04-15T22:23:30.000,10.04,-8.54,14.64,17.19,20.1,421103,-33.37,5.0,0.924
2025-04-15T22:24:01.000,10.11,-8.85,14.86,17.18,20.1,421104,-33.43,5.0,0.924
2025-04-15T22:24:31.000,9.96,-9.08,14.11,17.23,20.1,421105,-33.48,5.0,0.924
2025-04-15T22:25:01.000,9.88,-8.58,14.01,17.24,20.1,421106,-33.53,5.0,0.924
2025-04-15T22:25:31.000,10.19,-7.36,13.91,17.25,20.1,421107,-33.58,5.0,0.924
2025-04-15T22:26:02.000,10.46,-7.37,13.62,17.27,20.1,421108,-33.63,5.0,0.924
2025-04-15T22:26:33.000,10.55,-8.13,13.35,17.29,20.1,421109,-33.69,6.0,0.924
2025-04-15T22:27:03.000,10.42,-8.86,12.82,17.33,20.1,421110,-33.74,6.0,0.924
2025-04-15T22:27:33.000,10.27,-8.74,12.09,17.39,20.1,421111,-33.79,6.0,0.924
2025-04-15T22:28:04.000,9.96,-9.98,11.9,17.41,20.1,421112,-33.84,6.0,0.924
2025-04-15T22:28:34.000,9.56,-9.93,11.22,17.48,20.1,421113,-33.89,6.0,0.924
2025-04-15T22:29:04.000,9.4,-10.16,10.78,17.52,20.1,421114,-33.94,6.0,0.924
2025-04-15T22:29:34.000,9.37,-9.62,10.15,17.59,20.1,421115,-33.99,6.0,0.924
2025-04-15T22:30:05.000,9.47,-9.69,9.74,17.63,20.1,421116,-34.04,6.0,0.924
2025-04-15T22:30:35.000,9.67,-9.14,9.39,17.67,20.1,421117,-34.09,6.0,0.924
2025-04-15T22:31:06.000,10.02,-9.31,9.09,17.71,20.1,421118,-34.14,6.0,0.924
2025-04-15T22:31:36.000,10.32,-8.6,8.54,17.77,20.1,421119,-34.19,6.0,0.924
2025-04-15T22:32:06.000,10.46,-10.25,8.25,17.81,20.1,421120,-34.24,6.0,0.924
2025-04-15T22:32:36.000,10.33,-10.34,7.96,17.85,20.1,421121,-34.29,6.0,0.924
2025-04-15T22:33:07.000,10.29,-9.03,7.88,17.86,20.1,421122,-34.34,6.0,0.924
2025-04-15T22:33:37.000,10.24,-10.73,7.6,17.9,20.1,421123,-34.38,7.0,0.924
2025-04-15T22:34:07.000,9.82,-11.27,7.57,17.9,20.1,421124,-34.43,7.0,0.924
2025-04-15T22:34:37.000,9.66,-10.68,7.84,17.87,20.1,421125,-34.48,7.0,0.924
2025-04-15T22:35:07.000,9.69,-10.34,8.11,17.83,20.1,421126,-34.53,7.0,0.924
2025-04-15T22:35:37.000,9.87,-10.13,8.68,17.76,20.1,421127,-34.57,7.0,0.924
2025-04-15T22:36:08.000,10.08,-9.71,9.51,17.66,20.1,421128,-34.62,7.0,0.924
2025-04-15T22:36:38.000,10.54,-8.28,10.28,17.58,20.1,421129,-34.67,7.0,0.924
2025-04-15T22:37:08.000,10.43,-12.27,11.78,17.43,20.1,421130,-34.72,7.0,0.924
2025-04-15T22:37:38.000,9.99,-11.28,13.76,17.26,20.1,421131,-34.76,7.0,0.924
2025-04-15T22:38:09.000,10.0,-9.01,16.34,17.08,20.1,421132,-34.81,7.0,0.924
2025-04-15T22:38:39.000,10.11,-9.97,14.43,17.21,20.1,421133,-34.86,7.0,0.924
2025-04-15T22:39:09.000,10.0,-9.66,12.22,17.39,20.1,421134,-34.9,7.0,0.924
2025-04-15T22:39:40.000,9.87,-10.6,10.98,17.5,20.1,421135,-34.95,7.0,0.924
2025-04-15T22:40:10.000,9.73,-10.71,10.27,17.58,20.1,421136,-35.0,7.0,0.924
2025-04-15T22:40:40.000,9.8,-9.52,10.5,17.55,20.1,421137,-35.04,7.0,0.924
2025-04-15T22:41:10.000,10.1,-9.98,11.38,17.46,20.1,421138,-35.09,8.0,0.924
2025-04-15T22:41:41.000,10.29,-9.22,11.65,17.44,20.1,421139,-35.13,8.0,0.924
2025-04-15T22:42:11.000,10.47,-10.1,10.96,17.51,20.1,421140,-35.18,8.0,0.924
2025-04-15T22:42:41.000,10.45,-9.45,9.5,17.66,20.1,421141,-35.22,8.0,0.924
2025-04-15T22:43:12.000,10.34,-11.61,8.45,17.78,20.1,421142,-35.27,8.0,0.924
2025-04-15T22:43:42.000,9.97,-11.07,7.98,17.85,20.1,421143,-35.31,8.0,0.924
2025-04-15T22:44:12.000,9.93,-10.28,7.82,17.87,20.1,421144,-35.36,8.0,0.924
2025-04-15T22:44:42.000,10.07,-10.1,7.65,17.89,20.1,421145,-35.4,8.0,0.924
2025-04-15T22:45:12.000,10.03,-11.55,7.54,17.91,20.1,421146,-35.44,8.0,0.924
2025-04-15T22:45:43.000,9.93,-10.86,7.49,17.92,20.1,421147,-35.49,8.0,0.924
2025-04-15T22:46:13.000,10.12,-9.9,7.5,17.91,20.1,421148,-35.53,8.0,0.924
2025-04-15T22:46:43.000,10.09,-11.72,7.41,17.93,20.1,421149,-35.57,8.0,0.924
2025-04-15T22:47:14.000,10.1,-9.88,7.39,17.93,20.1,421150,-35.62,8.0,0.924
2025-04-15T22:47:44.000,10.16,-10.4,7.39,17.93,20.1,421151,-35.66,8.0,0.924
2025-04-15T22:48:14.000,10.06,-10.51,7.33,17.94,20.1,421152,-35.7,8.0,0.924
2025-04-15T22:48:45.000,9.98,-10.15,7.31,17.94,20.1,421153,-35.75,9.0,0.924
2025-04-15T22:49:15.000,10.02,-9.6,7.31,17.94,20.1,421154,-35.79,9.0,0.924
2025-04-15T22:49:45.000,10.08,-9.55,7.32,17.94,20.1,421155,-35.83,9.0,0.923
2025-04-15T22:50:16.000,9.95,-11.97,7.4,17.93,20.1,421156,-35.87,9.0,0.923
2025-04-15T22:50:46.000,9.61,-12.18,7.37,17.93,20.1,421157,-35.91,9.0,0.923
2025-04-15T22:51:17.000,9.55,-11.02,7.42,17.93,20.1,421158,-35.96,9.0,0.923
2025-04-15T22:51:47.000,9.63,-12.62,7.37,17.93,20.1,421159,-36.0,9.0,0.923
2025-04-15T22:52:17.000,9.56,-11.91,7.46,17.92,20.1,421160,-36.04,9.0,0.923
2025-04-15T22:52:48.000,10.03,-10.17,7.52,17.91,20.1,421161,-36.08,9.0,0.923
2025-04-15T22:53:18.000,10.21,-11.79,7.53,17.91,20.1,421162,-36.12,9.0,0.923
2025-04-15T22:53:48.000,10.41,-9.89,7.53,17.91,20.1,421163,-36.16,9.0,0.923
2025-04-15T22:54:18.000,10.54,-11.29,7.49,17.92,20.1,421164,-36.2,9.0,0.923
2025-04-15T22:54:49.000,10.14,-13.31,7.54,17.91,20.1,421165,-36.24,9.0,0.923
2025-04-15T22:55:19.000,9.76,-12.06,7.54,17.91,20.1,421166,-36.28,9.0,0.923
2025-04-15T22:55:49.000,9.63,-11.9,7.84,17.87,20.1,421167,-36.32,9.0,0.923
2025-04-15T22:56:19.000,9.72,-10.82,7.78,17.87,20.1,421168,-36.36,10.0,0.923
2025-04-15T22:56:49.000,10.01,-10.99,7.87,17.86,20.1,421169,-36.39,10.0,0.923
2025-04-15T22:57:19.000,10.2,-9.89,7.95,17.85,20.1,421170,-36.43,10.0,0.923
2025-04-15T22:57:50.000,10.24,-12.0,7.87,17.86,20.1,421171,-36.47,10.0,0.923
2025-04-15T22:58:20.000,9.83,-13.38,7.97,17.85,20.1,421172,-36.51,10.0,0.923
2025-04-15T22:58:50.000,9.42,-12.82,8.1,17.83,20.1,421173,-36.55,10.0,0.923
2025-04-15T22:59:21.000,9.4,-11.32,8.26,17.81,20.1,421174,-36.59,10.0,0.923
2025-04-15T22:59:51.000,9.49,-10.76,8.52,17.78,20.1,421175,-36.62,10.0,0.923
2025-04-15T23:00:21.000,9.84,-9.39,9.02,17.71,20.1,421176,-36.66,10.0,0.923
2025-04-15T23:00:51.000,10.47,-7.05,9.79,17.63,20.1,421177,-36.7,10.0,0.923
2025-04-15T23:01:22.000,10.97,-7.69,10.51,17.55,20.1,421178,-36.73,10.0,0.923
2025-04-15T23:01:52.000,11.18,-7.22,10.89,17.51,20.1,421179,-36.77,10.0,0.923
2025-04-15T23:02:22.000,11.23,-7.96,11.7,17.43,20.1,421180,-36.81,10.0,0.923
2025-04-15T23:02:53.000,10.84,-10.27,12.74,17.34,20.1,421181,-36.84,10.0,0.923
2025-04-15T23:03:23.000,10.33,-9.02,14.02,17.24,20.1,421182,-36.88,10.0,0.923
2025-04-15T23:03:53.000,10.01,-9.03,16.12,17.09,20.1,421183,-36.91,11.0,0.923
2025-04-15T23:04:23.000,9.65,-9.7,15.75,17.12,20.1,421184,-36.95,11.0,0.923
2025-04-15T23:04:54.000,9.4,-8.37,15.73,17.12,20.1,421185,-36.99,11.0,0.923
2025-04-15T23:05:24.000,9.67,-6.54,15.51,17.13,20.1,421186,-37.02,11.0,0.923
2025-04-15T23:05:54.000,10.18,-5.78,15.44,17.14,20.1,421187,-37.05,11.0,0.923
2025-04-15T23:06:25.000,10.6,-5.84,16.06,17.09,20.1,421188,-37.09,11.0,0.923
2025-04-15T23:06:55.000,10.7,-7.16,16.74,17.05,20.1,421189,-37.12,11.0,0.923
2025-04-15T23:07:25.000,10.49,-8.83,20.08,16.85,20.1,421190,-37.16,11.0,0.923
2025-04-15T23:07:56.000,9.92,-9.48,19.14,16.9,20.1,421191,-37.19,11.0,0.923
2025-04-15T23:08:26.000,9.67,-8.43,19.46,16.89,20.1,421192,-37.23,11.0,0.923
2025-04-15T23:08:56.000,9.64,-7.55,19.3,16.9,20.1,421193,-37.26,11.0,0.923
2025-04-15T23:09:27.000,9.66,-8.3,18.89,16.92,20.1,421194,-37.29,11.0,0.923
2025-04-15T23:09:57.000,9.91,-7.49,19.05,16.91,20.1,421195,-37.32,11.0,0.923
2025-04-15T23:10:27.000,9.99,-9.13,16.61,17.06,20.1,421196,-37.36,11.0,0.923
2025-04-15T23:10:57.000,10.05,-8.84,15.7,17.12,20.1,421197,-37.39,11.0,0.923
2025-04-15T23:11:28.000,10.04,-8.94,14.89,17.18,20.1,421198,-37.42,11.0,0.923
2025-04-15T23:11:58.000,10.03,-8.97,13.56,17.27,20.1,421199,-37.45,12.0,0.923
2025-04-15T23:12:28.000,9.76,-9.65,12.6,17.35,20.1,421200,-37.48,12.0,0.923
2025-04-15T23:12:58.000,9.65,-9.43,12.15,17.39,20.1,421201,-37.52,12.0,0.923
2025-04-15T23:13:28.000,9.65,-8.62,12.25,17.38,20.1,421202,-37.55,12.0,0.923
2025-04-15T23:13:58.000,10.11,-6.3,12.37,17.37,20.1,421203,-37.58,12.0,0.923
2025-04-15T23:14:29.000,10.43,-7.88,12.61,17.35,20.1,421204,-37.61,12.0,0.923
2025-04-15T23:14:59.000,10.37,-9.23,13.14,17.31,20.1,421205,-37.64,12.0,0.923
2025-04-15T23:15:29.000,10.02,-9.41,13.5,17.28,20.1,421206,-37.67,12.0,0.923
2025-04-15T23:16:00.000,10.06,-6.79,14.13,17.23,20.1,421207,-37.7,12.0,0.923
2025-04-15T23:16:30.000,10.19,-6.67,14.49,17.21,20.1,421208,-37.73,12.0,0.923
2025-04-15T23:17:00.000,10.06,-7.95,15.84,17.11,20.1,421209,-37.76,12.0,0.923
2025-04-15T23:17:30.000,9.76,-8.17,16.77,17.05,20.1,421210,-37.79,12.0,0.923
2025-04-15T23:18:01.000,9.85,-6.12,16.69,17.05,20.1,421211,-37.82,12.0,0.922
2025-04-15T23:18:31.000,10.03,-6.65,16.37,17.07,20.1,421212,-37.85,12.0,0.922
2025-04-15T23:19:01.000,10.31,-5.95,14.6,17.2,20.1,421213,-37.87,12.0,0.922
2025-04-15T23:19:32.000,10.15,-8.7,14.04,17.24,20.1,421214,-37.9,12.0,0.922
2025-04-15T23:20:02.000,9.99,-8.47,13.73,17.26,20.1,421215,-37.93,12.0,0.922
2025-04-15T23:20:32.000,9.75,-8.91,12.46,17.36,20.1,421216,-37.96,13.0,0.922
2025-04-15T23:21:03.000,9.59,-8.96,11.92,17.41,20.1,421217,-37.99,13.0,0.922
2025-04-15T23:21:34.000,9.81,-7.88,11.17,17.48,20.1,421218,-38.01,13.0,0.922
2025-04-15T23:22:04.000,10.0,-8.86,10.82,17.52,20.1,421219,-38.04,13.0,0.922
2025-04-15T23:22:34.000,10.04,-10.25,10.46,17.56,20.1,421220,-38.07,13.0,0.922
2025-04-15T23:23:04.000,10.16,-8.49,10.13,17.59,20.1,421221,-38.09,13.0,0.922
2025-04-15T23:23:34.000,10.31,-8.59,10.04,17.6,20.1,421222,-38.12,13.0,0.922
2025-04-15T23:24:04.000,10.16,-9.47,9.84,17.62,20.1,421223,-38.15,13.0,0.922
2025-04-15T23:24:34.000,9.94,-9.92,9.88,17.62,20.1,421224,-38.17,13.0,0.922
2025-04-15T23:25:04.000,9.8,-8.73,9.77,17.63,20.1,421225,-38.2,13.0,0.922
2025-04-15T23:25:35.000,9.79,-8.86,9.76,17.63,20.1,421226,-38.22,13.0,0.922
2025-04-15T23:26:05.000,9.99,-7.98,9.54,17.66,20.1,421227,-38.25,13.0,0.922
2025-04-15T23:26:35.000,10.37,-7.6,9.55,17.65,20.1,421228,-38.27,13.0,0.922
2025-04-15T23:27:06.000,10.4,-9.38,9.45,17.67,20.1,421229,-38.3,13.0,0.922
2025-04-15T23:27:36.000,10.44,-7.88,9.29,17.68,20.1,421230,-38.32,13.0,0.922
2025-04-15T23:28:06.000,10.42,-9.05,9.22,17.69,20.1,421231,-38.34,13.0,0.922
2025-04-15T23:28:37.000,10.06,-10.56,9.61,17.65,20.1,421232,-38.37,13.0,0.922
2025-04-15T23:29:07.000,9.71,-10.6,8.94,17.72,20.1,421233,-38.39,14.0,0.922
2025-04-15T23:29:37.000,9.7,-8.67,8.94,17.72,20.1,421234,-38.42,14.0,0.922
2025-04-15T23:30:07.000,9.68,-11.24,9.29,17.68,20.1,421235,-38.44,14.0,0.922
2025-04-15T23:30:38.000,9.51,-11.34,9.4,17.67,20.1,421236,-38.46,14.0,0.922
2025-04-15T23:31:08.000,9.61,-10.39,9.2,17.69,20.1,421237,-38.48,14.0,0.922
2025-04-15T23:31:38.000,9.88,-9.97,9.47,17.66,20.1,421238,-38.51,14.0,0.922
2025-04-15T23:32:08.000,10.21,-8.84,9.84,17.62,20.1,421239,-38.53,14.0,0.922
2025-04-15T23:32:39.000,10.52,-7.96,10.38,17.56,20.1,421240,-38.55,14.0,0.922
2025-04-15T23:33:09.000,10.6,-10.23,11.72,17.43,20.1,421241,-38.57,14.0,0.922
2025-04-15T23:33:39.000,10.01,-11.6,12.67,17.34,20.1,421242,-38.59,14.0,0.922
2025-04-15T23:34:09.000,9.7,-10.39,13.39,17.29,20.1,421243,-38.61,14.0,0.922
2025-04-15T23:34:40.000,9.55,-9.73,13.59,17.27,20.1,421244,-38.63,14.0,0.922
2025-04-15T23:35:10.000,9.58,-8.97,14.74,17.19,20.1,421245,-38.65,14.0,0.922
2025-04-15T23:35:41.000,9.75,-8.66,15.76,17.11,20.1,421246,-38.67,14.0,0.922
2025-04-15T23:36:12.000,10.25,-6.28,16.45,17.07,20.1,421247,-38.7,14.0,0.922
2025-04-15T23:36:42.000,10.58,-8.28,16.75,17.05,20.1,421248,-38.71,14.0,0.922
2025-04-15T23:37:12.000,10.17,-10.36,15.79,17.11,20.1,421249,-38.73,14.0,0.922
2025-04-15T23:37:43.000,9.89,-9.45,15.85,17.11,20.1,421250,-38.75,15.0,0.922
2025-04-15T23:38:13.000,9.73,-8.23,16.36,17.07,20.1,421251,-38.77,15.0,0.922
2025-04-15T23:38:43.000,9.84,-8.9,14.53,17.2,20.1,421252,-38.79,15.0,0.922
2025-04-15T23:39:14.000,9.72,-9.99,13.73,17.26,20.1,421253,-38.81,15.0,0.922
2025-04-15T23:39:44.000,9.85,-8.54,12.94,17.32,20.1,421254,-38.83,15.0,0.922
2025-04-15T23:40:15.000,10.11,-8.62,12.4,17.37,20.1,421255,-38.85,15.0,0.922
2025-04-15T23:40:45.000,10.33,-7.65,12.14,17.39,20.1,421256,-38.86,15.0,0.922
2025-04-15T23:41:15.000,10.39,-9.55,12.17,17.39,20.1,421257,-38.88,15.0,0.922
2025-04-15T23:41:45.000,10.03,-9.41,12.2,17.38,20.1,421258,-38.9,15.0,0.922
2025-04-15T23:42:16.000,10.02,-7.37,12.14,17.39,20.1,421259,-38.91,15.0,0.922
2025-04-15T23:42:46.000,10.05,-7.39,12.33,17.37,20.1,421260,-38.93,15.0,0.922
2025-04-15T23:43:16.000,9.96,-7.7,13.01,17.32,20.1,421261,-38.95,15.0,0.922
2025-04-15T23:43:47.000,9.86,-6.84,13.54,17.27,20.1,421262,-38.96,15.0,0.922
2025-04-15T23:44:17.000,10.06,-5.85,14.49,17.2,20.1,421263,-38.98,15.0,0.922
2025-04-15T23:44:47.000,10.04,-7.76,15.96,17.1,20.1,421264,-38.99,15.0,0.922
2025-04-15T23:45:18.000,9.96,-6.37,16.06,17.1,20.1,421265,-39.01,15.0,0.922
2025-04-15T23:45:48.000,10.02,-6.68,15.47,17.13,20.1,421266,-39.03,15.0,0.922
2025-04-15T23:46:18.000,10.08,-5.38,15.6,17.13,20.1,421267,-39.04,15.0,0.921
2025-04-15T23:46:48.000,10.26,-4.82,16.7,17.05,20.1,421268,-39.05,16.0,0.921
2025-04-15T23:47:19.000,10.12,-6.85,16.97,17.04,20.1,421269,-39.07,16.0,0.921
2025-04-15T23:47:49.000,9.82,-6.59,16.97,17.03,20.1,421270,-39.08,16.0,0.921
2025-04-15T23:48:19.000,9.63,-6.94,17.02,17.03,20.1,421271,-39.1,16.0,0.921
2025-04-15T23:48:50.000,9.5,-6.83,16.86,17.04,20.1,421272,-39.11,16.0,0.921
2025-04-15T23:49:20.000,9.78,-3.98,17.46,17.01,20.1,421273,-39.12,16.0,0.921
2025-04-15T23:49:51.000,10.44,-3.19,17.17,17.02,20.1,421274,-39.14,16.0,0.921
2025-04-15T23:50:21.000,10.41,-7.37,19.47,16.88,20.1,421275,-39.15,16.0,0.921
2025-04-15T23:50:51.000,10.22,-4.89,19.94,16.86,20.1,421276,-39.16,16.0,0.921
2025-04-15T23:51:21.000,10.09,-6.09,21.91,16.75,20.1,421277,-39.17,16.0,0.921
2025-04-15T23:51:52.000,9.71,-6.67,24.43,16.63,20.1,421278,-39.18,16.0,0.921
2025-04-15T23:52:22.000,9.62,-4.03,26.54,16.54,20.1,421279,-39.2,16.0,0.921
2025-04-15T23:52:52.000,9.76,-5.53,27.8,16.49,20.1,421280,-39.21,16.0,0.921
2025-04-15T23:53:23.000,9.62,-5.22,28.25,16.48,20.1,421281,-39.22,16.0,0.921
2025-04-15T23:53:53.000,10.02,-3.66,28.29,16.48,20.1,421282,-39.23,16.0,0.921
2025-04-15T23:54:23.000,10.17,-5.15,26.31,16.55,20.1,421283,-39.24,16.0,0.921
2025-04-15T23:54:53.000,10.01,-5.22,24.96,16.61,20.1,421284,-39.25,16.0,0.921
2025-04-15T23:55:23.000,10.23,-3.31,23.48,16.68,20.1,421285,-39.26,16.0,0.921
2025-04-15T23:55:54.000,10.06,-6.43,22.25,16.74,20.1,421286,-39.27,16.0,0.921
2025-04-15T23:56:24.000,9.68,-6.11,21.43,16.78,20.1,421287,-39.28,16.0,0.921
2025-04-15T23:56:54.000,9.58,-5.46,21.34,16.78,20.1,421288,-39.29,17.0,0.921
2025-04-15T23:57:25.000,9.9,-3.71,22.3,16.73,20.1,421289,-39.3,17.0,0.921
2025-04-15T23:57:55.000,10.15,-5.38,21.18,16.79,20.1,421290,-39.31,17.0,0.921
2025-04-15T23:58:25.000,10.15,-5.66,22.5,16.72,20.1,421291,-39.31,17.0,0.921
2025-04-15T23:58:56.000,9.96,-6.8,22.63,16.71,20.1,421292,-39.32,17.0,0.921
2025-04-15T23:59:26.000,9.67,-7.17,21.13,16.8,20.1,421293,-39.33,17.0,0.921
2025-04-15T23:59:56.000,9.56,-7.06,20.36,16.84,20.1,421294,-39.34,17.0,0.921
2025-04-16T00:00:27.000,9.57,-6.93,19.76,16.87,20.1,421295,-39.34,17.0,0.921
2025-04-16T00:00:57.000,9.59,-7.55,20.17,16.85,20.1,421296,-39.35,17.0,0.921
2025-04-16T00:01:28.000,9.68,-7.02,21.24,16.79,20.1,421297,-39.36,17.0,0.921
2025-04-16T00:01:58.000,9.95,-6.23,22.24,16.74,20.1,421298,-39.36,17.0,0.921
2025-04-16T00:02:28.000,10.3,-4.94,23.61,16.67,20.1,421299,-39.37,17.0,0.921
2025-04-16T00:02:58.000,10.54,-6.51,24.28,16.64,20.1,421300,-39.38,17.0,0.921
2025-04-16T00:03:28.000,10.3,-6.58,24.54,16.63,20.1,421301,-39.38,17.0,0.921
2025-04-16T00:03:59.000,10.25,-5.86,23.44,16.68,20.1,421302,-39.39,17.0,0.921
2025-04-16T00:04:29.000,10.13,-5.21,21.88,16.75,20.1,421303,-39.39,17.0,0.921
2025-04-16T00:04:59.000,10.01,-5.57,21.58,16.77,20.1,421304,-39.4,17.0,0.921
2025-04-16T00:05:29.000,9.87,-5.32,21.51,16.77,20.1,421305,-39.4,17.0,0.921
2025-04-16T00:06:00.000,10.01,-3.77,22.0,16.75,20.1,421306,-39.41,17.0,0.921
2025-04-16T00:06:30.000,10.29,-3.89,22.27,16.73,20.1,421307,-39.41,17.0,0.921
