ecsv/stars1/stars1_2024-04.ecsv
# %ECSV 1.0
# ---
# datatype:
# - {name: time, datatype: string}
# - {name: Enclosure Temperature, unit: deg_C, datatype: float64}
# - {name: Sky Temperature, unit: deg_C, datatype: float64}
# - {name: Frequency, unit: Hz, datatype: float64}
# - {name: MSAS, unit: mag / arcsec2, datatype: float64}
# - {name: ZP, datatype: float64}
# - {name: Sequence Number, datatype: int64}
# - {name: Sun Alt, unit: deg, datatype: float64}
# - {name: Moon Alt, unit: deg, datatype: float64}
# - {name: Moon Illumination, datatype: float64}
# delimiter: ','
# meta: !!omap
# - ida:
#     Data supplier: {affiliation: null, observer: "Crist\xF3bal Garc\xEDa"}
#     Device type: TESS-W
#     Field of view: 17.0
#     Filters per channel: None
#     Instrument ID: stars1
#     License: ODbL 1.0 http://opendatacommons.org/licenses/odbl/summary/
#     Local timezone: Europe/Madrid
#     Location name: {country: Spain, place: "Coslada, barrio de La Estaci\xF3n", region: Community of Madrid, sub_region: "\xC1rea metropolitana\
#         \ de Madrid y Corredor del Henares", town: Coslada}
#     Measurement direction per channel: {azimuth: 0.0, zenital: 0.0}
#     Moving / Fixed look direction: FIXED
#     Moving / Stationary position: STATIONARY
#     Number of channels: 1
#     Number of fields per line: 8
#     Number of header lines: 35
#     Position: {height: 0.0, latitude: 40.4246043, longitude: -3.560279}
#     TESS MAC address: 18:FE:34:CF:E9:5A
#     TESS cover offset value: 0.0
#     TESS firmware version: '1.0'
#     TESS zero point: 20.1
#     Time Synchronization: timestamp added by MQTT subscriber
#     URL: http://www.darksky.org/NSBM/sdf1.0.pdf
# - __serialized_columns__:
#     Enclosure Temperature:
#       __class__: astropy.units.quantity.Quantity
#       unit: &id001 !astropy.units.Unit {unit: deg_C}
#       value: !astropy.table.SerializedColumn {name: Enclosure Temperature}
#     Frequency:
#       __class__: astropy.units.quantity.Quantity
#       unit: !astropy.units.Unit {unit: Hz}
#       value: !astropy.table.SerializedColumn {name: Frequency}
#     MSAS:
#       __class__: astropy.units.quantity.Quantity
#       unit: !astropy.units.Unit {unit: mag / arcsec2}
#       value: !astropy.table.SerializedColumn {name: MSAS}
#     Moon Alt:
#       __class__: astropy.units.quantity.Quantity
#       unit: &id002 !astropy.units.Unit {unit: deg}
#       value: !astropy.table.SerializedColumn {name: Moon Alt}
#     Sky Temperature:
#       __class__: astropy.units.quantity.Quantity
#       unit: *id001
#       value: !astropy.table.SerializedColumn {name: Sky Temperature}
#     Sun Alt:
#       __class__: astropy.units.quantity.Quantity
#       unit: *id002
#       value: !astropy.table.SerializedColumn {name: Sun Alt}
#     time:
#       __class__: astropy.time.core.Time
#       format: isot
#       in_subfmt: '*'
#       out_subfmt: '*'
#       precision: 3
#       scale: utc
#       value: !astropy.table.SerializedColumn {name: time}
# schema: astropy-2.0
time,Enclosure Temperature,Sky Temperature,Frequency,MSAS,ZP,Sequence Number,Sun Alt,Moon Alt,Moon Illumination
[from data line 2516]
2024-04-02T21:45:02.000,13.11,-6.51,11.28,17.47,20.1,69926,-32.38,-56.0,0.417
2024-04-02T21:45:36.000,13.13,-6.76,10.56,17.54,20.1,69927,-32.45,-56.0,0.417
2024-04-02T21:46:07.000,13.1,-7.1,10.01,17.6,20.1,69928,-32.53,-56.0,0.417
2024-04-02T21:46:39.000,13.08,-6.94,8.78,17.74,20.1,69929,-32.6,-56.0,0.417
2024-04-02T21:47:10.000,13.07,-5.91,9.57,17.65,20.1,69930,-32.67,-56.0,0.417
2024-04-02T21:47:41.000,13.04,-4.13,21.04,16.84,20.1,69931,-32.74,-56.0,0.416
2024-04-02T21:48:12.000,13.01,-2.21,39.82,16.11,20.1,69932,-32.81,-56.0,0.416
2024-04-02T21:48:42.000,13.01,-0.83,50.7,15.84,20.1,69933,-32.88,-56.0,0.416
2024-04-02T21:49:12.000,13.01,0.29,58.68,15.68,20.1,69934,-32.95,-55.0,0.416
2024-04-02T21:49:43.000,13.05,1.1,55.47,15.74,20.1,69935,-33.02,-55.0,0.416
2024-04-02T21:50:13.000,13.06,1.48,56.41,15.72,20.1,69936,-33.09,-55.0,0.416
2024-04-02T21:50:43.000,13.02,1.58,61.68,15.62,20.1,69937,-33.15,-55.0,0.416
2024-04-02T21:51:14.000,12.99,1.95,61.17,15.63,20.1,69938,-33.22,-55.0,0.416
2024-04-02T21:51:45.000,13.0,2.36,54.45,15.76,20.1,69939,-33.29,-55.0,0.416
2024-04-02T21:52:15.000,13.02,2.86,59.36,15.67,20.1,69940,-33.36,-55.0,0.416
2024-04-02T21:52:45.000,13.02,3.22,71.38,15.47,20.1,69941,-33.43,-55.0,0.416
2024-04-02T21:53:15.000,13.01,3.62,75.45,15.41,20.1,69942,-33.49,-55.0,0.416
2024-04-02T21:53:46.000,13.0,3.43,75.33,15.41,20.1,69943,-33.56,-55.0,0.416
2024-04-02T21:54:17.000,12.98,3.31,61.51,15.64,20.1,69944,-33.63,-55.0,0.416
2024-04-02T21:54:48.000,12.96,2.76,46.84,15.92,20.1,69945,-33.7,-54.0,0.416
2024-04-02T21:55:19.000,12.95,2.2,42.9,16.02,20.1,69946,-33.77,-54.0,0.416
2024-04-02T21:55:52.000,12.92,0.91,27.11,16.53,20.1,69947,-33.84,-54.0,0.416
2024-04-02T21:56:24.000,12.95,0.19,23.22,16.69,20.1,69948,-33.91,-54.0,0.416
2024-04-02T21:56:55.000,12.97,-1.0,23.55,16.67,20.1,69949,-33.98,-54.0,0.416
2024-04-02T21:57:26.000,12.96,-1.81,24.96,16.61,20.1,69950,-34.05,-54.0,0.416
2024-04-02T21:57:58.000,12.96,-2.37,27.67,16.5,20.1,69951,-34.12,-54.0,0.416
2024-04-02T21:58:29.000,12.99,-3.09,24.8,16.62,20.1,69952,-34.18,-54.0,0.416
2024-04-02T21:59:00.000,12.97,-4.34,14.34,17.22,20.1,69953,-34.25,-54.0,0.416
2024-04-02T21:59:31.000,12.96,-4.98,12.63,17.35,20.1,69954,-34.32,-54.0,0.416
2024-04-02T22:00:03.000,12.96,-5.59,12.18,17.39,20.1,69955,-34.39,-53.0,0.416
2024-04-02T22:00:34.000,12.95,-5.98,12.89,17.32,20.1,69956,-34.45,-53.0,0.416
2024-04-02T22:01:05.000,12.94,-6.62,13.77,17.26,20.1,69957,-34.52,-53.0,0.415
2024-04-02T22:01:36.000,12.91,-7.78,9.84,17.63,20.1,69958,-34.59,-53.0,0.415
2024-04-02T22:02:06.000,12.87,-8.87,6.66,18.04,20.1,69959,-34.65,-53.0,0.415
2024-04-02T22:02:37.000,12.84,-9.9,6.1,18.14,20.1,69960,-34.72,-53.0,0.415
2024-04-02T22:03:09.000,12.79,-10.62,5.77,18.2,20.1,69961,-34.79,-53.0,0.415
2024-04-02T22:03:40.000,12.79,-11.24,5.59,18.23,20.1,69962,-34.85,-53.0,0.415
2024-04-02T22:04:10.000,12.76,-11.89,5.44,18.26,20.1,69963,-34.91,-53.0,0.415
2024-04-02T22:04:41.000,12.74,-12.06,5.36,18.28,20.1,69964,-34.98,-53.0,0.415
2024-04-02T22:05:12.000,12.72,-12.1,5.29,18.29,20.1,69965,-35.05,-53.0,0.415
2024-04-02T22:05:44.000,12.74,-11.64,5.31,18.29,20.1,69966,-35.11,-52.0,0.415
2024-04-02T22:06:15.000,12.77,-11.5,5.67,18.22,20.1,69967,-35.18,-52.0,0.415
2024-04-02T22:06:46.000,12.74,-10.87,8.95,17.73,20.1,69968,-35.24,-52.0,0.415
2024-04-02T22:07:17.000,12.74,-9.27,8.62,17.76,20.1,69969,-35.31,-52.0,0.415
2024-04-02T22:07:47.000,12.74,-8.46,9.04,17.71,20.1,69970,-35.37,-52.0,0.415
2024-04-02T22:08:18.000,12.73,-8.19,9.78,17.63,20.1,69971,-35.43,-52.0,0.415
2024-04-02T22:08:49.000,12.73,-8.3,9.01,17.71,20.1,69972,-35.5,-52.0,0.415
2024-04-02T22:09:20.000,12.74,-7.51,10.63,17.53,20.1,69973,-35.56,-52.0,0.415
2024-04-02T22:09:51.000,12.74,-6.97,13.37,17.29,20.1,69974,-35.62,-52.0,0.415
2024-04-02T22:10:22.000,12.73,-6.82,13.88,17.25,20.1,69975,-35.69,-52.0,0.415
2024-04-02T22:10:52.000,12.74,-7.28,10.42,17.56,20.1,69976,-35.75,-52.0,0.415
2024-04-02T22:11:25.000,12.72,-7.76,12.74,17.34,20.1,69977,-35.82,-51.0,0.415
2024-04-02T22:11:55.000,12.7,-8.1,11.51,17.46,20.1,69978,-35.88,-51.0,0.415
2024-04-02T22:12:27.000,12.66,-9.16,8.58,17.77,20.1,69979,-35.94,-51.0,0.415
2024-04-02T22:12:57.000,12.62,-9.72,7.68,17.89,20.1,69980,-36.0,-51.0,0.415
2024-04-02T22:13:29.000,12.6,-9.58,7.99,17.85,20.1,69981,-36.07,-51.0,0.415
2024-04-02T22:13:59.000,12.61,-9.45,7.34,17.94,20.1,69982,-36.13,-51.0,0.414
2024-04-02T22:14:30.000,12.69,-9.37,7.65,17.89,20.1,69983,-36.19,-51.0,0.414
2024-04-02T22:15:01.000,12.73,-10.01,8.15,17.83,20.1,69984,-36.25,-51.0,0.414
2024-04-02T22:15:32.000,12.76,-10.15,6.42,18.08,20.1,69985,-36.31,-51.0,0.414
2024-04-02T22:16:02.000,12.79,-10.01,9.86,17.63,20.1,69986,-36.37,-51.0,0.414
2024-04-02T22:16:34.000,12.81,-10.02,10.76,17.52,20.1,69987,-36.44,-51.0,0.414
2024-04-02T22:17:05.000,12.82,-10.04,8.1,17.83,20.1,69988,-36.5,-50.0,0.414
2024-04-02T22:17:36.000,12.86,-10.55,7.07,17.98,20.1,69989,-36.56,-50.0,0.414
2024-04-02T22:18:08.000,12.83,-11.11,5.83,18.19,20.1,69990,-36.62,-50.0,0.414
2024-04-02T22:18:39.000,12.81,-11.12,6.05,18.15,20.1,69991,-36.68,-50.0,0.414
2024-04-02T22:19:10.000,12.78,-10.65,6.9,18.01,20.1,69992,-36.74,-50.0,0.414
2024-04-02T22:19:41.000,12.76,-10.6,7.52,17.91,20.1,69993,-36.8,-50.0,0.414
2024-04-02T22:20:12.000,12.75,-10.55,7.06,17.98,20.1,69994,-36.86,-50.0,0.414
2024-04-02T22:20:42.000,12.77,-10.87,5.99,18.16,20.1,69995,-36.92,-50.0,0.414
2024-04-02T22:21:14.000,12.73,-11.47,5.84,18.18,20.1,69996,-36.98,-50.0,0.414
2024-04-02T22:21:45.000,12.74,-10.98,5.54,18.24,20.1,69997,-37.04,-50.0,0.414
2024-04-02T22:22:18.000,12.76,-11.15,6.05,18.15,20.1,69998,-37.1,-49.0,0.414
2024-04-02T22:22:50.000,12.75,-11.36,7.2,17.96,20.1,69999,-37.16,-49.0,0.414
2024-04-02T22:23:21.000,12.74,-11.59,5.56,18.24,20.1,70000,-37.22,-49.0,0.414
2024-04-02T22:23:54.000,12.72,-11.59,5.5,18.25,20.1,70001,-37.28,-49.0,0.414
2024-04-02T22:24:25.000,12.71,-11.62,5.46,18.26,20.1,70002,-37.34,-49.0,0.414
2024-04-02T22:24:57.000,12.72,-11.49,5.36,18.28,20.1,70003,-37.4,-49.0,0.414
2024-04-02T22:25:29.000,12.75,-11.35,5.26,18.3,20.1,70004,-37.46,-49.0,0.414
2024-04-02T22:26:00.000,12.76,-11.56,5.24,18.3,20.1,70005,-37.52,-49.0,0.414
2024-04-02T22:26:31.000,12.76,-11.69,5.22,18.31,20.1,70006,-37.58,-49.0,0.414
2024-04-02T22:27:02.000,12.76,-11.62,5.21,18.31,20.1,70007,-37.64,-49.0,0.413
2024-04-02T22:27:32.000,12.78,-11.66,5.19,18.31,20.1,70008,-37.69,-49.0,0.413
2024-04-02T22:28:03.000,12.78,-11.79,5.17,18.32,20.1,70009,-37.75,-48.0,0.413
2024-04-02T22:29:04.000,12.75,-12.0,5.14,18.32,20.1,70011,-37.86,-48.0,0.413
2024-04-02T22:29:35.000,12.76,-11.77,5.12,18.33,20.1,70012,-37.91,-48.0,0.413
2024-04-02T22:30:05.000,12.79,-11.75,5.09,18.33,20.1,70013,-37.97,-48.0,0.413
2024-04-02T22:30:37.000,12.81,-11.86,5.07,18.34,20.1,70014,-38.03,-48.0,0.413
2024-04-02T22:31:08.000,12.8,-11.98,5.07,18.34,20.1,70015,-38.08,-48.0,0.413
2024-04-02T22:31:38.000,12.79,-12.08,5.08,18.34,20.1,70016,-38.14,-48.0,0.413
2024-04-02T22:32:11.000,12.8,-11.92,5.08,18.34,20.1,70017,-38.19,-48.0,0.413
2024-04-02T22:32:42.000,12.81,-11.95,5.08,18.34,20.1,70018,-38.25,-48.0,0.413
2024-04-02T22:33:12.000,12.82,-11.86,5.08,18.34,20.1,70019,-38.3,-48.0,0.413
2024-04-02T22:33:43.000,12.85,-11.94,5.07,18.34,20.1,70020,-38.36,-47.0,0.413
2024-04-02T22:34:15.000,12.84,-12.07,5.07,18.34,20.1,70021,-38.41,-47.0,0.413
2024-04-02T22:34:48.000,12.82,-12.13,5.08,18.34,20.1,70022,-38.47,-47.0,0.413
2024-04-02T22:35:18.000,12.8,-12.14,5.08,18.34,20.1,70023,-38.52,-47.0,0.413
2024-04-02T22:35:49.000,12.79,-12.05,5.08,18.34,20.1,70024,-38.58,-47.0,0.413
2024-04-02T22:36:20.000,12.81,-11.91,5.08,18.34,20.1,70025,-38.63,-47.0,0.413
2024-04-02T22:36:51.000,12.8,-11.98,5.08,18.34,20.1,70026,-38.68,-47.0,0.413
2024-04-02T22:37:21.000,12.8,-12.03,5.08,18.34,20.1,70027,-38.74,-47.0,0.413
2024-04-02T22:37:51.000,12.75,-12.13,5.09,18.33,20.1,70028,-38.79,-47.0,0.413
2024-04-02T22:38:22.000,12.71,-12.2,5.09,18.33,20.1,70029,-38.84,-47.0,0.413
2024-04-02T22:38:53.000,12.68,-12.0,5.1,18.33,20.1,70030,-38.89,-46.0,0.413
2024-04-02T22:39:24.000,12.64,-12.14,5.1,18.33,20.1,70031,-38.94,-46.0,0.413
2024-04-02T22:39:55.000,12.61,-12.1,5.1,18.33,20.1,70032,-39.0,-46.0,0.412
2024-04-02T22:40:26.000,12.58,-12.19,5.08,18.33,20.1,70033,-39.05,-46.0,0.412
2024-04-02T22:40:56.000,12.56,-12.2,5.07,18.34,20.1,70034,-39.1,-46.0,0.412
2024-04-02T22:41:27.000,12.51,-12.16,5.07,18.34,20.1,70035,-39.15,-46.0,0.412
2024-04-02T22:41:59.000,12.48,-12.22,5.06,18.34,20.1,70036,-39.2,-46.0,0.412
2024-04-02T22:42:30.000,12.46,-12.21,5.04,18.34,20.1,70037,-39.25,-46.0,0.412
2024-04-02T22:43:01.000,12.44,-12.16,5.04,18.34,20.1,70038,-39.3,-46.0,0.412
2024-04-02T22:43:31.000,12.42,-12.18,5.04,18.34,20.1,70039,-39.35,-46.0,0.412
2024-04-02T22:44:02.000,12.42,-12.16,5.04,18.34,20.1,70040,-39.4,-46.0,0.412
2024-04-02T22:44:33.000,12.41,-12.11,5.03,18.35,20.1,70041,-39.45,-45.0,0.412
2024-04-02T22:45:03.000,12.41,-12.08,5.03,18.35,20.1,70042,-39.5,-45.0,0.412
2024-04-02T22:45:34.000,12.38,-12.23,5.02,18.35,20.1,70043,-39.55,-45.0,0.412
2024-04-02T22:46:06.000,12.34,-12.23,5.01,18.35,20.1,70044,-39.6,-45.0,0.412
2024-04-02T22:46:37.000,12.32,-12.21,5.02,18.35,20.1,70045,-39.65,-45.0,0.412
2024-04-02T22:47:08.000,12.32,-12.29,5.01,18.35,20.1,70046,-39.7,-45.0,0.412
2024-04-02T22:47:39.000,12.31,-12.19,5.01,18.35,20.1,70047,-39.75,-45.0,0.412
2024-04-02T22:48:11.000,12.3,-12.32,5.0,18.35,20.1,70048,-39.8,-45.0,0.412
2024-04-02T22:48:41.000,12.27,-12.26,5.0,18.35,20.1,70049,-39.84,-45.0,0.412
2024-04-02T22:49:12.000,12.27,-12.25,5.01,18.35,20.1,70050,-39.89,-45.0,0.412
2024-04-02T22:49:44.000,12.26,-12.33,5.01,18.35,20.1,70051,-39.94,-45.0,0.412
2024-04-02T22:50:16.000,12.22,-12.54,5.01,18.35,20.1,70052,-39.99,-44.0,0.412
2024-04-02T22:50:47.000,12.18,-12.21,5.01,18.35,20.1,70053,-40.04,-44.0,0.412
2024-04-02T22:51:18.000,12.18,-12.34,5.01,18.35,20.1,70054,-40.09,-44.0,0.412
2024-04-02T22:51:49.000,12.18,-12.31,5.02,18.35,20.1,70055,-40.13,-44.0,0.412
2024-04-02T22:52:19.000,12.17,-12.29,5.02,18.35,20.1,70056,-40.18,-44.0,0.412
2024-04-02T22:52:50.000,12.15,-12.36,5.04,18.34,20.1,70057,-40.22,-44.0,0.412
2024-04-02T22:53:21.000,12.12,-12.36,5.04,18.34,20.1,70058,-40.27,-44.0,0.411
2024-04-02T22:53:51.000,12.1,-12.42,5.04,18.34,20.1,70059,-40.31,-44.0,0.411
2024-04-02T22:54:22.000,12.07,-12.47,5.04,18.34,20.1,70060,-40.36,-44.0,0.411
2024-04-02T22:54:53.000,12.02,-12.42,5.04,18.34,20.1,70061,-40.4,-44.0,0.411
2024-04-02T22:55:24.000,12.0,-12.36,5.03,18.35,20.1,70062,-40.45,-43.0,0.411
2024-04-02T22:55:55.000,11.98,-12.31,5.05,18.34,20.1,70063,-40.49,-43.0,0.411
2024-04-02T22:56:26.000,12.0,-12.22,5.05,18.34,20.1,70064,-40.54,-43.0,0.411
2024-04-02T22:56:57.000,11.96,-12.66,5.06,18.34,20.1,70065,-40.58,-43.0,0.411
2024-04-02T22:57:29.000,11.93,-12.43,5.07,18.34,20.1,70066,-40.63,-43.0,0.411
2024-04-02T22:58:01.000,11.86,-12.56,5.08,18.34,20.1,70067,-40.67,-43.0,0.411
2024-04-02T22:58:31.000,11.81,-12.47,5.11,18.33,20.1,70068,-40.72,-43.0,0.411
2024-04-02T22:59:03.000,11.79,-11.82,5.17,18.32,20.1,70069,-40.76,-43.0,0.411
2024-04-02T22:59:34.000,11.82,-11.23,5.38,18.27,20.1,70070,-40.8,-43.0,0.411
2024-04-02T23:00:05.000,11.85,-10.91,5.89,18.18,20.1,70071,-40.85,-43.0,0.411
2024-04-02T23:00:36.000,11.8,-10.91,6.61,18.05,20.1,70072,-40.89,-43.0,0.411
2024-04-02T23:01:08.000,11.77,-10.64,7.36,17.93,20.1,70073,-40.93,-42.0,0.411
2024-04-02T23:01:38.000,11.77,-10.75,7.43,17.92,20.1,70074,-40.97,-42.0,0.411
2024-04-02T23:02:09.000,11.78,-11.0,5.96,18.16,20.1,70075,-41.02,-42.0,0.411
2024-04-02T23:02:40.000,11.79,-11.05,6.14,18.13,20.1,70076,-41.06,-42.0,0.411
2024-04-02T23:03:10.000,11.81,-10.96,6.0,18.15,20.1,70077,-41.1,-42.0,0.411
2024-04-02T23:03:40.000,11.84,-10.97,5.79,18.19,20.1,70078,-41.14,-42.0,0.411
2024-04-02T23:04:11.000,11.86,-11.11,5.37,18.27,20.1,70079,-41.18,-42.0,0.411
2024-04-02T23:04:41.000,11.91,-10.95,5.23,18.3,20.1,70080,-41.22,-42.0,0.411
2024-04-02T23:05:11.000,11.93,-11.1,5.25,18.3,20.1,70081,-41.26,-42.0,0.411
2024-04-02T23:05:42.000,11.94,-11.05,5.29,18.29,20.1,70082,-41.3,-42.0,0.411
2024-04-02T23:06:13.000,11.96,-11.14,5.27,18.3,20.1,70083,-41.34,-42.0,0.41
2024-04-02T23:06:44.000,11.97,-11.3,5.12,18.33,20.1,70084,-41.38,-41.0,0.41
2024-04-02T23:07:14.000,11.98,-11.28,5.07,18.34,20.1,70085,-41.42,-41.0,0.41
2024-04-02T23:07:45.000,11.98,-11.52,5.05,18.34,20.1,70086,-41.45,-41.0,0.41
2024-04-02T23:08:17.000,11.95,-11.76,5.04,18.34,20.1,70087,-41.49,-41.0,0.41
2024-04-02T23:08:48.000,11.96,-11.52,5.04,18.34,20.1,70088,-41.53,-41.0,0.41
2024-04-02T23:09:18.000,11.99,-11.43,5.04,18.34,20.1,70089,-41.57,-41.0,0.41
2024-04-02T23:09:49.000,12.01,-11.53,5.04,18.34,20.1,70090,-41.61,-41.0,0.41
2024-04-02T23:10:22.000,12.02,-11.66,5.01,18.35,20.1,70091,-41.65,-41.0,0.41
2024-04-02T23:10:53.000,12.04,-11.78,4.98,18.36,20.1,70092,-41.69,-41.0,0.41
2024-04-02T23:11:25.000,12.04,-11.87,4.97,18.36,20.1,70093,-41.73,-41.0,0.41
2024-04-02T23:11:55.000,12.03,-11.99,4.97,18.36,20.1,70094,-41.76,-40.0,0.41
2024-04-02T23:12:25.000,12.01,-12.0,4.98,18.36,20.1,70095,-41.8,-40.0,0.41
2024-04-02T23:12:56.000,12.01,-11.76,4.99,18.36,20.1,70096,-41.83,-40.0,0.41
2024-04-02T23:13:26.000,12.04,-11.56,5.02,18.35,20.1,70097,-41.87,-40.0,0.41
2024-04-02T23:13:56.000,12.03,-11.46,5.08,18.34,20.1,70098,-41.9,-40.0,0.41
2024-04-02T23:14:27.000,12.06,-10.84,5.52,18.25,20.1,70099,-41.94,-40.0,0.41
2024-04-02T23:14:59.000,12.09,-10.28,6.33,18.1,20.1,70100,-41.98,-40.0,0.41
2024-04-02T23:15:30.000,12.11,-9.27,6.65,18.04,20.1,70101,-42.01,-40.0,0.41
2024-04-02T23:16:00.000,12.12,-8.27,8.82,17.75,20.1,70102,-42.04,-40.0,0.41
2024-04-02T23:16:32.000,12.11,-6.86,13.19,17.3,20.1,70103,-42.08,-40.0,0.41
2024-04-02T23:17:03.000,12.14,-5.65,15.24,17.14,20.1,70104,-42.11,-40.0,0.41
2024-04-02T23:17:36.000,12.15,-5.11,18.64,16.93,20.1,70105,-42.15,-39.0,0.41
2024-04-02T23:18:08.000,12.18,-5.31,15.52,17.13,20.1,70106,-42.19,-39.0,0.41
2024-04-02T23:18:38.000,12.23,-5.72,10.65,17.54,20.1,70107,-42.22,-39.0,0.41
2024-04-02T23:19:10.000,12.26,-5.97,11.17,17.49,20.1,70108,-42.25,-39.0,0.41
2024-04-02T23:19:41.000,12.29,-5.51,19.23,16.89,20.1,70109,-42.29,-39.0,0.409
2024-04-02T23:20:14.000,12.31,-4.89,15.34,17.14,20.1,70110,-42.32,-39.0,0.409
2024-04-02T23:20:44.000,12.34,-4.17,13.63,17.26,20.1,70111,-42.35,-39.0,0.409
2024-04-02T23:21:16.000,12.4,-4.09,15.54,17.12,20.1,70112,-42.39,-39.0,0.409
2024-04-02T23:21:47.000,12.43,-3.89,14.64,17.19,20.1,70113,-42.42,-39.0,0.409
2024-04-02T23:22:19.000,12.46,-3.4,14.74,17.18,20.1,70114,-42.45,-39.0,0.409
2024-04-02T23:22:50.000,12.48,-2.53,16.99,17.03,20.1,70115,-42.48,-38.0,0.409
2024-04-02T23:23:20.000,12.49,-1.15,21.31,16.79,20.1,70116,-42.51,-38.0,0.409
2024-04-02T23:23:51.000,12.52,-0.01,24.26,16.64,20.1,70117,-42.54,-38.0,0.409
2024-04-02T23:24:22.000,12.56,0.77,27.34,16.51,20.1,70118,-42.57,-38.0,0.409
2024-04-02T23:24:53.000,12.56,0.97,28.44,16.47,20.1,70119,-42.6,-38.0,0.409
2024-04-02T23:25:24.000,12.56,1.26,31.55,16.35,20.1,70120,-42.63,-38.0,0.409
2024-04-02T23:25:55.000,12.6,1.45,34.69,16.25,20.1,70121,-42.66,-38.0,0.409
2024-04-02T23:26:26.000,12.62,1.3,35.25,16.23,20.1,70122,-42.69,-38.0,0.409
2024-04-02T23:26:57.000,12.64,1.11,37.33,16.17,20.1,70123,-42.72,-38.0,0.409
2024-04-02T23:27:28.000,12.63,0.79,33.75,16.28,20.1,70124,-42.75,-38.0,0.409
2024-04-02T23:28:00.000,12.62,0.53,22.79,16.72,20.1,70125,-42.78,-38.0,0.409
2024-04-02T23:28:31.000,12.61,0.61,18.88,16.91,20.1,70126,-42.81,-37.0,0.409
2024-04-02T23:29:03.000,12.6,0.77,23.95,16.65,20.1,70127,-42.84,-37.0,0.409
2024-04-02T23:29:34.000,12.59,1.08,29.48,16.43,20.1,70128,-42.86,-37.0,0.409
2024-04-02T23:30:05.000,12.58,1.29,35.12,16.24,20.1,70129,-42.89,-37.0,0.409
2024-04-02T23:30:36.000,12.57,1.36,41.51,16.06,20.1,70130,-42.92,-37.0,0.409
2024-04-02T23:31:08.000,12.56,1.41,39.54,16.11,20.1,70131,-42.95,-37.0,0.409
2024-04-02T23:31:40.000,12.54,1.42,28.68,16.46,20.1,70132,-42.97,-37.0,0.409
