ecsv/stars1/stars1_2025-04.ecsv
# %ECSV 1.0
# ---
# datatype:
# - {name: time, datatype: string}
# - {name: Enclosure Temperature, unit: deg_C, datatype: float64}
# - {name: Sky Temperature, unit: deg_C, datatype: float64}
# - {name: Frequency, unit: Hz, datatype: float64}
# - {name: MSAS, unit: mag / arcsec2, datatype: float64}
# - {name: ZP, datatype: float64}
# - {name: Sequence Number, datatype: int64}
# - {name: Sun Alt, unit: deg, datatype: float64}
# - {name: Moon Alt, unit: deg, datatype: float64}
# - {name: Moon Illumination, datatype: float64}
# delimiter: ','
# meta: !!omap
# - ida:
#     Data supplier: {affiliation: null, observer: "Crist\xF3bal Garc\xEDa"}
#     Device type: TESS-W
#     Field of view: 17.0
#     Filters per channel: None
#     Instrument ID: stars1
#     License: ODbL 1.0 http://opendatacommons.org/licenses/odbl/summary/
#     Local timezone: Europe/Madrid
#     Location name: {country: Spain, place: "Coslada, barrio de La Estaci\xF3n", region: Community of Madrid, sub_region: "\xC1rea metropolitana\
#         \ de Madrid y Corredor del Henares", town: Coslada}
#     Measurement direction per channel: {azimuth: 0.0, zenital: 0.0}
#     Moving / Fixed look direction: FIXED
#     Moving / Stationary position: STATIONARY
#     Number of channels: 1
#     Number of fields per line: 8
#     Number of header lines: 35
#     Position: {height: 0.0, latitude: 40.4246043, longitude: -3.560279}
#     TESS MAC address: 18:FE:34:CF:E9:5A
#     TESS cover offset value: 0.0
#     TESS firmware version: '1.0'
#     TESS zero point: 20.1
#     Time Synchronization: timestamp added by MQTT subscriber
#     URL: http://www.darksky.org/NSBM/sdf1.0.pdf
# - __serialized_columns__:
#     Enclosure Temperature:
#       __class__: astropy.units.quantity.Quantity
#       unit: &id001 !astropy.units.Unit {unit: deg_C}
#       value: !astropy.table.SerializedColumn {name: Enclosure Temperature}
#     Frequency:
#       __class__: astropy.units.quantity.Quantity
#       unit: !astropy.units.Unit {unit: Hz}
#       value: !astropy.table.SerializedColumn {name: Frequency}
#     MSAS:
#       __class__: astropy.units.quantity.Quantity
#       unit: !astropy.units.Unit {unit: mag / arcsec2}
#       value: !astropy.table.SerializedColumn {name: MSAS}
#     Moon Alt:
#       __class__: astropy.units.quantity.Quantity
#       unit: &id002 !astropy.units.Unit {unit: deg}
#       value: !astropy.table.SerializedColumn {name: Moon Alt}
#     Sky Temperature:
#       __class__: astropy.units.quantity.Quantity
#       unit: *id001
#       value: !astropy.table.SerializedColumn {name: Sky Temperature}
#     Sun Alt:
#       __class__: astropy.units.quantity.Quantity
#       unit: *id002
#       value: !astropy.table.SerializedColumn {name: Sun Alt}
#     time:
#       __class__: astropy.time.core.Time
#       format: isot
#       in_subfmt: '*'
#       out_subfmt: '*'
#       precision: 3
#       scale: utc
#       value: !astropy.table.SerializedColumn {name: time}
# schema: astropy-2.0
time,Enclosure Temperature,Sky Temperature,Frequency,MSAS,ZP,Sequence Number,Sun Alt,Moon Alt,Moon Illumination
[from data line 30787]
2025-04-23T23:12:45.000,15.9,0.18,6.76,18.03,20.1,443976,-34.95,-47.0,0.203
2025-04-23T23:13:15.000,15.92,0.06,6.76,18.03,20.1,443977,-34.98,-47.0,0.203
2025-04-23T23:13:46.000,15.9,-0.06,6.74,18.03,20.1,443978,-35.01,-47.0,0.203
2025-04-23T23:14:17.000,15.89,-0.08,6.71,18.03,20.1,443979,-35.03,-47.0,0.203
2025-04-23T23:14:48.000,15.88,0.04,6.71,18.03,20.1,443980,-35.06,-47.0,0.203
2025-04-23T23:15:19.000,15.87,-0.06,6.74,18.03,20.1,443981,-35.09,-47.0,0.203
2025-04-23T23:15:50.000,15.86,-0.02,6.67,18.04,20.1,443982,-35.12,-46.0,0.203
2025-04-23T23:16:21.000,15.83,-0.24,6.7,18.03,20.1,443983,-35.15,-46.0,0.203
2025-04-23T23:16:51.000,15.76,-0.32,6.72,18.03,20.1,443984,-35.18,-46.0,0.203
2025-04-23T23:17:22.000,15.72,-0.14,6.72,18.03,20.1,443985,-35.21,-46.0,0.203
2025-04-23T23:17:53.000,15.74,0.12,6.72,18.03,20.1,443986,-35.23,-46.0,0.203
2025-04-23T23:18:25.000,15.76,0.17,6.62,18.05,20.1,443987,-35.26,-46.0,0.203
2025-04-23T23:18:55.000,15.79,-0.02,6.64,18.04,20.1,443988,-35.29,-46.0,0.203
2025-04-23T23:19:25.000,15.76,0.02,6.59,18.05,20.1,443989,-35.31,-46.0,0.203
2025-04-23T23:19:57.000,15.76,-0.12,6.62,18.05,20.1,443990,-35.34,-46.0,0.203
2025-04-23T23:20:28.000,15.73,-0.06,6.62,18.05,20.1,443991,-35.37,-46.0,0.203
2025-04-23T23:20:58.000,15.73,-0.02,6.6,18.05,20.1,443992,-35.39,-46.0,0.203
2025-04-23T23:21:28.000,15.73,0.01,6.54,18.06,20.1,443993,-35.42,-46.0,0.203
2025-04-23T23:21:59.000,15.75,0.12,6.54,18.06,20.1,443994,-35.44,-46.0,0.203
2025-04-23T23:22:29.000,15.76,0.2,6.55,18.06,20.1,443995,-35.47,-45.0,0.203
2025-04-23T23:23:01.000,15.78,0.13,6.55,18.06,20.1,443996,-35.49,-45.0,0.203
2025-04-23T23:23:31.000,15.77,0.06,6.55,18.06,20.1,443997,-35.52,-45.0,0.202
2025-04-23T23:24:02.000,15.78,0.19,6.58,18.06,20.1,443998,-35.54,-45.0,0.202
2025-04-23T23:24:33.000,15.82,0.09,6.56,18.06,20.1,443999,-35.57,-45.0,0.202
2025-04-23T23:25:03.000,15.79,0.06,6.58,18.05,20.1,444000,-35.59,-45.0,0.202
2025-04-23T23:25:33.000,15.76,-0.11,6.54,18.06,20.1,444001,-35.61,-45.0,0.202
2025-04-23T23:26:04.000,15.76,0.09,6.57,18.06,20.1,444002,-35.64,-45.0,0.202
2025-04-23T23:26:35.000,15.76,0.2,6.55,18.06,20.1,444003,-35.66,-45.0,0.202
2025-04-23T23:27:05.000,15.78,0.2,6.54,18.06,20.1,444004,-35.68,-45.0,0.202
2025-04-23T23:27:36.000,15.79,0.03,6.54,18.06,20.1,444005,-35.71,-45.0,0.202
2025-04-23T23:28:10.000,15.77,0.06,6.56,18.06,20.1,444006,-35.73,-45.0,0.202
2025-04-23T23:28:40.000,15.81,0.25,6.56,18.06,20.1,444007,-35.75,-45.0,0.202
2025-04-23T23:29:11.000,15.79,-0.02,6.56,18.06,20.1,444008,-35.78,-44.0,0.202
2025-04-23T23:29:42.000,15.76,0.0,6.57,18.06,20.1,444009,-35.8,-44.0,0.202
2025-04-23T23:30:12.000,15.76,0.1,6.55,18.06,20.1,444010,-35.82,-44.0,0.202
2025-04-23T23:30:42.000,15.76,-0.08,6.48,18.07,20.1,444011,-35.84,-44.0,0.202
2025-04-23T23:31:13.000,15.73,-0.18,6.47,18.07,20.1,444012,-35.86,-44.0,0.202
2025-04-23T23:31:44.000,15.72,0.0,6.55,18.06,20.1,444013,-35.88,-44.0,0.202
2025-04-23T23:32:14.000,15.73,-0.02,6.54,18.06,20.1,444014,-35.9,-44.0,0.202
2025-04-23T23:32:45.000,15.71,-0.22,6.51,18.07,20.1,444015,-35.92,-44.0,0.202
2025-04-23T23:33:16.000,15.68,-0.32,6.52,18.07,20.1,444016,-35.94,-44.0,0.202
2025-04-23T23:33:47.000,15.64,-0.26,6.59,18.05,20.1,444017,-35.96,-44.0,0.202
2025-04-23T23:34:17.000,15.59,-0.37,6.6,18.05,20.1,444018,-35.98,-44.0,0.202
2025-04-23T23:34:48.000,15.56,-0.37,6.54,18.06,20.1,444019,-36.0,-44.0,0.202
2025-04-23T23:35:19.000,15.54,-0.28,6.53,18.06,20.1,444020,-36.02,-43.0,0.202
2025-04-23T23:35:49.000,15.55,-0.01,6.54,18.06,20.1,444021,-36.04,-43.0,0.202
2025-04-23T23:36:20.000,15.55,-0.25,6.53,18.06,20.1,444022,-36.06,-43.0,0.202
2025-04-23T23:36:51.000,15.54,-0.18,6.53,18.06,20.1,444023,-36.07,-43.0,0.202
2025-04-23T23:37:21.000,15.53,-0.31,6.51,18.07,20.1,444024,-36.09,-43.0,0.202
2025-04-23T23:37:52.000,15.51,-0.29,6.49,18.07,20.1,444025,-36.11,-43.0,0.202
2025-04-23T23:38:22.000,15.51,-0.26,6.46,18.07,20.1,444026,-36.13,-43.0,0.202
2025-04-23T23:38:53.000,15.5,-0.28,6.52,18.06,20.1,444027,-36.14,-43.0,0.201
2025-04-23T23:39:23.000,15.5,-0.21,6.54,18.06,20.1,444028,-36.16,-43.0,0.201
2025-04-23T23:39:54.000,15.49,-0.37,6.52,18.06,20.1,444029,-36.18,-43.0,0.201
2025-04-23T23:40:25.000,15.45,-0.41,6.53,18.06,20.1,444030,-36.19,-43.0,0.201
2025-04-23T23:40:55.000,15.44,-0.29,6.51,18.07,20.1,444031,-36.21,-43.0,0.201
2025-04-23T23:41:26.000,15.44,-0.34,6.48,18.07,20.1,444032,-36.23,-42.0,0.201
2025-04-23T23:41:56.000,15.39,-0.6,6.47,18.07,20.1,444033,-36.24,-42.0,0.201
2025-04-23T23:42:27.000,15.39,-0.23,6.43,18.08,20.1,444034,-36.26,-42.0,0.201
2025-04-23T23:42:58.000,15.41,-0.1,6.45,18.08,20.1,444035,-36.27,-42.0,0.201
2025-04-23T23:43:29.000,15.41,-0.46,6.49,18.07,20.1,444036,-36.29,-42.0,0.201
2025-04-23T23:44:00.000,15.38,-0.36,6.42,18.08,20.1,444037,-36.3,-42.0,0.201
2025-04-23T23:44:31.000,15.37,-0.48,6.47,18.07,20.1,444038,-36.32,-42.0,0.201
2025-04-23T23:45:01.000,15.34,-0.56,6.43,18.08,20.1,444039,-36.33,-42.0,0.201
2025-04-23T23:45:32.000,15.33,-0.28,6.46,18.07,20.1,444040,-36.34,-42.0,0.201
2025-04-23T23:46:03.000,15.32,-0.34,6.45,18.08,20.1,444041,-36.36,-42.0,0.201
2025-04-23T23:46:34.000,15.32,-0.47,6.44,18.08,20.1,444042,-36.37,-42.0,0.201
2025-04-23T23:47:05.000,15.28,-0.47,6.45,18.08,20.1,444043,-36.38,-42.0,0.201
2025-04-23T23:47:37.000,15.28,-0.35,6.47,18.07,20.1,444044,-36.4,-41.0,0.201
2025-04-23T23:48:07.000,15.27,-0.54,6.45,18.08,20.1,444045,-36.41,-41.0,0.201
2025-04-23T23:48:37.000,15.28,-0.19,6.49,18.07,20.1,444046,-36.42,-41.0,0.201
2025-04-23T23:49:08.000,15.3,-0.3,6.5,18.07,20.1,444047,-36.43,-41.0,0.201
2025-04-23T23:49:39.000,15.31,-0.31,6.44,18.08,20.1,444048,-36.44,-41.0,0.201
2025-04-23T23:50:09.000,15.31,-0.45,6.46,18.07,20.1,444049,-36.46,-41.0,0.201
2025-04-23T23:50:40.000,15.29,-0.44,6.49,18.07,20.1,444050,-36.47,-41.0,0.201
2025-04-23T23:51:10.000,15.31,-0.29,6.47,18.07,20.1,444051,-36.48,-41.0,0.201
2025-04-23T23:51:41.000,15.32,-0.34,6.46,18.07,20.1,444052,-36.49,-41.0,0.201
2025-04-23T23:52:13.000,15.29,-0.52,6.43,18.08,20.1,444053,-36.5,-41.0,0.201
2025-04-23T23:52:43.000,15.3,-0.29,6.47,18.07,20.1,444054,-36.51,-41.0,0.201
2025-04-23T23:53:13.000,15.34,-0.22,6.48,18.07,20.1,444055,-36.52,-41.0,0.201
2025-04-23T23:53:45.000,15.36,-0.33,6.43,18.08,20.1,444056,-36.53,-40.0,0.201
2025-04-23T23:54:15.000,15.36,-0.4,6.49,18.07,20.1,444057,-36.54,-40.0,0.2
2025-04-23T23:54:45.000,15.31,-0.62,6.43,18.08,20.1,444058,-36.55,-40.0,0.2
2025-04-23T23:55:16.000,15.3,-0.41,6.44,18.08,20.1,444059,-36.56,-40.0,0.2
2025-04-23T23:55:47.000,15.28,-0.51,6.45,18.08,20.1,444060,-36.56,-40.0,0.2
2025-04-23T23:56:17.000,15.24,-0.75,6.47,18.07,20.1,444061,-36.57,-40.0,0.2
2025-04-23T23:56:48.000,15.21,-0.63,6.46,18.07,20.1,444062,-36.58,-40.0,0.2
2025-04-23T23:57:20.000,15.19,-0.61,6.43,18.08,20.1,444063,-36.59,-40.0,0.2
2025-04-23T23:57:51.000,15.18,-0.58,6.43,18.08,20.1,444064,-36.6,-40.0,0.2
2025-04-23T23:58:21.000,15.18,-0.49,6.45,18.08,20.1,444065,-36.6,-40.0,0.2
2025-04-23T23:58:52.000,15.15,-0.59,6.49,18.07,20.1,444066,-36.61,-40.0,0.2
2025-04-23T23:59:22.000,15.16,-0.35,6.44,18.08,20.1,444067,-36.62,-40.0,0.2
2025-04-23T23:59:54.000,15.17,-0.58,6.28,18.11,20.1,444068,-36.62,-39.0,0.2
2025-04-24T00:00:25.000,15.12,-0.56,6.13,18.13,20.1,444069,-36.63,-39.0,0.2
2025-04-24T00:00:57.000,15.12,-0.49,6.11,18.13,20.1,444070,-36.64,-39.0,0.2
2025-04-24T00:01:27.000,15.14,-0.33,6.08,18.14,20.1,444071,-36.64,-39.0,0.2
2025-04-24T00:01:57.000,15.17,-0.28,6.06,18.14,20.1,444072,-36.65,-39.0,0.2
2025-04-24T00:02:27.000,15.19,-0.32,6.05,18.15,20.1,444073,-36.65,-39.0,0.2
2025-04-24T00:02:58.000,15.22,-0.16,6.04,18.15,20.1,444074,-36.66,-39.0,0.2
2025-04-24T00:03:28.000,15.25,-0.16,6.03,18.15,20.1,444075,-36.66,-39.0,0.2
2025-04-24T00:03:59.000,15.29,-0.15,6.03,18.15,20.1,444076,-36.67,-39.0,0.2
2025-04-24T00:04:29.000,15.3,-0.37,6.04,18.15,20.1,444077,-36.67,-39.0,0.2
2025-04-24T00:05:00.000,15.32,-0.23,6.04,18.15,20.1,444078,-36.67,-39.0,0.2
2025-04-24T00:05:30.000,15.34,-0.28,6.03,18.15,20.1,444079,-36.68,-38.0,0.2
2025-04-24T00:06:00.000,15.36,-0.21,6.03,18.15,20.1,444080,-36.68,-38.0,0.2
2025-04-24T00:06:32.000,15.39,-0.11,6.04,18.15,20.1,444081,-36.68,-38.0,0.2
2025-04-24T00:07:03.000,15.4,-0.25,6.04,18.15,20.1,444082,-36.69,-38.0,0.2
2025-04-24T00:07:33.000,15.4,-0.33,6.04,18.15,20.1,444083,-36.69,-38.0,0.2
2025-04-24T00:08:04.000,15.42,-0.16,6.04,18.15,20.1,444084,-36.69,-38.0,0.2
2025-04-24T00:08:35.000,15.47,0.01,6.03,18.15,20.1,444085,-36.69,-38.0,0.2
2025-04-24T00:09:05.000,15.51,-0.27,6.04,18.15,20.1,444086,-36.7,-38.0,0.2
2025-04-24T00:09:36.000,15.51,-0.19,5.99,18.16,20.1,444087,-36.7,-38.0,0.2
2025-04-24T00:10:06.000,15.54,-0.16,6.0,18.15,20.1,444088,-36.7,-38.0,0.199
2025-04-24T00:10:36.000,15.54,-0.3,6.0,18.15,20.1,444089,-36.7,-38.0,0.199
2025-04-24T00:11:06.000,15.54,-0.25,6.0,18.15,20.1,444090,-36.7,-38.0,0.199
2025-04-24T00:11:37.000,15.56,-0.22,5.99,18.16,20.1,444091,-36.7,-37.0,0.199
2025-04-24T00:12:10.000,15.57,-0.31,5.99,18.16,20.1,444092,-36.7,-37.0,0.199
2025-04-24T00:12:40.000,15.58,-0.21,5.99,18.16,20.1,444093,-36.7,-37.0,0.199
2025-04-24T00:13:10.000,15.59,-0.32,6.0,18.16,20.1,444094,-36.7,-37.0,0.199
2025-04-24T00:13:41.000,15.59,-0.29,6.01,18.15,20.1,444095,-36.7,-37.0,0.199
2025-04-24T00:14:11.000,15.59,-0.35,6.0,18.15,20.1,444096,-36.7,-37.0,0.199
2025-04-24T00:14:42.000,15.58,-0.53,5.99,18.16,20.1,444097,-36.7,-37.0,0.199
2025-04-24T00:15:12.000,15.55,-0.53,6.0,18.15,20.1,444098,-36.7,-37.0,0.199
2025-04-24T00:15:43.000,15.54,-0.55,6.0,18.16,20.1,444099,-36.69,-37.0,0.199
2025-04-24T00:16:14.000,15.52,-0.62,5.99,18.16,20.1,444100,-36.69,-37.0,0.199
2025-04-24T00:16:43.000,15.5,-0.57,5.99,18.16,20.1,444101,-36.69,-37.0,0.199
2025-04-24T00:17:13.000,15.47,-0.61,6.0,18.16,20.1,444102,-36.69,-36.0,0.199
2025-04-24T00:17:44.000,15.42,-0.69,6.0,18.15,20.1,444103,-36.68,-36.0,0.199
2025-04-24T00:18:15.000,15.4,-0.7,6.01,18.15,20.1,444104,-36.68,-36.0,0.199
2025-04-24T00:18:45.000,15.37,-0.71,6.04,18.15,20.1,444105,-36.68,-36.0,0.199
2025-04-24T00:19:15.000,15.35,-0.77,6.05,18.15,20.1,444106,-36.67,-36.0,0.199
2025-04-24T00:19:46.000,15.33,-0.68,6.05,18.14,20.1,444107,-36.67,-36.0,0.199
2025-04-24T00:20:16.000,15.32,-0.69,6.07,18.14,20.1,444108,-36.67,-36.0,0.199
2025-04-24T00:20:46.000,15.3,-0.72,6.07,18.14,20.1,444109,-36.66,-36.0,0.199
2025-04-24T00:21:16.000,15.27,-0.71,6.08,18.14,20.1,444110,-36.66,-36.0,0.199
2025-04-24T00:21:46.000,15.28,-0.53,6.06,18.14,20.1,444111,-36.65,-36.0,0.199
2025-04-24T00:22:16.000,15.29,-0.61,6.06,18.14,20.1,444112,-36.65,-36.0,0.199
2025-04-24T00:22:46.000,15.29,-0.52,6.06,18.14,20.1,444113,-36.64,-36.0,0.199
2025-04-24T00:23:16.000,15.29,-0.54,6.05,18.15,20.1,444114,-36.64,-35.0,0.199
2025-04-24T00:23:48.000,15.29,-0.54,6.06,18.14,20.1,444115,-36.63,-35.0,0.199
2025-04-24T00:24:18.000,15.33,-0.34,6.05,18.14,20.1,444116,-36.63,-35.0,0.199
2025-04-24T00:24:49.000,15.36,-0.54,6.05,18.15,20.1,444117,-36.62,-35.0,0.199
2025-04-24T00:25:20.000,15.35,-0.5,6.05,18.15,20.1,444118,-36.61,-35.0,0.198
2025-04-24T00:25:51.000,15.36,-0.53,6.04,18.15,20.1,444119,-36.61,-35.0,0.198
2025-04-24T00:26:22.000,15.36,-0.47,6.06,18.14,20.1,444120,-36.6,-35.0,0.198
2025-04-24T00:26:52.000,15.36,-0.54,6.06,18.14,20.1,444121,-36.59,-35.0,0.198
2025-04-24T00:27:22.000,15.36,-0.53,6.05,18.15,20.1,444122,-36.58,-35.0,0.198
2025-04-24T00:27:53.000,15.35,-0.62,6.05,18.15,20.1,444123,-36.58,-35.0,0.198
2025-04-24T00:28:22.000,15.32,-0.67,6.05,18.15,20.1,444124,-36.57,-35.0,0.198
2025-04-24T00:28:53.000,15.3,-0.64,6.06,18.14,20.1,444125,-36.56,-34.0,0.198
2025-04-24T00:29:23.000,15.29,-0.44,6.06,18.14,20.1,444126,-36.55,-34.0,0.198
2025-04-24T00:29:54.000,15.32,-0.39,6.05,18.15,20.1,444127,-36.54,-34.0,0.198
2025-04-24T00:30:25.000,15.3,-0.74,6.04,18.15,20.1,444128,-36.53,-34.0,0.198
2025-04-24T00:30:55.000,15.23,-0.97,6.04,18.15,20.1,444129,-36.52,-34.0,0.198
2025-04-24T00:31:26.000,15.22,-0.54,6.05,18.15,20.1,444130,-36.51,-34.0,0.198
2025-04-24T00:31:57.000,15.22,-0.56,6.04,18.15,20.1,444131,-36.5,-34.0,0.198
2025-04-24T00:32:27.000,15.2,-0.82,6.03,18.15,20.1,444132,-36.49,-34.0,0.198
2025-04-24T00:32:57.000,15.15,-0.82,6.04,18.15,20.1,444133,-36.48,-34.0,0.198
2025-04-24T00:33:27.000,15.13,-0.72,6.04,18.15,20.1,444134,-36.47,-34.0,0.198
2025-04-24T00:33:57.000,15.11,-0.85,6.02,18.15,20.1,444135,-36.46,-34.0,0.198
2025-04-24T00:34:28.000,15.08,-0.9,6.02,18.15,20.1,444136,-36.45,-33.0,0.198
2025-04-24T00:34:59.000,15.04,-0.99,6.02,18.15,20.1,444137,-36.44,-33.0,0.198
2025-04-24T00:35:29.000,15.02,-0.84,6.02,18.15,20.1,444138,-36.43,-33.0,0.198
2025-04-24T00:36:00.000,14.99,-0.92,6.02,18.15,20.1,444139,-36.41,-33.0,0.198
2025-04-24T00:36:30.000,14.99,-0.7,6.01,18.15,20.1,444140,-36.4,-33.0,0.198
2025-04-24T00:37:01.000,15.0,-0.69,6.02,18.15,20.1,444141,-36.39,-33.0,0.198
2025-04-24T00:37:31.000,14.99,-0.96,6.02,18.15,20.1,444142,-36.38,-33.0,0.198
2025-04-24T00:38:01.000,14.94,-1.05,6.03,18.15,20.1,444143,-36.36,-33.0,0.198
2025-04-24T00:38:32.000,14.91,-1.09,6.03,18.15,20.1,444144,-36.35,-33.0,0.198
2025-04-24T00:39:02.000,14.87,-1.01,6.02,18.15,20.1,444145,-36.34,-33.0,0.198
2025-04-24T00:39:32.000,14.85,-1.12,6.03,18.15,20.1,444146,-36.32,-33.0,0.198
2025-04-24T00:40:02.000,14.85,-0.88,6.03,18.15,20.1,444147,-36.31,-32.0,0.198
2025-04-24T00:40:32.000,14.82,-1.07,6.03,18.15,20.1,444148,-36.3,-32.0,0.198
2025-04-24T00:41:03.000,14.81,-1.01,6.01,18.15,20.1,444149,-36.28,-32.0,0.197
2025-04-24T00:41:33.000,14.79,-1.12,6.01,18.15,20.1,444150,-36.27,-32.0,0.197
2025-04-24T00:42:04.000,14.78,-1.03,6.06,18.14,20.1,444151,-36.25,-32.0,0.197
2025-04-24T00:42:34.000,14.76,-1.1,6.04,18.15,20.1,444152,-36.24,-32.0,0.197
2025-04-24T00:43:04.000,14.74,-1.19,6.03,18.15,20.1,444153,-36.22,-32.0,0.197
2025-04-24T00:43:34.000,14.71,-1.1,6.03,18.15,20.1,444154,-36.2,-32.0,0.197
2025-04-24T00:44:04.000,14.7,-1.16,5.99,18.16,20.1,444155,-36.19,-32.0,0.197
2025-04-24T00:44:35.000,14.65,-1.21,5.93,18.17,20.1,444156,-36.17,-32.0,0.197
2025-04-24T00:45:05.000,14.66,-0.91,5.94,18.17,20.1,444157,-36.16,-32.0,0.197
2025-04-24T00:45:35.000,14.67,-1.03,5.94,18.17,20.1,444158,-36.14,-31.0,0.197
2025-04-24T00:46:07.000,14.65,-1.22,5.95,18.16,20.1,444159,-36.12,-31.0,0.197
2025-04-24T00:46:38.000,14.61,-1.23,5.95,18.16,20.1,444160,-36.1,-31.0,0.197
2025-04-24T00:47:08.000,14.62,-0.98,5.95,18.16,20.1,444161,-36.09,-31.0,0.197
2025-04-24T00:47:39.000,14.62,-1.15,5.95,18.16,20.1,444162,-36.07,-31.0,0.197
2025-04-24T00:48:09.000,14.59,-1.22,5.94,18.17,20.1,444163,-36.05,-31.0,0.197
2025-04-24T00:48:41.000,14.6,-1.08,5.95,18.16,20.1,444164,-36.03,-31.0,0.197
2025-04-24T00:49:11.000,14.59,-1.26,5.94,18.17,20.1,444165,-36.01,-31.0,0.197
2025-04-24T00:49:42.000,14.59,-1.14,5.93,18.17,20.1,444166,-35.99,-31.0,0.197
2025-04-24T00:50:12.000,14.59,-1.16,5.93,18.17,20.1,444167,-35.97,-31.0,0.197
2025-04-24T00:50:42.000,14.58,-1.19,5.93,18.17,20.1,444168,-35.96,-31.0,0.197
2025-04-24T00:51:12.000,14.57,-1.3,5.93,18.17,20.1,444169,-35.94,-30.0,0.197
2025-04-24T00:51:42.000,14.54,-1.42,5.93,18.17,20.1,444170,-35.92,-30.0,0.197
2025-04-24T00:52:13.000,14.5,-1.38,5.94,18.17,20.1,444171,-35.9,-30.0,0.197
2025-04-24T00:52:43.000,14.46,-1.54,5.93,18.17,20.1,444172,-35.88,-30.0,0.197
2025-04-24T00:53:16.000,14.45,-1.35,5.94,18.16,20.1,444173,-35.85,-30.0,0.197
2025-04-24T00:53:46.000,14.44,-1.44,5.94,18.17,20.1,444174,-35.83,-30.0,0.197
2025-04-24T00:54:17.000,14.41,-1.57,5.93,18.17,20.1,444175,-35.81,-30.0,0.197
2025-04-24T00:54:47.000,14.38,-1.59,5.93,18.17,20.1,444176,-35.79,-30.0,0.197
2025-04-24T00:55:17.000,14.35,-1.6,5.94,18.17,20.1,444177,-35.77,-30.0,0.197
2025-04-24T00:55:47.000,14.3,-1.58,5.94,18.17,20.1,444178,-35.75,-30.0,0.197
2025-04-24T00:56:17.000,14.3,-1.47,5.95,18.16,20.1,444179,-35.73,-30.0,0.197
2025-04-24T00:56:48.000,14.29,-1.64,5.97,18.16,20.1,444180,-35.7,-29.0,0.196
2025-04-24T00:57:18.000,14.25,-1.71,5.95,18.16,20.1,444181,-35.68,-29.0,0.196
2025-04-24T00:57:49.000,14.23,-1.51,5.97,18.16,20.1,444182,-35.66,-29.0,0.196
