ecsv/stars495/stars495_2025-04.ecsv
# %ECSV 1.0
# ---
# datatype:
# - {name: time, datatype: string}
# - {name: Enclosure Temperature, unit: deg_C, datatype: float64}
# - {name: Sky Temperature, unit: deg_C, datatype: float64}
# - {name: Frequency, unit: Hz, datatype: float64}
# - {name: MSAS, unit: mag / arcsec2, datatype: float64}
# - {name: ZP, datatype: float64}
# - {name: Sequence Number, datatype: int64}
# - {name: Sun Alt, unit: deg, datatype: float64}
# - {name: Moon Alt, unit: deg, datatype: float64}
# - {name: Moon Illumination, datatype: float64}
# delimiter: ','
# meta: !!omap
# - ida:
#     Data supplier: {affiliation: 'Extremadura, buenas noches', observer: null}
#     Device type: TESS-W
#     Field of view: 17.0
#     Filters per channel: None
#     Instrument ID: stars495
#     License: ODbL 1.0 http://opendatacommons.org/licenses/odbl/summary/
#     Local timezone: Europe/Madrid
#     Location name: {country: Spain, place: "Centro Internacional de Innovaci\xF3n Deportiva El Anillo", region: Extremadura, sub_region: "C\xE1\
#         ceres", town: Guijo de Granadilla}
#     Measurement direction per channel: {azimuth: 0.0, zenital: 0.0}
#     Moving / Fixed look direction: FIXED
#     Moving / Stationary position: STATIONARY
#     Number of channels: 1
#     Number of fields per line: 8
#     Number of header lines: 35
#     Position: {height: 0.0, latitude: 40.232396, longitude: -6.117092}
#     TESS MAC address: A0:20:A6:32:47:06
#     TESS cover offset value: 0.0
#     TESS firmware version: '1.0'
#     TESS zero point: 20.36
#     Time Synchronization: timestamp added by MQTT subscriber
#     URL: http://www.darksky.org/NSBM/sdf1.0.pdf
# - __serialized_columns__:
#     Enclosure Temperature:
#       __class__: astropy.units.quantity.Quantity
#       unit: &id001 !astropy.units.Unit {unit: deg_C}
#       value: !astropy.table.SerializedColumn {name: Enclosure Temperature}
#     Frequency:
#       __class__: astropy.units.quantity.Quantity
#       unit: !astropy.units.Unit {unit: Hz}
#       value: !astropy.table.SerializedColumn {name: Frequency}
#     MSAS:
#       __class__: astropy.units.quantity.Quantity
#       unit: !astropy.units.Unit {unit: mag / arcsec2}
#       value: !astropy.table.SerializedColumn {name: MSAS}
#     Moon Alt:
#       __class__: astropy.units.quantity.Quantity
#       unit: &id002 !astropy.units.Unit {unit: deg}
#       value: !astropy.table.SerializedColumn {name: Moon Alt}
#     Sky Temperature:
#       __class__: astropy.units.quantity.Quantity
#       unit: *id001
#       value: !astropy.table.SerializedColumn {name: Sky Temperature}
#     Sun Alt:
#       __class__: astropy.units.quantity.Quantity
#       unit: *id002
#       value: !astropy.table.SerializedColumn {name: Sun Alt}
#     time:
#       __class__: astropy.time.core.Time
#       format: isot
#       in_subfmt: '*'
#       out_subfmt: '*'
#       precision: 3
#       scale: utc
#       value: !astropy.table.SerializedColumn {name: time}
# schema: astropy-2.0
time,Enclosure Temperature,Sky Temperature,Frequency,MSAS,ZP,Sequence Number,Sun Alt,Moon Alt,Moon Illumination
[from data line 17289]
2025-04-26T23:08:19.000,15.99,-12.32,0.49,21.13,20.36,657,-33.28,-38.0,0.012
2025-04-26T23:09:19.000,15.97,-12.32,0.49,21.13,20.36,658,-33.35,-38.0,0.012
2025-04-26T23:10:19.000,15.96,-12.36,0.49,21.13,20.36,659,-33.42,-38.0,0.012
2025-04-26T23:11:19.000,15.95,-12.25,0.49,21.13,20.36,660,-33.49,-38.0,0.012
2025-04-26T23:12:19.000,15.95,-12.27,0.49,21.13,20.36,661,-33.55,-38.0,0.012
2025-04-26T23:13:19.000,15.94,-12.24,0.49,21.13,20.36,662,-33.62,-38.0,0.012
2025-04-26T23:14:20.000,15.95,-12.26,0.49,21.14,20.36,663,-33.69,-38.0,0.012
2025-04-26T23:15:19.000,15.96,-12.23,0.49,21.13,20.36,664,-33.75,-39.0,0.012
2025-04-26T23:16:20.000,15.98,-12.2,0.49,21.14,20.36,665,-33.81,-39.0,0.011
2025-04-26T23:17:20.000,15.99,-12.22,0.49,21.14,20.36,666,-33.88,-39.0,0.011
2025-04-26T23:18:20.000,15.98,-12.15,0.49,21.14,20.36,667,-33.94,-39.0,0.011
2025-04-26T23:19:20.000,15.99,-12.12,0.49,21.14,20.36,668,-34.0,-39.0,0.011
2025-04-26T23:20:20.000,15.98,-12.1,0.49,21.14,20.36,669,-34.06,-39.0,0.011
2025-04-26T23:21:20.000,15.98,-12.1,0.49,21.14,20.36,670,-34.12,-39.0,0.011
2025-04-26T23:22:20.000,15.98,-12.1,0.49,21.14,20.36,671,-34.18,-39.0,0.011
2025-04-26T23:23:20.000,15.99,-12.17,0.49,21.14,20.36,672,-34.23,-39.0,0.011
2025-04-26T23:24:20.000,16.0,-12.06,0.49,21.14,20.36,673,-34.29,-39.0,0.011
2025-04-26T23:25:21.000,16.03,-12.03,0.49,21.14,20.36,674,-34.34,-39.0,0.011
2025-04-26T23:26:20.000,16.02,-12.09,0.49,21.14,20.36,675,-34.4,-39.0,0.011
2025-04-26T23:27:21.000,16.02,-12.0,0.49,21.14,20.36,676,-34.45,-39.0,0.011
2025-04-26T23:28:21.000,16.01,-11.97,0.48,21.15,20.36,677,-34.51,-39.0,0.011
2025-04-26T23:29:21.000,16.04,-11.94,0.48,21.15,20.36,678,-34.56,-39.0,0.011
2025-04-26T23:30:21.000,16.04,-12.03,0.48,21.15,20.36,679,-34.61,-39.0,0.011
2025-04-26T23:31:21.000,16.03,-12.15,0.48,21.15,20.36,680,-34.66,-39.0,0.011
2025-04-26T23:32:21.000,16.0,-12.23,0.48,21.15,20.36,681,-34.71,-39.0,0.011
2025-04-26T23:33:21.000,15.97,-12.27,0.48,21.15,20.36,682,-34.75,-39.0,0.011
2025-04-26T23:34:22.000,15.94,-12.18,0.48,21.15,20.36,683,-34.8,-39.0,0.011
2025-04-26T23:35:21.000,15.94,-12.08,0.48,21.15,20.36,684,-34.85,-39.0,0.011
2025-04-26T23:36:21.000,15.92,-12.11,0.48,21.15,20.36,685,-34.89,-39.0,0.011
2025-04-26T23:37:21.000,15.92,-11.97,0.48,21.15,20.36,686,-34.94,-39.0,0.011
2025-04-26T23:38:21.000,15.93,-11.93,0.48,21.15,20.36,687,-34.98,-39.0,0.011
2025-04-26T23:39:22.000,15.93,-11.94,0.48,21.15,20.36,688,-35.02,-39.0,0.011
2025-04-26T23:40:22.000,15.95,-11.88,0.48,21.16,20.36,689,-35.06,-39.0,0.011
2025-04-26T23:41:22.000,15.96,-11.91,0.48,21.15,20.36,690,-35.1,-38.0,0.011
2025-04-26T23:42:22.000,15.98,-11.95,0.48,21.16,20.36,691,-35.14,-38.0,0.011
2025-04-26T23:43:22.000,15.99,-11.94,0.48,21.16,20.36,692,-35.18,-38.0,0.011
2025-04-26T23:44:22.000,15.97,-11.88,0.48,21.16,20.36,693,-35.22,-38.0,0.011
2025-04-26T23:45:22.000,15.95,-11.9,0.48,21.16,20.36,694,-35.26,-38.0,0.011
2025-04-26T23:46:22.000,15.95,-11.93,0.48,21.16,20.36,695,-35.29,-38.0,0.011
2025-04-26T23:47:22.000,15.94,-11.99,0.48,21.16,20.36,696,-35.33,-38.0,0.011
2025-04-26T23:48:22.000,15.92,-11.98,0.48,21.16,20.36,697,-35.36,-38.0,0.011
2025-04-26T23:49:22.000,15.9,-11.85,0.48,21.16,20.36,698,-35.39,-38.0,0.011
2025-04-26T23:50:22.000,15.88,-11.95,0.48,21.16,20.36,699,-35.42,-38.0,0.011
2025-04-26T23:51:23.000,15.9,-12.08,0.48,21.16,20.36,700,-35.45,-38.0,0.011
2025-04-26T23:52:23.000,15.89,-12.1,0.48,21.16,20.36,701,-35.48,-38.0,0.011
2025-04-26T23:53:23.000,15.88,-12.06,0.48,21.16,20.36,702,-35.51,-38.0,0.011
2025-04-26T23:54:23.000,15.87,-12.1,0.48,21.16,20.36,703,-35.54,-38.0,0.011
2025-04-26T23:55:23.000,15.85,-12.13,0.48,21.16,20.36,704,-35.57,-38.0,0.011
2025-04-26T23:56:23.000,15.85,-12.17,0.48,21.16,20.36,705,-35.59,-38.0,0.011
2025-04-26T23:57:23.000,15.84,-12.23,0.48,21.17,20.36,706,-35.62,-38.0,0.011
2025-04-26T23:58:23.000,15.75,-12.38,0.48,21.17,20.36,707,-35.64,-38.0,0.011
2025-04-26T23:59:23.000,15.72,-12.29,0.47,21.17,20.36,708,-35.67,-38.0,0.011
2025-04-27T00:00:24.000,15.7,-12.15,0.47,21.17,20.36,709,-35.69,-38.0,0.011
2025-04-27T00:01:24.000,15.7,-12.14,0.47,21.17,20.36,710,-35.71,-38.0,0.011
2025-04-27T00:02:24.000,15.71,-12.18,0.47,21.17,20.36,711,-35.73,-38.0,0.011
2025-04-27T00:03:24.000,15.72,-12.3,0.47,21.17,20.36,712,-35.75,-38.0,0.011
2025-04-27T00:04:24.000,15.69,-12.39,0.47,21.18,20.36,713,-35.77,-38.0,0.011
2025-04-27T00:05:24.000,15.65,-12.42,0.47,21.18,20.36,714,-35.78,-38.0,0.011
2025-04-27T00:06:24.000,15.66,-12.19,0.47,21.18,20.36,715,-35.8,-38.0,0.011
2025-04-27T00:07:24.000,15.68,-12.04,0.47,21.18,20.36,716,-35.81,-38.0,0.011
2025-04-27T00:08:24.000,15.72,-12.05,0.47,21.18,20.36,717,-35.83,-38.0,0.011
2025-04-27T00:09:25.000,15.75,-12.05,0.47,21.19,20.36,718,-35.84,-38.0,0.011
2025-04-27T00:10:25.000,15.76,-12.17,0.47,21.19,20.36,719,-35.85,-38.0,0.011
2025-04-27T00:11:25.000,15.75,-12.35,0.46,21.19,20.36,720,-35.86,-38.0,0.011
2025-04-27T00:12:25.000,15.74,-12.31,0.46,21.19,20.36,721,-35.87,-38.0,0.011
2025-04-27T00:13:25.000,15.75,-12.26,0.46,21.19,20.36,722,-35.88,-38.0,0.011
2025-04-27T00:14:25.000,15.79,-12.28,0.46,21.2,20.36,723,-35.89,-38.0,0.01
2025-04-27T00:15:25.000,15.79,-12.34,0.46,21.2,20.36,724,-35.9,-38.0,0.01
2025-04-27T00:16:26.000,15.82,-12.25,0.46,21.2,20.36,725,-35.9,-37.0,0.01
2025-04-27T00:17:25.000,15.81,-12.34,0.46,21.2,20.36,726,-35.91,-37.0,0.01
2025-04-27T00:18:25.000,15.78,-12.36,0.46,21.2,20.36,727,-35.91,-37.0,0.01
2025-04-27T00:19:26.000,15.78,-12.3,0.46,21.2,20.36,728,-35.91,-37.0,0.01
2025-04-27T00:20:25.000,15.78,-12.26,0.46,21.2,20.36,729,-35.92,-37.0,0.01
2025-04-27T00:21:26.000,15.76,-12.24,0.46,21.2,20.36,730,-35.92,-37.0,0.01
2025-04-27T00:22:26.000,15.71,-12.37,0.46,21.21,20.36,731,-35.92,-37.0,0.01
2025-04-27T00:23:26.000,15.67,-12.36,0.46,21.21,20.36,732,-35.92,-37.0,0.01
2025-04-27T00:24:26.000,15.67,-12.34,0.46,21.21,20.36,733,-35.91,-37.0,0.01
2025-04-27T00:25:26.000,15.66,-12.24,0.46,21.21,20.36,734,-35.91,-37.0,0.01
2025-04-27T00:26:26.000,15.66,-12.24,0.46,21.21,20.36,735,-35.91,-37.0,0.01
2025-04-27T00:27:26.000,15.62,-12.37,0.46,21.21,20.36,736,-35.9,-37.0,0.01
2025-04-27T00:28:26.000,15.61,-12.23,0.46,21.21,20.36,737,-35.9,-37.0,0.01
2025-04-27T00:29:26.000,15.59,-12.25,0.45,21.22,20.36,738,-35.89,-37.0,0.01
2025-04-27T00:30:27.000,15.57,-12.3,0.45,21.22,20.36,739,-35.88,-37.0,0.01
2025-04-27T00:31:27.000,15.55,-12.29,0.45,21.22,20.36,740,-35.87,-37.0,0.01
2025-04-27T00:32:28.000,15.56,-12.23,0.45,21.22,20.36,741,-35.86,-37.0,0.01
2025-04-27T00:33:27.000,15.53,-12.27,0.45,21.22,20.36,742,-35.85,-37.0,0.01
2025-04-27T00:34:27.000,15.52,-12.14,0.45,21.22,20.36,743,-35.84,-37.0,0.01
2025-04-27T00:35:27.000,15.5,-12.16,0.45,21.22,20.36,744,-35.83,-36.0,0.01
2025-04-27T00:36:27.000,15.5,-12.24,0.45,21.22,20.36,745,-35.81,-36.0,0.01
2025-04-27T00:37:27.000,15.5,-12.2,0.45,21.23,20.36,746,-35.8,-36.0,0.01
2025-04-27T00:38:27.000,15.52,-12.14,0.45,21.23,20.36,747,-35.78,-36.0,0.01
2025-04-27T00:39:27.000,15.51,-12.27,0.45,21.23,20.36,748,-35.76,-36.0,0.01
2025-04-27T00:40:28.000,15.51,-12.28,0.45,21.23,20.36,749,-35.75,-36.0,0.01
2025-04-27T00:41:28.000,15.49,-12.4,0.45,21.23,20.36,750,-35.73,-36.0,0.01
2025-04-27T00:42:28.000,15.46,-12.45,0.45,21.23,20.36,751,-35.71,-36.0,0.01
2025-04-27T00:43:28.000,15.44,-12.53,0.45,21.23,20.36,752,-35.69,-36.0,0.01
2025-04-27T00:44:28.000,15.41,-12.5,0.45,21.23,20.36,753,-35.66,-36.0,0.01
2025-04-27T00:45:28.000,15.38,-12.43,0.45,21.23,20.36,754,-35.64,-36.0,0.01
2025-04-27T00:46:28.000,15.37,-12.42,0.45,21.23,20.36,755,-35.62,-36.0,0.01
2025-04-27T00:47:28.000,15.34,-12.49,0.45,21.23,20.36,756,-35.59,-36.0,0.01
2025-04-27T00:48:28.000,15.35,-12.5,0.45,21.23,20.36,757,-35.57,-36.0,0.01
2025-04-27T00:49:28.000,15.33,-12.57,0.45,21.23,20.36,758,-35.54,-36.0,0.01
2025-04-27T00:50:29.000,15.29,-12.51,0.45,21.23,20.36,759,-35.51,-35.0,0.01
2025-04-27T00:51:29.000,15.27,-12.57,0.45,21.23,20.36,760,-35.48,-35.0,0.01
2025-04-27T00:52:29.000,15.27,-12.57,0.45,21.23,20.36,761,-35.45,-35.0,0.01
2025-04-27T00:53:29.000,15.26,-12.53,0.45,21.23,20.36,762,-35.42,-35.0,0.01
2025-04-27T00:54:29.000,15.26,-12.48,0.45,21.23,20.36,763,-35.39,-35.0,0.01
2025-04-27T00:55:29.000,15.23,-12.58,0.45,21.23,20.36,764,-35.36,-35.0,0.01
2025-04-27T00:56:29.000,15.17,-12.71,0.45,21.23,20.36,765,-35.32,-35.0,0.01
2025-04-27T00:57:29.000,15.16,-12.64,0.45,21.23,20.36,766,-35.29,-35.0,0.01
2025-04-27T00:58:30.000,15.16,-12.66,0.45,21.23,20.36,767,-35.25,-35.0,0.01
2025-04-27T00:59:30.000,15.17,-12.65,0.45,21.23,20.36,768,-35.22,-35.0,0.01
2025-04-27T01:00:30.000,15.18,-12.59,0.45,21.23,20.36,769,-35.18,-35.0,0.01
2025-04-27T01:01:30.000,15.18,-12.64,0.45,21.23,20.36,770,-35.14,-35.0,0.01
2025-04-27T01:02:30.000,15.17,-12.67,0.45,21.23,20.36,771,-35.1,-35.0,0.01
2025-04-27T01:03:30.000,15.17,-12.62,0.45,21.24,20.36,772,-35.06,-34.0,0.01
2025-04-27T01:04:30.000,15.16,-12.68,0.45,21.24,20.36,773,-35.02,-34.0,0.01
2025-04-27T01:05:30.000,15.1,-12.74,0.45,21.24,20.36,774,-34.98,-34.0,0.01
2025-04-27T01:06:30.000,15.1,-12.71,0.45,21.24,20.36,775,-34.93,-34.0,0.01
2025-04-27T01:07:30.000,15.07,-12.73,0.45,21.24,20.36,776,-34.89,-34.0,0.01
2025-04-27T01:08:31.000,15.05,-12.73,0.45,21.24,20.36,777,-34.84,-34.0,0.01
2025-04-27T01:09:31.000,15.02,-12.88,0.45,21.23,20.36,778,-34.8,-34.0,0.01
2025-04-27T01:10:31.000,14.99,-12.8,0.45,21.23,20.36,779,-34.75,-34.0,0.01
2025-04-27T01:11:31.000,15.0,-12.83,0.45,21.23,20.36,780,-34.7,-34.0,0.01
2025-04-27T01:12:31.000,15.0,-12.73,0.45,21.23,20.36,781,-34.65,-34.0,0.01
2025-04-27T01:13:31.000,14.97,-12.82,0.45,21.23,20.36,782,-34.6,-34.0,0.01
2025-04-27T01:14:31.000,14.97,-12.8,0.45,21.23,20.36,783,-34.55,-33.0,0.01
2025-04-27T01:15:31.000,14.95,-12.85,0.45,21.23,20.36,784,-34.5,-33.0,0.009
2025-04-27T01:16:31.000,14.96,-12.87,0.45,21.23,20.36,785,-34.45,-33.0,0.009
2025-04-27T01:17:32.000,14.98,-12.88,0.45,21.23,20.36,786,-34.39,-33.0,0.009
2025-04-27T01:18:31.000,14.97,-12.84,0.45,21.23,20.36,787,-34.34,-33.0,0.009
2025-04-27T01:19:32.000,14.95,-12.84,0.45,21.23,20.36,788,-34.28,-33.0,0.009
2025-04-27T01:20:32.000,14.95,-12.87,0.45,21.23,20.36,789,-34.23,-33.0,0.009
2025-04-27T01:21:32.000,14.94,-12.91,0.45,21.23,20.36,790,-34.17,-33.0,0.009
2025-04-27T01:22:32.000,14.95,-12.9,0.45,21.23,20.36,791,-34.11,-33.0,0.009
2025-04-27T01:23:32.000,14.95,-12.92,0.45,21.23,20.36,792,-34.05,-33.0,0.009
2025-04-27T01:24:32.000,14.92,-13.02,0.45,21.23,20.36,793,-33.99,-33.0,0.009
2025-04-27T01:25:32.000,14.9,-13.07,0.45,21.23,20.36,794,-33.93,-32.0,0.009
2025-04-27T01:26:32.000,14.9,-13.0,0.45,21.23,20.36,795,-33.87,-32.0,0.009
2025-04-27T01:27:32.000,14.9,-12.92,0.45,21.23,20.36,796,-33.81,-32.0,0.009
2025-04-27T01:28:32.000,14.89,-13.02,0.45,21.23,20.36,797,-33.75,-32.0,0.009
2025-04-27T01:29:32.000,14.86,-13.01,0.45,21.23,20.36,798,-33.68,-32.0,0.009
2025-04-27T01:30:32.000,14.85,-12.99,0.45,21.23,20.36,799,-33.62,-32.0,0.009
2025-04-27T01:31:33.000,14.81,-13.1,0.45,21.23,20.36,800,-33.55,-32.0,0.009
2025-04-27T01:32:33.000,14.76,-13.23,0.45,21.22,20.36,801,-33.48,-32.0,0.009
2025-04-27T01:33:33.000,14.73,-13.22,0.45,21.22,20.36,802,-33.41,-32.0,0.009
2025-04-27T01:34:33.000,14.67,-13.46,0.45,21.22,20.36,803,-33.35,-31.0,0.009
2025-04-27T01:35:33.000,14.61,-13.47,0.45,21.22,20.36,804,-33.28,-31.0,0.009
2025-04-27T01:36:33.000,14.6,-13.42,0.45,21.23,20.36,805,-33.21,-31.0,0.009
2025-04-27T01:37:33.000,14.56,-13.38,0.45,21.23,20.36,806,-33.13,-31.0,0.009
2025-04-27T01:38:33.000,14.53,-13.4,0.45,21.22,20.36,807,-33.06,-31.0,0.009
2025-04-27T01:39:33.000,14.49,-13.36,0.45,21.22,20.36,808,-32.99,-31.0,0.009
2025-04-27T01:40:34.000,14.45,-13.36,0.45,21.23,20.36,809,-32.91,-31.0,0.009
2025-04-27T01:41:33.000,14.38,-13.56,0.45,21.22,20.36,810,-32.84,-31.0,0.009
2025-04-27T01:42:34.000,14.3,-13.62,0.45,21.22,20.36,811,-32.76,-31.0,0.009
2025-04-27T01:43:34.000,14.28,-13.56,0.45,21.22,20.36,812,-32.69,-31.0,0.009
2025-04-27T01:44:34.000,14.27,-13.58,0.45,21.22,20.36,813,-32.61,-30.0,0.009
2025-04-27T01:45:34.000,14.25,-13.65,0.45,21.22,20.36,814,-32.53,-30.0,0.009
2025-04-27T01:46:34.000,14.22,-13.7,0.45,21.22,20.36,815,-32.45,-30.0,0.009
2025-04-27T01:47:34.000,14.2,-13.79,0.45,21.22,20.36,816,-32.37,-30.0,0.009
2025-04-27T01:48:34.000,14.19,-13.75,0.45,21.22,20.36,817,-32.29,-30.0,0.009
2025-04-27T01:49:34.000,14.18,-13.78,0.45,21.22,20.36,818,-32.21,-30.0,0.009
2025-04-27T01:50:34.000,14.14,-13.71,0.45,21.22,20.36,819,-32.13,-30.0,0.009
2025-04-27T01:51:35.000,14.1,-13.81,0.45,21.22,20.36,820,-32.05,-30.0,0.009
2025-04-27T01:52:35.000,14.09,-13.74,0.45,21.22,20.36,821,-31.96,-29.0,0.009
2025-04-27T01:53:35.000,14.05,-13.74,0.45,21.22,20.36,822,-31.88,-29.0,0.009
2025-04-27T01:54:35.000,14.03,-13.84,0.45,21.22,20.36,823,-31.79,-29.0,0.009
2025-04-27T01:55:35.000,14.0,-13.82,0.45,21.22,20.36,824,-31.71,-29.0,0.009
2025-04-27T01:56:35.000,13.98,-13.75,0.45,21.22,20.36,825,-31.62,-29.0,0.009
2025-04-27T01:57:35.000,13.96,-13.85,0.45,21.22,20.36,826,-31.53,-29.0,0.009
2025-04-27T01:58:35.000,13.92,-13.85,0.45,21.22,20.36,827,-31.44,-29.0,0.009
2025-04-27T01:59:35.000,13.92,-13.78,0.45,21.22,20.36,828,-31.35,-29.0,0.009
2025-04-27T02:00:35.000,13.91,-13.76,0.45,21.22,20.36,829,-31.26,-29.0,0.009
2025-04-27T02:01:35.000,13.9,-13.77,0.45,21.22,20.36,830,-31.17,-28.0,0.009
2025-04-27T02:02:35.000,13.88,-13.72,0.45,21.22,20.36,831,-31.08,-28.0,0.009
2025-04-27T02:03:36.000,13.86,-13.74,0.45,21.22,20.36,832,-30.99,-28.0,0.009
2025-04-27T02:04:36.000,13.84,-13.75,0.46,21.21,20.36,833,-30.89,-28.0,0.009
2025-04-27T02:05:36.000,13.82,-13.67,0.46,21.21,20.36,834,-30.8,-28.0,0.009
2025-04-27T02:06:36.000,13.78,-13.81,0.45,21.22,20.36,835,-30.7,-28.0,0.009
2025-04-27T02:07:36.000,13.77,-13.79,0.45,21.22,20.36,836,-30.61,-28.0,0.009
2025-04-27T02:08:36.000,13.74,-13.77,0.45,21.22,20.36,837,-30.51,-28.0,0.009
2025-04-27T02:09:36.000,13.76,-13.66,0.45,21.22,20.36,838,-30.42,-27.0,0.009
2025-04-27T02:10:36.000,13.75,-13.68,0.45,21.22,20.36,839,-30.32,-27.0,0.009
2025-04-27T02:11:36.000,13.74,-13.62,0.45,21.22,20.36,840,-30.22,-27.0,0.009
2025-04-27T02:12:37.000,13.71,-13.65,0.45,21.22,20.36,841,-30.12,-27.0,0.009
2025-04-27T02:13:37.000,13.65,-13.78,0.46,21.21,20.36,842,-30.02,-27.0,0.009
2025-04-27T02:14:37.000,13.62,-13.68,0.46,21.21,20.36,843,-29.92,-27.0,0.009
2025-04-27T02:15:37.000,13.63,-13.65,0.46,21.21,20.36,844,-29.82,-27.0,0.009
2025-04-27T02:16:37.000,13.6,-13.67,0.46,21.21,20.36,845,-29.71,-27.0,0.009
2025-04-27T02:17:37.000,13.59,-13.59,0.46,21.21,20.36,846,-29.61,-26.0,0.009
2025-04-27T02:18:37.000,13.57,-13.57,0.46,21.21,20.36,847,-29.51,-26.0,0.009
2025-04-27T02:19:37.000,13.52,-13.74,0.46,21.21,20.36,848,-29.4,-26.0,0.008
2025-04-27T02:20:37.000,13.46,-13.77,0.46,21.21,20.36,849,-29.3,-26.0,0.008
2025-04-27T02:21:37.000,13.47,-13.67,0.46,21.21,20.36,850,-29.19,-26.0,0.008
2025-04-27T02:22:37.000,13.48,-13.62,0.46,21.21,20.36,851,-29.09,-26.0,0.008
2025-04-27T02:23:37.000,13.45,-13.68,0.46,21.21,20.36,852,-28.98,-26.0,0.008
2025-04-27T02:24:38.000,13.42,-13.74,0.46,21.21,20.36,853,-28.87,-25.0,0.008
2025-04-27T02:25:38.000,13.39,-13.65,0.46,21.21,20.36,854,-28.76,-25.0,0.008
2025-04-27T02:26:38.000,13.4,-13.58,0.46,21.2,20.36,855,-28.65,-25.0,0.008
2025-04-27T02:27:38.000,13.36,-13.65,0.46,21.2,20.36,856,-28.54,-25.0,0.008
2025-04-27T02:28:38.000,13.35,-13.62,0.46,21.2,20.36,857,-28.43,-25.0,0.008
2025-04-27T02:29:38.000,13.29,-13.74,0.46,21.2,20.36,858,-28.32,-25.0,0.008
2025-04-27T02:30:38.000,13.26,-13.69,0.46,21.19,20.36,859,-28.21,-25.0,0.008
2025-04-27T02:31:38.000,13.24,-13.67,0.47,21.19,20.36,860,-28.1,-25.0,0.008
2025-04-27T02:32:38.000,13.23,-13.72,0.47,21.19,20.36,861,-27.99,-24.0,0.008
2025-04-27T02:33:38.000,13.21,-13.71,0.47,21.19,20.36,862,-27.87,-24.0,0.008
2025-04-27T02:34:38.000,13.19,-13.71,0.47,21.19,20.36,863,-27.76,-24.0,0.008
2025-04-27T02:35:39.000,13.18,-13.72,0.47,21.19,20.36,864,-27.64,-24.0,0.008
