ecsv/stars495/stars495_2024-04.ecsv
# %ECSV 1.0
# ---
# datatype:
# - {name: time, datatype: string}
# - {name: Enclosure Temperature, unit: deg_C, datatype: float64}
# - {name: Sky Temperature, unit: deg_C, datatype: float64}
# - {name: Frequency, unit: Hz, datatype: float64}
# - {name: MSAS, unit: mag / arcsec2, datatype: float64}
# - {name: ZP, datatype: float64}
# - {name: Sequence Number, datatype: int64}
# - {name: Sun Alt, unit: deg, datatype: float64}
# - {name: Moon Alt, unit: deg, datatype: float64}
# - {name: Moon Illumination, datatype: float64}
# delimiter: ','
# meta: !!omap
# - ida:
#     Data supplier: {affiliation: 'Extremadura, buenas noches', observer: null}
#     Device type: TESS-W
#     Field of view: 17.0
#     Filters per channel: None
#     Instrument ID: stars495
#     License: ODbL 1.0 http://opendatacommons.org/licenses/odbl/summary/
#     Local timezone: Europe/Madrid
#     Location name: {country: "- Centro Internacional de Innovaci\xF3n Deportiva El Anillo", place: Guijo de Granadilla, region: Spain,
#       sub_region: Extremadura, town: "C\xE1ceres"}
#     Measurement direction per channel: {azimuth: 0.0, zenital: 0.0}
#     Moving / Fixed look direction: FIXED
#     Moving / Stationary position: STATIONARY
#     Number of channels: 1
#     Number of fields per line: 8
#     Number of header lines: 35
#     Position: {height: 0.0, latitude: 40.232396, longitude: -6.117092}
#     TESS MAC address: A0:20:A6:32:47:06
#     TESS cover offset value: 0.0
#     TESS firmware version: '1.0'
#     TESS zero point: 20.36
#     Time Synchronization: timestamp added by MQTT subscriber
#     URL: http://www.darksky.org/NSBM/sdf1.0.pdf
# - __serialized_columns__:
#     Enclosure Temperature:
#       __class__: astropy.units.quantity.Quantity
#       unit: &id001 !astropy.units.Unit {unit: deg_C}
#       value: !astropy.table.SerializedColumn {name: Enclosure Temperature}
#     Frequency:
#       __class__: astropy.units.quantity.Quantity
#       unit: !astropy.units.Unit {unit: Hz}
#       value: !astropy.table.SerializedColumn {name: Frequency}
#     MSAS:
#       __class__: astropy.units.quantity.Quantity
#       unit: !astropy.units.Unit {unit: mag / arcsec2}
#       value: !astropy.table.SerializedColumn {name: MSAS}
#     Moon Alt:
#       __class__: astropy.units.quantity.Quantity
#       unit: &id002 !astropy.units.Unit {unit: deg}
#       value: !astropy.table.SerializedColumn {name: Moon Alt}
#     Sky Temperature:
#       __class__: astropy.units.quantity.Quantity
#       unit: *id001
#       value: !astropy.table.SerializedColumn {name: Sky Temperature}
#     Sun Alt:
#       __class__: astropy.units.quantity.Quantity
#       unit: *id002
#       value: !astropy.table.SerializedColumn {name: Sun Alt}
#     time:
#       __class__: astropy.time.core.Time
#       format: isot
#       in_subfmt: '*'
#       out_subfmt: '*'
#       precision: 3
#       scale: utc
#       value: !astropy.table.SerializedColumn {name: time}
# schema: astropy-2.0
time,Enclosure Temperature,Sky Temperature,Frequency,MSAS,ZP,Sequence Number,Sun Alt,Moon Alt,Moon Illumination
[from data line 9787]
2024-04-15T03:32:37.000,17.24,-3.51,0.46,21.21,20.36,926,-23.66,-14.0,0.436
2024-04-15T03:33:37.000,17.2,-3.51,0.46,21.21,20.36,927,-23.51,-14.0,0.436
2024-04-15T03:34:37.000,17.17,-3.52,0.46,21.2,20.36,928,-23.36,-14.0,0.436
2024-04-15T03:35:37.000,17.09,-3.65,0.46,21.2,20.36,929,-23.21,-14.0,0.436
2024-04-15T03:36:37.000,17.1,-3.62,0.46,21.2,20.36,930,-23.05,-14.0,0.436
2024-04-15T03:37:37.000,17.06,-3.75,0.46,21.21,20.36,931,-22.9,-14.0,0.436
2024-04-15T03:38:37.000,17.05,-3.62,0.46,21.2,20.36,932,-22.75,-14.0,0.436
2024-04-15T03:39:38.000,17.06,-3.68,0.46,21.2,20.36,933,-22.59,-15.0,0.437
2024-04-15T03:40:38.000,17.04,-3.67,0.46,21.2,20.36,934,-22.44,-15.0,0.437
2024-04-15T03:41:38.000,17.02,-3.66,0.46,21.2,20.36,935,-22.28,-15.0,0.437
2024-04-15T03:42:38.000,17.01,-3.8,0.46,21.19,20.36,936,-22.13,-15.0,0.437
2024-04-15T03:43:38.000,16.96,-3.84,0.47,21.19,20.36,937,-21.98,-15.0,0.437
2024-04-15T03:44:38.000,16.91,-3.83,0.47,21.18,20.36,938,-21.82,-15.0,0.437
2024-04-15T03:45:38.000,16.91,-3.79,0.47,21.18,20.36,939,-21.66,-15.0,0.437
2024-04-15T03:46:38.000,16.9,-3.86,0.47,21.18,20.36,940,-21.51,-15.0,0.437
2024-04-15T03:47:39.000,16.88,-3.79,0.47,21.18,20.36,941,-21.35,-15.0,0.437
2024-04-15T03:48:39.000,16.86,-3.84,0.47,21.18,20.36,942,-21.19,-16.0,0.437
2024-04-15T03:49:39.000,16.85,-3.91,0.47,21.18,20.36,943,-21.04,-16.0,0.437
2024-04-15T03:50:39.000,16.82,-3.99,0.47,21.17,20.36,944,-20.88,-16.0,0.437
2024-04-15T03:51:39.000,16.8,-4.01,0.47,21.17,20.36,945,-20.72,-16.0,0.437
2024-04-15T03:52:39.000,16.77,-3.97,0.48,21.17,20.36,946,-20.56,-16.0,0.437
2024-04-15T03:53:39.000,16.81,-3.89,0.48,21.16,20.36,947,-20.4,-16.0,0.438
2024-04-15T03:54:39.000,16.8,-3.97,0.48,21.16,20.36,948,-20.24,-16.0,0.438
2024-04-15T03:55:39.000,16.74,-4.09,0.48,21.16,20.36,949,-20.08,-16.0,0.438
2024-04-15T03:56:39.000,16.71,-4.05,0.48,21.16,20.36,950,-19.92,-16.0,0.438
2024-04-15T03:57:39.000,16.67,-4.05,0.48,21.15,20.36,951,-19.76,-16.0,0.438
2024-04-15T03:58:40.000,16.7,-3.84,0.48,21.15,20.36,952,-19.6,-16.0,0.438
2024-04-15T03:59:40.000,16.7,-3.85,0.49,21.14,20.36,953,-19.44,-17.0,0.438
2024-04-15T04:00:40.000,16.68,-3.86,0.49,21.14,20.36,954,-19.28,-17.0,0.438
2024-04-15T04:01:40.000,16.67,-3.84,0.49,21.13,20.36,955,-19.12,-17.0,0.438
2024-04-15T04:02:40.000,16.69,-3.83,0.49,21.13,20.36,956,-18.96,-17.0,0.438
2024-04-15T04:03:41.000,16.67,-3.87,0.5,21.12,20.36,957,-18.79,-17.0,0.438
2024-04-15T04:04:41.000,16.68,-3.82,0.5,21.1,20.36,958,-18.63,-17.0,0.438
2024-04-15T04:05:41.000,16.64,-3.92,0.51,21.09,20.36,959,-18.46,-17.0,0.438
2024-04-15T04:06:41.000,16.65,-3.82,0.51,21.09,20.36,960,-18.3,-17.0,0.438
2024-04-15T04:07:41.000,16.64,-3.89,0.51,21.1,20.36,961,-18.14,-17.0,0.439
2024-04-15T04:08:41.000,16.63,-3.88,0.5,21.1,20.36,962,-17.97,-17.0,0.439
2024-04-15T04:09:41.000,16.62,-4.06,0.51,21.1,20.36,963,-17.81,-17.0,0.439
2024-04-15T04:10:41.000,16.61,-3.84,0.51,21.09,20.36,964,-17.64,-18.0,0.439
2024-04-15T04:11:41.000,16.62,-3.78,0.51,21.09,20.36,965,-17.48,-18.0,0.439
2024-04-15T04:12:42.000,16.63,-3.57,0.52,21.08,20.36,966,-17.31,-18.0,0.439
2024-04-15T04:13:42.000,16.62,-3.47,0.52,21.07,20.36,967,-17.15,-18.0,0.439
2024-04-15T04:14:42.000,16.64,-3.39,0.53,21.06,20.36,968,-16.98,-18.0,0.439
2024-04-15T04:15:42.000,16.65,-3.16,0.53,21.04,20.36,969,-16.81,-18.0,0.439
2024-04-15T04:16:42.000,16.68,-3.0,0.55,21.01,20.36,970,-16.65,-18.0,0.439
2024-04-15T04:17:42.000,16.67,-2.92,0.56,20.98,20.36,971,-16.48,-18.0,0.439
2024-04-15T04:18:42.000,16.65,-2.82,0.58,20.96,20.36,972,-16.31,-18.0,0.439
2024-04-15T04:19:42.000,16.67,-2.64,0.59,20.93,20.36,973,-16.15,-18.0,0.439
2024-04-15T04:20:43.000,16.69,-2.42,0.6,20.92,20.36,974,-15.98,-18.0,0.439
2024-04-15T04:21:43.000,16.73,-2.22,0.63,20.85,20.36,975,-15.81,-19.0,0.439
2024-04-15T04:22:43.000,16.77,-1.99,0.71,20.73,20.36,976,-15.64,-19.0,0.44
2024-04-15T04:23:43.000,16.79,-1.27,0.77,20.65,20.36,977,-15.47,-19.0,0.44
2024-04-15T04:24:43.000,16.83,-0.59,0.79,20.62,20.36,978,-15.3,-19.0,0.44
2024-04-15T04:25:43.000,16.87,-0.32,0.77,20.64,20.36,979,-15.13,-19.0,0.44
2024-04-15T04:26:43.000,16.9,-0.6,0.72,20.71,20.36,980,-14.96,-19.0,0.44
2024-04-15T04:27:44.000,16.98,-1.01,0.67,20.79,20.36,981,-14.79,-19.0,0.44
2024-04-15T04:28:44.000,17.03,-1.93,0.65,20.83,20.36,982,-14.62,-19.0,0.44
2024-04-15T04:29:44.000,17.05,-2.66,0.65,20.82,20.36,983,-14.45,-19.0,0.44
2024-04-15T04:30:44.000,17.07,-3.05,0.67,20.79,20.36,984,-14.28,-19.0,0.44
2024-04-15T04:31:44.000,17.06,-3.39,0.7,20.75,20.36,985,-14.11,-19.0,0.44
2024-04-15T04:32:44.000,17.04,-3.46,0.73,20.7,20.36,986,-13.94,-19.0,0.44
2024-04-15T04:33:44.000,17.07,-3.44,0.77,20.65,20.36,987,-13.76,-19.0,0.44
2024-04-15T04:34:45.000,17.08,-3.56,0.81,20.59,20.36,988,-13.59,-20.0,0.44
2024-04-15T04:35:45.000,17.1,-3.7,0.85,20.53,20.36,989,-13.42,-20.0,0.44
2024-04-15T04:36:45.000,17.08,-3.89,0.91,20.46,20.36,990,-13.25,-20.0,0.441
2024-04-15T04:37:45.000,17.04,-3.96,0.98,20.38,20.36,991,-13.07,-20.0,0.441
2024-04-15T04:38:45.000,17.02,-3.75,1.07,20.29,20.36,992,-12.9,-20.0,0.441
2024-04-15T04:39:45.000,17.0,-3.15,1.16,20.2,20.36,993,-12.73,-20.0,0.441
2024-04-15T04:40:45.000,16.98,-2.02,1.28,20.09,20.36,994,-12.55,-20.0,0.441
2024-04-15T04:41:45.000,16.99,-0.74,1.41,19.98,20.36,995,-12.38,-20.0,0.441
2024-04-15T04:42:46.000,16.96,0.01,1.55,19.88,20.36,996,-12.2,-20.0,0.441
2024-04-15T04:43:46.000,16.99,0.86,1.72,19.77,20.36,997,-12.03,-20.0,0.441
2024-04-15T04:44:46.000,17.01,1.06,1.97,19.63,20.36,998,-11.86,-20.0,0.441
2024-04-15T04:45:46.000,17.0,1.23,2.3,19.46,20.36,999,-11.68,-20.0,0.441
2024-04-15T04:46:46.000,17.04,1.54,2.61,19.32,20.36,1000,-11.51,-20.0,0.441
2024-04-15T04:47:46.000,17.08,1.39,2.84,19.23,20.36,1001,-11.33,-20.0,0.441
2024-04-15T04:48:46.000,17.13,1.2,3.12,19.13,20.36,1002,-11.16,-20.0,0.441
2024-04-15T04:49:46.000,17.15,1.1,3.59,18.97,20.36,1003,-10.98,-21.0,0.441
2024-04-15T04:50:46.000,17.2,1.81,4.51,18.73,20.36,1004,-10.8,-21.0,0.442
2024-04-15T04:51:47.000,17.28,2.7,5.87,18.44,20.36,1005,-10.63,-21.0,0.442
2024-04-15T04:52:47.000,17.33,3.0,6.97,18.25,20.36,1006,-10.45,-21.0,0.442
2024-04-15T04:53:47.000,17.35,2.4,7.93,18.11,20.36,1007,-10.27,-21.0,0.442
2024-04-15T04:54:47.000,17.35,1.51,8.78,18.0,20.36,1008,-10.1,-21.0,0.442
2024-04-15T04:55:47.000,17.43,0.77,9.94,17.87,20.36,1009,-9.92,-21.0,0.442
2024-04-15T04:56:47.000,17.5,0.4,11.6,17.7,20.36,1010,-9.74,-21.0,0.442
2024-04-15T04:57:47.000,17.56,0.55,14.24,17.48,20.36,1011,-9.57,-21.0,0.442
2024-04-15T04:58:47.000,17.61,0.89,16.95,17.29,20.36,1012,-9.39,-21.0,0.442
2024-04-15T04:59:48.000,17.66,0.79,19.44,17.14,20.36,1013,-9.21,-21.0,0.442
2024-04-15T05:00:48.000,17.68,0.04,21.65,17.02,20.36,1014,-9.03,-21.0,0.442
2024-04-15T05:01:48.000,17.68,-1.07,24.25,16.9,20.36,1015,-8.85,-21.0,0.442
2024-04-15T05:02:48.000,17.68,-2.03,27.9,16.75,20.36,1016,-8.67,-21.0,0.442
2024-04-15T05:03:48.000,17.62,-2.68,33.1,16.56,20.36,1017,-8.49,-21.0,0.442
2024-04-15T05:04:48.000,17.61,-2.84,39.96,16.36,20.36,1018,-8.32,-21.0,0.442
2024-04-15T05:05:48.000,17.64,-2.88,47.2,16.18,20.36,1019,-8.14,-21.0,0.443
2024-04-15T05:06:49.000,17.66,-2.91,58.73,15.94,20.36,1020,-7.96,-22.0,0.443
2024-04-15T05:07:49.000,17.67,-3.08,72.58,15.71,20.36,1021,-7.78,-22.0,0.443
2024-04-15T05:08:49.000,17.68,-3.1,89.84,15.48,20.36,1022,-7.6,-22.0,0.443
2024-04-15T05:09:49.000,17.68,-3.37,112.0,15.24,20.36,1023,-7.42,-22.0,0.443
2024-04-15T05:10:49.000,17.68,-3.51,140.11,15.0,20.36,1024,-7.24,-22.0,0.443
2024-04-15T05:11:49.000,17.68,-3.54,176.18,14.75,20.36,1025,-7.06,-22.0,0.443
2024-04-15T05:12:50.000,17.7,-3.63,221.82,14.5,20.36,1026,-6.87,-22.0,0.443
2024-04-15T05:13:50.000,17.68,-3.72,279.42,14.25,20.36,1027,-6.69,-22.0,0.443
2024-04-15T05:14:50.000,17.66,-3.75,352.44,13.99,20.36,1028,-6.51,-22.0,0.443
2024-04-15T05:15:51.000,17.66,-3.72,444.67,13.74,20.36,1029,-6.33,-22.0,0.443
2024-04-15T05:16:52.000,17.65,-3.78,560.47,13.49,20.36,1030,-6.14,-22.0,0.443
2024-04-15T05:17:52.000,17.61,-3.9,704.65,13.24,20.36,1031,-5.96,-22.0,0.443
2024-04-15T05:18:52.000,17.63,-3.73,883.33,13.0,20.36,1032,-5.78,-22.0,0.443
2024-04-15T05:19:53.000,17.61,-3.85,1106.84,12.75,20.36,1033,-5.6,-22.0,0.444
2024-04-15T05:20:53.000,17.59,-3.9,1386.0,12.51,20.36,1034,-5.42,-22.0,0.444
2024-04-15T05:21:53.000,17.57,-3.9,1736.11,12.26,20.36,1035,-5.23,-22.0,0.444
2024-04-15T05:22:54.000,17.57,-3.76,2170.58,12.02,20.36,1036,-5.05,-22.0,0.444
2024-04-15T05:23:54.000,17.59,-3.69,2710.02,11.78,20.36,1037,-4.87,-22.0,0.444
2024-04-15T05:24:54.000,17.58,-3.67,3382.69,11.54,20.36,1038,-4.68,-22.0,0.444
2024-04-15T05:25:55.000,17.6,-3.56,4218.98,11.3,20.36,1039,-4.5,-22.0,0.444
2024-04-15T05:26:56.000,17.66,-3.44,5264.4,11.06,20.36,1040,-4.31,-22.0,0.444
2024-04-15T05:27:55.000,17.73,-3.51,6568.67,10.82,20.36,1041,-4.13,-22.0,0.444
2024-04-15T05:28:56.000,17.8,-3.5,8187.58,10.58,20.36,1042,-3.95,-22.0,0.444
2024-04-15T05:29:56.000,17.89,-3.4,10182.56,10.34,20.36,1043,-3.76,-23.0,0.444
2024-04-15T05:30:57.000,18.01,-3.23,12596.78,10.11,20.36,1044,-3.58,-23.0,0.444
2024-04-15T05:31:58.000,18.15,-3.22,15466.71,9.89,20.36,1045,-3.39,-23.0,0.444
2024-04-15T05:32:58.000,18.23,-3.21,18833.42,9.67,20.36,1046,-3.21,-23.0,0.444
2024-04-15T05:33:59.000,18.31,-3.22,22718.87,9.47,20.36,1047,-3.02,-23.0,0.445
2024-04-15T05:34:59.000,18.37,-3.4,26266.02,9.52,20.36,1048,-2.84,-23.0,0.445
2024-04-15T05:35:59.000,18.33,-4.34,32149.45,9.09,20.36,1049,-2.65,-23.0,0.445
2024-04-15T05:37:00.000,18.19,-4.79,37343.59,9.01,20.36,1050,-2.46,-23.0,0.445
2024-04-15T05:38:00.000,18.02,-4.61,44034.16,8.75,20.36,1051,-2.28,-23.0,0.445
2024-04-15T05:39:01.000,17.93,-4.79,51119.29,8.59,20.36,1052,-2.09,-23.0,0.445
2024-04-15T05:40:01.000,17.83,-4.7,59056.73,8.43,20.36,1053,-1.91,-23.0,0.445
2024-04-15T05:41:02.000,17.69,-4.88,52675.13,1.58,20.36,1054,-1.72,-23.0,0.445
2024-04-15T05:42:02.000,17.59,-4.65,50000.0,0.0,20.36,1055,-1.53,-23.0,0.445
2024-04-15T05:43:02.000,17.5,-4.8,50000.0,0.0,20.36,1056,-1.35,-23.0,0.445
2024-04-15T05:44:03.000,17.41,-4.8,50000.0,0.0,20.36,1057,-1.16,-23.0,0.445
2024-04-15T11:57:06.000,37.23,0.74,50000.0,0.0,20.36,1429,59.21,10.0,0.471
2024-04-15T11:58:06.000,37.36,2.19,50000.0,0.0,20.36,1430,59.25,11.0,0.471
2024-04-15T11:59:06.000,37.51,1.22,50000.0,0.0,20.36,1431,59.29,11.0,0.471
2024-04-15T12:03:45.000,37.49,2.37,50000.0,0.0,20.36,2,59.47,11.0,0.472
2024-04-15T12:04:45.000,37.69,2.18,50000.0,0.0,20.36,3,59.5,12.0,0.472
2024-04-15T12:06:29.000,37.79,1.36,50000.0,0.0,20.36,2,59.55,12.0,0.472
2024-04-15T12:07:29.000,37.54,1.26,50000.0,0.0,20.36,3,59.58,12.0,0.472
2024-04-15T12:08:29.000,37.57,1.32,50000.0,0.0,20.36,4,59.61,12.0,0.472
2024-04-15T18:46:31.000,25.32,0.52,50000.0,0.0,20.36,401,2.35,76.0,0.499
2024-04-15T18:47:31.000,25.26,0.57,50000.0,0.0,20.36,402,2.17,76.0,0.5
2024-04-15T18:48:31.000,25.17,0.38,50000.0,0.0,20.36,403,1.98,76.0,0.5
2024-04-15T18:49:31.000,25.08,0.42,49729.84,0.09,20.36,404,1.79,76.0,0.5
2024-04-15T18:50:31.000,25.05,0.43,50000.0,0.0,20.36,405,1.6,75.0,0.5
2024-04-15T18:51:32.000,25.01,0.34,50000.0,0.0,20.36,406,1.42,75.0,0.5
2024-04-15T18:52:32.000,24.95,0.18,49723.87,0.09,20.36,407,1.23,75.0,0.5
2024-04-15T18:53:32.000,24.85,-0.03,49716.14,0.09,20.36,408,1.04,75.0,0.5
2024-04-15T18:54:32.000,24.77,-0.04,50000.0,0.0,20.36,409,0.86,75.0,0.5
2024-04-15T18:55:32.000,24.71,-0.11,50000.0,0.0,20.36,410,0.67,75.0,0.5
2024-04-15T18:56:32.000,24.63,-0.18,50000.0,0.0,20.36,411,0.48,75.0,0.5
2024-04-15T19:04:33.000,24.12,-0.76,50000.0,0.0,20.36,419,-1.0,75.0,0.501
2024-04-15T19:05:33.000,24.08,-0.77,50000.0,0.0,20.36,420,-1.19,75.0,0.501
2024-04-15T19:06:33.000,24.04,-0.76,50000.0,0.0,20.36,421,-1.37,75.0,0.501
2024-04-15T19:07:34.000,23.99,-0.81,49451.02,0.18,20.36,422,-1.56,75.0,0.501
2024-04-15T19:08:34.000,23.91,-0.91,50000.0,0.0,20.36,423,-1.74,75.0,0.501
2024-04-15T19:09:35.000,23.81,-0.98,50000.0,0.0,20.36,424,-1.93,75.0,0.501
2024-04-15T19:10:35.000,23.77,-0.74,50000.0,0.0,20.36,425,-2.11,74.0,0.501
2024-04-15T19:11:35.000,23.72,-0.76,57460.71,5.21,20.36,426,-2.3,74.0,0.501
2024-04-15T19:12:36.000,23.67,-0.68,54685.89,8.52,20.36,427,-2.49,74.0,0.501
2024-04-15T19:13:36.000,23.62,-0.75,46435.09,8.69,20.36,428,-2.67,74.0,0.501
2024-04-15T19:14:37.000,23.59,-0.69,38878.89,8.89,20.36,429,-2.86,74.0,0.501
2024-04-15T19:15:37.000,23.56,-0.74,31634.67,9.19,20.36,430,-3.04,74.0,0.501
2024-04-15T19:16:37.000,23.53,-0.74,25394.43,9.5,20.36,431,-3.22,74.0,0.502
2024-04-15T19:17:38.000,23.51,-0.81,20905.62,9.56,20.36,432,-3.41,74.0,0.502
2024-04-15T19:18:38.000,23.46,-1.11,16731.69,9.8,20.36,433,-3.59,74.0,0.502
2024-04-15T19:19:39.000,23.29,-1.67,13329.62,10.05,20.36,434,-3.78,74.0,0.502
2024-04-15T19:20:39.000,23.22,-1.25,10593.58,10.3,20.36,435,-3.96,74.0,0.502
2024-04-15T19:21:40.000,23.16,-1.37,8419.4,10.55,20.36,436,-4.15,74.0,0.502
2024-04-15T19:22:40.000,23.14,-1.23,6695.49,10.8,20.36,437,-4.33,73.0,0.502
2024-04-15T19:23:40.000,23.08,-1.3,5339.04,11.04,20.36,438,-4.51,73.0,0.502
2024-04-15T19:24:41.000,23.03,-1.35,4277.2,11.28,20.36,439,-4.69,73.0,0.502
2024-04-15T19:25:41.000,23.0,-1.32,3447.3,11.52,20.36,440,-4.88,73.0,0.502
2024-04-15T19:26:41.000,22.99,-1.3,2785.2,11.75,20.36,441,-5.06,73.0,0.502
2024-04-15T19:27:42.000,22.97,-1.32,2247.18,11.98,20.36,442,-5.24,73.0,0.502
2024-04-15T19:28:43.000,22.94,-1.27,1816.8,12.21,20.36,443,-5.43,73.0,0.502
2024-04-15T19:29:43.000,22.93,-1.2,1470.93,12.44,20.36,444,-5.61,73.0,0.502
2024-04-15T19:30:44.000,22.9,-1.12,1192.22,12.67,20.36,445,-5.79,73.0,0.503
2024-04-15T19:31:44.000,22.93,-0.8,965.73,12.9,20.36,446,-5.97,72.0,0.503
2024-04-15T19:32:44.000,22.98,-0.93,781.29,13.13,20.36,447,-6.15,72.0,0.503
2024-04-15T19:33:45.000,23.02,-1.0,631.24,13.36,20.36,448,-6.34,72.0,0.503
2024-04-15T19:34:45.000,23.02,-1.13,510.11,13.59,20.36,449,-6.52,72.0,0.503
2024-04-15T19:35:46.000,23.0,-1.11,412.24,13.82,20.36,450,-6.7,72.0,0.503
2024-04-15T19:36:46.000,22.98,-1.06,333.17,14.06,20.36,451,-6.88,72.0,0.503
2024-04-15T19:37:47.000,22.98,-1.13,269.67,14.28,20.36,452,-7.06,72.0,0.503
2024-04-15T19:38:47.000,22.96,-1.12,218.74,14.51,20.36,453,-7.24,72.0,0.503
2024-04-15T19:39:47.000,22.94,-1.24,178.22,14.73,20.36,454,-7.42,71.0,0.503
2024-04-15T19:40:47.000,22.95,-1.19,146.07,14.95,20.36,455,-7.6,71.0,0.503
2024-04-15T19:41:48.000,22.95,-1.24,120.55,15.16,20.36,456,-7.78,71.0,0.503
2024-04-15T19:42:48.000,22.92,-1.35,100.38,15.36,20.36,457,-7.96,71.0,0.503
2024-04-15T19:43:48.000,22.91,-1.29,84.02,15.55,20.36,458,-8.14,71.0,0.503
2024-04-15T19:44:48.000,22.92,-1.29,70.86,15.74,20.36,459,-8.32,71.0,0.504
2024-04-15T19:45:48.000,22.92,-1.33,60.14,15.91,20.36,460,-8.5,71.0,0.504
2024-04-15T19:46:49.000,22.91,-1.31,50.92,16.09,20.36,461,-8.68,71.0,0.504
2024-04-15T19:47:49.000,22.89,-1.41,45.02,16.23,20.36,462,-8.85,70.0,0.504
2024-04-15T19:48:49.000,22.82,-1.5,38.91,16.39,20.36,463,-9.03,70.0,0.504
2024-04-15T19:49:49.000,22.8,-1.56,34.16,16.53,20.36,464,-9.21,70.0,0.504
2024-04-15T19:50:49.000,22.75,-1.7,30.03,16.67,20.36,465,-9.38,70.0,0.504
2024-04-15T19:51:49.000,22.72,-1.74,26.72,16.79,20.36,466,-9.56,70.0,0.504
2024-04-15T19:52:49.000,22.69,-1.7,23.84,16.92,20.36,467,-9.74,70.0,0.504
2024-04-15T19:53:49.000,22.63,-1.84,21.4,17.03,20.36,468,-9.91,70.0,0.504
2024-04-15T19:54:49.000,22.61,-1.74,19.36,17.14,20.36,469,-10.09,69.0,0.504
2024-04-15T19:55:49.000,22.61,-1.74,17.53,17.25,20.36,470,-10.27,69.0,0.504
2024-04-15T19:56:50.000,22.58,-1.75,16.14,17.34,20.36,471,-10.45,69.0,0.504
2024-04-15T19:57:50.000,22.55,-1.82,14.86,17.43,20.36,472,-10.62,69.0,0.504
2024-04-15T19:58:50.000,22.51,-1.87,13.81,17.51,20.36,473,-10.8,69.0,0.504
2024-04-15T19:59:50.000,22.48,-1.88,12.78,17.59,20.36,474,-10.97,69.0,0.505
2024-04-15T20:00:50.000,22.45,-1.91,11.79,17.68,20.36,475,-11.15,69.0,0.505
2024-04-15T20:01:50.000,22.44,-1.91,11.03,17.75,20.36,476,-11.32,68.0,0.505
2024-04-15T20:02:50.000,22.43,-2.01,10.37,17.82,20.36,477,-11.49,68.0,0.505
2024-04-15T20:03:50.000,22.4,-2.05,9.75,17.89,20.36,478,-11.67,68.0,0.505
