ecsv/stars495/stars495_2025-04.ecsv
# %ECSV 1.0
# ---
# datatype:
# - {name: time, datatype: string}
# - {name: Enclosure Temperature, unit: deg_C, datatype: float64}
# - {name: Sky Temperature, unit: deg_C, datatype: float64}
# - {name: Frequency, unit: Hz, datatype: float64}
# - {name: MSAS, unit: mag / arcsec2, datatype: float64}
# - {name: ZP, datatype: float64}
# - {name: Sequence Number, datatype: int64}
# - {name: Sun Alt, unit: deg, datatype: float64}
# - {name: Moon Alt, unit: deg, datatype: float64}
# - {name: Moon Illumination, datatype: float64}
# delimiter: ','
# meta: !!omap
# - ida:
#     Data supplier: {affiliation: 'Extremadura, buenas noches', observer: null}
#     Device type: TESS-W
#     Field of view: 17.0
#     Filters per channel: None
#     Instrument ID: stars495
#     License: ODbL 1.0 http://opendatacommons.org/licenses/odbl/summary/
#     Local timezone: Europe/Madrid
#     Location name: {country: Spain, place: "Centro Internacional de Innovaci\xF3n Deportiva El Anillo", region: Extremadura, sub_region: "C\xE1\
#         ceres", town: Guijo de Granadilla}
#     Measurement direction per channel: {azimuth: 0.0, zenital: 0.0}
#     Moving / Fixed look direction: FIXED
#     Moving / Stationary position: STATIONARY
#     Number of channels: 1
#     Number of fields per line: 8
#     Number of header lines: 35
#     Position: {height: 0.0, latitude: 40.232396, longitude: -6.117092}
#     TESS MAC address: A0:20:A6:32:47:06
#     TESS cover offset value: 0.0
#     TESS firmware version: '1.0'
#     TESS zero point: 20.36
#     Time Synchronization: timestamp added by MQTT subscriber
#     URL: http://www.darksky.org/NSBM/sdf1.0.pdf
# - __serialized_columns__:
#     Enclosure Temperature:
#       __class__: astropy.units.quantity.Quantity
#       unit: &id001 !astropy.units.Unit {unit: deg_C}
#       value: !astropy.table.SerializedColumn {name: Enclosure Temperature}
#     Frequency:
#       __class__: astropy.units.quantity.Quantity
#       unit: !astropy.units.Unit {unit: Hz}
#       value: !astropy.table.SerializedColumn {name: Frequency}
#     MSAS:
#       __class__: astropy.units.quantity.Quantity
#       unit: !astropy.units.Unit {unit: mag / arcsec2}
#       value: !astropy.table.SerializedColumn {name: MSAS}
#     Moon Alt:
#       __class__: astropy.units.quantity.Quantity
#       unit: &id002 !astropy.units.Unit {unit: deg}
#       value: !astropy.table.SerializedColumn {name: Moon Alt}
#     Sky Temperature:
#       __class__: astropy.units.quantity.Quantity
#       unit: *id001
#       value: !astropy.table.SerializedColumn {name: Sky Temperature}
#     Sun Alt:
#       __class__: astropy.units.quantity.Quantity
#       unit: *id002
#       value: !astropy.table.SerializedColumn {name: Sun Alt}
#     time:
#       __class__: astropy.time.core.Time
#       format: isot
#       in_subfmt: '*'
#       out_subfmt: '*'
#       precision: 3
#       scale: utc
#       value: !astropy.table.SerializedColumn {name: time}
# schema: astropy-2.0
time,Enclosure Temperature,Sky Temperature,Frequency,MSAS,ZP,Sequence Number,Sun Alt,Moon Alt,Moon Illumination
[from data line 10270]
2025-04-16T01:20:16.000,10.22,-19.07,3.46,19.02,20.36,794,-37.98,22.0,0.918
2025-04-16T01:21:16.000,10.03,-18.83,4.0,18.85,20.36,795,-37.92,22.0,0.918
2025-04-16T01:22:16.000,9.96,-18.93,4.1,18.83,20.36,796,-37.86,22.0,0.918
2025-04-16T01:23:16.000,10.2,-19.2,3.64,18.96,20.36,797,-37.8,23.0,0.918
2025-04-16T01:24:16.000,10.54,-19.52,3.1,19.13,20.36,798,-37.74,23.0,0.918
2025-04-16T01:25:16.000,10.62,-19.65,2.73,19.27,20.36,799,-37.67,23.0,0.918
2025-04-16T01:26:16.000,10.56,-19.73,2.54,19.35,20.36,800,-37.61,23.0,0.918
2025-04-16T01:27:17.000,10.38,-19.8,2.41,19.41,20.36,801,-37.55,23.0,0.918
2025-04-16T01:28:17.000,10.13,-19.69,2.48,19.38,20.36,802,-37.48,23.0,0.918
2025-04-16T01:29:17.000,9.96,-19.47,2.57,19.34,20.36,803,-37.41,23.0,0.918
2025-04-16T01:30:17.000,10.06,-19.45,2.55,19.34,20.36,804,-37.35,23.0,0.918
2025-04-16T01:31:17.000,10.44,-19.29,2.57,19.34,20.36,805,-37.28,23.0,0.918
2025-04-16T01:32:17.000,10.59,-19.44,2.64,19.3,20.36,806,-37.21,23.0,0.918
2025-04-16T01:33:18.000,10.58,-19.14,2.6,19.32,20.36,807,-37.14,23.0,0.918
2025-04-16T01:34:18.000,10.52,-18.94,2.57,19.34,20.36,808,-37.07,23.0,0.918
2025-04-16T01:35:18.000,10.39,-18.8,2.6,19.32,20.36,809,-37.0,23.0,0.918
2025-04-16T01:36:18.000,10.24,-18.74,2.71,19.28,20.36,810,-36.93,23.0,0.918
2025-04-16T01:37:18.000,10.03,-18.98,4.14,18.82,20.36,811,-36.85,23.0,0.918
2025-04-16T01:38:18.000,9.95,-18.93,4.26,18.79,20.36,812,-36.78,23.0,0.917
2025-04-16T01:39:18.000,10.22,-19.15,4.76,18.68,20.36,813,-36.7,23.0,0.917
2025-04-16T01:40:18.000,10.46,-19.4,3.1,19.13,20.36,814,-36.63,23.0,0.917
2025-04-16T01:41:19.000,10.46,-19.68,4.22,18.81,20.36,815,-36.55,23.0,0.917
2025-04-16T01:42:19.000,10.35,-19.62,5.06,18.6,20.36,816,-36.47,23.0,0.917
2025-04-16T01:43:19.000,10.22,-19.5,3.97,18.86,20.36,817,-36.39,23.0,0.917
2025-04-16T01:44:19.000,10.05,-19.59,4.58,18.71,20.36,818,-36.31,23.0,0.917
2025-04-16T01:45:19.000,9.89,-19.96,4.76,18.67,20.36,819,-36.23,23.0,0.917
2025-04-16T01:46:19.000,10.15,-20.24,4.73,18.67,20.36,820,-36.15,24.0,0.917
2025-04-16T01:47:20.000,10.47,-20.36,4.71,18.68,20.36,821,-36.07,24.0,0.917
2025-04-16T01:48:20.000,10.59,-20.27,4.71,18.68,20.36,822,-35.98,24.0,0.917
2025-04-16T01:49:20.000,10.43,-20.73,4.71,18.68,20.36,823,-35.9,24.0,0.917
2025-04-16T01:50:20.000,10.22,-20.48,4.7,18.68,20.36,824,-35.82,24.0,0.917
2025-04-16T01:51:20.000,9.99,-20.49,4.7,18.68,20.36,825,-35.73,24.0,0.917
2025-04-16T01:52:20.000,9.99,-20.34,4.69,18.68,20.36,826,-35.64,24.0,0.917
2025-04-16T01:53:20.000,10.32,-20.54,4.69,18.68,20.36,827,-35.56,24.0,0.917
2025-04-16T01:54:20.000,10.48,-20.67,4.69,18.68,20.36,828,-35.47,24.0,0.917
2025-04-16T01:55:20.000,10.45,-20.59,4.7,18.68,20.36,829,-35.38,24.0,0.917
2025-04-16T01:56:20.000,10.34,-20.43,4.7,18.68,20.36,830,-35.29,24.0,0.917
2025-04-16T01:57:21.000,10.14,-20.43,4.71,18.68,20.36,831,-35.2,24.0,0.917
2025-04-16T01:58:20.000,9.93,-20.38,4.71,18.68,20.36,832,-35.11,24.0,0.917
2025-04-16T01:59:20.000,10.13,-20.33,4.7,18.68,20.36,833,-35.01,24.0,0.917
2025-04-16T02:00:21.000,10.43,-20.42,4.71,18.68,20.36,834,-34.92,24.0,0.917
2025-04-16T02:01:21.000,10.53,-20.48,4.72,18.68,20.36,835,-34.83,24.0,0.917
2025-04-16T02:02:21.000,10.44,-20.38,4.73,18.67,20.36,836,-34.73,24.0,0.917
2025-04-16T02:03:21.000,10.26,-20.34,4.74,18.67,20.36,837,-34.64,24.0,0.917
2025-04-16T02:04:21.000,10.05,-20.12,4.75,18.67,20.36,838,-34.54,24.0,0.917
2025-04-16T02:05:21.000,10.0,-19.82,4.75,18.67,20.36,839,-34.44,24.0,0.916
2025-04-16T02:06:22.000,10.15,-20.45,4.75,18.67,20.36,840,-34.34,24.0,0.916
2025-04-16T02:07:21.000,10.25,-20.3,4.75,18.67,20.36,841,-34.25,24.0,0.916
2025-04-16T02:08:22.000,10.18,-20.48,4.75,18.67,20.36,842,-34.15,24.0,0.916
2025-04-16T02:09:22.000,10.03,-20.14,4.75,18.67,20.36,843,-34.05,24.0,0.916
2025-04-16T02:10:22.000,9.92,-20.25,4.75,18.67,20.36,844,-33.94,24.0,0.916
2025-04-16T02:11:23.000,10.25,-20.04,4.74,18.67,20.36,845,-33.84,24.0,0.916
2025-04-16T02:12:23.000,10.52,-20.63,4.74,18.67,20.36,846,-33.74,24.0,0.916
2025-04-16T02:13:23.000,10.5,-20.77,4.74,18.67,20.36,847,-33.63,24.0,0.916
2025-04-16T02:14:23.000,10.36,-20.74,4.75,18.67,20.36,848,-33.53,24.0,0.916
2025-04-16T02:15:23.000,10.2,-20.27,4.76,18.67,20.36,849,-33.43,24.0,0.916
2025-04-16T02:16:23.000,10.01,-20.01,4.76,18.67,20.36,850,-33.32,24.0,0.916
2025-04-16T02:17:23.000,9.98,-19.89,4.77,18.66,20.36,851,-33.21,24.0,0.916
2025-04-16T02:18:23.000,10.27,-20.2,4.83,18.65,20.36,852,-33.11,24.0,0.916
2025-04-16T02:19:24.000,10.43,-20.23,4.95,18.62,20.36,853,-33.0,24.0,0.916
2025-04-16T02:20:24.000,10.45,-20.06,5.0,18.61,20.36,854,-32.89,24.0,0.916
2025-04-16T02:21:24.000,10.28,-19.63,5.26,18.56,20.36,855,-32.78,24.0,0.916
2025-04-16T02:22:24.000,10.13,-18.29,6.03,18.41,20.36,856,-32.67,24.0,0.916
2025-04-16T02:23:24.000,9.94,-17.62,6.87,18.27,20.36,857,-32.56,24.0,0.916
2025-04-16T02:24:24.000,10.09,-17.59,7.52,18.17,20.36,858,-32.45,24.0,0.916
2025-04-16T02:25:24.000,10.48,-17.8,8.17,18.08,20.36,859,-32.34,24.0,0.916
2025-04-16T02:26:24.000,10.68,-18.39,7.68,18.15,20.36,860,-32.22,24.0,0.916
2025-04-16T02:27:24.000,10.65,-18.93,6.13,18.39,20.36,861,-32.11,24.0,0.916
2025-04-16T02:28:25.000,10.5,-19.58,5.06,18.6,20.36,862,-31.99,24.0,0.916
2025-04-16T02:29:25.000,10.27,-19.92,4.81,18.66,20.36,863,-31.88,24.0,0.916
2025-04-16T02:30:25.000,10.04,-20.0,4.79,18.66,20.36,864,-31.76,24.0,0.916
2025-04-16T02:31:25.000,9.91,-20.03,4.78,18.66,20.36,865,-31.65,24.0,0.916
2025-04-16T02:32:25.000,10.23,-20.09,4.77,18.66,20.36,866,-31.53,24.0,0.916
2025-04-16T02:33:25.000,10.57,-20.06,4.79,18.66,20.36,867,-31.41,24.0,0.915
2025-04-16T02:34:25.000,10.69,-19.91,4.79,18.66,20.36,868,-31.3,24.0,0.915
2025-04-16T02:35:25.000,10.56,-20.18,4.79,18.66,20.36,869,-31.18,24.0,0.915
2025-04-16T02:36:25.000,10.32,-20.12,4.79,18.66,20.36,870,-31.06,24.0,0.915
2025-04-16T02:37:25.000,10.13,-20.08,4.8,18.66,20.36,871,-30.94,24.0,0.915
2025-04-16T02:38:26.000,9.96,-19.85,4.8,18.66,20.36,872,-30.81,24.0,0.915
2025-04-16T02:39:26.000,10.07,-20.29,4.79,18.66,20.36,873,-30.69,24.0,0.915
2025-04-16T02:40:26.000,10.42,-20.39,4.79,18.66,20.36,874,-30.57,24.0,0.915
2025-04-16T02:41:26.000,10.57,-20.15,4.81,18.66,20.36,875,-30.45,24.0,0.915
2025-04-16T02:42:26.000,10.51,-19.87,4.83,18.65,20.36,876,-30.33,24.0,0.915
2025-04-16T02:43:26.000,10.26,-20.08,4.84,18.65,20.36,877,-30.2,24.0,0.915
2025-04-16T02:44:27.000,10.05,-19.64,4.85,18.65,20.36,878,-30.07,24.0,0.915
2025-04-16T02:45:27.000,9.89,-19.51,4.85,18.65,20.36,879,-29.95,24.0,0.915
2025-04-16T02:46:27.000,10.18,-19.07,4.86,18.64,20.36,880,-29.82,24.0,0.915
2025-04-16T02:47:27.000,10.51,-18.74,4.89,18.64,20.36,881,-29.7,24.0,0.915
2025-04-16T02:48:28.000,10.6,-19.25,4.88,18.64,20.36,882,-29.57,24.0,0.915
2025-04-16T02:49:27.000,10.51,-19.07,4.87,18.64,20.36,883,-29.44,24.0,0.915
2025-04-16T02:50:27.000,10.41,-18.47,4.89,18.64,20.36,884,-29.31,24.0,0.915
2025-04-16T02:51:27.000,10.14,-18.41,4.93,18.63,20.36,885,-29.19,24.0,0.915
2025-04-16T02:52:27.000,9.97,-17.6,4.98,18.62,20.36,886,-29.06,24.0,0.915
2025-04-16T02:53:27.000,10.14,-17.67,4.99,18.62,20.36,887,-28.93,24.0,0.915
2025-04-16T02:54:28.000,10.35,-17.45,5.0,18.61,20.36,888,-28.79,24.0,0.915
2025-04-16T02:55:28.000,10.38,-17.07,5.06,18.6,20.36,889,-28.66,24.0,0.915
2025-04-16T02:56:28.000,10.26,-17.59,5.05,18.6,20.36,890,-28.53,24.0,0.915
2025-04-16T02:57:28.000,10.06,-18.22,5.01,18.61,20.36,891,-28.4,24.0,0.915
2025-04-16T02:58:28.000,9.96,-18.24,5.01,18.61,20.36,892,-28.27,24.0,0.915
2025-04-16T02:59:28.000,10.25,-17.82,5.07,18.6,20.36,893,-28.13,24.0,0.915
2025-04-16T03:00:28.000,10.56,-17.98,5.19,18.57,20.36,894,-28.0,24.0,0.914
2025-04-16T03:01:28.000,10.63,-18.93,5.06,18.6,20.36,895,-27.86,24.0,0.914
2025-04-16T03:02:28.000,10.49,-19.53,4.98,18.62,20.36,896,-27.73,24.0,0.914
2025-04-16T03:03:29.000,10.34,-19.28,4.99,18.61,20.36,897,-27.59,24.0,0.914
2025-04-16T03:04:29.000,10.11,-19.03,5.01,18.61,20.36,898,-27.45,24.0,0.914
2025-04-16T03:05:29.000,9.93,-18.87,5.01,18.61,20.36,899,-27.32,24.0,0.914
2025-04-16T03:06:29.000,9.95,-19.3,5.0,18.61,20.36,900,-27.18,24.0,0.914
2025-04-16T03:07:29.000,10.37,-19.81,5.01,18.61,20.36,901,-27.04,24.0,0.914
2025-04-16T03:08:29.000,10.56,-20.42,5.0,18.61,20.36,902,-26.9,24.0,0.914
2025-04-16T03:09:29.000,10.61,-19.82,5.02,18.61,20.36,903,-26.77,24.0,0.914
2025-04-16T03:10:29.000,10.42,-20.22,5.04,18.6,20.36,904,-26.63,24.0,0.914
2025-04-16T03:11:29.000,10.2,-19.64,5.06,18.6,20.36,905,-26.49,24.0,0.914
2025-04-16T03:12:30.000,10.04,-19.31,5.07,18.6,20.36,906,-26.34,24.0,0.914
2025-04-16T03:13:30.000,9.92,-19.58,5.07,18.6,20.36,907,-26.2,24.0,0.914
2025-04-16T03:14:30.000,10.16,-19.93,5.06,18.6,20.36,908,-26.06,24.0,0.914
2025-04-16T03:15:30.000,10.47,-19.97,5.07,18.6,20.36,909,-25.92,23.0,0.914
2025-04-16T03:16:30.000,10.46,-20.46,5.08,18.6,20.36,910,-25.78,23.0,0.914
2025-04-16T03:17:30.000,10.32,-20.44,5.08,18.59,20.36,911,-25.63,23.0,0.914
2025-04-16T03:18:30.000,10.17,-20.07,5.1,18.59,20.36,912,-25.49,23.0,0.914
2025-04-16T03:19:30.000,9.96,-20.39,5.1,18.59,20.36,913,-25.35,23.0,0.914
2025-04-16T03:20:31.000,9.98,-20.14,5.09,18.59,20.36,914,-25.2,23.0,0.914
2025-04-16T03:21:31.000,10.33,-20.4,5.13,18.59,20.36,915,-25.05,23.0,0.914
2025-04-16T03:22:31.000,10.51,-20.26,5.18,18.57,20.36,916,-24.91,23.0,0.914
2025-04-16T03:23:31.000,10.55,-20.01,5.15,18.58,20.36,917,-24.76,23.0,0.914
2025-04-16T03:24:31.000,10.41,-20.28,5.13,18.58,20.36,918,-24.62,23.0,0.914
2025-04-16T03:25:31.000,10.14,-20.46,5.13,18.59,20.36,919,-24.47,23.0,0.914
2025-04-16T03:26:31.000,9.91,-20.71,5.12,18.59,20.36,920,-24.32,23.0,0.914
2025-04-16T03:27:31.000,9.93,-20.79,5.1,18.59,20.36,921,-24.18,23.0,0.913
2025-04-16T03:28:31.000,10.37,-21.04,5.1,18.59,20.36,922,-24.03,23.0,0.913
2025-04-16T03:29:32.000,10.65,-20.98,5.1,18.59,20.36,923,-23.88,23.0,0.913
2025-04-16T03:30:32.000,10.67,-21.09,5.1,18.59,20.36,924,-23.73,23.0,0.913
2025-04-16T03:31:32.000,10.48,-20.83,5.09,18.59,20.36,925,-23.58,23.0,0.913
2025-04-16T03:32:32.000,10.26,-20.74,5.08,18.6,20.36,926,-23.43,23.0,0.913
2025-04-16T03:33:32.000,10.0,-20.7,5.06,18.6,20.36,927,-23.28,23.0,0.913
2025-04-16T03:34:32.000,9.94,-20.6,5.04,18.6,20.36,928,-23.13,23.0,0.913
2025-04-16T03:35:32.000,10.28,-20.76,5.02,18.61,20.36,929,-22.98,23.0,0.913
2025-04-16T03:36:32.000,10.54,-21.03,5.01,18.61,20.36,930,-22.82,23.0,0.913
2025-04-16T03:37:33.000,10.48,-21.2,4.99,18.61,20.36,931,-22.67,23.0,0.913
2025-04-16T03:38:33.000,10.4,-20.93,4.97,18.62,20.36,932,-22.52,22.0,0.913
2025-04-16T03:39:33.000,10.13,-20.99,4.94,18.62,20.36,933,-22.36,22.0,0.913
2025-04-16T03:40:33.000,9.91,-20.87,4.91,18.63,20.36,934,-22.21,22.0,0.913
2025-04-16T03:41:33.000,10.03,-21.06,4.87,18.64,20.36,935,-22.06,22.0,0.913
2025-04-16T03:42:33.000,10.37,-21.42,4.85,18.65,20.36,936,-21.9,22.0,0.913
2025-04-16T03:43:33.000,10.51,-21.4,4.84,18.65,20.36,937,-21.75,22.0,0.913
2025-04-16T03:44:33.000,10.46,-21.19,4.83,18.65,20.36,938,-21.59,22.0,0.913
2025-04-16T03:45:33.000,10.2,-21.35,4.81,18.65,20.36,939,-21.44,22.0,0.913
2025-04-16T03:46:34.000,9.96,-20.98,4.78,18.66,20.36,940,-21.28,22.0,0.913
2025-04-16T03:47:34.000,10.05,-20.68,4.75,18.67,20.36,941,-21.12,22.0,0.913
2025-04-16T03:48:34.000,10.35,-20.87,4.73,18.67,20.36,942,-20.97,22.0,0.913
2025-04-16T03:49:34.000,10.42,-21.08,4.72,18.67,20.36,943,-20.81,22.0,0.913
2025-04-16T03:50:34.000,10.25,-21.14,4.7,18.68,20.36,944,-20.65,22.0,0.913
2025-04-16T03:51:34.000,10.05,-20.89,4.69,18.68,20.36,945,-20.5,22.0,0.913
2025-04-16T03:52:34.000,9.93,-20.89,4.66,18.69,20.36,946,-20.34,22.0,0.913
2025-04-16T03:53:34.000,10.22,-20.94,4.62,18.7,20.36,947,-20.18,22.0,0.913
2025-04-16T03:54:34.000,10.55,-20.98,4.6,18.7,20.36,948,-20.02,22.0,0.912
2025-04-16T03:55:34.000,10.6,-20.98,4.56,18.71,20.36,949,-19.86,21.0,0.912
2025-04-16T03:56:35.000,10.49,-20.97,4.53,18.72,20.36,950,-19.7,21.0,0.912
2025-04-16T03:57:35.000,10.26,-20.86,4.5,18.73,20.36,951,-19.54,21.0,0.912
2025-04-16T03:58:35.000,9.98,-20.98,4.47,18.73,20.36,952,-19.38,21.0,0.912
2025-04-16T03:59:35.000,9.9,-20.81,4.43,18.74,20.36,953,-19.22,21.0,0.912
2025-04-16T04:00:35.000,10.29,-20.97,4.39,18.75,20.36,954,-19.06,21.0,0.912
2025-04-16T04:01:35.000,10.57,-20.93,4.37,18.76,20.36,955,-18.9,21.0,0.912
2025-04-16T04:02:35.000,10.66,-20.71,4.35,18.76,20.36,956,-18.73,21.0,0.912
2025-04-16T04:03:35.000,10.45,-21.22,4.32,18.77,20.36,957,-18.57,21.0,0.912
2025-04-16T04:04:35.000,10.21,-20.92,4.29,18.78,20.36,958,-18.41,21.0,0.912
2025-04-16T04:05:36.000,9.94,-21.01,4.26,18.79,20.36,959,-18.24,21.0,0.912
2025-04-16T04:06:36.000,9.91,-21.09,4.22,18.8,20.36,960,-18.08,21.0,0.912
2025-04-16T04:07:36.000,10.34,-20.98,4.19,18.81,20.36,961,-17.92,21.0,0.912
2025-04-16T04:08:36.000,10.59,-21.29,4.16,18.81,20.36,962,-17.75,21.0,0.912
2025-04-16T04:09:36.000,10.62,-21.01,4.12,18.82,20.36,963,-17.59,21.0,0.912
2025-04-16T04:10:36.000,10.45,-21.02,4.09,18.83,20.36,964,-17.43,20.0,0.912
2025-04-16T04:11:36.000,10.29,-20.87,4.07,18.84,20.36,965,-17.26,20.0,0.912
2025-04-16T04:12:37.000,9.99,-20.96,4.04,18.84,20.36,966,-17.09,20.0,0.912
2025-04-16T04:13:36.000,9.85,-21.02,4.01,18.85,20.36,967,-16.93,20.0,0.912
2025-04-16T04:14:37.000,10.17,-21.2,3.99,18.86,20.36,968,-16.76,20.0,0.912
2025-04-16T04:15:37.000,10.57,-21.06,3.98,18.86,20.36,969,-16.6,20.0,0.912
2025-04-16T04:16:37.000,10.68,-21.18,3.98,18.86,20.36,970,-16.43,20.0,0.912
2025-04-16T04:17:37.000,10.49,-21.43,3.97,18.86,20.36,971,-16.26,20.0,0.912
2025-04-16T04:18:37.000,10.23,-21.42,3.96,18.87,20.36,972,-16.1,20.0,0.912
2025-04-16T04:19:37.000,10.0,-21.01,3.95,18.87,20.36,973,-15.93,20.0,0.912
2025-04-16T04:20:37.000,9.81,-21.3,3.94,18.87,20.36,974,-15.76,20.0,0.912
2025-04-16T04:21:38.000,10.08,-21.57,3.93,18.88,20.36,975,-15.59,20.0,0.911
2025-04-16T04:22:38.000,10.54,-21.57,3.92,18.88,20.36,976,-15.42,20.0,0.911
2025-04-16T04:23:38.000,10.68,-21.45,3.91,18.88,20.36,977,-15.25,19.0,0.911
2025-04-16T04:24:38.000,10.59,-21.58,3.9,18.88,20.36,978,-15.09,19.0,0.911
2025-04-16T04:25:38.000,10.33,-21.6,3.88,18.89,20.36,979,-14.92,19.0,0.911
2025-04-16T04:26:38.000,10.05,-21.32,3.87,18.89,20.36,980,-14.75,19.0,0.911
2025-04-16T04:27:39.000,9.9,-21.14,3.85,18.9,20.36,981,-14.58,19.0,0.911
2025-04-16T04:28:39.000,10.19,-21.27,3.84,18.9,20.36,982,-14.41,19.0,0.911
2025-04-16T04:29:39.000,10.53,-21.21,3.84,18.9,20.36,983,-14.24,19.0,0.911
2025-04-16T04:30:39.000,10.62,-21.16,3.85,18.9,20.36,984,-14.07,19.0,0.911
2025-04-16T04:31:39.000,10.45,-21.21,3.87,18.89,20.36,985,-13.89,19.0,0.911
2025-04-16T04:32:39.000,10.26,-21.0,3.89,18.89,20.36,986,-13.72,19.0,0.911
2025-04-16T04:33:39.000,9.92,-21.54,3.91,18.88,20.36,987,-13.55,19.0,0.911
2025-04-16T04:34:39.000,9.83,-21.6,3.93,18.87,20.36,988,-13.38,18.0,0.911
2025-04-16T04:35:39.000,10.25,-21.56,3.96,18.87,20.36,989,-13.21,18.0,0.911
2025-04-16T04:36:40.000,10.62,-21.54,4.01,18.85,20.36,990,-13.03,18.0,0.911
2025-04-16T04:37:40.000,10.72,-21.39,4.07,18.84,20.36,991,-12.86,18.0,0.911
2025-04-16T04:38:40.000,10.59,-21.3,4.15,18.82,20.36,992,-12.69,18.0,0.911
2025-04-16T04:39:40.000,10.33,-21.48,4.25,18.79,20.36,993,-12.52,18.0,0.911
2025-04-16T04:40:40.000,9.98,-21.47,4.37,18.76,20.36,994,-12.34,18.0,0.911
2025-04-16T04:41:40.000,9.96,-21.12,4.52,18.72,20.36,995,-12.17,18.0,0.911
2025-04-16T04:42:40.000,10.21,-21.68,4.7,18.68,20.36,996,-12.0,18.0,0.911
2025-04-16T04:43:40.000,10.44,-21.39,4.91,18.63,20.36,997,-11.82,18.0,0.911
2025-04-16T04:44:40.000,10.39,-21.64,5.15,18.58,20.36,998,-11.65,18.0,0.911
2025-04-16T04:45:41.000,10.25,-21.39,5.44,18.52,20.36,999,-11.47,17.0,0.911
2025-04-16T04:46:41.000,10.01,-21.15,5.78,18.46,20.36,1000,-11.3,17.0,0.911
2025-04-16T04:47:41.000,9.89,-21.4,6.22,18.38,20.36,1001,-11.12,17.0,0.91
2025-04-16T04:48:41.000,10.2,-21.52,6.63,18.31,20.36,1002,-10.95,17.0,0.91
2025-04-16T04:49:41.000,10.53,-21.66,7.21,18.22,20.36,1003,-10.77,17.0,0.91
2025-04-16T04:50:41.000,10.58,-21.53,7.91,18.12,20.36,1004,-10.6,17.0,0.91
