ecsv/stars495/stars495_2025-04.ecsv
# %ECSV 1.0
# ---
# datatype:
# - {name: time, datatype: string}
# - {name: Enclosure Temperature, unit: deg_C, datatype: float64}
# - {name: Sky Temperature, unit: deg_C, datatype: float64}
# - {name: Frequency, unit: Hz, datatype: float64}
# - {name: MSAS, unit: mag / arcsec2, datatype: float64}
# - {name: ZP, datatype: float64}
# - {name: Sequence Number, datatype: int64}
# - {name: Sun Alt, unit: deg, datatype: float64}
# - {name: Moon Alt, unit: deg, datatype: float64}
# - {name: Moon Illumination, datatype: float64}
# delimiter: ','
# meta: !!omap
# - ida:
#     Data supplier: {affiliation: 'Extremadura, buenas noches', observer: null}
#     Device type: TESS-W
#     Field of view: 17.0
#     Filters per channel: None
#     Instrument ID: stars495
#     License: ODbL 1.0 http://opendatacommons.org/licenses/odbl/summary/
#     Local timezone: Europe/Madrid
#     Location name: {country: Spain, place: "Centro Internacional de Innovaci\xF3n Deportiva El Anillo", region: Extremadura, sub_region: "C\xE1\
#         ceres", town: Guijo de Granadilla}
#     Measurement direction per channel: {azimuth: 0.0, zenital: 0.0}
#     Moving / Fixed look direction: FIXED
#     Moving / Stationary position: STATIONARY
#     Number of channels: 1
#     Number of fields per line: 8
#     Number of header lines: 35
#     Position: {height: 0.0, latitude: 40.232396, longitude: -6.117092}
#     TESS MAC address: A0:20:A6:32:47:06
#     TESS cover offset value: 0.0
#     TESS firmware version: '1.0'
#     TESS zero point: 20.36
#     Time Synchronization: timestamp added by MQTT subscriber
#     URL: http://www.darksky.org/NSBM/sdf1.0.pdf
# - __serialized_columns__:
#     Enclosure Temperature:
#       __class__: astropy.units.quantity.Quantity
#       unit: &id001 !astropy.units.Unit {unit: deg_C}
#       value: !astropy.table.SerializedColumn {name: Enclosure Temperature}
#     Frequency:
#       __class__: astropy.units.quantity.Quantity
#       unit: !astropy.units.Unit {unit: Hz}
#       value: !astropy.table.SerializedColumn {name: Frequency}
#     MSAS:
#       __class__: astropy.units.quantity.Quantity
#       unit: !astropy.units.Unit {unit: mag / arcsec2}
#       value: !astropy.table.SerializedColumn {name: MSAS}
#     Moon Alt:
#       __class__: astropy.units.quantity.Quantity
#       unit: &id002 !astropy.units.Unit {unit: deg}
#       value: !astropy.table.SerializedColumn {name: Moon Alt}
#     Sky Temperature:
#       __class__: astropy.units.quantity.Quantity
#       unit: *id001
#       value: !astropy.table.SerializedColumn {name: Sky Temperature}
#     Sun Alt:
#       __class__: astropy.units.quantity.Quantity
#       unit: *id002
#       value: !astropy.table.SerializedColumn {name: Sun Alt}
#     time:
#       __class__: astropy.time.core.Time
#       format: isot
#       in_subfmt: '*'
#       out_subfmt: '*'
#       precision: 3
#       scale: utc
#       value: !astropy.table.SerializedColumn {name: time}
# schema: astropy-2.0
time,Enclosure Temperature,Sky Temperature,Frequency,MSAS,ZP,Sequence Number,Sun Alt,Moon Alt,Moon Illumination
[from data line 19626]
2025-04-30T23:40:32.000,10.08,-13.28,0.43,21.28,20.36,694,-33.87,-5.0,0.145
2025-04-30T23:41:33.000,10.13,-13.33,0.43,21.28,20.36,695,-33.91,-5.0,0.146
2025-04-30T23:42:33.000,10.14,-13.28,0.43,21.28,20.36,696,-33.94,-5.0,0.146
2025-04-30T23:43:33.000,10.14,-13.34,0.43,21.29,20.36,697,-33.98,-5.0,0.146
2025-04-30T23:44:33.000,10.05,-13.57,0.43,21.29,20.36,698,-34.02,-5.0,0.146
2025-04-30T23:45:33.000,10.04,-13.42,0.43,21.29,20.36,699,-34.05,-5.0,0.146
2025-04-30T23:46:33.000,10.1,-13.44,0.43,21.29,20.36,700,-34.09,-5.0,0.146
2025-04-30T23:47:33.000,10.11,-13.47,0.42,21.29,20.36,701,-34.12,-5.0,0.146
2025-04-30T23:48:33.000,10.07,-13.53,0.42,21.29,20.36,702,-34.15,-6.0,0.146
2025-04-30T23:49:33.000,10.03,-13.51,0.42,21.29,20.36,703,-34.18,-6.0,0.146
2025-04-30T23:50:33.000,10.08,-13.49,0.42,21.3,20.36,704,-34.21,-6.0,0.146
2025-04-30T23:51:33.000,10.07,-13.5,0.42,21.3,20.36,705,-34.24,-6.0,0.146
2025-04-30T23:52:33.000,10.03,-13.73,0.42,21.3,20.36,706,-34.27,-6.0,0.146
2025-04-30T23:53:34.000,10.02,-13.81,0.42,21.3,20.36,707,-34.3,-6.0,0.146
2025-04-30T23:54:34.000,10.03,-13.75,0.42,21.3,20.36,708,-34.33,-6.0,0.146
2025-04-30T23:55:34.000,10.12,-13.82,0.42,21.3,20.36,709,-34.35,-6.0,0.146
2025-04-30T23:56:34.000,10.18,-13.7,0.42,21.3,20.36,710,-34.38,-7.0,0.146
2025-04-30T23:57:34.000,10.19,-13.75,0.42,21.3,20.36,711,-34.4,-7.0,0.146
2025-04-30T23:58:34.000,10.13,-13.79,0.42,21.3,20.36,712,-34.42,-7.0,0.147
2025-04-30T23:59:34.000,10.09,-13.75,0.42,21.3,20.36,713,-34.44,-7.0,0.147
