ecsv/stars495/stars495_2024-04.ecsv
# %ECSV 1.0
# ---
# datatype:
# - {name: time, datatype: string}
# - {name: Enclosure Temperature, unit: deg_C, datatype: float64}
# - {name: Sky Temperature, unit: deg_C, datatype: float64}
# - {name: Frequency, unit: Hz, datatype: float64}
# - {name: MSAS, unit: mag / arcsec2, datatype: float64}
# - {name: ZP, datatype: float64}
# - {name: Sequence Number, datatype: int64}
# - {name: Sun Alt, unit: deg, datatype: float64}
# - {name: Moon Alt, unit: deg, datatype: float64}
# - {name: Moon Illumination, datatype: float64}
# delimiter: ','
# meta: !!omap
# - ida:
#     Data supplier: {affiliation: 'Extremadura, buenas noches', observer: null}
#     Device type: TESS-W
#     Field of view: 17.0
#     Filters per channel: None
#     Instrument ID: stars495
#     License: ODbL 1.0 http://opendatacommons.org/licenses/odbl/summary/
#     Local timezone: Europe/Madrid
#     Location name: {country: "- Centro Internacional de Innovaci\xF3n Deportiva El Anillo", place: Guijo de Granadilla, region: Spain,
#       sub_region: Extremadura, town: "C\xE1ceres"}
#     Measurement direction per channel: {azimuth: 0.0, zenital: 0.0}
#     Moving / Fixed look direction: FIXED
#     Moving / Stationary position: STATIONARY
#     Number of channels: 1
#     Number of fields per line: 8
#     Number of header lines: 35
#     Position: {height: 0.0, latitude: 40.232396, longitude: -6.117092}
#     TESS MAC address: A0:20:A6:32:47:06
#     TESS cover offset value: 0.0
#     TESS firmware version: '1.0'
#     TESS zero point: 20.36
#     Time Synchronization: timestamp added by MQTT subscriber
#     URL: http://www.darksky.org/NSBM/sdf1.0.pdf
# - __serialized_columns__:
#     Enclosure Temperature:
#       __class__: astropy.units.quantity.Quantity
#       unit: &id001 !astropy.units.Unit {unit: deg_C}
#       value: !astropy.table.SerializedColumn {name: Enclosure Temperature}
#     Frequency:
#       __class__: astropy.units.quantity.Quantity
#       unit: !astropy.units.Unit {unit: Hz}
#       value: !astropy.table.SerializedColumn {name: Frequency}
#     MSAS:
#       __class__: astropy.units.quantity.Quantity
#       unit: !astropy.units.Unit {unit: mag / arcsec2}
#       value: !astropy.table.SerializedColumn {name: MSAS}
#     Moon Alt:
#       __class__: astropy.units.quantity.Quantity
#       unit: &id002 !astropy.units.Unit {unit: deg}
#       value: !astropy.table.SerializedColumn {name: Moon Alt}
#     Sky Temperature:
#       __class__: astropy.units.quantity.Quantity
#       unit: *id001
#       value: !astropy.table.SerializedColumn {name: Sky Temperature}
#     Sun Alt:
#       __class__: astropy.units.quantity.Quantity
#       unit: *id002
#       value: !astropy.table.SerializedColumn {name: Sun Alt}
#     time:
#       __class__: astropy.time.core.Time
#       format: isot
#       in_subfmt: '*'
#       out_subfmt: '*'
#       precision: 3
#       scale: utc
#       value: !astropy.table.SerializedColumn {name: time}
# schema: astropy-2.0
time,Enclosure Temperature,Sky Temperature,Frequency,MSAS,ZP,Sequence Number,Sun Alt,Moon Alt,Moon Illumination
[from data line 5956]
2024-04-09T19:05:32.000,15.38,-12.17,54294.22,8.52,20.36,415,-2.34,11.0,0.016
2024-04-09T19:06:32.000,15.35,-12.19,47217.11,8.68,20.36,416,-2.52,11.0,0.016
2024-04-09T19:07:33.000,15.29,-12.29,40847.98,8.83,20.36,417,-2.71,10.0,0.016
2024-04-09T19:08:33.000,15.24,-12.27,34964.87,9.0,20.36,418,-2.9,10.0,0.016
2024-04-09T19:09:34.000,15.2,-12.26,29636.76,9.18,20.36,419,-3.09,10.0,0.016
2024-04-09T19:10:34.000,15.17,-12.32,24679.09,9.45,20.36,420,-3.27,10.0,0.016
2024-04-09T19:11:35.000,15.14,-12.27,20830.4,9.56,20.36,421,-3.46,10.0,0.016
2024-04-09T19:12:35.000,15.11,-12.28,17115.78,9.78,20.36,422,-3.65,10.0,0.016
2024-04-09T19:13:36.000,15.08,-12.25,13872.58,10.01,20.36,423,-3.84,9.0,0.016
2024-04-09T19:14:36.000,15.08,-12.22,11139.42,10.25,20.36,424,-4.02,9.0,0.016
2024-04-09T19:15:37.000,15.07,-12.24,8897.82,10.49,20.36,425,-4.21,9.0,0.016
2024-04-09T19:16:37.000,15.04,-12.25,7087.16,10.74,20.36,426,-4.39,9.0,0.016
2024-04-09T19:17:38.000,15.05,-12.18,5640.11,10.98,20.36,427,-4.58,9.0,0.016
2024-04-09T19:18:38.000,15.04,-12.21,4492.24,11.23,20.36,428,-4.77,8.0,0.016
2024-04-09T19:19:38.000,15.05,-12.19,3554.64,11.49,20.36,429,-4.95,8.0,0.016
2024-04-09T19:20:39.000,15.04,-12.23,2801.04,11.74,20.36,430,-5.14,8.0,0.016
2024-04-09T19:21:40.000,15.03,-12.21,2217.31,12.0,20.36,431,-5.32,8.0,0.016
2024-04-09T19:22:40.000,15.03,-12.2,1754.11,12.25,20.36,432,-5.51,8.0,0.016
2024-04-09T19:23:40.000,15.02,-12.22,1387.47,12.51,20.36,433,-5.69,8.0,0.016
2024-04-09T19:24:41.000,15.03,-12.19,1093.78,12.77,20.36,434,-5.88,7.0,0.016
2024-04-09T19:25:41.000,15.02,-12.16,857.62,13.03,20.36,435,-6.06,7.0,0.016
2024-04-09T19:26:42.000,15.0,-12.25,670.33,13.3,20.36,436,-6.25,7.0,0.016
2024-04-09T19:27:42.000,14.98,-12.21,524.27,13.56,20.36,437,-6.43,7.0,0.016
2024-04-09T19:28:43.000,14.97,-12.2,410.96,13.83,20.36,438,-6.62,7.0,0.016
2024-04-09T19:29:43.000,14.96,-12.22,322.84,14.09,20.36,439,-6.8,6.0,0.016
2024-04-09T19:30:44.000,14.95,-12.16,254.56,14.35,20.36,440,-6.99,6.0,0.016
2024-04-09T19:31:44.000,14.95,-12.22,201.71,14.6,20.36,441,-7.17,6.0,0.016
2024-04-09T19:32:45.000,14.95,-12.17,161.1,14.84,20.36,442,-7.36,6.0,0.016
2024-04-09T19:33:44.000,14.91,-12.21,129.84,15.08,20.36,443,-7.53,6.0,0.016
2024-04-09T19:34:45.000,14.87,-12.3,105.45,15.3,20.36,444,-7.72,6.0,0.016
2024-04-09T19:35:45.000,14.83,-12.34,85.98,15.53,20.36,445,-7.9,5.0,0.017
2024-04-09T19:36:45.000,14.82,-12.3,70.55,15.74,20.36,446,-8.08,5.0,0.017
2024-04-09T19:37:45.000,14.82,-12.24,58.57,15.94,20.36,447,-8.27,5.0,0.017
2024-04-09T19:38:45.000,14.8,-12.23,47.61,16.17,20.36,448,-8.45,5.0,0.017
2024-04-09T19:39:46.000,14.8,-12.19,40.88,16.33,20.36,449,-8.63,5.0,0.017
2024-04-09T19:40:46.000,14.81,-12.2,34.12,16.53,20.36,450,-8.81,5.0,0.017
2024-04-09T19:41:46.000,14.83,-12.09,28.57,16.72,20.36,451,-8.99,4.0,0.017
2024-04-09T19:42:46.000,14.87,-12.12,24.04,16.91,20.36,452,-9.17,4.0,0.017
2024-04-09T19:43:46.000,14.89,-12.0,20.17,17.1,20.36,453,-9.35,4.0,0.017
2024-04-09T19:44:46.000,14.94,-12.04,16.98,17.29,20.36,454,-9.53,4.0,0.017
2024-04-09T19:45:46.000,14.99,-11.99,14.29,17.47,20.36,455,-9.71,4.0,0.017
2024-04-09T19:46:46.000,15.01,-12.04,11.99,17.66,20.36,456,-9.89,3.0,0.017
2024-04-09T19:47:47.000,15.02,-12.08,10.18,17.84,20.36,457,-10.08,3.0,0.017
2024-04-09T19:48:47.000,15.01,-12.11,8.65,18.02,20.36,458,-10.26,3.0,0.017
2024-04-09T19:49:47.000,15.02,-12.09,7.38,18.19,20.36,459,-10.44,3.0,0.017
2024-04-09T19:50:47.000,15.03,-12.15,6.27,18.37,20.36,460,-10.62,3.0,0.017
2024-04-09T19:51:47.000,15.03,-12.18,5.4,18.53,20.36,461,-10.79,3.0,0.017
2024-04-09T19:52:47.000,15.03,-12.23,4.62,18.7,20.36,462,-10.97,2.0,0.017
2024-04-09T19:53:47.000,15.02,-12.27,3.98,18.86,20.36,463,-11.15,2.0,0.017
2024-04-09T19:54:47.000,14.99,-12.23,3.43,19.02,20.36,464,-11.33,2.0,0.017
2024-04-09T19:55:47.000,14.98,-12.24,2.97,19.18,20.36,465,-11.51,2.0,0.017
2024-04-09T19:56:48.000,14.97,-12.22,2.58,19.33,20.36,466,-11.69,2.0,0.017
2024-04-09T19:57:48.000,14.97,-12.21,2.27,19.47,20.36,467,-11.87,2.0,0.017
2024-04-09T19:58:48.000,14.96,-12.23,1.99,19.61,20.36,468,-12.04,1.0,0.017
2024-04-09T19:59:48.000,14.96,-12.21,1.76,19.74,20.36,469,-12.22,1.0,0.017
2024-04-09T20:00:48.000,14.94,-12.24,1.57,19.87,20.36,470,-12.4,1.0,0.017
2024-04-09T20:01:48.000,14.94,-12.31,1.42,19.98,20.36,471,-12.58,1.0,0.017
2024-04-09T20:02:48.000,14.92,-12.27,1.28,20.09,20.36,472,-12.75,1.0,0.017
2024-04-09T20:03:48.000,14.9,-12.39,1.17,20.19,20.36,473,-12.93,1.0,0.017
2024-04-09T20:04:49.000,14.86,-12.35,1.07,20.29,20.36,474,-13.11,0.0,0.017
2024-04-09T20:05:49.000,14.83,-12.3,0.99,20.37,20.36,475,-13.28,0.0,0.017
2024-04-09T20:06:49.000,14.79,-12.41,0.92,20.45,20.36,476,-13.46,0.0,0.017
2024-04-09T20:07:49.000,14.77,-12.42,0.85,20.53,20.36,477,-13.64,-0.0,0.017
2024-04-09T20:08:49.000,14.76,-12.37,0.8,20.6,20.36,478,-13.81,-0.0,0.017
2024-04-09T20:09:49.000,14.73,-12.41,0.76,20.66,20.36,479,-13.99,-0.0,0.017
2024-04-09T20:10:49.000,14.7,-12.42,0.72,20.71,20.36,480,-14.16,-1.0,0.017
2024-04-09T20:11:49.000,14.64,-12.44,0.69,20.76,20.36,481,-14.34,-1.0,0.017
2024-04-09T20:12:49.000,14.58,-12.5,0.66,20.81,20.36,482,-14.51,-1.0,0.017
2024-04-09T20:13:49.000,14.53,-12.54,0.64,20.85,20.36,483,-14.68,-1.0,0.017
2024-04-09T20:14:50.000,14.49,-12.56,0.62,20.88,20.36,484,-14.86,-1.0,0.017
2024-04-09T20:15:50.000,14.47,-12.48,0.6,20.91,20.36,485,-15.03,-2.0,0.017
2024-04-09T20:16:50.000,14.45,-12.55,0.59,20.94,20.36,486,-15.21,-2.0,0.017
2024-04-09T20:17:50.000,14.38,-12.57,0.58,20.96,20.36,487,-15.38,-2.0,0.017
2024-04-09T20:18:50.000,14.35,-12.57,0.57,20.98,20.36,488,-15.55,-2.0,0.017
2024-04-09T20:19:50.000,14.31,-12.65,0.56,21.0,20.36,489,-15.73,-2.0,0.017
2024-04-09T20:20:50.000,14.27,-12.67,0.55,21.01,20.36,490,-15.9,-2.0,0.017
2024-04-09T20:21:50.000,14.26,-12.65,0.54,21.03,20.36,491,-16.07,-3.0,0.018
2024-04-09T20:22:50.000,14.26,-12.71,0.54,21.04,20.36,492,-16.24,-3.0,0.018
2024-04-09T20:23:51.000,14.22,-12.77,0.53,21.05,20.36,493,-16.42,-3.0,0.018
2024-04-09T20:24:51.000,14.18,-12.84,0.53,21.06,20.36,494,-16.59,-3.0,0.018
2024-04-09T20:25:51.000,14.12,-12.95,0.52,21.06,20.36,495,-16.76,-3.0,0.018
2024-04-09T20:26:51.000,14.09,-12.93,0.52,21.07,20.36,496,-16.93,-3.0,0.018
2024-04-09T20:27:51.000,14.08,-12.89,0.52,21.08,20.36,497,-17.1,-4.0,0.018
2024-04-09T20:28:51.000,14.02,-12.98,0.52,21.07,20.36,498,-17.27,-4.0,0.018
2024-04-09T20:29:51.000,14.0,-12.96,0.52,21.07,20.36,499,-17.44,-4.0,0.018
2024-04-09T20:30:51.000,13.97,-12.95,0.51,21.09,20.36,500,-17.61,-4.0,0.018
2024-04-09T20:31:51.000,13.92,-13.0,0.51,21.1,20.36,501,-17.78,-4.0,0.018
2024-04-09T20:32:51.000,13.89,-12.96,0.51,21.1,20.36,502,-17.95,-4.0,0.018
2024-04-09T20:33:51.000,13.86,-13.09,0.5,21.1,20.36,503,-18.11,-5.0,0.018
2024-04-09T20:34:52.000,13.84,-13.06,0.5,21.1,20.36,504,-18.29,-5.0,0.018
2024-04-09T20:35:52.000,13.84,-12.96,0.5,21.11,20.36,505,-18.45,-5.0,0.018
2024-04-09T20:36:52.000,13.83,-13.07,0.5,21.11,20.36,506,-18.62,-5.0,0.018
2024-04-09T20:37:52.000,13.81,-13.03,0.5,21.11,20.36,507,-18.79,-5.0,0.018
2024-04-09T20:38:52.000,13.78,-13.1,0.5,21.11,20.36,508,-18.96,-5.0,0.018
2024-04-09T20:39:52.000,13.79,-13.05,0.5,21.11,20.36,509,-19.12,-6.0,0.018
2024-04-09T20:40:52.000,13.76,-13.1,0.5,21.11,20.36,510,-19.29,-6.0,0.018
2024-04-09T20:41:52.000,13.73,-13.23,0.5,21.12,20.36,511,-19.46,-6.0,0.018
2024-04-09T20:42:52.000,13.69,-13.34,0.5,21.12,20.36,512,-19.62,-6.0,0.018
2024-04-09T20:43:52.000,13.68,-13.27,0.5,21.12,20.36,513,-19.79,-6.0,0.018
2024-04-09T20:44:53.000,13.69,-13.26,0.5,21.12,20.36,514,-19.95,-6.0,0.018
2024-04-09T20:45:53.000,13.67,-13.25,0.5,21.12,20.36,515,-20.12,-7.0,0.018
2024-04-09T20:46:53.000,13.66,-13.31,0.5,21.12,20.36,516,-20.28,-7.0,0.018
2024-04-09T20:47:53.000,13.66,-13.32,0.5,21.11,20.36,517,-20.45,-7.0,0.018
2024-04-09T20:48:53.000,13.65,-13.36,0.5,21.12,20.36,518,-20.61,-7.0,0.018
2024-04-09T20:49:53.000,13.65,-13.38,0.5,21.12,20.36,519,-20.78,-7.0,0.018
2024-04-09T20:50:53.000,13.64,-13.42,0.5,21.12,20.36,520,-20.94,-7.0,0.018
2024-04-09T20:51:53.000,13.65,-13.36,0.5,21.12,20.36,521,-21.1,-7.0,0.018
2024-04-09T20:52:53.000,13.66,-13.36,0.5,21.12,20.36,522,-21.26,-8.0,0.018
2024-04-09T20:53:53.000,13.64,-13.38,0.5,21.12,20.36,523,-21.43,-8.0,0.018
2024-04-09T20:54:53.000,13.65,-13.33,0.49,21.12,20.36,524,-21.59,-8.0,0.018
2024-04-09T20:55:53.000,13.65,-13.31,0.49,21.12,20.36,525,-21.75,-8.0,0.018
2024-04-09T20:56:54.000,13.63,-13.36,0.49,21.13,20.36,526,-21.91,-8.0,0.018
2024-04-09T20:57:54.000,13.59,-13.44,0.49,21.13,20.36,527,-22.07,-8.0,0.018
2024-04-09T20:58:54.000,13.58,-13.44,0.49,21.13,20.36,528,-22.23,-9.0,0.018
2024-04-09T20:59:55.000,13.56,-13.46,0.49,21.13,20.36,529,-22.4,-9.0,0.018
2024-04-09T21:00:55.000,13.57,-13.32,0.49,21.13,20.36,530,-22.56,-9.0,0.018
2024-04-09T21:01:56.000,13.59,-13.39,0.49,21.13,20.36,531,-22.72,-9.0,0.018
2024-04-09T21:02:56.000,13.56,-13.35,0.49,21.13,20.36,532,-22.88,-9.0,0.018
2024-04-09T21:03:56.000,13.57,-13.28,0.49,21.13,20.36,533,-23.04,-9.0,0.018
2024-04-09T21:04:57.000,13.56,-13.31,0.49,21.13,20.36,534,-23.2,-10.0,0.018
2024-04-09T21:05:57.000,13.55,-13.29,0.49,21.13,20.36,535,-23.35,-10.0,0.019
2024-04-09T21:06:57.000,13.55,-13.25,0.49,21.13,20.36,536,-23.51,-10.0,0.019
2024-04-09T21:07:58.000,13.51,-13.2,0.49,21.14,20.36,537,-23.67,-10.0,0.019
2024-04-09T21:08:58.000,13.54,-12.89,0.49,21.13,20.36,538,-23.83,-10.0,0.019
2024-04-09T21:09:58.000,13.53,-12.83,0.5,21.12,20.36,539,-23.98,-10.0,0.019
2024-04-09T21:10:58.000,13.51,-12.58,0.5,21.11,20.36,540,-24.14,-11.0,0.019
2024-04-09T21:11:58.000,13.49,-12.5,0.51,21.1,20.36,541,-24.29,-11.0,0.019
2024-04-09T21:12:58.000,13.48,-12.33,0.5,21.1,20.36,542,-24.45,-11.0,0.019
2024-04-09T21:13:58.000,13.46,-12.31,0.5,21.12,20.36,543,-24.6,-11.0,0.019
2024-04-09T21:14:58.000,13.45,-12.3,0.5,21.11,20.36,544,-24.76,-11.0,0.019
2024-04-09T21:15:58.000,13.43,-12.17,0.5,21.11,20.36,545,-24.91,-11.0,0.019
2024-04-09T21:16:59.000,13.43,-12.1,0.51,21.1,20.36,546,-25.07,-11.0,0.019
2024-04-09T21:17:59.000,13.43,-12.02,0.51,21.09,20.36,547,-25.22,-12.0,0.019
2024-04-09T21:18:59.000,13.42,-11.96,0.51,21.08,20.36,548,-25.37,-12.0,0.019
2024-04-09T21:19:59.000,13.42,-11.92,0.52,21.07,20.36,549,-25.52,-12.0,0.019
2024-04-09T21:20:59.000,13.41,-11.88,0.53,21.05,20.36,550,-25.67,-12.0,0.019
2024-04-09T21:21:59.000,13.39,-11.8,0.54,21.03,20.36,551,-25.83,-12.0,0.019
2024-04-09T21:22:59.000,13.38,-11.83,0.55,21.02,20.36,552,-25.98,-12.0,0.019
2024-04-09T21:23:59.000,13.37,-11.9,0.54,21.02,20.36,553,-26.13,-13.0,0.019
2024-04-09T21:24:59.000,13.34,-12.18,0.53,21.06,20.36,554,-26.28,-13.0,0.019
2024-04-09T21:26:00.000,13.34,-12.31,0.51,21.09,20.36,555,-26.43,-13.0,0.019
2024-04-09T21:27:00.000,13.38,-12.55,0.5,21.12,20.36,556,-26.58,-13.0,0.019
2024-04-09T21:28:00.000,13.37,-12.89,0.49,21.13,20.36,557,-26.72,-13.0,0.019
2024-04-09T21:29:00.000,13.38,-13.11,0.49,21.14,20.36,558,-26.87,-13.0,0.019
2024-04-09T21:30:00.000,13.4,-13.25,0.49,21.14,20.36,559,-27.02,-13.0,0.019
2024-04-09T21:31:00.000,13.44,-13.29,0.49,21.14,20.36,560,-27.17,-14.0,0.019
2024-04-09T21:32:00.000,13.47,-13.42,0.49,21.14,20.36,561,-27.31,-14.0,0.019
2024-04-09T21:33:00.000,13.48,-13.52,0.49,21.14,20.36,562,-27.46,-14.0,0.019
2024-04-09T21:34:00.000,13.51,-13.56,0.49,21.14,20.36,563,-27.6,-14.0,0.019
2024-04-09T21:35:01.000,13.52,-13.62,0.49,21.14,20.36,564,-27.75,-14.0,0.019
2024-04-09T21:36:01.000,13.51,-13.65,0.49,21.14,20.36,565,-27.89,-14.0,0.019
2024-04-09T21:37:01.000,13.48,-13.74,0.49,21.14,20.36,566,-28.04,-15.0,0.019
2024-04-09T21:38:01.000,13.46,-13.76,0.49,21.14,20.36,567,-28.18,-15.0,0.019
2024-04-09T21:39:01.000,13.44,-13.73,0.49,21.14,20.36,568,-28.33,-15.0,0.019
2024-04-09T21:40:01.000,13.42,-13.73,0.49,21.14,20.36,569,-28.47,-15.0,0.019
2024-04-09T21:41:01.000,13.39,-13.75,0.49,21.14,20.36,570,-28.61,-15.0,0.019
2024-04-09T21:42:01.000,13.38,-13.61,0.49,21.14,20.36,571,-28.75,-15.0,0.019
2024-04-09T21:43:02.000,13.39,-13.65,0.49,21.14,20.36,572,-28.89,-15.0,0.019
2024-04-09T21:44:01.000,13.4,-13.55,0.49,21.14,20.36,573,-29.03,-16.0,0.019
2024-04-09T21:45:02.000,13.41,-13.48,0.49,21.14,20.36,574,-29.17,-16.0,0.019
2024-04-09T21:46:02.000,13.45,-13.41,0.49,21.13,20.36,575,-29.31,-16.0,0.019
2024-04-09T21:47:02.000,13.48,-13.35,0.49,21.13,20.36,576,-29.45,-16.0,0.019
2024-04-09T21:48:02.000,13.54,-13.32,0.49,21.13,20.36,577,-29.59,-16.0,0.019
2024-04-09T21:49:03.000,13.55,-13.4,0.49,21.13,20.36,578,-29.73,-16.0,0.019
2024-04-09T21:50:03.000,13.53,-13.57,0.49,21.12,20.36,579,-29.87,-16.0,0.02
2024-04-09T21:51:03.000,13.51,-13.57,0.5,21.12,20.36,580,-30.0,-17.0,0.02
2024-04-09T21:52:03.000,13.49,-13.65,0.5,21.12,20.36,581,-30.14,-17.0,0.02
2024-04-09T21:53:03.000,13.47,-13.7,0.5,21.12,20.36,582,-30.27,-17.0,0.02
2024-04-09T21:54:03.000,13.45,-13.75,0.5,21.12,20.36,583,-30.41,-17.0,0.02
2024-04-09T21:55:03.000,13.44,-13.74,0.5,21.12,20.36,584,-30.54,-17.0,0.02
2024-04-09T21:56:03.000,13.45,-13.74,0.5,21.11,20.36,585,-30.68,-17.0,0.02
2024-04-09T21:57:03.000,13.47,-13.71,0.5,21.11,20.36,586,-30.81,-17.0,0.02
2024-04-09T21:58:03.000,13.45,-13.76,0.5,21.11,20.36,587,-30.94,-18.0,0.02
2024-04-09T21:59:03.000,13.47,-13.72,0.5,21.11,20.36,588,-31.07,-18.0,0.02
2024-04-09T22:00:03.000,13.47,-13.73,0.5,21.11,20.36,589,-31.21,-18.0,0.02
2024-04-09T22:01:04.000,13.47,-13.77,0.5,21.11,20.36,590,-31.34,-18.0,0.02
2024-04-09T22:02:04.000,13.49,-13.78,0.5,21.11,20.36,591,-31.47,-18.0,0.02
2024-04-09T22:03:04.000,13.46,-13.78,0.5,21.11,20.36,592,-31.6,-18.0,0.02
2024-04-09T22:04:04.000,13.45,-13.78,0.5,21.11,20.36,593,-31.73,-18.0,0.02
2024-04-09T22:05:04.000,13.47,-13.81,0.5,21.11,20.36,594,-31.86,-19.0,0.02
2024-04-09T22:06:04.000,13.45,-13.87,0.5,21.11,20.36,595,-31.98,-19.0,0.02
2024-04-09T22:07:04.000,13.45,-13.79,0.5,21.11,20.36,596,-32.11,-19.0,0.02
2024-04-09T22:08:04.000,13.45,-13.81,0.5,21.11,20.36,597,-32.24,-19.0,0.02
2024-04-09T22:09:04.000,13.44,-13.81,0.5,21.11,20.36,598,-32.36,-19.0,0.02
2024-04-09T22:10:04.000,13.43,-13.83,0.5,21.11,20.36,599,-32.49,-19.0,0.02
2024-04-09T22:11:04.000,13.42,-13.81,0.5,21.11,20.36,600,-32.61,-19.0,0.02
2024-04-09T22:12:05.000,13.42,-13.82,0.5,21.11,20.36,601,-32.74,-19.0,0.02
2024-04-09T22:13:05.000,13.42,-13.78,0.5,21.12,20.36,602,-32.86,-20.0,0.02
2024-04-09T22:14:05.000,13.41,-13.79,0.49,21.13,20.36,603,-32.98,-20.0,0.02
2024-04-09T22:15:06.000,13.42,-13.87,0.49,21.13,20.36,604,-33.11,-20.0,0.02
2024-04-09T22:16:06.000,13.39,-14.06,0.49,21.13,20.36,605,-33.23,-20.0,0.02
2024-04-09T22:17:06.000,13.35,-14.11,0.49,21.14,20.36,606,-33.35,-20.0,0.02
2024-04-09T22:18:06.000,13.33,-14.1,0.49,21.14,20.36,607,-33.47,-20.0,0.02
2024-04-09T22:19:06.000,13.32,-13.94,0.49,21.14,20.36,608,-33.59,-20.0,0.02
2024-04-09T22:20:06.000,13.32,-14.06,0.49,21.14,20.36,609,-33.71,-21.0,0.02
2024-04-09T22:21:06.000,13.31,-14.01,0.48,21.15,20.36,610,-33.83,-21.0,0.02
2024-04-09T22:22:06.000,13.29,-14.19,0.48,21.15,20.36,611,-33.94,-21.0,0.02
2024-04-09T22:23:07.000,13.26,-14.21,0.48,21.15,20.36,612,-34.06,-21.0,0.02
2024-04-09T22:24:07.000,13.23,-14.19,0.48,21.15,20.36,613,-34.18,-21.0,0.02
2024-04-09T22:25:07.000,13.2,-14.18,0.48,21.16,20.36,614,-34.29,-21.0,0.02
2024-04-09T22:26:07.000,13.19,-14.17,0.48,21.16,20.36,615,-34.41,-21.0,0.02
2024-04-09T22:27:07.000,13.16,-14.33,0.48,21.16,20.36,616,-34.52,-21.0,0.02
2024-04-09T22:28:07.000,13.12,-14.33,0.48,21.16,20.36,617,-34.63,-22.0,0.02
2024-04-09T22:29:07.000,13.11,-14.21,0.48,21.17,20.36,618,-34.75,-22.0,0.02
2024-04-09T22:30:07.000,13.08,-14.22,0.48,21.17,20.36,619,-34.86,-22.0,0.02
2024-04-09T22:31:07.000,13.07,-14.14,0.47,21.17,20.36,620,-34.97,-22.0,0.02
2024-04-09T22:32:08.000,13.05,-14.11,0.47,21.17,20.36,621,-35.08,-22.0,0.02
2024-04-09T22:33:08.000,13.05,-14.12,0.47,21.17,20.36,622,-35.19,-22.0,0.021
2024-04-09T22:34:08.000,13.02,-14.13,0.47,21.17,20.36,623,-35.3,-22.0,0.021
2024-04-09T22:35:08.000,12.99,-14.07,0.47,21.18,20.36,624,-35.41,-22.0,0.021
