ecsv/stars495/stars495_2024-04.ecsv
# %ECSV 1.0
# ---
# datatype:
# - {name: time, datatype: string}
# - {name: Enclosure Temperature, unit: deg_C, datatype: float64}
# - {name: Sky Temperature, unit: deg_C, datatype: float64}
# - {name: Frequency, unit: Hz, datatype: float64}
# - {name: MSAS, unit: mag / arcsec2, datatype: float64}
# - {name: ZP, datatype: float64}
# - {name: Sequence Number, datatype: int64}
# - {name: Sun Alt, unit: deg, datatype: float64}
# - {name: Moon Alt, unit: deg, datatype: float64}
# - {name: Moon Illumination, datatype: float64}
# delimiter: ','
# meta: !!omap
# - ida:
#     Data supplier: {affiliation: 'Extremadura, buenas noches', observer: null}
#     Device type: TESS-W
#     Field of view: 17.0
#     Filters per channel: None
#     Instrument ID: stars495
#     License: ODbL 1.0 http://opendatacommons.org/licenses/odbl/summary/
#     Local timezone: Europe/Madrid
#     Location name: {country: "- Centro Internacional de Innovaci\xF3n Deportiva El Anillo", place: Guijo de Granadilla, region: Spain,
#       sub_region: Extremadura, town: "C\xE1ceres"}
#     Measurement direction per channel: {azimuth: 0.0, zenital: 0.0}
#     Moving / Fixed look direction: FIXED
#     Moving / Stationary position: STATIONARY
#     Number of channels: 1
#     Number of fields per line: 8
#     Number of header lines: 35
#     Position: {height: 0.0, latitude: 40.232396, longitude: -6.117092}
#     TESS MAC address: A0:20:A6:32:47:06
#     TESS cover offset value: 0.0
#     TESS firmware version: '1.0'
#     TESS zero point: 20.36
#     Time Synchronization: timestamp added by MQTT subscriber
#     URL: http://www.darksky.org/NSBM/sdf1.0.pdf
# - __serialized_columns__:
#     Enclosure Temperature:
#       __class__: astropy.units.quantity.Quantity
#       unit: &id001 !astropy.units.Unit {unit: deg_C}
#       value: !astropy.table.SerializedColumn {name: Enclosure Temperature}
#     Frequency:
#       __class__: astropy.units.quantity.Quantity
#       unit: !astropy.units.Unit {unit: Hz}
#       value: !astropy.table.SerializedColumn {name: Frequency}
#     MSAS:
#       __class__: astropy.units.quantity.Quantity
#       unit: !astropy.units.Unit {unit: mag / arcsec2}
#       value: !astropy.table.SerializedColumn {name: MSAS}
#     Moon Alt:
#       __class__: astropy.units.quantity.Quantity
#       unit: &id002 !astropy.units.Unit {unit: deg}
#       value: !astropy.table.SerializedColumn {name: Moon Alt}
#     Sky Temperature:
#       __class__: astropy.units.quantity.Quantity
#       unit: *id001
#       value: !astropy.table.SerializedColumn {name: Sky Temperature}
#     Sun Alt:
#       __class__: astropy.units.quantity.Quantity
#       unit: *id002
#       value: !astropy.table.SerializedColumn {name: Sun Alt}
#     time:
#       __class__: astropy.time.core.Time
#       format: isot
#       in_subfmt: '*'
#       out_subfmt: '*'
#       precision: 3
#       scale: utc
#       value: !astropy.table.SerializedColumn {name: time}
# schema: astropy-2.0
time,Enclosure Temperature,Sky Temperature,Frequency,MSAS,ZP,Sequence Number,Sun Alt,Moon Alt,Moon Illumination
[from data line 433]
2024-04-01T19:33:27.000,11.64,-10.36,34.83,16.51,20.36,440,-9.1,-71.0,0.536
2024-04-01T19:34:27.000,11.66,-10.67,29.12,16.7,20.36,441,-9.29,-71.0,0.536
2024-04-01T19:35:27.000,11.65,-11.04,23.86,16.92,20.36,442,-9.47,-71.0,0.536
2024-04-01T19:36:27.000,11.65,-11.25,19.2,17.15,20.36,443,-9.66,-71.0,0.536
2024-04-01T19:37:27.000,11.64,-11.3,16.4,17.32,20.36,444,-9.84,-71.0,0.536
2024-04-01T19:38:27.000,11.62,-11.24,14.62,17.45,20.36,445,-10.03,-70.0,0.536
2024-04-01T19:39:28.000,11.61,-11.2,14.14,17.48,20.36,446,-10.21,-70.0,0.536
2024-04-01T19:40:28.000,11.59,-11.33,11.68,17.69,20.36,447,-10.4,-70.0,0.535
2024-04-01T19:41:28.000,11.58,-11.44,8.77,18.01,20.36,448,-10.58,-70.0,0.535
2024-04-01T19:42:28.000,11.56,-11.35,7.47,18.18,20.36,449,-10.76,-70.0,0.535
2024-04-01T19:43:28.000,11.54,-10.98,6.98,18.25,20.36,450,-10.95,-70.0,0.535
2024-04-01T19:44:28.000,11.53,-10.49,6.47,18.33,20.36,451,-11.13,-70.0,0.535
2024-04-01T19:45:28.000,11.53,-10.15,6.83,18.27,20.36,452,-11.31,-69.0,0.535
2024-04-01T19:46:28.000,11.53,-9.99,6.54,18.32,20.36,453,-11.49,-69.0,0.535
2024-04-01T19:47:28.000,11.53,-10.02,5.32,18.55,20.36,454,-11.68,-69.0,0.535
2024-04-01T19:48:29.000,11.51,-10.21,4.28,18.78,20.36,455,-11.86,-69.0,0.535
2024-04-01T19:49:29.000,11.47,-10.52,3.59,18.97,20.36,456,-12.04,-69.0,0.535
2024-04-01T19:50:29.000,11.43,-10.88,3.14,19.12,20.36,457,-12.23,-69.0,0.535
2024-04-01T19:51:29.000,11.38,-11.29,2.66,19.3,20.36,458,-12.41,-68.0,0.535
2024-04-01T19:52:29.000,11.35,-11.62,2.17,19.52,20.36,459,-12.59,-68.0,0.535
2024-04-01T19:53:29.000,11.31,-11.73,1.76,19.75,20.36,460,-12.77,-68.0,0.534
2024-04-01T19:54:30.000,11.28,-11.59,1.61,19.84,20.36,461,-12.96,-68.0,0.534
2024-04-01T19:55:30.000,11.25,-11.28,1.46,19.95,20.36,462,-13.14,-68.0,0.534
2024-04-01T19:56:30.000,11.21,-10.98,1.39,20.0,20.36,463,-13.32,-68.0,0.534
2024-04-01T19:57:30.000,11.2,-10.76,1.37,20.02,20.36,464,-13.5,-67.0,0.534
2024-04-01T19:58:30.000,11.18,-10.58,1.23,20.13,20.36,465,-13.68,-67.0,0.534
2024-04-01T19:59:30.000,11.17,-10.33,1.23,20.14,20.36,466,-13.86,-67.0,0.534
2024-04-01T20:00:30.000,11.16,-10.29,1.26,20.11,20.36,467,-14.04,-67.0,0.534
2024-04-01T20:01:31.000,11.15,-10.49,1.09,20.26,20.36,468,-14.22,-67.0,0.534
2024-04-01T20:02:31.000,11.14,-10.75,0.95,20.42,20.36,469,-14.4,-67.0,0.534
2024-04-01T20:03:31.000,11.11,-11.1,0.88,20.5,20.36,470,-14.58,-66.0,0.534
2024-04-01T20:04:31.000,11.1,-11.55,0.82,20.57,20.36,471,-14.76,-66.0,0.534
2024-04-01T20:05:31.000,11.08,-11.95,0.75,20.68,20.36,472,-14.94,-66.0,0.534
2024-04-01T20:06:31.000,11.06,-12.36,0.7,20.75,20.36,473,-15.12,-66.0,0.533
2024-04-01T20:07:31.000,11.05,-12.52,0.67,20.79,20.36,474,-15.3,-66.0,0.533
2024-04-01T20:08:31.000,11.03,-12.44,0.66,20.81,20.36,475,-15.48,-66.0,0.533
2024-04-01T20:09:32.000,11.02,-12.2,0.65,20.83,20.36,476,-15.66,-65.0,0.533
2024-04-01T20:10:32.000,11.04,-11.88,0.66,20.81,20.36,477,-15.84,-65.0,0.533
2024-04-01T20:11:32.000,11.05,-11.42,0.68,20.79,20.36,478,-16.02,-65.0,0.533
2024-04-01T20:12:32.000,11.07,-10.98,0.67,20.79,20.36,479,-16.19,-65.0,0.533
2024-04-01T20:13:32.000,11.1,-10.47,0.69,20.77,20.36,480,-16.37,-65.0,0.533
2024-04-01T20:14:33.000,11.16,-9.93,0.7,20.75,20.36,481,-16.55,-65.0,0.533
2024-04-01T20:15:33.000,11.19,-9.39,0.71,20.73,20.36,482,-16.73,-64.0,0.533
2024-04-01T20:16:33.000,11.24,-8.95,0.7,20.74,20.36,483,-16.9,-64.0,0.533
2024-04-01T20:17:33.000,11.29,-8.79,0.7,20.74,20.36,484,-17.08,-64.0,0.533
2024-04-01T20:18:33.000,11.34,-8.76,0.71,20.74,20.36,485,-17.26,-64.0,0.533
2024-04-01T20:19:33.000,11.4,-8.77,0.7,20.74,20.36,486,-17.43,-64.0,0.533
2024-04-01T20:20:33.000,11.44,-9.0,0.71,20.73,20.36,487,-17.61,-63.0,0.532
2024-04-01T20:21:33.000,11.41,-9.28,0.71,20.73,20.36,488,-17.79,-63.0,0.532
2024-04-01T20:22:33.000,11.39,-9.63,0.71,20.74,20.36,489,-17.96,-63.0,0.532
2024-04-01T20:23:33.000,11.36,-9.9,0.69,20.76,20.36,490,-18.14,-63.0,0.532
2024-04-01T20:24:33.000,11.33,-10.1,0.69,20.77,20.36,491,-18.31,-63.0,0.532
2024-04-01T20:25:34.000,11.32,-10.45,0.68,20.78,20.36,492,-18.49,-63.0,0.532
2024-04-01T20:26:34.000,11.29,-11.1,0.65,20.82,20.36,493,-18.66,-62.0,0.532
2024-04-01T20:27:34.000,11.25,-11.84,0.62,20.88,20.36,494,-18.84,-62.0,0.532
2024-04-01T20:28:34.000,11.22,-12.54,0.58,20.95,20.36,495,-19.01,-62.0,0.532
2024-04-01T20:29:34.000,11.2,-13.14,0.56,20.99,20.36,496,-19.18,-62.0,0.532
2024-04-01T20:30:34.000,11.16,-13.43,0.56,21.0,20.36,497,-19.36,-62.0,0.532
2024-04-01T20:31:34.000,11.11,-13.7,0.56,20.99,20.36,498,-19.53,-62.0,0.532
2024-04-01T20:32:34.000,11.07,-13.71,0.56,20.99,20.36,499,-19.7,-61.0,0.532
2024-04-01T20:33:35.000,11.04,-13.72,0.56,20.98,20.36,500,-19.88,-61.0,0.531
2024-04-01T20:34:35.000,11.01,-13.94,0.54,21.03,20.36,501,-20.05,-61.0,0.531
2024-04-01T20:35:35.000,10.98,-14.14,0.53,21.05,20.36,502,-20.22,-61.0,0.531
2024-04-01T20:36:35.000,10.96,-14.32,0.52,21.07,20.36,503,-20.4,-61.0,0.531
2024-04-01T20:37:35.000,10.94,-14.45,0.52,21.08,20.36,504,-20.57,-61.0,0.531
2024-04-01T20:38:35.000,10.93,-14.58,0.52,21.08,20.36,505,-20.74,-60.0,0.531
2024-04-01T20:39:35.000,10.91,-14.54,0.52,21.06,20.36,506,-20.91,-60.0,0.531
2024-04-01T20:40:36.000,10.89,-14.52,0.54,21.04,20.36,507,-21.08,-60.0,0.531
2024-04-01T20:41:35.000,10.86,-14.56,0.54,21.03,20.36,508,-21.25,-60.0,0.531
2024-04-01T20:42:36.000,10.82,-14.63,0.55,21.02,20.36,509,-21.42,-60.0,0.531
2024-04-01T20:43:36.000,10.79,-14.66,0.54,21.02,20.36,510,-21.59,-59.0,0.531
2024-04-01T20:44:36.000,10.74,-14.81,0.53,21.04,20.36,511,-21.76,-59.0,0.531
2024-04-01T20:45:36.000,10.7,-14.83,0.52,21.07,20.36,512,-21.93,-59.0,0.531
2024-04-01T20:46:36.000,10.68,-14.81,0.53,21.06,20.36,513,-22.1,-59.0,0.53
2024-04-01T20:47:36.000,10.66,-14.7,0.55,21.01,20.36,514,-22.27,-59.0,0.53
2024-04-01T20:48:36.000,10.64,-14.63,0.54,21.02,20.36,515,-22.44,-59.0,0.53
2024-04-01T20:49:36.000,10.63,-14.55,0.54,21.03,20.36,516,-22.6,-58.0,0.53
2024-04-01T20:50:36.000,10.62,-14.26,0.55,21.0,20.36,517,-22.77,-58.0,0.53
2024-04-01T20:51:37.000,10.62,-13.85,0.61,20.89,20.36,518,-22.94,-58.0,0.53
2024-04-01T20:52:37.000,10.6,-13.42,0.66,20.82,20.36,519,-23.11,-58.0,0.53
2024-04-01T20:53:37.000,10.58,-12.81,0.73,20.7,20.36,520,-23.28,-58.0,0.53
2024-04-01T20:54:37.000,10.59,-12.32,0.78,20.62,20.36,521,-23.44,-57.0,0.53
2024-04-01T20:55:37.000,10.6,-11.87,0.77,20.65,20.36,522,-23.61,-57.0,0.53
2024-04-01T20:56:37.000,10.62,-11.5,0.75,20.67,20.36,523,-23.77,-57.0,0.53
2024-04-01T20:57:37.000,10.65,-11.31,0.82,20.57,20.36,524,-23.94,-57.0,0.53
2024-04-01T20:58:37.000,10.7,-11.33,0.85,20.54,20.36,525,-24.1,-57.0,0.53
2024-04-01T20:59:38.000,10.75,-11.52,0.75,20.68,20.36,526,-24.27,-57.0,0.53
2024-04-01T21:00:38.000,10.78,-11.93,0.67,20.79,20.36,527,-24.44,-56.0,0.529
2024-04-01T21:01:38.000,10.8,-12.46,0.64,20.85,20.36,528,-24.6,-56.0,0.529
2024-04-01T21:02:38.000,10.8,-12.81,0.59,20.92,20.36,529,-24.76,-56.0,0.529
2024-04-01T21:03:38.000,10.78,-13.1,0.57,20.97,20.36,530,-24.93,-56.0,0.529
2024-04-01T21:04:38.000,10.76,-13.16,0.58,20.96,20.36,531,-25.09,-56.0,0.529
2024-04-01T21:05:38.000,10.73,-13.05,0.59,20.93,20.36,532,-25.25,-56.0,0.529
2024-04-01T21:06:38.000,10.7,-12.75,0.62,20.88,20.36,533,-25.41,-55.0,0.529
2024-04-01T21:07:38.000,10.66,-12.4,0.68,20.78,20.36,534,-25.58,-55.0,0.529
2024-04-01T21:08:39.000,10.64,-12.08,0.71,20.73,20.36,535,-25.74,-55.0,0.529
2024-04-01T21:09:39.000,10.64,-11.9,0.7,20.75,20.36,536,-25.9,-55.0,0.529
2024-04-01T21:10:39.000,10.67,-11.84,0.67,20.8,20.36,537,-26.06,-55.0,0.529
2024-04-01T21:11:39.000,10.69,-11.83,0.66,20.8,20.36,538,-26.22,-54.0,0.529
2024-04-01T21:12:39.000,10.72,-11.75,0.67,20.79,20.36,539,-26.38,-54.0,0.529
2024-04-01T21:13:39.000,10.74,-11.57,0.67,20.79,20.36,540,-26.54,-54.0,0.528
2024-04-01T21:14:39.000,10.8,-11.31,0.65,20.82,20.36,541,-26.7,-54.0,0.528
2024-04-01T21:15:39.000,10.83,-11.0,0.68,20.77,20.36,542,-26.86,-54.0,0.528
2024-04-01T21:16:39.000,10.87,-10.75,0.71,20.73,20.36,543,-27.02,-54.0,0.528
2024-04-01T21:17:40.000,10.89,-10.62,0.73,20.7,20.36,544,-27.18,-53.0,0.528
2024-04-01T21:18:40.000,10.93,-10.5,0.76,20.66,20.36,545,-27.33,-53.0,0.528
2024-04-01T21:19:40.000,10.95,-10.6,0.75,20.67,20.36,546,-27.49,-53.0,0.528
2024-04-01T21:20:40.000,10.94,-10.84,0.73,20.71,20.36,547,-27.65,-53.0,0.528
2024-04-01T21:21:40.000,10.92,-11.21,0.7,20.75,20.36,548,-27.8,-53.0,0.528
2024-04-01T21:22:40.000,10.9,-11.51,0.69,20.76,20.36,549,-27.96,-52.0,0.528
2024-04-01T21:23:40.000,10.89,-11.86,0.66,20.81,20.36,550,-28.12,-52.0,0.528
2024-04-01T21:24:41.000,10.87,-12.17,0.63,20.87,20.36,551,-28.27,-52.0,0.528
2024-04-01T21:25:41.000,10.85,-12.43,0.62,20.88,20.36,552,-28.43,-52.0,0.528
2024-04-01T21:26:41.000,10.85,-12.47,0.62,20.88,20.36,553,-28.58,-52.0,0.527
2024-04-01T21:27:41.000,10.85,-12.42,0.61,20.9,20.36,554,-28.74,-52.0,0.527
2024-04-01T21:28:41.000,10.86,-12.26,0.63,20.86,20.36,555,-28.89,-51.0,0.527
2024-04-01T21:29:41.000,10.88,-12.2,0.64,20.84,20.36,556,-29.04,-51.0,0.527
2024-04-01T21:30:41.000,10.88,-12.37,0.63,20.86,20.36,557,-29.19,-51.0,0.527
2024-04-01T21:31:41.000,10.88,-12.6,0.58,20.95,20.36,558,-29.35,-51.0,0.527
2024-04-01T21:32:41.000,10.85,-12.81,0.58,20.96,20.36,559,-29.5,-51.0,0.527
2024-04-01T21:33:41.000,10.84,-12.94,0.58,20.96,20.36,560,-29.65,-50.0,0.527
2024-04-01T21:34:41.000,10.83,-13.03,0.58,20.96,20.36,561,-29.8,-50.0,0.527
2024-04-01T21:35:42.000,10.83,-13.09,0.58,20.96,20.36,562,-29.95,-50.0,0.527
2024-04-01T21:36:41.000,10.83,-13.23,0.57,20.96,20.36,563,-30.1,-50.0,0.527
2024-04-01T21:37:42.000,10.83,-13.32,0.57,20.97,20.36,564,-30.25,-50.0,0.527
2024-04-01T21:38:42.000,10.83,-13.48,0.56,21.0,20.36,565,-30.4,-50.0,0.527
2024-04-01T21:39:42.000,10.81,-13.64,0.54,21.04,20.36,566,-30.55,-49.0,0.527
2024-04-01T21:40:42.000,10.76,-13.79,0.53,21.04,20.36,567,-30.69,-49.0,0.526
2024-04-01T21:41:42.000,10.69,-14.07,0.53,21.05,20.36,568,-30.84,-49.0,0.526
2024-04-01T21:42:42.000,10.61,-14.22,0.53,21.06,20.36,569,-30.99,-49.0,0.526
2024-04-01T21:43:42.000,10.55,-14.21,0.52,21.07,20.36,570,-31.13,-49.0,0.526
2024-04-01T21:44:43.000,10.49,-14.17,0.52,21.07,20.36,571,-31.28,-48.0,0.526
2024-04-01T21:45:43.000,10.44,-14.06,0.51,21.08,20.36,572,-31.43,-48.0,0.526
2024-04-01T21:46:43.000,10.4,-13.87,0.53,21.05,20.36,573,-31.57,-48.0,0.526
2024-04-01T21:47:43.000,10.37,-13.73,0.53,21.05,20.36,574,-31.71,-48.0,0.526
2024-04-01T21:48:43.000,10.29,-13.5,0.54,21.02,20.36,575,-31.86,-48.0,0.526
2024-04-01T21:49:43.000,10.26,-13.08,0.57,20.96,20.36,576,-32.0,-48.0,0.526
2024-04-01T21:50:43.000,10.27,-12.56,0.62,20.88,20.36,577,-32.14,-47.0,0.526
2024-04-01T21:51:43.000,10.29,-12.16,0.65,20.83,20.36,578,-32.28,-47.0,0.526
2024-04-01T21:52:43.000,10.32,-11.84,0.65,20.82,20.36,579,-32.43,-47.0,0.526
2024-04-01T21:53:43.000,10.36,-11.65,0.64,20.84,20.36,580,-32.57,-47.0,0.525
2024-04-01T21:54:43.000,10.38,-11.63,0.65,20.83,20.36,581,-32.71,-47.0,0.525
2024-04-01T21:55:43.000,10.38,-11.88,0.63,20.86,20.36,582,-32.85,-46.0,0.525
2024-04-01T21:56:43.000,10.37,-11.97,0.62,20.88,20.36,583,-32.99,-46.0,0.525
2024-04-01T21:57:43.000,10.39,-12.15,0.61,20.9,20.36,584,-33.12,-46.0,0.525
2024-04-01T21:58:44.000,10.39,-12.33,0.61,20.9,20.36,585,-33.26,-46.0,0.525
2024-04-01T21:59:44.000,10.39,-12.74,0.6,20.92,20.36,586,-33.4,-46.0,0.525
2024-04-01T22:00:44.000,10.39,-13.01,0.54,21.02,20.36,587,-33.54,-46.0,0.525
2024-04-01T22:01:44.000,10.39,-13.37,0.52,21.08,20.36,588,-33.67,-45.0,0.525
2024-04-01T22:02:44.000,10.41,-13.55,0.52,21.08,20.36,589,-33.81,-45.0,0.525
2024-04-01T22:03:44.000,10.42,-13.72,0.5,21.11,20.36,590,-33.95,-45.0,0.525
2024-04-01T22:04:44.000,10.4,-13.87,0.5,21.11,20.36,591,-34.08,-45.0,0.525
2024-04-01T22:05:44.000,10.38,-13.92,0.51,21.09,20.36,592,-34.21,-45.0,0.525
2024-04-01T22:06:44.000,10.36,-14.07,0.5,21.12,20.36,593,-34.35,-44.0,0.524
2024-04-01T22:07:44.000,10.34,-14.1,0.48,21.15,20.36,594,-34.48,-44.0,0.524
2024-04-01T22:08:45.000,10.34,-14.08,0.48,21.16,20.36,595,-34.61,-44.0,0.524
2024-04-01T22:09:45.000,10.36,-14.01,0.48,21.16,20.36,596,-34.75,-44.0,0.524
2024-04-01T22:10:45.000,10.36,-13.98,0.49,21.14,20.36,597,-34.88,-44.0,0.524
2024-04-01T22:11:45.000,10.37,-13.88,0.49,21.14,20.36,598,-35.01,-44.0,0.524
2024-04-01T22:12:45.000,10.37,-13.82,0.48,21.15,20.36,599,-35.14,-43.0,0.524
2024-04-01T22:13:45.000,10.39,-13.74,0.48,21.16,20.36,600,-35.26,-43.0,0.524
2024-04-01T22:14:45.000,10.41,-13.7,0.47,21.18,20.36,601,-35.39,-43.0,0.524
2024-04-01T22:15:45.000,10.43,-13.69,0.47,21.19,20.36,602,-35.52,-43.0,0.524
2024-04-01T22:16:46.000,10.43,-13.8,0.46,21.19,20.36,603,-35.65,-43.0,0.524
2024-04-01T22:17:46.000,10.41,-13.76,0.47,21.19,20.36,604,-35.78,-42.0,0.524
2024-04-01T22:18:46.000,10.4,-13.72,0.48,21.17,20.36,605,-35.9,-42.0,0.524
2024-04-01T22:19:46.000,10.38,-13.65,0.49,21.13,20.36,606,-36.03,-42.0,0.523
2024-04-01T22:20:46.000,10.36,-13.48,0.5,21.12,20.36,607,-36.15,-42.0,0.523
2024-04-01T22:21:46.000,10.36,-13.35,0.5,21.11,20.36,608,-36.27,-42.0,0.523
2024-04-01T22:22:46.000,10.35,-13.17,0.52,21.07,20.36,609,-36.4,-42.0,0.523
2024-04-01T22:23:46.000,10.34,-13.28,0.51,21.09,20.36,610,-36.52,-41.0,0.523
2024-04-01T22:24:46.000,10.33,-13.25,0.5,21.11,20.36,611,-36.64,-41.0,0.523
2024-04-01T22:25:46.000,10.32,-13.21,0.49,21.14,20.36,612,-36.76,-41.0,0.523
2024-04-01T22:26:46.000,10.34,-13.14,0.49,21.14,20.36,613,-36.88,-41.0,0.523
2024-04-01T22:27:46.000,10.34,-13.08,0.5,21.11,20.36,614,-37.0,-41.0,0.523
2024-04-01T22:28:47.000,10.35,-13.0,0.5,21.11,20.36,615,-37.12,-40.0,0.523
2024-04-01T22:29:47.000,10.36,-12.94,0.48,21.16,20.36,616,-37.24,-40.0,0.523
2024-04-01T22:30:47.000,10.37,-12.96,0.48,21.15,20.36,617,-37.36,-40.0,0.523
2024-04-01T22:31:47.000,10.39,-13.0,0.51,21.1,20.36,618,-37.47,-40.0,0.523
2024-04-01T22:32:47.000,10.4,-13.0,0.51,21.1,20.36,619,-37.59,-40.0,0.523
2024-04-01T22:33:47.000,10.44,-13.02,0.47,21.17,20.36,620,-37.7,-40.0,0.522
2024-04-01T22:34:47.000,10.47,-13.12,0.46,21.21,20.36,621,-37.82,-39.0,0.522
2024-04-01T22:35:47.000,10.47,-13.3,0.46,21.21,20.36,622,-37.93,-39.0,0.522
2024-04-01T22:36:47.000,10.48,-13.37,0.46,21.19,20.36,623,-38.05,-39.0,0.522
2024-04-01T22:37:47.000,10.52,-13.42,0.47,21.17,20.36,624,-38.16,-39.0,0.522
2024-04-01T22:38:47.000,10.53,-13.51,0.46,21.19,20.36,625,-38.27,-39.0,0.522
2024-04-01T22:39:47.000,10.55,-13.57,0.45,21.22,20.36,626,-38.38,-38.0,0.522
2024-04-01T22:40:48.000,10.55,-13.49,0.45,21.23,20.36,627,-38.49,-38.0,0.522
2024-04-01T22:41:48.000,10.54,-13.5,0.46,21.21,20.36,628,-38.6,-38.0,0.522
2024-04-01T22:42:48.000,10.58,-13.27,0.46,21.2,20.36,629,-38.71,-38.0,0.522
2024-04-01T22:43:48.000,10.6,-12.36,0.45,21.22,20.36,630,-38.82,-38.0,0.522
2024-04-01T22:44:48.000,10.64,-10.03,0.49,21.13,20.36,631,-38.92,-38.0,0.522
2024-04-01T22:45:48.000,10.69,-6.81,0.62,20.89,20.36,632,-39.03,-37.0,0.522
2024-04-01T22:46:48.000,10.76,-3.54,0.76,20.66,20.36,633,-39.13,-37.0,0.521
2024-04-01T22:47:48.000,10.87,-1.21,0.85,20.54,20.36,634,-39.24,-37.0,0.521
2024-04-01T22:48:48.000,11.02,0.27,1.0,20.36,20.36,635,-39.34,-37.0,0.521
2024-04-01T22:49:48.000,11.18,1.15,0.95,20.42,20.36,636,-39.44,-37.0,0.521
2024-04-01T22:50:48.000,11.35,1.59,0.89,20.49,20.36,637,-39.54,-36.0,0.521
2024-04-01T22:51:49.000,11.51,2.02,0.86,20.52,20.36,638,-39.65,-36.0,0.521
2024-04-01T22:52:49.000,11.68,2.67,0.98,20.39,20.36,639,-39.75,-36.0,0.521
2024-04-01T22:53:49.000,11.84,3.29,1.03,20.32,20.36,640,-39.85,-36.0,0.521
2024-04-01T22:54:49.000,12.01,3.55,1.1,20.26,20.36,641,-39.94,-36.0,0.521
2024-04-01T22:55:49.000,12.15,3.68,1.09,20.27,20.36,642,-40.04,-36.0,0.521
2024-04-01T22:56:49.000,12.27,3.7,1.04,20.32,20.36,643,-40.14,-35.0,0.521
2024-04-01T22:57:49.000,12.38,3.71,1.03,20.32,20.36,644,-40.23,-35.0,0.521
2024-04-01T22:58:49.000,12.48,3.63,1.09,20.27,20.36,645,-40.33,-35.0,0.521
2024-04-01T22:59:50.000,12.58,3.71,1.04,20.32,20.36,646,-40.42,-35.0,0.52
2024-04-01T23:00:49.000,12.69,3.82,1.1,20.26,20.36,647,-40.52,-35.0,0.52
2024-04-01T23:01:50.000,12.76,3.58,1.13,20.23,20.36,648,-40.61,-35.0,0.52
