ecsv/stars495/stars495_2025-04.ecsv
# %ECSV 1.0
# ---
# datatype:
# - {name: time, datatype: string}
# - {name: Enclosure Temperature, unit: deg_C, datatype: float64}
# - {name: Sky Temperature, unit: deg_C, datatype: float64}
# - {name: Frequency, unit: Hz, datatype: float64}
# - {name: MSAS, unit: mag / arcsec2, datatype: float64}
# - {name: ZP, datatype: float64}
# - {name: Sequence Number, datatype: int64}
# - {name: Sun Alt, unit: deg, datatype: float64}
# - {name: Moon Alt, unit: deg, datatype: float64}
# - {name: Moon Illumination, datatype: float64}
# delimiter: ','
# meta: !!omap
# - ida:
#     Data supplier: {affiliation: 'Extremadura, buenas noches', observer: null}
#     Device type: TESS-W
#     Field of view: 17.0
#     Filters per channel: None
#     Instrument ID: stars495
#     License: ODbL 1.0 http://opendatacommons.org/licenses/odbl/summary/
#     Local timezone: Europe/Madrid
#     Location name: {country: Spain, place: "Centro Internacional de Innovaci\xF3n Deportiva El Anillo", region: Extremadura, sub_region: "C\xE1\
#         ceres", town: Guijo de Granadilla}
#     Measurement direction per channel: {azimuth: 0.0, zenital: 0.0}
#     Moving / Fixed look direction: FIXED
#     Moving / Stationary position: STATIONARY
#     Number of channels: 1
#     Number of fields per line: 8
#     Number of header lines: 35
#     Position: {height: 0.0, latitude: 40.232396, longitude: -6.117092}
#     TESS MAC address: A0:20:A6:32:47:06
#     TESS cover offset value: 0.0
#     TESS firmware version: '1.0'
#     TESS zero point: 20.36
#     Time Synchronization: timestamp added by MQTT subscriber
#     URL: http://www.darksky.org/NSBM/sdf1.0.pdf
# - __serialized_columns__:
#     Enclosure Temperature:
#       __class__: astropy.units.quantity.Quantity
#       unit: &id001 !astropy.units.Unit {unit: deg_C}
#       value: !astropy.table.SerializedColumn {name: Enclosure Temperature}
#     Frequency:
#       __class__: astropy.units.quantity.Quantity
#       unit: !astropy.units.Unit {unit: Hz}
#       value: !astropy.table.SerializedColumn {name: Frequency}
#     MSAS:
#       __class__: astropy.units.quantity.Quantity
#       unit: !astropy.units.Unit {unit: mag / arcsec2}
#       value: !astropy.table.SerializedColumn {name: MSAS}
#     Moon Alt:
#       __class__: astropy.units.quantity.Quantity
#       unit: &id002 !astropy.units.Unit {unit: deg}
#       value: !astropy.table.SerializedColumn {name: Moon Alt}
#     Sky Temperature:
#       __class__: astropy.units.quantity.Quantity
#       unit: *id001
#       value: !astropy.table.SerializedColumn {name: Sky Temperature}
#     Sun Alt:
#       __class__: astropy.units.quantity.Quantity
#       unit: *id002
#       value: !astropy.table.SerializedColumn {name: Sun Alt}
#     time:
#       __class__: astropy.time.core.Time
#       format: isot
#       in_subfmt: '*'
#       out_subfmt: '*'
#       precision: 3
#       scale: utc
#       value: !astropy.table.SerializedColumn {name: time}
# schema: astropy-2.0
time,Enclosure Temperature,Sky Temperature,Frequency,MSAS,ZP,Sequence Number,Sun Alt,Moon Alt,Moon Illumination
[from data line 19410]
2025-04-30T20:04:03.000,10.77,9.58,24.48,16.89,20.36,478,-8.69,30.0,0.133
2025-04-30T20:05:04.000,10.73,9.35,20.78,17.07,20.36,479,-8.86,30.0,0.133
2025-04-30T20:06:04.000,10.67,9.24,17.77,17.24,20.36,480,-9.03,30.0,0.133
2025-04-30T20:07:04.000,10.61,9.1,15.19,17.41,20.36,481,-9.2,30.0,0.133
2025-04-30T20:08:04.000,10.6,9.23,13.15,17.56,20.36,482,-9.37,30.0,0.133
2025-04-30T20:09:04.000,10.63,9.34,11.25,17.73,20.36,483,-9.53,29.0,0.134
2025-04-30T20:10:04.000,10.67,9.34,9.75,17.89,20.36,484,-9.7,29.0,0.134
2025-04-30T20:11:04.000,10.72,9.46,8.47,18.04,20.36,485,-9.87,29.0,0.134
2025-04-30T20:12:05.000,10.78,9.56,7.37,18.19,20.36,486,-10.03,29.0,0.134
2025-04-30T20:13:04.000,10.83,9.53,6.44,18.34,20.36,487,-10.2,29.0,0.134
2025-04-30T20:14:05.000,10.83,9.54,5.62,18.49,20.36,488,-10.37,29.0,0.134
2025-04-30T20:15:05.000,10.86,9.48,4.93,18.63,20.36,489,-10.53,28.0,0.134
2025-04-30T20:16:05.000,10.86,9.51,4.31,18.77,20.36,490,-10.69,28.0,0.134
2025-04-30T20:17:05.000,10.93,9.63,3.82,18.91,20.36,491,-10.86,28.0,0.134
2025-04-30T20:18:05.000,10.99,9.66,3.38,19.04,20.36,492,-11.02,28.0,0.134
2025-04-30T20:19:05.000,11.02,9.58,2.97,19.18,20.36,493,-11.19,28.0,0.134
2025-04-30T20:20:05.000,11.07,9.86,2.63,19.31,20.36,494,-11.35,28.0,0.134
2025-04-30T20:21:05.000,11.1,9.86,2.35,19.43,20.36,495,-11.51,27.0,0.134
2025-04-30T20:22:06.000,11.1,9.87,2.12,19.55,20.36,496,-11.68,27.0,0.134
2025-04-30T20:23:06.000,11.11,9.89,1.92,19.65,20.36,497,-11.84,27.0,0.134
2025-04-30T20:24:06.000,11.1,9.87,1.74,19.76,20.36,498,-12.0,27.0,0.134
2025-04-30T20:25:06.000,11.1,9.83,1.58,19.86,20.36,499,-12.17,27.0,0.134
2025-04-30T20:26:06.000,11.06,9.74,1.44,19.96,20.36,500,-12.33,26.0,0.134
2025-04-30T20:27:06.000,11.05,9.63,1.33,20.05,20.36,501,-12.49,26.0,0.135
2025-04-30T20:28:06.000,11.04,9.64,1.22,20.14,20.36,502,-12.65,26.0,0.135
2025-04-30T20:29:06.000,11.05,9.71,1.13,20.22,20.36,503,-12.81,26.0,0.135
2025-04-30T20:30:07.000,11.04,9.73,1.06,20.3,20.36,504,-12.97,26.0,0.135
2025-04-30T20:31:07.000,11.05,9.72,0.99,20.37,20.36,505,-13.13,26.0,0.135
2025-04-30T20:32:07.000,11.06,9.77,0.93,20.43,20.36,506,-13.29,25.0,0.135
2025-04-30T20:33:07.000,11.08,9.84,0.88,20.49,20.36,507,-13.45,25.0,0.135
2025-04-30T20:34:07.000,11.08,9.77,0.84,20.55,20.36,508,-13.61,25.0,0.135
2025-04-30T20:35:07.000,11.05,9.64,0.8,20.6,20.36,509,-13.77,25.0,0.135
2025-04-30T20:36:07.000,11.02,9.59,0.77,20.64,20.36,510,-13.93,25.0,0.135
2025-04-30T20:37:08.000,11.03,9.68,0.74,20.68,20.36,511,-14.09,25.0,0.135
2025-04-30T20:38:08.000,11.05,9.71,0.72,20.72,20.36,512,-14.24,24.0,0.135
2025-04-30T20:39:08.000,11.07,9.75,0.7,20.75,20.36,513,-14.4,24.0,0.135
2025-04-30T20:40:08.000,11.06,9.73,0.68,20.78,20.36,514,-14.56,24.0,0.135
2025-04-30T20:41:08.000,11.07,9.78,0.66,20.81,20.36,515,-14.71,24.0,0.135
2025-04-30T20:42:08.000,11.09,9.85,0.64,20.84,20.36,516,-14.87,24.0,0.135
2025-04-30T20:43:08.000,11.08,9.79,0.63,20.86,20.36,517,-15.03,23.0,0.135
2025-04-30T20:44:08.000,11.08,9.8,0.62,20.88,20.36,518,-15.18,23.0,0.135
2025-04-30T20:45:08.000,11.08,9.79,0.61,20.89,20.36,519,-15.34,23.0,0.136
2025-04-30T20:46:08.000,11.07,9.78,0.6,20.91,20.36,520,-15.49,23.0,0.136
2025-04-30T20:47:09.000,11.08,9.77,0.6,20.92,20.36,521,-15.65,23.0,0.136
2025-04-30T20:48:09.000,11.07,9.78,0.59,20.93,20.36,522,-15.8,23.0,0.136
2025-04-30T20:49:09.000,11.08,9.78,0.59,20.94,20.36,523,-15.95,22.0,0.136
2025-04-30T20:50:09.000,11.06,9.73,0.58,20.95,20.36,524,-16.11,22.0,0.136
2025-04-30T20:51:09.000,11.07,9.76,0.58,20.96,20.36,525,-16.26,22.0,0.136
2025-04-30T20:52:09.000,11.07,9.78,0.57,20.97,20.36,526,-16.41,22.0,0.136
2025-04-30T20:53:09.000,11.08,9.68,0.57,20.98,20.36,527,-16.56,22.0,0.136
2025-04-30T20:54:09.000,11.07,9.57,0.56,20.98,20.36,528,-16.72,22.0,0.136
2025-04-30T20:55:10.000,11.08,9.63,0.56,20.99,20.36,529,-16.87,21.0,0.136
2025-04-30T20:56:10.000,11.08,9.53,0.56,20.99,20.36,530,-17.02,21.0,0.136
2025-04-30T20:57:10.000,11.08,9.63,0.55,21.0,20.36,531,-17.17,21.0,0.136
2025-04-30T20:58:10.000,11.08,9.52,0.55,21.0,20.36,532,-17.32,21.0,0.136
2025-04-30T20:59:10.000,11.03,9.34,0.55,21.01,20.36,533,-17.47,21.0,0.136
2025-04-30T21:00:10.000,11.04,9.32,0.55,21.02,20.36,534,-17.62,20.0,0.136
2025-04-30T21:01:10.000,11.04,9.41,0.54,21.02,20.36,535,-17.77,20.0,0.136
2025-04-30T21:02:10.000,11.06,9.4,0.54,21.02,20.36,536,-17.91,20.0,0.136
2025-04-30T21:03:11.000,10.98,9.03,0.54,21.03,20.36,537,-18.06,20.0,0.137
2025-04-30T21:04:10.000,11.0,9.11,0.54,21.04,20.36,538,-18.21,20.0,0.137
2025-04-30T21:05:11.000,11.01,9.09,0.54,21.04,20.36,539,-18.36,20.0,0.137
2025-04-30T21:06:10.000,10.95,8.76,0.53,21.04,20.36,540,-18.5,19.0,0.137
2025-04-30T21:07:11.000,10.96,8.72,0.53,21.04,20.36,541,-18.65,19.0,0.137
2025-04-30T21:08:11.000,10.96,8.51,0.53,21.05,20.36,542,-18.8,19.0,0.137
2025-04-30T21:09:11.000,10.92,8.18,0.53,21.05,20.36,543,-18.94,19.0,0.137
2025-04-30T21:10:11.000,10.94,8.01,0.53,21.05,20.36,544,-19.09,19.0,0.137
2025-04-30T21:11:11.000,10.94,7.7,0.53,21.06,20.36,545,-19.23,19.0,0.137
2025-04-30T21:12:11.000,10.94,7.48,0.52,21.06,20.36,546,-19.37,18.0,0.137
2025-04-30T21:13:11.000,10.93,7.12,0.52,21.06,20.36,547,-19.52,18.0,0.137
2025-04-30T21:14:11.000,10.94,7.01,0.52,21.07,20.36,548,-19.66,18.0,0.137
2025-04-30T21:15:11.000,10.99,7.01,0.52,21.07,20.36,549,-19.8,18.0,0.137
2025-04-30T21:16:11.000,10.96,6.64,0.52,21.07,20.36,550,-19.95,18.0,0.137
2025-04-30T21:17:11.000,10.93,6.17,0.53,21.05,20.36,551,-20.09,18.0,0.137
2025-04-30T21:18:12.000,10.98,6.21,0.52,21.07,20.36,552,-20.23,17.0,0.137
2025-04-30T21:19:12.000,10.99,5.88,0.52,21.07,20.36,553,-20.37,17.0,0.137
2025-04-30T21:20:12.000,10.97,5.67,0.52,21.07,20.36,554,-20.51,17.0,0.137
2025-04-30T21:21:12.000,11.0,5.6,0.52,21.07,20.36,555,-20.65,17.0,0.138
2025-04-30T21:22:12.000,11.0,5.27,0.52,21.07,20.36,556,-20.79,17.0,0.138
2025-04-30T21:23:12.000,10.98,4.99,0.52,21.07,20.36,557,-20.93,17.0,0.138
2025-04-30T21:24:12.000,11.0,4.81,0.52,21.07,20.36,558,-21.07,16.0,0.138
2025-04-30T21:25:12.000,10.99,4.38,0.52,21.07,20.36,559,-21.2,16.0,0.138
2025-04-30T21:26:13.000,10.94,3.93,0.52,21.06,20.36,560,-21.34,16.0,0.138
2025-04-30T21:27:20.000,10.91,3.48,0.52,21.06,20.36,561,-21.5,16.0,0.138
2025-04-30T21:28:19.000,10.89,2.99,0.52,21.06,20.36,562,-21.63,16.0,0.138
2025-04-30T21:29:19.000,10.86,2.78,0.52,21.06,20.36,563,-21.77,16.0,0.138
2025-04-30T21:30:19.000,10.82,2.32,0.52,21.06,20.36,564,-21.9,15.0,0.138
2025-04-30T21:31:19.000,10.8,2.08,0.52,21.06,20.36,565,-22.03,15.0,0.138
2025-04-30T21:32:20.000,10.81,1.96,0.52,21.06,20.36,566,-22.17,15.0,0.138
2025-04-30T21:33:20.000,10.74,1.43,0.53,21.05,20.36,567,-22.3,15.0,0.138
2025-04-30T21:34:20.000,10.76,1.3,0.54,21.03,20.36,568,-22.44,15.0,0.138
2025-04-30T21:35:20.000,10.82,1.37,0.55,21.01,20.36,569,-22.57,15.0,0.138
2025-04-30T21:36:20.000,10.78,0.82,0.56,20.99,20.36,570,-22.7,14.0,0.138
2025-04-30T21:37:20.000,10.83,0.79,0.54,21.03,20.36,571,-22.83,14.0,0.138
2025-04-30T21:38:20.000,10.84,0.37,0.53,21.05,20.36,572,-22.96,14.0,0.139
2025-04-30T21:39:20.000,10.86,0.26,0.53,21.05,20.36,573,-23.09,14.0,0.139
2025-04-30T21:40:20.000,10.84,-0.23,0.53,21.06,20.36,574,-23.22,14.0,0.139
2025-04-30T21:41:20.000,10.84,-0.24,0.52,21.06,20.36,575,-23.35,14.0,0.139
2025-04-30T21:42:21.000,10.85,-0.48,0.52,21.06,20.36,576,-23.49,13.0,0.139
2025-04-30T21:43:21.000,10.84,-0.7,0.52,21.07,20.36,577,-23.61,13.0,0.139
2025-04-30T21:44:21.000,10.76,-1.3,0.52,21.07,20.36,578,-23.74,13.0,0.139
2025-04-30T21:45:21.000,10.78,-1.29,0.52,21.07,20.36,579,-23.87,13.0,0.139
2025-04-30T21:46:21.000,10.75,-1.65,0.52,21.07,20.36,580,-23.99,13.0,0.139
2025-04-30T21:47:21.000,10.78,-1.64,0.52,21.07,20.36,581,-24.12,13.0,0.139
2025-04-30T21:48:21.000,10.74,-2.14,0.52,21.07,20.36,582,-24.25,12.0,0.139
2025-04-30T21:49:21.000,10.66,-2.6,0.52,21.07,20.36,583,-24.37,12.0,0.139
2025-04-30T21:50:21.000,10.68,-2.68,0.52,21.08,20.36,584,-24.5,12.0,0.139
2025-04-30T21:51:21.000,10.65,-3.1,0.52,21.08,20.36,585,-24.62,12.0,0.139
2025-04-30T21:52:22.000,10.65,-3.28,0.52,21.08,20.36,586,-24.74,12.0,0.139
2025-04-30T21:53:22.000,10.62,-3.74,0.51,21.08,20.36,587,-24.87,12.0,0.139
2025-04-30T21:54:22.000,10.61,-4.04,0.51,21.08,20.36,588,-24.99,11.0,0.139
2025-04-30T21:55:22.000,10.67,-4.02,0.51,21.08,20.36,589,-25.11,11.0,0.139
2025-04-30T21:56:22.000,10.71,-4.12,0.52,21.08,20.36,590,-25.23,11.0,0.14
2025-04-30T21:57:22.000,10.72,-4.31,0.52,21.08,20.36,591,-25.35,11.0,0.14
2025-04-30T21:58:22.000,10.67,-4.86,0.51,21.09,20.36,592,-25.47,11.0,0.14
2025-04-30T21:59:22.000,10.68,-4.96,0.51,21.09,20.36,593,-25.59,11.0,0.14
2025-04-30T22:00:22.000,10.71,-5.17,0.51,21.09,20.36,594,-25.71,10.0,0.14
2025-04-30T22:01:22.000,10.69,-5.74,0.51,21.09,20.36,595,-25.83,10.0,0.14
2025-04-30T22:02:22.000,10.7,-5.82,0.51,21.1,20.36,596,-25.94,10.0,0.14
2025-04-30T22:03:23.000,10.72,-5.95,0.51,21.1,20.36,597,-26.06,10.0,0.14
2025-04-30T22:04:23.000,10.7,-6.34,0.51,21.1,20.36,598,-26.18,10.0,0.14
2025-04-30T22:05:23.000,10.72,-6.37,0.51,21.1,20.36,599,-26.29,10.0,0.14
2025-04-30T22:06:23.000,10.72,-6.78,0.5,21.1,20.36,600,-26.41,9.0,0.14
2025-04-30T22:07:23.000,10.64,-7.46,0.5,21.1,20.36,601,-26.52,9.0,0.14
2025-04-30T22:08:23.000,10.64,-7.67,0.5,21.11,20.36,602,-26.63,9.0,0.14
2025-04-30T22:09:23.000,10.63,-8.19,0.5,21.11,20.36,603,-26.75,9.0,0.14
2025-04-30T22:10:23.000,10.62,-8.49,0.5,21.11,20.36,604,-26.86,9.0,0.14
2025-04-30T22:11:24.000,10.61,-8.77,0.5,21.11,20.36,605,-26.97,9.0,0.14
2025-04-30T22:12:24.000,10.62,-8.94,0.5,21.1,20.36,606,-27.08,8.0,0.14
2025-04-30T22:13:24.000,10.67,-9.05,0.5,21.12,20.36,607,-27.19,8.0,0.141
2025-04-30T22:14:24.000,10.73,-9.01,0.5,21.12,20.36,608,-27.3,8.0,0.141
2025-04-30T22:15:24.000,10.76,-9.01,0.49,21.12,20.36,609,-27.41,8.0,0.141
2025-04-30T22:16:24.000,10.76,-9.17,0.49,21.12,20.36,610,-27.52,8.0,0.141
2025-04-30T22:17:24.000,10.75,-9.24,0.49,21.12,20.36,611,-27.63,8.0,0.141
2025-04-30T22:18:24.000,10.71,-9.41,0.49,21.13,20.36,612,-27.73,8.0,0.141
2025-04-30T22:19:24.000,10.64,-9.99,0.49,21.13,20.36,613,-27.84,7.0,0.141
2025-04-30T22:20:25.000,10.56,-10.43,0.49,21.13,20.36,614,-27.95,7.0,0.141
2025-04-30T22:21:25.000,10.47,-10.74,0.49,21.13,20.36,615,-28.05,7.0,0.141
2025-04-30T22:22:25.000,10.46,-10.74,0.49,21.13,20.36,616,-28.16,7.0,0.141
2025-04-30T22:23:25.000,10.43,-10.99,0.49,21.13,20.36,617,-28.26,7.0,0.141
2025-04-30T22:24:25.000,10.4,-11.15,0.49,21.13,20.36,618,-28.36,7.0,0.141
2025-04-30T22:25:25.000,10.38,-11.29,0.49,21.13,20.36,619,-28.46,6.0,0.141
2025-04-30T22:26:25.000,10.4,-11.2,0.49,21.13,20.36,620,-28.56,6.0,0.141
2025-04-30T22:27:26.000,10.4,-11.4,0.49,21.14,20.36,621,-28.67,6.0,0.141
2025-04-30T22:28:25.000,10.4,-11.45,0.49,21.14,20.36,622,-28.76,6.0,0.141
2025-04-30T22:29:26.000,10.36,-11.9,0.49,21.14,20.36,623,-28.87,6.0,0.141
2025-04-30T22:30:26.000,10.31,-12.22,0.48,21.15,20.36,624,-28.96,6.0,0.141
2025-04-30T22:31:26.000,10.32,-12.41,0.48,21.15,20.36,625,-29.06,5.0,0.142
2025-04-30T22:32:26.000,10.34,-12.63,0.48,21.15,20.36,626,-29.16,5.0,0.142
2025-04-30T22:33:27.000,10.29,-13.06,0.48,21.16,20.36,627,-29.26,5.0,0.142
2025-04-30T22:34:26.000,10.25,-13.45,0.48,21.16,20.36,628,-29.35,5.0,0.142
2025-04-30T22:35:26.000,10.3,-13.27,0.48,21.17,20.36,629,-29.44,5.0,0.142
2025-04-30T22:36:27.000,10.31,-13.38,0.47,21.17,20.36,630,-29.54,5.0,0.142
2025-04-30T22:37:26.000,10.33,-13.44,0.47,21.18,20.36,631,-29.63,5.0,0.142
2025-04-30T22:38:27.000,10.34,-13.37,0.47,21.18,20.36,632,-29.73,4.0,0.142
2025-04-30T22:39:27.000,10.36,-13.31,0.47,21.19,20.36,633,-29.82,4.0,0.142
2025-04-30T22:40:27.000,10.38,-13.31,0.47,21.19,20.36,634,-29.91,4.0,0.142
2025-04-30T22:41:27.000,10.34,-13.46,0.46,21.19,20.36,635,-30.0,4.0,0.142
2025-04-30T22:42:27.000,10.28,-13.47,0.46,21.2,20.36,636,-30.09,4.0,0.142
2025-04-30T22:43:27.000,10.24,-13.41,0.46,21.2,20.36,637,-30.18,4.0,0.142
2025-04-30T22:44:27.000,10.25,-13.32,0.46,21.2,20.36,638,-30.27,4.0,0.142
2025-04-30T22:45:27.000,10.29,-13.18,0.46,21.21,20.36,639,-30.35,3.0,0.142
2025-04-30T22:46:27.000,10.3,-13.19,0.46,21.21,20.36,640,-30.44,3.0,0.142
2025-04-30T22:47:27.000,10.34,-13.14,0.46,21.21,20.36,641,-30.52,3.0,0.142
2025-04-30T22:48:27.000,10.36,-13.15,0.46,21.21,20.36,642,-30.61,3.0,0.142
2025-04-30T22:49:27.000,10.36,-13.38,0.45,21.22,20.36,643,-30.69,3.0,0.143
2025-04-30T22:50:28.000,10.32,-13.29,0.45,21.22,20.36,644,-30.78,3.0,0.143
2025-04-30T22:51:28.000,10.34,-13.24,0.45,21.22,20.36,645,-30.86,2.0,0.143
2025-04-30T22:52:28.000,10.36,-13.19,0.45,21.22,20.36,646,-30.94,2.0,0.143
2025-04-30T22:53:28.000,10.37,-13.14,0.45,21.22,20.36,647,-31.02,2.0,0.143
2025-04-30T22:54:28.000,10.39,-13.14,0.45,21.22,20.36,648,-31.1,2.0,0.143
2025-04-30T22:55:28.000,10.39,-13.08,0.45,21.22,20.36,649,-31.18,2.0,0.143
2025-04-30T22:56:28.000,10.38,-13.08,0.45,21.22,20.36,650,-31.26,2.0,0.143
2025-04-30T22:57:28.000,10.35,-13.19,0.45,21.23,20.36,651,-31.34,2.0,0.143
2025-04-30T22:58:28.000,10.34,-13.15,0.45,21.23,20.36,652,-31.42,1.0,0.143
2025-04-30T22:59:28.000,10.3,-13.25,0.45,21.23,20.36,653,-31.49,1.0,0.143
2025-04-30T23:00:28.000,10.29,-13.26,0.45,21.23,20.36,654,-31.57,1.0,0.143
2025-04-30T23:01:29.000,10.28,-13.33,0.45,21.23,20.36,655,-31.64,1.0,0.143
2025-04-30T23:02:29.000,10.24,-13.5,0.45,21.24,20.36,656,-31.72,1.0,0.143
2025-04-30T23:03:29.000,10.23,-13.34,0.45,21.24,20.36,657,-31.79,1.0,0.143
2025-04-30T23:04:29.000,10.25,-13.29,0.44,21.24,20.36,658,-31.86,1.0,0.143
2025-04-30T23:05:29.000,10.28,-13.29,0.44,21.24,20.36,659,-31.93,0.0,0.143
2025-04-30T23:06:29.000,10.29,-13.3,0.44,21.24,20.36,660,-32.0,0.0,0.144
2025-04-30T23:07:29.000,10.34,-13.2,0.44,21.24,20.36,661,-32.07,0.0,0.144
2025-04-30T23:08:29.000,10.33,-13.27,0.44,21.25,20.36,662,-32.14,-0.0,0.144
2025-04-30T23:09:29.000,10.32,-13.3,0.44,21.25,20.36,663,-32.21,-0.0,0.144
2025-04-30T23:10:30.000,10.32,-13.29,0.44,21.25,20.36,664,-32.27,-0.0,0.144
2025-04-30T23:11:30.000,10.31,-13.27,0.44,21.25,20.36,665,-32.34,-0.0,0.144
2025-04-30T23:12:30.000,10.29,-13.37,0.44,21.25,20.36,666,-32.41,-1.0,0.144
2025-04-30T23:13:30.000,10.28,-13.22,0.44,21.25,20.36,667,-32.47,-1.0,0.144
2025-04-30T23:14:30.000,10.31,-13.15,0.44,21.26,20.36,668,-32.53,-1.0,0.144
2025-04-30T23:15:30.000,10.29,-13.27,0.44,21.26,20.36,669,-32.6,-1.0,0.144
2025-04-30T23:16:30.000,10.27,-13.24,0.44,21.26,20.36,670,-32.66,-1.0,0.144
2025-04-30T23:17:30.000,10.26,-13.26,0.44,21.26,20.36,671,-32.72,-1.0,0.144
2025-04-30T23:18:30.000,10.24,-13.34,0.44,21.26,20.36,672,-32.78,-1.0,0.144
2025-04-30T23:19:30.000,10.23,-13.26,0.44,21.26,20.36,673,-32.84,-2.0,0.144
2025-04-30T23:20:30.000,10.27,-13.19,0.44,21.26,20.36,674,-32.89,-2.0,0.144
2025-04-30T23:21:30.000,10.23,-13.4,0.44,21.26,20.36,675,-32.95,-2.0,0.144
2025-04-30T23:22:31.000,10.25,-13.14,0.44,21.26,20.36,676,-33.01,-2.0,0.144
2025-04-30T23:23:31.000,10.26,-13.26,0.44,21.26,20.36,677,-33.06,-2.0,0.144
2025-04-30T23:24:31.000,10.28,-13.11,0.43,21.27,20.36,678,-33.12,-2.0,0.145
2025-04-30T23:25:31.000,10.28,-13.19,0.43,21.27,20.36,679,-33.17,-2.0,0.145
2025-04-30T23:26:31.000,10.23,-13.3,0.43,21.27,20.36,680,-33.22,-3.0,0.145
2025-04-30T23:27:31.000,10.19,-13.32,0.43,21.27,20.36,681,-33.28,-3.0,0.145
2025-04-30T23:28:31.000,10.17,-13.25,0.43,21.27,20.36,682,-33.33,-3.0,0.145
2025-04-30T23:29:31.000,10.12,-13.4,0.43,21.27,20.36,683,-33.38,-3.0,0.145
2025-04-30T23:30:31.000,10.11,-13.34,0.43,21.27,20.36,684,-33.43,-3.0,0.145
2025-04-30T23:31:32.000,10.14,-13.2,0.43,21.28,20.36,685,-33.48,-3.0,0.145
2025-04-30T23:32:32.000,10.13,-13.29,0.43,21.28,20.36,686,-33.52,-3.0,0.145
2025-04-30T23:33:32.000,10.13,-13.2,0.43,21.28,20.36,687,-33.57,-4.0,0.145
2025-04-30T23:34:32.000,10.1,-13.29,0.43,21.28,20.36,688,-33.61,-4.0,0.145
2025-04-30T23:35:32.000,10.06,-13.4,0.43,21.28,20.36,689,-33.66,-4.0,0.145
2025-04-30T23:36:32.000,10.04,-13.31,0.43,21.28,20.36,690,-33.7,-4.0,0.145
2025-04-30T23:37:32.000,10.05,-13.27,0.43,21.28,20.36,691,-33.74,-4.0,0.145
2025-04-30T23:38:32.000,10.07,-13.36,0.43,21.28,20.36,692,-33.79,-4.0,0.145
