ecsv/stars495/stars495_2024-04.ecsv
# %ECSV 1.0
# ---
# datatype:
# - {name: time, datatype: string}
# - {name: Enclosure Temperature, unit: deg_C, datatype: float64}
# - {name: Sky Temperature, unit: deg_C, datatype: float64}
# - {name: Frequency, unit: Hz, datatype: float64}
# - {name: MSAS, unit: mag / arcsec2, datatype: float64}
# - {name: ZP, datatype: float64}
# - {name: Sequence Number, datatype: int64}
# - {name: Sun Alt, unit: deg, datatype: float64}
# - {name: Moon Alt, unit: deg, datatype: float64}
# - {name: Moon Illumination, datatype: float64}
# delimiter: ','
# meta: !!omap
# - ida:
#     Data supplier: {affiliation: 'Extremadura, buenas noches', observer: null}
#     Device type: TESS-W
#     Field of view: 17.0
#     Filters per channel: None
#     Instrument ID: stars495
#     License: ODbL 1.0 http://opendatacommons.org/licenses/odbl/summary/
#     Local timezone: Europe/Madrid
#     Location name: {country: "- Centro Internacional de Innovaci\xF3n Deportiva El Anillo", place: Guijo de Granadilla, region: Spain,
#       sub_region: Extremadura, town: "C\xE1ceres"}
#     Measurement direction per channel: {azimuth: 0.0, zenital: 0.0}
#     Moving / Fixed look direction: FIXED
#     Moving / Stationary position: STATIONARY
#     Number of channels: 1
#     Number of fields per line: 8
#     Number of header lines: 35
#     Position: {height: 0.0, latitude: 40.232396, longitude: -6.117092}
#     TESS MAC address: A0:20:A6:32:47:06
#     TESS cover offset value: 0.0
#     TESS firmware version: '1.0'
#     TESS zero point: 20.36
#     Time Synchronization: timestamp added by MQTT subscriber
#     URL: http://www.darksky.org/NSBM/sdf1.0.pdf
# - __serialized_columns__:
#     Enclosure Temperature:
#       __class__: astropy.units.quantity.Quantity
#       unit: &id001 !astropy.units.Unit {unit: deg_C}
#       value: !astropy.table.SerializedColumn {name: Enclosure Temperature}
#     Frequency:
#       __class__: astropy.units.quantity.Quantity
#       unit: !astropy.units.Unit {unit: Hz}
#       value: !astropy.table.SerializedColumn {name: Frequency}
#     MSAS:
#       __class__: astropy.units.quantity.Quantity
#       unit: !astropy.units.Unit {unit: mag / arcsec2}
#       value: !astropy.table.SerializedColumn {name: MSAS}
#     Moon Alt:
#       __class__: astropy.units.quantity.Quantity
#       unit: &id002 !astropy.units.Unit {unit: deg}
#       value: !astropy.table.SerializedColumn {name: Moon Alt}
#     Sky Temperature:
#       __class__: astropy.units.quantity.Quantity
#       unit: *id001
#       value: !astropy.table.SerializedColumn {name: Sky Temperature}
#     Sun Alt:
#       __class__: astropy.units.quantity.Quantity
#       unit: *id002
#       value: !astropy.table.SerializedColumn {name: Sun Alt}
#     time:
#       __class__: astropy.time.core.Time
#       format: isot
#       in_subfmt: '*'
#       out_subfmt: '*'
#       precision: 3
#       scale: utc
#       value: !astropy.table.SerializedColumn {name: time}
# schema: astropy-2.0
time,Enclosure Temperature,Sky Temperature,Frequency,MSAS,ZP,Sequence Number,Sun Alt,Moon Alt,Moon Illumination
[from data line 14269]
2024-04-27T01:27:31.000,10.12,8.08,3.78,18.92,20.36,796,-33.73,20.0,0.907
2024-04-27T01:28:31.000,10.35,8.46,4.85,18.66,20.36,797,-33.67,20.0,0.907
2024-04-27T01:29:31.000,10.31,7.73,4.06,18.84,20.36,798,-33.61,20.0,0.907
2024-04-27T01:30:31.000,10.07,7.64,3.25,19.09,20.36,799,-33.54,20.0,0.907
2024-04-27T01:31:31.000,10.27,8.53,3.36,19.05,20.36,800,-33.48,20.0,0.907
2024-04-27T01:32:31.000,10.26,8.06,3.63,18.96,20.36,801,-33.41,20.0,0.907
2024-04-27T01:33:32.000,10.06,7.5,4.42,18.76,20.36,802,-33.34,20.0,0.907
2024-04-27T01:34:32.000,9.92,7.57,4.83,18.65,20.36,803,-33.27,20.0,0.907
2024-04-27T01:35:32.000,10.3,7.69,4.71,18.68,20.36,804,-33.2,20.0,0.907
2024-04-27T01:36:32.000,10.31,7.36,4.5,18.73,20.36,805,-33.13,20.0,0.907
2024-04-27T01:37:32.000,10.42,7.81,5.05,18.6,20.36,806,-33.06,20.0,0.907
2024-04-27T01:38:32.000,10.35,7.98,4.99,18.62,20.36,807,-32.99,20.0,0.907
2024-04-27T01:39:32.000,10.28,7.86,4.9,18.64,20.36,808,-32.92,20.0,0.907
2024-04-27T01:40:32.000,10.29,8.39,5.08,18.6,20.36,809,-32.84,21.0,0.907
2024-04-27T01:41:32.000,10.26,7.96,4.97,18.62,20.36,810,-32.77,21.0,0.907
2024-04-27T01:42:33.000,10.03,7.23,3.92,18.88,20.36,811,-32.69,21.0,0.907
2024-04-27T01:43:33.000,9.8,6.85,3.72,18.93,20.36,812,-32.61,21.0,0.906
2024-04-27T01:44:33.000,10.23,7.45,4.57,18.71,20.36,813,-32.54,21.0,0.906
2024-04-27T01:45:33.000,10.54,7.35,4.56,18.71,20.36,814,-32.46,21.0,0.906
2024-04-27T01:46:33.000,10.71,7.93,5.41,18.53,20.36,815,-32.38,21.0,0.906
2024-04-27T01:47:33.000,10.67,7.65,4.87,18.64,20.36,816,-32.3,21.0,0.906
2024-04-27T01:48:33.000,10.4,7.21,3.01,19.17,20.36,817,-32.22,21.0,0.906
2024-04-27T01:49:33.000,10.17,7.58,2.71,19.29,20.36,818,-32.14,21.0,0.906
2024-04-27T01:50:33.000,10.17,7.88,3.89,18.88,20.36,819,-32.06,21.0,0.906
2024-04-27T01:51:33.000,10.16,7.89,4.2,18.81,20.36,820,-31.97,21.0,0.906
2024-04-27T01:52:34.000,10.06,7.1,5.33,18.56,20.36,821,-31.89,21.0,0.906
2024-04-27T01:53:34.000,9.97,6.67,5.6,18.49,20.36,822,-31.8,21.0,0.906
2024-04-27T01:54:34.000,10.25,6.01,5.38,18.53,20.36,823,-31.72,21.0,0.906
2024-04-27T01:55:34.000,9.89,5.27,5.58,18.49,20.36,824,-31.63,21.0,0.906
2024-04-27T01:56:34.000,10.06,6.64,5.94,18.43,20.36,825,-31.55,21.0,0.906
2024-04-27T01:57:34.000,10.37,6.49,5.97,18.42,20.36,826,-31.46,21.0,0.906
2024-04-27T01:58:34.000,10.28,6.54,5.79,18.45,20.36,827,-31.37,21.0,0.906
2024-04-27T01:59:34.000,10.04,6.28,5.68,18.47,20.36,828,-31.28,21.0,0.906
2024-04-27T02:00:34.000,9.98,6.21,5.21,18.57,20.36,829,-31.19,21.0,0.906
2024-04-27T02:01:34.000,10.02,6.01,5.38,18.53,20.36,830,-31.1,21.0,0.906
2024-04-27T02:02:35.000,10.61,7.41,5.79,18.45,20.36,831,-31.01,21.0,0.906
2024-04-27T02:03:35.000,10.53,6.98,6.08,18.4,20.36,832,-30.91,21.0,0.906
2024-04-27T02:04:36.000,10.3,6.59,5.78,18.46,20.36,833,-30.82,21.0,0.906
2024-04-27T02:05:36.000,10.24,7.47,5.69,18.47,20.36,834,-30.73,22.0,0.906
2024-04-27T02:06:36.000,10.07,7.22,6.33,18.36,20.36,835,-30.63,22.0,0.906
2024-04-27T02:07:36.000,10.08,7.56,7.11,18.23,20.36,836,-30.54,22.0,0.905
2024-04-27T02:08:36.000,10.09,7.84,6.42,18.34,20.36,837,-30.44,22.0,0.905
2024-04-27T02:09:36.000,10.15,7.98,6.21,18.38,20.36,838,-30.34,22.0,0.905
2024-04-27T02:10:36.000,10.14,8.05,6.41,18.34,20.36,839,-30.24,22.0,0.905
2024-04-27T02:11:36.000,9.97,7.48,6.88,18.27,20.36,840,-30.15,22.0,0.905
2024-04-27T02:12:37.000,10.09,7.53,7.53,18.17,20.36,841,-30.05,22.0,0.905
2024-04-27T02:13:37.000,10.14,7.11,8.03,18.1,20.36,842,-29.95,22.0,0.905
2024-04-27T02:14:37.000,10.16,7.34,8.0,18.1,20.36,843,-29.85,22.0,0.905
2024-04-27T02:15:37.000,10.08,7.52,9.58,17.91,20.36,844,-29.74,22.0,0.905
2024-04-27T02:16:37.000,10.1,7.95,11.24,17.73,20.36,845,-29.64,22.0,0.905
2024-04-27T02:17:37.000,10.04,7.94,9.39,17.93,20.36,846,-29.54,22.0,0.905
2024-04-27T02:18:37.000,10.0,7.9,8.43,18.05,20.36,847,-29.44,22.0,0.905
2024-04-27T02:19:37.000,9.86,7.37,7.72,18.14,20.36,848,-29.33,22.0,0.905
2024-04-27T02:20:37.000,10.17,7.41,6.09,18.4,20.36,849,-29.23,22.0,0.905
2024-04-27T02:21:38.000,10.54,7.41,5.59,18.49,20.36,850,-29.12,22.0,0.905
2024-04-27T02:22:38.000,10.27,6.63,6.24,18.37,20.36,851,-29.01,22.0,0.905
2024-04-27T02:23:38.000,10.08,6.79,7.12,18.23,20.36,852,-28.91,22.0,0.905
2024-04-27T02:24:38.000,9.98,7.02,8.17,18.08,20.36,853,-28.8,22.0,0.905
2024-04-27T02:25:38.000,10.1,7.75,7.87,18.12,20.36,854,-28.69,22.0,0.905
2024-04-27T02:26:38.000,10.25,7.61,7.12,18.23,20.36,855,-28.58,22.0,0.905
2024-04-27T02:27:38.000,10.36,7.91,7.03,18.24,20.36,856,-28.47,22.0,0.905
2024-04-27T02:28:39.000,10.31,7.98,8.02,18.1,20.36,857,-28.36,22.0,0.905
2024-04-27T02:29:39.000,10.22,7.99,8.5,18.04,20.36,858,-28.25,22.0,0.905
2024-04-27T02:30:39.000,10.06,7.87,8.91,17.99,20.36,859,-28.14,22.0,0.904
2024-04-27T02:31:39.000,9.94,7.58,8.5,18.04,20.36,860,-28.03,22.0,0.904
2024-04-27T02:32:39.000,10.27,8.08,9.06,17.97,20.36,861,-27.91,22.0,0.904
2024-04-27T02:33:39.000,10.67,8.18,9.8,17.88,20.36,862,-27.8,22.0,0.904
2024-04-27T02:34:39.000,10.74,8.41,9.47,17.92,20.36,863,-27.68,22.0,0.904
2024-04-27T02:35:39.000,10.7,8.32,8.13,18.09,20.36,864,-27.57,22.0,0.904
2024-04-27T02:36:39.000,10.41,7.72,7.07,18.24,20.36,865,-27.45,22.0,0.904
2024-04-27T02:37:39.000,10.09,7.43,6.29,18.36,20.36,866,-27.34,22.0,0.904
2024-04-27T02:38:40.000,10.01,7.75,5.84,18.44,20.36,867,-27.22,22.0,0.904
2024-04-27T02:39:40.000,10.22,8.3,5.67,18.48,20.36,868,-27.1,22.0,0.904
2024-04-27T02:40:40.000,10.39,8.25,5.45,18.52,20.36,869,-26.98,22.0,0.904
2024-04-27T02:41:40.000,10.23,7.79,5.1,18.59,20.36,870,-26.86,22.0,0.904
2024-04-27T02:42:40.000,10.11,8.06,5.27,18.55,20.36,871,-26.75,22.0,0.904
2024-04-27T02:43:40.000,10.09,8.33,5.25,18.56,20.36,872,-26.63,22.0,0.904
2024-04-27T02:44:40.000,10.06,8.4,5.11,18.59,20.36,873,-26.51,22.0,0.904
2024-04-27T02:45:41.000,10.0,8.12,5.28,18.55,20.36,874,-26.38,22.0,0.904
2024-04-27T02:46:41.000,10.03,8.08,5.87,18.44,20.36,875,-26.26,22.0,0.904
2024-04-27T02:47:41.000,10.33,8.02,5.58,18.49,20.36,876,-26.14,22.0,0.904
2024-04-27T02:48:41.000,10.42,8.0,5.54,18.5,20.36,877,-26.02,22.0,0.904
2024-04-27T02:49:41.000,10.4,7.96,6.58,18.32,20.36,878,-25.89,22.0,0.904
2024-04-27T02:50:41.000,10.42,8.36,8.17,18.08,20.36,879,-25.77,22.0,0.904
2024-04-27T02:51:41.000,10.31,7.61,9.88,17.87,20.36,880,-25.64,22.0,0.904
2024-04-27T02:52:41.000,10.14,7.69,12.0,17.66,20.36,881,-25.52,22.0,0.904
2024-04-27T02:53:41.000,10.16,7.78,12.42,17.63,20.36,882,-25.39,22.0,0.904
2024-04-27T02:54:42.000,10.06,7.37,11.33,17.72,20.36,883,-25.26,22.0,0.903
2024-04-27T02:55:42.000,9.98,6.79,12.03,17.66,20.36,884,-25.14,22.0,0.903
2024-04-27T02:56:42.000,10.31,6.0,9.48,17.94,20.36,885,-25.01,22.0,0.903
2024-04-27T02:57:42.000,10.54,5.18,5.94,18.43,20.36,886,-24.88,22.0,0.903
2024-04-27T02:58:42.000,10.59,5.1,4.75,18.67,20.36,887,-24.75,22.0,0.903
2024-04-27T02:59:42.000,10.5,4.54,5.1,18.61,20.36,888,-24.62,22.0,0.903
2024-04-27T03:00:42.000,10.38,4.5,9.58,17.91,20.36,889,-24.49,22.0,0.903
2024-04-27T03:01:42.000,10.27,4.51,9.18,17.95,20.36,890,-24.36,22.0,0.903
2024-04-27T03:02:42.000,10.17,4.59,9.81,17.88,20.36,891,-24.23,22.0,0.903
2024-04-27T03:03:42.000,10.11,4.63,9.12,17.96,20.36,892,-24.1,22.0,0.903
2024-04-27T03:04:43.000,9.94,4.11,10.62,17.8,20.36,893,-23.97,22.0,0.903
2024-04-27T03:05:43.000,10.15,4.38,9.24,17.95,20.36,894,-23.83,22.0,0.903
2024-04-27T03:06:43.000,10.54,4.34,8.68,18.01,20.36,895,-23.7,22.0,0.903
2024-04-27T03:07:43.000,10.72,4.56,7.78,18.13,20.36,896,-23.57,22.0,0.903
2024-04-27T03:08:43.000,10.65,3.86,7.9,18.12,20.36,897,-23.43,22.0,0.903
2024-04-27T03:09:43.000,10.59,3.38,7.52,18.17,20.36,898,-23.3,22.0,0.903
2024-04-27T03:10:43.000,10.48,3.11,8.48,18.04,20.36,899,-23.16,22.0,0.903
2024-04-27T03:11:43.000,10.32,2.94,8.79,18.0,20.36,900,-23.03,22.0,0.903
2024-04-27T03:12:43.000,10.25,3.01,9.03,17.97,20.36,901,-22.89,22.0,0.903
2024-04-27T03:13:44.000,10.15,2.83,8.55,18.03,20.36,902,-22.75,22.0,0.903
2024-04-27T03:14:44.000,10.09,3.06,7.72,18.14,20.36,903,-22.61,22.0,0.903
2024-04-27T03:15:44.000,10.01,2.92,7.34,18.2,20.36,904,-22.48,22.0,0.903
2024-04-27T03:16:44.000,10.09,2.74,7.37,18.19,20.36,905,-22.34,22.0,0.903
2024-04-27T03:17:44.000,10.31,2.62,7.45,18.18,20.36,906,-22.2,22.0,0.903
2024-04-27T03:18:44.000,10.4,2.24,7.23,18.21,20.36,907,-22.06,22.0,0.902
2024-04-27T03:19:44.000,10.41,1.96,7.75,18.14,20.36,908,-21.92,22.0,0.902
2024-04-27T03:20:44.000,10.31,1.66,7.34,18.2,20.36,909,-21.78,22.0,0.902
2024-04-27T03:21:44.000,10.23,1.66,7.25,18.21,20.36,910,-21.64,22.0,0.902
2024-04-27T03:22:44.000,10.19,1.57,7.39,18.19,20.36,911,-21.5,22.0,0.902
2024-04-27T03:23:45.000,10.09,1.16,8.3,18.07,20.36,912,-21.36,22.0,0.902
2024-04-27T03:24:45.000,10.01,1.3,8.94,17.98,20.36,913,-21.21,22.0,0.902
2024-04-27T03:25:45.000,10.11,0.82,8.8,18.0,20.36,914,-21.07,21.0,0.902
2024-04-27T03:26:45.000,10.2,-0.68,8.94,17.98,20.36,915,-20.93,21.0,0.902
2024-04-27T03:27:45.000,10.29,-1.36,6.95,18.26,20.36,916,-20.78,21.0,0.902
2024-04-27T03:28:45.000,10.28,-1.42,6.86,18.27,20.36,917,-20.64,21.0,0.902
2024-04-27T03:29:45.000,10.24,-0.72,6.77,18.28,20.36,918,-20.5,21.0,0.902
2024-04-27T03:30:45.000,10.16,-1.44,7.12,18.23,20.36,919,-20.35,21.0,0.902
2024-04-27T03:31:46.000,10.09,-0.9,6.44,18.34,20.36,920,-20.2,21.0,0.902
2024-04-27T03:32:46.000,10.01,-0.61,6.54,18.32,20.36,921,-20.06,21.0,0.902
2024-04-27T03:33:46.000,10.06,-0.43,7.5,18.17,20.36,922,-19.91,21.0,0.902
2024-04-27T03:34:46.000,10.38,-0.37,6.01,18.41,20.36,923,-19.76,21.0,0.902
2024-04-27T03:35:46.000,10.56,-0.54,7.08,18.24,20.36,924,-19.62,21.0,0.902
2024-04-27T03:36:46.000,10.66,-0.86,8.35,18.06,20.36,925,-19.47,21.0,0.902
2024-04-27T03:37:46.000,10.6,-1.19,9.19,17.95,20.36,926,-19.32,21.0,0.902
2024-04-27T03:38:46.000,10.57,-0.89,8.75,18.01,20.36,927,-19.17,21.0,0.902
2024-04-27T03:39:46.000,10.49,-0.81,8.29,18.06,20.36,928,-19.03,21.0,0.902
2024-04-27T03:40:46.000,10.42,-0.62,7.63,18.15,20.36,929,-18.88,21.0,0.902
2024-04-27T03:41:47.000,10.38,-0.38,6.83,18.27,20.36,930,-18.72,21.0,0.901
2024-04-27T03:42:47.000,10.34,0.02,6.82,18.28,20.36,931,-18.57,21.0,0.901
2024-04-27T03:43:47.000,10.3,0.43,6.32,18.36,20.36,932,-18.42,21.0,0.901
2024-04-27T03:44:47.000,10.3,1.01,6.13,18.39,20.36,933,-18.27,21.0,0.901
2024-04-27T03:45:47.000,10.31,1.62,5.77,18.46,20.36,934,-18.12,21.0,0.901
2024-04-27T03:46:47.000,10.31,2.01,5.46,18.52,20.36,935,-17.97,21.0,0.901
2024-04-27T03:47:47.000,10.32,2.32,5.35,18.54,20.36,936,-17.82,21.0,0.901
2024-04-27T03:48:47.000,10.33,2.66,5.36,18.54,20.36,937,-17.67,21.0,0.901
2024-04-27T03:49:47.000,10.35,3.13,5.02,18.61,20.36,938,-17.51,21.0,0.901
2024-04-27T03:50:48.000,10.35,3.23,4.59,18.71,20.36,939,-17.36,21.0,0.901
2024-04-27T03:51:48.000,10.32,3.34,4.3,18.78,20.36,940,-17.2,20.0,0.901
2024-04-27T03:52:48.000,10.33,3.62,3.94,18.87,20.36,941,-17.05,20.0,0.901
2024-04-27T03:53:48.000,10.35,3.58,4.1,18.83,20.36,942,-16.89,20.0,0.901
2024-04-27T03:54:48.000,10.33,3.34,4.48,18.73,20.36,943,-16.74,20.0,0.901
2024-04-27T03:55:48.000,10.34,2.84,5.22,18.57,20.36,944,-16.58,20.0,0.901
2024-04-27T03:56:48.000,10.3,2.63,5.27,18.55,20.36,945,-16.43,20.0,0.901
2024-04-27T03:57:48.000,10.29,2.64,5.29,18.55,20.36,946,-16.27,20.0,0.901
2024-04-27T03:58:49.000,10.26,2.52,5.25,18.56,20.36,947,-16.11,20.0,0.901
2024-04-27T03:59:49.000,10.23,2.36,4.92,18.63,20.36,948,-15.96,20.0,0.901
2024-04-27T04:00:49.000,10.2,2.3,4.83,18.65,20.36,949,-15.8,20.0,0.901
2024-04-27T04:01:49.000,10.14,2.51,5.18,18.58,20.36,950,-15.64,20.0,0.901
2024-04-27T04:02:49.000,10.1,2.34,5.91,18.43,20.36,951,-15.48,20.0,0.901
2024-04-27T04:03:49.000,10.03,2.19,6.58,18.31,20.36,952,-15.33,20.0,0.901
2024-04-27T04:04:49.000,10.0,1.89,7.28,18.21,20.36,953,-15.17,20.0,0.901
2024-04-27T04:05:49.000,10.2,1.97,7.49,18.17,20.36,954,-15.01,20.0,0.9
2024-04-27T04:06:49.000,10.42,2.02,6.79,18.28,20.36,955,-14.85,20.0,0.9
2024-04-27T04:07:50.000,10.52,2.14,6.87,18.27,20.36,956,-14.69,20.0,0.9
2024-04-27T04:08:50.000,10.55,2.13,6.92,18.26,20.36,957,-14.53,20.0,0.9
2024-04-27T04:09:50.000,10.47,2.15,7.0,18.25,20.36,958,-14.37,19.0,0.9
2024-04-27T04:10:50.000,10.4,2.3,6.32,18.36,20.36,959,-14.21,19.0,0.9
2024-04-27T04:11:50.000,10.37,2.71,5.68,18.48,20.36,960,-14.05,19.0,0.9
2024-04-27T04:12:50.000,10.35,3.25,4.74,18.67,20.36,961,-13.89,19.0,0.9
2024-04-27T04:13:50.000,10.32,3.44,4.65,18.7,20.36,962,-13.72,19.0,0.9
2024-04-27T04:14:50.000,10.29,3.37,6.76,18.29,20.36,963,-13.56,19.0,0.9
2024-04-27T04:15:50.000,10.28,3.39,5.9,18.44,20.36,964,-13.4,19.0,0.9
2024-04-27T04:16:51.000,10.29,3.2,6.27,18.37,20.36,965,-13.23,19.0,0.9
2024-04-27T04:17:51.000,10.24,3.12,6.55,18.32,20.36,966,-13.07,19.0,0.9
2024-04-27T04:18:51.000,10.2,3.1,6.13,18.39,20.36,967,-12.91,19.0,0.9
2024-04-27T04:19:51.000,10.13,3.53,6.28,18.37,20.36,968,-12.74,19.0,0.9
2024-04-27T04:20:51.000,10.12,3.61,6.73,18.29,20.36,969,-12.58,19.0,0.9
2024-04-27T04:21:51.000,10.11,3.45,6.47,18.33,20.36,970,-12.42,19.0,0.9
2024-04-27T04:22:51.000,10.02,2.77,7.09,18.24,20.36,971,-12.25,19.0,0.9
2024-04-27T04:23:51.000,10.11,1.33,8.78,18.0,20.36,972,-12.09,19.0,0.9
2024-04-27T04:24:51.000,10.17,-0.73,8.81,18.0,20.36,973,-11.92,18.0,0.9
2024-04-27T04:25:52.000,10.15,-1.37,9.73,17.89,20.36,974,-11.75,18.0,0.9
2024-04-27T04:26:52.000,10.15,-0.67,10.51,17.81,20.36,975,-11.59,18.0,0.9
2024-04-27T04:27:52.000,10.12,-0.11,10.13,17.85,20.36,976,-11.42,18.0,0.9
2024-04-27T04:28:52.000,10.04,0.43,11.02,17.76,20.36,977,-11.26,18.0,0.899
2024-04-27T04:29:52.000,10.08,1.44,10.49,17.81,20.36,978,-11.09,18.0,0.899
2024-04-27T04:30:52.000,10.08,2.68,8.8,18.0,20.36,979,-10.92,18.0,0.899
2024-04-27T04:31:52.000,10.04,3.36,8.28,18.07,20.36,980,-10.76,18.0,0.899
2024-04-27T04:32:52.000,10.13,3.87,8.43,18.05,20.36,981,-10.59,18.0,0.899
2024-04-27T04:33:52.000,10.16,3.85,9.4,17.93,20.36,982,-10.42,18.0,0.899
2024-04-27T04:34:53.000,10.23,3.78,10.78,17.78,20.36,983,-10.25,18.0,0.899
2024-04-27T04:35:53.000,10.2,3.48,10.33,17.83,20.36,984,-10.08,18.0,0.899
2024-04-27T04:36:53.000,10.22,3.51,8.9,17.99,20.36,985,-9.91,18.0,0.899
2024-04-27T04:37:53.000,10.18,3.23,9.98,17.87,20.36,986,-9.74,17.0,0.899
2024-04-27T04:38:53.000,10.17,3.38,13.04,17.57,20.36,987,-9.57,17.0,0.899
2024-04-27T04:39:53.000,10.24,3.58,13.47,17.47,20.36,988,-9.41,17.0,0.899
2024-04-27T04:40:53.000,10.3,3.57,15.21,17.41,20.36,989,-9.24,17.0,0.899
2024-04-27T04:41:53.000,10.34,3.39,19.29,17.15,20.36,990,-9.07,17.0,0.899
2024-04-27T04:42:53.000,10.29,3.36,24.65,16.88,20.36,991,-8.9,17.0,0.899
2024-04-27T04:43:54.000,10.29,3.49,25.42,16.85,20.36,992,-8.72,17.0,0.899
2024-04-27T04:44:54.000,10.28,3.54,26.06,16.82,20.36,993,-8.55,17.0,0.899
2024-04-27T04:45:54.000,10.24,3.56,24.69,16.88,20.36,994,-8.38,17.0,0.899
2024-04-27T04:46:54.000,10.27,3.7,31.03,16.64,20.36,995,-8.21,17.0,0.899
2024-04-27T04:47:54.000,10.29,3.52,38.49,16.4,20.36,996,-8.04,17.0,0.899
2024-04-27T04:48:55.000,10.3,3.41,55.93,16.0,20.36,997,-7.86,17.0,0.899
2024-04-27T04:49:55.000,10.36,3.49,79.66,15.61,20.36,998,-7.69,16.0,0.899
2024-04-27T04:50:55.000,10.44,3.24,93.75,15.43,20.36,999,-7.52,16.0,0.899
2024-04-27T04:51:55.000,10.47,3.18,144.81,14.97,20.36,1000,-7.35,16.0,0.898
2024-04-27T04:52:55.000,10.52,3.31,161.12,14.84,20.36,1001,-7.17,16.0,0.898
2024-04-27T04:53:55.000,10.47,3.47,176.65,14.75,20.36,1002,-7.0,16.0,0.898
2024-04-27T04:54:56.000,10.47,3.58,247.03,14.39,20.36,1003,-6.82,16.0,0.898
2024-04-27T04:55:56.000,10.47,2.89,294.71,14.19,20.36,1004,-6.65,16.0,0.898
2024-04-27T04:56:57.000,10.46,0.82,403.67,13.85,20.36,1005,-6.47,16.0,0.898
2024-04-27T04:57:57.000,10.45,-1.99,510.16,13.59,20.36,1006,-6.3,16.0,0.898
2024-04-27T04:58:58.000,10.39,-4.23,582.33,13.45,20.36,1007,-6.12,16.0,0.898
2024-04-27T04:59:58.000,10.26,-5.85,814.07,13.09,20.36,1008,-5.95,16.0,0.898
2024-04-27T05:00:59.000,10.17,-7.48,1118.16,12.74,20.36,1009,-5.77,16.0,0.898
2024-04-27T05:01:59.000,10.05,-9.89,1137.49,12.72,20.36,1010,-5.6,15.0,0.898
2024-04-27T05:03:00.000,10.04,-11.99,1356.49,12.53,20.36,1011,-5.42,15.0,0.898
