ecsv/stars62/stars62_2024-04.ecsv
# %ECSV 1.0
# ---
# datatype:
# - {name: time, datatype: string}
# - {name: Enclosure Temperature, unit: deg_C, datatype: float64}
# - {name: Sky Temperature, unit: deg_C, datatype: float64}
# - {name: Frequency, unit: Hz, datatype: float64}
# - {name: MSAS, unit: mag / arcsec2, datatype: float64}
# - {name: ZP, datatype: float64}
# - {name: Sequence Number, datatype: int64}
# - {name: Sun Alt, unit: deg, datatype: float64}
# - {name: Moon Alt, unit: deg, datatype: float64}
# - {name: Moon Illumination, datatype: float64}
# delimiter: ','
# meta: !!omap
# - ida:
#     Data supplier: {affiliation: Salvador Ribas, observer: Salvador Ribas}
#     Device type: TESS-W
#     Field of view: 17.0
#     Filters per channel: None
#     Instrument ID: stars62
#     License: ODbL 1.0 http://opendatacommons.org/licenses/odbl/summary/
#     Local timezone: Europe/Madrid
#     Location name: {country: Spain, place: "Centre d'Observaci\xF3 de l'Univers", region: Catalonia, sub_region: Noguera, town: "\xC0\
#         ger"}
#     Measurement direction per channel: {azimuth: 0.0, zenital: 0.0}
#     Moving / Fixed look direction: FIXED
#     Moving / Stationary position: STATIONARY
#     Number of channels: 1
#     Number of fields per line: 8
#     Number of header lines: 35
#     Position: {height: 0.0, latitude: 42.02459, longitude: 0.734797}
#     TESS MAC address: 5C:CF:7F:8B:E2:A0
#     TESS cover offset value: 0.0
#     TESS firmware version: Unknown
#     TESS zero point: 20.52
#     Time Synchronization: timestamp added by MQTT subscriber
#     URL: http://www.darksky.org/NSBM/sdf1.0.pdf
# - __serialized_columns__:
#     Enclosure Temperature:
#       __class__: astropy.units.quantity.Quantity
#       unit: &id001 !astropy.units.Unit {unit: deg_C}
#       value: !astropy.table.SerializedColumn {name: Enclosure Temperature}
#     Frequency:
#       __class__: astropy.units.quantity.Quantity
#       unit: !astropy.units.Unit {unit: Hz}
#       value: !astropy.table.SerializedColumn {name: Frequency}
#     MSAS:
#       __class__: astropy.units.quantity.Quantity
#       unit: !astropy.units.Unit {unit: mag / arcsec2}
#       value: !astropy.table.SerializedColumn {name: MSAS}
#     Moon Alt:
#       __class__: astropy.units.quantity.Quantity
#       unit: &id002 !astropy.units.Unit {unit: deg}
#       value: !astropy.table.SerializedColumn {name: Moon Alt}
#     Sky Temperature:
#       __class__: astropy.units.quantity.Quantity
#       unit: *id001
#       value: !astropy.table.SerializedColumn {name: Sky Temperature}
#     Sun Alt:
#       __class__: astropy.units.quantity.Quantity
#       unit: *id002
#       value: !astropy.table.SerializedColumn {name: Sun Alt}
#     time:
#       __class__: astropy.time.core.Time
#       format: isot
#       in_subfmt: '*'
#       out_subfmt: '*'
#       precision: 3
#       scale: utc
#       value: !astropy.table.SerializedColumn {name: time}
# schema: astropy-2.0
time,Enclosure Temperature,Sky Temperature,Frequency,MSAS,ZP,Sequence Number,Sun Alt,Moon Alt,Moon Illumination
[from data line 3156]
2024-04-04T10:33:57.000,20.94,16.07,56449.93,8.12,20.52,3885,49.2,19.0,0.252
2024-04-04T10:34:57.000,20.93,16.06,56530.42,8.12,20.52,3886,49.31,19.0,0.252
2024-04-04T10:35:57.000,20.94,16.06,56449.91,8.12,20.52,3887,49.41,19.0,0.252
2024-04-04T10:36:58.000,20.94,16.06,56344.51,8.12,20.52,3888,49.51,19.0,0.252
2024-04-04T10:37:58.000,20.94,16.08,55872.92,8.13,20.52,3889,49.61,19.0,0.252
2024-04-04T10:38:58.000,20.95,16.09,55719.25,8.13,20.52,3890,49.71,19.0,0.252
2024-04-04T10:39:58.000,20.95,16.09,56050.79,8.13,20.52,3891,49.81,18.0,0.252
2024-04-04T10:40:58.000,20.95,16.1,55829.62,8.13,20.52,3892,49.91,18.0,0.252
2024-04-04T10:41:58.000,20.96,16.1,55581.48,8.14,20.52,3893,50.01,18.0,0.252
2024-04-04T10:42:58.000,20.96,16.09,55397.93,8.14,20.52,3894,50.1,18.0,0.252
2024-04-04T10:43:58.000,20.96,16.08,55399.64,8.14,20.52,3895,50.2,18.0,0.252
2024-04-04T10:44:59.000,20.97,16.1,55267.75,8.14,20.52,3896,50.29,18.0,0.252
2024-04-04T10:45:59.000,20.97,16.09,55243.82,8.14,20.52,3897,50.38,18.0,0.252
2024-04-04T10:46:59.000,20.97,16.1,55528.09,8.14,20.52,3898,50.47,18.0,0.252
2024-04-04T10:47:59.000,20.99,16.15,55401.51,8.14,20.52,3899,50.57,18.0,0.252
2024-04-04T10:48:59.000,21.0,16.14,55214.68,8.14,20.52,3900,50.65,18.0,0.251
2024-04-04T10:49:59.000,21.0,16.13,55540.93,8.14,20.52,3901,50.74,17.0,0.251
2024-04-04T10:50:59.000,20.99,16.12,55639.95,8.14,20.52,3902,50.83,17.0,0.251
2024-04-04T10:51:59.000,20.99,16.13,55739.31,8.13,20.52,3903,50.92,17.0,0.251
2024-04-04T10:52:59.000,20.99,16.13,55510.47,8.14,20.52,3904,51.0,17.0,0.251
2024-04-04T10:53:59.000,21.0,16.16,55616.8,8.14,20.52,3905,51.09,17.0,0.251
2024-04-04T10:54:59.000,21.0,16.14,55919.55,8.13,20.52,3906,51.17,17.0,0.251
2024-04-04T10:56:00.000,21.0,16.13,56102.73,8.13,20.52,3907,51.25,17.0,0.251
2024-04-04T10:57:00.000,21.0,16.14,56182.14,8.13,20.52,3908,51.33,17.0,0.251
2024-04-04T10:58:00.000,21.0,16.13,56125.93,8.13,20.52,3909,51.41,17.0,0.251
2024-04-04T10:59:00.000,21.0,16.16,56163.73,8.13,20.52,3910,51.49,17.0,0.251
2024-04-04T11:00:00.000,21.02,16.16,56143.2,8.13,20.52,3911,51.57,16.0,0.251
2024-04-04T11:01:00.000,21.01,16.16,55969.46,8.13,20.52,3912,51.65,16.0,0.251
2024-04-04T11:02:00.000,21.02,16.17,55521.1,8.14,20.52,3913,51.72,16.0,0.251
2024-04-04T11:03:00.000,21.03,16.17,55185.89,8.15,20.52,3914,51.8,16.0,0.25
2024-04-04T11:04:00.000,21.03,16.18,55480.47,8.14,20.52,3915,51.87,16.0,0.25
2024-04-04T11:05:01.000,21.03,16.16,55694.04,8.14,20.52,3916,51.94,16.0,0.25
2024-04-04T11:06:01.000,21.03,16.18,56032.2,8.13,20.52,3917,52.01,16.0,0.25
2024-04-04T11:07:01.000,21.03,16.18,56281.35,8.12,20.52,3918,52.08,16.0,0.25
2024-04-04T11:08:01.000,21.04,16.15,56294.84,8.12,20.52,3919,52.15,16.0,0.25
2024-04-04T11:09:01.000,21.04,16.17,55963.91,8.13,20.52,3920,52.22,15.0,0.25
2024-04-04T11:10:01.000,21.04,16.2,55562.49,8.14,20.52,3921,52.28,15.0,0.25
2024-04-04T11:11:01.000,21.05,16.18,55446.45,8.14,20.52,3922,52.35,15.0,0.25
2024-04-04T11:12:01.000,21.05,16.19,55888.75,8.13,20.52,3923,52.41,15.0,0.25
2024-04-04T11:13:01.000,21.06,16.16,56206.87,8.13,20.52,3924,52.48,15.0,0.25
2024-04-04T11:14:01.000,21.05,16.18,56552.87,8.12,20.52,3925,52.54,15.0,0.25
2024-04-04T11:15:01.000,21.05,16.18,56503.3,8.12,20.52,3926,52.6,15.0,0.25
2024-04-04T11:16:01.000,21.05,16.19,56525.25,8.12,20.52,3927,52.66,15.0,0.25
2024-04-04T11:17:02.000,21.06,16.19,56259.39,8.12,20.52,3928,52.71,14.0,0.249
2024-04-04T11:18:02.000,21.06,16.19,56097.22,8.13,20.52,3929,52.77,14.0,0.249
2024-04-04T11:19:02.000,21.06,16.21,55959.55,8.13,20.52,3930,52.83,14.0,0.249
2024-04-04T11:20:02.000,21.07,16.18,55871.87,8.13,20.52,3931,52.88,14.0,0.249
2024-04-04T11:21:02.000,21.08,16.2,56249.3,8.12,20.52,3932,52.93,14.0,0.249
2024-04-04T11:22:02.000,21.1,16.21,56251.91,8.12,20.52,3933,52.98,14.0,0.249
2024-04-04T11:23:02.000,21.1,16.22,56256.87,8.12,20.52,3934,53.03,14.0,0.249
2024-04-04T11:24:02.000,21.1,16.21,56386.65,8.12,20.52,3935,53.08,14.0,0.249
2024-04-04T11:25:02.000,21.1,16.2,56257.36,8.12,20.52,3936,53.13,14.0,0.249
2024-04-04T11:26:03.000,21.1,16.24,56518.91,8.12,20.52,3937,53.18,13.0,0.249
2024-04-04T11:27:03.000,21.11,16.24,56195.91,8.13,20.52,3938,53.22,13.0,0.249
2024-04-04T11:28:03.000,21.11,16.24,37606.45,8.76,20.52,3939,53.27,13.0,0.249
2024-04-04T11:29:03.000,21.11,16.24,55312.72,8.14,20.52,3940,53.31,13.0,0.249
2024-04-04T11:30:03.000,21.11,16.23,55833.73,8.13,20.52,3941,53.35,13.0,0.249
2024-04-04T11:31:03.000,21.11,16.24,51906.09,8.22,20.52,3942,53.39,13.0,0.248
2024-04-04T11:32:04.000,21.11,16.24,56656.71,8.12,20.52,3943,53.43,13.0,0.248
2024-04-04T11:33:04.000,21.12,16.24,57602.54,8.1,20.52,3944,53.47,13.0,0.248
2024-04-04T11:34:04.000,21.13,16.26,57408.51,8.1,20.52,3945,53.5,12.0,0.248
2024-04-04T11:35:04.000,21.14,16.26,57102.68,8.11,20.52,3946,53.54,12.0,0.248
2024-04-04T11:36:04.000,21.14,16.25,57203.0,8.11,20.52,3947,53.57,12.0,0.248
2024-04-04T11:37:04.000,21.14,16.26,56888.9,8.11,20.52,3948,53.6,12.0,0.248
2024-04-04T11:38:04.000,21.14,16.25,56298.54,8.12,20.52,3949,53.63,12.0,0.248
2024-04-04T11:39:04.000,21.14,16.25,56751.73,8.12,20.52,3950,53.66,12.0,0.248
2024-04-04T11:40:05.000,21.15,16.28,56831.67,8.11,20.52,3951,53.69,12.0,0.248
2024-04-04T11:41:05.000,21.15,16.24,56208.23,8.13,20.52,3952,53.72,11.0,0.248
2024-04-04T11:42:05.000,21.14,16.28,55712.8,8.14,20.52,3953,53.74,11.0,0.248
2024-04-04T11:43:05.000,21.14,16.27,51780.63,8.23,20.52,3954,53.76,11.0,0.248
2024-04-04T11:44:05.000,21.14,16.28,56256.49,8.12,20.52,3955,53.79,11.0,0.248
2024-04-04T11:45:05.000,21.14,16.28,56867.19,8.11,20.52,3956,53.81,11.0,0.247
2024-04-04T11:46:05.000,21.16,16.31,57662.69,8.1,20.52,3957,53.83,11.0,0.247
2024-04-04T11:47:05.000,21.16,16.25,56950.92,8.11,20.52,3958,53.85,11.0,0.247
2024-04-04T11:48:06.000,21.16,16.28,54669.55,8.16,20.52,3959,53.86,11.0,0.247
2024-04-04T11:49:06.000,21.17,16.28,49636.83,8.27,20.52,3960,53.88,10.0,0.247
2024-04-04T11:50:06.000,21.16,16.26,53131.42,8.28,20.52,3961,53.89,10.0,0.247
2024-04-04T11:51:06.000,21.17,16.28,54396.87,8.16,20.52,3962,53.91,10.0,0.247
2024-04-04T11:52:06.000,21.17,16.27,54076.2,8.17,20.52,3963,53.92,10.0,0.247
2024-04-04T11:53:06.000,21.17,16.28,52924.88,8.26,20.52,3964,53.93,10.0,0.247
2024-04-04T11:54:06.000,21.18,16.28,51108.18,8.23,20.52,3965,53.94,10.0,0.247
2024-04-04T11:55:06.000,21.18,16.28,51037.2,8.23,20.52,3966,53.94,10.0,0.247
2024-04-04T11:56:06.000,21.18,16.27,51312.52,8.22,20.52,3967,53.95,10.0,0.247
2024-04-04T11:57:06.000,21.18,16.3,51036.04,8.23,20.52,3968,53.96,9.0,0.247
2024-04-04T11:58:06.000,21.18,16.29,50186.88,8.25,20.52,3969,53.96,9.0,0.247
2024-04-04T11:59:06.000,21.18,16.32,52307.44,8.2,20.52,3970,53.96,9.0,0.247
2024-04-04T12:00:06.000,21.18,16.33,52550.82,8.2,20.52,3971,53.96,9.0,0.246
2024-04-04T12:01:06.000,21.19,16.32,51644.9,8.22,20.52,3972,53.96,9.0,0.246
2024-04-04T12:02:07.000,21.19,16.31,51766.36,8.22,20.52,3973,53.96,9.0,0.246
2024-04-04T12:03:07.000,21.2,16.3,54558.25,8.16,20.52,3974,53.96,9.0,0.246
2024-04-04T12:04:07.000,21.21,16.27,54671.89,8.16,20.52,3975,53.95,8.0,0.246
2024-04-04T12:05:07.000,21.22,16.3,55347.49,8.14,20.52,3976,53.94,8.0,0.246
2024-04-04T12:06:07.000,21.23,16.3,54988.61,8.15,20.52,3977,53.94,8.0,0.246
2024-04-04T12:07:07.000,21.22,16.27,55356.9,8.14,20.52,3978,53.93,8.0,0.246
2024-04-04T12:08:07.000,21.23,16.31,55244.31,8.14,20.52,3979,53.92,8.0,0.246
2024-04-04T12:09:07.000,21.24,16.31,55384.65,8.14,20.52,3980,53.91,8.0,0.246
2024-04-04T12:10:07.000,21.24,16.32,55399.96,8.14,20.52,3981,53.89,8.0,0.246
2024-04-04T12:11:07.000,21.24,16.32,54712.59,8.15,20.52,3982,53.88,7.0,0.246
2024-04-04T12:12:07.000,21.25,16.32,54041.67,8.17,20.52,3983,53.86,7.0,0.246
2024-04-04T12:13:08.000,21.25,16.35,53573.48,8.18,20.52,3984,53.84,7.0,0.246
2024-04-04T12:14:08.000,21.26,16.35,52663.17,8.2,20.52,3985,53.83,7.0,0.245
2024-04-04T12:15:08.000,21.26,16.35,52454.55,8.2,20.52,3986,53.81,7.0,0.245
2024-04-04T12:16:08.000,21.27,16.37,52624.74,8.2,20.52,3987,53.79,7.0,0.245
2024-04-04T12:17:08.000,21.27,16.36,52631.41,8.2,20.52,3988,53.76,7.0,0.245
2024-04-04T12:18:08.000,21.27,16.37,51113.2,8.37,20.52,3989,53.74,6.0,0.245
2024-04-04T12:19:08.000,21.28,16.36,51901.91,8.21,20.52,3990,53.71,6.0,0.245
2024-04-04T12:20:08.000,21.28,16.37,51711.93,8.22,20.52,3991,53.69,6.0,0.245
2024-04-04T12:21:08.000,21.28,16.35,51582.91,8.22,20.52,3992,53.66,6.0,0.245
2024-04-04T12:22:08.000,21.28,16.35,52020.72,8.21,20.52,3993,53.63,6.0,0.245
2024-04-04T12:23:09.000,21.29,16.35,51877.42,8.21,20.52,3994,53.6,6.0,0.245
2024-04-04T12:24:09.000,21.28,16.34,51630.72,8.22,20.52,3995,53.57,6.0,0.245
2024-04-04T12:25:09.000,21.28,16.36,50966.29,8.23,20.52,3996,53.53,5.0,0.245
2024-04-04T12:26:09.000,21.28,16.34,50555.68,8.24,20.52,3997,53.5,5.0,0.245
2024-04-04T12:27:09.000,21.28,16.38,49313.62,8.27,20.52,3998,53.46,5.0,0.245
2024-04-04T12:28:09.000,21.27,16.35,50439.98,8.24,20.52,3999,53.43,5.0,0.244
2024-04-04T12:29:10.000,21.28,16.38,50325.69,8.25,20.52,4000,53.39,5.0,0.244
2024-04-04T12:30:10.000,21.28,16.37,50487.91,8.24,20.52,4001,53.35,5.0,0.244
2024-04-04T12:31:10.000,21.28,16.37,48690.13,8.29,20.52,4002,53.31,5.0,0.244
2024-04-04T12:32:10.000,21.3,16.4,49344.29,8.27,20.52,4003,53.26,4.0,0.244
2024-04-04T12:33:10.000,21.31,16.35,49413.25,8.27,20.52,4004,53.22,4.0,0.244
2024-04-04T12:34:10.000,21.3,16.37,48969.73,8.28,20.52,4005,53.17,4.0,0.244
2024-04-04T12:35:11.000,21.29,16.37,48884.55,8.28,20.52,4006,53.13,4.0,0.244
2024-04-04T12:36:11.000,21.3,16.4,48246.31,8.29,20.52,4007,53.08,4.0,0.244
2024-04-04T12:37:11.000,21.31,16.38,47583.44,8.31,20.52,4008,53.03,4.0,0.244
2024-04-04T12:38:11.000,21.31,16.39,47161.39,8.32,20.52,4009,52.98,4.0,0.244
2024-04-04T12:39:11.000,21.32,16.39,47238.49,8.31,20.52,4010,52.93,3.0,0.244
2024-04-04T12:40:11.000,21.32,16.39,46580.02,8.33,20.52,4011,52.88,3.0,0.244
2024-04-04T12:41:11.000,21.32,16.4,46652.29,8.33,20.52,4012,52.82,3.0,0.244
2024-04-04T12:42:12.000,21.32,16.39,46673.91,8.33,20.52,4013,52.77,3.0,0.243
2024-04-04T12:43:12.000,21.32,16.41,45687.95,8.35,20.52,4014,52.71,3.0,0.243
2024-04-04T12:44:12.000,21.33,16.39,45239.98,8.36,20.52,4015,52.65,3.0,0.243
2024-04-04T12:45:12.000,21.33,16.4,45656.74,8.35,20.52,4016,52.59,3.0,0.243
2024-04-04T12:46:12.000,21.33,16.39,45517.46,8.35,20.52,4017,52.53,2.0,0.243
2024-04-04T12:47:12.000,21.34,16.4,44080.27,8.39,20.52,4018,52.47,2.0,0.243
2024-04-04T12:48:13.000,21.35,16.43,43957.55,8.39,20.52,4019,52.41,2.0,0.243
2024-04-04T12:49:13.000,21.35,16.41,43955.91,8.39,20.52,4020,52.34,2.0,0.243
2024-04-04T12:50:13.000,21.35,16.39,44005.89,8.39,20.52,4021,52.28,2.0,0.243
2024-04-04T12:51:13.000,21.35,16.4,43707.84,8.4,20.52,4022,52.21,2.0,0.243
2024-04-04T12:52:13.000,21.36,16.42,43731.84,8.4,20.52,4023,52.15,1.0,0.243
2024-04-04T12:53:13.000,21.35,16.41,45957.22,8.34,20.52,4024,52.08,1.0,0.243
2024-04-04T12:54:13.000,21.36,16.43,45349.35,8.36,20.52,4025,52.01,1.0,0.243
2024-04-04T12:55:13.000,21.36,16.45,44599.41,8.38,20.52,4026,51.94,1.0,0.243
2024-04-04T12:56:13.000,21.35,16.43,22670.33,9.23,20.52,4027,51.87,1.0,0.243
2024-04-04T12:57:13.000,21.35,16.42,38955.92,8.63,20.52,4028,51.79,1.0,0.242
2024-04-04T12:58:13.000,21.35,16.41,30997.6,8.84,20.52,4029,51.72,1.0,0.242
2024-04-04T12:59:14.000,21.36,16.43,46157.04,8.34,20.52,4030,51.64,0.0,0.242
2024-04-04T13:00:14.000,21.36,16.42,44872.43,8.37,20.52,4031,51.56,0.0,0.242
2024-04-04T13:01:14.000,21.36,16.44,44271.75,8.38,20.52,4032,51.49,0.0,0.242
2024-04-04T13:02:14.000,21.36,16.42,44469.17,8.38,20.52,4033,51.41,-0.0,0.242
2024-04-04T13:03:14.000,21.36,16.42,43257.8,8.41,20.52,4034,51.33,-0.0,0.242
2024-04-04T13:04:14.000,21.36,16.44,42721.42,8.42,20.52,4035,51.25,-0.0,0.242
2024-04-04T13:05:14.000,21.37,16.45,38029.13,8.62,20.52,4036,51.16,-1.0,0.242
2024-04-04T13:06:14.000,21.37,16.44,42547.37,8.43,20.52,4037,51.08,-1.0,0.242
2024-04-04T13:07:15.000,21.36,16.44,34457.12,8.73,20.52,4038,51.0,-1.0,0.242
2024-04-04T13:08:15.000,21.37,16.46,35900.29,8.62,20.52,4039,50.91,-1.0,0.242
2024-04-04T13:09:15.000,21.39,16.48,36603.71,8.59,20.52,4040,50.82,-1.0,0.242
2024-04-04T13:10:15.000,21.39,16.46,37741.41,8.56,20.52,4041,50.74,-1.0,0.242
2024-04-04T13:11:15.000,21.39,16.44,33402.34,8.85,20.52,4042,50.65,-1.0,0.241
2024-04-04T13:12:15.000,21.38,16.43,35660.09,8.71,20.52,4043,50.56,-2.0,0.241
2024-04-04T13:13:15.000,21.38,16.43,36430.93,8.6,20.52,4044,50.47,-2.0,0.241
2024-04-04T13:14:15.000,21.38,16.46,36661.35,8.59,20.52,4045,50.38,-2.0,0.241
2024-04-04T13:15:16.000,21.4,16.45,37481.54,8.57,20.52,4046,50.28,-2.0,0.241
2024-04-04T13:16:16.000,21.4,16.43,38173.21,8.55,20.52,4047,50.19,-2.0,0.241
2024-04-04T13:17:16.000,21.4,16.44,35317.2,8.71,20.52,4048,50.09,-2.0,0.241
2024-04-04T13:18:16.000,21.4,16.45,32541.84,8.72,20.52,4049,50.0,-3.0,0.241
2024-04-04T13:19:16.000,21.41,16.45,32098.9,8.73,20.52,4050,49.9,-3.0,0.241
2024-04-04T13:20:16.000,21.41,16.46,34449.2,8.66,20.52,4051,49.8,-3.0,0.241
2024-04-04T13:21:16.000,21.42,16.47,34426.36,8.82,20.52,4052,49.71,-3.0,0.241
2024-04-04T13:22:16.000,21.42,16.48,35026.98,8.64,20.52,4053,49.61,-3.0,0.241
2024-04-04T13:23:16.000,21.42,16.47,32522.67,8.72,20.52,4054,49.51,-3.0,0.241
2024-04-04T13:24:17.000,21.42,16.45,34629.09,8.65,20.52,4055,49.4,-4.0,0.241
2024-04-04T13:25:17.000,21.42,16.46,35195.75,8.71,20.52,4056,49.3,-4.0,0.24
2024-04-04T13:26:17.000,21.42,16.46,36513.64,8.6,20.52,4057,49.2,-4.0,0.24
2024-04-04T13:27:17.000,21.42,16.49,38325.4,8.54,20.52,4058,49.09,-4.0,0.24
2024-04-04T13:28:17.000,21.43,16.48,38314.34,8.54,20.52,4059,48.99,-4.0,0.24
2024-04-04T13:29:17.000,21.42,16.46,36737.98,8.59,20.52,4060,48.88,-4.0,0.24
2024-04-04T13:30:17.000,21.43,16.48,39463.89,8.51,20.52,4061,48.77,-4.0,0.24
2024-04-04T13:31:17.000,21.44,16.48,40216.59,8.49,20.52,4062,48.67,-5.0,0.24
2024-04-04T13:32:17.000,21.44,16.48,38086.29,8.55,20.52,4063,48.56,-5.0,0.24
2024-04-04T13:33:17.000,21.44,16.47,30536.02,8.79,20.52,4064,48.45,-5.0,0.24
2024-04-04T13:34:18.000,21.44,16.48,25212.93,9.0,20.52,4065,48.33,-5.0,0.24
2024-04-04T13:35:18.000,21.45,16.48,22421.06,9.13,20.52,4066,48.22,-5.0,0.24
2024-04-04T13:36:18.000,21.44,16.49,27799.69,8.9,20.52,4067,48.11,-5.0,0.24
2024-04-04T13:37:18.000,21.45,16.5,35447.59,8.63,20.52,4068,48.0,-6.0,0.24
2024-04-04T13:38:18.000,21.45,16.49,34461.67,8.73,20.52,4069,47.88,-6.0,0.24
2024-04-04T13:39:19.000,21.45,16.51,32405.29,9.08,20.52,4070,47.77,-6.0,0.24
2024-04-04T13:40:19.000,21.45,16.49,31235.48,8.94,20.52,4071,47.65,-6.0,0.239
2024-04-04T13:41:19.000,21.45,16.49,22699.2,9.12,20.52,4072,47.53,-6.0,0.239
2024-04-04T13:42:19.000,21.45,16.5,17199.64,9.41,20.52,4073,47.42,-6.0,0.239
2024-04-04T13:43:19.000,21.46,16.52,19532.56,9.28,20.52,4074,47.3,-7.0,0.239
2024-04-04T13:44:19.000,21.45,16.49,24758.27,9.02,20.52,4075,47.18,-7.0,0.239
2024-04-04T13:45:19.000,21.46,16.5,24788.74,9.02,20.52,4076,47.06,-7.0,0.239
2024-04-04T13:46:19.000,21.45,16.5,25503.6,8.98,20.52,4077,46.94,-7.0,0.239
2024-04-04T13:47:19.000,21.46,16.49,26989.71,8.92,20.52,4078,46.82,-7.0,0.239
2024-04-04T13:48:20.000,21.45,16.49,29170.82,8.84,20.52,4079,46.69,-7.0,0.239
2024-04-04T13:49:20.000,21.45,16.49,27205.12,9.06,20.52,4080,46.57,-8.0,0.239
2024-04-04T13:50:20.000,21.45,16.49,29873.19,8.81,20.52,4081,46.45,-8.0,0.239
2024-04-04T13:51:20.000,21.46,16.49,26288.43,9.09,20.52,4082,46.32,-8.0,0.239
2024-04-04T13:52:20.000,21.46,16.5,21717.06,9.16,20.52,4083,46.2,-8.0,0.239
2024-04-04T13:53:20.000,21.46,16.5,19097.36,9.3,20.52,4084,46.07,-8.0,0.239
2024-04-04T13:54:20.000,21.46,16.5,19305.82,9.29,20.52,4085,45.94,-8.0,0.238
2024-04-04T13:55:20.000,21.46,16.5,18125.18,9.57,20.52,4086,45.82,-9.0,0.238
2024-04-04T13:56:27.000,21.46,16.5,17566.78,9.39,20.52,4087,45.67,-9.0,0.238
2024-04-04T13:57:26.000,21.46,16.49,17581.71,9.39,20.52,4088,45.55,-9.0,0.238
2024-04-04T13:58:26.000,21.46,16.49,19486.54,9.28,20.52,4089,45.42,-9.0,0.238
2024-04-04T13:59:26.000,21.46,16.5,22466.4,9.12,20.52,4090,45.29,-9.0,0.238
2024-04-04T14:00:26.000,21.46,16.5,15862.74,9.51,20.52,4091,45.16,-9.0,0.238
