ecsv/stars62/stars62_2025-04.ecsv
# %ECSV 1.0
# ---
# datatype:
# - {name: time, datatype: string}
# - {name: Enclosure Temperature, unit: deg_C, datatype: float64}
# - {name: Sky Temperature, unit: deg_C, datatype: float64}
# - {name: Frequency, unit: Hz, datatype: float64}
# - {name: MSAS, unit: mag / arcsec2, datatype: float64}
# - {name: ZP, datatype: float64}
# - {name: Sequence Number, datatype: int64}
# - {name: Sun Alt, unit: deg, datatype: float64}
# - {name: Moon Alt, unit: deg, datatype: float64}
# - {name: Moon Illumination, datatype: float64}
# delimiter: ','
# meta: !!omap
# - ida:
#     Data supplier: {affiliation: Salvador Ribas, observer: Salvador Ribas}
#     Device type: TESS-W
#     Field of view: 17.0
#     Filters per channel: None
#     Instrument ID: stars62
#     License: ODbL 1.0 http://opendatacommons.org/licenses/odbl/summary/
#     Local timezone: Europe/Madrid
#     Location name: {country: Spain, place: "Centre d'Observaci\xF3 de l'Univers", region: Catalonia, sub_region: Noguera, town: "\xC0\
#         ger"}
#     Measurement direction per channel: {azimuth: 0.0, zenital: 0.0}
#     Moving / Fixed look direction: FIXED
#     Moving / Stationary position: STATIONARY
#     Number of channels: 1
#     Number of fields per line: 8
#     Number of header lines: 35
#     Position: {height: 0.0, latitude: 42.02459, longitude: 0.734797}
#     TESS MAC address: 5C:CF:7F:8B:E2:A0
#     TESS cover offset value: 0.0
#     TESS firmware version: Unknown
#     TESS zero point: 20.52
#     Time Synchronization: timestamp added by MQTT subscriber
#     URL: http://www.darksky.org/NSBM/sdf1.0.pdf
# - __serialized_columns__:
#     Enclosure Temperature:
#       __class__: astropy.units.quantity.Quantity
#       unit: &id001 !astropy.units.Unit {unit: deg_C}
#       value: !astropy.table.SerializedColumn {name: Enclosure Temperature}
#     Frequency:
#       __class__: astropy.units.quantity.Quantity
#       unit: !astropy.units.Unit {unit: Hz}
#       value: !astropy.table.SerializedColumn {name: Frequency}
#     MSAS:
#       __class__: astropy.units.quantity.Quantity
#       unit: !astropy.units.Unit {unit: mag / arcsec2}
#       value: !astropy.table.SerializedColumn {name: MSAS}
#     Moon Alt:
#       __class__: astropy.units.quantity.Quantity
#       unit: &id002 !astropy.units.Unit {unit: deg}
#       value: !astropy.table.SerializedColumn {name: Moon Alt}
#     Sky Temperature:
#       __class__: astropy.units.quantity.Quantity
#       unit: *id001
#       value: !astropy.table.SerializedColumn {name: Sky Temperature}
#     Sun Alt:
#       __class__: astropy.units.quantity.Quantity
#       unit: *id002
#       value: !astropy.table.SerializedColumn {name: Sun Alt}
#     time:
#       __class__: astropy.time.core.Time
#       format: isot
#       in_subfmt: '*'
#       out_subfmt: '*'
#       precision: 3
#       scale: utc
#       value: !astropy.table.SerializedColumn {name: time}
# schema: astropy-2.0
time,Enclosure Temperature,Sky Temperature,Frequency,MSAS,ZP,Sequence Number,Sun Alt,Moon Alt,Moon Illumination
[from data line 208]
2025-04-01T03:30:00.000,10.27,-12.3,0.3,21.31,20.52,2490,-23.54,-25.0,0.107
2025-04-01T03:31:00.000,10.15,-12.39,0.3,21.31,20.52,2491,-23.38,-25.0,0.107
2025-04-01T03:32:00.000,10.03,-12.29,0.3,21.31,20.52,2492,-23.22,-25.0,0.107
2025-04-01T03:33:00.000,10.0,-12.23,0.3,21.3,20.52,2493,-23.06,-25.0,0.107
2025-04-01T03:34:00.000,10.18,-12.32,0.3,21.3,20.52,2494,-22.9,-25.0,0.107
2025-04-01T03:35:00.000,10.32,-12.16,0.3,21.3,20.52,2495,-22.73,-25.0,0.107
2025-04-01T03:36:00.000,10.4,-12.05,0.3,21.3,20.52,2496,-22.57,-25.0,0.107
2025-04-01T03:37:00.000,10.42,-12.23,0.3,21.3,20.52,2497,-22.41,-25.0,0.107
2025-04-01T03:38:00.000,10.38,-12.28,0.3,21.31,20.52,2498,-22.25,-25.0,0.107
2025-04-01T03:39:00.000,10.32,-12.25,0.3,21.31,20.52,2499,-22.09,-25.0,0.107
2025-04-01T03:40:00.000,10.22,-12.34,0.3,21.31,20.52,2500,-21.92,-25.0,0.108
2025-04-01T03:41:00.000,10.11,-12.29,0.3,21.31,20.52,2501,-21.76,-25.0,0.108
2025-04-01T03:42:00.000,10.0,-12.36,0.3,21.31,20.52,2502,-21.6,-25.0,0.108
2025-04-01T03:43:00.000,9.99,-12.38,0.3,21.31,20.52,2503,-21.43,-25.0,0.108
2025-04-01T03:44:01.000,10.26,-12.13,0.3,21.31,20.52,2504,-21.26,-24.0,0.108
2025-04-01T03:45:01.000,10.51,-12.35,0.3,21.31,20.52,2505,-21.1,-24.0,0.108
2025-04-01T03:46:01.000,10.61,-12.42,0.3,21.32,20.52,2506,-20.94,-24.0,0.108
2025-04-01T03:47:01.000,10.59,-12.5,0.3,21.31,20.52,2507,-20.77,-24.0,0.108
2025-04-01T03:48:01.000,10.5,-12.58,0.3,21.31,20.52,2508,-20.6,-24.0,0.108
2025-04-01T03:49:01.000,10.39,-12.57,0.3,21.31,20.52,2509,-20.44,-24.0,0.108
2025-04-01T03:50:01.000,10.25,-12.54,0.3,21.31,20.52,2510,-20.27,-24.0,0.108
2025-04-01T03:51:01.000,10.13,-12.63,0.3,21.31,20.52,2511,-20.11,-24.0,0.108
2025-04-01T03:52:01.000,10.02,-12.71,0.3,21.31,20.52,2512,-19.94,-24.0,0.108
2025-04-01T03:53:01.000,9.98,-12.73,0.3,21.31,20.52,2513,-19.77,-24.0,0.108
2025-04-01T03:54:01.000,10.18,-12.7,0.3,21.3,20.52,2514,-19.61,-24.0,0.108
2025-04-01T03:55:01.000,10.35,-12.74,0.3,21.3,20.52,2515,-19.44,-24.0,0.108
2025-04-01T03:56:01.000,10.43,-12.79,0.3,21.3,20.52,2516,-19.27,-24.0,0.108
2025-04-01T03:57:01.000,10.38,-12.66,0.3,21.3,20.52,2517,-19.1,-24.0,0.108
2025-04-01T03:58:01.000,10.29,-12.64,0.3,21.29,20.52,2518,-18.93,-23.0,0.108
2025-04-01T03:59:01.000,10.17,-12.72,0.3,21.29,20.52,2519,-18.77,-23.0,0.109
2025-04-01T04:00:02.000,10.05,-12.68,0.3,21.29,20.52,2520,-18.59,-23.0,0.109
2025-04-01T04:01:02.000,9.95,-12.77,0.3,21.29,20.52,2521,-18.42,-23.0,0.109
2025-04-01T04:02:02.000,10.07,-13.02,0.3,21.29,20.52,2522,-18.25,-23.0,0.109
2025-04-01T04:03:02.000,10.24,-12.94,0.31,21.29,20.52,2523,-18.09,-23.0,0.109
2025-04-01T04:04:02.000,10.32,-12.82,0.31,21.29,20.52,2524,-17.92,-23.0,0.109
2025-04-01T04:05:02.000,10.29,-13.0,0.31,21.28,20.52,2525,-17.75,-23.0,0.109
2025-04-01T04:06:02.000,10.15,-12.93,0.31,21.28,20.52,2526,-17.57,-23.0,0.109
2025-04-01T04:07:02.000,9.97,-12.95,0.31,21.27,20.52,2527,-17.4,-23.0,0.109
2025-04-01T04:08:02.000,9.95,-13.01,0.31,21.27,20.52,2528,-17.23,-23.0,0.109
2025-04-01T04:09:02.000,10.21,-12.94,0.31,21.26,20.52,2529,-17.06,-23.0,0.109
2025-04-01T04:10:02.000,10.52,-12.88,0.32,21.25,20.52,2530,-16.89,-23.0,0.109
2025-04-01T04:11:02.000,10.63,-12.85,0.32,21.24,20.52,2531,-16.72,-22.0,0.109
2025-04-01T04:12:02.000,10.62,-12.99,0.32,21.24,20.52,2532,-16.55,-22.0,0.109
2025-04-01T04:13:02.000,10.5,-12.96,0.32,21.23,20.52,2533,-16.38,-22.0,0.109
2025-04-01T04:14:02.000,10.3,-13.02,0.33,21.22,20.52,2534,-16.2,-22.0,0.109
2025-04-01T04:15:03.000,10.07,-12.98,0.33,21.2,20.52,2535,-16.03,-22.0,0.109
2025-04-01T04:16:03.000,9.93,-13.04,0.33,21.19,20.52,2536,-15.86,-22.0,0.109
2025-04-01T04:17:03.000,10.06,-13.17,0.34,21.18,20.52,2537,-15.68,-22.0,0.109
2025-04-01T04:18:03.000,10.37,-13.12,0.34,21.16,20.52,2538,-15.51,-22.0,0.11
2025-04-01T04:19:03.000,10.52,-13.16,0.35,21.14,20.52,2539,-15.34,-22.0,0.11
2025-04-01T04:20:03.000,10.55,-13.12,0.36,21.12,20.52,2540,-15.16,-22.0,0.11
2025-04-01T04:21:03.000,10.45,-13.14,0.37,21.09,20.52,2541,-14.99,-22.0,0.11
2025-04-01T04:22:03.000,10.29,-13.12,0.38,21.06,20.52,2542,-14.81,-21.0,0.11
2025-04-01T04:23:03.000,10.1,-13.28,0.39,21.03,20.52,2543,-14.64,-21.0,0.11
2025-04-01T04:24:03.000,9.92,-13.25,0.4,20.99,20.52,2544,-14.47,-21.0,0.11
2025-04-01T04:25:03.000,10.01,-13.47,0.42,20.95,20.52,2545,-14.29,-21.0,0.11
2025-04-01T04:26:03.000,10.27,-13.52,0.44,20.9,20.52,2546,-14.12,-21.0,0.11
2025-04-01T04:27:03.000,10.37,-13.63,0.46,20.85,20.52,2547,-13.94,-21.0,0.11
2025-04-01T04:28:03.000,10.32,-13.37,0.48,20.8,20.52,2548,-13.77,-21.0,0.11
2025-04-01T04:29:04.000,10.24,-13.44,0.51,20.73,20.52,2549,-13.59,-21.0,0.11
2025-04-01T04:30:04.000,10.07,-13.39,0.54,20.67,20.52,2550,-13.41,-21.0,0.11
2025-04-01T04:31:04.000,9.93,-13.42,0.58,20.59,20.52,2551,-13.24,-21.0,0.11
2025-04-01T04:32:04.000,10.03,-13.49,0.62,20.51,20.52,2552,-13.06,-21.0,0.11
2025-04-01T04:33:04.000,10.3,-13.46,0.68,20.42,20.52,2553,-12.88,-20.0,0.11
2025-04-01T04:34:04.000,10.45,-13.54,0.74,20.32,20.52,2554,-12.71,-20.0,0.11
2025-04-01T04:35:04.000,10.43,-13.57,0.82,20.22,20.52,2555,-12.53,-20.0,0.11
2025-04-01T04:36:04.000,10.32,-13.46,0.91,20.11,20.52,2556,-12.35,-20.0,0.11
2025-04-01T04:37:04.000,10.17,-13.48,1.01,19.99,20.52,2557,-12.18,-20.0,0.111
2025-04-01T04:38:04.000,10.01,-13.45,1.14,19.86,20.52,2558,-12.0,-20.0,0.111
2025-04-01T04:39:04.000,9.94,-13.57,1.28,19.74,20.52,2559,-11.82,-20.0,0.111
2025-04-01T04:40:04.000,10.14,-13.61,1.45,19.6,20.52,2560,-11.64,-20.0,0.111
2025-04-01T04:41:04.000,10.34,-13.7,1.66,19.45,20.52,2561,-11.47,-20.0,0.111
2025-04-01T04:42:05.000,10.37,-13.63,1.9,19.3,20.52,2562,-11.29,-20.0,0.111
2025-04-01T04:43:05.000,10.34,-13.5,2.2,19.15,20.52,2563,-11.11,-19.0,0.111
2025-04-01T04:44:05.000,10.23,-13.53,2.55,18.99,20.52,2564,-10.93,-19.0,0.111
2025-04-01T04:45:05.000,10.08,-13.51,2.97,18.82,20.52,2565,-10.75,-19.0,0.111
2025-04-01T04:46:05.000,9.94,-13.56,3.46,18.65,20.52,2566,-10.57,-19.0,0.111
2025-04-01T04:47:05.000,10.07,-13.65,4.07,18.48,20.52,2567,-10.39,-19.0,0.111
2025-04-01T04:48:05.000,10.29,-13.7,4.77,18.3,20.52,2568,-10.22,-19.0,0.111
2025-04-01T04:49:06.000,10.38,-13.6,5.6,18.13,20.52,2569,-10.03,-19.0,0.111
2025-04-01T04:50:06.000,10.36,-13.59,6.67,17.94,20.52,2570,-9.85,-19.0,0.111
2025-04-01T04:51:06.000,10.24,-13.61,7.89,17.76,20.52,2571,-9.68,-19.0,0.111
2025-04-01T04:52:06.000,10.08,-13.64,9.31,17.58,20.52,2572,-9.5,-19.0,0.111
2025-04-01T04:53:06.000,9.92,-13.73,11.07,17.39,20.52,2573,-9.32,-18.0,0.111
2025-04-01T04:54:06.000,10.03,-13.79,13.32,17.19,20.52,2574,-9.14,-18.0,0.111
2025-04-01T04:55:06.000,10.3,-13.74,15.81,17.0,20.52,2575,-8.96,-18.0,0.111
2025-04-01T04:56:06.000,10.44,-13.66,18.91,16.81,20.52,2576,-8.78,-18.0,0.112
2025-04-01T04:57:06.000,10.43,-13.77,22.81,16.61,20.52,2577,-8.6,-18.0,0.112
2025-04-01T04:58:07.000,10.28,-13.88,27.49,16.4,20.52,2578,-8.41,-18.0,0.112
2025-04-01T04:59:07.000,10.12,-13.86,33.24,16.2,20.52,2579,-8.23,-18.0,0.112
2025-04-01T05:00:07.000,9.95,-13.89,40.43,15.99,20.52,2580,-8.05,-18.0,0.112
2025-04-01T05:01:07.000,9.96,-14.02,47.73,15.8,20.52,2581,-7.87,-18.0,0.112
2025-04-01T05:02:07.000,10.2,-14.08,59.7,15.56,20.52,2582,-7.69,-17.0,0.112
2025-04-01T05:03:07.000,10.32,-13.95,73.27,15.34,20.52,2583,-7.51,-17.0,0.112
2025-04-01T05:04:07.000,10.31,-13.96,90.0,15.12,20.52,2584,-7.33,-17.0,0.112
2025-04-01T05:05:07.000,10.21,-13.83,111.08,14.89,20.52,2585,-7.15,-17.0,0.112
2025-04-01T05:06:07.000,10.09,-13.84,137.2,14.66,20.52,2586,-6.97,-17.0,0.112
2025-04-01T05:07:07.000,9.94,-13.91,170.34,14.42,20.52,2587,-6.78,-17.0,0.112
2025-04-01T05:08:07.000,10.02,-14.01,211.84,14.19,20.52,2588,-6.6,-17.0,0.112
2025-04-01T05:09:08.000,10.25,-13.98,264.04,13.95,20.52,2589,-6.42,-17.0,0.112
2025-04-01T05:10:08.000,10.34,-13.95,329.71,13.71,20.52,2590,-6.24,-17.0,0.112
2025-04-01T05:11:08.000,10.31,-13.97,411.71,13.47,20.52,2591,-6.05,-16.0,0.112
2025-04-01T05:12:08.000,10.18,-13.96,515.82,13.22,20.52,2592,-5.87,-16.0,0.112
2025-04-01T05:13:08.000,10.01,-13.97,649.09,12.97,20.52,2593,-5.69,-16.0,0.112
2025-04-01T05:14:08.000,9.93,-14.17,820.18,12.72,20.52,2594,-5.51,-16.0,0.112
2025-04-01T05:15:08.000,10.12,-14.28,1038.09,12.46,20.52,2595,-5.33,-16.0,0.113
2025-04-01T05:16:08.000,10.31,-14.2,1313.44,12.21,20.52,2596,-5.14,-16.0,0.113
2025-04-01T05:17:08.000,10.36,-14.19,1658.18,11.95,20.52,2597,-4.96,-16.0,0.113
2025-04-01T05:18:09.000,10.28,-14.22,2091.64,11.7,20.52,2598,-4.77,-16.0,0.113
2025-04-01T05:19:09.000,10.11,-14.25,2626.04,11.45,20.52,2599,-4.59,-15.0,0.113
2025-04-01T05:20:09.000,9.94,-14.17,3272.16,11.22,20.52,2600,-4.41,-15.0,0.113
2025-04-01T05:21:09.000,9.99,-14.4,4075.84,10.98,20.52,2601,-4.23,-15.0,0.113
2025-04-01T05:22:10.000,10.21,-14.42,5117.11,10.73,20.52,2602,-4.04,-15.0,0.113
2025-04-01T05:23:10.000,10.31,-14.44,6443.44,10.48,20.52,2603,-3.86,-15.0,0.113
2025-04-01T05:24:10.000,10.26,-14.26,8088.4,10.23,20.52,2604,-3.67,-15.0,0.113
2025-04-01T05:25:10.000,10.11,-14.35,10073.78,9.99,20.52,2605,-3.49,-15.0,0.113
2025-04-01T05:26:10.000,9.87,-14.46,12435.22,9.77,20.52,2606,-3.31,-15.0,0.113
2025-04-01T05:27:10.000,9.59,-14.27,15219.26,9.55,20.52,2607,-3.12,-15.0,0.113
2025-04-01T05:28:11.000,9.36,-14.26,18269.39,9.41,20.52,2608,-2.94,-14.0,0.113
2025-04-01T05:29:11.000,9.15,-14.26,22229.1,9.13,20.52,2609,-2.75,-14.0,0.113
2025-04-01T05:30:11.000,8.98,-14.29,26495.42,8.94,20.52,2610,-2.57,-14.0,0.113
2025-04-01T05:31:11.000,8.81,-14.27,31316.53,8.76,20.52,2611,-2.38,-14.0,0.113
2025-04-01T05:32:11.000,8.69,-14.19,36642.52,8.59,20.52,2612,-2.2,-14.0,0.113
2025-04-01T05:33:11.000,8.63,-14.05,42445.44,8.43,20.52,2613,-2.02,-14.0,0.113
2025-04-01T05:34:11.000,8.59,-14.15,48824.4,8.28,20.52,2614,-1.83,-14.0,0.114
2025-04-01T05:35:11.000,8.54,-14.19,55753.37,8.14,20.52,2615,-1.65,-14.0,0.114
2025-04-01T05:36:11.000,8.47,-14.23,58773.62,5.79,20.52,2616,-1.46,-13.0,0.114
2025-04-01T05:37:11.000,8.39,-14.36,50000.0,0.0,20.52,2617,-1.28,-13.0,0.114
2025-04-01T05:38:11.000,8.31,-14.31,50000.0,0.0,20.52,2618,-1.1,-13.0,0.114
2025-04-01T05:39:11.000,8.28,-14.33,50000.0,0.0,20.52,2619,-0.91,-13.0,0.114
2025-04-01T06:02:14.000,7.92,-14.3,50000.0,0.0,20.52,2642,3.36,-10.0,0.115
2025-04-01T06:03:14.000,7.93,-14.27,50000.0,0.0,20.52,2643,3.54,-10.0,0.115
2025-04-01T06:04:14.000,7.95,-14.29,50000.0,0.0,20.52,2644,3.73,-10.0,0.115
2025-04-01T06:05:14.000,7.98,-14.33,49722.36,0.09,20.52,2645,3.91,-10.0,0.115
2025-04-01T06:06:14.000,7.98,-14.35,49456.86,0.18,20.52,2646,4.1,-9.0,0.115
2025-04-01T06:07:14.000,7.98,-14.25,50000.0,0.0,20.52,2647,4.28,-9.0,0.115
2025-04-01T06:08:14.000,7.99,-14.26,50000.0,0.0,20.52,2648,4.47,-9.0,0.115
2025-04-01T06:09:14.000,8.03,-14.2,50000.0,0.0,20.52,2649,4.66,-9.0,0.115
2025-04-01T06:10:14.000,8.09,-14.22,50000.0,0.0,20.52,2650,4.84,-9.0,0.115
2025-04-01T06:11:14.000,8.12,-14.22,49729.95,0.09,20.52,2651,5.03,-9.0,0.116
2025-04-01T06:12:14.000,8.17,-14.28,49731.4,0.09,20.52,2652,5.21,-9.0,0.116
2025-04-01T06:13:15.000,8.17,-14.28,50000.0,0.0,20.52,2653,5.4,-8.0,0.116
2025-04-01T06:14:15.000,8.19,-14.15,50000.0,0.0,20.52,2654,5.59,-8.0,0.116
2025-04-01T06:15:15.000,8.24,-14.07,50000.0,0.0,20.52,2655,5.77,-8.0,0.116
2025-04-01T09:35:45.000,25.03,-7.24,50000.0,0.0,20.52,2855,40.68,25.0,0.127
2025-04-01T09:36:45.000,25.38,-6.89,50000.0,0.0,20.52,2856,40.82,25.0,0.127
2025-04-01T09:37:45.000,25.58,-7.11,50000.0,0.0,20.52,2857,40.96,25.0,0.127
2025-04-13T11:29:32.000,22.17,2.56,50000.0,0.0,20.52,2,56.63,-61.0,0.998
2025-04-13T11:30:32.000,21.65,4.1,50000.0,0.0,20.52,3,56.67,-61.0,0.998
2025-04-13T11:31:32.000,21.13,5.04,50000.0,0.0,20.52,4,56.71,-61.0,0.998
2025-04-13T17:13:01.000,11.23,6.15,50000.0,0.0,20.52,345,14.45,-23.0,0.995
2025-04-13T17:14:01.000,10.99,8.33,50000.0,0.0,20.52,346,14.27,-23.0,0.995
2025-04-13T17:15:01.000,11.04,9.43,50000.0,0.0,20.52,347,14.08,-23.0,0.995
2025-04-13T17:28:50.000,11.18,10.4,50000.0,0.0,20.52,3,11.52,-21.0,0.995
2025-04-13T17:29:53.000,11.38,10.81,50000.0,0.0,20.52,4,11.32,-20.0,0.995
2025-04-13T17:31:11.000,11.57,10.97,50000.0,0.0,20.52,5,11.08,-20.0,0.995
2025-04-13T17:33:10.000,11.74,10.99,50000.0,0.0,20.52,7,10.71,-20.0,0.995
2025-04-13T17:34:09.000,11.81,11.11,50000.0,0.0,20.52,8,10.53,-20.0,0.995
2025-04-13T17:35:15.000,11.88,11.19,50000.0,0.0,20.52,9,10.33,-19.0,0.995
2025-04-13T17:39:42.000,12.22,11.49,50000.0,0.0,20.52,13,9.5,-19.0,0.995
2025-04-13T17:42:55.000,12.11,11.33,50000.0,0.0,20.52,16,8.91,-18.0,0.995
2025-04-13T17:43:54.000,12.15,11.39,50000.0,0.0,20.52,17,8.73,-18.0,0.995
2025-04-13T17:44:57.000,12.18,11.4,50000.0,0.0,20.52,18,8.53,-18.0,0.995
2025-04-13T17:45:58.000,12.15,11.1,50000.0,0.0,20.52,19,8.34,-18.0,0.995
2025-04-13T17:48:06.000,12.07,11.26,50000.0,0.0,20.52,21,7.95,-17.0,0.995
2025-04-13T17:50:24.000,12.21,11.44,50000.0,0.0,20.52,23,7.53,-17.0,0.995
2025-04-13T17:51:25.000,12.19,11.16,50000.0,0.0,20.52,24,7.34,-17.0,0.995
2025-04-13T18:00:08.000,11.8,10.64,50000.0,0.0,20.52,32,5.73,-15.0,0.995
2025-04-13T19:22:53.000,9.96,8.72,6.99,17.89,20.52,108,-9.11,-1.0,0.994
2025-04-13T19:23:53.000,10.2,8.79,5.8,18.09,20.52,109,-9.28,-1.0,0.994
2025-04-13T19:24:55.000,10.4,9.09,4.98,18.26,20.52,110,-9.46,-1.0,0.994
2025-04-13T19:25:55.000,10.45,9.17,4.26,18.43,20.52,111,-9.63,-0.0,0.994
2025-04-13T19:36:43.000,10.07,8.58,1.41,19.63,20.52,121,-11.48,1.0,0.994
2025-04-13T19:37:45.000,10.28,8.81,1.34,19.68,20.52,122,-11.65,2.0,0.994
2025-04-13T19:40:11.000,10.31,8.94,1.23,19.78,20.52,124,-12.06,2.0,0.994
2025-04-14T01:12:45.000,9.97,8.8,3.34,18.69,20.52,429,-35.72,30.0,0.99
2025-04-14T01:13:47.000,10.23,8.88,3.21,18.73,20.52,430,-35.64,30.0,0.99
2025-04-14T01:14:49.000,10.33,9.02,3.11,18.77,20.52,431,-35.56,30.0,0.99
2025-04-14T01:27:48.000,10.05,8.99,2.79,18.89,20.52,443,-34.52,30.0,0.99
2025-04-14T08:25:32.000,15.13,6.51,50000.0,0.0,20.52,826,33.54,-31.0,0.983
2025-04-14T08:26:31.000,15.32,6.55,50000.0,0.0,20.52,827,33.71,-31.0,0.983
2025-04-14T08:27:32.000,15.54,6.76,50000.0,0.0,20.52,828,33.89,-31.0,0.983
2025-04-14T15:47:33.000,13.88,8.74,50000.0,0.0,20.52,1267,30.32,-49.0,0.975
2025-04-14T15:48:33.000,13.78,8.7,50000.0,0.0,20.52,1268,30.14,-49.0,0.975
2025-04-14T15:49:33.000,13.29,7.93,50000.0,0.0,20.52,1269,29.96,-48.0,0.975
2025-04-14T18:55:14.000,9.38,8.26,46112.15,1.34,20.52,2,-4.05,-16.0,0.971
2025-04-14T18:56:14.000,8.38,6.38,3631.55,11.1,20.52,3,-4.23,-16.0,0.971
2025-04-14T18:57:14.000,8.65,6.55,2904.87,11.34,20.52,4,-4.41,-16.0,0.971
2025-04-14T18:58:15.000,8.99,6.85,2326.76,11.59,20.52,5,-4.59,-16.0,0.971
2025-04-14T18:59:15.000,9.27,6.86,1864.43,11.83,20.52,6,-4.77,-15.0,0.971
2025-04-14T19:00:15.000,9.44,6.64,1487.58,12.07,20.52,7,-4.94,-15.0,0.971
2025-04-14T19:01:15.000,9.54,6.52,1190.76,12.31,20.52,8,-5.12,-15.0,0.971
2025-04-14T19:02:15.000,9.66,6.39,955.18,12.55,20.52,9,-5.3,-15.0,0.971
2025-04-14T19:03:15.000,9.79,6.24,765.35,12.79,20.52,10,-5.47,-15.0,0.971
2025-04-14T19:04:15.000,9.9,6.09,613.89,13.03,20.52,11,-5.65,-14.0,0.971
2025-04-14T19:05:15.000,10.04,6.0,494.85,13.27,20.52,12,-5.82,-14.0,0.971
2025-04-14T19:06:15.000,10.11,5.8,400.33,13.5,20.52,13,-6.0,-14.0,0.971
2025-04-14T19:07:15.000,9.89,5.43,326.36,13.72,20.52,14,-6.18,-14.0,0.971
2025-04-14T19:08:15.000,9.65,5.07,267.84,13.93,20.52,15,-6.35,-14.0,0.971
2025-04-14T19:09:15.000,9.62,4.97,221.87,14.14,20.52,16,-6.53,-14.0,0.971
2025-04-14T19:10:15.000,9.63,4.59,186.18,14.33,20.52,17,-6.7,-13.0,0.971
2025-04-14T19:11:15.000,9.66,4.44,154.04,14.53,20.52,18,-6.88,-13.0,0.971
2025-04-14T19:12:16.000,9.73,4.01,121.16,14.79,20.52,19,-7.05,-13.0,0.971
2025-04-14T19:13:16.000,9.81,3.91,93.15,15.08,20.52,20,-7.23,-13.0,0.971
2025-04-14T19:14:16.000,9.97,3.98,71.86,15.36,20.52,21,-7.4,-13.0,0.971
2025-04-14T19:15:16.000,10.13,3.98,57.02,15.61,20.52,22,-7.58,-13.0,0.971
2025-04-14T19:17:21.000,9.86,4.38,40.53,15.98,20.52,24,-7.94,-12.0,0.971
2025-04-14T19:18:21.000,9.7,4.12,32.79,16.21,20.52,25,-8.11,-12.0,0.971
2025-04-14T19:19:21.000,9.71,4.01,27.7,16.39,20.52,26,-8.28,-12.0,0.971
