ecsv/stars62/stars62_2025-04.ecsv
# %ECSV 1.0
# ---
# datatype:
# - {name: time, datatype: string}
# - {name: Enclosure Temperature, unit: deg_C, datatype: float64}
# - {name: Sky Temperature, unit: deg_C, datatype: float64}
# - {name: Frequency, unit: Hz, datatype: float64}
# - {name: MSAS, unit: mag / arcsec2, datatype: float64}
# - {name: ZP, datatype: float64}
# - {name: Sequence Number, datatype: int64}
# - {name: Sun Alt, unit: deg, datatype: float64}
# - {name: Moon Alt, unit: deg, datatype: float64}
# - {name: Moon Illumination, datatype: float64}
# delimiter: ','
# meta: !!omap
# - ida:
#     Data supplier: {affiliation: Salvador Ribas, observer: Salvador Ribas}
#     Device type: TESS-W
#     Field of view: 17.0
#     Filters per channel: None
#     Instrument ID: stars62
#     License: ODbL 1.0 http://opendatacommons.org/licenses/odbl/summary/
#     Local timezone: Europe/Madrid
#     Location name: {country: Spain, place: "Centre d'Observaci\xF3 de l'Univers", region: Catalonia, sub_region: Noguera, town: "\xC0\
#         ger"}
#     Measurement direction per channel: {azimuth: 0.0, zenital: 0.0}
#     Moving / Fixed look direction: FIXED
#     Moving / Stationary position: STATIONARY
#     Number of channels: 1
#     Number of fields per line: 8
#     Number of header lines: 35
#     Position: {height: 0.0, latitude: 42.02459, longitude: 0.734797}
#     TESS MAC address: 5C:CF:7F:8B:E2:A0
#     TESS cover offset value: 0.0
#     TESS firmware version: Unknown
#     TESS zero point: 20.52
#     Time Synchronization: timestamp added by MQTT subscriber
#     URL: http://www.darksky.org/NSBM/sdf1.0.pdf
# - __serialized_columns__:
#     Enclosure Temperature:
#       __class__: astropy.units.quantity.Quantity
#       unit: &id001 !astropy.units.Unit {unit: deg_C}
#       value: !astropy.table.SerializedColumn {name: Enclosure Temperature}
#     Frequency:
#       __class__: astropy.units.quantity.Quantity
#       unit: !astropy.units.Unit {unit: Hz}
#       value: !astropy.table.SerializedColumn {name: Frequency}
#     MSAS:
#       __class__: astropy.units.quantity.Quantity
#       unit: !astropy.units.Unit {unit: mag / arcsec2}
#       value: !astropy.table.SerializedColumn {name: MSAS}
#     Moon Alt:
#       __class__: astropy.units.quantity.Quantity
#       unit: &id002 !astropy.units.Unit {unit: deg}
#       value: !astropy.table.SerializedColumn {name: Moon Alt}
#     Sky Temperature:
#       __class__: astropy.units.quantity.Quantity
#       unit: *id001
#       value: !astropy.table.SerializedColumn {name: Sky Temperature}
#     Sun Alt:
#       __class__: astropy.units.quantity.Quantity
#       unit: *id002
#       value: !astropy.table.SerializedColumn {name: Sun Alt}
#     time:
#       __class__: astropy.time.core.Time
#       format: isot
#       in_subfmt: '*'
#       out_subfmt: '*'
#       precision: 3
#       scale: utc
#       value: !astropy.table.SerializedColumn {name: time}
# schema: astropy-2.0
time,Enclosure Temperature,Sky Temperature,Frequency,MSAS,ZP,Sequence Number,Sun Alt,Moon Alt,Moon Illumination
2025-04-01T00:01:46.000,10.6,-11.63,0.28,21.4,20.52,2282,-43.42,-21.0,0.096
2025-04-01T00:02:46.000,10.49,-11.7,0.28,21.4,20.52,2283,-43.42,-21.0,0.096
2025-04-01T00:03:46.000,10.4,-11.87,0.28,21.4,20.52,2284,-43.42,-21.0,0.096
2025-04-01T00:04:46.000,10.3,-12.13,0.27,21.4,20.52,2285,-43.41,-21.0,0.097
2025-04-01T00:05:46.000,10.19,-12.14,0.27,21.41,20.52,2286,-43.41,-21.0,0.097
2025-04-01T00:06:47.000,10.08,-12.23,0.27,21.41,20.52,2287,-43.4,-21.0,0.097
2025-04-01T00:07:47.000,9.97,-12.33,0.27,21.41,20.52,2288,-43.4,-22.0,0.097
2025-04-01T00:08:47.000,10.08,-12.43,0.27,21.4,20.52,2289,-43.39,-22.0,0.097
2025-04-01T00:09:47.000,10.29,-12.31,0.27,21.4,20.52,2290,-43.38,-22.0,0.097
2025-04-01T00:10:47.000,10.43,-12.2,0.28,21.4,20.52,2291,-43.37,-22.0,0.097
2025-04-01T00:11:47.000,10.49,-12.13,0.28,21.4,20.52,2292,-43.35,-22.0,0.097
2025-04-01T00:12:47.000,10.46,-12.1,0.28,21.4,20.52,2293,-43.34,-22.0,0.097
2025-04-01T00:13:47.000,10.41,-12.07,0.28,21.4,20.52,2294,-43.33,-22.0,0.097
2025-04-01T00:14:47.000,10.35,-11.92,0.28,21.39,20.52,2295,-43.31,-22.0,0.097
2025-04-01T00:15:47.000,10.26,-12.1,0.28,21.39,20.52,2296,-43.3,-22.0,0.097
2025-04-01T00:16:47.000,10.13,-12.01,0.28,21.39,20.52,2297,-43.28,-22.0,0.097
2025-04-01T00:17:47.000,10.02,-12.02,0.28,21.39,20.52,2298,-43.26,-22.0,0.097
2025-04-01T00:18:47.000,9.98,-12.05,0.28,21.39,20.52,2299,-43.24,-23.0,0.097
2025-04-01T00:19:47.000,10.21,-12.03,0.28,21.39,20.52,2300,-43.22,-23.0,0.097
2025-04-01T00:20:47.000,10.4,-11.99,0.28,21.39,20.52,2301,-43.2,-23.0,0.097
2025-04-01T00:21:47.000,10.51,-11.95,0.28,21.39,20.52,2302,-43.18,-23.0,0.097
2025-04-01T00:22:48.000,10.51,-11.96,0.28,21.39,20.52,2303,-43.15,-23.0,0.097
2025-04-01T00:23:48.000,10.45,-12.05,0.28,21.39,20.52,2304,-43.13,-23.0,0.097
2025-04-01T00:24:48.000,10.3,-12.06,0.28,21.39,20.52,2305,-43.1,-23.0,0.098
2025-04-01T00:25:48.000,10.15,-12.11,0.28,21.39,20.52,2306,-43.07,-23.0,0.098
2025-04-01T00:26:48.000,10.0,-12.06,0.28,21.4,20.52,2307,-43.05,-23.0,0.098
2025-04-01T00:27:48.000,9.94,-12.16,0.28,21.4,20.52,2308,-43.02,-23.0,0.098
2025-04-01T00:28:48.000,10.17,-12.26,0.27,21.4,20.52,2309,-42.99,-23.0,0.098
2025-04-01T00:29:48.000,10.38,-12.11,0.27,21.4,20.52,2310,-42.96,-23.0,0.098
2025-04-01T00:30:48.000,10.49,-12.06,0.27,21.41,20.52,2311,-42.92,-23.0,0.098
2025-04-01T00:31:48.000,10.49,-12.12,0.27,21.41,20.52,2312,-42.89,-24.0,0.098
2025-04-01T00:32:48.000,10.38,-12.05,0.27,21.41,20.52,2313,-42.85,-24.0,0.098
2025-04-01T00:33:48.000,10.28,-11.95,0.27,21.41,20.52,2314,-42.82,-24.0,0.098
2025-04-01T00:34:48.000,10.14,-11.95,0.27,21.42,20.52,2315,-42.78,-24.0,0.098
2025-04-01T00:35:48.000,10.03,-11.95,0.27,21.42,20.52,2316,-42.74,-24.0,0.098
2025-04-01T00:36:48.000,9.96,-11.99,0.27,21.42,20.52,2317,-42.7,-24.0,0.098
2025-04-01T00:37:49.000,10.1,-12.15,0.27,21.42,20.52,2318,-42.66,-24.0,0.098
2025-04-01T00:38:49.000,10.28,-12.18,0.27,21.42,20.52,2319,-42.62,-24.0,0.098
2025-04-01T00:39:49.000,10.41,-12.05,0.27,21.43,20.52,2320,-42.58,-24.0,0.098
2025-04-01T00:40:49.000,10.45,-11.91,0.27,21.43,20.52,2321,-42.54,-24.0,0.098
2025-04-01T00:41:49.000,10.4,-12.03,0.27,21.43,20.52,2322,-42.49,-24.0,0.098
2025-04-01T00:42:49.000,10.31,-11.98,0.27,21.43,20.52,2323,-42.45,-24.0,0.098
2025-04-01T00:43:49.000,10.19,-11.92,0.27,21.43,20.52,2324,-42.4,-24.0,0.098
2025-04-01T00:44:49.000,10.1,-12.02,0.27,21.43,20.52,2325,-42.35,-24.0,0.099
2025-04-01T00:45:49.000,9.98,-12.02,0.27,21.43,20.52,2326,-42.31,-25.0,0.099
2025-04-01T00:46:49.000,10.01,-12.03,0.27,21.44,20.52,2327,-42.26,-25.0,0.099
2025-04-01T00:47:49.000,10.23,-12.12,0.27,21.44,20.52,2328,-42.21,-25.0,0.099
2025-04-01T00:48:49.000,10.42,-12.01,0.27,21.44,20.52,2329,-42.15,-25.0,0.099
2025-04-01T00:49:49.000,10.49,-11.95,0.27,21.44,20.52,2330,-42.1,-25.0,0.099
2025-04-01T00:50:49.000,10.45,-12.1,0.26,21.44,20.52,2331,-42.05,-25.0,0.099
2025-04-01T00:51:49.000,10.36,-11.89,0.26,21.44,20.52,2332,-41.99,-25.0,0.099
2025-04-01T00:52:49.000,10.29,-11.98,0.26,21.45,20.52,2333,-41.94,-25.0,0.099
2025-04-01T00:53:50.000,10.16,-11.93,0.26,21.45,20.52,2334,-41.88,-25.0,0.099
2025-04-01T00:54:50.000,10.05,-11.93,0.26,21.44,20.52,2335,-41.82,-25.0,0.099
2025-04-01T00:55:50.000,9.98,-11.96,0.26,21.44,20.52,2336,-41.76,-25.0,0.099
2025-04-01T00:56:50.000,10.11,-12.13,0.26,21.45,20.52,2337,-41.7,-25.0,0.099
2025-04-01T00:57:50.000,10.25,-12.07,0.26,21.45,20.52,2338,-41.64,-25.0,0.099
2025-04-01T00:58:50.000,10.28,-12.06,0.26,21.44,20.52,2339,-41.58,-25.0,0.099
2025-04-01T00:59:50.000,10.23,-11.99,0.26,21.45,20.52,2340,-41.52,-25.0,0.099
2025-04-01T01:00:50.000,10.14,-12.08,0.26,21.45,20.52,2341,-41.46,-25.0,0.099
2025-04-01T01:01:50.000,9.99,-12.16,0.26,21.44,20.52,2342,-41.39,-25.0,0.099
2025-04-01T01:02:50.000,9.95,-12.15,0.26,21.45,20.52,2343,-41.33,-26.0,0.099
2025-04-01T01:03:50.000,10.17,-12.21,0.26,21.45,20.52,2344,-41.26,-26.0,0.099
2025-04-01T01:04:50.000,10.4,-12.12,0.26,21.45,20.52,2345,-41.19,-26.0,0.1
2025-04-01T01:05:50.000,10.49,-12.11,0.26,21.45,20.52,2346,-41.12,-26.0,0.1
2025-04-01T01:06:50.000,10.46,-12.14,0.26,21.45,20.52,2347,-41.05,-26.0,0.1
2025-04-01T01:07:50.000,10.38,-12.06,0.26,21.45,20.52,2348,-40.98,-26.0,0.1
2025-04-01T01:08:50.000,10.23,-12.12,0.26,21.45,20.52,2349,-40.91,-26.0,0.1
2025-04-01T01:09:51.000,10.07,-12.11,0.26,21.46,20.52,2350,-40.84,-26.0,0.1
2025-04-01T01:10:51.000,9.92,-12.14,0.26,21.46,20.52,2351,-40.77,-26.0,0.1
2025-04-01T01:11:51.000,10.0,-12.23,0.26,21.46,20.52,2352,-40.69,-26.0,0.1
2025-04-01T01:12:51.000,10.31,-12.2,0.26,21.46,20.52,2353,-40.62,-26.0,0.1
2025-04-01T01:13:51.000,10.5,-12.17,0.26,21.46,20.52,2354,-40.54,-26.0,0.1
2025-04-01T01:14:51.000,10.61,-11.93,0.26,21.46,20.52,2355,-40.46,-26.0,0.1
2025-04-01T01:15:51.000,10.6,-12.17,0.26,21.46,20.52,2356,-40.39,-26.0,0.1
2025-04-01T01:16:51.000,10.44,-12.15,0.26,21.46,20.52,2357,-40.31,-26.0,0.1
2025-04-01T01:17:51.000,10.25,-12.26,0.26,21.46,20.52,2358,-40.23,-26.0,0.1
2025-04-01T01:18:51.000,10.03,-12.3,0.26,21.45,20.52,2359,-40.15,-26.0,0.1
2025-04-01T01:19:51.000,9.91,-12.25,0.26,21.45,20.52,2360,-40.07,-26.0,0.1
2025-04-01T01:20:51.000,10.12,-12.35,0.26,21.45,20.52,2361,-39.98,-26.0,0.1
2025-04-01T01:21:51.000,10.4,-12.23,0.26,21.45,20.52,2362,-39.9,-26.0,0.1
2025-04-01T01:22:51.000,10.55,-12.19,0.26,21.44,20.52,2363,-39.82,-26.0,0.1
2025-04-01T01:23:51.000,10.57,-12.25,0.27,21.44,20.52,2364,-39.73,-27.0,0.101
2025-04-01T01:24:51.000,10.44,-12.24,0.27,21.44,20.52,2365,-39.65,-27.0,0.101
2025-04-01T01:25:52.000,10.26,-12.28,0.27,21.43,20.52,2366,-39.56,-27.0,0.101
2025-04-01T01:26:52.000,10.07,-12.29,0.27,21.43,20.52,2367,-39.47,-27.0,0.101
2025-04-01T01:27:52.000,9.93,-12.38,0.27,21.43,20.52,2368,-39.38,-27.0,0.101
2025-04-01T01:28:52.000,10.04,-12.55,0.27,21.43,20.52,2369,-39.29,-27.0,0.101
2025-04-01T01:29:52.000,10.3,-12.53,0.27,21.43,20.52,2370,-39.2,-27.0,0.101
2025-04-01T01:30:52.000,10.43,-12.47,0.27,21.43,20.52,2371,-39.11,-27.0,0.101
2025-04-01T01:31:52.000,10.4,-12.42,0.27,21.43,20.52,2372,-39.02,-27.0,0.101
2025-04-01T01:32:52.000,10.31,-12.31,0.27,21.43,20.52,2373,-38.93,-27.0,0.101
2025-04-01T01:33:52.000,10.16,-12.28,0.27,21.43,20.52,2374,-38.83,-27.0,0.101
2025-04-01T01:34:52.000,9.97,-12.26,0.27,21.43,20.52,2375,-38.74,-27.0,0.101
2025-04-01T01:35:52.000,9.9,-12.4,0.27,21.43,20.52,2376,-38.64,-27.0,0.101
2025-04-01T01:36:52.000,10.11,-12.44,0.27,21.42,20.52,2377,-38.55,-27.0,0.101
2025-04-01T01:37:52.000,10.39,-12.31,0.27,21.42,20.52,2378,-38.45,-27.0,0.101
2025-04-01T01:38:52.000,10.49,-12.32,0.27,21.42,20.52,2379,-38.35,-27.0,0.101
2025-04-01T01:39:52.000,10.44,-12.15,0.27,21.41,20.52,2380,-38.25,-27.0,0.101
2025-04-01T01:40:53.000,10.32,-11.99,0.27,21.41,20.52,2381,-38.15,-27.0,0.101
2025-04-01T01:41:53.000,10.18,-11.95,0.27,21.41,20.52,2382,-38.05,-27.0,0.101
2025-04-01T01:42:53.000,10.04,-11.9,0.27,21.41,20.52,2383,-37.95,-27.0,0.101
2025-04-01T01:43:53.000,9.99,-11.86,0.27,21.4,20.52,2384,-37.85,-27.0,0.102
2025-04-01T01:44:53.000,10.21,-11.9,0.27,21.4,20.52,2385,-37.75,-27.0,0.102
2025-04-01T01:45:53.000,10.42,-11.86,0.27,21.4,20.52,2386,-37.64,-27.0,0.102
2025-04-01T01:46:53.000,10.49,-11.85,0.27,21.4,20.52,2387,-37.54,-27.0,0.102
2025-04-01T01:47:53.000,10.5,-11.69,0.27,21.41,20.52,2388,-37.44,-27.0,0.102
2025-04-01T01:48:53.000,10.44,-11.73,0.27,21.41,20.52,2389,-37.33,-27.0,0.102
2025-04-01T01:49:53.000,10.33,-11.65,0.27,21.41,20.52,2390,-37.22,-27.0,0.102
2025-04-01T01:50:53.000,10.2,-11.77,0.27,21.41,20.52,2391,-37.12,-27.0,0.102
2025-04-01T01:51:53.000,10.04,-11.74,0.27,21.4,20.52,2392,-37.01,-27.0,0.102
2025-04-01T01:52:53.000,9.93,-11.87,0.27,21.4,20.52,2393,-36.9,-27.0,0.102
2025-04-01T01:53:53.000,10.09,-11.99,0.27,21.4,20.52,2394,-36.79,-27.0,0.102
2025-04-01T01:54:53.000,10.35,-12.01,0.28,21.4,20.52,2395,-36.68,-27.0,0.102
2025-04-01T01:55:54.000,10.48,-12.04,0.28,21.4,20.52,2396,-36.57,-27.0,0.102
2025-04-01T01:56:54.000,10.46,-12.05,0.28,21.4,20.52,2397,-36.46,-27.0,0.102
2025-04-01T01:57:54.000,10.34,-12.11,0.28,21.39,20.52,2398,-36.35,-27.0,0.102
2025-04-01T01:58:54.000,10.16,-12.06,0.28,21.39,20.52,2399,-36.23,-27.0,0.102
2025-04-01T01:59:54.000,9.97,-12.05,0.28,21.39,20.52,2400,-36.12,-27.0,0.102
2025-04-01T02:00:54.000,9.96,-12.03,0.28,21.39,20.52,2401,-36.0,-27.0,0.102
2025-04-01T02:01:54.000,10.26,-12.08,0.28,21.39,20.52,2402,-35.89,-27.0,0.102
2025-04-01T02:02:54.000,10.47,-12.2,0.28,21.39,20.52,2403,-35.77,-27.0,0.102
2025-04-01T02:03:54.000,10.51,-12.21,0.28,21.39,20.52,2404,-35.66,-27.0,0.103
2025-04-01T02:04:54.000,10.44,-12.22,0.28,21.39,20.52,2405,-35.54,-27.0,0.103
2025-04-01T02:05:54.000,10.27,-12.25,0.28,21.39,20.52,2406,-35.42,-27.0,0.103
2025-04-01T02:06:54.000,10.06,-12.22,0.28,21.39,20.52,2407,-35.3,-27.0,0.103
2025-04-01T02:07:54.000,9.86,-12.39,0.28,21.39,20.52,2408,-35.19,-27.0,0.103
2025-04-01T02:08:54.000,9.93,-12.44,0.28,21.39,20.52,2409,-35.07,-27.0,0.103
2025-04-01T02:09:55.000,10.3,-12.42,0.28,21.39,20.52,2410,-34.94,-27.0,0.103
2025-04-01T02:10:55.000,10.56,-12.27,0.28,21.39,20.52,2411,-34.82,-27.0,0.103
2025-04-01T02:11:55.000,10.64,-12.25,0.28,21.39,20.52,2412,-34.7,-27.0,0.103
2025-04-01T02:12:55.000,10.56,-12.29,0.28,21.39,20.52,2413,-34.58,-27.0,0.103
2025-04-01T02:13:55.000,10.36,-12.29,0.28,21.39,20.52,2414,-34.46,-27.0,0.103
2025-04-01T02:14:55.000,10.1,-12.35,0.28,21.39,20.52,2415,-34.33,-27.0,0.103
2025-04-01T02:15:55.000,9.89,-12.34,0.28,21.39,20.52,2416,-34.21,-27.0,0.103
2025-04-01T02:16:55.000,9.98,-12.45,0.28,21.39,20.52,2417,-34.08,-27.0,0.103
2025-04-01T02:17:55.000,10.31,-12.28,0.28,21.39,20.52,2418,-33.96,-27.0,0.103
2025-04-01T02:18:55.000,10.52,-12.33,0.28,21.39,20.52,2419,-33.83,-27.0,0.103
2025-04-01T02:19:55.000,10.55,-12.41,0.28,21.39,20.52,2420,-33.7,-27.0,0.103
2025-04-01T02:20:55.000,10.46,-12.31,0.28,21.39,20.52,2421,-33.58,-27.0,0.103
2025-04-01T02:21:55.000,10.28,-12.34,0.28,21.39,20.52,2422,-33.45,-27.0,0.103
2025-04-01T02:22:55.000,10.07,-12.3,0.28,21.39,20.52,2423,-33.32,-27.0,0.104
2025-04-01T02:23:55.000,9.86,-12.33,0.28,21.39,20.52,2424,-33.19,-27.0,0.104
2025-04-01T02:24:55.000,9.94,-12.51,0.28,21.39,20.52,2425,-33.06,-27.0,0.104
2025-04-01T02:25:56.000,10.27,-12.55,0.28,21.39,20.52,2426,-32.93,-27.0,0.104
2025-04-01T02:26:56.000,10.5,-12.45,0.28,21.39,20.52,2427,-32.8,-27.0,0.104
2025-04-01T02:27:56.000,10.57,-12.32,0.28,21.38,20.52,2428,-32.67,-27.0,0.104
2025-04-01T02:28:56.000,10.48,-12.31,0.28,21.39,20.52,2429,-32.53,-27.0,0.104
2025-04-01T02:29:56.000,10.34,-12.23,0.28,21.38,20.52,2430,-32.4,-27.0,0.104
2025-04-01T02:30:56.000,10.14,-12.25,0.28,21.38,20.52,2431,-32.27,-27.0,0.104
2025-04-01T02:31:56.000,9.93,-12.25,0.28,21.38,20.52,2432,-32.13,-27.0,0.104
2025-04-01T02:32:56.000,9.91,-12.41,0.28,21.38,20.52,2433,-32.0,-27.0,0.104
2025-04-01T02:33:56.000,10.22,-12.3,0.28,21.38,20.52,2434,-31.86,-27.0,0.104
2025-04-01T02:34:56.000,10.52,-12.25,0.28,21.37,20.52,2435,-31.73,-27.0,0.104
2025-04-01T02:35:56.000,10.65,-12.3,0.28,21.38,20.52,2436,-31.59,-27.0,0.104
2025-04-01T02:36:56.000,10.61,-12.23,0.28,21.38,20.52,2437,-31.46,-27.0,0.104
2025-04-01T02:37:56.000,10.47,-12.28,0.28,21.38,20.52,2438,-31.32,-27.0,0.104
2025-04-01T02:38:56.000,10.26,-12.36,0.28,21.38,20.52,2439,-31.18,-27.0,0.104
2025-04-01T02:39:56.000,10.03,-12.33,0.28,21.38,20.52,2440,-31.04,-27.0,0.104
2025-04-01T02:40:57.000,9.88,-12.35,0.28,21.38,20.52,2441,-30.9,-27.0,0.104
2025-04-01T02:41:57.000,10.05,-12.48,0.28,21.38,20.52,2442,-30.76,-27.0,0.105
2025-04-01T02:42:57.000,10.35,-12.41,0.28,21.37,20.52,2443,-30.62,-27.0,0.105
2025-04-01T02:43:57.000,10.49,-12.35,0.28,21.37,20.52,2444,-30.48,-27.0,0.105
2025-04-01T02:44:57.000,10.45,-12.3,0.28,21.37,20.52,2445,-30.34,-27.0,0.105
2025-04-01T02:45:57.000,10.3,-12.21,0.28,21.37,20.52,2446,-30.2,-27.0,0.105
2025-04-01T02:46:57.000,10.09,-12.1,0.28,21.36,20.52,2447,-30.06,-27.0,0.105
2025-04-01T02:47:57.000,9.96,-11.92,0.29,21.36,20.52,2448,-29.92,-27.0,0.105
2025-04-01T02:48:57.000,10.06,-12.03,0.29,21.36,20.52,2449,-29.78,-27.0,0.105
2025-04-01T02:49:57.000,10.29,-11.94,0.29,21.36,20.52,2450,-29.63,-27.0,0.105
2025-04-01T02:50:57.000,10.45,-11.91,0.29,21.36,20.52,2451,-29.49,-27.0,0.105
2025-04-01T02:51:57.000,10.48,-11.95,0.29,21.35,20.52,2452,-29.34,-27.0,0.105
2025-04-01T02:52:57.000,10.4,-11.96,0.29,21.35,20.52,2453,-29.2,-27.0,0.105
2025-04-01T02:53:57.000,10.27,-11.88,0.29,21.35,20.52,2454,-29.05,-27.0,0.105
2025-04-01T02:54:57.000,10.15,-11.87,0.29,21.35,20.52,2455,-28.91,-27.0,0.105
2025-04-01T02:55:58.000,10.05,-11.91,0.29,21.35,20.52,2456,-28.76,-27.0,0.105
2025-04-01T02:56:58.000,9.95,-12.19,0.29,21.35,20.52,2457,-28.61,-27.0,0.105
2025-04-01T02:57:58.000,10.08,-12.16,0.29,21.35,20.52,2458,-28.47,-27.0,0.105
2025-04-01T02:58:58.000,10.43,-12.1,0.29,21.35,20.52,2459,-28.32,-27.0,0.105
2025-04-01T02:59:58.000,10.63,-12.12,0.29,21.34,20.52,2460,-28.17,-27.0,0.105
2025-04-01T03:00:58.000,10.67,-12.08,0.29,21.34,20.52,2461,-28.02,-27.0,0.105
2025-04-01T03:01:58.000,10.62,-12.07,0.29,21.34,20.52,2462,-27.87,-27.0,0.106
2025-04-01T03:02:58.000,10.45,-12.05,0.29,21.34,20.52,2463,-27.73,-27.0,0.106
2025-04-01T03:03:58.000,10.28,-11.88,0.29,21.34,20.52,2464,-27.58,-27.0,0.106
2025-04-01T03:04:58.000,10.1,-11.97,0.29,21.34,20.52,2465,-27.43,-27.0,0.106
2025-04-01T03:05:58.000,9.92,-12.13,0.29,21.33,20.52,2466,-27.28,-26.0,0.106
2025-04-01T03:06:58.000,9.98,-12.05,0.29,21.33,20.52,2467,-27.12,-26.0,0.106
2025-04-01T03:07:58.000,10.3,-12.05,0.29,21.33,20.52,2468,-26.97,-26.0,0.106
2025-04-01T03:08:58.000,10.56,-12.11,0.29,21.34,20.52,2469,-26.82,-26.0,0.106
2025-04-01T03:09:58.000,10.65,-12.11,0.29,21.34,20.52,2470,-26.67,-26.0,0.106
2025-04-01T03:10:58.000,10.62,-12.11,0.29,21.34,20.52,2471,-26.52,-26.0,0.106
2025-04-01T03:11:59.000,10.51,-12.2,0.29,21.34,20.52,2472,-26.36,-26.0,0.106
2025-04-01T03:12:59.000,10.37,-12.2,0.29,21.34,20.52,2473,-26.21,-26.0,0.106
2025-04-01T03:13:59.000,10.24,-12.19,0.29,21.34,20.52,2474,-26.05,-26.0,0.106
2025-04-01T03:14:59.000,10.08,-12.26,0.29,21.34,20.52,2475,-25.9,-26.0,0.106
2025-04-01T03:15:59.000,9.95,-12.27,0.29,21.34,20.52,2476,-25.75,-26.0,0.106
2025-04-01T03:16:59.000,10.07,-12.29,0.29,21.33,20.52,2477,-25.59,-26.0,0.106
2025-04-01T03:17:59.000,10.26,-12.43,0.29,21.33,20.52,2478,-25.43,-26.0,0.106
2025-04-01T03:18:59.000,10.32,-12.45,0.3,21.32,20.52,2479,-25.28,-26.0,0.106
2025-04-01T03:19:59.000,10.31,-12.35,0.3,21.32,20.52,2480,-25.12,-26.0,0.106
2025-04-01T03:20:59.000,10.26,-12.34,0.3,21.32,20.52,2481,-24.97,-26.0,0.107
2025-04-01T03:21:59.000,10.19,-12.16,0.3,21.32,20.52,2482,-24.81,-26.0,0.107
2025-04-01T03:22:59.000,10.1,-12.22,0.3,21.32,20.52,2483,-24.65,-26.0,0.107
2025-04-01T03:23:59.000,9.99,-12.33,0.3,21.31,20.52,2484,-24.49,-26.0,0.107
2025-04-01T03:24:59.000,10.03,-12.39,0.3,21.31,20.52,2485,-24.34,-26.0,0.107
2025-04-01T03:25:59.000,10.25,-12.35,0.3,21.31,20.52,2486,-24.18,-26.0,0.107
2025-04-01T03:26:59.000,10.39,-12.28,0.3,21.31,20.52,2487,-24.02,-25.0,0.107
2025-04-01T03:28:00.000,10.42,-12.28,0.3,21.31,20.52,2488,-23.86,-25.0,0.107
