ecsv/stars62/stars62_2025-04.ecsv
# %ECSV 1.0
# ---
# datatype:
# - {name: time, datatype: string}
# - {name: Enclosure Temperature, unit: deg_C, datatype: float64}
# - {name: Sky Temperature, unit: deg_C, datatype: float64}
# - {name: Frequency, unit: Hz, datatype: float64}
# - {name: MSAS, unit: mag / arcsec2, datatype: float64}
# - {name: ZP, datatype: float64}
# - {name: Sequence Number, datatype: int64}
# - {name: Sun Alt, unit: deg, datatype: float64}
# - {name: Moon Alt, unit: deg, datatype: float64}
# - {name: Moon Illumination, datatype: float64}
# delimiter: ','
# meta: !!omap
# - ida:
#     Data supplier: {affiliation: Salvador Ribas, observer: Salvador Ribas}
#     Device type: TESS-W
#     Field of view: 17.0
#     Filters per channel: None
#     Instrument ID: stars62
#     License: ODbL 1.0 http://opendatacommons.org/licenses/odbl/summary/
#     Local timezone: Europe/Madrid
#     Location name: {country: Spain, place: "Centre d'Observaci\xF3 de l'Univers", region: Catalonia, sub_region: Noguera, town: "\xC0\
#         ger"}
#     Measurement direction per channel: {azimuth: 0.0, zenital: 0.0}
#     Moving / Fixed look direction: FIXED
#     Moving / Stationary position: STATIONARY
#     Number of channels: 1
#     Number of fields per line: 8
#     Number of header lines: 35
#     Position: {height: 0.0, latitude: 42.02459, longitude: 0.734797}
#     TESS MAC address: 5C:CF:7F:8B:E2:A0
#     TESS cover offset value: 0.0
#     TESS firmware version: Unknown
#     TESS zero point: 20.52
#     Time Synchronization: timestamp added by MQTT subscriber
#     URL: http://www.darksky.org/NSBM/sdf1.0.pdf
# - __serialized_columns__:
#     Enclosure Temperature:
#       __class__: astropy.units.quantity.Quantity
#       unit: &id001 !astropy.units.Unit {unit: deg_C}
#       value: !astropy.table.SerializedColumn {name: Enclosure Temperature}
#     Frequency:
#       __class__: astropy.units.quantity.Quantity
#       unit: !astropy.units.Unit {unit: Hz}
#       value: !astropy.table.SerializedColumn {name: Frequency}
#     MSAS:
#       __class__: astropy.units.quantity.Quantity
#       unit: !astropy.units.Unit {unit: mag / arcsec2}
#       value: !astropy.table.SerializedColumn {name: MSAS}
#     Moon Alt:
#       __class__: astropy.units.quantity.Quantity
#       unit: &id002 !astropy.units.Unit {unit: deg}
#       value: !astropy.table.SerializedColumn {name: Moon Alt}
#     Sky Temperature:
#       __class__: astropy.units.quantity.Quantity
#       unit: *id001
#       value: !astropy.table.SerializedColumn {name: Sky Temperature}
#     Sun Alt:
#       __class__: astropy.units.quantity.Quantity
#       unit: *id002
#       value: !astropy.table.SerializedColumn {name: Sun Alt}
#     time:
#       __class__: astropy.time.core.Time
#       format: isot
#       in_subfmt: '*'
#       out_subfmt: '*'
#       precision: 3
#       scale: utc
#       value: !astropy.table.SerializedColumn {name: time}
# schema: astropy-2.0
time,Enclosure Temperature,Sky Temperature,Frequency,MSAS,ZP,Sequence Number,Sun Alt,Moon Alt,Moon Illumination
[from data line 635]
2025-04-21T19:22:48.000,12.65,-0.12,93.69,15.07,20.52,457,-7.4,-69.0,0.423
2025-04-21T19:23:48.000,12.61,-0.4,76.3,15.3,20.52,458,-7.57,-69.0,0.423
2025-04-21T19:24:48.000,12.57,-0.62,62.55,15.51,20.52,459,-7.74,-68.0,0.423
2025-04-21T19:25:48.000,12.53,-0.87,50.47,15.74,20.52,460,-7.91,-68.0,0.423
2025-04-21T19:26:48.000,12.51,-1.1,43.17,15.91,20.52,461,-8.08,-68.0,0.423
2025-04-21T19:27:48.000,12.49,-1.37,36.0,16.11,20.52,462,-8.25,-68.0,0.423
2025-04-21T19:28:48.000,12.42,-1.69,29.89,16.31,20.52,463,-8.42,-68.0,0.423
2025-04-21T19:29:49.000,12.37,-1.89,25.05,16.51,20.52,464,-8.59,-68.0,0.423
2025-04-21T19:30:49.000,12.35,-2.12,20.95,16.7,20.52,465,-8.76,-68.0,0.423
2025-04-21T19:31:49.000,12.3,-2.31,17.8,16.88,20.52,466,-8.92,-68.0,0.422
2025-04-21T19:32:49.000,12.25,-2.44,15.23,17.05,20.52,467,-9.09,-68.0,0.422
2025-04-21T19:33:49.000,12.21,-2.61,13.35,17.19,20.52,468,-9.26,-68.0,0.422
2025-04-21T19:34:49.000,12.15,-2.8,11.58,17.34,20.52,469,-9.43,-68.0,0.422
2025-04-21T19:35:49.000,12.1,-2.96,10.09,17.49,20.52,470,-9.59,-68.0,0.422
2025-04-21T19:36:50.000,12.05,-3.1,8.7,17.65,20.52,471,-9.76,-68.0,0.422
2025-04-21T19:37:50.000,12.01,-3.23,7.48,17.82,20.52,472,-9.93,-68.0,0.422
2025-04-21T21:24:25.000,9.99,-6.78,0.41,20.98,20.52,570,-25.64,-53.0,0.414
2025-04-21T21:25:27.000,10.22,-6.89,0.41,20.97,20.52,571,-25.76,-53.0,0.414
2025-04-21T21:43:23.000,9.92,-7.65,0.44,20.89,20.52,587,-27.87,-50.0,0.413
2025-04-21T21:44:23.000,10.19,-7.79,0.43,20.91,20.52,588,-27.98,-50.0,0.413
2025-04-21T21:45:24.000,10.51,-7.7,0.42,20.94,20.52,589,-28.09,-50.0,0.413
2025-04-21T21:46:28.000,10.59,-7.71,0.41,20.96,20.52,590,-28.21,-50.0,0.413
2025-04-21T21:57:16.000,9.88,-8.2,0.39,21.02,20.52,600,-29.36,-48.0,0.412
2025-04-21T21:58:16.000,10.08,-8.21,0.39,21.02,20.52,601,-29.46,-48.0,0.412
2025-04-21T21:59:18.000,10.44,-8.04,0.39,21.02,20.52,602,-29.56,-47.0,0.412
2025-04-21T22:12:29.000,9.98,-8.32,0.41,20.97,20.52,613,-30.84,-45.0,0.411
2025-04-21T22:13:29.000,10.41,-8.24,0.42,20.95,20.52,614,-30.93,-45.0,0.411
2025-04-21T22:14:34.000,10.58,-8.22,0.42,20.95,20.52,615,-31.03,-45.0,0.41
2025-04-21T22:28:41.000,9.98,-7.69,0.48,20.8,20.52,628,-32.22,-42.0,0.409
2025-04-21T22:29:41.000,10.35,-7.58,0.47,20.83,20.52,629,-32.3,-42.0,0.409
2025-04-21T22:30:43.000,10.54,-7.6,0.45,20.86,20.52,630,-32.38,-42.0,0.409
2025-04-21T22:32:01.000,10.63,-7.56,0.43,20.92,20.52,631,-32.48,-42.0,0.409
2025-04-21T22:39:21.000,9.87,-7.29,0.47,20.81,20.52,638,-33.02,-40.0,0.409
2025-04-21T22:40:21.000,9.99,-7.31,0.48,20.79,20.52,639,-33.09,-40.0,0.409
2025-04-21T22:41:21.000,10.35,-7.11,0.49,20.77,20.52,640,-33.16,-40.0,0.409
2025-04-21T22:50:00.000,9.82,-7.46,0.44,20.9,20.52,648,-33.72,-38.0,0.408
2025-04-21T22:51:00.000,9.91,-7.67,0.43,20.92,20.52,649,-33.79,-38.0,0.408
2025-04-21T22:52:00.000,10.2,-7.76,0.43,20.92,20.52,650,-33.85,-38.0,0.408
2025-04-21T22:53:02.000,10.49,-7.76,0.43,20.93,20.52,651,-33.91,-38.0,0.408
2025-04-21T22:59:59.000,9.9,-7.51,0.44,20.9,20.52,657,-34.29,-37.0,0.407
2025-04-21T23:00:59.000,9.87,-7.57,0.44,20.9,20.52,658,-34.35,-37.0,0.407
2025-04-21T23:02:00.000,10.21,-7.38,0.44,20.89,20.52,659,-34.4,-36.0,0.407
2025-04-21T23:03:00.000,10.56,-7.32,0.45,20.87,20.52,660,-34.45,-36.0,0.407
2025-04-28T11:10:49.000,29.16,5.02,50000.0,0.0,20.52,2,60.72,63.0,0.008
2025-04-28T11:11:49.000,28.75,5.83,50000.0,0.0,20.52,3,60.79,63.0,0.008
2025-04-28T11:12:50.000,27.94,3.1,50000.0,0.0,20.52,4,60.86,63.0,0.008
2025-04-28T11:57:53.000,20.4,6.06,50000.0,0.0,20.52,49,62.28,68.0,0.009
2025-04-28T11:58:53.000,20.58,6.18,50000.0,0.0,20.52,50,62.28,68.0,0.009
2025-04-28T11:59:53.000,20.81,6.32,50000.0,0.0,20.52,51,62.27,68.0,0.009
2025-04-28T23:52:16.000,9.98,-6.75,0.29,21.34,20.52,0,-33.5,-24.0,0.023
2025-04-28T23:53:18.000,10.29,-6.35,0.3,21.3,20.52,1,-33.5,-24.0,0.023
2025-04-29T02:26:48.000,9.98,-6.02,0.34,21.18,20.52,15,-23.47,-22.0,0.027
2025-04-29T02:58:43.000,10.02,-5.68,0.41,20.97,20.52,43,-19.34,-20.0,0.028
2025-04-29T02:59:48.000,10.41,-5.95,0.44,20.88,20.52,44,-19.19,-20.0,0.028
2025-04-29T03:09:46.000,9.87,-8.9,0.34,21.19,20.52,52,-17.79,-19.0,0.028
2025-04-29T03:10:46.000,10.09,-9.27,0.33,21.19,20.52,53,-17.65,-19.0,0.028
2025-04-29T03:11:47.000,10.49,-9.08,0.33,21.19,20.52,54,-17.5,-19.0,0.028
2025-04-29T03:20:42.000,9.8,-9.82,0.36,21.11,20.52,62,-16.21,-18.0,0.029
2025-04-29T03:21:42.000,10.11,-9.84,0.36,21.1,20.52,63,-16.06,-18.0,0.029
2025-04-29T13:38:06.000,28.07,-2.67,50000.0,0.0,20.52,2,54.65,73.0,0.048
2025-04-29T13:39:07.000,27.71,-3.28,50000.0,0.0,20.52,3,54.51,73.0,0.048
2025-04-29T13:40:07.000,27.39,-2.22,50000.0,0.0,20.52,4,54.37,73.0,0.048
2025-04-29T18:31:30.000,15.89,5.73,50000.0,0.0,20.52,295,3.09,29.0,0.06
2025-04-29T18:32:30.000,15.83,4.69,50000.0,0.0,20.52,296,2.92,29.0,0.06
2025-04-29T18:33:30.000,15.76,4.48,50000.0,0.0,20.52,297,2.74,29.0,0.06
2025-04-29T18:34:30.000,15.73,5.49,49716.07,0.09,20.52,298,2.56,29.0,0.06
2025-04-29T18:35:30.000,15.67,6.96,50000.0,0.0,20.52,299,2.39,29.0,0.06
2025-04-29T18:36:30.000,15.68,7.96,50000.0,0.0,20.52,300,2.21,29.0,0.06
2025-04-29T18:37:31.000,15.68,8.17,50000.0,0.0,20.52,301,2.03,28.0,0.06
2025-04-29T18:56:33.000,14.19,2.26,50000.0,0.0,20.52,320,-1.3,25.0,0.061
2025-04-29T18:57:33.000,14.19,1.01,50000.0,0.0,20.52,321,-1.47,25.0,0.061
2025-04-29T18:58:33.000,14.17,1.3,50000.0,0.0,20.52,322,-1.64,25.0,0.061
2025-04-29T18:59:33.000,14.13,2.51,58408.72,6.7,20.52,323,-1.81,25.0,0.061
2025-04-29T19:00:33.000,14.11,3.63,49300.58,8.27,20.52,324,-1.99,24.0,0.061
2025-04-29T19:01:33.000,14.16,4.88,39543.5,8.51,20.52,325,-2.16,24.0,0.061
2025-04-29T19:02:33.000,14.22,5.65,38295.18,8.54,20.52,326,-2.33,24.0,0.061
2025-04-29T19:03:33.000,14.27,6.4,33143.44,8.7,20.52,327,-2.5,24.0,0.061
2025-04-29T19:04:33.000,14.32,7.17,22670.92,9.14,20.52,328,-2.67,24.0,0.061
2025-04-29T19:05:33.000,14.34,7.55,11971.04,9.81,20.52,329,-2.84,24.0,0.061
2025-04-29T19:06:34.000,14.36,7.6,10466.94,9.95,20.52,330,-3.02,23.0,0.061
2025-04-29T19:07:34.000,14.4,7.22,7705.44,10.28,20.52,331,-3.19,23.0,0.061
2025-04-29T19:08:34.000,14.42,6.59,8765.8,10.15,20.52,332,-3.36,23.0,0.061
2025-04-29T19:09:34.000,14.44,5.99,9125.3,10.1,20.52,333,-3.53,23.0,0.061
2025-04-29T19:10:34.000,14.42,5.3,7303.16,10.34,20.52,334,-3.7,23.0,0.061
2025-04-29T19:11:34.000,14.37,5.24,6168.88,10.53,20.52,335,-3.87,23.0,0.061
2025-04-29T19:12:34.000,14.32,4.86,5105.21,10.73,20.52,336,-4.04,22.0,0.061
2025-04-29T19:13:34.000,14.26,4.05,4298.07,10.92,20.52,337,-4.21,22.0,0.061
2025-04-29T19:14:34.000,14.23,3.13,3750.18,11.07,20.52,338,-4.38,22.0,0.061
2025-04-29T19:15:34.000,14.19,2.88,3361.28,11.18,20.52,339,-4.55,22.0,0.061
2025-04-29T19:16:35.000,14.15,3.58,2892.38,11.35,20.52,340,-4.72,22.0,0.061
2025-04-29T19:17:35.000,14.12,4.55,2376.13,11.56,20.52,341,-4.89,21.0,0.061
2025-04-29T19:18:35.000,14.12,5.32,1528.27,12.05,20.52,342,-5.06,21.0,0.061
2025-04-29T19:19:35.000,14.15,5.57,1157.84,12.34,20.52,343,-5.22,21.0,0.061
2025-04-29T19:20:35.000,14.17,5.23,1120.6,12.38,20.52,344,-5.39,21.0,0.062
2025-04-29T19:21:35.000,14.15,5.09,1039.12,12.46,20.52,345,-5.56,21.0,0.062
2025-04-29T19:22:35.000,14.08,5.64,690.33,12.91,20.52,346,-5.73,21.0,0.062
2025-04-29T19:23:35.000,14.05,6.01,624.52,13.01,20.52,347,-5.89,20.0,0.062
2025-04-29T19:24:35.000,14.03,5.71,490.58,13.28,20.52,348,-6.06,20.0,0.062
2025-04-29T19:25:35.000,14.03,4.57,415.46,13.45,20.52,349,-6.23,20.0,0.062
2025-04-29T19:26:36.000,13.99,3.0,383.64,13.54,20.52,350,-6.4,20.0,0.062
2025-04-29T19:27:36.000,13.97,2.44,304.22,13.8,20.52,351,-6.56,20.0,0.062
2025-04-29T19:28:36.000,13.91,2.05,250.9,14.0,20.52,352,-6.73,20.0,0.062
2025-04-29T19:29:36.000,13.84,1.54,213.39,14.18,20.52,353,-6.89,19.0,0.062
2025-04-29T19:30:36.000,13.78,1.3,185.89,14.33,20.52,354,-7.06,19.0,0.062
2025-04-29T19:31:36.000,13.72,0.74,144.76,14.6,20.52,355,-7.22,19.0,0.062
2025-04-29T19:32:36.000,13.67,-0.57,95.98,15.05,20.52,356,-7.39,19.0,0.062
2025-04-29T19:33:36.000,13.57,-2.52,76.18,15.3,20.52,357,-7.55,19.0,0.062
2025-04-29T19:34:36.000,13.46,-4.15,63.57,15.49,20.52,358,-7.72,19.0,0.062
2025-04-29T19:35:36.000,13.36,-3.62,62.0,15.52,20.52,359,-7.88,18.0,0.062
2025-04-29T19:36:36.000,13.26,-1.05,55.9,15.63,20.52,360,-8.04,18.0,0.062
2025-04-29T19:37:36.000,13.22,1.52,45.48,15.86,20.52,361,-8.21,18.0,0.062
2025-04-29T19:38:36.000,13.25,2.92,37.15,16.08,20.52,362,-8.37,18.0,0.062
2025-04-29T19:39:37.000,13.32,4.6,34.1,16.17,20.52,363,-8.54,18.0,0.062
2025-04-29T19:40:37.000,13.4,6.4,31.36,16.26,20.52,364,-8.7,18.0,0.062
2025-04-29T19:41:37.000,13.56,7.63,23.28,16.59,20.52,365,-8.86,17.0,0.062
2025-04-29T19:42:38.000,13.68,7.52,15.63,17.02,20.52,366,-9.03,17.0,0.062
2025-04-29T19:43:37.000,13.72,6.41,16.53,16.96,20.52,367,-9.18,17.0,0.062
2025-04-29T19:44:37.000,13.78,5.2,17.3,16.91,20.52,368,-9.35,17.0,0.062
2025-04-29T19:45:38.000,13.79,4.63,17.62,16.89,20.52,369,-9.51,17.0,0.063
2025-04-29T19:46:38.000,13.82,5.46,12.31,17.3,20.52,370,-9.67,17.0,0.063
2025-04-29T19:47:38.000,13.82,6.48,7.05,17.89,20.52,371,-9.83,16.0,0.063
2025-04-29T19:48:38.000,13.83,6.64,6.19,18.02,20.52,372,-9.99,16.0,0.063
2025-04-29T19:49:39.000,13.84,5.73,6.26,18.01,20.52,373,-10.15,16.0,0.063
2025-04-29T19:50:39.000,13.8,4.56,6.06,18.04,20.52,374,-10.31,16.0,0.063
2025-04-29T19:51:39.000,13.76,4.08,5.7,18.11,20.52,375,-10.47,16.0,0.063
2025-04-29T19:52:39.000,13.69,4.16,4.7,18.32,20.52,376,-10.63,16.0,0.063
2025-04-29T19:53:39.000,13.62,4.71,4.15,18.45,20.52,377,-10.79,15.0,0.063
2025-04-29T19:54:39.000,13.63,4.95,4.05,18.48,20.52,378,-10.95,15.0,0.063
2025-04-29T19:55:40.000,13.62,4.09,3.28,18.71,20.52,379,-11.11,15.0,0.063
2025-04-29T19:56:40.000,13.52,3.05,3.01,18.81,20.52,380,-11.27,15.0,0.063
2025-04-29T19:57:40.000,13.46,2.56,2.5,19.01,20.52,381,-11.42,15.0,0.063
2025-04-29T19:58:40.000,13.4,2.1,2.41,19.05,20.52,382,-11.58,15.0,0.063
2025-04-29T19:59:40.000,13.33,1.65,1.95,19.28,20.52,383,-11.74,14.0,0.063
2025-04-29T20:00:40.000,13.26,1.32,1.94,19.28,20.52,384,-11.89,14.0,0.063
2025-04-29T20:01:40.000,13.19,1.21,1.55,19.53,20.52,385,-12.05,14.0,0.063
2025-04-29T20:02:40.000,13.14,1.11,1.3,19.72,20.52,386,-12.21,14.0,0.063
2025-04-29T20:03:40.000,13.08,0.45,1.19,19.81,20.52,387,-12.36,14.0,0.063
2025-04-29T20:04:40.000,13.02,-0.91,1.1,19.9,20.52,388,-12.52,14.0,0.063
2025-04-29T20:05:40.000,12.91,-3.12,1.01,19.99,20.52,389,-12.67,13.0,0.063
2025-04-29T20:06:40.000,12.79,-5.56,0.81,20.23,20.52,390,-12.82,13.0,0.063
2025-04-29T20:07:40.000,12.66,-7.17,0.74,20.34,20.52,391,-12.98,13.0,0.063
2025-04-29T20:08:40.000,12.54,-7.83,0.69,20.41,20.52,392,-13.13,13.0,0.063
2025-04-29T20:09:40.000,12.42,-8.0,0.65,20.47,20.52,393,-13.29,13.0,0.064
2025-04-29T20:10:40.000,12.31,-8.01,0.61,20.54,20.52,394,-13.44,13.0,0.064
2025-04-29T20:11:41.000,12.21,-7.99,0.57,20.6,20.52,395,-13.59,12.0,0.064
2025-04-29T20:12:41.000,12.16,-8.47,0.54,20.66,20.52,396,-13.75,12.0,0.064
2025-04-29T20:13:41.000,12.06,-8.92,0.52,20.71,20.52,397,-13.9,12.0,0.064
2025-04-29T20:14:41.000,12.01,-8.96,0.49,20.77,20.52,398,-14.05,12.0,0.064
2025-04-29T20:15:41.000,11.95,-9.04,0.48,20.8,20.52,399,-14.2,12.0,0.064
2025-04-29T20:16:42.000,11.88,-8.9,0.46,20.84,20.52,400,-14.35,12.0,0.064
2025-04-29T22:05:46.000,10.03,-10.17,0.3,21.3,20.52,500,-27.95,-4.0,0.068
2025-04-29T22:06:47.000,10.32,-10.13,0.3,21.31,20.52,501,-28.05,-5.0,0.068
2025-04-29T22:07:51.000,10.45,-10.22,0.3,21.31,20.52,502,-28.14,-5.0,0.068
2025-04-29T22:55:38.000,9.93,-10.4,0.3,21.32,20.52,546,-31.62,-11.0,0.07
2025-04-29T22:56:38.000,10.02,-10.61,0.3,21.32,20.52,547,-31.67,-11.0,0.071
2025-04-29T22:57:38.000,10.36,-10.6,0.3,21.32,20.52,548,-31.72,-11.0,0.071
2025-04-29T23:17:14.000,10.04,-10.75,0.29,21.35,20.52,566,-32.56,-13.0,0.071
2025-04-29T23:18:14.000,10.46,-10.64,0.29,21.36,20.52,567,-32.6,-13.0,0.071
2025-04-30T00:05:43.000,9.89,-11.46,0.28,21.38,20.52,29,-33.13,-17.0,0.073
2025-04-30T00:06:43.000,10.19,-11.41,0.28,21.38,20.52,30,-33.12,-17.0,0.074
2025-04-30T00:14:34.000,9.81,-12.11,0.28,21.37,20.52,37,-33.0,-18.0,0.074
2025-04-30T00:15:34.000,9.86,-12.19,0.28,21.37,20.52,38,-32.98,-18.0,0.074
2025-04-30T00:16:34.000,10.16,-12.21,0.28,21.38,20.52,39,-32.96,-18.0,0.074
2025-04-30T00:17:34.000,10.45,-12.13,0.29,21.36,20.52,40,-32.94,-18.0,0.074
2025-04-30T00:25:32.000,10.09,-11.97,0.28,21.37,20.52,2,-32.73,-19.0,0.074
2025-04-30T00:34:08.000,9.87,-11.53,0.28,21.37,20.52,7,-32.45,-19.0,0.075
2025-04-30T00:35:08.000,10.02,-11.6,0.28,21.39,20.52,8,-32.41,-19.0,0.075
2025-04-30T00:36:09.000,10.38,-11.56,0.28,21.37,20.52,9,-32.37,-19.0,0.075
2025-04-30T00:37:09.000,10.54,-11.64,0.29,21.34,20.52,10,-32.33,-19.0,0.075
2025-04-30T00:43:35.000,9.79,-11.79,0.29,21.34,20.52,16,-32.06,-20.0,0.075
2025-04-30T00:44:35.000,9.9,-11.89,0.29,21.34,20.52,17,-32.01,-20.0,0.075
2025-04-30T00:45:35.000,10.3,-11.8,0.29,21.34,20.52,18,-31.97,-20.0,0.075
2025-04-30T00:46:50.000,10.57,-11.82,0.3,21.32,20.52,19,-31.91,-20.0,0.075
2025-04-30T00:53:09.000,9.76,-12.1,0.28,21.37,20.52,25,-31.58,-20.0,0.076
2025-04-30T00:54:09.000,9.89,-12.21,0.28,21.38,20.52,26,-31.53,-20.0,0.076
2025-04-30T00:55:09.000,10.26,-12.19,0.28,21.38,20.52,27,-31.47,-20.0,0.076
2025-04-30T00:56:14.000,10.57,-12.04,0.28,21.38,20.52,28,-31.41,-20.0,0.076
2025-04-30T01:02:42.000,9.84,-12.13,0.28,21.39,20.52,34,-31.03,-21.0,0.076
2025-04-30T01:03:41.000,9.91,-12.17,0.28,21.39,20.52,35,-30.97,-21.0,0.076
2025-04-30T01:04:43.000,10.29,-12.11,0.28,21.39,20.52,36,-30.9,-21.0,0.076
2025-04-30T01:05:48.000,10.49,-12.18,0.28,21.4,20.52,37,-30.84,-21.0,0.076
2025-04-30T01:12:14.000,9.78,-12.19,0.27,21.41,20.52,43,-30.4,-21.0,0.076
