ecsv/stars62/stars62_2024-04.ecsv
# %ECSV 1.0
# ---
# datatype:
# - {name: time, datatype: string}
# - {name: Enclosure Temperature, unit: deg_C, datatype: float64}
# - {name: Sky Temperature, unit: deg_C, datatype: float64}
# - {name: Frequency, unit: Hz, datatype: float64}
# - {name: MSAS, unit: mag / arcsec2, datatype: float64}
# - {name: ZP, datatype: float64}
# - {name: Sequence Number, datatype: int64}
# - {name: Sun Alt, unit: deg, datatype: float64}
# - {name: Moon Alt, unit: deg, datatype: float64}
# - {name: Moon Illumination, datatype: float64}
# delimiter: ','
# meta: !!omap
# - ida:
#     Data supplier: {affiliation: Salvador Ribas, observer: Salvador Ribas}
#     Device type: TESS-W
#     Field of view: 17.0
#     Filters per channel: None
#     Instrument ID: stars62
#     License: ODbL 1.0 http://opendatacommons.org/licenses/odbl/summary/
#     Local timezone: Europe/Madrid
#     Location name: {country: Spain, place: "Centre d'Observaci\xF3 de l'Univers", region: Catalonia, sub_region: Noguera, town: "\xC0\
#         ger"}
#     Measurement direction per channel: {azimuth: 0.0, zenital: 0.0}
#     Moving / Fixed look direction: FIXED
#     Moving / Stationary position: STATIONARY
#     Number of channels: 1
#     Number of fields per line: 8
#     Number of header lines: 35
#     Position: {height: 0.0, latitude: 42.02459, longitude: 0.734797}
#     TESS MAC address: 5C:CF:7F:8B:E2:A0
#     TESS cover offset value: 0.0
#     TESS firmware version: Unknown
#     TESS zero point: 20.52
#     Time Synchronization: timestamp added by MQTT subscriber
#     URL: http://www.darksky.org/NSBM/sdf1.0.pdf
# - __serialized_columns__:
#     Enclosure Temperature:
#       __class__: astropy.units.quantity.Quantity
#       unit: &id001 !astropy.units.Unit {unit: deg_C}
#       value: !astropy.table.SerializedColumn {name: Enclosure Temperature}
#     Frequency:
#       __class__: astropy.units.quantity.Quantity
#       unit: !astropy.units.Unit {unit: Hz}
#       value: !astropy.table.SerializedColumn {name: Frequency}
#     MSAS:
#       __class__: astropy.units.quantity.Quantity
#       unit: !astropy.units.Unit {unit: mag / arcsec2}
#       value: !astropy.table.SerializedColumn {name: MSAS}
#     Moon Alt:
#       __class__: astropy.units.quantity.Quantity
#       unit: &id002 !astropy.units.Unit {unit: deg}
#       value: !astropy.table.SerializedColumn {name: Moon Alt}
#     Sky Temperature:
#       __class__: astropy.units.quantity.Quantity
#       unit: *id001
#       value: !astropy.table.SerializedColumn {name: Sky Temperature}
#     Sun Alt:
#       __class__: astropy.units.quantity.Quantity
#       unit: *id002
#       value: !astropy.table.SerializedColumn {name: Sun Alt}
#     time:
#       __class__: astropy.time.core.Time
#       format: isot
#       in_subfmt: '*'
#       out_subfmt: '*'
#       precision: 3
#       scale: utc
#       value: !astropy.table.SerializedColumn {name: time}
# schema: astropy-2.0
time,Enclosure Temperature,Sky Temperature,Frequency,MSAS,ZP,Sequence Number,Sun Alt,Moon Alt,Moon Illumination
[from data line 14378]
2024-04-12T06:48:24.000,24.72,20.9,1465.42,12.09,20.52,15154,15.32,-5.0,0.164
2024-04-12T06:49:24.000,24.72,20.9,1481.57,12.07,20.52,15155,15.51,-5.0,0.164
2024-04-12T06:50:24.000,24.72,20.9,1497.42,12.06,20.52,15156,15.69,-5.0,0.164
2024-04-12T06:51:25.000,24.72,20.9,1514.09,12.05,20.52,15157,15.88,-5.0,0.164
2024-04-12T06:52:25.000,24.72,20.9,1530.18,12.04,20.52,15158,16.07,-5.0,0.164
2024-04-12T06:53:25.000,24.72,20.9,1546.72,12.03,20.52,15159,16.25,-5.0,0.164
2024-04-12T06:54:25.000,24.72,20.9,1563.09,12.02,20.52,15160,16.44,-5.0,0.164
2024-04-12T06:55:25.000,24.72,20.89,1579.4,12.0,20.52,15161,16.62,-5.0,0.164
2024-04-12T06:56:25.000,24.72,20.9,1596.09,11.99,20.52,15162,16.81,-4.0,0.164
2024-04-12T06:57:25.000,24.71,20.89,1612.0,11.98,20.52,15163,17.0,-4.0,0.164
2024-04-12T06:58:26.000,24.71,20.88,1627.37,11.97,20.52,15164,17.18,-4.0,0.165
2024-04-12T06:59:26.000,24.71,20.89,1642.84,11.96,20.52,15165,17.37,-4.0,0.165
2024-04-12T07:00:26.000,24.71,20.89,1657.78,11.95,20.52,15166,17.56,-4.0,0.165
2024-04-12T07:01:26.000,24.7,20.88,1673.38,11.94,20.52,15167,17.74,-4.0,0.165
2024-04-12T07:02:27.000,24.71,20.89,1689.73,11.93,20.52,15168,17.93,-4.0,0.165
2024-04-12T07:03:26.000,24.71,20.88,1706.7,11.92,20.52,15169,18.11,-3.0,0.165
2024-04-12T07:04:26.000,24.7,20.88,1724.33,11.91,20.52,15170,18.3,-3.0,0.165
2024-04-12T07:05:26.000,24.7,20.89,1742.27,11.9,20.52,15171,18.48,-3.0,0.165
2024-04-12T07:06:26.000,24.71,20.89,1761.02,11.89,20.52,15172,18.67,-3.0,0.165
2024-04-12T07:07:26.000,24.7,20.88,1779.21,11.87,20.52,15173,18.85,-3.0,0.165
2024-04-12T07:08:26.000,24.7,20.88,1798.4,11.86,20.52,15174,19.04,-3.0,0.165
2024-04-12T07:09:27.000,24.7,20.87,1818.29,11.85,20.52,15175,19.23,-3.0,0.165
2024-04-12T07:10:27.000,24.7,20.87,1839.01,11.84,20.52,15176,19.41,-2.0,0.165
2024-04-12T07:11:27.000,24.7,20.87,1858.89,11.83,20.52,15177,19.6,-2.0,0.165
2024-04-12T07:12:27.000,24.7,20.89,1877.51,11.82,20.52,15178,19.78,-2.0,0.165
2024-04-12T07:13:27.000,24.7,20.87,1904.51,11.8,20.52,15179,19.97,-2.0,0.165
2024-04-12T07:14:27.000,24.69,20.88,1932.16,11.78,20.52,15180,20.15,-2.0,0.165
2024-04-12T07:15:27.000,24.7,20.87,1961.06,11.77,20.52,15181,20.34,-2.0,0.166
2024-04-12T07:16:27.000,24.69,20.87,1993.8,11.75,20.52,15182,20.52,-2.0,0.166
2024-04-12T07:17:27.000,24.69,20.87,2034.11,11.73,20.52,15183,20.71,-1.0,0.166
2024-04-12T07:18:27.000,24.69,20.87,2085.56,11.7,20.52,15184,20.89,-1.0,0.166
2024-04-12T07:19:27.000,24.69,20.87,2164.36,11.66,20.52,15185,21.07,-1.0,0.166
2024-04-12T07:20:27.000,24.69,20.87,2285.22,11.6,20.52,15186,21.26,-1.0,0.166
2024-04-12T07:21:27.000,24.69,20.87,2444.16,11.53,20.52,15187,21.44,-1.0,0.166
2024-04-12T07:22:28.000,24.69,20.87,2633.93,11.45,20.52,15188,21.63,-1.0,0.166
2024-04-12T07:23:28.000,24.69,20.87,2855.96,11.36,20.52,15189,21.81,-1.0,0.166
2024-04-12T07:24:28.000,24.69,20.88,3100.89,11.27,20.52,15190,22.0,-0.0,0.166
2024-04-12T07:25:28.000,24.69,20.87,3325.28,11.2,20.52,15191,22.18,-0.0,0.166
2024-04-12T07:26:28.000,24.68,20.87,3539.51,11.13,20.52,15192,22.37,-0.0,0.166
2024-04-12T07:27:28.000,24.69,20.88,3758.04,11.06,20.52,15193,22.55,0.0,0.166
2024-04-12T07:28:28.000,24.69,20.88,3997.33,11.0,20.52,15194,22.73,0.0,0.166
2024-04-12T07:29:28.000,24.69,20.88,4343.26,10.91,20.52,15195,22.92,0.0,0.166
2024-04-12T07:30:29.000,24.68,20.88,4767.22,10.8,20.52,15196,23.1,0.0,0.166
2024-04-12T07:31:29.000,24.69,20.88,5162.56,10.72,20.52,15197,23.29,1.0,0.166
2024-04-12T07:32:29.000,24.69,20.89,5490.27,10.65,20.52,15198,23.47,1.0,0.167
2024-04-12T07:33:29.000,24.69,20.89,5832.4,10.59,20.52,15199,23.66,1.0,0.167
2024-04-12T07:34:29.000,24.7,20.91,6115.44,10.53,20.52,15200,23.84,1.0,0.167
2024-04-12T07:35:29.000,24.7,20.91,6299.19,10.5,20.52,15201,24.02,1.0,0.167
2024-04-12T07:36:29.000,24.7,20.92,6379.6,10.49,20.52,15202,24.2,1.0,0.167
2024-04-12T07:37:29.000,24.7,20.92,6440.58,10.48,20.52,15203,24.39,1.0,0.167
2024-04-12T07:38:29.000,24.71,20.93,6453.89,10.48,20.52,15204,24.57,2.0,0.167
2024-04-12T07:39:30.000,24.71,20.94,6483.91,10.47,20.52,15205,24.76,2.0,0.167
2024-04-12T07:40:30.000,24.71,20.94,6527.28,10.46,20.52,15206,24.94,2.0,0.167
2024-04-12T07:41:30.000,24.71,20.94,6573.17,10.46,20.52,15207,25.12,2.0,0.167
2024-04-12T07:42:30.000,24.71,20.94,6632.73,10.45,20.52,15208,25.3,2.0,0.167
2024-04-12T07:43:30.000,24.72,20.95,6685.37,10.44,20.52,15209,25.49,2.0,0.167
2024-04-12T07:44:30.000,24.72,20.95,6730.38,10.43,20.52,15210,25.67,3.0,0.167
2024-04-12T07:45:30.000,24.72,20.96,6752.09,10.43,20.52,15211,25.85,3.0,0.167
2024-04-12T07:46:30.000,24.73,20.97,6777.15,10.42,20.52,15212,26.03,3.0,0.167
2024-04-12T07:47:30.000,24.73,20.97,6798.82,10.42,20.52,15213,26.21,3.0,0.167
2024-04-12T07:48:30.000,24.73,20.97,6812.07,10.42,20.52,15214,26.4,3.0,0.167
2024-04-12T07:49:30.000,24.73,20.96,6842.49,10.41,20.52,15215,26.58,3.0,0.168
2024-04-12T07:50:30.000,24.73,20.97,6914.58,10.4,20.52,15216,26.76,3.0,0.168
2024-04-12T07:51:30.000,24.73,20.98,6943.69,10.4,20.52,15217,26.94,4.0,0.168
2024-04-12T07:52:30.000,24.73,20.98,7003.35,10.39,20.52,15218,27.12,4.0,0.168
2024-04-12T07:53:30.000,24.74,21.0,7085.1,10.37,20.52,15219,27.3,4.0,0.168
2024-04-12T07:54:30.000,24.74,20.99,7122.76,10.37,20.52,15220,27.48,4.0,0.168
2024-04-12T07:55:31.000,24.75,21.0,7234.04,10.35,20.52,15221,27.67,4.0,0.168
2024-04-12T07:56:31.000,24.75,21.0,7260.53,10.35,20.52,15222,27.85,4.0,0.168
2024-04-12T07:57:31.000,24.75,21.0,7379.24,10.33,20.52,15223,28.03,5.0,0.168
2024-04-12T07:58:31.000,24.76,21.0,7460.89,10.32,20.52,15224,28.21,5.0,0.168
2024-04-12T07:59:31.000,24.76,21.01,7535.01,10.31,20.52,15225,28.39,5.0,0.168
2024-04-12T08:00:31.000,24.76,21.01,7607.13,10.3,20.52,15226,28.57,5.0,0.168
2024-04-12T08:01:31.000,24.76,21.0,7677.28,10.29,20.52,15227,28.75,5.0,0.168
2024-04-12T08:02:32.000,24.76,21.01,7740.67,10.28,20.52,15228,28.93,5.0,0.168
2024-04-12T08:03:32.000,24.76,21.01,7795.46,10.27,20.52,15229,29.11,5.0,0.168
2024-04-12T08:04:32.000,24.76,21.01,7856.56,10.26,20.52,15230,29.29,6.0,0.168
2024-04-12T08:05:32.000,24.76,21.01,7910.99,10.25,20.52,15231,29.47,6.0,0.168
2024-04-12T08:06:32.000,24.77,21.01,7958.16,10.25,20.52,15232,29.65,6.0,0.168
2024-04-12T08:07:32.000,24.77,21.02,7993.96,10.24,20.52,15233,29.83,6.0,0.169
2024-04-12T08:08:32.000,24.77,21.01,8023.21,10.24,20.52,15234,30.0,6.0,0.169
2024-04-12T08:09:32.000,24.77,21.01,8042.11,10.24,20.52,15235,30.18,6.0,0.169
2024-04-12T08:10:32.000,24.77,21.01,8070.34,10.23,20.52,15236,30.36,7.0,0.169
2024-04-12T08:11:32.000,24.77,21.02,8079.62,10.23,20.52,15237,30.54,7.0,0.169
2024-04-12T08:12:33.000,24.78,21.02,8097.75,10.23,20.52,15238,30.72,7.0,0.169
2024-04-12T08:13:33.000,24.8,21.04,8114.82,10.23,20.52,15239,30.9,7.0,0.169
2024-04-12T08:14:33.000,24.8,21.05,8124.11,10.23,20.52,15240,31.07,7.0,0.169
2024-04-12T08:15:34.000,24.81,21.06,8134.98,10.22,20.52,15241,31.26,7.0,0.169
2024-04-12T08:16:33.000,24.81,21.06,8139.39,10.22,20.52,15242,31.43,8.0,0.169
2024-04-12T08:17:33.000,24.81,21.07,8142.82,10.22,20.52,15243,31.61,8.0,0.169
2024-04-12T08:18:33.000,24.81,21.06,8150.92,10.22,20.52,15244,31.78,8.0,0.169
2024-04-12T08:19:33.000,24.82,21.07,8146.7,10.22,20.52,15245,31.96,8.0,0.169
2024-04-12T08:20:33.000,24.82,21.07,8156.96,10.22,20.52,15246,32.14,8.0,0.169
2024-04-12T08:21:33.000,24.82,21.08,8171.8,10.22,20.52,15247,32.31,8.0,0.169
2024-04-12T08:22:34.000,24.82,21.07,8171.4,10.22,20.52,15248,32.49,8.0,0.169
2024-04-12T08:23:34.000,24.82,21.08,8193.21,10.22,20.52,15249,32.67,9.0,0.169
2024-04-12T08:24:34.000,24.82,21.1,8203.44,10.22,20.52,15250,32.84,9.0,0.17
2024-04-12T08:25:34.000,24.83,21.11,8217.0,10.21,20.52,15251,33.02,9.0,0.17
2024-04-12T08:26:34.000,24.84,21.12,8238.81,10.21,20.52,15252,33.19,9.0,0.17
2024-04-12T08:27:34.000,24.84,21.13,8257.57,10.21,20.52,15253,33.37,9.0,0.17
2024-04-12T08:28:34.000,24.84,21.13,8248.79,10.21,20.52,15254,33.54,9.0,0.17
2024-04-12T08:29:34.000,24.85,21.14,8265.62,10.21,20.52,15255,33.72,10.0,0.17
2024-04-12T08:30:34.000,24.85,21.15,8256.47,10.21,20.52,15256,33.89,10.0,0.17
2024-04-12T08:31:34.000,24.85,21.14,8248.25,10.21,20.52,15257,34.06,10.0,0.17
2024-04-12T08:32:35.000,24.85,21.15,8248.36,10.21,20.52,15258,34.24,10.0,0.17
2024-04-12T08:33:35.000,24.85,21.16,8244.27,10.21,20.52,15259,34.41,10.0,0.17
2024-04-12T08:34:35.000,24.85,21.16,8233.42,10.21,20.52,15260,34.59,10.0,0.17
2024-04-12T08:35:35.000,24.86,21.16,8207.93,10.21,20.52,15261,34.76,11.0,0.17
2024-04-12T08:36:35.000,24.86,21.16,8193.93,10.22,20.52,15262,34.93,11.0,0.17
2024-04-12T08:37:35.000,24.86,21.17,8177.15,10.22,20.52,15263,35.1,11.0,0.17
2024-04-12T08:38:36.000,24.86,21.17,8172.6,10.22,20.52,15264,35.28,11.0,0.17
2024-04-12T08:39:36.000,24.86,21.17,8172.43,10.22,20.52,15265,35.45,11.0,0.17
2024-04-12T08:40:36.000,24.86,21.18,8166.22,10.22,20.52,15266,35.62,11.0,0.17
2024-04-12T08:41:36.000,24.86,21.18,8162.97,10.22,20.52,15267,35.79,12.0,0.171
2024-04-12T08:42:36.000,24.86,21.18,8168.42,10.22,20.52,15268,35.96,12.0,0.171
2024-04-12T08:43:36.000,24.86,21.18,8178.99,10.22,20.52,15269,36.13,12.0,0.171
2024-04-12T08:44:36.000,24.87,21.18,8203.51,10.22,20.52,15270,36.3,12.0,0.171
2024-04-12T08:45:36.000,24.87,21.18,8219.78,10.21,20.52,15271,36.47,12.0,0.171
2024-04-12T08:46:36.000,24.86,21.19,8228.79,10.21,20.52,15272,36.64,12.0,0.171
2024-04-12T08:47:36.000,24.87,21.19,8241.87,10.21,20.52,15273,36.81,13.0,0.171
2024-04-12T08:48:36.000,24.87,21.19,8261.35,10.21,20.52,15274,36.98,13.0,0.171
2024-04-12T08:49:37.000,24.87,21.2,8279.26,10.21,20.52,15275,37.15,13.0,0.171
2024-04-12T08:50:37.000,24.87,21.19,8287.19,10.2,20.52,15276,37.32,13.0,0.171
2024-04-12T08:51:37.000,24.88,21.2,8298.88,10.2,20.52,15277,37.49,13.0,0.171
2024-04-12T08:52:37.000,24.88,21.2,8325.33,10.2,20.52,15278,37.66,13.0,0.171
2024-04-12T08:53:37.000,24.88,21.2,8359.21,10.19,20.52,15279,37.83,14.0,0.171
2024-04-12T08:54:37.000,24.89,21.2,8383.82,10.19,20.52,15280,37.99,14.0,0.171
2024-04-12T08:55:37.000,24.89,21.21,8405.75,10.19,20.52,15281,38.16,14.0,0.171
2024-04-12T08:56:37.000,24.89,21.21,8440.31,10.18,20.52,15282,38.33,14.0,0.171
2024-04-12T08:57:37.000,24.9,21.21,8432.79,10.19,20.52,15283,38.49,14.0,0.171
2024-04-12T08:58:37.000,24.9,21.21,8445.19,10.18,20.52,15284,38.66,14.0,0.172
2024-04-12T08:59:37.000,24.9,21.22,8439.31,10.18,20.52,15285,38.82,15.0,0.172
2024-04-12T09:00:38.000,24.9,21.22,8434.79,10.18,20.52,15286,38.99,15.0,0.172
2024-04-12T09:01:38.000,24.9,21.22,8472.47,10.18,20.52,15287,39.16,15.0,0.172
2024-04-12T09:02:38.000,24.91,21.23,8476.38,10.18,20.52,15288,39.32,15.0,0.172
2024-04-12T09:03:38.000,24.91,21.22,8531.08,10.17,20.52,15289,39.49,15.0,0.172
2024-04-12T09:04:38.000,24.91,21.23,8576.33,10.17,20.52,15290,39.65,15.0,0.172
2024-04-12T09:05:38.000,24.91,21.23,8603.57,10.16,20.52,15291,39.81,16.0,0.172
2024-04-12T09:06:38.000,24.91,21.25,8620.72,10.16,20.52,15292,39.98,16.0,0.172
2024-04-12T09:07:38.000,24.92,21.25,8610.0,10.16,20.52,15293,40.14,16.0,0.172
2024-04-12T09:08:38.000,24.92,21.26,8633.33,10.16,20.52,15294,40.3,16.0,0.172
2024-04-12T09:09:38.000,24.93,21.26,8661.64,10.16,20.52,15295,40.46,16.0,0.172
2024-04-12T09:10:38.000,24.93,21.27,8664.09,10.16,20.52,15296,40.62,16.0,0.172
2024-04-12T09:11:38.000,24.94,21.28,8657.46,10.16,20.52,15297,40.79,17.0,0.172
2024-04-12T09:12:38.000,24.94,21.27,8671.73,10.15,20.52,15298,40.95,17.0,0.172
2024-04-12T09:13:39.000,24.95,21.27,8667.67,10.16,20.52,15299,41.11,17.0,0.172
2024-04-12T09:14:39.000,24.94,21.27,8669.48,10.16,20.52,15300,41.27,17.0,0.172
2024-04-12T09:15:39.000,24.95,21.28,8667.4,10.16,20.52,15301,41.43,17.0,0.173
2024-04-12T09:16:39.000,24.95,21.28,8673.87,10.15,20.52,15302,41.59,17.0,0.173
2024-04-12T09:17:40.000,24.96,21.28,8672.8,10.15,20.52,15303,41.75,18.0,0.173
2024-04-12T09:18:40.000,24.96,21.29,8668.85,10.16,20.52,15304,41.91,18.0,0.173
2024-04-12T09:19:40.000,24.96,21.29,8668.58,10.16,20.52,15305,42.06,18.0,0.173
2024-04-12T09:20:40.000,24.96,21.29,8658.07,10.16,20.52,15306,42.22,18.0,0.173
2024-04-12T09:21:40.000,24.96,21.3,8652.9,10.16,20.52,15307,42.38,18.0,0.173
2024-04-12T09:22:40.000,24.97,21.3,8657.11,10.16,20.52,15308,42.53,18.0,0.173
2024-04-12T09:23:40.000,24.97,21.3,8666.25,10.16,20.52,15309,42.69,19.0,0.173
2024-04-12T09:24:40.000,24.98,21.3,8659.18,10.16,20.52,15310,42.85,19.0,0.173
2024-04-12T09:25:41.000,24.99,21.3,8651.53,10.16,20.52,15311,43.0,19.0,0.173
2024-04-12T09:26:41.000,24.99,21.31,8642.67,10.16,20.52,15312,43.16,19.0,0.173
2024-04-12T09:27:41.000,25.0,21.31,8638.2,10.16,20.52,15313,43.31,19.0,0.173
2024-04-12T09:28:41.000,25.0,21.31,8632.82,10.16,20.52,15314,43.47,19.0,0.173
2024-04-12T09:29:41.000,25.0,21.32,8625.8,10.16,20.52,15315,43.62,20.0,0.173
2024-04-12T09:30:41.000,25.0,21.32,8624.56,10.16,20.52,15316,43.77,20.0,0.173
2024-04-12T09:31:42.000,25.0,21.33,8626.16,10.16,20.52,15317,43.93,20.0,0.173
2024-04-12T09:32:42.000,25.01,21.33,8630.76,10.16,20.52,15318,44.08,20.0,0.174
2024-04-12T09:33:42.000,25.01,21.34,8629.64,10.16,20.52,15319,44.23,20.0,0.174
2024-04-12T09:34:42.000,25.01,21.34,8628.58,10.16,20.52,15320,44.38,21.0,0.174
2024-04-12T09:35:42.000,25.01,21.34,8635.84,10.16,20.52,15321,44.53,21.0,0.174
2024-04-12T09:36:42.000,25.03,21.36,8631.16,10.16,20.52,15322,44.68,21.0,0.174
2024-04-12T09:37:42.000,25.03,21.37,8631.69,10.16,20.52,15323,44.83,21.0,0.174
2024-04-12T09:38:42.000,25.03,21.36,8639.93,10.16,20.52,15324,44.98,21.0,0.174
2024-04-12T09:39:42.000,25.03,21.36,8642.24,10.16,20.52,15325,45.12,21.0,0.174
2024-04-12T09:40:42.000,25.03,21.38,8640.34,10.16,20.52,15326,45.27,22.0,0.174
2024-04-12T09:41:42.000,25.03,21.37,8638.04,10.16,20.52,15327,45.42,22.0,0.174
2024-04-12T09:42:42.000,25.03,21.37,8628.33,10.16,20.52,15328,45.56,22.0,0.174
2024-04-12T09:43:42.000,25.03,21.37,8615.46,10.16,20.52,15329,45.71,22.0,0.174
2024-04-12T09:44:43.000,25.03,21.38,8611.27,10.16,20.52,15330,45.86,22.0,0.174
2024-04-12T09:45:43.000,25.04,21.38,8597.55,10.16,20.52,15331,46.0,22.0,0.174
2024-04-12T09:46:43.000,25.04,21.38,8591.03,10.16,20.52,15332,46.14,23.0,0.174
2024-04-12T09:47:43.000,25.04,21.38,8588.0,10.17,20.52,15333,46.29,23.0,0.174
2024-04-12T09:48:43.000,25.04,21.4,8588.11,10.17,20.52,15334,46.43,23.0,0.174
2024-04-12T09:49:43.000,25.04,21.39,8582.83,10.17,20.52,15335,46.57,23.0,0.175
2024-04-12T09:50:43.000,25.04,21.4,8575.33,10.17,20.52,15336,46.71,23.0,0.175
2024-04-12T09:51:43.000,25.05,21.4,8581.26,10.17,20.52,15337,46.85,23.0,0.175
2024-04-12T09:52:44.000,25.05,21.4,8581.24,10.17,20.52,15338,47.0,24.0,0.175
2024-04-12T09:53:44.000,25.05,21.41,8572.74,10.17,20.52,15339,47.14,24.0,0.175
2024-04-12T09:54:44.000,25.05,21.41,8573.18,10.17,20.52,15340,47.28,24.0,0.175
2024-04-12T09:55:44.000,25.05,21.41,8573.35,10.17,20.52,15341,47.41,24.0,0.175
2024-04-12T09:56:45.000,25.06,21.41,8570.53,10.17,20.52,15342,47.55,24.0,0.175
2024-04-12T09:57:45.000,25.07,21.42,8569.49,10.17,20.52,15343,47.69,25.0,0.175
2024-04-12T09:58:45.000,25.07,21.42,8563.46,10.17,20.52,15344,47.83,25.0,0.175
2024-04-12T09:59:45.000,25.07,21.42,8563.3,10.17,20.52,15345,47.96,25.0,0.175
2024-04-12T10:00:45.000,25.08,21.43,8559.04,10.17,20.52,15346,48.1,25.0,0.175
2024-04-12T10:01:45.000,25.08,21.42,8553.06,10.17,20.52,15347,48.23,25.0,0.175
2024-04-12T10:02:45.000,25.08,21.42,8541.24,10.17,20.52,15348,48.36,25.0,0.175
2024-04-12T10:03:45.000,25.08,21.42,8539.38,10.17,20.52,15349,48.5,26.0,0.175
2024-04-12T10:04:45.000,25.08,21.42,8527.37,10.17,20.52,15350,48.63,26.0,0.175
2024-04-12T10:05:45.000,25.08,21.43,8521.51,10.17,20.52,15351,48.76,26.0,0.175
2024-04-12T10:06:46.000,25.08,21.42,8507.27,10.18,20.52,15352,48.89,26.0,0.176
2024-04-12T10:07:46.000,25.08,21.43,8480.83,10.18,20.52,15353,49.02,26.0,0.176
2024-04-12T10:08:46.000,25.08,21.42,8475.38,10.18,20.52,15354,49.15,26.0,0.176
2024-04-12T10:09:46.000,25.08,21.42,8467.24,10.18,20.52,15355,49.28,27.0,0.176
2024-04-12T10:10:46.000,25.08,21.42,8448.56,10.18,20.52,15356,49.41,27.0,0.176
2024-04-12T10:11:46.000,25.09,21.43,8434.64,10.18,20.52,15357,49.53,27.0,0.176
