ecsv/stars62/stars62_2024-04.ecsv
# %ECSV 1.0
# ---
# datatype:
# - {name: time, datatype: string}
# - {name: Enclosure Temperature, unit: deg_C, datatype: float64}
# - {name: Sky Temperature, unit: deg_C, datatype: float64}
# - {name: Frequency, unit: Hz, datatype: float64}
# - {name: MSAS, unit: mag / arcsec2, datatype: float64}
# - {name: ZP, datatype: float64}
# - {name: Sequence Number, datatype: int64}
# - {name: Sun Alt, unit: deg, datatype: float64}
# - {name: Moon Alt, unit: deg, datatype: float64}
# - {name: Moon Illumination, datatype: float64}
# delimiter: ','
# meta: !!omap
# - ida:
#     Data supplier: {affiliation: Salvador Ribas, observer: Salvador Ribas}
#     Device type: TESS-W
#     Field of view: 17.0
#     Filters per channel: None
#     Instrument ID: stars62
#     License: ODbL 1.0 http://opendatacommons.org/licenses/odbl/summary/
#     Local timezone: Europe/Madrid
#     Location name: {country: Spain, place: "Centre d'Observaci\xF3 de l'Univers", region: Catalonia, sub_region: Noguera, town: "\xC0\
#         ger"}
#     Measurement direction per channel: {azimuth: 0.0, zenital: 0.0}
#     Moving / Fixed look direction: FIXED
#     Moving / Stationary position: STATIONARY
#     Number of channels: 1
#     Number of fields per line: 8
#     Number of header lines: 35
#     Position: {height: 0.0, latitude: 42.02459, longitude: 0.734797}
#     TESS MAC address: 5C:CF:7F:8B:E2:A0
#     TESS cover offset value: 0.0
#     TESS firmware version: Unknown
#     TESS zero point: 20.52
#     Time Synchronization: timestamp added by MQTT subscriber
#     URL: http://www.darksky.org/NSBM/sdf1.0.pdf
# - __serialized_columns__:
#     Enclosure Temperature:
#       __class__: astropy.units.quantity.Quantity
#       unit: &id001 !astropy.units.Unit {unit: deg_C}
#       value: !astropy.table.SerializedColumn {name: Enclosure Temperature}
#     Frequency:
#       __class__: astropy.units.quantity.Quantity
#       unit: !astropy.units.Unit {unit: Hz}
#       value: !astropy.table.SerializedColumn {name: Frequency}
#     MSAS:
#       __class__: astropy.units.quantity.Quantity
#       unit: !astropy.units.Unit {unit: mag / arcsec2}
#       value: !astropy.table.SerializedColumn {name: MSAS}
#     Moon Alt:
#       __class__: astropy.units.quantity.Quantity
#       unit: &id002 !astropy.units.Unit {unit: deg}
#       value: !astropy.table.SerializedColumn {name: Moon Alt}
#     Sky Temperature:
#       __class__: astropy.units.quantity.Quantity
#       unit: *id001
#       value: !astropy.table.SerializedColumn {name: Sky Temperature}
#     Sun Alt:
#       __class__: astropy.units.quantity.Quantity
#       unit: *id002
#       value: !astropy.table.SerializedColumn {name: Sun Alt}
#     time:
#       __class__: astropy.time.core.Time
#       format: isot
#       in_subfmt: '*'
#       out_subfmt: '*'
#       precision: 3
#       scale: utc
#       value: !astropy.table.SerializedColumn {name: time}
# schema: astropy-2.0
time,Enclosure Temperature,Sky Temperature,Frequency,MSAS,ZP,Sequence Number,Sun Alt,Moon Alt,Moon Illumination
[from data line 7121]
2024-04-07T04:56:37.000,23.86,18.99,4.55,18.35,20.52,7858,-6.72,-0.0,0.037
2024-04-07T04:57:37.000,23.86,18.99,4.62,18.34,20.52,7859,-6.54,-0.0,0.037
2024-04-07T04:58:38.000,23.86,18.97,4.56,18.35,20.52,7860,-6.35,0.0,0.037
2024-04-07T04:59:38.000,23.86,18.97,4.53,18.36,20.52,7861,-6.17,0.0,0.036
2024-04-07T05:00:38.000,23.86,18.98,4.53,18.36,20.52,7862,-6.0,0.0,0.036
2024-04-07T05:01:38.000,23.86,18.97,4.54,18.36,20.52,7863,-5.82,1.0,0.036
2024-04-07T05:02:38.000,23.86,18.98,4.52,18.36,20.52,7864,-5.64,1.0,0.036
2024-04-07T05:03:38.000,23.86,18.98,4.52,18.36,20.52,7865,-5.46,1.0,0.036
2024-04-07T05:04:38.000,23.86,18.97,4.54,18.36,20.52,7866,-5.28,1.0,0.036
2024-04-07T05:05:38.000,23.86,18.98,4.54,18.36,20.52,7867,-5.1,1.0,0.036
2024-04-07T05:06:39.000,23.86,18.96,4.54,18.36,20.52,7868,-4.91,1.0,0.036
2024-04-07T05:07:39.000,23.86,18.96,4.55,18.36,20.52,7869,-4.73,2.0,0.036
2024-04-07T05:08:39.000,23.86,18.98,4.58,18.35,20.52,7870,-4.55,2.0,0.036
2024-04-07T05:09:39.000,23.86,18.97,4.57,18.35,20.52,7871,-4.37,2.0,0.036
2024-04-07T05:10:39.000,23.86,18.98,4.59,18.35,20.52,7872,-4.19,2.0,0.036
2024-04-07T05:11:39.000,23.86,18.97,4.61,18.34,20.52,7873,-4.01,2.0,0.036
2024-04-07T05:12:39.000,23.86,18.97,4.65,18.33,20.52,7874,-3.83,3.0,0.036
2024-04-07T05:13:39.000,23.85,18.95,4.7,18.32,20.52,7875,-3.65,3.0,0.036
2024-04-07T05:14:39.000,23.85,18.96,4.75,18.31,20.52,7876,-3.47,3.0,0.036
2024-04-07T05:15:39.000,23.85,18.97,4.8,18.3,20.52,7877,-3.28,3.0,0.036
2024-04-07T05:16:39.000,23.85,18.95,4.87,18.28,20.52,7878,-3.1,3.0,0.036
2024-04-07T05:17:40.000,23.85,18.97,5.01,18.25,20.52,7879,-2.92,3.0,0.036
2024-04-07T05:18:40.000,23.85,18.97,5.1,18.23,20.52,7880,-2.74,4.0,0.036
2024-04-07T05:19:40.000,23.85,18.98,5.21,18.21,20.52,7881,-2.55,4.0,0.036
2024-04-07T05:20:40.000,23.85,18.98,5.23,18.2,20.52,7882,-2.37,4.0,0.036
2024-04-07T05:21:40.000,23.86,18.97,5.37,18.18,20.52,7883,-2.19,4.0,0.036
2024-04-07T05:22:40.000,23.86,18.97,5.71,18.11,20.52,7884,-2.01,4.0,0.036
2024-04-07T05:23:40.000,23.86,18.97,6.0,18.05,20.52,7885,-1.82,5.0,0.036
2024-04-07T05:24:40.000,23.86,18.98,6.42,17.98,20.52,7886,-1.64,5.0,0.036
2024-04-07T05:25:41.000,23.86,18.97,6.93,17.9,20.52,7887,-1.46,5.0,0.036
2024-04-07T05:26:41.000,23.86,18.96,7.5,17.81,20.52,7888,-1.27,5.0,0.036
2024-04-07T05:27:41.000,23.86,18.97,8.16,17.72,20.52,7889,-1.09,5.0,0.036
2024-04-07T05:28:41.000,23.86,18.97,9.01,17.61,20.52,7890,-0.91,5.0,0.036
2024-04-07T05:29:41.000,23.85,18.95,10.07,17.49,20.52,7891,-0.73,6.0,0.036
2024-04-07T05:30:41.000,23.85,18.95,11.31,17.37,20.52,7892,-0.54,6.0,0.035
2024-04-07T05:31:41.000,23.85,18.96,12.96,17.22,20.52,7893,-0.36,6.0,0.035
2024-04-07T05:32:41.000,23.85,18.97,14.69,17.08,20.52,7894,-0.18,6.0,0.035
2024-04-07T05:33:42.000,23.85,18.96,15.77,17.01,20.52,7895,0.01,6.0,0.035
2024-04-07T05:34:42.000,23.85,18.96,17.75,16.88,20.52,7896,0.19,7.0,0.035
2024-04-07T05:35:42.000,23.85,18.97,20.45,16.72,20.52,7897,0.38,7.0,0.035
2024-04-07T05:36:42.000,23.86,18.97,24.07,16.55,20.52,7898,0.56,7.0,0.035
2024-04-07T05:37:42.000,23.86,18.97,28.22,16.37,20.52,7899,0.75,7.0,0.035
2024-04-07T05:38:42.000,23.86,18.95,32.79,16.21,20.52,7900,0.93,7.0,0.035
2024-04-07T05:39:42.000,23.85,18.96,37.3,16.07,20.52,7901,1.11,7.0,0.035
2024-04-07T05:40:42.000,23.85,18.95,41.97,15.94,20.52,7902,1.3,8.0,0.035
2024-04-07T05:41:43.000,23.85,18.97,47.4,15.81,20.52,7903,1.48,8.0,0.035
2024-04-07T05:42:43.000,23.85,18.96,58.07,15.59,20.52,7904,1.67,8.0,0.035
2024-04-07T05:43:43.000,23.85,18.96,71.82,15.36,20.52,7905,1.85,8.0,0.035
2024-04-07T05:44:43.000,23.85,18.96,87.73,15.14,20.52,7906,2.04,8.0,0.035
2024-04-07T05:45:43.000,23.85,18.97,104.16,14.96,20.52,7907,2.22,9.0,0.035
2024-04-07T05:46:43.000,23.85,18.96,121.46,14.79,20.52,7908,2.4,9.0,0.035
2024-04-07T05:47:43.000,23.85,18.97,137.35,14.66,20.52,7909,2.59,9.0,0.035
2024-04-07T05:48:43.000,23.85,18.95,149.37,14.56,20.52,7910,2.77,9.0,0.035
2024-04-07T05:49:43.000,23.84,18.97,155.43,14.52,20.52,7911,2.96,9.0,0.035
2024-04-07T05:50:43.000,23.85,18.96,156.99,14.51,20.52,7912,3.14,9.0,0.035
2024-04-07T05:51:43.000,23.84,18.95,157.39,14.51,20.52,7913,3.33,10.0,0.035
2024-04-07T05:52:43.000,23.85,18.97,161.69,14.48,20.52,7914,3.51,10.0,0.035
2024-04-07T05:53:43.000,23.85,18.97,174.67,14.39,20.52,7915,3.7,10.0,0.035
2024-04-07T05:54:43.000,23.85,18.97,197.66,14.26,20.52,7916,3.88,10.0,0.035
2024-04-07T05:55:44.000,23.84,18.96,227.53,14.11,20.52,7917,4.07,10.0,0.035
2024-04-07T05:56:44.000,23.85,18.96,261.98,13.96,20.52,7918,4.26,11.0,0.035
2024-04-07T05:57:44.000,23.85,18.96,299.82,13.81,20.52,7919,4.44,11.0,0.035
2024-04-07T05:58:44.000,23.85,18.96,341.82,13.67,20.52,7920,4.63,11.0,0.035
2024-04-07T05:59:44.000,23.84,18.95,385.57,13.54,20.52,7921,4.81,11.0,0.035
2024-04-07T06:00:44.000,23.85,18.96,426.4,13.43,20.52,7922,5.0,11.0,0.035
2024-04-07T06:01:44.000,23.85,18.96,462.0,13.34,20.52,7923,5.18,11.0,0.034
2024-04-07T06:02:44.000,23.85,18.96,490.69,13.27,20.52,7924,5.37,12.0,0.034
2024-04-07T06:03:44.000,23.85,18.96,512.81,13.23,20.52,7925,5.55,12.0,0.034
2024-04-07T06:04:44.000,23.85,18.96,529.87,13.19,20.52,7926,5.74,12.0,0.034
2024-04-07T06:05:45.000,23.85,18.96,544.62,13.16,20.52,7927,5.93,12.0,0.034
2024-04-07T06:06:45.000,23.85,18.95,561.11,13.13,20.52,7928,6.11,12.0,0.034
2024-04-07T06:07:46.000,23.85,18.94,584.18,13.08,20.52,7929,6.3,12.0,0.034
2024-04-07T06:08:46.000,23.85,18.95,617.31,13.02,20.52,7930,6.49,13.0,0.034
2024-04-07T06:09:46.000,23.85,18.94,667.66,12.94,20.52,7931,6.67,13.0,0.034
2024-04-07T06:10:46.000,23.85,18.95,728.11,12.84,20.52,7932,6.86,13.0,0.034
2024-04-07T06:11:46.000,23.85,18.96,776.24,12.78,20.52,7933,7.04,13.0,0.034
2024-04-07T06:12:46.000,23.85,18.95,800.94,12.74,20.52,7934,7.23,13.0,0.034
2024-04-07T06:13:46.000,23.85,18.95,802.27,12.74,20.52,7935,7.41,14.0,0.034
2024-04-07T06:14:46.000,23.85,18.95,777.47,12.77,20.52,7936,7.6,14.0,0.034
2024-04-07T06:15:46.000,23.85,18.95,735.37,12.83,20.52,7937,7.78,14.0,0.034
2024-04-07T06:16:47.000,23.85,18.96,706.64,12.88,20.52,7938,7.97,14.0,0.034
2024-04-07T06:17:47.000,23.85,18.96,708.81,12.87,20.52,7939,8.16,14.0,0.034
2024-04-07T06:18:47.000,23.85,18.95,734.29,12.84,20.52,7940,8.35,14.0,0.034
2024-04-07T06:19:47.000,23.84,18.95,796.99,12.75,20.52,7941,8.53,15.0,0.034
2024-04-07T06:20:47.000,23.85,18.95,894.27,12.62,20.52,7942,8.72,15.0,0.034
2024-04-07T06:21:47.000,23.84,18.95,1000.18,12.5,20.52,7943,8.9,15.0,0.034
2024-04-07T06:22:47.000,23.84,18.95,1086.4,12.41,20.52,7944,9.09,15.0,0.034
2024-04-07T06:23:47.000,23.84,18.96,1142.72,12.36,20.52,7945,9.27,15.0,0.034
2024-04-07T06:24:48.000,23.84,18.96,1185.69,12.32,20.52,7946,9.46,15.0,0.034
2024-04-07T06:25:48.000,23.84,18.95,1236.24,12.27,20.52,7947,9.65,16.0,0.034
2024-04-07T06:26:48.000,23.84,18.95,1294.22,12.22,20.52,7948,9.84,16.0,0.034
2024-04-07T06:27:48.000,23.84,18.95,1322.6,12.2,20.52,7949,10.02,16.0,0.034
2024-04-07T06:28:48.000,23.84,18.94,1313.55,12.2,20.52,7950,10.21,16.0,0.034
2024-04-07T06:29:48.000,23.83,18.95,1289.53,12.22,20.52,7951,10.39,16.0,0.034
2024-04-07T06:30:48.000,23.83,18.95,1280.99,12.23,20.52,7952,10.58,16.0,0.034
2024-04-07T06:31:48.000,23.83,18.96,1307.4,12.21,20.52,7953,10.77,17.0,0.034
2024-04-07T06:32:49.000,23.83,18.94,1355.78,12.17,20.52,7954,10.95,17.0,0.034
2024-04-07T06:33:49.000,23.83,18.94,1422.4,12.12,20.52,7955,11.14,17.0,0.034
2024-04-07T06:34:49.000,23.82,18.92,1512.63,12.05,20.52,7956,11.33,17.0,0.033
2024-04-07T06:35:49.000,23.82,18.9,1650.91,11.96,20.52,7957,11.51,17.0,0.033
2024-04-07T06:36:49.000,23.81,18.93,1833.55,11.84,20.52,7958,11.7,18.0,0.033
2024-04-07T06:37:49.000,23.81,18.9,1995.96,11.75,20.52,7959,11.88,18.0,0.033
2024-04-07T06:38:49.000,23.81,18.95,2083.55,11.7,20.52,7960,12.07,18.0,0.033
2024-04-07T06:39:50.000,23.81,18.93,2096.44,11.7,20.52,7961,12.26,18.0,0.033
2024-04-07T06:40:50.000,23.81,18.93,2082.22,11.7,20.52,7962,12.44,18.0,0.033
2024-04-07T06:41:50.000,23.81,18.93,2127.0,11.68,20.52,7963,12.63,18.0,0.033
2024-04-07T06:42:50.000,23.81,18.93,2303.03,11.59,20.52,7964,12.82,19.0,0.033
2024-04-07T06:43:50.000,23.81,18.9,2608.98,11.46,20.52,7965,13.0,19.0,0.033
2024-04-07T06:44:50.000,23.79,18.89,3000.74,11.31,20.52,7966,13.19,19.0,0.033
2024-04-07T06:45:50.000,23.8,18.94,3428.54,11.16,20.52,7967,13.37,19.0,0.033
2024-04-07T06:46:50.000,23.81,18.96,3825.91,11.04,20.52,7968,13.56,19.0,0.033
2024-04-07T06:47:50.000,23.81,18.96,4160.29,10.95,20.52,7969,13.74,19.0,0.033
2024-04-07T06:48:50.000,23.82,18.94,4448.16,10.88,20.52,7970,13.93,20.0,0.033
2024-04-07T06:49:51.000,23.82,18.92,4693.58,10.82,20.52,7971,14.12,20.0,0.033
2024-04-07T06:50:51.000,23.8,18.89,4874.22,10.78,20.52,7972,14.3,20.0,0.033
2024-04-07T06:51:51.000,23.8,18.9,4960.87,10.76,20.52,7973,14.49,20.0,0.033
2024-04-07T06:52:51.000,23.8,18.9,4956.22,10.76,20.52,7974,14.68,20.0,0.033
2024-04-07T06:53:51.000,23.81,18.95,4918.71,10.77,20.52,7975,14.86,20.0,0.033
2024-04-07T06:54:51.000,23.81,18.91,5006.9,10.75,20.52,7976,15.05,21.0,0.033
2024-04-07T06:55:51.000,23.81,18.9,5373.8,10.67,20.52,7977,15.23,21.0,0.033
2024-04-07T06:56:51.000,23.8,18.91,5861.84,10.58,20.52,7978,15.42,21.0,0.033
2024-04-07T06:57:52.000,23.8,18.93,6233.09,10.51,20.52,7979,15.61,21.0,0.033
2024-04-07T06:58:52.000,23.81,18.94,6366.27,10.49,20.52,7980,15.79,21.0,0.033
2024-04-07T06:59:52.000,23.81,18.92,6308.49,10.5,20.52,7981,15.98,21.0,0.033
2024-04-07T07:00:52.000,23.81,18.91,6144.96,10.53,20.52,7982,16.16,22.0,0.033
2024-04-07T07:01:52.000,23.81,18.93,5880.29,10.58,20.52,7983,16.35,22.0,0.033
2024-04-07T07:02:52.000,23.81,18.94,5681.49,10.61,20.52,7984,16.53,22.0,0.033
2024-04-07T07:03:52.000,23.82,18.91,5696.9,10.61,20.52,7985,16.72,22.0,0.033
2024-04-07T07:04:52.000,23.81,18.9,5810.49,10.59,20.52,7986,16.9,22.0,0.033
2024-04-07T07:05:52.000,23.81,18.93,5937.98,10.57,20.52,7987,17.09,22.0,0.033
2024-04-07T07:06:52.000,23.81,18.89,6193.21,10.52,20.52,7988,17.27,23.0,0.032
2024-04-07T07:07:52.000,23.8,18.91,6629.76,10.45,20.52,7989,17.46,23.0,0.032
2024-04-07T07:08:52.000,23.81,18.95,7118.94,10.37,20.52,7990,17.64,23.0,0.032
2024-04-07T07:09:53.000,23.81,18.91,7420.9,10.32,20.52,7991,17.83,23.0,0.032
2024-04-07T07:10:53.000,23.81,18.92,7545.13,10.31,20.52,7992,18.01,23.0,0.032
2024-04-07T07:11:53.000,23.81,18.92,7716.09,10.28,20.52,7993,18.2,23.0,0.032
2024-04-07T07:12:53.000,23.81,18.92,8022.71,10.24,20.52,7994,18.38,24.0,0.032
2024-04-07T07:13:53.000,23.82,18.93,8309.89,10.2,20.52,7995,18.57,24.0,0.032
2024-04-07T07:14:53.000,23.82,18.92,8461.62,10.18,20.52,7996,18.75,24.0,0.032
2024-04-07T07:15:53.000,23.82,18.94,8441.51,10.18,20.52,7997,18.94,24.0,0.032
2024-04-07T07:16:53.000,23.82,18.92,8458.22,10.18,20.52,7998,19.12,24.0,0.032
2024-04-07T07:17:53.000,23.82,18.91,8635.24,10.16,20.52,7999,19.3,24.0,0.032
2024-04-07T07:18:53.000,23.82,18.9,8926.79,10.12,20.52,8000,19.49,25.0,0.032
2024-04-07T07:19:53.000,23.8,18.87,9166.47,10.09,20.52,8001,19.67,25.0,0.032
2024-04-07T07:20:53.000,23.79,18.86,9421.51,10.06,20.52,8002,19.86,25.0,0.032
2024-04-07T07:21:54.000,23.78,18.88,9932.92,10.01,20.52,8003,20.04,25.0,0.032
2024-04-07T07:22:54.000,23.79,18.88,10653.87,9.93,20.52,8004,20.23,25.0,0.032
2024-04-07T07:23:54.000,23.79,18.88,11586.83,9.84,20.52,8005,20.41,25.0,0.032
2024-04-07T07:24:54.000,23.78,18.85,12306.49,9.77,20.52,8006,20.59,25.0,0.032
2024-04-07T07:25:54.000,23.78,18.86,12750.65,9.74,20.52,8007,20.78,26.0,0.032
2024-04-07T07:26:54.000,23.76,18.84,13504.64,9.67,20.52,8008,20.96,26.0,0.032
2024-04-07T07:27:54.000,23.75,18.84,14480.45,9.6,20.52,8009,21.14,26.0,0.032
2024-04-07T07:28:55.000,23.74,18.84,15657.02,9.51,20.52,8010,21.33,26.0,0.032
2024-04-07T07:29:55.000,23.73,18.86,17461.46,9.4,20.52,8011,21.51,26.0,0.032
2024-04-07T07:30:55.000,23.73,18.85,18801.18,9.31,20.52,8012,21.7,26.0,0.032
2024-04-07T07:31:55.000,23.73,18.85,18324.64,9.42,20.52,8013,21.88,27.0,0.032
2024-04-07T07:32:55.000,23.74,18.87,20685.01,9.21,20.52,8014,22.06,27.0,0.032
2024-04-07T07:33:55.000,23.75,18.87,18689.39,9.46,20.52,8015,22.24,27.0,0.032
2024-04-07T07:34:55.000,23.75,18.86,18307.3,9.34,20.52,8016,22.43,27.0,0.032
2024-04-07T07:35:55.000,23.76,18.86,18546.07,9.33,20.52,8017,22.61,27.0,0.032
2024-04-07T07:36:55.000,23.76,18.85,19325.64,9.29,20.52,8018,22.79,27.0,0.032
2024-04-07T07:37:55.000,23.76,18.84,23508.84,9.15,20.52,8019,22.97,28.0,0.032
2024-04-07T07:38:55.000,23.75,18.85,29927.8,8.81,20.52,8020,23.16,28.0,0.032
2024-04-07T07:39:56.000,23.75,18.85,33386.62,8.69,20.52,8021,23.34,28.0,0.031
2024-04-07T07:40:56.000,23.76,18.84,35955.14,8.61,20.52,8022,23.52,28.0,0.031
2024-04-07T07:41:56.000,23.73,18.84,37663.14,8.56,20.52,8023,23.7,28.0,0.031
2024-04-07T07:42:56.000,23.73,18.88,38936.27,8.52,20.52,8024,23.89,28.0,0.031
2024-04-07T07:43:56.000,23.76,18.92,38447.59,8.54,20.52,8025,24.07,28.0,0.031
2024-04-07T07:44:56.000,23.76,18.85,35254.73,8.63,20.52,8026,24.25,29.0,0.031
2024-04-07T07:45:56.000,23.75,18.84,32546.72,8.72,20.52,8027,24.43,29.0,0.031
2024-04-07T07:46:56.000,23.75,18.86,32297.33,8.73,20.52,8028,24.61,29.0,0.031
2024-04-07T07:47:56.000,23.74,18.85,35488.33,8.63,20.52,8029,24.79,29.0,0.031
2024-04-07T07:48:56.000,23.74,18.9,39925.23,8.5,20.52,8030,24.97,29.0,0.031
2024-04-07T07:49:56.000,23.77,18.9,44222.47,8.39,20.52,8031,25.15,29.0,0.031
2024-04-07T07:50:56.000,23.78,18.89,45592.27,8.35,20.52,8032,25.33,29.0,0.031
2024-04-07T07:51:57.000,23.79,18.93,46688.95,8.33,20.52,8033,25.52,30.0,0.031
2024-04-07T07:52:57.000,23.82,18.94,48107.46,8.29,20.52,8034,25.7,30.0,0.031
2024-04-07T07:53:57.000,23.83,18.96,49442.09,8.26,20.52,8035,25.88,30.0,0.031
2024-04-07T07:54:57.000,23.83,18.94,50189.46,8.25,20.52,8036,26.06,30.0,0.031
2024-04-07T07:55:57.000,23.83,18.94,51402.63,8.22,20.52,8037,26.24,30.0,0.031
2024-04-07T07:56:57.000,23.84,18.96,52138.49,8.21,20.52,8038,26.41,30.0,0.031
2024-04-07T07:57:57.000,23.86,18.98,53240.29,8.18,20.52,8039,26.59,31.0,0.031
2024-04-07T07:58:57.000,23.86,18.93,54385.09,8.16,20.52,8040,26.77,31.0,0.031
2024-04-07T07:59:58.000,23.85,18.92,54740.86,8.15,20.52,8041,26.96,31.0,0.031
2024-04-07T08:00:58.000,23.84,18.92,53316.07,8.18,20.52,8042,27.13,31.0,0.031
2024-04-07T08:01:58.000,23.83,18.93,44677.75,8.38,20.52,8043,27.31,31.0,0.031
2024-04-07T08:02:58.000,23.83,18.96,42388.4,8.43,20.52,8044,27.49,31.0,0.031
2024-04-07T08:03:58.000,23.83,18.96,33753.93,8.69,20.52,8045,27.67,31.0,0.031
2024-04-07T08:04:58.000,23.83,18.93,31062.61,8.92,20.52,8046,27.85,32.0,0.031
2024-04-07T08:05:58.000,23.82,18.92,36592.09,8.6,20.52,8047,28.03,32.0,0.031
2024-04-07T08:06:58.000,23.82,18.94,47411.95,8.32,20.52,8048,28.2,32.0,0.031
2024-04-07T08:07:59.000,23.82,18.96,45057.5,8.37,20.52,8049,28.38,32.0,0.031
2024-04-07T08:08:59.000,23.83,18.96,50276.67,8.25,20.52,8050,28.56,32.0,0.031
2024-04-07T08:09:59.000,23.83,18.95,59310.32,8.07,20.52,8051,28.74,32.0,0.031
2024-04-07T08:10:59.000,23.83,18.97,61230.61,8.03,20.52,8052,28.91,32.0,0.031
2024-04-07T08:11:59.000,23.83,18.98,62285.38,8.01,20.52,8053,29.09,33.0,0.031
2024-04-07T08:12:59.000,23.86,19.02,62793.82,8.01,20.52,8054,29.27,33.0,0.031
2024-04-07T08:13:59.000,23.86,18.99,63123.6,8.0,20.52,8055,29.44,33.0,0.03
2024-04-07T08:14:59.000,23.88,19.02,63354.7,8.0,20.52,8056,29.62,33.0,0.03
2024-04-07T08:15:59.000,23.9,19.04,63846.54,7.99,20.52,8057,29.8,33.0,0.03
2024-04-07T08:16:59.000,23.91,19.01,63432.87,7.99,20.52,8058,29.97,33.0,0.03
2024-04-07T08:18:00.000,23.9,19.01,62090.18,8.02,20.52,8059,30.15,33.0,0.03
2024-04-07T08:19:00.000,23.91,19.03,55347.66,8.15,20.52,8060,30.33,34.0,0.03
2024-04-07T08:20:00.000,23.91,19.03,38500.58,8.54,20.52,8061,30.5,34.0,0.03
2024-04-07T08:21:00.000,23.95,19.07,46422.18,7.14,20.52,8062,30.68,34.0,0.03
2024-04-07T08:22:00.000,23.95,19.04,50000.0,0.0,20.52,8063,30.85,34.0,0.03
2024-04-07T08:23:00.000,23.96,19.08,50000.0,0.0,20.52,8064,31.03,34.0,0.03
2024-04-07T08:24:00.000,23.97,19.06,50000.0,0.0,20.52,8065,31.2,34.0,0.03
2024-04-07T08:25:00.000,23.98,19.06,50000.0,0.0,20.52,8066,31.37,34.0,0.03
