ecsv/stars62/stars62_2024-04.ecsv
# %ECSV 1.0
# ---
# datatype:
# - {name: time, datatype: string}
# - {name: Enclosure Temperature, unit: deg_C, datatype: float64}
# - {name: Sky Temperature, unit: deg_C, datatype: float64}
# - {name: Frequency, unit: Hz, datatype: float64}
# - {name: MSAS, unit: mag / arcsec2, datatype: float64}
# - {name: ZP, datatype: float64}
# - {name: Sequence Number, datatype: int64}
# - {name: Sun Alt, unit: deg, datatype: float64}
# - {name: Moon Alt, unit: deg, datatype: float64}
# - {name: Moon Illumination, datatype: float64}
# delimiter: ','
# meta: !!omap
# - ida:
#     Data supplier: {affiliation: Salvador Ribas, observer: Salvador Ribas}
#     Device type: TESS-W
#     Field of view: 17.0
#     Filters per channel: None
#     Instrument ID: stars62
#     License: ODbL 1.0 http://opendatacommons.org/licenses/odbl/summary/
#     Local timezone: Europe/Madrid
#     Location name: {country: Spain, place: "Centre d'Observaci\xF3 de l'Univers", region: Catalonia, sub_region: Noguera, town: "\xC0\
#         ger"}
#     Measurement direction per channel: {azimuth: 0.0, zenital: 0.0}
#     Moving / Fixed look direction: FIXED
#     Moving / Stationary position: STATIONARY
#     Number of channels: 1
#     Number of fields per line: 8
#     Number of header lines: 35
#     Position: {height: 0.0, latitude: 42.02459, longitude: 0.734797}
#     TESS MAC address: 5C:CF:7F:8B:E2:A0
#     TESS cover offset value: 0.0
#     TESS firmware version: Unknown
#     TESS zero point: 20.52
#     Time Synchronization: timestamp added by MQTT subscriber
#     URL: http://www.darksky.org/NSBM/sdf1.0.pdf
# - __serialized_columns__:
#     Enclosure Temperature:
#       __class__: astropy.units.quantity.Quantity
#       unit: &id001 !astropy.units.Unit {unit: deg_C}
#       value: !astropy.table.SerializedColumn {name: Enclosure Temperature}
#     Frequency:
#       __class__: astropy.units.quantity.Quantity
#       unit: !astropy.units.Unit {unit: Hz}
#       value: !astropy.table.SerializedColumn {name: Frequency}
#     MSAS:
#       __class__: astropy.units.quantity.Quantity
#       unit: !astropy.units.Unit {unit: mag / arcsec2}
#       value: !astropy.table.SerializedColumn {name: MSAS}
#     Moon Alt:
#       __class__: astropy.units.quantity.Quantity
#       unit: &id002 !astropy.units.Unit {unit: deg}
#       value: !astropy.table.SerializedColumn {name: Moon Alt}
#     Sky Temperature:
#       __class__: astropy.units.quantity.Quantity
#       unit: *id001
#       value: !astropy.table.SerializedColumn {name: Sky Temperature}
#     Sun Alt:
#       __class__: astropy.units.quantity.Quantity
#       unit: *id002
#       value: !astropy.table.SerializedColumn {name: Sun Alt}
#     time:
#       __class__: astropy.time.core.Time
#       format: isot
#       in_subfmt: '*'
#       out_subfmt: '*'
#       precision: 3
#       scale: utc
#       value: !astropy.table.SerializedColumn {name: time}
# schema: astropy-2.0
time,Enclosure Temperature,Sky Temperature,Frequency,MSAS,ZP,Sequence Number,Sun Alt,Moon Alt,Moon Illumination
[from data line 2525]
2024-04-04T00:00:15.000,20.71,15.5,2.78,18.89,20.52,3253,-42.18,-37.0,0.298
2024-04-04T00:01:16.000,20.71,15.5,2.76,18.9,20.52,3254,-42.18,-37.0,0.298
2024-04-04T00:02:16.000,20.7,15.48,2.75,18.9,20.52,3255,-42.18,-37.0,0.298
2024-04-04T00:03:16.000,20.7,15.49,2.76,18.9,20.52,3256,-42.17,-36.0,0.298
2024-04-04T00:04:16.000,20.7,15.51,2.77,18.89,20.52,3257,-42.17,-36.0,0.298
2024-04-04T00:05:16.000,20.71,15.51,2.75,18.9,20.52,3258,-42.16,-36.0,0.298
2024-04-04T00:06:16.000,20.72,15.5,2.77,18.89,20.52,3259,-42.16,-36.0,0.298
2024-04-04T00:07:16.000,20.71,15.49,2.78,18.89,20.52,3260,-42.15,-36.0,0.298
2024-04-04T00:08:16.000,20.71,15.51,2.78,18.89,20.52,3261,-42.14,-36.0,0.298
2024-04-04T00:09:16.000,20.71,15.51,2.77,18.89,20.52,3262,-42.13,-35.0,0.297
2024-04-04T00:10:17.000,20.71,15.5,2.77,18.89,20.52,3263,-42.12,-35.0,0.297
2024-04-04T00:11:17.000,20.7,15.49,2.76,18.9,20.52,3264,-42.11,-35.0,0.297
2024-04-04T00:12:17.000,20.69,15.52,2.77,18.89,20.52,3265,-42.1,-35.0,0.297
2024-04-04T00:13:17.000,20.69,15.48,2.76,18.9,20.52,3266,-42.08,-35.0,0.297
2024-04-04T00:14:17.000,20.69,15.48,2.78,18.89,20.52,3267,-42.07,-34.0,0.297
2024-04-04T00:15:17.000,20.69,15.5,2.77,18.89,20.52,3268,-42.05,-34.0,0.297
2024-04-04T00:16:17.000,20.69,15.49,2.77,18.89,20.52,3269,-42.03,-34.0,0.297
2024-04-04T00:17:17.000,20.68,15.46,2.77,18.89,20.52,3270,-42.01,-34.0,0.297
2024-04-04T00:18:17.000,20.68,15.47,2.76,18.9,20.52,3271,-41.99,-34.0,0.297
2024-04-04T00:19:18.000,20.68,15.49,2.75,18.9,20.52,3272,-41.97,-34.0,0.297
2024-04-04T00:20:18.000,20.68,15.47,2.75,18.9,20.52,3273,-41.95,-33.0,0.297
2024-04-04T00:21:18.000,20.68,15.48,2.76,18.9,20.52,3274,-41.93,-33.0,0.297
2024-04-04T00:22:18.000,20.68,15.49,2.76,18.9,20.52,3275,-41.91,-33.0,0.297
2024-04-04T00:23:18.000,20.68,15.49,2.76,18.9,20.52,3276,-41.88,-33.0,0.296
2024-04-04T00:24:18.000,20.68,15.49,2.76,18.9,20.52,3277,-41.85,-33.0,0.296
2024-04-04T00:25:18.000,20.68,15.48,2.77,18.89,20.52,3278,-41.83,-33.0,0.296
2024-04-04T00:26:18.000,20.68,15.47,2.77,18.9,20.52,3279,-41.8,-32.0,0.296
2024-04-04T00:27:18.000,20.68,15.48,2.76,18.9,20.52,3280,-41.77,-32.0,0.296
2024-04-04T00:28:18.000,20.69,15.5,2.76,18.9,20.52,3281,-41.74,-32.0,0.296
2024-04-04T00:29:18.000,20.68,15.47,2.76,18.9,20.52,3282,-41.71,-32.0,0.296
2024-04-04T00:30:19.000,20.68,15.48,2.77,18.9,20.52,3283,-41.68,-32.0,0.296
2024-04-04T00:31:19.000,20.68,15.48,2.77,18.89,20.52,3284,-41.64,-31.0,0.296
2024-04-04T00:32:19.000,20.68,15.49,2.77,18.9,20.52,3285,-41.61,-31.0,0.296
2024-04-04T00:33:19.000,20.68,15.49,2.77,18.89,20.52,3286,-41.57,-31.0,0.296
2024-04-04T00:34:19.000,20.68,15.5,2.76,18.9,20.52,3287,-41.54,-31.0,0.296
2024-04-04T00:35:19.000,20.68,15.49,2.77,18.89,20.52,3288,-41.5,-31.0,0.296
2024-04-04T00:36:19.000,20.69,15.52,2.78,18.89,20.52,3289,-41.46,-31.0,0.295
2024-04-04T00:37:20.000,20.69,15.48,2.77,18.89,20.52,3290,-41.42,-30.0,0.295
2024-04-04T00:38:20.000,20.69,15.48,2.76,18.9,20.52,3291,-41.38,-30.0,0.295
2024-04-04T00:39:20.000,20.68,15.5,2.78,18.89,20.52,3292,-41.34,-30.0,0.295
2024-04-04T00:40:20.000,20.68,15.48,2.79,18.89,20.52,3293,-41.29,-30.0,0.295
2024-04-04T00:41:20.000,20.68,15.5,2.77,18.89,20.52,3294,-41.25,-30.0,0.295
2024-04-04T00:42:20.000,20.68,15.49,2.78,18.89,20.52,3295,-41.21,-29.0,0.295
2024-04-04T00:43:20.000,20.68,15.51,2.77,18.89,20.52,3296,-41.16,-29.0,0.295
2024-04-04T00:44:21.000,20.69,15.52,2.79,18.89,20.52,3297,-41.11,-29.0,0.295
2024-04-04T00:45:21.000,20.69,15.49,2.78,18.89,20.52,3298,-41.06,-29.0,0.295
2024-04-04T00:46:21.000,20.68,15.49,2.76,18.9,20.52,3299,-41.01,-29.0,0.295
2024-04-04T00:47:21.000,20.68,15.51,2.75,18.9,20.52,3300,-40.96,-29.0,0.295
2024-04-04T00:48:21.000,20.69,15.5,2.75,18.9,20.52,3301,-40.91,-28.0,0.295
2024-04-04T00:49:21.000,20.69,15.5,2.75,18.9,20.52,3302,-40.86,-28.0,0.295
2024-04-04T00:50:21.000,20.68,15.49,2.75,18.9,20.52,3303,-40.81,-28.0,0.294
2024-04-04T00:51:21.000,20.69,15.53,2.74,18.91,20.52,3304,-40.76,-28.0,0.294
2024-04-04T00:52:22.000,20.69,15.5,2.75,18.9,20.52,3305,-40.7,-28.0,0.294
2024-04-04T00:53:22.000,20.69,15.49,2.76,18.9,20.52,3306,-40.64,-28.0,0.294
2024-04-04T00:54:22.000,20.68,15.5,2.76,18.9,20.52,3307,-40.59,-27.0,0.294
2024-04-04T00:55:22.000,20.69,15.51,2.77,18.9,20.52,3308,-40.53,-27.0,0.294
2024-04-04T00:56:22.000,20.69,15.5,2.76,18.9,20.52,3309,-40.47,-27.0,0.294
2024-04-04T00:57:22.000,20.69,15.5,2.77,18.89,20.52,3310,-40.41,-27.0,0.294
2024-04-04T00:58:22.000,20.69,15.5,2.77,18.89,20.52,3311,-40.35,-27.0,0.294
2024-04-04T00:59:22.000,20.69,15.52,2.76,18.9,20.52,3312,-40.29,-26.0,0.294
2024-04-04T01:00:22.000,20.69,15.5,2.76,18.9,20.52,3313,-40.22,-26.0,0.294
2024-04-04T01:01:23.000,20.69,15.5,2.75,18.9,20.52,3314,-40.16,-26.0,0.294
2024-04-04T01:02:23.000,20.68,15.48,2.75,18.9,20.52,3315,-40.09,-26.0,0.294
2024-04-04T01:03:23.000,20.68,15.5,2.74,18.91,20.52,3316,-40.03,-26.0,0.293
2024-04-04T01:04:23.000,20.68,15.52,2.74,18.9,20.52,3317,-39.96,-26.0,0.293
2024-04-04T01:05:23.000,20.68,15.49,2.74,18.9,20.52,3318,-39.89,-25.0,0.293
2024-04-04T01:06:23.000,20.68,15.5,2.76,18.9,20.52,3319,-39.83,-25.0,0.293
2024-04-04T01:07:23.000,20.69,15.52,2.76,18.9,20.52,3320,-39.76,-25.0,0.293
2024-04-04T01:08:23.000,20.69,15.53,2.77,18.89,20.52,3321,-39.69,-25.0,0.293
2024-04-04T01:09:24.000,20.68,15.48,2.76,18.9,20.52,3322,-39.61,-25.0,0.293
2024-04-04T01:10:24.000,20.68,15.5,2.76,18.9,20.52,3323,-39.54,-25.0,0.293
2024-04-04T01:11:24.000,20.68,15.48,2.75,18.9,20.52,3324,-39.47,-24.0,0.293
2024-04-04T01:12:24.000,20.68,15.5,2.75,18.9,20.52,3325,-39.39,-24.0,0.293
2024-04-04T01:13:24.000,20.68,15.5,2.76,18.9,20.52,3326,-39.32,-24.0,0.293
2024-04-04T01:14:24.000,20.68,15.54,2.76,18.9,20.52,3327,-39.24,-24.0,0.293
2024-04-04T01:15:25.000,20.68,15.5,2.77,18.89,20.52,3328,-39.17,-24.0,0.293
2024-04-04T01:16:25.000,20.68,15.49,2.74,18.9,20.52,3329,-39.09,-23.0,0.293
2024-04-04T01:18:30.000,20.68,15.49,2.75,18.9,20.52,3331,-38.92,-23.0,0.292
2024-04-04T01:19:31.000,20.68,15.46,2.75,18.9,20.52,3332,-38.84,-23.0,0.292
2024-04-04T01:20:31.000,20.68,15.52,2.75,18.9,20.52,3333,-38.76,-23.0,0.292
2024-04-04T01:21:31.000,20.68,15.49,2.75,18.9,20.52,3334,-38.68,-23.0,0.292
2024-04-04T01:22:31.000,20.68,15.48,2.75,18.9,20.52,3335,-38.59,-22.0,0.292
2024-04-04T01:23:31.000,20.68,15.5,2.75,18.9,20.52,3336,-38.51,-22.0,0.292
2024-04-04T01:24:32.000,20.69,15.55,2.76,18.9,20.52,3337,-38.42,-22.0,0.292
2024-04-04T01:25:32.000,20.69,15.49,2.74,18.91,20.52,3338,-38.34,-22.0,0.292
2024-04-04T01:26:32.000,20.69,15.52,2.75,18.9,20.52,3339,-38.25,-22.0,0.292
2024-04-04T01:27:32.000,20.69,15.51,2.75,18.9,20.52,3340,-38.16,-21.0,0.292
2024-04-04T01:28:32.000,20.68,15.47,2.75,18.9,20.52,3341,-38.08,-21.0,0.292
2024-04-04T01:29:32.000,20.68,15.53,2.75,18.9,20.52,3342,-37.99,-21.0,0.292
2024-04-04T01:30:32.000,20.68,15.49,2.77,18.89,20.52,3343,-37.9,-21.0,0.292
2024-04-04T01:31:33.000,20.68,15.45,2.75,18.9,20.52,3344,-37.81,-21.0,0.291
2024-04-04T01:32:33.000,20.68,15.51,2.75,18.9,20.52,3345,-37.71,-21.0,0.291
2024-04-04T01:33:33.000,20.68,15.52,2.75,18.9,20.52,3346,-37.62,-20.0,0.291
2024-04-04T01:34:33.000,20.69,15.5,2.75,18.9,20.52,3347,-37.53,-20.0,0.291
2024-04-04T01:35:33.000,20.68,15.51,2.76,18.9,20.52,3348,-37.43,-20.0,0.291
2024-04-04T01:36:33.000,20.68,15.48,2.75,18.9,20.52,3349,-37.34,-20.0,0.291
2024-04-04T01:37:33.000,20.68,15.48,2.76,18.9,20.52,3350,-37.24,-20.0,0.291
2024-04-04T01:38:33.000,20.68,15.51,2.77,18.89,20.52,3351,-37.15,-20.0,0.291
2024-04-04T01:39:33.000,20.68,15.5,2.77,18.89,20.52,3352,-37.05,-19.0,0.291
2024-04-04T01:40:33.000,20.68,15.47,2.76,18.9,20.52,3353,-36.95,-19.0,0.291
2024-04-04T01:41:34.000,20.68,15.48,2.76,18.9,20.52,3354,-36.85,-19.0,0.291
2024-04-04T01:42:34.000,20.67,15.44,2.76,18.9,20.52,3355,-36.75,-19.0,0.291
2024-04-04T01:43:34.000,20.67,15.47,2.76,18.9,20.52,3356,-36.65,-19.0,0.291
2024-04-04T01:44:34.000,20.67,15.46,2.74,18.9,20.52,3357,-36.55,-19.0,0.29
2024-04-04T01:45:34.000,20.67,15.49,2.77,18.89,20.52,3358,-36.45,-18.0,0.29
2024-04-04T01:46:34.000,20.67,15.5,2.75,18.9,20.52,3359,-36.35,-18.0,0.29
2024-04-04T01:47:34.000,20.67,15.49,2.76,18.9,20.52,3360,-36.24,-18.0,0.29
2024-04-04T01:48:34.000,20.67,15.46,2.77,18.89,20.52,3361,-36.14,-18.0,0.29
2024-04-04T01:49:35.000,20.67,15.47,2.76,18.9,20.52,3362,-36.03,-18.0,0.29
2024-04-04T01:50:35.000,20.67,15.46,2.77,18.89,20.52,3363,-35.92,-17.0,0.29
2024-04-04T01:51:35.000,20.67,15.48,2.77,18.9,20.52,3364,-35.82,-17.0,0.29
2024-04-04T01:52:35.000,20.67,15.44,2.76,18.9,20.52,3365,-35.71,-17.0,0.29
2024-04-04T01:53:35.000,20.66,15.45,2.76,18.9,20.52,3366,-35.6,-17.0,0.29
2024-04-04T01:54:35.000,20.66,15.49,2.76,18.9,20.52,3367,-35.49,-17.0,0.29
2024-04-04T01:55:35.000,20.67,15.47,2.75,18.9,20.52,3368,-35.39,-17.0,0.29
2024-04-04T01:56:35.000,20.65,15.45,2.77,18.89,20.52,3369,-35.28,-16.0,0.29
2024-04-04T01:57:35.000,20.65,15.48,2.75,18.9,20.52,3370,-35.16,-16.0,0.29
2024-04-04T01:58:36.000,20.66,15.46,2.77,18.89,20.52,3371,-35.05,-16.0,0.289
2024-04-04T01:59:36.000,20.66,15.48,2.77,18.9,20.52,3372,-34.94,-16.0,0.289
2024-04-04T02:00:36.000,20.65,15.46,2.76,18.9,20.52,3373,-34.83,-16.0,0.289
2024-04-04T02:01:36.000,20.65,15.46,2.78,18.89,20.52,3374,-34.71,-16.0,0.289
2024-04-04T02:02:36.000,20.65,15.44,2.77,18.89,20.52,3375,-34.6,-15.0,0.289
2024-04-04T02:03:36.000,20.65,15.46,2.76,18.9,20.52,3376,-34.48,-15.0,0.289
2024-04-04T02:04:36.000,20.66,15.47,2.76,18.9,20.52,3377,-34.37,-15.0,0.289
2024-04-04T02:05:36.000,20.65,15.44,2.76,18.9,20.52,3378,-34.25,-15.0,0.289
2024-04-04T02:06:36.000,20.65,15.46,2.75,18.9,20.52,3379,-34.13,-15.0,0.289
2024-04-04T02:07:36.000,20.65,15.47,2.75,18.9,20.52,3380,-34.02,-15.0,0.289
2024-04-04T02:08:37.000,20.65,15.45,2.77,18.89,20.52,3381,-33.9,-14.0,0.289
2024-04-04T02:09:37.000,20.65,15.45,2.77,18.9,20.52,3382,-33.78,-14.0,0.289
2024-04-04T02:10:37.000,20.64,15.44,2.75,18.9,20.52,3383,-33.66,-14.0,0.289
2024-04-04T02:11:37.000,20.64,15.46,2.77,18.9,20.52,3384,-33.54,-14.0,0.289
2024-04-04T02:12:37.000,20.65,15.48,2.75,18.9,20.52,3385,-33.42,-14.0,0.288
2024-04-04T02:13:37.000,20.65,15.47,2.75,18.9,20.52,3386,-33.29,-14.0,0.288
2024-04-04T02:14:37.000,20.65,15.45,2.77,18.9,20.52,3387,-33.17,-13.0,0.288
2024-04-04T02:15:37.000,20.65,15.45,2.74,18.9,20.52,3388,-33.05,-13.0,0.288
2024-04-04T02:16:37.000,20.65,15.46,2.76,18.9,20.52,3389,-32.93,-13.0,0.288
2024-04-04T02:17:38.000,20.64,15.44,2.78,18.89,20.52,3390,-32.8,-13.0,0.288
2024-04-04T02:18:38.000,20.64,15.46,2.75,18.9,20.52,3391,-32.67,-13.0,0.288
2024-04-04T02:19:38.000,20.64,15.44,2.77,18.9,20.52,3392,-32.55,-12.0,0.288
2024-04-04T02:20:38.000,20.64,15.45,2.77,18.89,20.52,3393,-32.42,-12.0,0.288
2024-04-04T02:21:38.000,20.64,15.48,2.77,18.9,20.52,3394,-32.3,-12.0,0.288
2024-04-04T02:22:38.000,20.64,15.45,2.76,18.9,20.52,3395,-32.17,-12.0,0.288
2024-04-04T02:23:38.000,20.64,15.46,2.76,18.9,20.52,3396,-32.04,-12.0,0.288
2024-04-04T02:24:38.000,20.64,15.45,2.75,18.9,20.52,3397,-31.91,-12.0,0.288
2024-04-04T02:25:38.000,20.64,15.44,2.76,18.9,20.52,3398,-31.78,-11.0,0.288
2024-04-04T02:26:39.000,20.64,15.46,2.76,18.9,20.52,3399,-31.65,-11.0,0.287
2024-04-04T02:27:39.000,20.64,15.47,2.75,18.9,20.52,3400,-31.52,-11.0,0.287
2024-04-04T02:28:39.000,20.64,15.49,2.75,18.9,20.52,3401,-31.39,-11.0,0.287
2024-04-04T02:29:39.000,20.64,15.47,2.76,18.9,20.52,3402,-31.26,-11.0,0.287
2024-04-04T02:30:39.000,20.65,15.49,2.76,18.9,20.52,3403,-31.13,-11.0,0.287
2024-04-04T02:31:39.000,20.65,15.46,2.73,18.91,20.52,3404,-31.0,-10.0,0.287
2024-04-04T02:32:39.000,20.64,15.46,2.74,18.9,20.52,3405,-30.86,-10.0,0.287
2024-04-04T02:33:40.000,20.65,15.51,2.75,18.9,20.52,3406,-30.73,-10.0,0.287
2024-04-04T02:34:40.000,20.65,15.46,2.73,18.91,20.52,3407,-30.59,-10.0,0.287
2024-04-04T02:35:40.000,20.64,15.47,2.73,18.91,20.52,3408,-30.46,-10.0,0.287
2024-04-04T02:36:40.000,20.64,15.49,2.75,18.9,20.52,3409,-30.32,-10.0,0.287
2024-04-04T02:37:40.000,20.65,15.52,2.75,18.9,20.52,3410,-30.19,-9.0,0.287
2024-04-04T02:38:40.000,20.65,15.45,2.73,18.91,20.52,3411,-30.05,-9.0,0.287
2024-04-04T02:39:40.000,20.64,15.49,2.75,18.9,20.52,3412,-29.91,-9.0,0.286
2024-04-04T02:40:40.000,20.65,15.47,2.74,18.91,20.52,3413,-29.78,-9.0,0.286
2024-04-04T02:41:40.000,20.64,15.49,2.74,18.91,20.52,3414,-29.64,-9.0,0.286
2024-04-04T02:42:41.000,20.64,15.45,2.76,18.9,20.52,3415,-29.5,-9.0,0.286
2024-04-04T02:43:41.000,20.64,15.48,2.76,18.9,20.52,3416,-29.36,-8.0,0.286
2024-04-04T02:44:41.000,20.64,15.47,2.76,18.9,20.52,3417,-29.22,-8.0,0.286
2024-04-04T02:45:41.000,20.64,15.45,2.75,18.9,20.52,3418,-29.08,-8.0,0.286
2024-04-04T02:46:41.000,20.64,15.5,2.76,18.9,20.52,3419,-28.94,-8.0,0.286
2024-04-04T02:47:42.000,20.64,15.46,2.78,18.89,20.52,3420,-28.8,-8.0,0.286
2024-04-04T02:48:42.000,20.64,15.48,2.76,18.9,20.52,3421,-28.66,-8.0,0.286
2024-04-04T02:49:42.000,20.64,15.5,2.75,18.9,20.52,3422,-28.51,-7.0,0.286
2024-04-04T02:50:42.000,20.64,15.49,2.75,18.9,20.52,3423,-28.37,-7.0,0.286
2024-04-04T02:51:42.000,20.64,15.48,2.76,18.9,20.52,3424,-28.23,-7.0,0.286
2024-04-04T02:52:42.000,20.64,15.48,2.76,18.9,20.52,3425,-28.09,-7.0,0.286
2024-04-04T02:53:42.000,20.64,15.46,2.75,18.9,20.52,3426,-27.94,-7.0,0.285
2024-04-04T02:54:42.000,20.63,15.46,2.75,18.9,20.52,3427,-27.8,-7.0,0.285
2024-04-04T02:55:43.000,20.63,15.49,2.75,18.9,20.52,3428,-27.65,-6.0,0.285
2024-04-04T02:56:43.000,20.63,15.44,2.75,18.9,20.52,3429,-27.51,-6.0,0.285
2024-04-04T02:57:43.000,20.63,15.51,2.74,18.91,20.52,3430,-27.36,-6.0,0.285
2024-04-04T02:58:43.000,20.64,15.47,2.73,18.91,20.52,3431,-27.21,-6.0,0.285
2024-04-04T02:59:43.000,20.64,15.48,2.73,18.91,20.52,3432,-27.07,-6.0,0.285
2024-04-04T03:00:43.000,20.63,15.46,2.74,18.91,20.52,3433,-26.92,-6.0,0.285
2024-04-04T03:01:43.000,20.64,15.5,2.74,18.9,20.52,3434,-26.77,-5.0,0.285
2024-04-04T03:02:43.000,20.63,15.45,2.75,18.9,20.52,3435,-26.62,-5.0,0.285
2024-04-04T03:03:44.000,20.63,15.45,2.76,18.9,20.52,3436,-26.47,-5.0,0.285
2024-04-04T03:04:44.000,20.63,15.48,2.74,18.9,20.52,3437,-26.33,-5.0,0.285
2024-04-04T03:05:44.000,20.63,15.45,2.75,18.9,20.52,3438,-26.18,-5.0,0.285
2024-04-04T03:06:44.000,20.62,15.44,2.77,18.89,20.52,3439,-26.03,-5.0,0.285
2024-04-04T03:07:44.000,20.63,15.5,2.78,18.89,20.52,3440,-25.88,-5.0,0.284
2024-04-04T03:08:44.000,20.63,15.48,2.77,18.89,20.52,3441,-25.73,-4.0,0.284
2024-04-04T03:09:51.000,20.63,15.45,2.79,18.89,20.52,3442,-25.56,-4.0,0.284
2024-04-04T03:10:51.000,20.63,15.47,2.78,18.89,20.52,3443,-25.41,-4.0,0.284
2024-04-04T03:11:51.000,20.63,15.47,2.78,18.89,20.52,3444,-25.25,-4.0,0.284
2024-04-04T03:12:51.000,20.63,15.49,2.78,18.89,20.52,3445,-25.1,-4.0,0.284
2024-04-04T03:13:51.000,20.64,15.5,2.78,18.89,20.52,3446,-24.95,-4.0,0.284
2024-04-04T03:14:51.000,20.63,15.45,2.77,18.9,20.52,3447,-24.8,-3.0,0.284
2024-04-04T03:15:51.000,20.62,15.46,2.78,18.89,20.52,3448,-24.64,-3.0,0.284
2024-04-04T03:16:52.000,20.63,15.46,2.79,18.89,20.52,3449,-24.49,-3.0,0.284
2024-04-04T03:17:52.000,20.62,15.46,2.78,18.89,20.52,3450,-24.33,-3.0,0.284
2024-04-04T03:18:52.000,20.63,15.47,2.78,18.89,20.52,3451,-24.18,-3.0,0.284
2024-04-04T03:19:52.000,20.63,15.47,2.79,18.89,20.52,3452,-24.02,-3.0,0.284
2024-04-04T03:20:52.000,20.63,15.5,2.77,18.89,20.52,3453,-23.87,-2.0,0.283
2024-04-04T03:21:52.000,20.63,15.45,2.76,18.9,20.52,3454,-23.71,-2.0,0.283
2024-04-04T03:22:53.000,20.62,15.45,2.76,18.9,20.52,3455,-23.55,-2.0,0.283
2024-04-04T03:23:53.000,20.62,15.46,2.77,18.89,20.52,3456,-23.4,-2.0,0.283
2024-04-04T03:24:53.000,20.63,15.48,2.75,18.9,20.52,3457,-23.24,-2.0,0.283
2024-04-04T03:25:53.000,20.63,15.46,2.76,18.9,20.52,3458,-23.08,-2.0,0.283
2024-04-04T03:26:53.000,20.62,15.45,2.78,18.89,20.52,3459,-22.93,-1.0,0.283
2024-04-04T03:27:53.000,20.62,15.47,2.75,18.9,20.52,3460,-22.77,-1.0,0.283
2024-04-04T03:28:53.000,20.62,15.46,2.76,18.9,20.52,3461,-22.61,-1.0,0.283
2024-04-04T03:29:53.000,20.62,15.47,2.76,18.9,20.52,3462,-22.45,-1.0,0.283
2024-04-04T03:30:53.000,20.61,15.45,2.77,18.89,20.52,3463,-22.29,-1.0,0.283
