ecsv/stars62/stars62_2025-04.ecsv
# %ECSV 1.0
# ---
# datatype:
# - {name: time, datatype: string}
# - {name: Enclosure Temperature, unit: deg_C, datatype: float64}
# - {name: Sky Temperature, unit: deg_C, datatype: float64}
# - {name: Frequency, unit: Hz, datatype: float64}
# - {name: MSAS, unit: mag / arcsec2, datatype: float64}
# - {name: ZP, datatype: float64}
# - {name: Sequence Number, datatype: int64}
# - {name: Sun Alt, unit: deg, datatype: float64}
# - {name: Moon Alt, unit: deg, datatype: float64}
# - {name: Moon Illumination, datatype: float64}
# delimiter: ','
# meta: !!omap
# - ida:
#     Data supplier: {affiliation: Salvador Ribas, observer: Salvador Ribas}
#     Device type: TESS-W
#     Field of view: 17.0
#     Filters per channel: None
#     Instrument ID: stars62
#     License: ODbL 1.0 http://opendatacommons.org/licenses/odbl/summary/
#     Local timezone: Europe/Madrid
#     Location name: {country: Spain, place: "Centre d'Observaci\xF3 de l'Univers", region: Catalonia, sub_region: Noguera, town: "\xC0\
#         ger"}
#     Measurement direction per channel: {azimuth: 0.0, zenital: 0.0}
#     Moving / Fixed look direction: FIXED
#     Moving / Stationary position: STATIONARY
#     Number of channels: 1
#     Number of fields per line: 8
#     Number of header lines: 35
#     Position: {height: 0.0, latitude: 42.02459, longitude: 0.734797}
#     TESS MAC address: 5C:CF:7F:8B:E2:A0
#     TESS cover offset value: 0.0
#     TESS firmware version: Unknown
#     TESS zero point: 20.52
#     Time Synchronization: timestamp added by MQTT subscriber
#     URL: http://www.darksky.org/NSBM/sdf1.0.pdf
# - __serialized_columns__:
#     Enclosure Temperature:
#       __class__: astropy.units.quantity.Quantity
#       unit: &id001 !astropy.units.Unit {unit: deg_C}
#       value: !astropy.table.SerializedColumn {name: Enclosure Temperature}
#     Frequency:
#       __class__: astropy.units.quantity.Quantity
#       unit: !astropy.units.Unit {unit: Hz}
#       value: !astropy.table.SerializedColumn {name: Frequency}
#     MSAS:
#       __class__: astropy.units.quantity.Quantity
#       unit: !astropy.units.Unit {unit: mag / arcsec2}
#       value: !astropy.table.SerializedColumn {name: MSAS}
#     Moon Alt:
#       __class__: astropy.units.quantity.Quantity
#       unit: &id002 !astropy.units.Unit {unit: deg}
#       value: !astropy.table.SerializedColumn {name: Moon Alt}
#     Sky Temperature:
#       __class__: astropy.units.quantity.Quantity
#       unit: *id001
#       value: !astropy.table.SerializedColumn {name: Sky Temperature}
#     Sun Alt:
#       __class__: astropy.units.quantity.Quantity
#       unit: *id002
#       value: !astropy.table.SerializedColumn {name: Sun Alt}
#     time:
#       __class__: astropy.time.core.Time
#       format: isot
#       in_subfmt: '*'
#       out_subfmt: '*'
#       precision: 3
#       scale: utc
#       value: !astropy.table.SerializedColumn {name: time}
# schema: astropy-2.0
time,Enclosure Temperature,Sky Temperature,Frequency,MSAS,ZP,Sequence Number,Sun Alt,Moon Alt,Moon Illumination
[from data line 418]
2025-04-14T19:21:21.000,9.93,3.81,21.69,16.66,20.52,28,-8.63,-12.0,0.971
2025-04-14T19:22:21.000,10.1,3.66,18.5,16.83,20.52,29,-8.8,-11.0,0.971
2025-04-14T19:23:22.000,10.18,3.6,16.52,16.96,20.52,30,-8.98,-11.0,0.971
2025-04-14T19:24:22.000,9.97,4.24,14.0,17.14,20.52,31,-9.15,-11.0,0.971
2025-04-14T19:25:22.000,9.93,4.73,12.01,17.3,20.52,32,-9.32,-11.0,0.971
2025-04-14T19:26:22.000,10.03,4.84,9.88,17.51,20.52,33,-9.49,-11.0,0.971
2025-04-14T19:27:22.000,10.16,5.03,7.99,17.75,20.52,34,-9.67,-11.0,0.97
2025-04-14T19:28:24.000,10.01,5.25,6.29,18.01,20.52,35,-9.84,-10.0,0.97
2025-04-14T19:29:23.000,9.82,5.39,4.97,18.26,20.52,36,-10.01,-10.0,0.97
2025-04-14T19:30:23.000,9.85,5.49,4.41,18.39,20.52,37,-10.18,-10.0,0.97
2025-04-14T19:31:23.000,10.03,5.59,4.34,18.41,20.52,38,-10.35,-10.0,0.97
2025-04-14T19:32:25.000,10.27,5.71,4.98,18.26,20.52,39,-10.53,-10.0,0.97
2025-04-14T19:36:40.000,9.76,4.49,4.06,18.48,20.52,43,-11.25,-9.0,0.97
2025-04-14T19:37:40.000,9.73,3.95,3.2,18.74,20.52,44,-11.42,-9.0,0.97
2025-04-14T19:38:41.000,9.83,4.22,2.43,19.04,20.52,45,-11.59,-9.0,0.97
2025-04-14T19:39:41.000,9.9,3.37,1.92,19.29,20.52,46,-11.76,-8.0,0.97
2025-04-14T19:40:41.000,9.96,2.93,1.58,19.5,20.52,47,-11.93,-8.0,0.97
2025-04-14T19:41:41.000,10.09,2.57,1.37,19.66,20.52,48,-12.09,-8.0,0.97
2025-04-14T19:42:43.000,10.03,2.13,1.17,19.83,20.52,49,-12.27,-8.0,0.97
2025-04-14T19:43:42.000,9.72,1.56,1.04,19.96,20.52,50,-12.43,-8.0,0.97
2025-04-14T19:44:42.000,9.62,1.89,1.02,19.98,20.52,51,-12.6,-8.0,0.97
2025-04-14T19:45:42.000,9.73,2.75,0.94,20.06,20.52,52,-12.77,-7.0,0.97
2025-04-14T19:46:42.000,9.95,3.65,0.86,20.16,20.52,53,-12.93,-7.0,0.97
2025-04-14T19:47:42.000,10.26,3.94,0.88,20.14,20.52,54,-13.1,-7.0,0.97
2025-04-14T19:48:46.000,10.39,3.5,0.85,20.18,20.52,55,-13.28,-7.0,0.97
2025-04-14T19:50:51.000,9.71,0.28,0.64,20.49,20.52,57,-13.62,-7.0,0.97
2025-04-14T19:51:51.000,9.52,-0.4,0.64,20.49,20.52,58,-13.79,-6.0,0.97
2025-04-14T19:52:51.000,9.49,-0.58,0.6,20.56,20.52,59,-13.95,-6.0,0.97
2025-04-14T19:53:51.000,9.5,-0.48,0.61,20.53,20.52,60,-14.12,-6.0,0.97
2025-04-14T19:54:51.000,9.54,-0.66,0.61,20.54,20.52,61,-14.28,-6.0,0.97
2025-04-14T19:55:51.000,9.6,-1.26,0.57,20.61,20.52,62,-14.45,-6.0,0.97
2025-04-14T19:56:51.000,9.72,-1.88,0.54,20.67,20.52,63,-14.61,-6.0,0.97
2025-04-14T19:57:51.000,9.79,-2.9,0.5,20.75,20.52,64,-14.77,-5.0,0.97
2025-04-14T19:58:51.000,9.96,-3.18,0.49,20.77,20.52,65,-14.94,-5.0,0.97
2025-04-14T19:59:51.000,10.07,-3.94,0.48,20.8,20.52,66,-15.1,-5.0,0.97
2025-04-14T20:00:52.000,9.86,-4.34,0.48,20.8,20.52,67,-15.27,-5.0,0.97
2025-04-14T20:01:52.000,9.64,-4.35,0.48,20.81,20.52,68,-15.43,-5.0,0.97
2025-04-14T20:02:52.000,9.51,-5.85,0.43,20.92,20.52,69,-15.59,-5.0,0.97
2025-04-14T20:03:52.000,9.39,-6.59,0.42,20.94,20.52,70,-15.75,-5.0,0.97
2025-04-14T20:04:52.000,9.46,-6.64,0.42,20.93,20.52,71,-15.91,-4.0,0.97
2025-04-14T20:05:52.000,9.54,-6.88,0.44,20.9,20.52,72,-16.08,-4.0,0.97
2025-04-14T20:06:52.000,9.64,-6.96,0.47,20.83,20.52,73,-16.24,-4.0,0.97
2025-04-14T20:07:52.000,9.67,-7.25,0.47,20.81,20.52,74,-16.4,-4.0,0.97
2025-04-14T20:08:52.000,9.75,-7.04,0.48,20.8,20.52,75,-16.56,-4.0,0.97
2025-04-14T20:09:52.000,9.95,-6.39,0.48,20.8,20.52,76,-16.72,-4.0,0.97
2025-04-14T20:10:52.000,10.25,-5.18,0.49,20.77,20.52,77,-16.88,-3.0,0.97
2025-04-14T20:11:59.000,10.36,-3.9,0.51,20.74,20.52,78,-17.05,-3.0,0.969
2025-04-14T20:15:09.000,9.81,-3.81,0.51,20.73,20.52,81,-17.56,-3.0,0.969
2025-04-14T20:16:08.000,9.66,-5.27,0.5,20.76,20.52,82,-17.71,-3.0,0.969
2025-04-14T20:17:08.000,9.76,-6.16,0.51,20.74,20.52,83,-17.87,-2.0,0.969
2025-04-14T20:18:08.000,9.78,-7.18,0.53,20.68,20.52,84,-18.03,-2.0,0.969
2025-04-14T20:19:08.000,9.84,-7.42,0.53,20.69,20.52,85,-18.18,-2.0,0.969
2025-04-14T20:20:08.000,9.9,-8.0,0.52,20.71,20.52,86,-18.34,-2.0,0.969
2025-04-14T20:21:08.000,10.0,-8.34,0.52,20.7,20.52,87,-18.5,-2.0,0.969
2025-04-14T20:22:08.000,10.12,-8.28,0.55,20.65,20.52,88,-18.65,-2.0,0.969
2025-04-14T20:23:14.000,10.02,-8.46,0.56,20.62,20.52,89,-18.82,-1.0,0.969
2025-04-14T20:24:14.000,9.66,-9.12,0.56,20.62,20.52,90,-18.98,-1.0,0.969
2025-04-14T20:25:14.000,9.52,-9.69,0.55,20.66,20.52,91,-19.13,-1.0,0.969
2025-04-14T20:26:14.000,9.51,-10.17,0.51,20.72,20.52,92,-19.29,-1.0,0.969
2025-04-14T20:27:14.000,9.61,-10.34,0.51,20.73,20.52,93,-19.44,-1.0,0.969
2025-04-14T20:28:14.000,9.76,-10.46,0.52,20.7,20.52,94,-19.59,-1.0,0.969
2025-04-14T20:29:14.000,9.86,-10.66,0.54,20.67,20.52,95,-19.75,-0.0,0.969
2025-04-14T20:30:14.000,9.96,-10.83,0.55,20.65,20.52,96,-19.9,-0.0,0.969
2025-04-14T20:31:14.000,10.09,-10.82,0.56,20.63,20.52,97,-20.05,-0.0,0.969
2025-04-14T20:33:20.000,9.73,-10.52,0.62,20.52,20.52,99,-20.37,0.0,0.969
2025-04-14T20:34:20.000,9.56,-10.52,0.64,20.49,20.52,100,-20.52,0.0,0.969
2025-04-14T20:35:20.000,9.52,-10.44,0.66,20.45,20.52,101,-20.67,1.0,0.969
2025-04-14T20:36:20.000,9.61,-10.19,0.69,20.41,20.52,102,-20.83,1.0,0.969
2025-04-14T20:37:20.000,9.76,-10.12,0.71,20.37,20.52,103,-20.98,1.0,0.969
2025-04-14T20:38:20.000,9.88,-10.05,0.72,20.35,20.52,104,-21.12,1.0,0.969
2025-04-14T20:39:20.000,10.08,-10.06,0.75,20.32,20.52,105,-21.27,1.0,0.969
2025-04-14T20:40:23.000,10.18,-10.05,0.76,20.3,20.52,106,-21.43,1.0,0.969
2025-04-14T20:42:27.000,9.58,-10.58,0.77,20.28,20.52,108,-21.74,2.0,0.969
2025-04-14T20:43:27.000,9.41,-10.75,0.77,20.28,20.52,109,-21.88,2.0,0.969
2025-04-14T20:44:27.000,9.45,-10.77,0.82,20.22,20.52,110,-22.03,2.0,0.969
2025-04-14T20:45:27.000,9.58,-10.91,0.93,20.08,20.52,111,-22.18,2.0,0.969
2025-04-14T20:46:27.000,9.68,-11.09,1.02,19.98,20.52,112,-22.32,2.0,0.969
2025-04-14T20:47:27.000,9.73,-11.34,1.05,19.95,20.52,113,-22.47,2.0,0.969
2025-04-14T20:48:28.000,9.82,-11.3,1.08,19.92,20.52,114,-22.62,3.0,0.969
2025-04-14T20:49:28.000,9.93,-11.59,1.13,19.86,20.52,115,-22.76,3.0,0.969
2025-04-14T20:50:28.000,10.04,-11.52,1.15,19.85,20.52,116,-22.91,3.0,0.969
2025-04-14T20:51:28.000,10.12,-11.66,1.13,19.87,20.52,117,-23.05,3.0,0.969
2025-04-14T20:52:28.000,9.83,-11.92,1.07,19.93,20.52,118,-23.2,3.0,0.969
2025-04-14T20:53:28.000,9.55,-11.97,1.01,19.99,20.52,119,-23.34,3.0,0.969
2025-04-14T20:54:28.000,9.52,-12.21,0.99,20.01,20.52,120,-23.48,3.0,0.969
2025-04-14T20:55:28.000,9.5,-12.6,0.9,20.12,20.52,121,-23.62,4.0,0.969
2025-04-14T20:56:28.000,9.56,-12.76,0.83,20.2,20.52,122,-23.77,4.0,0.968
2025-04-14T20:57:28.000,9.64,-13.1,0.76,20.29,20.52,123,-23.91,4.0,0.968
2025-04-14T20:58:28.000,9.68,-13.32,0.72,20.36,20.52,124,-24.05,4.0,0.968
2025-04-14T20:59:28.000,9.72,-13.55,0.69,20.4,20.52,125,-24.19,4.0,0.968
2025-04-14T21:00:28.000,9.75,-13.72,0.68,20.42,20.52,126,-24.33,4.0,0.968
2025-04-14T21:01:28.000,9.67,-14.17,0.68,20.42,20.52,127,-24.47,4.0,0.968
2025-04-14T21:02:28.000,9.54,-14.22,0.69,20.41,20.52,128,-24.61,5.0,0.968
2025-04-14T21:03:28.000,9.47,-14.17,0.7,20.38,20.52,129,-24.75,5.0,0.968
2025-04-14T21:04:29.000,9.51,-13.91,0.72,20.35,20.52,130,-24.89,5.0,0.968
2025-04-14T21:05:29.000,9.54,-13.9,0.75,20.31,20.52,131,-25.02,5.0,0.968
2025-04-14T21:06:29.000,9.65,-13.72,0.79,20.26,20.52,132,-25.16,5.0,0.968
2025-04-14T21:07:29.000,9.66,-13.93,0.85,20.18,20.52,133,-25.3,5.0,0.968
2025-04-14T21:08:29.000,9.68,-13.83,0.92,20.09,20.52,134,-25.43,6.0,0.968
2025-04-14T21:09:29.000,9.64,-13.99,0.96,20.04,20.52,135,-25.57,6.0,0.968
2025-04-14T21:10:29.000,9.59,-14.06,0.99,20.01,20.52,136,-25.71,6.0,0.968
2025-04-14T21:11:29.000,9.59,-13.84,1.02,19.97,20.52,137,-25.84,6.0,0.968
2025-04-14T21:12:29.000,9.59,-14.02,1.03,19.96,20.52,138,-25.97,6.0,0.968
2025-04-14T21:13:29.000,9.5,-14.16,1.03,19.96,20.52,139,-26.11,6.0,0.968
2025-04-14T21:14:29.000,9.44,-13.91,1.05,19.94,20.52,140,-26.24,6.0,0.968
2025-04-14T21:15:29.000,9.45,-13.94,1.08,19.92,20.52,141,-26.37,7.0,0.968
2025-04-14T21:16:29.000,9.4,-14.0,1.09,19.9,20.52,142,-26.51,7.0,0.968
2025-04-14T21:17:29.000,9.32,-14.07,1.11,19.89,20.52,143,-26.64,7.0,0.968
2025-04-14T21:18:29.000,9.27,-13.99,1.12,19.88,20.52,144,-26.77,7.0,0.968
2025-04-14T21:19:30.000,9.26,-13.92,1.13,19.87,20.52,145,-26.9,7.0,0.968
2025-04-14T21:20:30.000,9.29,-13.8,1.15,19.85,20.52,146,-27.03,7.0,0.968
2025-04-14T21:21:30.000,9.33,-13.67,1.16,19.84,20.52,147,-27.16,7.0,0.968
2025-04-14T21:22:30.000,9.39,-13.76,1.18,19.82,20.52,148,-27.29,8.0,0.968
2025-04-14T21:23:30.000,9.44,-13.71,1.19,19.81,20.52,149,-27.42,8.0,0.968
2025-04-14T21:24:30.000,9.43,-13.93,1.19,19.81,20.52,150,-27.54,8.0,0.968
2025-04-14T21:25:30.000,9.37,-13.91,1.2,19.8,20.52,151,-27.67,8.0,0.968
2025-04-14T21:26:30.000,9.35,-13.79,1.22,19.79,20.52,152,-27.8,8.0,0.968
2025-04-14T21:27:30.000,9.39,-13.72,1.22,19.78,20.52,153,-27.92,8.0,0.968
2025-04-14T21:28:30.000,9.46,-13.59,1.24,19.77,20.52,154,-28.05,8.0,0.968
2025-04-14T21:29:30.000,9.56,-13.54,1.25,19.76,20.52,155,-28.17,9.0,0.968
2025-04-14T21:30:31.000,9.61,-13.68,1.27,19.74,20.52,156,-28.3,9.0,0.968
2025-04-14T21:31:31.000,9.6,-13.88,1.27,19.74,20.52,157,-28.42,9.0,0.968
2025-04-14T21:32:31.000,9.59,-13.88,1.28,19.73,20.52,158,-28.55,9.0,0.968
2025-04-14T21:33:31.000,9.59,-13.74,1.29,19.72,20.52,159,-28.67,9.0,0.968
2025-04-14T21:34:31.000,9.6,-13.94,1.31,19.71,20.52,160,-28.79,9.0,0.968
2025-04-14T21:35:31.000,9.58,-14.09,1.33,19.69,20.52,161,-28.91,9.0,0.968
2025-04-14T21:36:31.000,9.56,-14.11,1.34,19.68,20.52,162,-29.03,9.0,0.968
2025-04-14T21:37:31.000,9.55,-13.96,1.34,19.68,20.52,163,-29.15,10.0,0.968
2025-04-14T21:38:31.000,9.54,-14.01,1.37,19.66,20.52,164,-29.27,10.0,0.968
2025-04-14T21:39:31.000,9.58,-13.77,1.37,19.66,20.52,165,-29.39,10.0,0.967
2025-04-14T21:40:31.000,9.62,-13.95,1.39,19.64,20.52,166,-29.51,10.0,0.967
2025-04-14T21:41:31.000,9.63,-14.02,1.41,19.62,20.52,167,-29.63,10.0,0.967
2025-04-14T21:42:32.000,9.61,-14.08,1.42,19.62,20.52,168,-29.75,10.0,0.967
2025-04-14T21:43:32.000,9.54,-14.2,1.43,19.61,20.52,169,-29.86,10.0,0.967
2025-04-14T21:44:32.000,9.52,-14.17,1.44,19.6,20.52,170,-29.98,11.0,0.967
2025-04-14T21:45:32.000,9.48,-14.08,1.44,19.61,20.52,171,-30.09,11.0,0.967
2025-04-14T21:46:32.000,9.5,-14.06,1.45,19.6,20.52,172,-30.21,11.0,0.967
2025-04-14T21:47:32.000,9.49,-14.12,1.46,19.59,20.52,173,-30.32,11.0,0.967
2025-04-14T21:48:32.000,9.5,-13.96,1.46,19.59,20.52,174,-30.43,11.0,0.967
2025-04-14T21:49:32.000,9.5,-14.12,1.46,19.59,20.52,175,-30.55,11.0,0.967
2025-04-14T21:50:32.000,9.52,-14.09,1.47,19.58,20.52,176,-30.66,11.0,0.967
2025-04-14T21:51:32.000,9.59,-14.06,1.47,19.58,20.52,177,-30.77,11.0,0.967
2025-04-14T21:52:32.000,9.58,-14.3,1.48,19.57,20.52,178,-30.88,12.0,0.967
2025-04-14T21:53:32.000,9.51,-14.44,1.48,19.57,20.52,179,-30.99,12.0,0.967
2025-04-14T21:54:32.000,9.5,-14.21,1.49,19.57,20.52,180,-31.1,12.0,0.967
2025-04-14T21:55:32.000,9.58,-13.97,1.5,19.56,20.52,181,-31.21,12.0,0.967
2025-04-14T21:56:32.000,9.66,-14.06,1.5,19.56,20.52,182,-31.31,12.0,0.967
2025-04-14T21:57:32.000,9.72,-14.16,1.51,19.55,20.52,183,-31.42,12.0,0.967
2025-04-14T21:58:32.000,9.76,-14.13,1.5,19.56,20.52,184,-31.53,12.0,0.967
2025-04-14T21:59:33.000,9.76,-14.11,1.51,19.55,20.52,185,-31.64,13.0,0.967
2025-04-14T22:00:33.000,9.79,-14.12,1.53,19.54,20.52,186,-31.74,13.0,0.967
2025-04-14T22:01:33.000,9.82,-14.05,1.54,19.53,20.52,187,-31.85,13.0,0.967
2025-04-14T22:02:33.000,9.85,-14.08,1.54,19.53,20.52,188,-31.95,13.0,0.967
2025-04-14T22:03:33.000,9.87,-14.17,1.54,19.53,20.52,189,-32.05,13.0,0.967
2025-04-14T22:04:33.000,9.83,-14.39,1.54,19.53,20.52,190,-32.15,13.0,0.967
2025-04-14T22:05:33.000,9.77,-14.21,1.56,19.52,20.52,191,-32.25,13.0,0.967
2025-04-14T22:06:33.000,9.81,-14.14,1.57,19.51,20.52,192,-32.36,13.0,0.967
2025-04-14T22:07:33.000,9.75,-14.26,1.59,19.5,20.52,193,-32.46,14.0,0.967
2025-04-14T22:08:33.000,9.73,-14.09,1.58,19.5,20.52,194,-32.55,14.0,0.967
2025-04-14T22:09:33.000,9.77,-13.99,1.59,19.5,20.52,195,-32.65,14.0,0.967
2025-04-14T22:10:34.000,9.84,-13.68,1.59,19.5,20.52,196,-32.75,14.0,0.967
2025-04-14T22:11:34.000,9.89,-13.52,1.61,19.49,20.52,197,-32.85,14.0,0.967
2025-04-14T22:12:34.000,10.1,-13.32,1.62,19.48,20.52,198,-32.95,14.0,0.967
2025-04-14T22:15:49.000,9.62,-13.05,1.64,19.47,20.52,201,-33.25,15.0,0.967
2025-04-14T22:16:49.000,9.6,-12.92,1.66,19.45,20.52,202,-33.35,15.0,0.967
2025-04-14T22:17:49.000,9.68,-12.94,1.67,19.44,20.52,203,-33.44,15.0,0.967
2025-04-14T22:18:49.000,9.84,-12.88,1.7,19.42,20.52,204,-33.53,15.0,0.967
2025-04-14T22:19:50.000,10.13,-12.64,1.7,19.42,20.52,205,-33.62,15.0,0.967
2025-04-14T22:28:32.000,9.74,-12.48,2.02,19.25,20.52,2,-34.38,16.0,0.966
2025-04-21T11:47:12.000,28.08,1.52,50000.0,0.0,20.52,2,59.95,-7.0,0.457
2025-04-21T11:48:12.000,28.33,1.18,50000.0,0.0,20.52,3,59.97,-7.0,0.457
2025-04-21T11:49:12.000,28.67,2.74,50000.0,0.0,20.52,4,59.98,-7.0,0.456
2025-04-21T18:25:43.000,13.16,-5.73,50000.0,0.0,20.52,400,2.61,-69.0,0.427
2025-04-21T18:26:43.000,13.11,-5.67,50000.0,0.0,20.52,401,2.43,-69.0,0.427
2025-04-21T18:27:43.000,13.04,-5.6,50000.0,0.0,20.52,402,2.25,-69.0,0.427
2025-04-21T18:28:43.000,13.0,-5.46,49722.48,0.09,20.52,403,2.07,-69.0,0.427
2025-04-21T18:29:43.000,12.97,-5.38,50000.0,0.0,20.52,404,1.89,-69.0,0.427
2025-04-21T18:30:43.000,12.91,-5.26,50000.0,0.0,20.52,405,1.71,-69.0,0.427
2025-04-21T18:31:44.000,12.86,-5.17,50000.0,0.0,20.52,406,1.53,-69.0,0.427
2025-04-21T18:44:45.000,12.74,-0.46,50000.0,0.0,20.52,419,-0.79,-69.0,0.426
2025-04-21T18:45:44.000,12.73,-0.13,50000.0,0.0,20.52,420,-0.96,-69.0,0.426
2025-04-21T18:46:44.000,12.76,0.23,50000.0,0.0,20.52,421,-1.14,-69.0,0.426
2025-04-21T18:47:45.000,12.77,0.58,54574.96,2.66,20.52,422,-1.32,-69.0,0.426
2025-04-21T18:48:45.000,12.8,1.01,58642.68,8.08,20.52,423,-1.5,-69.0,0.426
2025-04-21T18:49:45.000,12.82,1.29,51394.36,8.22,20.52,424,-1.67,-69.0,0.426
2025-04-21T18:50:45.000,12.83,1.61,44715.31,8.37,20.52,425,-1.85,-69.0,0.425
2025-04-21T18:51:45.000,12.87,1.9,38761.04,8.53,20.52,426,-2.03,-69.0,0.425
2025-04-21T18:52:45.000,12.89,1.89,33370.47,8.69,20.52,427,-2.2,-69.0,0.425
2025-04-21T18:53:45.000,12.9,1.98,28424.09,8.87,20.52,428,-2.38,-69.0,0.425
2025-04-21T18:54:45.000,12.93,2.08,24113.03,9.05,20.52,429,-2.55,-69.0,0.425
2025-04-21T18:55:45.000,12.95,2.05,20515.58,9.22,20.52,430,-2.73,-69.0,0.425
2025-04-21T18:56:45.000,12.96,2.09,17433.19,9.4,20.52,431,-2.9,-69.0,0.425
2025-04-21T18:57:45.000,12.97,2.16,14741.96,9.58,20.52,432,-3.08,-69.0,0.425
2025-04-21T18:58:45.000,12.97,2.22,12297.62,9.78,20.52,433,-3.25,-69.0,0.425
2025-04-21T18:59:45.000,12.97,2.28,10062.76,10.0,20.52,434,-3.43,-69.0,0.425
2025-04-21T19:00:45.000,12.93,2.37,8113.01,10.23,20.52,435,-3.6,-69.0,0.425
2025-04-21T19:01:45.000,12.93,2.45,6493.22,10.47,20.52,436,-3.78,-69.0,0.425
2025-04-21T19:02:45.000,12.91,2.49,5214.4,10.71,20.52,437,-3.95,-69.0,0.425
2025-04-21T19:03:46.000,12.88,2.46,4210.29,10.94,20.52,438,-4.13,-69.0,0.425
2025-04-21T19:04:46.000,12.87,2.48,3402.97,11.17,20.52,439,-4.3,-69.0,0.424
2025-04-21T19:05:46.000,12.87,2.48,2738.44,11.41,20.52,440,-4.48,-69.0,0.424
2025-04-21T19:06:46.000,12.88,2.56,2187.71,11.65,20.52,441,-4.65,-69.0,0.424
2025-04-21T19:07:46.000,12.88,2.58,1739.8,11.9,20.52,442,-4.82,-69.0,0.424
2025-04-21T19:08:46.000,12.89,2.66,1384.2,12.15,20.52,443,-5.0,-69.0,0.424
2025-04-21T19:09:46.000,12.89,2.71,1112.09,12.39,20.52,444,-5.17,-69.0,0.424
2025-04-21T19:10:46.000,12.89,2.65,904.18,12.61,20.52,445,-5.34,-69.0,0.424
2025-04-21T19:11:46.000,12.86,2.63,743.37,12.82,20.52,446,-5.51,-69.0,0.424
2025-04-21T19:12:46.000,12.86,2.57,615.24,13.03,20.52,447,-5.69,-69.0,0.424
2025-04-21T19:13:46.000,12.86,2.4,513.03,13.23,20.52,448,-5.86,-69.0,0.424
2025-04-21T19:14:46.000,12.84,2.19,429.67,13.42,20.52,449,-6.03,-69.0,0.424
2025-04-21T19:15:47.000,12.84,1.96,358.81,13.61,20.52,450,-6.2,-69.0,0.424
2025-04-21T19:16:47.000,12.83,1.78,299.06,13.81,20.52,451,-6.38,-69.0,0.424
2025-04-21T19:17:47.000,12.8,1.49,248.58,14.01,20.52,452,-6.55,-69.0,0.423
2025-04-21T19:18:47.000,12.78,1.16,205.98,14.22,20.52,453,-6.72,-69.0,0.423
2025-04-21T19:19:47.000,12.75,0.84,170.27,14.42,20.52,454,-6.89,-69.0,0.423
2025-04-21T19:20:47.000,12.7,0.43,140.27,14.63,20.52,455,-7.06,-69.0,0.423
