ecsv/stars747/stars747_2024-04.ecsv
# %ECSV 1.0
# ---
# datatype:
# - {name: time, datatype: string}
# - {name: Enclosure Temperature, unit: deg_C, datatype: float64}
# - {name: Sky Temperature, unit: deg_C, datatype: float64}
# - {name: Frequency, unit: Hz, datatype: float64}
# - {name: MSAS, unit: mag / arcsec2, datatype: float64}
# - {name: ZP, datatype: float64}
# - {name: Sequence Number, datatype: int64}
# - {name: Sun Alt, unit: deg, datatype: float64}
# - {name: Moon Alt, unit: deg, datatype: float64}
# - {name: Moon Illumination, datatype: float64}
# delimiter: ','
# meta: !!omap
# - ida:
#     Data supplier: {affiliation: null, observer: "Diego Rodr\xEDguez"}
#     Device type: TESS-W
#     Field of view: 17.0
#     Filters per channel: None
#     Instrument ID: stars747
#     License: ODbL 1.0 http://opendatacommons.org/licenses/odbl/summary/
#     Local timezone: Europe/Madrid
#     Location name: {country: "- Escuela de Ingenier\xEDas Industriales de la Universidad de Extremadura", place: Badajoz, region: Spain,
#       sub_region: null, town: null}
#     Measurement direction per channel: {azimuth: 0.0, zenital: 0.0}
#     Moving / Fixed look direction: FIXED
#     Moving / Stationary position: STATIONARY
#     Number of channels: 1
#     Number of fields per line: 8
#     Number of header lines: 35
#     Position: {height: 0.0, latitude: 38.8839498, longitude: -7.0043499}
#     TESS MAC address: E8:DB:84:82:EE:C6
#     TESS cover offset value: 0.0
#     TESS firmware version: '1.0'
#     TESS zero point: 20.32
#     Time Synchronization: timestamp added by MQTT subscriber
#     URL: http://www.darksky.org/NSBM/sdf1.0.pdf
# - __serialized_columns__:
#     Enclosure Temperature:
#       __class__: astropy.units.quantity.Quantity
#       unit: &id001 !astropy.units.Unit {unit: deg_C}
#       value: !astropy.table.SerializedColumn {name: Enclosure Temperature}
#     Frequency:
#       __class__: astropy.units.quantity.Quantity
#       unit: !astropy.units.Unit {unit: Hz}
#       value: !astropy.table.SerializedColumn {name: Frequency}
#     MSAS:
#       __class__: astropy.units.quantity.Quantity
#       unit: !astropy.units.Unit {unit: mag / arcsec2}
#       value: !astropy.table.SerializedColumn {name: MSAS}
#     Moon Alt:
#       __class__: astropy.units.quantity.Quantity
#       unit: &id002 !astropy.units.Unit {unit: deg}
#       value: !astropy.table.SerializedColumn {name: Moon Alt}
#     Sky Temperature:
#       __class__: astropy.units.quantity.Quantity
#       unit: *id001
#       value: !astropy.table.SerializedColumn {name: Sky Temperature}
#     Sun Alt:
#       __class__: astropy.units.quantity.Quantity
#       unit: *id002
#       value: !astropy.table.SerializedColumn {name: Sun Alt}
#     time:
#       __class__: astropy.time.core.Time
#       format: isot
#       in_subfmt: '*'
#       out_subfmt: '*'
#       precision: 3
#       scale: utc
#       value: !astropy.table.SerializedColumn {name: time}
# schema: astropy-2.0
time,Enclosure Temperature,Sky Temperature,Frequency,MSAS,ZP,Sequence Number,Sun Alt,Moon Alt,Moon Illumination
[from data line 6520]
2024-04-10T05:02:40.000,10.09,-14.6,6.2,18.34,20.32,141729,-11.28,-18.0,0.031
2024-04-10T05:03:40.000,9.97,-14.59,6.69,18.26,20.32,141730,-11.1,-18.0,0.031
2024-04-10T05:04:40.000,10.02,-14.49,7.3,18.16,20.32,141731,-10.91,-18.0,0.031
2024-04-10T05:05:40.000,10.08,-14.38,8.07,18.05,20.32,141732,-10.73,-18.0,0.031
2024-04-10T05:06:40.000,9.96,-14.17,9.01,17.93,20.32,141733,-10.55,-17.0,0.031
2024-04-10T05:07:41.000,10.1,-14.32,10.19,17.8,20.32,141734,-10.36,-17.0,0.031
2024-04-10T05:08:41.000,9.99,-14.14,11.55,17.66,20.32,141735,-10.17,-17.0,0.031
2024-04-10T05:09:41.000,10.02,-14.18,13.22,17.52,20.32,141736,-9.99,-17.0,0.031
2024-04-10T05:10:41.000,10.12,-14.09,15.34,17.36,20.32,141737,-9.81,-17.0,0.031
2024-04-10T05:11:41.000,9.98,-13.82,17.9,17.19,20.32,141738,-9.62,-17.0,0.031
2024-04-10T05:12:41.000,10.1,-13.73,20.9,17.02,20.32,141739,-9.44,-17.0,0.031
2024-04-10T05:13:41.000,10.09,-13.63,24.67,16.84,20.32,141740,-9.25,-16.0,0.031
2024-04-10T05:14:41.000,9.96,-13.6,29.3,16.65,20.32,141741,-9.07,-16.0,0.031
2024-04-10T05:15:42.000,10.1,-13.89,34.84,16.47,20.32,141742,-8.88,-16.0,0.031
2024-04-10T05:16:42.000,10.02,-13.7,41.61,16.27,20.32,141743,-8.69,-16.0,0.031
2024-04-10T05:17:42.000,9.97,-14.07,48.38,16.11,20.32,141744,-8.51,-16.0,0.031
2024-04-10T05:18:42.000,10.18,-13.78,59.59,15.88,20.32,141745,-8.32,-16.0,0.031
2024-04-10T05:19:43.000,10.1,-13.46,72.65,15.67,20.32,141746,-8.13,-15.0,0.031
2024-04-10T05:20:43.000,9.95,-13.49,88.75,15.45,20.32,141747,-7.95,-15.0,0.031
2024-04-10T05:21:43.000,10.14,-13.47,108.23,15.24,20.32,141748,-7.76,-15.0,0.031
2024-04-10T05:22:43.000,10.15,-13.38,131.87,15.02,20.32,141749,-7.58,-15.0,0.031
2024-04-10T05:23:43.000,9.99,-13.32,159.93,14.81,20.32,141750,-7.39,-15.0,0.031
2024-04-10T05:24:43.000,10.07,-13.39,195.57,14.59,20.32,141751,-7.2,-15.0,0.031
2024-04-10T05:25:43.000,10.12,-13.43,240.94,14.37,20.32,141752,-7.02,-15.0,0.031
2024-04-10T05:26:44.000,10.0,-13.37,296.58,14.14,20.32,141753,-6.83,-14.0,0.031
2024-04-10T05:27:44.000,10.06,-13.51,369.55,13.9,20.32,141754,-6.64,-14.0,0.031
2024-04-10T05:28:44.000,10.14,-13.52,462.85,13.66,20.32,141755,-6.45,-14.0,0.032
2024-04-10T05:29:45.000,10.04,-13.48,576.18,13.42,20.32,141756,-6.26,-14.0,0.032
2024-04-10T05:30:45.000,10.02,-13.46,717.98,13.18,20.32,141757,-6.07,-14.0,0.032
2024-04-10T05:31:45.000,10.08,-13.41,894.11,12.94,20.32,141758,-5.89,-14.0,0.032
2024-04-10T05:32:45.000,10.02,-13.5,1105.18,12.71,20.32,141759,-5.7,-13.0,0.032
2024-04-10T05:33:45.000,10.08,-13.58,1357.78,12.49,20.32,141760,-5.51,-13.0,0.032
2024-04-10T05:34:45.000,10.18,-13.48,1658.27,12.27,20.32,141761,-5.32,-13.0,0.032
2024-04-10T05:35:45.000,10.12,-13.39,2016.73,12.06,20.32,141762,-5.13,-13.0,0.032
2024-04-10T05:36:46.000,10.02,-13.33,2445.4,11.85,20.32,141763,-4.94,-13.0,0.032
2024-04-10T05:37:46.000,10.03,-13.41,2969.39,11.64,20.32,141764,-4.75,-13.0,0.032
2024-04-10T05:38:46.000,10.14,-13.46,3624.87,11.42,20.32,141765,-4.56,-12.0,0.032
2024-04-10T05:39:47.000,10.09,-13.37,4464.44,11.2,20.32,141766,-4.37,-12.0,0.032
2024-04-10T05:40:47.000,9.99,-13.48,5561.12,10.96,20.32,141767,-4.18,-12.0,0.032
2024-04-10T05:41:47.000,10.12,-13.57,6994.87,10.71,20.32,141768,-3.99,-12.0,0.032
2024-04-10T05:42:47.000,10.16,-13.45,8809.42,10.46,20.32,141769,-3.8,-12.0,0.032
2024-04-10T05:43:47.000,10.06,-13.44,11053.98,10.21,20.32,141770,-3.62,-12.0,0.032
2024-04-10T05:44:47.000,9.99,-13.4,13799.26,9.97,20.32,141771,-3.43,-12.0,0.032
2024-04-10T05:45:48.000,9.96,-13.39,17166.6,9.74,20.32,141772,-3.23,-11.0,0.032
2024-04-10T05:46:48.000,9.88,-13.4,21660.24,9.48,20.32,141773,-3.04,-11.0,0.032
2024-04-10T05:47:48.000,9.81,-13.35,27179.68,9.31,20.32,141774,-2.85,-11.0,0.032
2024-04-10T05:48:48.000,9.74,-13.33,33505.67,9.08,20.32,141775,-2.66,-11.0,0.032
2024-04-10T05:49:49.000,9.7,-13.25,40209.4,8.81,20.32,141776,-2.47,-11.0,0.032
2024-04-10T05:50:49.000,9.66,-13.24,47255.38,8.64,20.32,141777,-2.28,-11.0,0.032
2024-04-10T05:51:49.000,9.6,-13.27,56735.1,8.44,20.32,141778,-2.09,-10.0,0.032
2024-04-10T05:52:50.000,9.53,-13.23,53179.29,1.94,20.32,141779,-1.9,-10.0,0.032
2024-04-10T05:53:50.000,9.47,-13.2,50000.0,0.0,20.32,141780,-1.71,-10.0,0.032
2024-04-10T05:54:50.000,9.42,-13.19,50000.0,0.0,20.32,141781,-1.51,-10.0,0.032
2024-04-10T05:55:50.000,9.36,-13.26,50000.0,0.0,20.32,141782,-1.32,-10.0,0.032
2024-04-10T06:08:53.000,8.81,-13.46,50000.0,0.0,20.32,141795,1.18,-8.0,0.033
2024-04-10T06:09:53.000,8.78,-13.42,50000.0,0.0,20.32,141796,1.37,-7.0,0.033
2024-04-10T06:10:53.000,8.76,-13.37,50000.0,0.0,20.32,141797,1.56,-7.0,0.033
2024-04-10T06:11:53.000,8.76,-13.32,49704.31,0.1,20.32,141798,1.75,-7.0,0.033
2024-04-10T06:12:53.000,8.76,-13.31,50000.0,0.0,20.32,141799,1.94,-7.0,0.033
2024-04-10T06:13:53.000,8.75,-13.32,49717.7,0.09,20.32,141800,2.14,-7.0,0.033
2024-04-10T06:14:54.000,8.77,-13.17,49726.98,0.09,20.32,141801,2.33,-7.0,0.033
2024-04-10T06:15:54.000,8.8,-13.26,49731.31,0.09,20.32,141802,2.53,-6.0,0.033
2024-04-10T06:16:54.000,8.82,-13.15,50000.0,0.0,20.32,141803,2.72,-6.0,0.033
2024-04-10T06:17:54.000,8.88,-12.99,50000.0,0.0,20.32,141804,2.91,-6.0,0.033
2024-04-10T06:18:55.000,9.0,-12.88,50000.0,0.0,20.32,141805,3.11,-6.0,0.033
2024-04-10T12:29:10.000,30.43,0.75,50000.0,0.0,20.32,142174,59.36,62.0,0.045
2024-04-10T12:30:10.000,30.71,-0.1,50000.0,0.0,20.32,142175,59.36,62.0,0.045
2024-04-10T12:31:10.000,30.72,0.18,50000.0,0.0,20.32,142176,59.35,62.0,0.045
2024-04-10T12:33:15.000,30.85,0.75,50000.0,0.0,20.32,142178,59.34,62.0,0.045
2024-04-10T12:34:15.000,31.16,0.73,50000.0,0.0,20.32,142179,59.34,62.0,0.045
2024-04-10T12:35:15.000,31.23,0.83,50000.0,0.0,20.32,142180,59.33,63.0,0.045
2024-04-10T12:36:16.000,31.42,0.47,50000.0,0.0,20.32,142181,59.32,63.0,0.045
2024-04-10T12:37:16.000,31.24,-1.25,50000.0,0.0,20.32,142182,59.31,63.0,0.045
2024-04-10T12:52:12.000,31.72,-0.65,50000.0,0.0,20.32,142196,58.93,65.0,0.046
2024-04-10T12:53:12.000,31.21,-1.42,50000.0,0.0,20.32,142197,58.89,65.0,0.046
2024-04-10T12:54:12.000,30.5,-2.21,50000.0,0.0,20.32,142198,58.85,65.0,0.046
2024-04-10T18:41:25.000,20.55,-2.78,50000.0,0.0,20.32,142544,2.85,29.0,0.058
2024-04-10T18:42:25.000,20.52,-2.74,50000.0,0.0,20.32,142545,2.65,29.0,0.058
2024-04-10T18:43:25.000,20.47,-2.69,50000.0,0.0,20.32,142546,2.46,29.0,0.058
2024-04-10T18:44:25.000,20.44,-2.64,49720.78,0.1,20.32,142547,2.27,29.0,0.058
2024-04-10T18:45:26.000,20.42,-2.65,50000.0,0.0,20.32,142548,2.07,29.0,0.058
2024-04-10T18:46:26.000,20.38,-2.75,50000.0,0.0,20.32,142549,1.88,28.0,0.058
2024-04-10T18:47:26.000,20.33,-2.73,50000.0,0.0,20.32,142550,1.69,28.0,0.059
2024-04-10T19:02:29.000,19.68,-2.61,50000.0,0.0,20.32,142565,-1.19,25.0,0.059
2024-04-10T19:03:29.000,19.6,-2.73,50000.0,0.0,20.32,142566,-1.38,25.0,0.059
2024-04-10T19:04:29.000,19.55,-2.79,50000.0,0.0,20.32,142567,-1.57,25.0,0.059
2024-04-10T19:05:30.000,19.5,-2.87,61255.62,8.35,20.32,142568,-1.76,25.0,0.059
2024-04-10T19:06:30.000,19.48,-2.92,54094.29,8.49,20.32,142569,-1.95,25.0,0.059
2024-04-10T19:07:30.000,19.45,-2.95,47134.07,8.64,20.32,142570,-2.14,24.0,0.059
2024-04-10T19:08:30.000,19.42,-3.06,40687.89,8.8,20.32,142571,-2.33,24.0,0.059
2024-04-10T19:09:31.000,19.39,-3.14,34947.69,8.96,20.32,142572,-2.52,24.0,0.059
2024-04-10T19:10:31.000,19.36,-3.3,29745.33,9.14,20.32,142573,-2.71,24.0,0.059
2024-04-10T19:11:31.000,19.33,-3.28,23868.81,9.65,20.32,142574,-2.9,24.0,0.059
2024-04-10T19:12:31.000,19.3,-3.36,20694.93,9.53,20.32,142575,-3.09,24.0,0.059
2024-04-10T19:13:31.000,19.28,-3.46,17055.8,9.74,20.32,142576,-3.28,23.0,0.06
2024-04-10T19:14:31.000,19.22,-3.57,13855.56,9.97,20.32,142577,-3.47,23.0,0.06
2024-04-10T19:15:32.000,19.16,-3.62,11030.07,10.22,20.32,142578,-3.66,23.0,0.06
2024-04-10T19:16:32.000,19.1,-3.64,8803.57,10.46,20.32,142579,-3.85,23.0,0.06
2024-04-10T19:17:32.000,19.06,-3.66,7116.07,10.69,20.32,142580,-4.04,23.0,0.06
2024-04-10T19:18:33.000,19.0,-3.69,5725.36,10.93,20.32,142581,-4.23,22.0,0.06
2024-04-10T19:19:33.000,18.94,-3.84,4581.84,11.17,20.32,142582,-4.42,22.0,0.06
2024-04-10T19:20:33.000,18.86,-3.81,3682.62,11.41,20.32,142583,-4.61,22.0,0.06
2024-04-10T19:21:33.000,18.8,-3.75,2946.02,11.65,20.32,142584,-4.8,22.0,0.06
2024-04-10T19:22:33.000,18.75,-3.67,2357.6,11.89,20.32,142585,-4.98,22.0,0.06
2024-04-10T19:23:33.000,18.73,-3.67,1897.36,12.13,20.32,142586,-5.17,22.0,0.06
2024-04-10T19:24:34.000,18.7,-3.63,1524.58,12.36,20.32,142587,-5.36,21.0,0.06
2024-04-10T19:25:34.000,18.66,-3.67,1218.85,12.61,20.32,142588,-5.55,21.0,0.06
2024-04-10T19:26:34.000,18.61,-3.7,972.4,12.85,20.32,142589,-5.74,21.0,0.06
2024-04-10T19:27:34.000,18.54,-3.79,773.13,13.1,20.32,142590,-5.93,21.0,0.06
2024-04-10T19:28:35.000,18.48,-3.81,607.93,13.36,20.32,142591,-6.12,21.0,0.06
2024-04-10T19:29:35.000,18.41,-3.87,474.16,13.63,20.32,142592,-6.3,20.0,0.06
2024-04-10T19:30:35.000,18.33,-4.03,374.74,13.89,20.32,142593,-6.49,20.0,0.06
2024-04-10T19:31:35.000,18.26,-4.09,295.89,14.14,20.32,142594,-6.68,20.0,0.06
2024-04-10T19:32:35.000,18.19,-4.17,228.29,14.43,20.32,142595,-6.86,20.0,0.06
2024-04-10T19:33:36.000,18.13,-4.18,175.91,14.71,20.32,142596,-7.05,20.0,0.06
2024-04-10T19:34:36.000,18.07,-4.25,138.49,14.97,20.32,142597,-7.24,19.0,0.06
2024-04-10T19:35:36.000,18.03,-4.22,110.81,15.21,20.32,142598,-7.42,19.0,0.06
2024-04-10T19:36:36.000,17.98,-4.3,88.68,15.45,20.32,142599,-7.61,19.0,0.06
2024-04-10T19:37:36.000,17.92,-4.4,71.43,15.69,20.32,142600,-7.8,19.0,0.06
2024-04-10T19:38:36.000,17.86,-4.35,57.84,15.92,20.32,142601,-7.98,19.0,0.061
2024-04-10T19:39:36.000,17.81,-4.32,47.18,16.14,20.32,142602,-8.17,19.0,0.061
2024-04-10T19:40:37.000,17.78,-4.34,39.73,16.32,20.32,142603,-8.35,18.0,0.061
2024-04-10T19:41:37.000,17.74,-4.39,32.73,16.53,20.32,142604,-8.54,18.0,0.061
2024-04-10T19:42:37.000,17.71,-4.39,27.19,16.74,20.32,142605,-8.72,18.0,0.061
2024-04-10T19:43:37.000,17.7,-4.45,22.85,16.92,20.32,142606,-8.91,18.0,0.061
2024-04-10T19:44:38.000,17.68,-4.52,19.63,17.09,20.32,142607,-9.1,18.0,0.061
2024-04-10T19:45:38.000,17.66,-4.63,17.0,17.25,20.32,142608,-9.28,17.0,0.061
2024-04-10T19:46:38.000,17.63,-4.69,14.58,17.41,20.32,142609,-9.46,17.0,0.061
2024-04-10T19:47:38.000,17.59,-4.68,12.57,17.57,20.32,142610,-9.65,17.0,0.061
2024-04-10T19:48:38.000,17.57,-4.69,11.08,17.71,20.32,142611,-9.83,17.0,0.061
2024-04-10T19:49:38.000,17.54,-4.72,10.0,17.82,20.32,142612,-10.02,17.0,0.061
2024-04-10T19:50:39.000,17.5,-4.78,9.1,17.92,20.32,142613,-10.2,17.0,0.061
2024-04-10T19:51:39.000,17.46,-4.78,8.44,18.0,20.32,142614,-10.39,16.0,0.061
2024-04-10T19:52:39.000,17.43,-4.7,7.85,18.08,20.32,142615,-10.57,16.0,0.061
2024-04-10T19:53:39.000,17.43,-4.64,7.41,18.15,20.32,142616,-10.75,16.0,0.061
2024-04-10T19:54:39.000,17.43,-4.72,7.01,18.21,20.32,142617,-10.93,16.0,0.061
2024-04-10T19:55:40.000,17.41,-4.68,6.64,18.26,20.32,142618,-11.12,16.0,0.061
2024-04-10T19:56:40.000,17.4,-4.65,6.33,18.32,20.32,142619,-11.3,15.0,0.061
2024-04-10T19:57:40.000,17.41,-4.57,6.07,18.36,20.32,142620,-11.48,15.0,0.061
2024-04-10T19:58:40.000,17.43,-4.5,5.84,18.4,20.32,142621,-11.67,15.0,0.061
2024-04-10T19:59:40.000,17.45,-4.55,5.66,18.44,20.32,142622,-11.85,15.0,0.061
2024-04-10T20:00:41.000,17.45,-4.56,5.45,18.48,20.32,142623,-12.03,15.0,0.061
2024-04-10T20:01:41.000,17.43,-4.56,5.31,18.51,20.32,142624,-12.21,15.0,0.061
2024-04-10T20:02:41.000,17.42,-4.55,5.21,18.53,20.32,142625,-12.39,14.0,0.061
2024-04-10T20:03:41.000,17.41,-4.48,5.08,18.56,20.32,142626,-12.57,14.0,0.061
2024-04-10T20:04:41.000,17.4,-4.49,4.95,18.58,20.32,142627,-12.75,14.0,0.062
2024-04-10T20:05:41.000,17.38,-4.58,4.86,18.6,20.32,142628,-12.93,14.0,0.062
2024-04-10T20:06:41.000,17.34,-4.76,4.78,18.62,20.32,142629,-13.11,14.0,0.062
2024-04-10T20:07:42.000,17.29,-4.69,4.76,18.63,20.32,142630,-13.3,13.0,0.062
2024-04-10T20:08:42.000,17.27,-4.56,4.76,18.63,20.32,142631,-13.48,13.0,0.062
2024-04-10T20:09:42.000,17.28,-4.42,4.77,18.62,20.32,142632,-13.66,13.0,0.062
2024-04-10T20:10:42.000,17.3,-4.36,4.77,18.62,20.32,142633,-13.83,13.0,0.062
2024-04-10T20:11:42.000,17.32,-4.25,4.74,18.63,20.32,142634,-14.01,13.0,0.062
2024-04-10T20:12:42.000,17.36,-4.12,4.75,18.63,20.32,142635,-14.19,13.0,0.062
2024-04-10T20:13:42.000,17.4,-4.13,4.77,18.62,20.32,142636,-14.37,12.0,0.062
2024-04-10T20:14:42.000,17.42,-4.17,4.77,18.62,20.32,142637,-14.55,12.0,0.062
2024-04-10T20:15:43.000,17.44,-4.09,4.76,18.63,20.32,142638,-14.73,12.0,0.062
2024-04-10T20:16:42.000,17.48,-3.89,4.74,18.63,20.32,142639,-14.9,12.0,0.062
2024-04-10T20:17:43.000,17.55,-3.86,4.73,18.63,20.32,142640,-15.08,12.0,0.062
2024-04-10T20:18:43.000,17.62,-3.9,4.73,18.63,20.32,142641,-15.26,11.0,0.062
2024-04-10T20:19:43.000,17.66,-3.95,4.74,18.63,20.32,142642,-15.44,11.0,0.062
2024-04-10T20:20:43.000,17.68,-3.97,4.73,18.63,20.32,142643,-15.62,11.0,0.062
2024-04-10T20:21:43.000,17.7,-3.97,4.72,18.64,20.32,142644,-15.79,11.0,0.062
2024-04-10T20:22:43.000,17.72,-4.04,4.72,18.64,20.32,142645,-15.97,11.0,0.062
2024-04-10T20:23:44.000,17.71,-4.14,4.7,18.64,20.32,142646,-16.15,11.0,0.062
2024-04-10T20:24:44.000,17.69,-4.14,4.67,18.65,20.32,142647,-16.32,10.0,0.062
2024-04-10T20:25:44.000,17.67,-4.14,4.67,18.65,20.32,142648,-16.5,10.0,0.062
2024-04-10T20:26:44.000,17.62,-4.19,4.74,18.63,20.32,142649,-16.67,10.0,0.062
2024-04-10T20:27:44.000,17.57,-4.07,4.83,18.61,20.32,142650,-16.85,10.0,0.062
2024-04-10T20:28:44.000,17.55,-3.9,4.88,18.6,20.32,142651,-17.02,10.0,0.062
2024-04-10T20:29:44.000,17.52,-3.91,4.83,18.61,20.32,142652,-17.2,10.0,0.063
2024-04-10T20:30:44.000,17.51,-3.79,4.71,18.64,20.32,142653,-17.37,9.0,0.063
2024-04-10T20:31:44.000,17.5,-3.79,4.63,18.66,20.32,142654,-17.54,9.0,0.063
2024-04-10T20:32:45.000,17.49,-3.74,4.66,18.65,20.32,142655,-17.72,9.0,0.063
2024-04-10T20:33:45.000,17.47,-3.71,4.68,18.65,20.32,142656,-17.89,9.0,0.063
2024-04-10T20:34:45.000,17.45,-3.63,4.69,18.64,20.32,142657,-18.07,9.0,0.063
2024-04-10T20:35:45.000,17.42,-3.61,4.75,18.63,20.32,142658,-18.24,8.0,0.063
2024-04-10T20:36:45.000,17.38,-3.55,4.82,18.61,20.32,142659,-18.41,8.0,0.063
2024-04-10T20:37:45.000,17.35,-3.45,4.86,18.6,20.32,142660,-18.58,8.0,0.063
2024-04-10T20:38:45.000,17.32,-3.32,4.87,18.6,20.32,142661,-18.75,8.0,0.063
2024-04-10T20:39:45.000,17.3,-3.25,4.93,18.59,20.32,142662,-18.93,8.0,0.063
2024-04-10T20:40:46.000,17.28,-3.33,5.01,18.57,20.32,142663,-19.1,8.0,0.063
2024-04-10T20:41:46.000,17.24,-3.4,5.04,18.56,20.32,142664,-19.27,7.0,0.063
2024-04-10T20:42:46.000,17.18,-3.33,5.02,18.57,20.32,142665,-19.44,7.0,0.063
2024-04-10T20:43:46.000,17.11,-3.37,5.06,18.56,20.32,142666,-19.61,7.0,0.063
2024-04-10T20:44:46.000,17.04,-3.33,5.12,18.55,20.32,142667,-19.78,7.0,0.063
2024-04-10T20:45:46.000,16.97,-3.28,5.17,18.54,20.32,142668,-19.95,7.0,0.063
2024-04-10T20:46:46.000,16.9,-3.26,5.18,18.53,20.32,142669,-20.12,7.0,0.063
2024-04-10T20:47:47.000,16.85,-3.14,5.19,18.53,20.32,142670,-20.29,6.0,0.063
2024-04-10T20:48:47.000,16.83,-2.96,5.18,18.53,20.32,142671,-20.46,6.0,0.063
2024-04-10T20:49:47.000,16.82,-2.86,5.18,18.53,20.32,142672,-20.63,6.0,0.063
2024-04-10T20:50:47.000,16.83,-2.73,5.18,18.54,20.32,142673,-20.8,6.0,0.063
2024-04-10T20:51:47.000,16.85,-2.67,5.19,18.53,20.32,142674,-20.96,6.0,0.063
2024-04-10T20:52:47.000,16.86,-2.61,5.29,18.51,20.32,142675,-21.13,6.0,0.063
2024-04-10T20:53:47.000,16.85,-2.62,5.43,18.48,20.32,142676,-21.3,5.0,0.063
2024-04-10T20:54:48.000,16.83,-2.67,5.53,18.46,20.32,142677,-21.47,5.0,0.064
2024-04-10T20:55:48.000,16.8,-2.81,5.59,18.45,20.32,142678,-21.63,5.0,0.064
2024-04-10T20:56:48.000,16.75,-2.98,5.6,18.45,20.32,142679,-21.8,5.0,0.064
2024-04-10T20:57:48.000,16.67,-3.12,5.53,18.46,20.32,142680,-21.96,5.0,0.064
2024-04-10T20:58:48.000,16.63,-3.08,5.41,18.49,20.32,142681,-22.13,4.0,0.064
2024-04-10T20:59:48.000,16.61,-2.98,5.3,18.51,20.32,142682,-22.29,4.0,0.064
2024-04-10T21:00:48.000,16.58,-3.01,5.12,18.55,20.32,142683,-22.46,4.0,0.064
2024-04-10T21:01:49.000,16.57,-3.07,5.1,18.55,20.32,142684,-22.62,4.0,0.064
2024-04-10T21:02:49.000,16.54,-3.15,5.15,18.54,20.32,142685,-22.79,4.0,0.064
