ecsv/stars747/stars747_2025-04.ecsv
# %ECSV 1.0
# ---
# datatype:
# - {name: time, datatype: string}
# - {name: Enclosure Temperature, unit: deg_C, datatype: float64}
# - {name: Sky Temperature, unit: deg_C, datatype: float64}
# - {name: Frequency, unit: Hz, datatype: float64}
# - {name: MSAS, unit: mag / arcsec2, datatype: float64}
# - {name: ZP, datatype: float64}
# - {name: Sequence Number, datatype: int64}
# - {name: Sun Alt, unit: deg, datatype: float64}
# - {name: Moon Alt, unit: deg, datatype: float64}
# - {name: Moon Illumination, datatype: float64}
# delimiter: ','
# meta: !!omap
# - ida:
#     Data supplier: {affiliation: null, observer: "Diego Rodr\xEDguez"}
#     Device type: TESS-W
#     Field of view: 17.0
#     Filters per channel: None
#     Instrument ID: stars747
#     License: ODbL 1.0 http://opendatacommons.org/licenses/odbl/summary/
#     Local timezone: Europe/Madrid
#     Location name: {country: Spain, place: "Escuela de Ingenier\xEDas Industriales de la Universidad de Extremadura", region: null,
#       sub_region: null, town: Badajoz}
#     Measurement direction per channel: {azimuth: 0.0, zenital: 0.0}
#     Moving / Fixed look direction: FIXED
#     Moving / Stationary position: STATIONARY
#     Number of channels: 1
#     Number of fields per line: 8
#     Number of header lines: 35
#     Position: {height: 0.0, latitude: 38.8839498, longitude: -7.0043499}
#     TESS MAC address: E8:DB:84:82:EE:C6
#     TESS cover offset value: 0.0
#     TESS firmware version: '1.0'
#     TESS zero point: 20.32
#     Time Synchronization: timestamp added by MQTT subscriber
#     URL: http://www.darksky.org/NSBM/sdf1.0.pdf
# - __serialized_columns__:
#     Enclosure Temperature:
#       __class__: astropy.units.quantity.Quantity
#       unit: &id001 !astropy.units.Unit {unit: deg_C}
#       value: !astropy.table.SerializedColumn {name: Enclosure Temperature}
#     Frequency:
#       __class__: astropy.units.quantity.Quantity
#       unit: !astropy.units.Unit {unit: Hz}
#       value: !astropy.table.SerializedColumn {name: Frequency}
#     MSAS:
#       __class__: astropy.units.quantity.Quantity
#       unit: !astropy.units.Unit {unit: mag / arcsec2}
#       value: !astropy.table.SerializedColumn {name: MSAS}
#     Moon Alt:
#       __class__: astropy.units.quantity.Quantity
#       unit: &id002 !astropy.units.Unit {unit: deg}
#       value: !astropy.table.SerializedColumn {name: Moon Alt}
#     Sky Temperature:
#       __class__: astropy.units.quantity.Quantity
#       unit: *id001
#       value: !astropy.table.SerializedColumn {name: Sky Temperature}
#     Sun Alt:
#       __class__: astropy.units.quantity.Quantity
#       unit: *id002
#       value: !astropy.table.SerializedColumn {name: Sun Alt}
#     time:
#       __class__: astropy.time.core.Time
#       format: isot
#       in_subfmt: '*'
#       out_subfmt: '*'
#       precision: 3
#       scale: utc
#       value: !astropy.table.SerializedColumn {name: time}
# schema: astropy-2.0
time,Enclosure Temperature,Sky Temperature,Frequency,MSAS,ZP,Sequence Number,Sun Alt,Moon Alt,Moon Illumination
[from data line 8845]
2025-04-13T22:14:22.000,14.5,-3.26,10.94,17.72,20.32,670337,-32.55,22.0,0.992
2025-04-13T22:15:22.000,14.51,-3.15,11.05,17.71,20.32,670338,-32.67,22.0,0.992
2025-04-13T22:16:22.000,14.53,-3.01,11.16,17.7,20.32,670339,-32.8,22.0,0.992
2025-04-13T22:17:22.000,14.56,-2.83,11.31,17.69,20.32,670340,-32.92,22.0,0.992
2025-04-13T22:18:22.000,14.6,-2.69,11.47,17.67,20.32,670341,-33.05,22.0,0.992
2025-04-13T22:19:23.000,14.62,-2.51,11.63,17.66,20.32,670342,-33.17,23.0,0.992
2025-04-13T22:20:23.000,14.62,-2.36,11.87,17.63,20.32,670343,-33.29,23.0,0.992
2025-04-13T22:21:23.000,14.6,-2.22,12.05,17.62,20.32,670344,-33.41,23.0,0.992
2025-04-13T22:22:23.000,14.61,-2.01,12.05,17.62,20.32,670345,-33.53,23.0,0.992
2025-04-13T22:23:24.000,14.65,-1.87,12.23,17.6,20.32,670346,-33.65,23.0,0.992
2025-04-13T22:24:24.000,14.68,-1.64,12.41,17.59,20.32,670347,-33.77,23.0,0.992
2025-04-13T22:25:24.000,14.7,-1.46,12.9,17.54,20.32,670348,-33.89,23.0,0.992
2025-04-13T22:26:24.000,14.7,-1.2,13.84,17.47,20.32,670349,-34.01,23.0,0.992
2025-04-13T22:27:24.000,14.73,-0.92,15.07,17.38,20.32,670350,-34.13,24.0,0.992
2025-04-13T22:28:24.000,14.77,-0.54,16.24,17.29,20.32,670351,-34.24,24.0,0.992
2025-04-13T22:29:24.000,14.87,-0.33,17.59,17.21,20.32,670352,-34.36,24.0,0.992
2025-04-13T22:30:24.000,14.92,-0.19,19.31,17.11,20.32,670353,-34.47,24.0,0.992
2025-04-13T22:31:25.000,14.98,-0.08,20.4,17.05,20.32,670354,-34.59,24.0,0.992
2025-04-13T22:32:25.000,15.03,-0.02,20.01,17.07,20.32,670355,-34.7,24.0,0.992
2025-04-13T22:33:25.000,15.04,-0.1,19.52,17.09,20.32,670356,-34.82,24.0,0.992
2025-04-13T22:34:26.000,15.04,-0.19,19.19,17.11,20.32,670357,-34.93,24.0,0.992
2025-04-13T22:35:26.000,15.02,-0.34,17.83,17.19,20.32,670358,-35.04,25.0,0.992
2025-04-13T22:36:26.000,14.98,-0.62,16.97,17.25,20.32,670359,-35.15,25.0,0.992
2025-04-13T22:37:26.000,14.96,-0.8,16.08,17.31,20.32,670360,-35.26,25.0,0.992
2025-04-13T22:38:27.000,14.94,-1.01,14.95,17.38,20.32,670361,-35.37,25.0,0.992
2025-04-13T22:39:27.000,14.93,-1.21,15.21,17.37,20.32,670362,-35.48,25.0,0.992
2025-04-13T22:40:27.000,14.91,-1.4,15.58,17.34,20.32,670363,-35.59,25.0,0.992
2025-04-13T22:41:27.000,14.89,-1.53,15.04,17.38,20.32,670364,-35.69,25.0,0.992
2025-04-13T22:42:27.000,14.85,-1.74,15.3,17.36,20.32,670365,-35.8,25.0,0.992
2025-04-13T22:43:27.000,14.79,-1.95,15.09,17.37,20.32,670366,-35.9,25.0,0.992
2025-04-13T22:44:27.000,14.76,-2.03,14.97,17.38,20.32,670367,-36.01,26.0,0.992
2025-04-13T22:45:27.000,14.74,-2.01,13.38,17.5,20.32,670368,-36.11,26.0,0.992
2025-04-13T22:46:28.000,14.73,-1.99,12.56,17.57,20.32,670369,-36.21,26.0,0.992
2025-04-13T22:47:28.000,14.68,-2.03,12.83,17.55,20.32,670370,-36.32,26.0,0.992
2025-04-13T22:48:28.000,14.66,-2.0,14.36,17.43,20.32,670371,-36.42,26.0,0.991
2025-04-13T22:49:28.000,14.62,-1.97,13.12,17.53,20.32,670372,-36.52,26.0,0.991
2025-04-13T22:50:29.000,14.59,-1.87,13.51,17.49,20.32,670373,-36.62,26.0,0.991
2025-04-13T22:51:29.000,14.56,-1.85,14.77,17.4,20.32,670374,-36.72,26.0,0.991
2025-04-13T22:52:29.000,14.56,-1.69,16.37,17.29,20.32,670375,-36.81,26.0,0.991
2025-04-13T22:53:29.000,14.54,-1.59,17.11,17.24,20.32,670376,-36.91,27.0,0.991
2025-04-13T22:54:30.000,14.5,-1.59,16.11,17.3,20.32,670377,-37.01,27.0,0.991
2025-04-13T22:55:30.000,14.47,-1.48,17.91,17.19,20.32,670378,-37.1,27.0,0.991
2025-04-13T22:56:30.000,14.45,-1.51,17.6,17.21,20.32,670379,-37.2,27.0,0.991
2025-04-13T22:57:30.000,14.45,-1.37,17.0,17.24,20.32,670380,-37.29,27.0,0.991
2025-04-13T22:58:30.000,14.46,-1.27,16.66,17.27,20.32,670381,-37.38,27.0,0.991
2025-04-13T22:59:30.000,14.46,-1.14,16.78,17.26,20.32,670382,-37.48,27.0,0.991
2025-04-13T23:00:30.000,14.45,-1.07,17.4,17.22,20.32,670383,-37.57,27.0,0.991
2025-04-13T23:01:31.000,14.45,-0.93,17.06,17.24,20.32,670384,-37.66,27.0,0.991
2025-04-13T23:02:31.000,14.44,-0.75,17.67,17.2,20.32,670385,-37.75,28.0,0.991
2025-04-13T23:03:31.000,14.43,-0.59,20.27,17.05,20.32,670386,-37.83,28.0,0.991
2025-04-13T23:04:32.000,14.41,-0.51,21.29,17.0,20.32,670387,-37.92,28.0,0.991
2025-04-13T23:05:32.000,14.38,-0.43,19.89,17.07,20.32,670388,-38.01,28.0,0.991
2025-04-13T23:06:32.000,14.37,-0.29,18.08,17.18,20.32,670389,-38.1,28.0,0.991
2025-04-13T23:07:32.000,14.36,-0.16,19.92,17.07,20.32,670390,-38.18,28.0,0.991
2025-04-13T23:08:32.000,14.33,-0.2,23.75,16.88,20.32,670391,-38.26,28.0,0.991
2025-04-13T23:09:33.000,14.32,-0.13,25.6,16.8,20.32,670392,-38.35,28.0,0.991
2025-04-13T23:10:33.000,14.31,-0.2,24.58,16.84,20.32,670393,-38.43,28.0,0.991
2025-04-13T23:11:33.000,14.28,-0.29,21.29,17.0,20.32,670394,-38.51,28.0,0.991
2025-04-13T23:12:33.000,14.25,-0.47,19.23,17.11,20.32,670395,-38.59,28.0,0.991
2025-04-13T23:13:33.000,14.23,-0.69,17.31,17.22,20.32,670396,-38.67,29.0,0.991
2025-04-13T23:14:34.000,14.2,-0.99,17.44,17.22,20.32,670397,-38.75,29.0,0.991
2025-04-13T23:15:34.000,14.16,-1.29,17.58,17.21,20.32,670398,-38.83,29.0,0.991
2025-04-13T23:16:34.000,14.12,-1.64,16.43,17.28,20.32,670399,-38.9,29.0,0.991
2025-04-13T23:17:35.000,14.09,-1.9,14.86,17.39,20.32,670400,-38.98,29.0,0.991
2025-04-13T23:18:35.000,14.07,-2.2,13.99,17.46,20.32,670401,-39.05,29.0,0.991
2025-04-13T23:19:35.000,14.04,-2.45,13.31,17.51,20.32,670402,-39.13,29.0,0.991
2025-04-13T23:20:35.000,14.02,-2.67,13.03,17.53,20.32,670403,-39.2,29.0,0.991
2025-04-13T23:21:35.000,13.98,-2.9,13.06,17.53,20.32,670404,-39.27,29.0,0.991
2025-04-13T23:22:35.000,13.95,-3.06,12.81,17.55,20.32,670405,-39.34,29.0,0.991
2025-04-13T23:23:35.000,13.91,-3.25,12.32,17.59,20.32,670406,-39.41,29.0,0.991
2025-04-13T23:24:35.000,13.87,-3.41,12.47,17.58,20.32,670407,-39.48,30.0,0.991
2025-04-13T23:25:36.000,13.84,-3.55,12.87,17.55,20.32,670408,-39.55,30.0,0.991
2025-04-13T23:26:36.000,13.83,-3.59,13.26,17.51,20.32,670409,-39.61,30.0,0.991
2025-04-13T23:27:36.000,13.82,-3.63,13.07,17.53,20.32,670410,-39.68,30.0,0.991
2025-04-13T23:28:36.000,13.82,-3.66,12.9,17.54,20.32,670411,-39.74,30.0,0.991
2025-04-13T23:29:37.000,13.81,-3.72,12.99,17.54,20.32,670412,-39.81,30.0,0.991
2025-04-13T23:30:37.000,13.8,-3.73,12.57,17.57,20.32,670413,-39.87,30.0,0.991
2025-04-13T23:31:37.000,13.78,-3.75,10.55,17.77,20.32,670414,-39.93,30.0,0.991
2025-04-13T23:32:37.000,13.78,-3.75,9.25,17.9,20.32,670415,-39.99,30.0,0.991
2025-04-13T23:33:37.000,13.76,-3.82,10.87,17.73,20.32,670416,-40.05,30.0,0.991
2025-04-13T23:34:37.000,13.75,-3.84,13.04,17.53,20.32,670417,-40.11,30.0,0.991
2025-04-13T23:35:38.000,13.74,-3.87,13.77,17.47,20.32,670418,-40.17,30.0,0.991
2025-04-13T23:36:38.000,13.72,-3.92,13.84,17.47,20.32,670419,-40.23,31.0,0.991
2025-04-13T23:37:38.000,13.69,-3.93,13.82,17.47,20.32,670420,-40.28,31.0,0.991
2025-04-13T23:38:38.000,13.67,-3.94,13.85,17.47,20.32,670421,-40.34,31.0,0.991
2025-04-13T23:39:38.000,13.63,-4.0,13.86,17.47,20.32,670422,-40.39,31.0,0.991
2025-04-13T23:40:38.000,13.59,-4.01,13.95,17.46,20.32,670423,-40.44,31.0,0.991
2025-04-13T23:41:38.000,13.55,-4.1,14.12,17.45,20.32,670424,-40.49,31.0,0.991
2025-04-13T23:42:39.000,13.53,-4.0,14.15,17.44,20.32,670425,-40.55,31.0,0.991
2025-04-13T23:43:39.000,13.51,-4.0,14.17,17.44,20.32,670426,-40.59,31.0,0.991
2025-04-13T23:44:39.000,13.47,-4.05,14.12,17.45,20.32,670427,-40.64,31.0,0.991
2025-04-13T23:45:40.000,13.45,-3.94,14.43,17.42,20.32,670428,-40.69,31.0,0.991
2025-04-13T23:46:40.000,13.43,-3.84,14.64,17.41,20.32,670429,-40.74,31.0,0.991
2025-04-13T23:47:40.000,13.43,-3.72,14.78,17.4,20.32,670430,-40.78,31.0,0.991
2025-04-13T23:48:41.000,13.4,-3.72,14.85,17.39,20.32,670431,-40.83,31.0,0.991
2025-04-13T23:49:40.000,13.37,-3.69,14.75,17.4,20.32,670432,-40.87,31.0,0.991
2025-04-13T23:50:41.000,13.33,-3.75,14.96,17.38,20.32,670433,-40.91,32.0,0.991
2025-04-13T23:51:41.000,13.32,-3.79,15.05,17.38,20.32,670434,-40.95,32.0,0.991
2025-04-13T23:52:41.000,13.3,-3.95,15.41,17.35,20.32,670435,-40.99,32.0,0.991
2025-04-13T23:53:41.000,13.28,-4.01,15.99,17.31,20.32,670436,-41.03,32.0,0.991
2025-04-13T23:54:41.000,13.27,-4.07,16.56,17.27,20.32,670437,-41.07,32.0,0.991
2025-04-13T23:55:41.000,13.25,-4.06,17.63,17.2,20.32,670438,-41.1,32.0,0.991
2025-04-13T23:57:48.000,13.22,-3.97,15.63,17.34,20.32,670440,-41.18,32.0,0.991
2025-04-13T23:58:48.000,13.2,-3.92,14.58,17.41,20.32,670441,-41.21,32.0,0.991
2025-04-13T23:59:48.000,13.19,-3.94,15.86,17.32,20.32,670442,-41.24,32.0,0.991
2025-04-14T00:00:48.000,13.17,-4.08,15.46,17.35,20.32,670443,-41.27,32.0,0.991
2025-04-14T00:01:48.000,13.15,-4.23,14.81,17.39,20.32,670444,-41.3,32.0,0.991
2025-04-14T00:02:48.000,13.11,-4.36,14.92,17.39,20.32,670445,-41.33,32.0,0.991
2025-04-14T00:03:49.000,13.09,-4.41,15.16,17.37,20.32,670446,-41.36,32.0,0.991
2025-04-14T00:04:49.000,13.08,-4.4,15.13,17.37,20.32,670447,-41.39,32.0,0.991
2025-04-14T00:05:50.000,13.07,-4.35,15.0,17.38,20.32,670448,-41.41,32.0,0.991
2025-04-14T00:06:50.000,13.05,-4.36,14.17,17.44,20.32,670449,-41.44,32.0,0.991
2025-04-14T00:07:50.000,13.03,-4.4,12.59,17.57,20.32,670450,-41.46,33.0,0.991
2025-04-14T00:08:50.000,13.04,-4.45,14.43,17.42,20.32,670451,-41.48,33.0,0.991
2025-04-14T00:09:51.000,13.04,-4.57,14.85,17.39,20.32,670452,-41.5,33.0,0.991
2025-04-14T00:10:51.000,13.04,-4.63,14.96,17.38,20.32,670453,-41.52,33.0,0.99
2025-04-14T00:11:51.000,13.03,-4.71,15.11,17.37,20.32,670454,-41.54,33.0,0.99
2025-04-14T00:12:51.000,13.02,-4.71,14.83,17.39,20.32,670455,-41.56,33.0,0.99
2025-04-14T00:13:51.000,13.02,-4.67,14.57,17.41,20.32,670456,-41.58,33.0,0.99
2025-04-14T00:14:51.000,13.01,-4.53,14.61,17.41,20.32,670457,-41.59,33.0,0.99
2025-04-14T00:15:51.000,12.99,-4.36,14.69,17.4,20.32,670458,-41.61,33.0,0.99
2025-04-14T00:16:52.000,12.99,-4.13,14.94,17.38,20.32,670459,-41.62,33.0,0.99
2025-04-14T00:17:52.000,13.0,-3.85,15.28,17.36,20.32,670460,-41.63,33.0,0.99
2025-04-14T00:18:52.000,13.02,-3.67,15.76,17.33,20.32,670461,-41.64,33.0,0.99
2025-04-14T00:19:53.000,13.01,-3.67,16.88,17.25,20.32,670462,-41.65,33.0,0.99
2025-04-14T00:20:53.000,13.0,-3.82,18.17,17.17,20.32,670463,-41.66,33.0,0.99
2025-04-14T00:21:53.000,13.01,-4.03,18.1,17.18,20.32,670464,-41.67,33.0,0.99
2025-04-14T00:22:53.000,13.03,-4.17,17.28,17.23,20.32,670465,-41.68,33.0,0.99
2025-04-14T00:23:53.000,13.02,-4.28,16.5,17.28,20.32,670466,-41.68,33.0,0.99
2025-04-14T00:24:53.000,13.01,-4.4,16.15,17.3,20.32,670467,-41.68,33.0,0.99
2025-04-14T00:25:54.000,13.01,-4.49,16.11,17.3,20.32,670468,-41.69,33.0,0.99
2025-04-14T00:26:54.000,13.01,-4.53,16.09,17.3,20.32,670469,-41.69,33.0,0.99
2025-04-14T00:27:54.000,13.01,-4.58,16.07,17.31,20.32,670470,-41.69,33.0,0.99
2025-04-14T00:28:54.000,13.0,-4.65,16.27,17.29,20.32,670471,-41.69,33.0,0.99
2025-04-14T00:29:54.000,13.0,-4.7,16.69,17.26,20.32,670472,-41.69,33.0,0.99
2025-04-14T00:30:55.000,13.0,-4.8,16.87,17.25,20.32,670473,-41.69,33.0,0.99
2025-04-14T00:31:55.000,13.0,-4.9,16.71,17.26,20.32,670474,-41.68,34.0,0.99
2025-04-14T00:32:55.000,12.99,-4.97,16.73,17.26,20.32,670475,-41.68,34.0,0.99
2025-04-14T00:33:56.000,12.99,-4.97,17.02,17.24,20.32,670476,-41.67,34.0,0.99
2025-04-14T00:34:56.000,12.97,-4.86,17.27,17.23,20.32,670477,-41.66,34.0,0.99
2025-04-14T00:35:56.000,12.96,-4.66,17.29,17.23,20.32,670478,-41.66,34.0,0.99
2025-04-14T00:36:56.000,12.92,-4.57,18.75,17.14,20.32,670479,-41.65,34.0,0.99
2025-04-14T00:37:56.000,12.89,-4.42,18.24,17.17,20.32,670480,-41.64,34.0,0.99
2025-04-14T00:38:56.000,12.87,-4.25,15.0,17.38,20.32,670481,-41.63,34.0,0.99
2025-04-14T00:39:56.000,12.87,-4.03,13.49,17.5,20.32,670482,-41.61,34.0,0.99
2025-04-14T00:40:57.000,12.88,-3.82,12.78,17.55,20.32,670483,-41.6,34.0,0.99
2025-04-14T00:41:57.000,12.88,-3.64,12.27,17.6,20.32,670484,-41.58,34.0,0.99
2025-04-14T00:42:57.000,12.88,-3.45,14.72,17.4,20.32,670485,-41.57,34.0,0.99
2025-04-14T00:43:57.000,12.88,-3.14,14.72,17.4,20.32,670486,-41.55,34.0,0.99
2025-04-14T00:44:58.000,12.89,-2.8,15.76,17.33,20.32,670487,-41.53,34.0,0.99
2025-04-14T00:45:58.000,12.9,-2.46,16.81,17.26,20.32,670488,-41.51,34.0,0.99
2025-04-14T00:46:58.000,12.91,-2.1,20.3,17.05,20.32,670489,-41.49,34.0,0.99
2025-04-14T00:47:58.000,12.92,-1.75,20.14,17.06,20.32,670490,-41.47,34.0,0.99
2025-04-14T00:48:58.000,12.94,-1.5,21.42,16.99,20.32,670491,-41.45,34.0,0.99
2025-04-14T00:49:58.000,12.95,-1.34,22.92,16.92,20.32,670492,-41.42,34.0,0.99
2025-04-14T00:50:59.000,12.96,-1.18,23.22,16.91,20.32,670493,-41.4,34.0,0.99
2025-04-14T00:51:58.000,12.97,-1.08,22.82,16.92,20.32,670494,-41.37,34.0,0.99
2025-04-14T00:52:59.000,12.98,-1.08,22.32,16.95,20.32,670495,-41.34,34.0,0.99
2025-04-14T00:53:59.000,12.96,-1.22,21.6,16.98,20.32,670496,-41.32,34.0,0.99
2025-04-14T00:54:59.000,12.96,-1.3,20.87,17.02,20.32,670497,-41.29,34.0,0.99
2025-04-14T00:56:00.000,12.96,-1.42,20.81,17.02,20.32,670498,-41.26,34.0,0.99
2025-04-14T00:57:00.000,12.93,-1.57,21.05,17.01,20.32,670499,-41.22,34.0,0.99
2025-04-14T00:58:00.000,12.93,-1.59,21.8,16.97,20.32,670500,-41.19,34.0,0.99
2025-04-14T00:59:00.000,12.92,-1.69,21.84,16.97,20.32,670501,-41.16,34.0,0.99
2025-04-14T01:00:00.000,12.9,-1.78,20.71,17.03,20.32,670502,-41.12,34.0,0.99
2025-04-14T01:01:00.000,12.9,-1.85,21.52,16.99,20.32,670503,-41.09,34.0,0.99
2025-04-14T01:02:01.000,12.91,-1.93,19.26,17.11,20.32,670504,-41.05,34.0,0.99
2025-04-14T01:03:01.000,12.88,-2.01,21.38,17.0,20.32,670505,-41.01,34.0,0.99
2025-04-14T01:04:01.000,12.85,-1.9,22.62,16.93,20.32,670506,-40.97,34.0,0.99
2025-04-14T01:05:01.000,12.85,-1.45,26.86,16.75,20.32,670507,-40.93,34.0,0.99
2025-04-14T01:06:02.000,12.86,-0.98,32.22,16.55,20.32,670508,-40.89,34.0,0.99
2025-04-14T01:07:02.000,12.85,-0.61,35.22,16.45,20.32,670509,-40.85,34.0,0.99
2025-04-14T01:08:02.000,12.84,-0.18,36.05,16.43,20.32,670510,-40.8,34.0,0.99
2025-04-14T01:09:02.000,12.83,0.27,35.48,16.44,20.32,670511,-40.76,34.0,0.99
2025-04-14T01:10:02.000,12.84,0.72,35.66,16.44,20.32,670512,-40.71,34.0,0.99
2025-04-14T01:11:02.000,12.86,1.09,34.91,16.46,20.32,670513,-40.67,34.0,0.99
2025-04-14T01:12:02.000,12.87,1.43,34.47,16.48,20.32,670514,-40.62,34.0,0.99
2025-04-14T01:13:03.000,12.89,1.61,34.5,16.48,20.32,670515,-40.57,34.0,0.99
2025-04-14T01:14:03.000,12.91,1.78,35.63,16.44,20.32,670516,-40.52,34.0,0.99
2025-04-14T01:15:03.000,12.95,1.95,36.21,16.42,20.32,670517,-40.47,34.0,0.99
2025-04-14T01:16:03.000,12.96,2.01,36.44,16.42,20.32,670518,-40.42,34.0,0.99
2025-04-14T01:17:04.000,12.97,2.13,36.9,16.4,20.32,670519,-40.36,34.0,0.99
2025-04-14T01:18:04.000,13.01,2.26,37.37,16.39,20.32,670520,-40.31,34.0,0.99
2025-04-14T01:19:04.000,13.02,2.16,37.9,16.37,20.32,670521,-40.26,34.0,0.99
2025-04-14T01:20:05.000,13.01,2.07,37.33,16.39,20.32,670522,-40.2,34.0,0.99
2025-04-14T01:21:05.000,13.02,1.96,36.37,16.42,20.32,670523,-40.14,34.0,0.99
2025-04-14T01:22:05.000,13.02,1.76,36.29,16.42,20.32,670524,-40.08,34.0,0.99
2025-04-14T01:23:05.000,13.0,1.46,36.85,16.4,20.32,670525,-40.02,34.0,0.99
2025-04-14T01:24:05.000,12.98,1.23,37.53,16.38,20.32,670526,-39.96,34.0,0.99
2025-04-14T01:25:05.000,12.95,0.97,37.83,16.38,20.32,670527,-39.9,34.0,0.99
2025-04-14T01:26:05.000,12.91,0.73,36.35,16.42,20.32,670528,-39.84,34.0,0.99
2025-04-14T01:27:05.000,12.86,0.74,34.9,16.46,20.32,670529,-39.78,34.0,0.99
2025-04-14T01:28:06.000,12.84,0.78,35.62,16.44,20.32,670530,-39.71,34.0,0.99
2025-04-14T01:29:06.000,12.81,0.92,38.39,16.36,20.32,670531,-39.65,34.0,0.989
2025-04-14T01:30:06.000,12.78,1.12,43.44,16.23,20.32,670532,-39.58,34.0,0.989
2025-04-14T01:31:06.000,12.79,1.32,42.57,16.25,20.32,670533,-39.51,34.0,0.989
2025-04-14T01:32:07.000,12.77,1.37,41.5,16.27,20.32,670534,-39.45,34.0,0.989
2025-04-14T01:33:07.000,12.76,1.45,42.68,16.24,20.32,670535,-39.38,34.0,0.989
2025-04-14T01:34:07.000,12.75,1.43,44.6,16.2,20.32,670536,-39.31,34.0,0.989
2025-04-14T01:35:07.000,12.74,1.4,44.3,16.2,20.32,670537,-39.24,33.0,0.989
2025-04-14T01:36:07.000,12.73,1.26,44.96,16.19,20.32,670538,-39.16,33.0,0.989
2025-04-14T01:37:08.000,12.7,1.04,43.14,16.23,20.32,670539,-39.09,33.0,0.989
2025-04-14T01:38:08.000,12.7,0.94,41.87,16.27,20.32,670540,-39.02,33.0,0.989
2025-04-14T01:39:08.000,12.69,0.62,38.3,16.36,20.32,670541,-38.94,33.0,0.989
2025-04-14T01:40:08.000,12.66,0.14,31.94,16.56,20.32,670542,-38.86,33.0,0.989
