ecsv/stars747/stars747_2024-04.ecsv
# %ECSV 1.0
# ---
# datatype:
# - {name: time, datatype: string}
# - {name: Enclosure Temperature, unit: deg_C, datatype: float64}
# - {name: Sky Temperature, unit: deg_C, datatype: float64}
# - {name: Frequency, unit: Hz, datatype: float64}
# - {name: MSAS, unit: mag / arcsec2, datatype: float64}
# - {name: ZP, datatype: float64}
# - {name: Sequence Number, datatype: int64}
# - {name: Sun Alt, unit: deg, datatype: float64}
# - {name: Moon Alt, unit: deg, datatype: float64}
# - {name: Moon Illumination, datatype: float64}
# delimiter: ','
# meta: !!omap
# - ida:
#     Data supplier: {affiliation: null, observer: "Diego Rodr\xEDguez"}
#     Device type: TESS-W
#     Field of view: 17.0
#     Filters per channel: None
#     Instrument ID: stars747
#     License: ODbL 1.0 http://opendatacommons.org/licenses/odbl/summary/
#     Local timezone: Europe/Madrid
#     Location name: {country: "- Escuela de Ingenier\xEDas Industriales de la Universidad de Extremadura", place: Badajoz, region: Spain,
#       sub_region: null, town: null}
#     Measurement direction per channel: {azimuth: 0.0, zenital: 0.0}
#     Moving / Fixed look direction: FIXED
#     Moving / Stationary position: STATIONARY
#     Number of channels: 1
#     Number of fields per line: 8
#     Number of header lines: 35
#     Position: {height: 0.0, latitude: 38.8839498, longitude: -7.0043499}
#     TESS MAC address: E8:DB:84:82:EE:C6
#     TESS cover offset value: 0.0
#     TESS firmware version: '1.0'
#     TESS zero point: 20.32
#     Time Synchronization: timestamp added by MQTT subscriber
#     URL: http://www.darksky.org/NSBM/sdf1.0.pdf
# - __serialized_columns__:
#     Enclosure Temperature:
#       __class__: astropy.units.quantity.Quantity
#       unit: &id001 !astropy.units.Unit {unit: deg_C}
#       value: !astropy.table.SerializedColumn {name: Enclosure Temperature}
#     Frequency:
#       __class__: astropy.units.quantity.Quantity
#       unit: !astropy.units.Unit {unit: Hz}
#       value: !astropy.table.SerializedColumn {name: Frequency}
#     MSAS:
#       __class__: astropy.units.quantity.Quantity
#       unit: !astropy.units.Unit {unit: mag / arcsec2}
#       value: !astropy.table.SerializedColumn {name: MSAS}
#     Moon Alt:
#       __class__: astropy.units.quantity.Quantity
#       unit: &id002 !astropy.units.Unit {unit: deg}
#       value: !astropy.table.SerializedColumn {name: Moon Alt}
#     Sky Temperature:
#       __class__: astropy.units.quantity.Quantity
#       unit: *id001
#       value: !astropy.table.SerializedColumn {name: Sky Temperature}
#     Sun Alt:
#       __class__: astropy.units.quantity.Quantity
#       unit: *id002
#       value: !astropy.table.SerializedColumn {name: Sun Alt}
#     time:
#       __class__: astropy.time.core.Time
#       format: isot
#       in_subfmt: '*'
#       out_subfmt: '*'
#       precision: 3
#       scale: utc
#       value: !astropy.table.SerializedColumn {name: time}
# schema: astropy-2.0
time,Enclosure Temperature,Sky Temperature,Frequency,MSAS,ZP,Sequence Number,Sun Alt,Moon Alt,Moon Illumination
[from data line 1019]
2024-04-02T05:24:18.000,10.03,-5.57,19.58,17.09,20.32,130268,-9.68,19.0,0.491
2024-04-02T05:25:18.000,10.03,-6.02,22.32,16.95,20.32,130269,-9.49,20.0,0.491
2024-04-02T05:26:18.000,10.05,-6.1,26.18,16.78,20.32,130270,-9.3,20.0,0.491
2024-04-02T05:27:19.000,10.04,-5.95,31.97,16.56,20.32,130271,-9.11,20.0,0.491
2024-04-02T05:28:19.000,10.02,-6.04,38.06,16.37,20.32,130272,-8.92,20.0,0.491
2024-04-02T05:29:19.000,10.02,-6.59,41.54,16.27,20.32,130273,-8.73,20.0,0.491
2024-04-02T05:30:19.000,10.1,-6.97,44.63,16.2,20.32,130274,-8.54,20.0,0.491
2024-04-02T05:31:19.000,10.11,-7.41,47.64,16.13,20.32,130275,-8.35,20.0,0.491
2024-04-02T05:32:20.000,10.01,-7.92,54.55,15.98,20.32,130276,-8.16,20.0,0.491
2024-04-02T05:33:20.000,10.03,-8.33,72.8,15.67,20.32,130277,-7.97,20.0,0.491
2024-04-02T05:34:20.000,10.02,-8.51,104.98,15.27,20.32,130278,-7.78,20.0,0.491
2024-04-02T05:35:20.000,10.04,-8.53,126.25,15.07,20.32,130279,-7.59,20.0,0.491
2024-04-02T05:36:20.000,9.98,-9.02,140.4,14.95,20.32,130280,-7.4,20.0,0.491
2024-04-02T05:37:20.000,10.12,-8.95,161.01,14.8,20.32,130281,-7.21,20.0,0.49
2024-04-02T05:38:20.000,10.07,-8.43,208.81,14.52,20.32,130282,-7.02,20.0,0.49
2024-04-02T05:39:21.000,9.95,-8.23,285.33,14.19,20.32,130283,-6.83,20.0,0.49
2024-04-02T05:40:21.000,10.08,-8.11,376.0,13.88,20.32,130284,-6.64,20.0,0.49
2024-04-02T05:41:21.000,10.13,-7.29,484.29,13.61,20.32,130285,-6.45,20.0,0.49
2024-04-02T05:42:21.000,10.0,-6.23,635.58,13.32,20.32,130286,-6.26,21.0,0.49
2024-04-02T05:43:21.000,9.95,-6.02,828.07,13.03,20.32,130287,-6.07,21.0,0.49
2024-04-02T05:44:21.000,10.2,-5.15,1053.4,12.77,20.32,130288,-5.87,21.0,0.49
2024-04-02T05:45:22.000,10.18,-4.51,1304.56,12.53,20.32,130289,-5.68,21.0,0.49
2024-04-02T05:46:22.000,9.99,-4.2,1633.33,12.29,20.32,130290,-5.49,21.0,0.49
2024-04-02T05:47:22.000,10.16,-3.73,2042.4,12.05,20.32,130291,-5.3,21.0,0.49
2024-04-02T05:48:22.000,10.22,-3.82,2636.29,11.77,20.32,130292,-5.11,21.0,0.49
2024-04-02T05:49:23.000,10.13,-3.54,3405.16,11.49,20.32,130293,-4.91,21.0,0.49
2024-04-02T05:50:23.000,9.96,-3.62,4345.09,11.23,20.32,130294,-4.72,21.0,0.489
2024-04-02T05:51:23.000,10.08,-3.29,5496.92,10.97,20.32,130295,-4.53,21.0,0.489
2024-04-02T05:52:23.000,10.35,-3.07,6949.53,10.72,20.32,130296,-4.34,21.0,0.489
2024-04-02T05:53:23.000,10.27,-3.02,8740.61,10.47,20.32,130297,-4.15,21.0,0.489
2024-04-02T05:54:23.000,10.15,-2.97,10828.67,10.24,20.32,130298,-3.95,21.0,0.489
2024-04-02T05:55:24.000,10.12,-2.68,13165.96,10.02,20.32,130299,-3.76,21.0,0.489
2024-04-02T05:56:24.000,10.07,-2.71,16146.33,9.8,20.32,130300,-3.57,21.0,0.489
2024-04-02T05:57:24.000,10.04,-2.54,19861.76,9.58,20.32,130301,-3.37,21.0,0.489
2024-04-02T05:58:24.000,10.02,-2.57,23848.22,9.38,20.32,130302,-3.18,21.0,0.489
2024-04-02T05:59:25.000,9.99,-2.67,27600.42,9.5,20.32,130303,-2.99,21.0,0.489
2024-04-02T06:00:25.000,9.93,-3.0,33950.67,8.99,20.32,130304,-2.79,21.0,0.489
2024-04-02T06:01:25.000,9.87,-3.03,38898.23,8.85,20.32,130305,-2.6,21.0,0.489
2024-04-02T06:02:25.000,9.84,-3.12,44499.75,8.7,20.32,130306,-2.41,21.0,0.489
2024-04-02T06:03:25.000,9.83,-3.2,52289.0,8.53,20.32,130307,-2.22,21.0,0.488
2024-04-02T06:04:26.000,9.81,-3.38,60916.04,8.36,20.32,130308,-2.02,21.0,0.488
2024-04-02T06:05:26.000,9.79,-3.53,50000.0,0.0,20.32,130309,-1.83,22.0,0.488
2024-04-02T06:06:26.000,9.74,-3.91,50000.0,0.0,20.32,130310,-1.63,22.0,0.488
2024-04-02T06:07:27.000,9.66,-4.29,50000.0,0.0,20.32,130311,-1.44,22.0,0.488
2024-04-02T06:18:29.000,9.61,-4.87,50000.0,0.0,20.32,130322,0.7,22.0,0.487
2024-04-02T06:19:29.000,9.6,-4.81,50000.0,0.0,20.32,130323,0.89,22.0,0.487
2024-04-02T06:20:29.000,9.59,-4.58,50000.0,0.0,20.32,130324,1.08,22.0,0.487
2024-04-02T06:21:29.000,9.59,-4.52,49450.8,0.19,20.32,130325,1.28,22.0,0.487
2024-04-02T06:22:30.000,9.57,-4.68,50000.0,0.0,20.32,130326,1.47,22.0,0.487
2024-04-02T06:23:30.000,9.57,-5.05,50000.0,0.0,20.32,130327,1.67,22.0,0.487
2024-04-02T06:24:30.000,9.56,-5.69,50000.0,0.0,20.32,130328,1.86,22.0,0.487
2024-04-02T12:34:50.000,20.64,6.85,50000.0,0.0,20.32,130697,56.34,-12.0,0.459
2024-04-02T12:35:50.000,20.6,5.53,50000.0,0.0,20.32,130698,56.33,-13.0,0.459
2024-04-02T12:36:50.000,20.3,5.71,50000.0,0.0,20.32,130699,56.33,-13.0,0.459
2024-04-02T12:48:33.000,21.63,4.98,50000.0,0.0,20.32,130710,56.13,-15.0,0.458
2024-04-02T12:49:33.000,21.52,6.37,50000.0,0.0,20.32,130711,56.1,-15.0,0.458
2024-04-02T12:50:33.000,21.65,7.44,50000.0,0.0,20.32,130712,56.07,-15.0,0.458
2024-04-02T17:53:33.000,14.7,12.11,50000.0,0.0,20.32,131014,10.68,-69.0,0.434
2024-04-02T17:54:34.000,14.58,11.56,50000.0,0.0,20.32,131015,10.49,-69.0,0.434
2024-04-02T17:55:34.000,14.6,11.92,50000.0,0.0,20.32,131016,10.29,-70.0,0.434
2024-04-02T17:56:34.000,14.62,11.5,49456.93,0.18,20.32,131017,10.1,-70.0,0.434
2024-04-02T17:57:34.000,14.67,11.43,50000.0,0.0,20.32,131018,9.9,-70.0,0.434
2024-04-02T17:58:35.000,14.75,11.24,50000.0,0.0,20.32,131019,9.71,-70.0,0.434
2024-04-02T17:59:35.000,14.9,11.18,50000.0,0.0,20.32,131020,9.51,-70.0,0.434
2024-04-02T18:17:38.000,14.64,10.66,50000.0,0.0,20.32,131038,6.0,-73.0,0.433
2024-04-02T18:18:38.000,14.58,10.77,50000.0,0.0,20.32,131039,5.81,-73.0,0.432
2024-04-02T18:19:38.000,14.6,10.75,50000.0,0.0,20.32,131040,5.61,-73.0,0.432
2024-04-02T18:20:39.000,14.57,10.76,49709.58,0.09,20.32,131041,5.41,-73.0,0.432
2024-04-02T18:21:39.000,14.53,10.61,50000.0,0.0,20.32,131042,5.22,-73.0,0.432
2024-04-02T18:22:39.000,14.55,10.89,50000.0,0.0,20.32,131043,5.03,-74.0,0.432
2024-04-02T18:23:39.000,14.57,10.58,50000.0,0.0,20.32,131044,4.83,-74.0,0.432
2024-04-02T18:27:40.000,14.57,10.26,50000.0,0.0,20.32,131048,4.05,-74.0,0.432
2024-04-02T18:28:40.000,14.59,10.43,50000.0,0.0,20.32,131049,3.86,-74.0,0.432
2024-04-02T18:29:40.000,14.58,10.21,50000.0,0.0,20.32,131050,3.66,-75.0,0.432
2024-04-02T18:30:41.000,14.55,10.24,49728.37,0.09,20.32,131051,3.47,-75.0,0.432
2024-04-02T18:31:41.000,14.57,10.38,50000.0,0.0,20.32,131052,3.27,-75.0,0.431
2024-04-02T18:32:41.000,14.57,10.07,50000.0,0.0,20.32,131053,3.08,-75.0,0.431
2024-04-02T18:33:41.000,14.55,10.31,50000.0,0.0,20.32,131054,2.88,-75.0,0.431
2024-04-02T18:49:44.000,14.7,9.97,50000.0,0.0,20.32,131070,-0.22,-77.0,0.43
2024-04-02T18:50:45.000,14.76,10.0,50000.0,0.0,20.32,131071,-0.42,-77.0,0.43
2024-04-02T18:51:45.000,14.75,10.05,50000.0,0.0,20.32,131072,-0.61,-77.0,0.43
2024-04-02T18:52:45.000,14.77,10.11,48901.64,0.37,20.32,131073,-0.8,-77.0,0.43
2024-04-02T18:53:45.000,14.74,10.09,50000.0,0.0,20.32,131074,-1.0,-77.0,0.43
2024-04-02T18:54:46.000,14.68,10.03,50000.0,0.0,20.32,131075,-1.19,-77.0,0.43
2024-04-02T18:55:46.000,14.67,10.25,50000.0,0.0,20.32,131076,-1.38,-77.0,0.43
2024-04-02T18:56:46.000,14.68,10.23,50000.0,0.0,20.32,131077,-1.58,-77.0,0.43
2024-04-02T18:57:46.000,14.7,10.28,50000.0,0.0,20.32,131078,-1.77,-77.0,0.429
2024-04-02T18:58:46.000,14.74,10.2,56454.45,5.87,20.32,131079,-1.96,-77.0,0.429
2024-04-02T18:59:46.000,14.78,10.37,50119.23,8.57,20.32,131080,-2.15,-77.0,0.429
2024-04-02T19:00:46.000,14.8,10.28,40326.36,8.81,20.32,131081,-2.35,-78.0,0.429
2024-04-02T19:01:46.000,14.85,10.34,42050.63,8.76,20.32,131082,-2.54,-78.0,0.429
2024-04-02T19:02:47.000,14.79,10.04,47341.16,8.63,20.32,131083,-2.73,-78.0,0.429
2024-04-02T19:03:47.000,14.73,9.81,41215.07,8.78,20.32,131084,-2.93,-78.0,0.429
2024-04-02T19:04:47.000,14.71,9.88,31275.15,9.08,20.32,131085,-3.12,-78.0,0.429
2024-04-02T19:05:47.000,14.72,10.14,25700.95,9.44,20.32,131086,-3.31,-78.0,0.429
2024-04-02T19:06:48.000,14.74,10.19,21398.47,9.5,20.32,131087,-3.5,-78.0,0.429
2024-04-02T19:07:48.000,14.75,10.41,15030.17,9.96,20.32,131088,-3.7,-78.0,0.429
2024-04-02T19:08:48.000,14.82,10.44,10571.24,10.27,20.32,131089,-3.89,-78.0,0.429
2024-04-02T19:09:48.000,14.79,10.42,7956.38,10.57,20.32,131090,-4.08,-78.0,0.429
2024-04-02T19:10:48.000,14.81,10.3,6131.8,10.85,20.32,131091,-4.27,-78.0,0.428
2024-04-02T19:11:48.000,14.8,10.39,6186.63,10.84,20.32,131092,-4.46,-78.0,0.428
2024-04-02T19:12:49.000,14.83,10.44,5379.35,11.0,20.32,131093,-4.66,-78.0,0.428
2024-04-02T19:13:49.000,14.87,10.35,3923.29,11.34,20.32,131094,-4.85,-78.0,0.428
2024-04-02T19:14:49.000,14.81,10.18,3349.69,11.51,20.32,131095,-5.04,-78.0,0.428
2024-04-02T19:15:49.000,14.76,10.22,3104.25,11.59,20.32,131096,-5.23,-78.0,0.428
2024-04-02T19:16:49.000,14.77,10.28,2338.4,11.9,20.32,131097,-5.42,-78.0,0.428
2024-04-02T19:17:50.000,14.79,10.06,1982.18,12.08,20.32,131098,-5.61,-78.0,0.428
2024-04-02T19:18:50.000,14.79,9.8,1585.44,12.32,20.32,131099,-5.8,-78.0,0.428
2024-04-02T19:19:50.000,14.78,9.5,1343.44,12.5,20.32,131100,-5.99,-78.0,0.428
2024-04-02T19:20:51.000,14.76,8.46,1197.29,12.63,20.32,131101,-6.19,-78.0,0.428
2024-04-02T19:21:51.000,14.73,7.71,909.03,12.93,20.32,131102,-6.38,-78.0,0.428
2024-04-02T19:22:51.000,14.72,7.54,724.02,13.17,20.32,131103,-6.57,-78.0,0.428
2024-04-02T19:23:51.000,14.7,8.43,544.22,13.48,20.32,131104,-6.76,-78.0,0.427
2024-04-02T19:24:51.000,14.72,9.32,447.98,13.69,20.32,131105,-6.95,-78.0,0.427
2024-04-02T19:25:51.000,14.68,8.89,388.63,13.85,20.32,131106,-7.14,-78.0,0.427
2024-04-02T19:26:51.000,14.66,8.79,323.89,14.05,20.32,131107,-7.33,-78.0,0.427
2024-04-02T19:27:51.000,14.7,9.56,264.9,14.26,20.32,131108,-7.52,-78.0,0.427
2024-04-02T19:28:52.000,14.7,10.09,223.08,14.45,20.32,131109,-7.71,-78.0,0.427
2024-04-02T19:29:52.000,14.79,10.38,190.0,14.62,20.32,131110,-7.9,-78.0,0.427
2024-04-02T19:30:52.000,14.81,10.3,173.23,14.72,20.32,131111,-8.09,-78.0,0.427
2024-04-02T19:31:52.000,14.79,10.32,165.17,14.78,20.32,131112,-8.28,-78.0,0.427
2024-04-02T19:32:53.000,14.82,10.43,159.16,14.82,20.32,131113,-8.47,-78.0,0.427
2024-04-02T19:33:53.000,14.77,10.27,141.62,14.94,20.32,131114,-8.66,-78.0,0.427
2024-04-02T19:34:53.000,14.78,10.44,127.89,15.05,20.32,131115,-8.84,-78.0,0.427
2024-04-02T19:35:53.000,14.83,10.54,122.42,15.1,20.32,131116,-9.03,-78.0,0.427
2024-04-02T19:36:53.000,14.89,10.47,106.14,15.26,20.32,131117,-9.22,-78.0,0.426
2024-04-02T19:37:53.000,14.89,10.31,108.58,15.23,20.32,131118,-9.41,-78.0,0.426
2024-04-02T19:38:54.000,14.89,10.46,109.1,15.23,20.32,131119,-9.6,-78.0,0.426
2024-04-02T19:39:54.000,14.9,10.61,116.61,15.16,20.32,131120,-9.79,-78.0,0.426
2024-04-02T19:40:54.000,14.92,10.81,103.25,15.29,20.32,131121,-9.98,-77.0,0.426
2024-04-02T19:41:54.000,14.95,10.71,104.09,15.28,20.32,131122,-10.16,-77.0,0.426
2024-04-02T19:42:54.000,15.01,10.85,88.39,15.45,20.32,131123,-10.35,-77.0,0.426
2024-04-02T19:43:54.000,14.96,10.43,89.66,15.44,20.32,131124,-10.54,-77.0,0.426
2024-04-02T19:44:54.000,14.79,10.49,100.82,15.31,20.32,131125,-10.72,-77.0,0.426
2024-04-02T19:45:54.000,14.71,11.66,100.79,15.31,20.32,131126,-10.91,-77.0,0.426
2024-04-02T19:46:55.000,14.64,12.13,94.68,15.38,20.32,131127,-11.1,-77.0,0.426
2024-04-02T19:47:55.000,14.53,12.28,106.07,15.26,20.32,131128,-11.29,-77.0,0.426
2024-04-02T19:48:55.000,14.54,12.85,128.04,15.05,20.32,131129,-11.47,-77.0,0.426
2024-04-02T19:49:55.000,14.57,12.92,118.52,15.14,20.32,131130,-11.66,-77.0,0.425
2024-04-02T19:50:55.000,14.57,12.77,106.67,15.25,20.32,131131,-11.85,-77.0,0.425
2024-04-02T19:51:56.000,14.58,12.91,109.42,15.22,20.32,131132,-12.04,-77.0,0.425
2024-04-02T19:52:56.000,14.62,13.07,106.94,15.25,20.32,131133,-12.22,-76.0,0.425
2024-04-02T19:53:56.000,14.71,13.36,114.41,15.17,20.32,131134,-12.41,-76.0,0.425
2024-04-02T19:54:56.000,14.73,12.93,113.06,15.19,20.32,131135,-12.59,-76.0,0.425
2024-04-02T19:55:56.000,14.61,12.58,115.87,15.16,20.32,131136,-12.78,-76.0,0.425
2024-04-02T19:56:56.000,14.53,12.64,118.45,15.14,20.32,131137,-12.96,-76.0,0.425
2024-04-02T19:57:57.000,14.53,12.81,102.97,15.29,20.32,131138,-13.15,-76.0,0.425
2024-04-02T19:58:57.000,14.51,12.73,102.57,15.29,20.32,131139,-13.34,-76.0,0.425
2024-04-02T19:59:57.000,14.53,12.82,113.82,15.18,20.32,131140,-13.52,-76.0,0.425
2024-04-02T20:00:57.000,14.54,12.9,118.74,15.13,20.32,131141,-13.7,-76.0,0.425
2024-04-02T20:01:57.000,14.52,12.62,125.08,15.08,20.32,131142,-13.89,-76.0,0.425
2024-04-02T20:02:58.000,14.37,12.29,117.89,15.14,20.32,131143,-14.08,-75.0,0.424
2024-04-02T20:03:58.000,14.31,12.28,105.64,15.26,20.32,131144,-14.26,-75.0,0.424
2024-04-02T20:04:58.000,14.23,12.26,91.89,15.41,20.32,131145,-14.44,-75.0,0.424
2024-04-02T20:05:58.000,14.19,12.24,98.91,15.33,20.32,131146,-14.63,-75.0,0.424
2024-04-02T20:06:58.000,14.24,12.59,102.25,15.3,20.32,131147,-14.81,-75.0,0.424
2024-04-02T20:07:58.000,14.29,12.64,106.52,15.25,20.32,131148,-14.99,-75.0,0.424
2024-04-02T20:08:59.000,14.31,12.77,109.17,15.23,20.32,131149,-15.18,-75.0,0.424
2024-04-02T20:09:59.000,14.37,12.68,119.95,15.12,20.32,131150,-15.36,-75.0,0.424
2024-04-02T20:10:59.000,14.36,12.69,124.04,15.09,20.32,131151,-15.54,-74.0,0.424
2024-04-02T20:11:59.000,14.4,12.92,119.89,15.12,20.32,131152,-15.73,-74.0,0.424
2024-04-02T20:12:59.000,14.41,12.65,129.91,15.04,20.32,131153,-15.91,-74.0,0.424
2024-04-02T20:14:00.000,14.31,12.48,129.87,15.04,20.32,131154,-16.09,-74.0,0.424
2024-04-02T20:15:00.000,14.33,12.66,126.75,15.06,20.32,131155,-16.27,-74.0,0.424
2024-04-02T20:16:00.000,14.31,12.74,121.64,15.11,20.32,131156,-16.45,-74.0,0.423
2024-04-02T20:17:00.000,14.34,12.83,121.55,15.11,20.32,131157,-16.64,-74.0,0.423
2024-04-02T20:18:01.000,14.33,12.75,139.75,14.96,20.32,131158,-16.82,-73.0,0.423
2024-04-02T20:19:01.000,14.34,12.67,150.99,14.87,20.32,131159,-17.0,-73.0,0.423
2024-04-02T20:20:01.000,14.35,12.95,153.09,14.86,20.32,131160,-17.18,-73.0,0.423
2024-04-02T20:21:01.000,14.36,12.78,142.7,14.93,20.32,131161,-17.36,-73.0,0.423
2024-04-02T20:22:01.000,14.44,13.2,144.93,14.92,20.32,131162,-17.54,-73.0,0.423
2024-04-02T20:23:01.000,14.48,13.03,162.22,14.8,20.32,131163,-17.72,-73.0,0.423
2024-04-02T20:24:01.000,14.45,12.84,161.42,14.8,20.32,131164,-17.9,-73.0,0.423
2024-04-02T20:25:02.000,14.39,12.81,159.46,14.81,20.32,131165,-18.08,-73.0,0.423
2024-04-02T20:26:02.000,14.38,12.89,163.98,14.78,20.32,131166,-18.26,-72.0,0.423
2024-04-02T20:27:02.000,14.43,13.13,166.18,14.77,20.32,131167,-18.44,-72.0,0.423
2024-04-02T20:28:03.000,14.48,13.07,171.2,14.74,20.32,131168,-18.62,-72.0,0.423
2024-04-02T20:29:03.000,14.44,12.89,161.02,14.8,20.32,131169,-18.8,-72.0,0.422
2024-04-02T20:30:03.000,14.41,12.93,129.46,15.04,20.32,131170,-18.98,-72.0,0.422
2024-04-02T20:31:03.000,14.47,13.18,127.51,15.06,20.32,131171,-19.16,-72.0,0.422
2024-04-02T20:32:03.000,14.46,12.94,133.82,15.0,20.32,131172,-19.33,-71.0,0.422
2024-04-02T20:33:03.000,14.39,12.72,132.36,15.02,20.32,131173,-19.51,-71.0,0.422
2024-04-02T20:34:03.000,14.35,12.69,148.38,14.89,20.32,131174,-19.69,-71.0,0.422
2024-04-02T20:35:04.000,14.32,12.82,148.07,14.89,20.32,131175,-19.87,-71.0,0.422
2024-04-02T20:36:04.000,14.32,12.77,141.91,14.94,20.32,131176,-20.04,-71.0,0.422
2024-04-02T20:37:04.000,14.29,12.62,139.1,14.96,20.32,131177,-20.22,-71.0,0.422
2024-04-02T20:38:04.000,14.3,12.91,141.39,14.94,20.32,131178,-20.39,-71.0,0.422
2024-04-02T20:39:04.000,14.34,12.89,149.48,14.88,20.32,131179,-20.57,-70.0,0.422
2024-04-02T20:40:05.000,14.31,12.7,144.87,14.92,20.32,131180,-20.75,-70.0,0.422
2024-04-02T20:41:05.000,14.32,12.84,139.55,14.96,20.32,131181,-20.92,-70.0,0.422
2024-04-02T20:42:05.000,14.34,12.86,138.83,14.96,20.32,131182,-21.1,-70.0,0.421
2024-04-02T20:43:05.000,14.39,13.19,138.49,14.97,20.32,131183,-21.27,-70.0,0.421
2024-04-02T20:44:05.000,14.49,13.25,147.46,14.9,20.32,131184,-21.45,-70.0,0.421
2024-04-02T20:45:06.000,14.49,12.94,147.55,14.9,20.32,131185,-21.62,-69.0,0.421
2024-04-02T20:46:06.000,14.42,12.75,132.13,15.02,20.32,131186,-21.8,-69.0,0.421
2024-04-02T20:47:06.000,14.37,12.78,99.16,15.34,20.32,131187,-21.97,-69.0,0.421
2024-04-02T20:48:06.000,14.33,12.76,87.6,15.47,20.32,131188,-22.14,-69.0,0.421
2024-04-02T20:49:06.000,14.33,12.73,109.3,15.22,20.32,131189,-22.32,-69.0,0.421
2024-04-02T20:50:06.000,14.28,12.67,98.02,15.35,20.32,131190,-22.49,-69.0,0.421
2024-04-02T20:51:06.000,14.28,12.73,91.69,15.42,20.32,131191,-22.66,-68.0,0.421
2024-04-02T20:52:06.000,14.29,12.84,104.91,15.27,20.32,131192,-22.83,-68.0,0.421
