ecsv/stars747/stars747_2025-04.ecsv
# %ECSV 1.0
# ---
# datatype:
# - {name: time, datatype: string}
# - {name: Enclosure Temperature, unit: deg_C, datatype: float64}
# - {name: Sky Temperature, unit: deg_C, datatype: float64}
# - {name: Frequency, unit: Hz, datatype: float64}
# - {name: MSAS, unit: mag / arcsec2, datatype: float64}
# - {name: ZP, datatype: float64}
# - {name: Sequence Number, datatype: int64}
# - {name: Sun Alt, unit: deg, datatype: float64}
# - {name: Moon Alt, unit: deg, datatype: float64}
# - {name: Moon Illumination, datatype: float64}
# delimiter: ','
# meta: !!omap
# - ida:
#     Data supplier: {affiliation: null, observer: "Diego Rodr\xEDguez"}
#     Device type: TESS-W
#     Field of view: 17.0
#     Filters per channel: None
#     Instrument ID: stars747
#     License: ODbL 1.0 http://opendatacommons.org/licenses/odbl/summary/
#     Local timezone: Europe/Madrid
#     Location name: {country: Spain, place: "Escuela de Ingenier\xEDas Industriales de la Universidad de Extremadura", region: null,
#       sub_region: null, town: Badajoz}
#     Measurement direction per channel: {azimuth: 0.0, zenital: 0.0}
#     Moving / Fixed look direction: FIXED
#     Moving / Stationary position: STATIONARY
#     Number of channels: 1
#     Number of fields per line: 8
#     Number of header lines: 35
#     Position: {height: 0.0, latitude: 38.8839498, longitude: -7.0043499}
#     TESS MAC address: E8:DB:84:82:EE:C6
#     TESS cover offset value: 0.0
#     TESS firmware version: '1.0'
#     TESS zero point: 20.32
#     Time Synchronization: timestamp added by MQTT subscriber
#     URL: http://www.darksky.org/NSBM/sdf1.0.pdf
# - __serialized_columns__:
#     Enclosure Temperature:
#       __class__: astropy.units.quantity.Quantity
#       unit: &id001 !astropy.units.Unit {unit: deg_C}
#       value: !astropy.table.SerializedColumn {name: Enclosure Temperature}
#     Frequency:
#       __class__: astropy.units.quantity.Quantity
#       unit: !astropy.units.Unit {unit: Hz}
#       value: !astropy.table.SerializedColumn {name: Frequency}
#     MSAS:
#       __class__: astropy.units.quantity.Quantity
#       unit: !astropy.units.Unit {unit: mag / arcsec2}
#       value: !astropy.table.SerializedColumn {name: MSAS}
#     Moon Alt:
#       __class__: astropy.units.quantity.Quantity
#       unit: &id002 !astropy.units.Unit {unit: deg}
#       value: !astropy.table.SerializedColumn {name: Moon Alt}
#     Sky Temperature:
#       __class__: astropy.units.quantity.Quantity
#       unit: *id001
#       value: !astropy.table.SerializedColumn {name: Sky Temperature}
#     Sun Alt:
#       __class__: astropy.units.quantity.Quantity
#       unit: *id002
#       value: !astropy.table.SerializedColumn {name: Sun Alt}
#     time:
#       __class__: astropy.time.core.Time
#       format: isot
#       in_subfmt: '*'
#       out_subfmt: '*'
#       precision: 3
#       scale: utc
#       value: !astropy.table.SerializedColumn {name: time}
# schema: astropy-2.0
time,Enclosure Temperature,Sky Temperature,Frequency,MSAS,ZP,Sequence Number,Sun Alt,Moon Alt,Moon Illumination
[from data line 19308]
2025-04-30T05:36:39.000,16.07,7.71,47803.41,8.62,20.32,693682,0.15,-13.0,0.089
2025-04-30T05:37:39.000,16.05,7.52,52402.58,8.53,20.32,693683,0.34,-13.0,0.089
2025-04-30T05:38:39.000,16.05,7.35,51077.68,0.65,20.32,693684,0.52,-13.0,0.089
2025-04-30T05:39:39.000,16.06,7.3,50000.0,0.0,20.32,693685,0.7,-13.0,0.089
2025-04-30T05:40:40.000,16.05,7.0,50000.0,0.0,20.32,693686,0.89,-13.0,0.089
2025-04-30T05:41:40.000,16.05,6.49,50000.0,0.0,20.32,693687,1.08,-13.0,0.089
2025-04-30T05:58:43.000,16.14,7.54,50000.0,0.0,20.32,693704,4.25,-11.0,0.09
2025-04-30T05:59:43.000,16.16,7.49,50000.0,0.0,20.32,693705,4.44,-10.0,0.09
2025-04-30T06:00:43.000,16.17,7.34,50000.0,0.0,20.32,693706,4.63,-10.0,0.09
2025-04-30T06:01:43.000,16.19,7.0,49719.38,0.09,20.32,693707,4.82,-10.0,0.09
2025-04-30T06:02:44.000,16.19,6.71,50000.0,0.0,20.32,693708,5.01,-10.0,0.09
2025-04-30T06:03:44.000,16.15,6.78,50000.0,0.0,20.32,693709,5.19,-10.0,0.09
2025-04-30T06:04:44.000,16.13,7.21,50000.0,0.0,20.32,693710,5.38,-10.0,0.09
2025-04-30T06:29:49.000,15.79,9.54,50000.0,0.0,20.32,693735,10.14,-6.0,0.091
2025-04-30T06:30:49.000,15.59,9.0,50000.0,0.0,20.32,693736,10.34,-6.0,0.091
2025-04-30T06:31:49.000,15.07,9.38,50000.0,0.0,20.32,693737,10.53,-6.0,0.091
2025-04-30T06:32:49.000,14.81,10.4,49711.11,0.1,20.32,693738,10.72,-6.0,0.091
2025-04-30T06:33:49.000,14.73,10.16,50000.0,0.0,20.32,693739,10.91,-6.0,0.091
2025-04-30T06:34:50.000,14.58,10.16,50000.0,0.0,20.32,693740,11.1,-6.0,0.091
2025-04-30T06:35:50.000,14.47,9.64,50000.0,0.0,20.32,693741,11.3,-6.0,0.091
2025-04-30T06:36:50.000,14.51,10.2,50000.0,0.0,20.32,693742,11.49,-6.0,0.091
2025-04-30T06:37:50.000,14.56,10.08,49408.68,0.2,20.32,693743,11.68,-5.0,0.091
2025-04-30T06:38:50.000,14.58,10.05,49722.43,0.09,20.32,693744,11.87,-5.0,0.091
2025-04-30T06:39:50.000,14.54,9.91,50000.0,0.0,20.32,693745,12.06,-5.0,0.092
2025-04-30T06:40:51.000,14.51,10.02,50000.0,0.0,20.32,693746,12.26,-5.0,0.092
2025-04-30T06:41:51.000,14.54,10.04,50000.0,0.0,20.32,693747,12.45,-5.0,0.092
2025-04-30T06:42:51.000,14.56,10.01,50000.0,0.0,20.32,693748,12.64,-5.0,0.092
2025-04-30T06:43:51.000,14.6,10.04,50000.0,0.0,20.32,693749,12.84,-5.0,0.092
2025-04-30T06:44:52.000,14.61,9.8,49725.38,0.09,20.32,693750,13.03,-4.0,0.092
2025-04-30T06:45:52.000,14.62,9.86,50000.0,0.0,20.32,693751,13.22,-4.0,0.092
2025-04-30T06:46:52.000,14.58,9.5,49383.08,0.21,20.32,693752,13.42,-4.0,0.092
2025-04-30T06:47:52.000,14.51,9.38,50000.0,0.0,20.32,693753,13.61,-4.0,0.092
2025-04-30T06:48:52.000,14.51,9.39,50000.0,0.0,20.32,693754,13.8,-4.0,0.092
2025-04-30T06:49:53.000,14.55,9.58,50000.0,0.0,20.32,693755,14.0,-4.0,0.092
2025-04-30T07:12:57.000,14.33,12.16,50000.0,0.0,20.32,693778,18.46,-0.0,0.093
2025-04-30T07:13:57.000,14.42,12.44,50000.0,0.0,20.32,693779,18.66,-0.0,0.093
2025-04-30T07:14:57.000,14.39,12.03,50000.0,0.0,20.32,693780,18.85,0.0,0.093
2025-04-30T07:15:57.000,14.18,11.75,49731.36,0.09,20.32,693781,19.05,0.0,0.093
2025-04-30T07:16:57.000,14.15,12.8,50000.0,0.0,20.32,693782,19.24,0.0,0.093
2025-04-30T07:17:57.000,14.22,13.07,50000.0,0.0,20.32,693783,19.43,1.0,0.093
2025-04-30T07:18:58.000,14.23,12.88,49734.18,0.09,20.32,693784,19.63,1.0,0.093
2025-04-30T07:19:59.000,14.15,12.43,50000.0,0.0,20.32,693785,19.83,1.0,0.093
2025-04-30T07:20:59.000,13.95,11.71,50000.0,0.0,20.32,693786,20.02,1.0,0.094
2025-04-30T07:21:59.000,13.84,12.07,50000.0,0.0,20.32,693787,20.22,1.0,0.094
2025-04-30T07:22:59.000,13.89,12.39,49728.42,0.09,20.32,693788,20.41,1.0,0.094
2025-04-30T07:24:00.000,13.85,12.24,50000.0,0.0,20.32,693789,20.61,1.0,0.094
2025-04-30T07:25:00.000,13.74,12.0,50000.0,0.0,20.32,693790,20.81,2.0,0.094
2025-04-30T07:26:00.000,13.67,12.03,50000.0,0.0,20.32,693791,21.0,2.0,0.094
2025-04-30T07:37:01.000,13.7,12.02,50000.0,0.0,20.32,693802,23.14,4.0,0.094
2025-04-30T07:38:01.000,13.76,12.58,50000.0,0.0,20.32,693803,23.34,4.0,0.094
2025-04-30T07:39:02.000,13.67,12.06,50000.0,0.0,20.32,693804,23.54,4.0,0.094
2025-04-30T07:40:02.000,13.77,12.79,49714.55,0.09,20.32,693805,23.73,4.0,0.094
2025-04-30T07:41:02.000,13.84,11.96,50000.0,0.0,20.32,693806,23.93,4.0,0.094
2025-04-30T07:42:02.000,13.8,12.17,50000.0,0.0,20.32,693807,24.12,4.0,0.095
2025-04-30T07:43:02.000,13.78,12.46,50000.0,0.0,20.32,693808,24.32,4.0,0.095
2025-04-30T18:10:56.000,15.94,12.35,50000.0,0.0,20.32,694434,12.08,52.0,0.127
2025-04-30T18:11:56.000,16.01,13.29,50000.0,0.0,20.32,694435,11.89,52.0,0.127
2025-04-30T18:12:56.000,16.05,13.34,50000.0,0.0,20.32,694436,11.69,52.0,0.127
2025-04-30T18:13:56.000,16.17,13.7,49724.01,0.09,20.32,694437,11.5,51.0,0.127
2025-04-30T18:14:57.000,16.09,12.59,49712.89,0.09,20.32,694438,11.31,51.0,0.127
2025-04-30T18:15:57.000,15.84,11.93,50000.0,0.0,20.32,694439,11.12,51.0,0.127
2025-04-30T18:16:57.000,15.8,12.54,50000.0,0.0,20.32,694440,10.93,51.0,0.127
2025-04-30T18:17:57.000,16.02,13.8,50000.0,0.0,20.32,694441,10.73,51.0,0.127
2025-04-30T18:22:58.000,16.07,13.09,50000.0,0.0,20.32,694446,9.78,50.0,0.128
2025-04-30T18:23:57.000,16.1,13.56,50000.0,0.0,20.32,694447,9.59,49.0,0.128
2025-04-30T18:24:58.000,16.13,13.48,50000.0,0.0,20.32,694448,9.4,49.0,0.128
2025-04-30T18:25:58.000,15.92,12.16,49709.5,0.1,20.32,694449,9.21,49.0,0.128
2025-04-30T18:26:58.000,15.88,12.86,49732.84,0.09,20.32,694450,9.02,49.0,0.128
2025-04-30T18:27:58.000,15.91,13.22,50000.0,0.0,20.32,694451,8.83,49.0,0.128
2025-04-30T18:28:58.000,15.96,13.04,50000.0,0.0,20.32,694452,8.64,48.0,0.128
2025-04-30T18:29:59.000,15.84,12.53,50000.0,0.0,20.32,694453,8.44,48.0,0.128
2025-04-30T18:30:59.000,15.76,12.6,50000.0,0.0,20.32,694454,8.25,48.0,0.128
2025-04-30T18:31:59.000,15.68,12.3,50000.0,0.0,20.32,694455,8.06,48.0,0.128
2025-04-30T18:32:59.000,15.56,11.63,49724.03,0.09,20.32,694456,7.87,48.0,0.128
2025-04-30T18:34:00.000,15.45,11.75,50000.0,0.0,20.32,694457,7.68,48.0,0.128
2025-04-30T18:35:00.000,15.4,12.02,50000.0,0.0,20.32,694458,7.49,47.0,0.128
2025-04-30T18:36:00.000,15.4,12.12,49728.37,0.09,20.32,694459,7.3,47.0,0.128
2025-04-30T18:37:00.000,15.34,11.78,49726.88,0.09,20.32,694460,7.11,47.0,0.128
2025-04-30T18:38:00.000,15.32,12.25,50000.0,0.0,20.32,694461,6.92,47.0,0.128
2025-04-30T18:39:01.000,15.27,11.89,50000.0,0.0,20.32,694462,6.73,47.0,0.129
2025-04-30T18:40:01.000,15.19,11.7,50000.0,0.0,20.32,694463,6.54,46.0,0.129
2025-04-30T18:41:01.000,15.12,11.84,50000.0,0.0,20.32,694464,6.35,46.0,0.129
2025-04-30T18:42:01.000,15.09,11.8,50000.0,0.0,20.32,694465,6.17,46.0,0.129
2025-04-30T18:43:01.000,15.12,12.08,49729.84,0.09,20.32,694466,5.98,46.0,0.129
2025-04-30T18:44:01.000,15.2,12.78,49731.35,0.09,20.32,694467,5.79,46.0,0.129
2025-04-30T18:45:01.000,15.23,12.31,50000.0,0.0,20.32,694468,5.6,45.0,0.129
2025-04-30T18:46:01.000,15.29,12.55,50000.0,0.0,20.32,694469,5.41,45.0,0.129
2025-04-30T18:47:02.000,15.11,11.67,50000.0,0.0,20.32,694470,5.22,45.0,0.129
2025-04-30T18:48:02.000,15.03,12.16,50000.0,0.0,20.32,694471,5.03,45.0,0.129
2025-04-30T18:49:02.000,15.01,12.14,49716.05,0.1,20.32,694472,4.85,45.0,0.129
2025-04-30T18:50:02.000,14.93,12.06,50000.0,0.0,20.32,694473,4.66,45.0,0.129
2025-04-30T18:51:02.000,14.85,11.76,50000.0,0.0,20.32,694474,4.47,44.0,0.129
2025-04-30T18:52:02.000,14.79,11.72,50000.0,0.0,20.32,694475,4.29,44.0,0.129
2025-04-30T19:03:04.000,14.75,4.64,50000.0,0.0,20.32,694486,2.23,42.0,0.13
2025-04-30T19:04:04.000,14.76,4.66,50000.0,0.0,20.32,694487,2.04,42.0,0.13
2025-04-30T19:05:04.000,14.82,5.91,50000.0,0.0,20.32,694488,1.86,42.0,0.13
2025-04-30T19:06:05.000,14.93,7.62,49629.77,0.13,20.32,694489,1.67,42.0,0.13
2025-04-30T19:07:05.000,15.01,6.87,50000.0,0.0,20.32,694490,1.49,41.0,0.13
2025-04-30T19:08:05.000,15.03,6.37,50000.0,0.0,20.32,694491,1.3,41.0,0.13
2025-04-30T19:09:05.000,15.06,6.77,50000.0,0.0,20.32,694492,1.12,41.0,0.13
2025-04-30T19:20:10.000,15.01,1.06,50000.0,0.0,20.32,694503,-0.92,39.0,0.131
2025-04-30T19:21:10.000,15.04,2.33,50000.0,0.0,20.32,694504,-1.1,39.0,0.131
2025-04-30T19:22:10.000,15.05,3.4,50000.0,0.0,20.32,694505,-1.28,39.0,0.131
2025-04-30T19:23:10.000,15.1,4.75,56558.74,8.35,20.32,694506,-1.46,38.0,0.131
2025-04-30T19:24:10.000,15.17,6.27,35685.02,8.95,20.32,694507,-1.64,38.0,0.131
2025-04-30T19:25:10.000,15.28,7.85,24498.36,9.35,20.32,694508,-1.83,38.0,0.131
2025-04-30T19:26:10.000,15.42,9.19,20359.62,9.55,20.32,694509,-2.01,38.0,0.131
2025-04-30T19:27:11.000,15.52,9.93,15245.21,9.86,20.32,694510,-2.19,38.0,0.131
2025-04-30T19:28:11.000,15.55,10.25,15243.56,9.86,20.32,694511,-2.37,37.0,0.131
2025-04-30T19:29:11.000,15.61,10.83,12973.03,10.05,20.32,694512,-2.55,37.0,0.131
2025-04-30T19:30:11.000,15.52,10.89,6902.93,10.75,20.32,694513,-2.73,37.0,0.131
2025-04-30T19:31:11.000,15.52,11.8,3590.09,11.44,20.32,694514,-2.91,37.0,0.131
2025-04-30T19:32:11.000,15.64,12.0,3132.49,11.58,20.32,694515,-3.09,37.0,0.131
2025-04-30T19:33:11.000,15.59,11.66,4602.97,11.18,20.32,694516,-3.27,36.0,0.132
2025-04-30T19:34:18.000,15.06,10.07,5977.51,10.88,20.32,694517,-3.48,36.0,0.132
2025-04-30T19:35:18.000,14.51,11.8,5959.06,10.88,20.32,694518,-3.65,36.0,0.132
2025-04-30T19:36:18.000,14.3,12.4,7440.62,10.65,20.32,694519,-3.83,36.0,0.132
2025-04-30T19:37:18.000,14.28,12.93,8902.52,10.45,20.32,694520,-4.01,36.0,0.132
2025-04-30T19:38:18.000,14.2,12.04,9268.81,10.4,20.32,694521,-4.19,36.0,0.132
2025-04-30T19:39:19.000,13.81,11.41,9095.27,10.42,20.32,694522,-4.37,35.0,0.132
2025-04-30T19:40:19.000,13.55,10.94,7722.92,10.6,20.32,694523,-4.55,35.0,0.132
2025-04-30T19:41:19.000,13.33,10.86,5501.24,10.98,20.32,694524,-4.73,35.0,0.132
2025-04-30T19:42:19.000,13.2,11.04,3724.4,11.4,20.32,694525,-4.91,35.0,0.132
2025-04-30T19:43:19.000,13.17,11.35,2718.07,11.74,20.32,694526,-5.09,35.0,0.132
2025-04-30T19:44:20.000,13.11,11.23,2008.42,12.07,20.32,694527,-5.27,34.0,0.132
2025-04-30T19:45:20.000,13.06,11.15,1553.44,12.34,20.32,694528,-5.44,34.0,0.132
2025-04-30T19:46:20.000,13.02,11.22,1245.12,12.58,20.32,694529,-5.62,34.0,0.132
2025-04-30T19:47:20.000,13.0,11.19,1005.8,12.82,20.32,694530,-5.8,34.0,0.132
2025-04-30T19:48:20.000,12.97,11.27,809.87,13.05,20.32,694531,-5.97,34.0,0.132
2025-04-30T19:49:21.000,12.97,11.29,646.11,13.3,20.32,694532,-6.15,33.0,0.132
2025-04-30T19:50:21.000,12.95,11.31,511.89,13.55,20.32,694533,-6.33,33.0,0.132
2025-04-30T19:51:21.000,12.94,11.39,409.69,13.79,20.32,694534,-6.51,33.0,0.133
2025-04-30T19:52:21.000,12.92,11.42,326.9,14.04,20.32,694535,-6.68,33.0,0.133
2025-04-30T19:53:21.000,12.93,11.57,258.69,14.29,20.32,694536,-6.86,33.0,0.133
2025-04-30T19:54:21.000,12.88,11.37,204.38,14.55,20.32,694537,-7.03,33.0,0.133
2025-04-30T19:55:22.000,12.86,11.44,163.17,14.79,20.32,694538,-7.21,32.0,0.133
2025-04-30T19:56:22.000,12.84,11.46,131.19,15.03,20.32,694539,-7.39,32.0,0.133
2025-04-30T19:57:22.000,12.85,11.62,106.66,15.25,20.32,694540,-7.56,32.0,0.133
2025-04-30T19:58:22.000,12.84,11.69,87.53,15.47,20.32,694541,-7.73,32.0,0.133
2025-04-30T19:59:22.000,12.82,11.59,74.43,15.64,20.32,694542,-7.91,32.0,0.133
2025-04-30T20:00:22.000,12.78,11.49,61.27,15.85,20.32,694543,-8.08,31.0,0.133
2025-04-30T20:01:22.000,12.77,11.56,49.12,16.09,20.32,694544,-8.25,31.0,0.133
2025-04-30T20:02:23.000,12.78,11.54,43.2,16.23,20.32,694545,-8.43,31.0,0.133
2025-04-30T20:03:23.000,12.8,11.62,37.36,16.39,20.32,694546,-8.6,31.0,0.133
2025-04-30T20:04:23.000,12.83,11.71,35.62,16.44,20.32,694547,-8.78,31.0,0.133
2025-04-30T20:05:23.000,12.86,11.73,47.13,16.14,20.32,694548,-8.95,31.0,0.133
2025-04-30T20:06:23.000,12.92,11.84,41.27,16.29,20.32,694549,-9.12,30.0,0.133
2025-04-30T20:07:24.000,12.93,11.68,36.24,16.42,20.32,694550,-9.3,30.0,0.133
2025-04-30T20:08:24.000,12.9,11.48,29.12,16.66,20.32,694551,-9.47,30.0,0.133
2025-04-30T20:09:24.000,12.94,11.69,27.57,16.72,20.32,694552,-9.64,30.0,0.134
2025-04-30T20:10:24.000,12.96,11.66,38.05,16.38,20.32,694553,-9.81,30.0,0.134
2025-04-30T20:11:24.000,13.01,11.68,45.28,16.18,20.32,694554,-9.98,29.0,0.134
2025-04-30T20:12:25.000,13.04,11.67,49.46,16.09,20.32,694555,-10.15,29.0,0.134
2025-04-30T20:13:25.000,13.13,11.86,66.89,15.76,20.32,694556,-10.32,29.0,0.134
2025-04-30T20:14:25.000,13.19,11.85,47.6,16.13,20.32,694557,-10.49,29.0,0.134
2025-04-30T20:15:25.000,13.17,11.5,41.72,16.27,20.32,694558,-10.66,29.0,0.134
2025-04-30T20:16:25.000,13.15,11.6,57.49,15.93,20.32,694559,-10.83,29.0,0.134
2025-04-30T20:17:26.000,13.14,11.43,75.28,15.63,20.32,694560,-11.0,28.0,0.134
2025-04-30T20:18:26.000,13.05,11.1,80.3,15.56,20.32,694561,-11.17,28.0,0.134
2025-04-30T20:19:26.000,12.98,11.13,60.28,15.88,20.32,694562,-11.34,28.0,0.134
2025-04-30T20:20:26.000,12.96,11.21,39.85,16.33,20.32,694563,-11.51,28.0,0.134
2025-04-30T20:21:26.000,12.94,11.26,35.32,16.45,20.32,694564,-11.68,28.0,0.134
2025-04-30T20:22:26.000,12.9,11.24,35.33,16.45,20.32,694565,-11.84,27.0,0.134
2025-04-30T20:23:26.000,12.87,11.03,22.65,16.95,20.32,694566,-12.01,27.0,0.134
2025-04-30T20:24:26.000,12.83,11.13,13.2,17.52,20.32,694567,-12.18,27.0,0.134
2025-04-30T20:25:26.000,12.84,11.28,10.3,17.79,20.32,694568,-12.34,27.0,0.134
2025-04-30T20:26:27.000,12.82,11.29,7.73,18.1,20.32,694569,-12.51,27.0,0.134
2025-04-30T20:27:27.000,12.77,11.05,6.98,18.21,20.32,694570,-12.68,27.0,0.135
2025-04-30T20:28:27.000,12.74,11.1,6.86,18.23,20.32,694571,-12.84,26.0,0.135
2025-04-30T20:29:27.000,12.73,11.2,6.24,18.33,20.32,694572,-13.01,26.0,0.135
2025-04-30T20:30:27.000,12.73,11.26,6.12,18.35,20.32,694573,-13.17,26.0,0.135
2025-04-30T20:31:27.000,12.78,11.48,6.46,18.29,20.32,694574,-13.34,26.0,0.135
2025-04-30T20:32:27.000,12.78,11.39,7.31,18.16,20.32,694575,-13.5,26.0,0.135
2025-04-30T20:33:27.000,12.81,11.5,9.68,17.86,20.32,694576,-13.67,25.0,0.135
2025-04-30T20:34:27.000,12.84,11.54,14.04,17.46,20.32,694577,-13.83,25.0,0.135
2025-04-30T20:35:27.000,12.86,11.46,21.28,17.01,20.32,694578,-13.99,25.0,0.135
2025-04-30T20:36:28.000,12.89,11.53,32.07,16.56,20.32,694579,-14.16,25.0,0.135
2025-04-30T20:37:28.000,12.94,11.56,41.53,16.27,20.32,694580,-14.32,25.0,0.135
2025-04-30T20:38:28.000,12.99,11.56,46.18,16.16,20.32,694581,-14.48,25.0,0.135
2025-04-30T20:39:28.000,12.99,11.33,59.73,15.88,20.32,694582,-14.65,24.0,0.135
2025-04-30T20:40:28.000,13.03,11.48,67.7,15.74,20.32,694583,-14.81,24.0,0.135
2025-04-30T20:41:29.000,13.05,11.54,47.46,16.15,20.32,694584,-14.97,24.0,0.135
2025-04-30T20:42:29.000,13.08,11.54,28.65,16.68,20.32,694585,-15.13,24.0,0.135
2025-04-30T20:43:29.000,13.1,11.54,36.72,16.41,20.32,694586,-15.29,24.0,0.135
2025-04-30T20:44:29.000,13.09,11.49,32.78,16.55,20.32,694587,-15.45,23.0,0.135
2025-04-30T20:45:29.000,13.08,11.39,17.65,17.22,20.32,694588,-15.61,23.0,0.136
2025-04-30T20:46:29.000,13.04,11.31,9.06,17.95,20.32,694589,-15.77,23.0,0.136
2025-04-30T20:47:29.000,13.02,11.43,6.89,18.22,20.32,694590,-15.93,23.0,0.136
2025-04-30T20:48:29.000,13.01,11.38,7.43,18.14,20.32,694591,-16.09,23.0,0.136
2025-04-30T20:49:29.000,12.99,11.52,5.67,18.44,20.32,694592,-16.25,23.0,0.136
2025-04-30T20:50:29.000,12.98,11.41,4.98,18.58,20.32,694593,-16.41,22.0,0.136
2025-04-30T20:51:30.000,12.96,11.44,5.04,18.56,20.32,694594,-16.57,22.0,0.136
2025-04-30T20:52:30.000,12.92,11.26,5.35,18.5,20.32,694595,-16.72,22.0,0.136
2025-04-30T20:53:30.000,12.92,11.36,6.87,18.24,20.32,694596,-16.88,22.0,0.136
2025-04-30T20:54:30.000,12.92,11.16,10.93,17.74,20.32,694597,-17.04,22.0,0.136
2025-04-30T20:55:30.000,12.95,11.35,12.47,17.58,20.32,694598,-17.19,22.0,0.136
2025-04-30T20:56:30.000,13.0,11.51,15.85,17.33,20.32,694599,-17.35,21.0,0.136
2025-04-30T20:57:30.000,13.06,11.75,22.02,16.96,20.32,694600,-17.5,21.0,0.136
2025-04-30T20:58:31.000,13.12,11.79,31.29,16.59,20.32,694601,-17.66,21.0,0.136
2025-04-30T20:59:31.000,13.19,11.81,35.06,16.46,20.32,694602,-17.81,21.0,0.136
2025-04-30T21:00:31.000,13.24,12.08,29.28,16.66,20.32,694603,-17.97,21.0,0.136
2025-04-30T21:01:31.000,13.26,11.78,19.2,17.12,20.32,694604,-18.12,20.0,0.136
2025-04-30T21:02:32.000,13.24,11.88,25.46,16.82,20.32,694605,-18.28,20.0,0.137
2025-04-30T21:03:32.000,13.26,11.93,38.37,16.36,20.32,694606,-18.43,20.0,0.137
2025-04-30T21:04:32.000,13.3,11.97,49.05,16.1,20.32,694607,-18.58,20.0,0.137
