ecsv/stars747/stars747_2024-04.ecsv
# %ECSV 1.0
# ---
# datatype:
# - {name: time, datatype: string}
# - {name: Enclosure Temperature, unit: deg_C, datatype: float64}
# - {name: Sky Temperature, unit: deg_C, datatype: float64}
# - {name: Frequency, unit: Hz, datatype: float64}
# - {name: MSAS, unit: mag / arcsec2, datatype: float64}
# - {name: ZP, datatype: float64}
# - {name: Sequence Number, datatype: int64}
# - {name: Sun Alt, unit: deg, datatype: float64}
# - {name: Moon Alt, unit: deg, datatype: float64}
# - {name: Moon Illumination, datatype: float64}
# delimiter: ','
# meta: !!omap
# - ida:
#     Data supplier: {affiliation: null, observer: "Diego Rodr\xEDguez"}
#     Device type: TESS-W
#     Field of view: 17.0
#     Filters per channel: None
#     Instrument ID: stars747
#     License: ODbL 1.0 http://opendatacommons.org/licenses/odbl/summary/
#     Local timezone: Europe/Madrid
#     Location name: {country: "- Escuela de Ingenier\xEDas Industriales de la Universidad de Extremadura", place: Badajoz, region: Spain,
#       sub_region: null, town: null}
#     Measurement direction per channel: {azimuth: 0.0, zenital: 0.0}
#     Moving / Fixed look direction: FIXED
#     Moving / Stationary position: STATIONARY
#     Number of channels: 1
#     Number of fields per line: 8
#     Number of header lines: 35
#     Position: {height: 0.0, latitude: 38.8839498, longitude: -7.0043499}
#     TESS MAC address: E8:DB:84:82:EE:C6
#     TESS cover offset value: 0.0
#     TESS firmware version: '1.0'
#     TESS zero point: 20.32
#     Time Synchronization: timestamp added by MQTT subscriber
#     URL: http://www.darksky.org/NSBM/sdf1.0.pdf
# - __serialized_columns__:
#     Enclosure Temperature:
#       __class__: astropy.units.quantity.Quantity
#       unit: &id001 !astropy.units.Unit {unit: deg_C}
#       value: !astropy.table.SerializedColumn {name: Enclosure Temperature}
#     Frequency:
#       __class__: astropy.units.quantity.Quantity
#       unit: !astropy.units.Unit {unit: Hz}
#       value: !astropy.table.SerializedColumn {name: Frequency}
#     MSAS:
#       __class__: astropy.units.quantity.Quantity
#       unit: !astropy.units.Unit {unit: mag / arcsec2}
#       value: !astropy.table.SerializedColumn {name: MSAS}
#     Moon Alt:
#       __class__: astropy.units.quantity.Quantity
#       unit: &id002 !astropy.units.Unit {unit: deg}
#       value: !astropy.table.SerializedColumn {name: Moon Alt}
#     Sky Temperature:
#       __class__: astropy.units.quantity.Quantity
#       unit: *id001
#       value: !astropy.table.SerializedColumn {name: Sky Temperature}
#     Sun Alt:
#       __class__: astropy.units.quantity.Quantity
#       unit: *id002
#       value: !astropy.table.SerializedColumn {name: Sun Alt}
#     time:
#       __class__: astropy.time.core.Time
#       format: isot
#       in_subfmt: '*'
#       out_subfmt: '*'
#       precision: 3
#       scale: utc
#       value: !astropy.table.SerializedColumn {name: time}
# schema: astropy-2.0
time,Enclosure Temperature,Sky Temperature,Frequency,MSAS,ZP,Sequence Number,Sun Alt,Moon Alt,Moon Illumination
[from data line 7135]
2024-04-11T03:55:38.000,12.85,-6.38,3.43,18.98,20.32,143097,-22.65,-27.0,0.081
2024-04-11T03:56:39.000,12.83,-6.43,3.38,19.0,20.32,143098,-22.48,-27.0,0.081
2024-04-11T03:57:39.000,12.82,-6.52,3.32,19.02,20.32,143099,-22.32,-27.0,0.081
2024-04-11T03:58:39.000,12.81,-6.59,3.26,19.04,20.32,143100,-22.16,-27.0,0.081
2024-04-11T03:59:39.000,12.8,-6.74,3.17,19.07,20.32,143101,-21.99,-27.0,0.081
2024-04-11T04:00:39.000,12.79,-6.76,3.17,19.07,20.32,143102,-21.83,-27.0,0.081
2024-04-11T04:01:39.000,12.77,-6.86,3.18,19.06,20.32,143103,-21.66,-26.0,0.081
2024-04-11T04:02:39.000,12.74,-6.87,3.16,19.07,20.32,143104,-21.49,-26.0,0.082
2024-04-11T04:03:39.000,12.71,-6.96,3.14,19.08,20.32,143105,-21.33,-26.0,0.082
2024-04-11T04:04:39.000,12.69,-7.08,3.12,19.08,20.32,143106,-21.16,-26.0,0.082
2024-04-11T04:05:39.000,12.68,-7.13,3.1,19.09,20.32,143107,-20.99,-26.0,0.082
2024-04-11T04:06:39.000,12.66,-7.12,3.1,19.09,20.32,143108,-20.83,-26.0,0.082
2024-04-11T04:07:39.000,12.66,-7.13,3.09,19.1,20.32,143109,-20.66,-26.0,0.082
2024-04-11T04:08:39.000,12.65,-7.14,3.07,19.1,20.32,143110,-20.49,-26.0,0.082
2024-04-11T04:09:39.000,12.65,-7.13,3.05,19.11,20.32,143111,-20.32,-26.0,0.082
2024-04-11T04:10:40.000,12.64,-7.16,3.06,19.11,20.32,143112,-20.15,-26.0,0.082
2024-04-11T04:11:40.000,12.64,-7.12,3.07,19.1,20.32,143113,-19.98,-26.0,0.082
2024-04-11T04:12:40.000,12.64,-7.03,3.11,19.09,20.32,143114,-19.81,-26.0,0.082
2024-04-11T04:13:40.000,12.63,-6.96,3.17,19.07,20.32,143115,-19.64,-26.0,0.082
2024-04-11T04:14:40.000,12.61,-6.85,3.22,19.05,20.32,143116,-19.47,-25.0,0.082
2024-04-11T04:15:40.000,12.59,-6.83,3.28,19.03,20.32,143117,-19.3,-25.0,0.082
2024-04-11T04:16:40.000,12.57,-6.84,3.34,19.01,20.32,143118,-19.13,-25.0,0.082
2024-04-11T04:17:40.000,12.54,-6.85,3.39,18.99,20.32,143119,-18.96,-25.0,0.082
2024-04-11T04:18:40.000,12.53,-6.87,3.42,18.98,20.32,143120,-18.79,-25.0,0.082
2024-04-11T04:19:40.000,12.52,-6.84,3.42,18.98,20.32,143121,-18.62,-25.0,0.082
2024-04-11T04:20:40.000,12.5,-6.85,3.37,19.0,20.32,143122,-18.44,-25.0,0.082
2024-04-11T04:21:41.000,12.5,-6.89,3.28,19.03,20.32,143123,-18.27,-25.0,0.082
2024-04-11T04:22:41.000,12.48,-7.08,3.21,19.05,20.32,143124,-18.1,-25.0,0.082
2024-04-11T04:23:41.000,12.45,-7.16,3.17,19.07,20.32,143125,-17.92,-25.0,0.082
2024-04-11T04:24:41.000,12.44,-7.26,3.14,19.08,20.32,143126,-17.75,-25.0,0.082
2024-04-11T04:25:41.000,12.42,-7.37,3.12,19.08,20.32,143127,-17.58,-25.0,0.083
2024-04-11T04:26:41.000,12.41,-7.38,3.11,19.09,20.32,143128,-17.4,-24.0,0.083
2024-04-11T04:27:41.000,12.42,-7.37,3.11,19.09,20.32,143129,-17.23,-24.0,0.083
2024-04-11T04:28:41.000,12.42,-7.39,3.1,19.09,20.32,143130,-17.05,-24.0,0.083
2024-04-11T04:29:41.000,12.42,-7.44,3.1,19.09,20.32,143131,-16.88,-24.0,0.083
2024-04-11T04:30:41.000,12.42,-7.4,3.13,19.08,20.32,143132,-16.7,-24.0,0.083
2024-04-11T04:31:41.000,12.45,-7.33,3.13,19.08,20.32,143133,-16.53,-24.0,0.083
2024-04-11T04:32:42.000,12.51,-7.29,3.13,19.08,20.32,143134,-16.35,-24.0,0.083
2024-04-11T04:33:42.000,12.57,-7.36,3.15,19.08,20.32,143135,-16.18,-24.0,0.083
2024-04-11T04:34:42.000,12.62,-7.24,3.17,19.07,20.32,143136,-16.0,-24.0,0.083
2024-04-11T04:35:42.000,12.69,-7.21,3.18,19.06,20.32,143137,-15.82,-24.0,0.083
2024-04-11T04:36:42.000,12.78,-7.25,3.18,19.06,20.32,143138,-15.65,-23.0,0.083
2024-04-11T04:37:42.000,12.83,-7.22,3.21,19.05,20.32,143139,-15.47,-23.0,0.083
2024-04-11T04:38:42.000,12.86,-7.26,3.25,19.04,20.32,143140,-15.29,-23.0,0.083
2024-04-11T04:39:42.000,12.89,-7.25,3.29,19.03,20.32,143141,-15.12,-23.0,0.083
2024-04-11T04:40:42.000,12.94,-7.18,3.32,19.02,20.32,143142,-14.94,-23.0,0.083
2024-04-11T04:41:43.000,12.99,-7.15,3.34,19.01,20.32,143143,-14.76,-23.0,0.083
2024-04-11T04:42:43.000,13.03,-7.17,3.37,19.0,20.32,143144,-14.58,-23.0,0.083
2024-04-11T04:43:43.000,13.05,-7.19,3.4,18.99,20.32,143145,-14.4,-23.0,0.083
2024-04-11T04:44:43.000,13.07,-7.16,3.43,18.98,20.32,143146,-14.22,-23.0,0.083
2024-04-11T04:45:43.000,13.09,-7.16,3.48,18.97,20.32,143147,-14.04,-23.0,0.083
2024-04-11T04:46:43.000,13.13,-7.13,3.53,18.95,20.32,143148,-13.87,-22.0,0.083
2024-04-11T04:47:43.000,13.16,-7.1,3.59,18.93,20.32,143149,-13.69,-22.0,0.084
2024-04-11T04:48:43.000,13.2,-7.12,3.66,18.91,20.32,143150,-13.51,-22.0,0.084
2024-04-11T04:49:43.000,13.21,-7.12,3.77,18.88,20.32,143151,-13.33,-22.0,0.084
2024-04-11T04:50:44.000,13.22,-7.07,3.9,18.84,20.32,143152,-13.14,-22.0,0.084
2024-04-11T04:51:44.000,13.25,-7.04,4.05,18.8,20.32,143153,-12.96,-22.0,0.084
2024-04-11T04:52:44.000,13.27,-7.09,4.22,18.76,20.32,143154,-12.78,-22.0,0.084
2024-04-11T04:53:44.000,13.27,-7.24,4.41,18.71,20.32,143155,-12.6,-22.0,0.084
2024-04-11T04:54:44.000,13.23,-7.33,4.6,18.66,20.32,143156,-12.42,-22.0,0.084
2024-04-11T04:55:44.000,13.19,-7.29,4.81,18.61,20.32,143157,-12.24,-22.0,0.084
2024-04-11T04:56:44.000,13.16,-7.26,5.05,18.56,20.32,143158,-12.06,-21.0,0.084
2024-04-11T04:57:44.000,13.12,-7.25,5.34,18.5,20.32,143159,-11.88,-21.0,0.084
2024-04-11T04:58:45.000,13.08,-7.34,5.7,18.43,20.32,143160,-11.7,-21.0,0.084
2024-04-11T04:59:45.000,13.05,-7.43,6.18,18.34,20.32,143161,-11.51,-21.0,0.084
2024-04-11T05:00:45.000,12.99,-7.63,6.93,18.22,20.32,143162,-11.33,-21.0,0.084
2024-04-11T05:01:45.000,12.93,-7.64,7.64,18.11,20.32,143163,-11.15,-21.0,0.084
2024-04-11T05:02:45.000,12.87,-7.65,8.43,18.01,20.32,143164,-10.97,-21.0,0.084
2024-04-11T05:03:45.000,12.82,-7.66,9.43,17.88,20.32,143165,-10.78,-21.0,0.084
2024-04-11T05:04:46.000,12.78,-7.61,10.53,17.76,20.32,143166,-10.6,-21.0,0.084
2024-04-11T05:05:46.000,12.75,-7.61,11.86,17.64,20.32,143167,-10.42,-20.0,0.084
2024-04-11T05:06:46.000,12.73,-7.59,13.64,17.48,20.32,143168,-10.23,-20.0,0.084
2024-04-11T05:07:46.000,12.71,-7.61,15.97,17.31,20.32,143169,-10.05,-20.0,0.084
2024-04-11T05:08:46.000,12.69,-7.62,18.33,17.16,20.32,143170,-9.86,-20.0,0.084
2024-04-11T05:09:46.000,12.68,-7.62,20.83,17.02,20.32,143171,-9.68,-20.0,0.085
2024-04-11T05:10:47.000,12.68,-7.65,24.07,16.87,20.32,143172,-9.49,-20.0,0.085
2024-04-11T05:11:47.000,12.7,-7.64,28.43,16.69,20.32,143173,-9.31,-20.0,0.085
2024-04-11T05:12:47.000,12.68,-7.68,33.53,16.51,20.32,143174,-9.13,-20.0,0.085
2024-04-11T05:13:47.000,12.65,-7.68,39.56,16.33,20.32,143175,-8.94,-20.0,0.085
2024-04-11T05:14:47.000,12.6,-7.7,46.55,16.15,20.32,143176,-8.76,-19.0,0.085
2024-04-11T05:15:47.000,12.57,-7.66,55.64,15.96,20.32,143177,-8.57,-19.0,0.085
2024-04-11T05:16:47.000,12.57,-7.58,65.93,15.77,20.32,143178,-8.39,-19.0,0.085
2024-04-11T05:17:47.000,12.58,-7.63,77.93,15.59,20.32,143179,-8.2,-19.0,0.085
2024-04-11T05:18:47.000,12.59,-7.58,92.7,15.4,20.32,143180,-8.02,-19.0,0.085
2024-04-11T05:19:47.000,12.62,-7.56,110.34,15.21,20.32,143181,-7.83,-19.0,0.085
2024-04-11T05:20:48.000,12.66,-7.55,133.58,15.01,20.32,143182,-7.64,-19.0,0.085
2024-04-11T05:21:48.000,12.69,-7.63,162.39,14.8,20.32,143183,-7.46,-19.0,0.085
2024-04-11T05:22:48.000,12.7,-7.69,197.03,14.59,20.32,143184,-7.27,-18.0,0.085
2024-04-11T05:23:49.000,12.7,-7.63,241.71,14.36,20.32,143185,-7.08,-18.0,0.085
2024-04-11T05:24:49.000,12.72,-7.63,296.79,14.14,20.32,143186,-6.89,-18.0,0.085
2024-04-11T05:25:49.000,12.74,-7.63,364.22,13.92,20.32,143187,-6.71,-18.0,0.085
2024-04-11T05:26:49.000,12.77,-7.49,450.8,13.69,20.32,143188,-6.52,-18.0,0.085
2024-04-11T05:27:49.000,12.83,-7.57,562.4,13.45,20.32,143189,-6.33,-18.0,0.085
2024-04-11T05:28:49.000,12.85,-7.6,699.06,13.21,20.32,143190,-6.15,-18.0,0.085
2024-04-11T05:29:50.000,12.87,-7.63,864.4,12.98,20.32,143191,-5.96,-18.0,0.085
2024-04-11T05:30:50.000,12.88,-7.53,1075.8,12.74,20.32,143192,-5.77,-17.0,0.085
2024-04-11T05:31:50.000,12.94,-7.44,1342.61,12.5,20.32,143193,-5.58,-17.0,0.086
2024-04-11T05:32:51.000,12.99,-7.56,1679.31,12.26,20.32,143194,-5.39,-17.0,0.086
2024-04-11T05:33:51.000,13.04,-7.55,2109.62,12.01,20.32,143195,-5.2,-17.0,0.086
2024-04-11T05:34:51.000,13.05,-7.65,2656.89,11.76,20.32,143196,-5.01,-17.0,0.086
2024-04-11T05:35:51.000,13.04,-7.58,3349.98,11.51,20.32,143197,-4.83,-17.0,0.086
2024-04-11T05:36:51.000,13.02,-7.59,4216.53,11.26,20.32,143198,-4.64,-17.0,0.086
2024-04-11T05:37:51.000,13.03,-7.53,5315.6,11.01,20.32,143199,-4.45,-17.0,0.086
2024-04-11T05:38:51.000,13.05,-7.46,6802.97,10.74,20.32,143200,-4.26,-16.0,0.086
2024-04-11T05:39:51.000,13.08,-7.44,8898.02,10.45,20.32,143201,-4.07,-16.0,0.086
2024-04-11T05:40:52.000,13.1,-7.44,11794.66,10.14,20.32,143202,-3.88,-16.0,0.086
2024-04-11T05:41:52.000,13.1,-7.41,15229.03,9.87,20.32,143203,-3.69,-16.0,0.086
2024-04-11T05:42:52.000,13.13,-7.38,18723.87,9.64,20.32,143204,-3.5,-16.0,0.086
2024-04-11T05:43:53.000,13.15,-7.34,22591.55,9.44,20.32,143205,-3.31,-16.0,0.086
2024-04-11T05:44:53.000,13.17,-7.34,26107.2,9.35,20.32,143206,-3.12,-16.0,0.086
2024-04-11T05:45:53.000,13.2,-7.38,30129.09,9.12,20.32,143207,-2.93,-16.0,0.086
2024-04-11T05:46:53.000,13.23,-7.31,36892.91,8.91,20.32,143208,-2.74,-15.0,0.086
2024-04-11T05:47:53.000,13.29,-7.18,50970.34,8.56,20.32,143209,-2.55,-15.0,0.086
2024-04-11T05:48:53.000,13.39,-7.26,53319.87,2.22,20.32,143210,-2.36,-15.0,0.086
2024-04-11T05:49:54.000,13.44,-7.28,49444.75,0.19,20.32,143211,-2.17,-15.0,0.086
2024-04-11T05:50:54.000,13.5,-7.21,50000.0,0.0,20.32,143212,-1.98,-15.0,0.086
2024-04-11T05:51:54.000,13.53,-7.29,50000.0,0.0,20.32,143213,-1.79,-15.0,0.086
2024-04-11T05:52:54.000,13.57,-7.4,50000.0,0.0,20.32,143214,-1.6,-15.0,0.086
2024-04-11T06:06:57.000,13.33,-7.36,50000.0,0.0,20.32,143228,1.09,-13.0,0.087
2024-04-11T06:07:57.000,13.31,-7.39,50000.0,0.0,20.32,143229,1.28,-12.0,0.087
2024-04-11T06:08:57.000,13.3,-7.42,50000.0,0.0,20.32,143230,1.47,-12.0,0.087
2024-04-11T06:09:58.000,13.28,-7.44,49709.56,0.09,20.32,143231,1.67,-12.0,0.087
2024-04-11T06:10:58.000,13.27,-7.51,50000.0,0.0,20.32,143232,1.86,-12.0,0.087
2024-04-11T06:11:58.000,13.25,-7.63,50000.0,0.0,20.32,143233,2.05,-12.0,0.087
2024-04-11T06:12:58.000,13.23,-7.63,50000.0,0.0,20.32,143234,2.24,-12.0,0.087
2024-04-11T12:35:20.000,35.12,3.18,50000.0,0.0,20.32,143615,59.69,56.0,0.105
2024-04-11T12:36:20.000,34.86,3.42,50000.0,0.0,20.32,143616,59.68,57.0,0.106
2024-04-11T12:37:20.000,34.92,3.62,50000.0,0.0,20.32,143617,59.67,57.0,0.106
2024-04-11T12:52:16.000,35.56,6.04,50000.0,0.0,20.32,143631,59.28,60.0,0.106
2024-04-11T12:53:16.000,36.19,5.26,50000.0,0.0,20.32,143632,59.24,60.0,0.106
2024-04-11T12:54:16.000,36.2,3.82,50000.0,0.0,20.32,143633,59.2,60.0,0.106
2024-04-11T18:36:34.000,26.55,1.76,50000.0,0.0,20.32,143974,3.96,43.0,0.124
2024-04-11T18:37:34.000,26.48,1.72,50000.0,0.0,20.32,143975,3.77,43.0,0.124
2024-04-11T18:38:35.000,26.41,1.66,50000.0,0.0,20.32,143976,3.57,43.0,0.124
2024-04-11T18:39:35.000,26.34,1.66,49711.1,0.1,20.32,143977,3.38,43.0,0.124
2024-04-11T18:40:35.000,26.28,1.66,50000.0,0.0,20.32,143978,3.19,43.0,0.124
2024-04-11T18:41:36.000,26.22,1.61,50000.0,0.0,20.32,143979,2.99,42.0,0.124
2024-04-11T18:42:36.000,26.15,1.64,49732.73,0.09,20.32,143980,2.8,42.0,0.124
2024-04-11T18:43:36.000,26.07,1.62,50000.0,0.0,20.32,143981,2.61,42.0,0.124
2024-04-11T18:44:36.000,26.0,1.58,50000.0,0.0,20.32,143982,2.41,42.0,0.124
2024-04-11T18:45:36.000,25.92,1.46,50000.0,0.0,20.32,143983,2.22,42.0,0.124
2024-04-11T19:03:40.000,24.58,1.47,50000.0,0.0,20.32,144001,-1.23,38.0,0.125
2024-04-11T19:04:40.000,24.53,1.51,50000.0,0.0,20.32,144002,-1.42,38.0,0.125
2024-04-11T19:05:40.000,24.45,1.51,50000.0,0.0,20.32,144003,-1.61,38.0,0.125
2024-04-11T19:06:40.000,24.39,1.56,54156.05,3.04,20.32,144004,-1.8,38.0,0.125
2024-04-11T19:07:41.000,24.33,1.57,58492.0,8.4,20.32,144005,-1.99,38.0,0.125
2024-04-11T19:08:41.000,24.27,1.58,51258.81,8.55,20.32,144006,-2.18,37.0,0.125
2024-04-11T19:09:41.000,24.21,1.6,44292.42,8.71,20.32,144007,-2.37,37.0,0.125
2024-04-11T19:10:42.000,24.18,1.66,37726.02,8.88,20.32,144008,-2.56,37.0,0.126
2024-04-11T19:11:42.000,24.18,1.44,32288.29,9.05,20.32,144009,-2.75,37.0,0.126
2024-04-11T19:12:42.000,24.14,1.06,27617.87,9.22,20.32,144010,-2.94,37.0,0.126
2024-04-11T19:13:43.000,24.07,0.96,23076.11,9.41,20.32,144011,-3.13,36.0,0.126
2024-04-11T19:14:43.000,24.0,1.13,19066.13,9.62,20.32,144012,-3.32,36.0,0.126
2024-04-11T19:15:43.000,23.96,1.26,15847.01,9.82,20.32,144013,-3.51,36.0,0.126
2024-04-11T19:16:43.000,23.92,1.14,13117.29,10.03,20.32,144014,-3.7,36.0,0.126
2024-04-11T19:17:43.000,23.86,1.14,10827.98,10.24,20.32,144015,-3.89,36.0,0.126
2024-04-11T19:18:43.000,23.8,1.21,8968.49,10.44,20.32,144016,-4.07,35.0,0.126
2024-04-11T19:19:43.000,23.75,1.13,7258.74,10.67,20.32,144017,-4.26,35.0,0.126
2024-04-11T19:20:44.000,23.7,1.08,5682.76,10.94,20.32,144018,-4.45,35.0,0.126
2024-04-11T19:21:44.000,23.65,1.23,4367.01,11.22,20.32,144019,-4.64,35.0,0.126
2024-04-11T19:22:44.000,23.59,1.21,3392.0,11.5,20.32,144020,-4.83,35.0,0.126
2024-04-11T19:23:44.000,23.55,1.21,2672.4,11.76,20.32,144021,-5.02,35.0,0.126
2024-04-11T19:24:45.000,23.51,1.2,2127.04,12.0,20.32,144022,-5.21,34.0,0.126
2024-04-11T19:25:45.000,23.48,1.23,1703.15,12.24,20.32,144023,-5.39,34.0,0.126
2024-04-11T19:26:45.000,23.45,1.19,1371.22,12.48,20.32,144024,-5.58,34.0,0.126
2024-04-11T19:27:45.000,23.41,1.17,1105.2,12.71,20.32,144025,-5.77,34.0,0.126
2024-04-11T19:28:45.000,23.37,1.22,891.19,12.95,20.32,144026,-5.96,34.0,0.126
2024-04-11T19:29:45.000,23.36,1.21,715.09,13.19,20.32,144027,-6.14,33.0,0.127
2024-04-11T19:30:46.000,23.35,1.2,568.11,13.44,20.32,144028,-6.33,33.0,0.127
2024-04-11T19:31:46.000,23.34,1.14,452.11,13.68,20.32,144029,-6.52,33.0,0.127
2024-04-11T19:32:46.000,23.32,1.14,361.87,13.93,20.32,144030,-6.7,33.0,0.127
2024-04-11T19:33:46.000,23.3,1.16,289.96,14.17,20.32,144031,-6.89,33.0,0.127
2024-04-11T19:34:46.000,23.3,1.28,232.38,14.41,20.32,144032,-7.08,32.0,0.127
2024-04-11T19:35:46.000,23.31,1.23,188.56,14.63,20.32,144033,-7.26,32.0,0.127
2024-04-11T19:36:46.000,23.31,1.17,153.62,14.86,20.32,144034,-7.45,32.0,0.127
2024-04-11T19:37:46.000,23.28,1.19,127.01,15.06,20.32,144035,-7.63,32.0,0.127
2024-04-11T19:38:46.000,23.25,1.2,105.57,15.26,20.32,144036,-7.82,32.0,0.127
2024-04-11T19:39:47.000,23.21,1.24,87.12,15.47,20.32,144037,-8.01,32.0,0.127
2024-04-11T19:40:47.000,23.18,1.14,72.39,15.67,20.32,144038,-8.19,31.0,0.127
2024-04-11T19:41:47.000,23.17,1.13,59.77,15.88,20.32,144039,-8.38,31.0,0.127
2024-04-11T19:42:47.000,23.16,1.14,48.55,16.11,20.32,144040,-8.56,31.0,0.127
2024-04-11T19:43:47.000,23.15,1.16,41.65,16.27,20.32,144041,-8.74,31.0,0.127
2024-04-11T19:44:47.000,23.13,1.17,34.75,16.47,20.32,144042,-8.93,31.0,0.127
2024-04-11T19:45:47.000,23.1,1.06,29.57,16.64,20.32,144043,-9.11,30.0,0.127
2024-04-11T19:46:47.000,23.07,1.03,25.71,16.8,20.32,144044,-9.3,30.0,0.127
2024-04-11T19:47:47.000,23.03,0.95,22.3,16.95,20.32,144045,-9.48,30.0,0.127
2024-04-11T19:48:47.000,22.96,1.02,19.3,17.11,20.32,144046,-9.66,30.0,0.128
2024-04-11T19:49:47.000,22.93,0.98,17.04,17.24,20.32,144047,-9.85,30.0,0.128
2024-04-11T19:50:48.000,22.93,0.93,15.55,17.34,20.32,144048,-10.03,30.0,0.128
2024-04-11T19:51:48.000,22.92,0.81,14.07,17.45,20.32,144049,-10.21,29.0,0.128
2024-04-11T19:52:48.000,22.91,0.82,12.34,17.59,20.32,144050,-10.4,29.0,0.128
2024-04-11T19:53:48.000,22.89,0.71,10.8,17.74,20.32,144051,-10.58,29.0,0.128
2024-04-11T19:54:48.000,22.85,0.42,9.66,17.86,20.32,144052,-10.76,29.0,0.128
2024-04-11T19:55:49.000,22.81,0.57,8.73,17.97,20.32,144053,-10.95,29.0,0.128
2024-04-11T19:56:49.000,22.79,0.59,8.02,18.06,20.32,144054,-11.13,28.0,0.128
2024-04-11T19:57:49.000,22.76,0.43,7.46,18.14,20.32,144055,-11.31,28.0,0.128
2024-04-11T19:58:49.000,22.72,0.31,7.05,18.2,20.32,144056,-11.49,28.0,0.128
2024-04-11T19:59:49.000,22.69,0.3,6.68,18.26,20.32,144057,-11.67,28.0,0.128
2024-04-11T20:00:50.000,22.62,0.22,6.32,18.32,20.32,144058,-11.86,28.0,0.128
2024-04-11T20:01:50.000,22.53,0.13,6.17,18.34,20.32,144059,-12.04,27.0,0.128
2024-04-11T20:02:50.000,22.44,-0.02,5.97,18.38,20.32,144060,-12.22,27.0,0.128
2024-04-11T20:03:50.000,22.31,-0.3,5.69,18.43,20.32,144061,-12.4,27.0,0.128
2024-04-11T20:04:50.000,22.22,-0.07,5.78,18.42,20.32,144062,-12.58,27.0,0.128
