ecsv/stars747/stars747_2024-04.ecsv
# %ECSV 1.0
# ---
# datatype:
# - {name: time, datatype: string}
# - {name: Enclosure Temperature, unit: deg_C, datatype: float64}
# - {name: Sky Temperature, unit: deg_C, datatype: float64}
# - {name: Frequency, unit: Hz, datatype: float64}
# - {name: MSAS, unit: mag / arcsec2, datatype: float64}
# - {name: ZP, datatype: float64}
# - {name: Sequence Number, datatype: int64}
# - {name: Sun Alt, unit: deg, datatype: float64}
# - {name: Moon Alt, unit: deg, datatype: float64}
# - {name: Moon Illumination, datatype: float64}
# delimiter: ','
# meta: !!omap
# - ida:
#     Data supplier: {affiliation: null, observer: "Diego Rodr\xEDguez"}
#     Device type: TESS-W
#     Field of view: 17.0
#     Filters per channel: None
#     Instrument ID: stars747
#     License: ODbL 1.0 http://opendatacommons.org/licenses/odbl/summary/
#     Local timezone: Europe/Madrid
#     Location name: {country: "- Escuela de Ingenier\xEDas Industriales de la Universidad de Extremadura", place: Badajoz, region: Spain,
#       sub_region: null, town: null}
#     Measurement direction per channel: {azimuth: 0.0, zenital: 0.0}
#     Moving / Fixed look direction: FIXED
#     Moving / Stationary position: STATIONARY
#     Number of channels: 1
#     Number of fields per line: 8
#     Number of header lines: 35
#     Position: {height: 0.0, latitude: 38.8839498, longitude: -7.0043499}
#     TESS MAC address: E8:DB:84:82:EE:C6
#     TESS cover offset value: 0.0
#     TESS firmware version: '1.0'
#     TESS zero point: 20.32
#     Time Synchronization: timestamp added by MQTT subscriber
#     URL: http://www.darksky.org/NSBM/sdf1.0.pdf
# - __serialized_columns__:
#     Enclosure Temperature:
#       __class__: astropy.units.quantity.Quantity
#       unit: &id001 !astropy.units.Unit {unit: deg_C}
#       value: !astropy.table.SerializedColumn {name: Enclosure Temperature}
#     Frequency:
#       __class__: astropy.units.quantity.Quantity
#       unit: !astropy.units.Unit {unit: Hz}
#       value: !astropy.table.SerializedColumn {name: Frequency}
#     MSAS:
#       __class__: astropy.units.quantity.Quantity
#       unit: !astropy.units.Unit {unit: mag / arcsec2}
#       value: !astropy.table.SerializedColumn {name: MSAS}
#     Moon Alt:
#       __class__: astropy.units.quantity.Quantity
#       unit: &id002 !astropy.units.Unit {unit: deg}
#       value: !astropy.table.SerializedColumn {name: Moon Alt}
#     Sky Temperature:
#       __class__: astropy.units.quantity.Quantity
#       unit: *id001
#       value: !astropy.table.SerializedColumn {name: Sky Temperature}
#     Sun Alt:
#       __class__: astropy.units.quantity.Quantity
#       unit: *id002
#       value: !astropy.table.SerializedColumn {name: Sun Alt}
#     time:
#       __class__: astropy.time.core.Time
#       format: isot
#       in_subfmt: '*'
#       out_subfmt: '*'
#       precision: 3
#       scale: utc
#       value: !astropy.table.SerializedColumn {name: time}
# schema: astropy-2.0
time,Enclosure Temperature,Sky Temperature,Frequency,MSAS,ZP,Sequence Number,Sun Alt,Moon Alt,Moon Illumination
[from data line 611]
2024-04-01T22:35:29.000,10.01,-11.86,3.62,18.92,20.32,129860,-38.56,-40.0,0.522
2024-04-01T22:36:29.000,10.07,-12.0,3.45,18.98,20.32,129861,-38.67,-40.0,0.522
2024-04-01T22:37:29.000,10.09,-12.21,3.39,19.0,20.32,129862,-38.79,-39.0,0.522
2024-04-01T22:38:29.000,10.07,-12.33,3.39,18.99,20.32,129863,-38.91,-39.0,0.522
2024-04-01T22:39:29.000,10.03,-12.49,3.41,18.99,20.32,129864,-39.03,-39.0,0.522
2024-04-01T22:40:29.000,10.02,-12.56,3.42,18.99,20.32,129865,-39.15,-39.0,0.522
2024-04-01T22:41:30.000,10.04,-12.63,3.39,19.0,20.32,129866,-39.26,-39.0,0.522
2024-04-01T22:42:30.000,10.02,-12.65,3.37,19.0,20.32,129867,-39.38,-38.0,0.522
2024-04-01T22:43:30.000,10.03,-12.57,3.38,19.0,20.32,129868,-39.49,-38.0,0.522
2024-04-01T22:44:30.000,10.06,-12.45,3.44,18.98,20.32,129869,-39.61,-38.0,0.522
2024-04-01T22:45:30.000,10.04,-12.33,3.53,18.95,20.32,129870,-39.72,-38.0,0.522
2024-04-01T22:46:30.000,10.04,-12.27,3.61,18.93,20.32,129871,-39.83,-38.0,0.521
2024-04-01T22:47:30.000,10.04,-12.28,3.62,18.92,20.32,129872,-39.94,-38.0,0.521
2024-04-01T22:48:30.000,10.03,-12.32,3.51,18.96,20.32,129873,-40.05,-37.0,0.521
2024-04-01T22:49:31.000,10.02,-12.41,3.35,19.01,20.32,129874,-40.16,-37.0,0.521
2024-04-01T22:50:31.000,10.05,-12.48,3.29,19.03,20.32,129875,-40.27,-37.0,0.521
2024-04-01T22:51:31.000,10.06,-12.68,3.28,19.03,20.32,129876,-40.38,-37.0,0.521
2024-04-01T22:52:31.000,10.03,-12.75,3.31,19.02,20.32,129877,-40.49,-37.0,0.521
2024-04-01T22:53:31.000,10.02,-12.82,3.29,19.03,20.32,129878,-40.59,-36.0,0.521
2024-04-01T22:54:31.000,10.06,-12.86,3.28,19.03,20.32,129879,-40.7,-36.0,0.521
2024-04-01T22:55:31.000,10.06,-12.78,3.26,19.04,20.32,129880,-40.8,-36.0,0.521
2024-04-01T22:56:32.000,10.04,-12.58,3.26,19.04,20.32,129881,-40.91,-36.0,0.521
2024-04-01T22:57:32.000,10.03,-12.34,3.34,19.01,20.32,129882,-41.01,-36.0,0.521
2024-04-01T22:58:32.000,10.04,-12.1,3.55,18.94,20.32,129883,-41.11,-36.0,0.521
2024-04-01T22:59:32.000,10.02,-11.85,3.91,18.84,20.32,129884,-41.21,-35.0,0.521
2024-04-01T23:00:32.000,10.03,-11.69,4.21,18.76,20.32,129885,-41.31,-35.0,0.52
2024-04-01T23:01:32.000,10.03,-11.69,3.83,18.86,20.32,129886,-41.41,-35.0,0.52
2024-04-01T23:02:33.000,10.04,-11.8,3.43,18.98,20.32,129887,-41.51,-35.0,0.52
2024-04-01T23:03:33.000,10.04,-11.93,3.28,19.03,20.32,129888,-41.61,-35.0,0.52
2024-04-01T23:04:33.000,10.02,-12.17,3.33,19.01,20.32,129889,-41.71,-34.0,0.52
2024-04-01T23:05:33.000,10.04,-12.37,3.42,18.98,20.32,129890,-41.8,-34.0,0.52
2024-04-01T23:06:33.000,10.05,-12.31,3.34,19.01,20.32,129891,-41.9,-34.0,0.52
2024-04-01T23:07:33.000,10.04,-12.16,3.26,19.04,20.32,129892,-41.99,-34.0,0.52
2024-04-01T23:08:33.000,10.02,-11.97,3.28,19.03,20.32,129893,-42.08,-34.0,0.52
2024-04-01T23:09:33.000,10.04,-11.62,3.56,18.94,20.32,129894,-42.18,-34.0,0.52
2024-04-01T23:10:34.000,10.05,-11.26,4.15,18.78,20.32,129895,-42.27,-33.0,0.52
2024-04-01T23:11:34.000,10.02,-11.0,4.5,18.69,20.32,129896,-42.36,-33.0,0.52
2024-04-01T23:12:34.000,10.03,-10.8,4.41,18.71,20.32,129897,-42.45,-33.0,0.52
2024-04-01T23:13:34.000,10.06,-10.72,4.11,18.79,20.32,129898,-42.54,-33.0,0.519
2024-04-01T23:14:34.000,10.05,-10.62,3.81,18.87,20.32,129899,-42.62,-33.0,0.519
2024-04-01T23:15:34.000,10.02,-10.69,3.76,18.88,20.32,129900,-42.71,-32.0,0.519
2024-04-01T23:16:34.000,10.03,-10.79,3.65,18.91,20.32,129901,-42.79,-32.0,0.519
2024-04-01T23:17:34.000,10.07,-10.65,3.57,18.94,20.32,129902,-42.88,-32.0,0.519
2024-04-01T23:18:34.000,10.05,-10.49,3.68,18.91,20.32,129903,-42.96,-32.0,0.519
2024-04-01T23:19:35.000,10.01,-10.4,4.16,18.77,20.32,129904,-43.04,-32.0,0.519
2024-04-01T23:20:35.000,10.05,-10.31,4.62,18.66,20.32,129905,-43.13,-32.0,0.519
2024-04-01T23:21:35.000,10.07,-10.28,4.56,18.67,20.32,129906,-43.21,-31.0,0.519
2024-04-01T23:22:35.000,10.04,-10.46,4.02,18.81,20.32,129907,-43.29,-31.0,0.519
2024-04-01T23:23:35.000,10.02,-10.81,3.76,18.88,20.32,129908,-43.36,-31.0,0.519
2024-04-01T23:24:35.000,10.03,-11.13,3.72,18.89,20.32,129909,-43.44,-31.0,0.519
2024-04-01T23:25:35.000,10.03,-11.4,3.61,18.92,20.32,129910,-43.52,-31.0,0.519
2024-04-01T23:26:35.000,10.02,-11.72,3.5,18.96,20.32,129911,-43.59,-30.0,0.518
2024-04-01T23:27:35.000,10.07,-11.98,3.43,18.98,20.32,129912,-43.67,-30.0,0.518
2024-04-01T23:28:36.000,10.05,-12.1,3.39,18.99,20.32,129913,-43.74,-30.0,0.518
2024-04-01T23:29:36.000,10.02,-12.3,3.31,19.02,20.32,129914,-43.81,-30.0,0.518
2024-04-01T23:30:36.000,10.07,-12.48,3.26,19.04,20.32,129915,-43.88,-30.0,0.518
2024-04-01T23:31:36.000,10.05,-12.52,3.24,19.04,20.32,129916,-43.95,-30.0,0.518
2024-04-01T23:32:36.000,10.01,-12.52,3.23,19.05,20.32,129917,-44.02,-29.0,0.518
2024-04-01T23:33:36.000,10.04,-12.39,3.24,19.04,20.32,129918,-44.09,-29.0,0.518
2024-04-01T23:34:36.000,10.04,-12.11,3.33,19.02,20.32,129919,-44.16,-29.0,0.518
2024-04-01T23:35:36.000,10.02,-11.8,3.53,18.95,20.32,129920,-44.22,-29.0,0.518
2024-04-01T23:36:37.000,10.04,-11.46,3.73,18.89,20.32,129921,-44.29,-29.0,0.518
2024-04-01T23:37:37.000,10.03,-11.05,3.84,18.86,20.32,129922,-44.35,-28.0,0.518
2024-04-01T23:38:37.000,10.02,-10.68,3.87,18.85,20.32,129923,-44.41,-28.0,0.518
2024-04-01T23:39:37.000,10.06,-10.29,3.98,18.82,20.32,129924,-44.48,-28.0,0.517
2024-04-01T23:40:37.000,10.05,-9.82,4.4,18.71,20.32,129925,-44.54,-28.0,0.517
2024-04-01T23:41:37.000,10.03,-9.45,5.14,18.54,20.32,129926,-44.6,-28.0,0.517
2024-04-01T23:42:38.000,10.03,-9.26,5.03,18.57,20.32,129927,-44.65,-28.0,0.517
2024-04-01T23:43:38.000,10.02,-9.3,4.48,18.69,20.32,129928,-44.71,-27.0,0.517
2024-04-01T23:44:38.000,10.03,-9.48,4.25,18.75,20.32,129929,-44.77,-27.0,0.517
2024-04-01T23:45:38.000,10.03,-9.83,4.22,18.76,20.32,129930,-44.82,-27.0,0.517
2024-04-01T23:46:38.000,10.02,-10.33,4.04,18.8,20.32,129931,-44.88,-27.0,0.517
2024-04-01T23:47:38.000,10.03,-10.94,3.69,18.9,20.32,129932,-44.93,-27.0,0.517
2024-04-01T23:48:38.000,10.02,-11.44,3.54,18.95,20.32,129933,-44.98,-27.0,0.517
2024-04-01T23:49:38.000,10.03,-11.96,3.4,18.99,20.32,129934,-45.03,-26.0,0.517
2024-04-01T23:50:39.000,10.02,-12.27,3.28,19.03,20.32,129935,-45.08,-26.0,0.517
2024-04-01T23:51:39.000,10.03,-12.52,3.22,19.05,20.32,129936,-45.13,-26.0,0.517
2024-04-01T23:52:39.000,10.02,-12.63,3.24,19.04,20.32,129937,-45.17,-26.0,0.517
2024-04-01T23:53:39.000,10.02,-12.62,3.37,19.0,20.32,129938,-45.22,-26.0,0.516
2024-04-01T23:54:40.000,10.02,-12.64,3.59,18.93,20.32,129939,-45.26,-25.0,0.516
2024-04-01T23:55:40.000,10.06,-12.66,3.45,18.97,20.32,129940,-45.31,-25.0,0.516
2024-04-01T23:56:40.000,10.03,-12.77,3.25,19.04,20.32,129941,-45.35,-25.0,0.516
2024-04-01T23:57:40.000,10.02,-12.85,3.16,19.07,20.32,129942,-45.39,-25.0,0.516
2024-04-01T23:58:40.000,10.05,-12.96,3.14,19.08,20.32,129943,-45.43,-25.0,0.516
2024-04-01T23:59:40.000,10.02,-13.13,3.13,19.08,20.32,129944,-45.47,-25.0,0.516
2024-04-02T00:00:40.000,10.04,-13.35,2.99,19.13,20.32,129945,-45.51,-24.0,0.516
2024-04-02T00:01:40.000,10.08,-13.45,2.91,19.16,20.32,129946,-45.54,-24.0,0.516
2024-04-02T00:02:40.000,10.03,-13.39,2.91,19.16,20.32,129947,-45.58,-24.0,0.516
2024-04-02T00:03:40.000,10.03,-13.34,2.92,19.16,20.32,129948,-45.61,-24.0,0.516
2024-04-02T00:04:40.000,10.12,-13.18,2.93,19.15,20.32,129949,-45.65,-24.0,0.516
2024-04-02T00:05:40.000,10.09,-13.03,2.95,19.14,20.32,129950,-45.68,-23.0,0.516
2024-04-02T00:06:40.000,10.01,-13.01,3.06,19.11,20.32,129951,-45.71,-23.0,0.515
2024-04-02T00:07:41.000,10.06,-13.07,3.25,19.04,20.32,129952,-45.74,-23.0,0.515
2024-04-02T00:08:41.000,10.07,-13.04,3.12,19.08,20.32,129953,-45.77,-23.0,0.515
2024-04-02T00:09:41.000,10.01,-13.07,2.96,19.14,20.32,129954,-45.79,-23.0,0.515
2024-04-02T00:10:41.000,10.05,-13.28,2.9,19.17,20.32,129955,-45.82,-23.0,0.515
2024-04-02T00:11:41.000,10.11,-13.38,2.86,19.18,20.32,129956,-45.84,-22.0,0.515
2024-04-02T00:12:41.000,10.06,-13.53,2.87,19.18,20.32,129957,-45.87,-22.0,0.515
2024-04-02T00:13:41.000,10.01,-13.55,2.86,19.18,20.32,129958,-45.89,-22.0,0.515
2024-04-02T00:14:42.000,10.05,-13.6,2.84,19.18,20.32,129959,-45.91,-22.0,0.515
2024-04-02T00:15:42.000,10.05,-13.61,2.84,19.19,20.32,129960,-45.93,-22.0,0.515
2024-04-02T00:16:42.000,10.02,-13.61,2.82,19.19,20.32,129961,-45.95,-22.0,0.515
2024-04-02T00:17:42.000,10.03,-13.89,2.83,19.19,20.32,129962,-45.96,-21.0,0.515
2024-04-02T00:18:42.000,10.01,-13.92,2.84,19.18,20.32,129963,-45.98,-21.0,0.515
2024-04-02T00:19:42.000,10.05,-13.76,2.83,19.19,20.32,129964,-45.99,-21.0,0.514
2024-04-02T00:20:42.000,10.09,-13.58,2.84,19.19,20.32,129965,-46.01,-21.0,0.514
2024-04-02T00:21:43.000,10.04,-13.55,2.85,19.18,20.32,129966,-46.02,-21.0,0.514
2024-04-02T00:22:43.000,10.01,-13.58,2.86,19.18,20.32,129967,-46.03,-21.0,0.514
2024-04-02T00:23:43.000,10.08,-13.44,2.9,19.16,20.32,129968,-46.04,-20.0,0.514
2024-04-02T00:24:43.000,10.02,-13.32,2.93,19.15,20.32,129969,-46.05,-20.0,0.514
2024-04-02T00:25:43.000,10.04,-13.28,2.94,19.15,20.32,129970,-46.06,-20.0,0.514
2024-04-02T00:26:43.000,10.1,-13.26,2.98,19.14,20.32,129971,-46.06,-20.0,0.514
2024-04-02T00:27:43.000,10.06,-13.1,3.0,19.13,20.32,129972,-46.07,-20.0,0.514
2024-04-02T00:28:43.000,10.0,-13.15,3.01,19.12,20.32,129973,-46.07,-19.0,0.514
2024-04-02T00:29:43.000,10.09,-13.28,2.98,19.14,20.32,129974,-46.08,-19.0,0.514
2024-04-02T00:30:43.000,10.15,-13.31,2.92,19.16,20.32,129975,-46.08,-19.0,0.514
2024-04-02T00:31:43.000,10.09,-13.35,2.88,19.17,20.32,129976,-46.08,-19.0,0.514
2024-04-02T00:32:43.000,10.0,-13.46,2.86,19.18,20.32,129977,-46.08,-19.0,0.513
2024-04-02T00:33:43.000,10.08,-13.59,2.86,19.18,20.32,129978,-46.07,-19.0,0.513
2024-04-02T00:34:43.000,10.08,-13.6,2.86,19.18,20.32,129979,-46.07,-18.0,0.513
2024-04-02T00:35:43.000,10.01,-13.64,2.88,19.17,20.32,129980,-46.07,-18.0,0.513
2024-04-02T00:36:44.000,10.04,-13.78,2.9,19.16,20.32,129981,-46.06,-18.0,0.513
2024-04-02T00:37:44.000,10.12,-13.67,2.91,19.16,20.32,129982,-46.05,-18.0,0.513
2024-04-02T00:38:44.000,10.08,-13.66,2.91,19.16,20.32,129983,-46.04,-18.0,0.513
2024-04-02T00:39:44.000,10.0,-13.75,2.91,19.16,20.32,129984,-46.03,-18.0,0.513
2024-04-02T00:40:44.000,10.11,-13.72,2.9,19.16,20.32,129985,-46.02,-17.0,0.513
2024-04-02T00:41:44.000,10.1,-13.65,2.9,19.16,20.32,129986,-46.01,-17.0,0.513
2024-04-02T00:42:44.000,10.0,-13.75,2.91,19.16,20.32,129987,-46.0,-17.0,0.513
2024-04-02T00:43:44.000,10.08,-13.83,2.91,19.16,20.32,129988,-45.98,-17.0,0.513
2024-04-02T00:44:44.000,10.1,-13.78,2.92,19.16,20.32,129989,-45.97,-17.0,0.513
2024-04-02T00:45:44.000,10.02,-13.65,2.93,19.15,20.32,129990,-45.95,-17.0,0.513
2024-04-02T00:46:44.000,10.04,-13.69,2.93,19.15,20.32,129991,-45.93,-16.0,0.512
2024-04-02T00:47:45.000,10.16,-13.54,2.93,19.15,20.32,129992,-45.91,-16.0,0.512
2024-04-02T00:48:45.000,10.11,-13.47,2.94,19.15,20.32,129993,-45.89,-16.0,0.512
2024-04-02T00:49:45.000,9.99,-13.54,2.94,19.15,20.32,129994,-45.87,-16.0,0.512
2024-04-02T00:50:45.000,10.1,-13.63,2.94,19.15,20.32,129995,-45.85,-16.0,0.512
2024-04-02T00:51:45.000,10.15,-13.58,2.93,19.15,20.32,129996,-45.82,-16.0,0.512
2024-04-02T00:52:45.000,10.06,-13.54,2.92,19.16,20.32,129997,-45.8,-15.0,0.512
2024-04-02T00:53:45.000,10.01,-13.66,2.92,19.16,20.32,129998,-45.77,-15.0,0.512
2024-04-02T00:54:45.000,10.1,-13.88,2.91,19.16,20.32,129999,-45.74,-15.0,0.512
2024-04-02T00:55:45.000,10.06,-13.75,2.91,19.16,20.32,130000,-45.72,-15.0,0.512
2024-04-02T00:56:45.000,9.98,-13.93,2.92,19.16,20.32,130001,-45.69,-15.0,0.512
2024-04-02T00:57:45.000,10.15,-13.79,2.93,19.15,20.32,130002,-45.65,-14.0,0.512
2024-04-02T00:58:45.000,10.18,-13.58,2.93,19.15,20.32,130003,-45.62,-14.0,0.512
2024-04-02T00:59:46.000,10.08,-13.53,2.93,19.15,20.32,130004,-45.59,-14.0,0.511
2024-04-02T01:00:46.000,9.99,-13.55,2.92,19.16,20.32,130005,-45.55,-14.0,0.511
2024-04-02T01:01:46.000,10.1,-13.67,2.91,19.16,20.32,130006,-45.52,-14.0,0.511
2024-04-02T01:02:46.000,10.14,-13.6,2.91,19.16,20.32,130007,-45.48,-14.0,0.511
2024-04-02T01:03:46.000,10.06,-13.6,2.91,19.16,20.32,130008,-45.44,-13.0,0.511
2024-04-02T01:04:46.000,10.0,-13.66,2.91,19.16,20.32,130009,-45.4,-13.0,0.511
2024-04-02T01:05:46.000,10.11,-13.7,2.91,19.16,20.32,130010,-45.36,-13.0,0.511
2024-04-02T01:06:46.000,10.08,-13.66,2.92,19.16,20.32,130011,-45.32,-13.0,0.511
2024-04-02T01:07:46.000,9.99,-13.67,2.93,19.15,20.32,130012,-45.28,-13.0,0.511
2024-04-02T01:08:46.000,10.07,-13.92,2.94,19.15,20.32,130013,-45.23,-13.0,0.511
2024-04-02T01:09:46.000,10.11,-13.77,2.94,19.15,20.32,130014,-45.19,-12.0,0.511
2024-04-02T01:10:46.000,10.03,-13.54,2.94,19.15,20.32,130015,-45.14,-12.0,0.511
2024-04-02T01:11:46.000,10.03,-13.7,2.94,19.15,20.32,130016,-45.09,-12.0,0.511
2024-04-02T01:12:46.000,10.17,-13.64,2.94,19.15,20.32,130017,-45.04,-12.0,0.51
2024-04-02T01:13:46.000,10.13,-13.51,2.94,19.15,20.32,130018,-44.99,-12.0,0.51
2024-04-02T01:14:47.000,10.0,-13.53,2.94,19.15,20.32,130019,-44.94,-12.0,0.51
2024-04-02T01:15:47.000,10.07,-13.47,2.94,19.15,20.32,130020,-44.89,-11.0,0.51
2024-04-02T01:16:47.000,10.19,-13.32,2.95,19.15,20.32,130021,-44.84,-11.0,0.51
2024-04-02T01:17:47.000,10.1,-13.15,2.97,19.14,20.32,130022,-44.78,-11.0,0.51
2024-04-02T01:18:47.000,10.0,-12.97,2.99,19.13,20.32,130023,-44.73,-11.0,0.51
2024-04-02T01:19:47.000,10.08,-12.78,3.02,19.12,20.32,130024,-44.67,-11.0,0.51
2024-04-02T01:20:47.000,10.11,-12.47,3.06,19.1,20.32,130025,-44.61,-11.0,0.51
2024-04-02T01:21:47.000,10.07,-12.12,3.15,19.08,20.32,130026,-44.55,-10.0,0.51
2024-04-02T01:22:47.000,10.0,-12.13,3.26,19.04,20.32,130027,-44.49,-10.0,0.51
2024-04-02T01:23:48.000,10.05,-12.51,3.26,19.04,20.32,130028,-44.43,-10.0,0.51
2024-04-02T01:24:48.000,10.08,-12.44,3.21,19.05,20.32,130029,-44.37,-10.0,0.51
2024-04-02T01:25:48.000,10.01,-12.51,3.14,19.08,20.32,130030,-44.31,-10.0,0.509
2024-04-02T01:26:48.000,10.05,-12.68,3.1,19.09,20.32,130031,-44.24,-10.0,0.509
2024-04-02T01:27:48.000,10.07,-12.85,3.04,19.11,20.32,130032,-44.18,-10.0,0.509
2024-04-02T01:28:48.000,10.0,-12.88,3.0,19.13,20.32,130033,-44.11,-9.0,0.509
2024-04-02T01:29:48.000,10.09,-12.99,3.0,19.13,20.32,130034,-44.04,-9.0,0.509
2024-04-02T01:30:48.000,10.06,-12.9,3.0,19.13,20.32,130035,-43.97,-9.0,0.509
2024-04-02T01:31:48.000,9.99,-12.94,3.0,19.13,20.32,130036,-43.9,-9.0,0.509
2024-04-02T01:32:49.000,10.11,-12.95,3.0,19.13,20.32,130037,-43.83,-9.0,0.509
2024-04-02T01:33:49.000,10.11,-12.8,3.02,19.12,20.32,130038,-43.76,-9.0,0.509
2024-04-02T01:34:49.000,10.02,-12.73,3.05,19.11,20.32,130039,-43.69,-8.0,0.509
2024-04-02T01:35:49.000,10.04,-12.84,3.08,19.1,20.32,130040,-43.61,-8.0,0.509
2024-04-02T01:36:49.000,10.2,-12.71,3.13,19.08,20.32,130041,-43.54,-8.0,0.509
2024-04-02T01:37:49.000,10.17,-12.63,3.18,19.06,20.32,130042,-43.46,-8.0,0.509
2024-04-02T01:38:49.000,10.08,-12.53,3.17,19.07,20.32,130043,-43.39,-8.0,0.509
2024-04-02T01:39:49.000,9.99,-12.62,3.13,19.08,20.32,130044,-43.31,-8.0,0.508
2024-04-02T01:40:49.000,10.09,-12.72,3.12,19.09,20.32,130045,-43.23,-7.0,0.508
2024-04-02T01:41:49.000,10.11,-12.61,3.11,19.09,20.32,130046,-43.15,-7.0,0.508
2024-04-02T01:42:49.000,10.03,-12.53,3.1,19.09,20.32,130047,-43.07,-7.0,0.508
2024-04-02T01:43:49.000,10.03,-12.59,3.13,19.08,20.32,130048,-42.99,-7.0,0.508
2024-04-02T01:44:49.000,10.11,-12.53,3.25,19.04,20.32,130049,-42.9,-7.0,0.508
2024-04-02T01:45:49.000,10.02,-12.6,3.5,18.96,20.32,130050,-42.82,-7.0,0.508
2024-04-02T01:46:50.000,10.05,-12.66,3.58,18.94,20.32,130051,-42.73,-6.0,0.508
2024-04-02T01:47:50.000,10.11,-12.86,3.37,19.0,20.32,130052,-42.65,-6.0,0.508
2024-04-02T01:48:50.000,10.01,-12.84,3.24,19.04,20.32,130053,-42.56,-6.0,0.508
2024-04-02T01:49:50.000,10.06,-12.96,3.2,19.06,20.32,130054,-42.47,-6.0,0.508
2024-04-02T01:50:50.000,10.17,-12.85,3.22,19.05,20.32,130055,-42.38,-6.0,0.508
2024-04-02T01:51:50.000,10.1,-12.8,3.21,19.06,20.32,130056,-42.29,-6.0,0.508
2024-04-02T01:52:50.000,10.0,-12.81,3.17,19.07,20.32,130057,-42.2,-6.0,0.507
2024-04-02T01:53:50.000,10.08,-13.01,3.15,19.07,20.32,130058,-42.11,-5.0,0.507
2024-04-02T01:54:50.000,10.08,-12.91,3.1,19.09,20.32,130059,-42.02,-5.0,0.507
2024-04-02T01:55:50.000,9.97,-13.02,3.06,19.1,20.32,130060,-41.92,-5.0,0.507
