ecsv/stars747/stars747_2025-04.ecsv
# %ECSV 1.0
# ---
# datatype:
# - {name: time, datatype: string}
# - {name: Enclosure Temperature, unit: deg_C, datatype: float64}
# - {name: Sky Temperature, unit: deg_C, datatype: float64}
# - {name: Frequency, unit: Hz, datatype: float64}
# - {name: MSAS, unit: mag / arcsec2, datatype: float64}
# - {name: ZP, datatype: float64}
# - {name: Sequence Number, datatype: int64}
# - {name: Sun Alt, unit: deg, datatype: float64}
# - {name: Moon Alt, unit: deg, datatype: float64}
# - {name: Moon Illumination, datatype: float64}
# delimiter: ','
# meta: !!omap
# - ida:
#     Data supplier: {affiliation: null, observer: "Diego Rodr\xEDguez"}
#     Device type: TESS-W
#     Field of view: 17.0
#     Filters per channel: None
#     Instrument ID: stars747
#     License: ODbL 1.0 http://opendatacommons.org/licenses/odbl/summary/
#     Local timezone: Europe/Madrid
#     Location name: {country: Spain, place: "Escuela de Ingenier\xEDas Industriales de la Universidad de Extremadura", region: null,
#       sub_region: null, town: Badajoz}
#     Measurement direction per channel: {azimuth: 0.0, zenital: 0.0}
#     Moving / Fixed look direction: FIXED
#     Moving / Stationary position: STATIONARY
#     Number of channels: 1
#     Number of fields per line: 8
#     Number of header lines: 35
#     Position: {height: 0.0, latitude: 38.8839498, longitude: -7.0043499}
#     TESS MAC address: E8:DB:84:82:EE:C6
#     TESS cover offset value: 0.0
#     TESS firmware version: '1.0'
#     TESS zero point: 20.32
#     Time Synchronization: timestamp added by MQTT subscriber
#     URL: http://www.darksky.org/NSBM/sdf1.0.pdf
# - __serialized_columns__:
#     Enclosure Temperature:
#       __class__: astropy.units.quantity.Quantity
#       unit: &id001 !astropy.units.Unit {unit: deg_C}
#       value: !astropy.table.SerializedColumn {name: Enclosure Temperature}
#     Frequency:
#       __class__: astropy.units.quantity.Quantity
#       unit: !astropy.units.Unit {unit: Hz}
#       value: !astropy.table.SerializedColumn {name: Frequency}
#     MSAS:
#       __class__: astropy.units.quantity.Quantity
#       unit: !astropy.units.Unit {unit: mag / arcsec2}
#       value: !astropy.table.SerializedColumn {name: MSAS}
#     Moon Alt:
#       __class__: astropy.units.quantity.Quantity
#       unit: &id002 !astropy.units.Unit {unit: deg}
#       value: !astropy.table.SerializedColumn {name: Moon Alt}
#     Sky Temperature:
#       __class__: astropy.units.quantity.Quantity
#       unit: *id001
#       value: !astropy.table.SerializedColumn {name: Sky Temperature}
#     Sun Alt:
#       __class__: astropy.units.quantity.Quantity
#       unit: *id002
#       value: !astropy.table.SerializedColumn {name: Sun Alt}
#     time:
#       __class__: astropy.time.core.Time
#       format: isot
#       in_subfmt: '*'
#       out_subfmt: '*'
#       precision: 3
#       scale: utc
#       value: !astropy.table.SerializedColumn {name: time}
# schema: astropy-2.0
time,Enclosure Temperature,Sky Temperature,Frequency,MSAS,ZP,Sequence Number,Sun Alt,Moon Alt,Moon Illumination
[from data line 11522]
2025-04-17T23:03:18.000,15.6,8.66,31.82,16.56,20.32,676127,-36.57,-9.0,0.793
2025-04-17T23:04:18.000,15.64,8.48,27.66,16.72,20.32,676128,-36.66,-8.0,0.793
2025-04-17T23:05:18.000,15.7,8.5,27.08,16.74,20.32,676129,-36.74,-8.0,0.793
2025-04-17T23:06:18.000,15.76,8.49,32.34,16.55,20.32,676130,-36.82,-8.0,0.793
2025-04-17T23:07:19.000,15.81,8.27,29.38,16.65,20.32,676131,-36.91,-8.0,0.793
2025-04-17T23:08:19.000,15.83,8.21,28.28,16.69,20.32,676132,-36.99,-8.0,0.793
2025-04-17T23:09:19.000,15.86,8.72,31.58,16.57,20.32,676133,-37.07,-8.0,0.792
2025-04-17T23:10:19.000,15.9,9.28,38.64,16.36,20.32,676134,-37.15,-7.0,0.792
2025-04-17T23:11:19.000,15.92,9.68,44.23,16.21,20.32,676135,-37.22,-7.0,0.792
2025-04-17T23:12:19.000,15.96,10.1,48.85,16.1,20.32,676136,-37.3,-7.0,0.792
2025-04-17T23:13:20.000,16.01,10.27,55.69,15.96,20.32,676137,-37.38,-7.0,0.792
2025-04-17T23:14:20.000,15.99,10.09,55.49,15.96,20.32,676138,-37.46,-7.0,0.792
2025-04-17T23:15:20.000,16.01,9.95,46.34,16.16,20.32,676139,-37.53,-7.0,0.792
2025-04-17T23:16:20.000,16.03,9.72,38.03,16.37,20.32,676140,-37.6,-7.0,0.792
2025-04-17T23:17:20.000,16.05,9.41,34.01,16.49,20.32,676141,-37.68,-6.0,0.792
2025-04-17T23:18:20.000,16.1,9.21,36.06,16.43,20.32,676142,-37.75,-6.0,0.792
2025-04-17T23:19:20.000,16.11,9.35,40.4,16.31,20.32,676143,-37.82,-6.0,0.792
2025-04-17T23:20:20.000,16.15,9.72,44.79,16.2,20.32,676144,-37.89,-6.0,0.792
2025-04-17T23:21:20.000,16.23,9.89,49.35,16.09,20.32,676145,-37.96,-6.0,0.792
2025-04-17T23:22:20.000,16.26,9.66,40.27,16.32,20.32,676146,-38.03,-6.0,0.792
2025-04-17T23:23:21.000,16.26,9.62,36.82,16.41,20.32,676147,-38.1,-5.0,0.792
2025-04-17T23:24:21.000,16.25,9.93,41.66,16.27,20.32,676148,-38.16,-5.0,0.792
2025-04-17T23:25:21.000,16.27,10.3,39.2,16.34,20.32,676149,-38.23,-5.0,0.792
2025-04-17T23:26:21.000,16.29,10.5,44.75,16.19,20.32,676150,-38.29,-5.0,0.792
2025-04-17T23:27:22.000,16.29,10.58,61.08,15.86,20.32,676151,-38.36,-5.0,0.791
2025-04-17T23:28:22.000,16.3,10.23,50.23,16.08,20.32,676152,-38.42,-5.0,0.791
2025-04-17T23:29:22.000,16.31,10.07,43.04,16.24,20.32,676153,-38.48,-4.0,0.791
2025-04-17T23:30:22.000,16.32,9.86,47.38,16.14,20.32,676154,-38.54,-4.0,0.791
2025-04-17T23:31:22.000,16.32,9.93,43.41,16.24,20.32,676155,-38.6,-4.0,0.791
2025-04-17T23:32:23.000,16.32,10.42,54.8,15.98,20.32,676156,-38.66,-4.0,0.791
2025-04-17T23:33:23.000,16.31,10.74,62.66,15.83,20.32,676157,-38.72,-4.0,0.791
2025-04-17T23:34:23.000,16.3,10.85,68.68,15.73,20.32,676158,-38.77,-4.0,0.791
2025-04-17T23:35:23.000,16.31,11.06,87.62,15.46,20.32,676159,-38.83,-4.0,0.791
2025-04-17T23:36:23.000,16.36,11.03,83.03,15.52,20.32,676160,-38.88,-3.0,0.791
2025-04-17T23:37:23.000,16.36,10.77,70.14,15.71,20.32,676161,-38.94,-3.0,0.791
2025-04-17T23:38:23.000,16.39,10.55,55.95,15.96,20.32,676162,-38.99,-3.0,0.791
2025-04-17T23:39:23.000,16.41,10.42,46.06,16.16,20.32,676163,-39.04,-3.0,0.791
2025-04-17T23:40:24.000,16.43,10.33,52.49,16.02,20.32,676164,-39.09,-3.0,0.791
2025-04-17T23:41:24.000,16.48,10.08,43.21,16.23,20.32,676165,-39.14,-3.0,0.791
2025-04-17T23:42:24.000,16.49,9.77,39.46,16.33,20.32,676166,-39.19,-2.0,0.791
2025-04-17T23:43:24.000,16.48,9.6,40.77,16.3,20.32,676167,-39.24,-2.0,0.791
2025-04-17T23:44:24.000,16.47,9.72,33.74,16.5,20.32,676168,-39.28,-2.0,0.791
2025-04-17T23:45:24.000,16.46,9.92,38.58,16.36,20.32,676169,-39.33,-2.0,0.79
2025-04-17T23:46:25.000,16.46,10.19,48.29,16.11,20.32,676170,-39.37,-2.0,0.79
2025-04-17T23:47:25.000,16.48,10.37,48.4,16.11,20.32,676171,-39.42,-2.0,0.79
2025-04-17T23:48:25.000,16.46,10.42,46.89,16.14,20.32,676172,-39.46,-2.0,0.79
2025-04-17T23:49:26.000,16.48,10.79,53.3,16.0,20.32,676173,-39.5,-1.0,0.79
2025-04-17T23:50:26.000,16.52,10.99,46.22,16.16,20.32,676174,-39.54,-1.0,0.79
2025-04-17T23:51:26.000,16.56,11.19,50.35,16.07,20.32,676175,-39.58,-1.0,0.79
2025-04-17T23:52:26.000,16.61,11.44,61.52,15.85,20.32,676176,-39.62,-1.0,0.79
2025-04-17T23:53:26.000,16.68,11.45,62.95,15.82,20.32,676177,-39.66,-1.0,0.79
2025-04-17T23:54:26.000,16.74,11.4,63.68,15.81,20.32,676178,-39.69,-1.0,0.79
2025-04-17T23:55:26.000,16.75,11.25,61.34,15.85,20.32,676179,-39.73,-1.0,0.79
2025-04-17T23:56:27.000,16.75,11.02,55.89,15.95,20.32,676180,-39.76,-0.0,0.79
2025-04-18T00:11:23.000,16.48,9.37,32.25,16.55,20.32,676194,-40.14,2.0,0.789
2025-04-18T00:12:23.000,16.51,9.59,29.03,16.67,20.32,676195,-40.15,2.0,0.789
2025-04-18T00:13:23.000,16.53,10.23,46.51,16.16,20.32,676196,-40.17,2.0,0.789
2025-04-18T00:14:24.000,16.57,10.63,62.75,15.83,20.32,676197,-40.18,2.0,0.789
2025-04-18T00:15:23.000,16.53,10.2,49.91,16.08,20.32,676198,-40.2,2.0,0.789
2025-04-18T00:16:24.000,16.47,10.19,43.53,16.22,20.32,676199,-40.21,2.0,0.789
2025-04-18T00:17:24.000,16.48,10.53,40.17,16.31,20.32,676200,-40.22,3.0,0.789
2025-04-18T00:18:24.000,16.54,10.59,40.47,16.3,20.32,676201,-40.23,3.0,0.789
2025-04-18T00:19:24.000,16.57,10.54,45.11,16.19,20.32,676202,-40.24,3.0,0.789
2025-04-18T00:20:24.000,16.54,10.46,48.48,16.11,20.32,676203,-40.25,3.0,0.789
2025-04-18T00:21:24.000,16.43,9.81,42.6,16.25,20.32,676204,-40.26,3.0,0.789
2025-04-18T00:22:24.000,16.29,9.6,40.04,16.31,20.32,676205,-40.26,3.0,0.788
2025-04-18T00:23:24.000,16.29,9.65,41.71,16.27,20.32,676206,-40.27,3.0,0.788
2025-04-18T00:24:24.000,16.21,9.58,39.39,16.33,20.32,676207,-40.27,4.0,0.788
2025-04-18T00:25:25.000,16.08,8.95,32.75,16.54,20.32,676208,-40.27,4.0,0.788
2025-04-18T00:26:25.000,15.9,8.59,30.92,16.6,20.32,676209,-40.27,4.0,0.788
2025-04-18T00:27:25.000,15.79,8.17,31.91,16.57,20.32,676210,-40.27,4.0,0.788
2025-04-18T00:28:25.000,15.72,7.49,21.46,16.99,20.32,676211,-40.27,4.0,0.788
2025-04-18T00:29:25.000,15.66,6.74,19.64,17.09,20.32,676212,-40.27,4.0,0.788
2025-04-18T00:30:25.000,15.56,6.02,17.51,17.22,20.32,676213,-40.27,4.0,0.788
2025-04-18T00:31:25.000,15.55,6.38,21.87,16.97,20.32,676214,-40.26,5.0,0.788
2025-04-18T00:32:25.000,15.52,6.28,25.27,16.81,20.32,676215,-40.26,5.0,0.788
2025-04-18T00:33:25.000,15.49,6.29,21.94,16.97,20.32,676216,-40.25,5.0,0.788
2025-04-18T00:34:25.000,15.47,5.77,21.64,16.99,20.32,676217,-40.24,5.0,0.788
2025-04-18T00:35:25.000,15.41,5.27,19.25,17.14,20.32,676218,-40.24,5.0,0.788
2025-04-18T00:36:25.000,15.38,5.35,18.88,17.15,20.32,676219,-40.23,5.0,0.788
2025-04-18T00:37:26.000,15.36,4.97,28.05,16.7,20.32,676220,-40.22,5.0,0.788
2025-04-18T00:38:26.000,15.31,3.2,16.85,17.28,20.32,676221,-40.2,5.0,0.788
2025-04-18T00:39:26.000,15.25,1.85,8.05,18.07,20.32,676222,-40.19,6.0,0.788
2025-04-18T00:40:26.000,15.15,1.6,8.34,18.02,20.32,676223,-40.18,6.0,0.787
2025-04-18T00:41:26.000,15.06,1.17,9.26,17.9,20.32,676224,-40.16,6.0,0.787
2025-04-18T00:42:26.000,14.95,0.23,7.69,18.11,20.32,676225,-40.15,6.0,0.787
2025-04-18T00:43:26.000,14.85,-0.66,6.54,18.29,20.32,676226,-40.13,6.0,0.787
2025-04-18T00:44:26.000,14.77,-1.0,5.59,18.45,20.32,676227,-40.11,6.0,0.787
2025-04-18T00:45:27.000,14.71,-1.37,5.34,18.5,20.32,676228,-40.09,6.0,0.787
2025-04-18T00:46:27.000,14.63,-1.78,5.49,18.48,20.32,676229,-40.07,7.0,0.787
2025-04-18T00:47:27.000,14.53,-2.26,6.39,18.31,20.32,676230,-40.05,7.0,0.787
2025-04-18T00:48:27.000,14.43,-2.77,4.56,18.67,20.32,676231,-40.03,7.0,0.787
2025-04-18T00:49:27.000,14.35,-2.96,4.34,18.73,20.32,676232,-40.0,7.0,0.787
2025-04-18T00:50:27.000,14.28,-3.15,4.33,18.73,20.32,676233,-39.98,7.0,0.787
2025-04-18T00:51:27.000,14.24,-3.19,4.25,18.75,20.32,676234,-39.95,7.0,0.787
2025-04-18T00:52:27.000,14.22,-3.04,4.36,18.72,20.32,676235,-39.92,7.0,0.787
2025-04-18T00:53:27.000,14.19,-2.38,4.66,18.65,20.32,676236,-39.9,7.0,0.787
2025-04-18T00:54:28.000,14.18,-1.03,5.96,18.4,20.32,676237,-39.87,8.0,0.787
2025-04-18T00:55:28.000,14.2,0.25,10.15,17.8,20.32,676238,-39.84,8.0,0.787
2025-04-18T00:56:28.000,14.22,0.79,10.64,17.75,20.32,676239,-39.81,8.0,0.787
2025-04-18T00:57:28.000,14.23,0.48,10.04,17.82,20.32,676240,-39.77,8.0,0.787
2025-04-18T00:58:28.000,14.23,-0.33,7.83,18.09,20.32,676241,-39.74,8.0,0.786
2025-04-18T00:59:28.000,14.22,-1.26,5.43,18.48,20.32,676242,-39.71,8.0,0.786
2025-04-18T01:00:28.000,14.22,-0.8,5.98,18.38,20.32,676243,-39.67,8.0,0.786
2025-04-18T01:01:28.000,14.24,1.33,10.85,17.75,20.32,676244,-39.63,8.0,0.786
2025-04-18T01:02:29.000,14.29,3.3,15.65,17.34,20.32,676245,-39.6,9.0,0.786
2025-04-18T01:03:29.000,14.37,4.78,21.43,16.99,20.32,676246,-39.56,9.0,0.786
2025-04-18T01:04:29.000,14.45,5.53,25.13,16.83,20.32,676247,-39.52,9.0,0.786
2025-04-18T01:05:29.000,14.51,4.41,22.0,17.0,20.32,676248,-39.48,9.0,0.786
2025-04-18T01:06:29.000,14.56,2.21,9.73,17.86,20.32,676249,-39.44,9.0,0.786
2025-04-18T01:07:29.000,14.57,2.4,11.99,17.66,20.32,676250,-39.39,9.0,0.786
2025-04-18T01:08:30.000,14.63,5.03,27.8,16.72,20.32,676251,-39.35,9.0,0.786
2025-04-18T01:09:30.000,14.67,6.89,28.81,16.67,20.32,676252,-39.3,9.0,0.786
2025-04-18T01:10:30.000,14.75,8.13,27.42,16.73,20.32,676253,-39.26,10.0,0.786
2025-04-18T01:11:30.000,14.84,8.99,30.89,16.6,20.32,676254,-39.21,10.0,0.786
2025-04-18T01:12:30.000,14.92,9.34,37.52,16.39,20.32,676255,-39.16,10.0,0.786
2025-04-18T01:13:31.000,14.97,8.85,37.96,16.37,20.32,676256,-39.11,10.0,0.786
2025-04-18T01:14:31.000,15.01,7.68,29.67,16.64,20.32,676257,-39.06,10.0,0.786
2025-04-18T01:15:31.000,15.06,7.22,25.19,16.82,20.32,676258,-39.01,10.0,0.786
2025-04-18T01:16:31.000,15.09,7.71,26.41,16.77,20.32,676259,-38.96,10.0,0.785
2025-04-18T01:17:31.000,15.11,7.7,30.36,16.62,20.32,676260,-38.91,10.0,0.785
2025-04-18T01:18:31.000,15.09,6.96,21.79,16.98,20.32,676261,-38.85,10.0,0.785
2025-04-18T01:19:31.000,15.12,7.0,21.7,16.98,20.32,676262,-38.8,11.0,0.785
2025-04-18T01:20:31.000,15.14,7.01,23.79,16.88,20.32,676263,-38.74,11.0,0.785
2025-04-18T01:21:32.000,15.12,6.72,24.35,16.85,20.32,676264,-38.68,11.0,0.785
2025-04-18T01:22:32.000,15.15,6.69,22.87,16.92,20.32,676265,-38.63,11.0,0.785
2025-04-18T01:23:32.000,15.19,6.79,22.7,16.93,20.32,676266,-38.57,11.0,0.785
2025-04-18T01:24:32.000,15.2,6.37,23.13,16.91,20.32,676267,-38.51,11.0,0.785
2025-04-18T01:25:32.000,15.16,6.15,19.25,17.12,20.32,676268,-38.44,11.0,0.785
2025-04-18T01:26:33.000,15.18,7.11,36.09,16.44,20.32,676269,-38.38,11.0,0.785
2025-04-18T01:27:33.000,15.17,8.25,48.72,16.1,20.32,676270,-38.32,12.0,0.785
2025-04-18T01:28:33.000,15.18,7.76,36.85,16.42,20.32,676271,-38.25,12.0,0.785
2025-04-18T01:29:33.000,15.17,6.79,23.72,16.88,20.32,676272,-38.19,12.0,0.785
2025-04-18T01:30:33.000,15.18,6.82,29.82,16.64,20.32,676273,-38.12,12.0,0.785
2025-04-18T01:31:33.000,15.21,7.29,25.15,16.82,20.32,676274,-38.06,12.0,0.785
2025-04-18T01:32:33.000,15.19,8.36,32.77,16.53,20.32,676275,-37.99,12.0,0.785
2025-04-18T01:33:33.000,15.28,9.12,33.96,16.49,20.32,676276,-37.92,12.0,0.785
2025-04-18T01:34:33.000,15.31,8.52,31.73,16.57,20.32,676277,-37.85,12.0,0.784
2025-04-18T01:35:34.000,15.29,7.68,30.0,16.63,20.32,676278,-37.78,12.0,0.784
2025-04-18T01:36:34.000,15.31,6.81,24.15,16.86,20.32,676279,-37.71,12.0,0.784
2025-04-18T01:37:34.000,15.26,5.25,22.7,16.94,20.32,676280,-37.64,13.0,0.784
2025-04-18T01:38:34.000,15.19,4.09,14.67,17.41,20.32,676281,-37.56,13.0,0.784
2025-04-18T01:39:34.000,15.15,5.53,18.5,17.18,20.32,676282,-37.49,13.0,0.784
2025-04-18T01:40:34.000,15.18,6.95,28.81,16.67,20.32,676283,-37.41,13.0,0.784
2025-04-18T01:41:35.000,15.2,6.73,23.23,16.91,20.32,676284,-37.33,13.0,0.784
2025-04-18T01:42:35.000,15.17,6.81,26.22,16.78,20.32,676285,-37.26,13.0,0.784
2025-04-18T01:43:35.000,15.18,8.26,35.88,16.44,20.32,676286,-37.18,13.0,0.784
2025-04-18T01:44:35.000,15.21,9.08,36.59,16.41,20.32,676287,-37.1,13.0,0.784
2025-04-18T01:46:41.000,15.3,8.94,34.25,16.49,20.32,676289,-36.93,14.0,0.784
2025-04-18T01:47:41.000,15.37,9.51,40.29,16.32,20.32,676290,-36.85,14.0,0.784
2025-04-18T01:48:41.000,15.42,10.12,52.16,16.03,20.32,676291,-36.77,14.0,0.784
2025-04-18T01:49:41.000,15.53,10.46,48.58,16.1,20.32,676292,-36.68,14.0,0.784
2025-04-18T01:50:41.000,15.59,10.22,46.85,16.14,20.32,676293,-36.6,14.0,0.784
2025-04-18T01:51:42.000,15.65,9.79,41.06,16.29,20.32,676294,-36.51,14.0,0.784
2025-04-18T01:52:42.000,15.69,9.6,38.71,16.35,20.32,676295,-36.43,14.0,0.783
2025-04-18T01:53:42.000,15.74,10.17,48.14,16.12,20.32,676296,-36.34,14.0,0.783
2025-04-18T01:54:43.000,15.82,11.05,60.91,15.86,20.32,676297,-36.25,14.0,0.783
2025-04-18T01:55:43.000,15.92,11.23,68.02,15.74,20.32,676298,-36.16,14.0,0.783
2025-04-18T01:56:43.000,16.02,11.18,61.8,15.85,20.32,676299,-36.07,15.0,0.783
2025-04-18T01:57:43.000,16.0,10.76,59.64,15.88,20.32,676300,-35.98,15.0,0.783
2025-04-18T01:58:43.000,15.92,10.9,69.98,15.71,20.32,676301,-35.89,15.0,0.783
2025-04-18T01:59:43.000,15.98,11.25,67.21,15.75,20.32,676302,-35.8,15.0,0.783
2025-04-18T02:00:43.000,15.99,10.91,69.57,15.71,20.32,676303,-35.7,15.0,0.783
2025-04-18T02:01:43.000,15.94,11.01,69.39,15.72,20.32,676304,-35.61,15.0,0.783
2025-04-18T02:02:44.000,15.98,11.12,71.84,15.68,20.32,676305,-35.51,15.0,0.783
2025-04-18T02:03:44.000,15.97,11.01,69.25,15.72,20.32,676306,-35.42,15.0,0.783
2025-04-18T02:04:44.000,15.99,11.05,70.89,15.69,20.32,676307,-35.32,15.0,0.783
2025-04-18T02:05:44.000,15.95,10.88,72.0,15.68,20.32,676308,-35.22,15.0,0.783
2025-04-18T02:06:45.000,15.96,11.1,75.69,15.62,20.32,676309,-35.12,15.0,0.783
2025-04-18T02:07:45.000,15.98,11.03,73.09,15.66,20.32,676310,-35.03,16.0,0.783
2025-04-18T02:08:45.000,15.97,10.92,73.02,15.66,20.32,676311,-34.93,16.0,0.783
2025-04-18T02:09:46.000,15.93,10.9,70.81,15.69,20.32,676312,-34.82,16.0,0.783
2025-04-18T02:10:46.000,15.93,10.84,65.73,15.78,20.32,676313,-34.72,16.0,0.782
2025-04-18T02:11:46.000,15.92,10.99,70.86,15.69,20.32,676314,-34.62,16.0,0.782
2025-04-18T02:12:46.000,15.92,10.89,72.02,15.68,20.32,676315,-34.52,16.0,0.782
2025-04-18T02:14:52.000,15.81,10.62,71.47,15.69,20.32,676317,-34.3,16.0,0.782
2025-04-18T02:15:52.000,15.85,11.04,78.09,15.59,20.32,676318,-34.19,16.0,0.782
2025-04-18T02:16:52.000,15.96,11.1,85.14,15.5,20.32,676319,-34.09,16.0,0.782
2025-04-18T02:17:53.000,15.99,10.97,83.55,15.52,20.32,676320,-33.98,16.0,0.782
2025-04-18T02:18:53.000,15.99,10.92,84.02,15.51,20.32,676321,-33.87,17.0,0.782
2025-04-18T02:19:53.000,15.95,10.74,78.93,15.58,20.32,676322,-33.76,17.0,0.782
2025-04-18T02:20:53.000,15.92,10.74,73.0,15.66,20.32,676323,-33.66,17.0,0.782
2025-04-18T02:21:53.000,15.88,10.76,83.21,15.52,20.32,676324,-33.55,17.0,0.782
2025-04-18T02:22:53.000,15.88,10.86,77.95,15.59,20.32,676325,-33.44,17.0,0.782
2025-04-18T02:23:53.000,15.93,10.93,80.84,15.55,20.32,676326,-33.32,17.0,0.782
2025-04-18T02:24:53.000,15.94,10.84,72.67,15.67,20.32,676327,-33.21,17.0,0.782
2025-04-18T02:25:53.000,15.94,10.7,62.85,15.83,20.32,676328,-33.1,17.0,0.782
2025-04-18T02:26:54.000,15.91,10.82,79.96,15.56,20.32,676329,-32.98,17.0,0.782
2025-04-18T02:27:54.000,15.95,10.96,73.18,15.66,20.32,676330,-32.87,17.0,0.781
2025-04-18T02:28:54.000,15.97,10.78,68.18,15.74,20.32,676331,-32.76,17.0,0.781
2025-04-18T02:29:55.000,15.95,10.8,67.73,15.74,20.32,676332,-32.64,17.0,0.781
2025-04-18T02:30:55.000,15.92,10.76,75.86,15.62,20.32,676333,-32.52,17.0,0.781
2025-04-18T02:31:55.000,15.93,10.87,76.09,15.62,20.32,676334,-32.4,18.0,0.781
2025-04-18T02:32:55.000,15.93,10.8,85.66,15.49,20.32,676335,-32.29,18.0,0.781
2025-04-18T02:33:55.000,15.9,10.72,84.41,15.5,20.32,676336,-32.17,18.0,0.781
2025-04-18T02:34:55.000,15.87,10.77,82.99,15.52,20.32,676337,-32.05,18.0,0.781
2025-04-18T02:35:55.000,15.83,10.69,82.54,15.53,20.32,676338,-31.93,18.0,0.781
2025-04-18T02:36:55.000,15.81,10.69,89.82,15.44,20.32,676339,-31.81,18.0,0.781
2025-04-18T02:37:56.000,15.81,10.76,90.8,15.43,20.32,676340,-31.69,18.0,0.781
2025-04-18T02:38:56.000,15.8,10.77,89.98,15.44,20.32,676341,-31.56,18.0,0.781
2025-04-18T02:39:56.000,15.8,10.76,91.86,15.41,20.32,676342,-31.44,18.0,0.781
2025-04-18T02:40:56.000,15.8,10.79,83.89,15.51,20.32,676343,-31.32,18.0,0.781
2025-04-18T02:41:56.000,15.79,10.71,88.39,15.46,20.32,676344,-31.2,18.0,0.781
2025-04-18T02:42:57.000,15.79,10.8,91.22,15.42,20.32,676345,-31.07,18.0,0.781
2025-04-18T02:43:57.000,15.77,10.59,83.55,15.52,20.32,676346,-30.94,18.0,0.781
2025-04-18T02:44:57.000,15.68,10.49,76.66,15.61,20.32,676347,-30.82,19.0,0.781
