ecsv/stars747/stars747_2025-04.ecsv
# %ECSV 1.0
# ---
# datatype:
# - {name: time, datatype: string}
# - {name: Enclosure Temperature, unit: deg_C, datatype: float64}
# - {name: Sky Temperature, unit: deg_C, datatype: float64}
# - {name: Frequency, unit: Hz, datatype: float64}
# - {name: MSAS, unit: mag / arcsec2, datatype: float64}
# - {name: ZP, datatype: float64}
# - {name: Sequence Number, datatype: int64}
# - {name: Sun Alt, unit: deg, datatype: float64}
# - {name: Moon Alt, unit: deg, datatype: float64}
# - {name: Moon Illumination, datatype: float64}
# delimiter: ','
# meta: !!omap
# - ida:
#     Data supplier: {affiliation: null, observer: "Diego Rodr\xEDguez"}
#     Device type: TESS-W
#     Field of view: 17.0
#     Filters per channel: None
#     Instrument ID: stars747
#     License: ODbL 1.0 http://opendatacommons.org/licenses/odbl/summary/
#     Local timezone: Europe/Madrid
#     Location name: {country: Spain, place: "Escuela de Ingenier\xEDas Industriales de la Universidad de Extremadura", region: null,
#       sub_region: null, town: Badajoz}
#     Measurement direction per channel: {azimuth: 0.0, zenital: 0.0}
#     Moving / Fixed look direction: FIXED
#     Moving / Stationary position: STATIONARY
#     Number of channels: 1
#     Number of fields per line: 8
#     Number of header lines: 35
#     Position: {height: 0.0, latitude: 38.8839498, longitude: -7.0043499}
#     TESS MAC address: E8:DB:84:82:EE:C6
#     TESS cover offset value: 0.0
#     TESS firmware version: '1.0'
#     TESS zero point: 20.32
#     Time Synchronization: timestamp added by MQTT subscriber
#     URL: http://www.darksky.org/NSBM/sdf1.0.pdf
# - __serialized_columns__:
#     Enclosure Temperature:
#       __class__: astropy.units.quantity.Quantity
#       unit: &id001 !astropy.units.Unit {unit: deg_C}
#       value: !astropy.table.SerializedColumn {name: Enclosure Temperature}
#     Frequency:
#       __class__: astropy.units.quantity.Quantity
#       unit: !astropy.units.Unit {unit: Hz}
#       value: !astropy.table.SerializedColumn {name: Frequency}
#     MSAS:
#       __class__: astropy.units.quantity.Quantity
#       unit: !astropy.units.Unit {unit: mag / arcsec2}
#       value: !astropy.table.SerializedColumn {name: MSAS}
#     Moon Alt:
#       __class__: astropy.units.quantity.Quantity
#       unit: &id002 !astropy.units.Unit {unit: deg}
#       value: !astropy.table.SerializedColumn {name: Moon Alt}
#     Sky Temperature:
#       __class__: astropy.units.quantity.Quantity
#       unit: *id001
#       value: !astropy.table.SerializedColumn {name: Sky Temperature}
#     Sun Alt:
#       __class__: astropy.units.quantity.Quantity
#       unit: *id002
#       value: !astropy.table.SerializedColumn {name: Sun Alt}
#     time:
#       __class__: astropy.time.core.Time
#       format: isot
#       in_subfmt: '*'
#       out_subfmt: '*'
#       precision: 3
#       scale: utc
#       value: !astropy.table.SerializedColumn {name: time}
# schema: astropy-2.0
time,Enclosure Temperature,Sky Temperature,Frequency,MSAS,ZP,Sequence Number,Sun Alt,Moon Alt,Moon Illumination
[from data line 14391]
2025-04-22T04:17:48.000,11.94,3.32,23.51,16.89,20.32,682179,-15.77,14.0,0.384
2025-04-22T04:18:48.000,11.91,2.67,17.74,17.2,20.32,682180,-15.6,14.0,0.384
2025-04-22T04:19:48.000,11.9,2.45,15.71,17.33,20.32,682181,-15.43,14.0,0.384
2025-04-22T04:20:49.000,11.89,2.17,15.73,17.33,20.32,682182,-15.26,14.0,0.384
2025-04-22T04:21:49.000,11.84,1.91,16.41,17.28,20.32,682183,-15.09,14.0,0.383
2025-04-22T04:22:49.000,11.83,1.89,15.67,17.33,20.32,682184,-14.92,14.0,0.383
2025-04-22T04:23:49.000,11.83,1.68,15.65,17.33,20.32,682185,-14.75,14.0,0.383
2025-04-22T04:24:49.000,11.8,1.6,19.66,17.09,20.32,682186,-14.58,15.0,0.383
2025-04-22T04:25:49.000,11.79,1.41,21.93,16.97,20.32,682187,-14.41,15.0,0.383
2025-04-22T04:26:49.000,11.77,0.84,21.11,17.01,20.32,682188,-14.24,15.0,0.383
2025-04-22T04:27:50.000,11.74,0.33,18.71,17.14,20.32,682189,-14.07,15.0,0.383
2025-04-22T04:28:50.000,11.7,-0.32,15.12,17.37,20.32,682190,-13.9,15.0,0.383
2025-04-22T04:29:50.000,11.65,-0.49,13.29,17.51,20.32,682191,-13.73,15.0,0.383
2025-04-22T04:30:50.000,11.62,-0.57,16.36,17.29,20.32,682192,-13.56,15.0,0.383
2025-04-22T04:31:50.000,11.59,-0.72,19.63,17.09,20.32,682193,-13.39,16.0,0.383
2025-04-22T04:32:50.000,11.55,-1.22,16.83,17.26,20.32,682194,-13.21,16.0,0.383
2025-04-22T04:33:51.000,11.51,-1.93,11.44,17.68,20.32,682195,-13.04,16.0,0.383
2025-04-22T04:34:51.000,11.45,-2.65,11.84,17.64,20.32,682196,-12.87,16.0,0.383
2025-04-22T04:35:51.000,11.38,-3.32,12.81,17.55,20.32,682197,-12.69,16.0,0.382
2025-04-22T04:36:51.000,11.31,-4.07,9.95,17.83,20.32,682198,-12.52,16.0,0.382
2025-04-22T04:37:51.000,11.22,-4.74,8.32,18.02,20.32,682199,-12.35,16.0,0.382
2025-04-22T04:38:51.000,11.18,-5.14,8.55,17.99,20.32,682200,-12.18,17.0,0.382
2025-04-22T04:39:51.000,11.11,-5.74,8.36,18.02,20.32,682201,-12.0,17.0,0.382
2025-04-22T04:40:52.000,11.04,-6.08,7.25,18.17,20.32,682202,-11.82,17.0,0.382
2025-04-22T04:41:52.000,10.97,-6.37,7.51,18.13,20.32,682203,-11.65,17.0,0.382
2025-04-22T04:42:52.000,10.92,-6.51,7.46,18.14,20.32,682204,-11.48,17.0,0.382
2025-04-22T04:43:52.000,10.85,-6.68,7.35,18.15,20.32,682205,-11.3,17.0,0.382
2025-04-22T04:44:52.000,10.79,-6.69,7.65,18.11,20.32,682206,-11.13,17.0,0.382
2025-04-22T04:45:52.000,10.75,-6.66,7.87,18.08,20.32,682207,-10.95,17.0,0.382
2025-04-22T04:46:53.000,10.7,-6.85,8.35,18.02,20.32,682208,-10.77,18.0,0.382
2025-04-22T04:47:53.000,10.65,-6.96,9.02,17.93,20.32,682209,-10.6,18.0,0.382
2025-04-22T04:48:53.000,10.58,-7.12,9.72,17.85,20.32,682210,-10.42,18.0,0.382
2025-04-22T04:49:53.000,10.53,-7.19,10.47,17.77,20.32,682211,-10.24,18.0,0.381
2025-04-22T04:50:53.000,10.49,-7.18,11.35,17.68,20.32,682212,-10.07,18.0,0.381
2025-04-22T04:51:53.000,10.46,-7.16,12.61,17.57,20.32,682213,-9.89,18.0,0.381
2025-04-22T04:52:53.000,10.41,-7.29,14.15,17.44,20.32,682214,-9.71,18.0,0.381
2025-04-22T04:53:54.000,10.36,-7.48,15.74,17.33,20.32,682215,-9.53,19.0,0.381
2025-04-22T04:54:54.000,10.33,-7.62,17.56,17.21,20.32,682216,-9.35,19.0,0.381
2025-04-22T04:55:54.000,10.3,-7.72,19.65,17.09,20.32,682217,-9.18,19.0,0.381
2025-04-22T04:56:54.000,10.27,-7.83,22.17,16.96,20.32,682218,-9.0,19.0,0.381
2025-04-22T04:57:54.000,10.24,-7.89,25.45,16.81,20.32,682219,-8.82,19.0,0.381
2025-04-22T04:58:55.000,10.23,-7.81,29.22,16.66,20.32,682220,-8.64,19.0,0.381
2025-04-22T04:59:55.000,10.22,-7.56,33.72,16.5,20.32,682221,-8.46,19.0,0.381
2025-04-22T05:00:55.000,10.21,-7.22,39.56,16.33,20.32,682222,-8.28,19.0,0.381
2025-04-22T05:01:55.000,10.2,-6.9,46.64,16.15,20.32,682223,-8.1,20.0,0.381
2025-04-22T05:02:56.000,10.2,-6.53,59.12,15.89,20.32,682224,-7.92,20.0,0.38
2025-04-22T05:03:56.000,10.2,-6.33,75.02,15.63,20.32,682225,-7.74,20.0,0.38
2025-04-22T05:04:56.000,10.2,-6.27,92.02,15.41,20.32,682226,-7.56,20.0,0.38
2025-04-22T05:05:56.000,10.22,-6.32,108.43,15.23,20.32,682227,-7.38,20.0,0.38
2025-04-22T05:06:57.000,10.24,-6.37,131.44,15.03,20.32,682228,-7.2,20.0,0.38
2025-04-22T05:07:57.000,10.24,-6.32,165.57,14.78,20.32,682229,-7.02,20.0,0.38
2025-04-22T05:08:57.000,10.24,-6.1,209.84,14.52,20.32,682230,-6.84,20.0,0.38
2025-04-22T05:09:57.000,10.24,-5.89,264.4,14.27,20.32,682231,-6.65,21.0,0.38
2025-04-22T05:10:57.000,10.25,-5.66,334.67,14.01,20.32,682232,-6.47,21.0,0.38
2025-04-22T05:11:57.000,10.27,-5.37,413.75,13.78,20.32,682233,-6.29,21.0,0.38
2025-04-22T05:12:57.000,10.29,-5.09,522.76,13.53,20.32,682234,-6.11,21.0,0.38
2025-04-22T05:13:57.000,10.29,-4.76,698.84,13.21,20.32,682235,-5.93,21.0,0.38
2025-04-22T05:14:58.000,10.29,-4.46,923.44,12.91,20.32,682236,-5.74,21.0,0.38
2025-04-22T05:15:58.000,10.29,-4.28,1130.07,12.69,20.32,682237,-5.56,21.0,0.38
2025-04-22T05:16:58.000,10.28,-4.12,1375.8,12.48,20.32,682238,-5.38,21.0,0.379
2025-04-22T05:17:58.000,10.28,-3.85,1702.38,12.24,20.32,682239,-5.2,22.0,0.379
2025-04-22T05:18:59.000,10.3,-3.48,2079.38,12.03,20.32,682240,-5.01,22.0,0.379
2025-04-22T05:19:59.000,10.31,-3.25,2546.36,11.81,20.32,682241,-4.83,22.0,0.379
2025-04-22T05:20:59.000,10.3,-3.24,3248.78,11.54,20.32,682242,-4.65,22.0,0.379
2025-04-22T05:21:59.000,10.29,-3.38,4315.08,11.24,20.32,682243,-4.46,22.0,0.379
2025-04-22T05:23:00.000,10.26,-3.87,5584.11,10.96,20.32,682244,-4.28,22.0,0.379
2025-04-22T05:24:00.000,10.25,-4.6,7109.22,10.69,20.32,682245,-4.09,22.0,0.379
2025-04-22T05:25:00.000,10.21,-5.64,8830.22,10.46,20.32,682246,-3.91,22.0,0.379
2025-04-22T05:26:00.000,10.15,-6.53,10380.11,10.28,20.32,682247,-3.72,22.0,0.379
2025-04-22T05:27:00.000,10.09,-7.17,12004.73,10.12,20.32,682248,-3.54,23.0,0.379
2025-04-22T05:28:00.000,10.04,-7.73,14230.88,9.94,20.32,682249,-3.36,23.0,0.379
2025-04-22T05:29:00.000,9.97,-8.13,17248.66,9.73,20.32,682250,-3.17,23.0,0.379
2025-04-22T05:30:00.000,9.92,-8.36,20909.33,9.52,20.32,682251,-2.99,23.0,0.379
2025-04-22T05:31:01.000,9.88,-8.59,25023.84,9.4,20.32,682252,-2.8,23.0,0.378
2025-04-22T05:32:01.000,9.84,-8.83,30435.62,9.11,20.32,682253,-2.61,23.0,0.378
2025-04-22T05:33:01.000,9.81,-8.94,38088.6,8.87,20.32,682254,-2.43,23.0,0.378
2025-04-22T05:34:01.000,9.77,-9.04,49009.87,8.6,20.32,682255,-2.24,23.0,0.378
2025-04-22T05:35:01.000,9.74,-9.09,58170.65,8.41,20.32,682256,-2.06,24.0,0.378
2025-04-22T05:36:01.000,9.69,-9.12,61765.22,8.34,20.32,682257,-1.87,24.0,0.378
2025-04-22T05:37:02.000,9.66,-9.11,53352.71,1.94,20.32,682258,-1.68,24.0,0.378
2025-04-22T05:38:02.000,9.64,-9.11,50000.0,0.0,20.32,682259,-1.5,24.0,0.378
2025-04-22T05:39:02.000,9.61,-9.12,50000.0,0.0,20.32,682260,-1.31,24.0,0.378
2025-04-22T05:40:02.000,9.59,-9.15,50000.0,0.0,20.32,682261,-1.12,24.0,0.378
2025-04-22T05:41:03.000,9.57,-9.12,50000.0,0.0,20.32,682262,-0.93,24.0,0.378
2025-04-22T05:42:03.000,9.55,-9.12,49444.55,0.2,20.32,682263,-0.75,24.0,0.378
2025-04-22T05:43:03.000,9.53,-9.03,50000.0,0.0,20.32,682264,-0.56,24.0,0.378
2025-04-22T05:44:03.000,9.51,-9.1,50000.0,0.0,20.32,682265,-0.37,24.0,0.377
2025-04-22T05:45:03.000,9.5,-9.09,50000.0,0.0,20.32,682266,-0.19,25.0,0.377
2025-04-22T08:30:33.000,19.76,-4.45,50000.0,0.0,20.32,682431,31.73,31.0,0.365
2025-04-22T08:31:33.000,20.05,-3.66,50000.0,0.0,20.32,682432,31.92,31.0,0.365
2025-04-22T08:32:34.000,20.35,-4.23,50000.0,0.0,20.32,682433,32.11,31.0,0.365
2025-04-22T08:34:33.000,20.98,-3.64,50000.0,0.0,20.32,682435,32.49,31.0,0.365
2025-04-22T08:35:33.000,21.31,-3.15,50000.0,0.0,20.32,682436,32.68,31.0,0.365
2025-04-22T08:36:34.000,21.85,-2.22,50000.0,0.0,20.32,682437,32.88,31.0,0.365
2025-04-22T08:48:36.000,22.94,-3.16,50000.0,0.0,20.32,682449,35.17,30.0,0.364
2025-04-22T08:49:36.000,22.94,-3.22,50000.0,0.0,20.32,682450,35.36,30.0,0.364
2025-04-22T08:50:36.000,22.83,-4.39,50000.0,0.0,20.32,682451,35.55,30.0,0.364
2025-04-22T09:05:32.000,23.43,-1.91,50000.0,0.0,20.32,682465,38.35,30.0,0.363
2025-04-22T09:06:32.000,23.64,-2.79,50000.0,0.0,20.32,682466,38.54,29.0,0.363
2025-04-22T09:07:32.000,23.48,-3.12,50000.0,0.0,20.32,682467,38.73,29.0,0.363
2025-04-22T09:14:33.000,23.42,-3.09,50000.0,0.0,20.32,682474,40.03,29.0,0.362
2025-04-22T09:15:33.000,23.2,-3.06,50000.0,0.0,20.32,682475,40.21,29.0,0.362
2025-04-22T09:16:34.000,23.27,-2.42,50000.0,0.0,20.32,682476,40.4,29.0,0.362
2025-04-22T09:18:34.000,23.25,-2.94,50000.0,0.0,20.32,682478,40.77,29.0,0.362
2025-04-22T09:19:34.000,23.13,-2.98,50000.0,0.0,20.32,682479,40.95,29.0,0.362
2025-04-22T09:20:35.000,23.09,-2.71,50000.0,0.0,20.32,682480,41.14,29.0,0.362
2025-04-22T18:54:21.000,19.32,-1.57,50000.0,0.0,20.32,683052,2.47,-62.0,0.32
2025-04-22T18:55:22.000,19.27,-1.56,50000.0,0.0,20.32,683053,2.28,-62.0,0.32
2025-04-22T18:56:22.000,19.19,-1.64,50000.0,0.0,20.32,683054,2.09,-62.0,0.32
2025-04-22T18:57:22.000,19.13,-1.66,49731.29,0.09,20.32,683055,1.9,-62.0,0.32
2025-04-22T18:58:23.000,19.08,-1.67,50000.0,0.0,20.32,683056,1.71,-62.0,0.32
2025-04-22T18:59:23.000,19.01,-1.68,50000.0,0.0,20.32,683057,1.52,-62.0,0.32
2025-04-22T19:00:23.000,18.96,-1.67,49716.17,0.09,20.32,683058,1.33,-63.0,0.32
2025-04-22T19:01:23.000,18.91,-1.72,49707.82,0.1,20.32,683059,1.14,-63.0,0.32
2025-04-22T19:02:23.000,18.85,-1.71,50000.0,0.0,20.32,683060,0.96,-63.0,0.319
2025-04-22T19:03:23.000,18.8,-1.67,50000.0,0.0,20.32,683061,0.77,-63.0,0.319
2025-04-22T19:04:23.000,18.75,-1.69,50000.0,0.0,20.32,683062,0.58,-63.0,0.319
2025-04-22T19:15:26.000,18.05,-1.93,50000.0,0.0,20.32,683073,-1.48,-64.0,0.319
2025-04-22T19:16:26.000,17.98,-1.9,50000.0,0.0,20.32,683074,-1.66,-64.0,0.318
2025-04-22T19:17:26.000,17.91,-1.93,50000.0,0.0,20.32,683075,-1.85,-64.0,0.318
2025-04-22T19:18:26.000,17.85,-1.97,53205.07,2.47,20.32,683076,-2.03,-65.0,0.318
2025-04-22T19:19:26.000,17.77,-2.03,57941.23,8.41,20.32,683077,-2.22,-65.0,0.318
2025-04-22T19:20:26.000,17.68,-2.02,49589.84,8.58,20.32,683078,-2.4,-65.0,0.318
2025-04-22T19:21:27.000,17.6,-2.06,42050.25,8.76,20.32,683079,-2.59,-65.0,0.318
2025-04-22T19:22:27.000,17.5,-2.05,35383.57,8.95,20.32,683080,-2.78,-65.0,0.318
2025-04-22T19:23:27.000,17.43,-2.02,29628.47,9.14,20.32,683081,-2.96,-65.0,0.318
2025-04-22T19:24:27.000,17.36,-2.01,24099.85,9.51,20.32,683082,-3.15,-65.0,0.318
2025-04-22T19:25:28.000,17.29,-2.0,20323.31,9.55,20.32,683083,-3.33,-65.0,0.318
2025-04-22T19:26:28.000,17.23,-2.02,16639.07,9.77,20.32,683084,-3.52,-65.0,0.318
2025-04-22T19:27:28.000,17.17,-2.02,13586.7,9.99,20.32,683085,-3.7,-65.0,0.318
2025-04-22T19:28:28.000,17.11,-1.99,11069.24,10.21,20.32,683086,-3.88,-65.0,0.318
2025-04-22T19:29:28.000,17.07,-2.02,8991.67,10.44,20.32,683087,-4.07,-65.0,0.317
2025-04-22T19:30:28.000,17.02,-2.11,7293.66,10.66,20.32,683088,-4.25,-66.0,0.317
2025-04-22T19:31:29.000,16.95,-2.11,5902.16,10.89,20.32,683089,-4.44,-66.0,0.317
2025-04-22T19:32:29.000,16.87,-2.11,4745.49,11.13,20.32,683090,-4.62,-66.0,0.317
2025-04-22T19:33:29.000,16.8,-2.15,3802.58,11.37,20.32,683091,-4.8,-66.0,0.317
2025-04-22T19:34:29.000,16.74,-2.13,3049.42,11.61,20.32,683092,-4.98,-66.0,0.317
2025-04-22T19:35:30.000,16.66,-2.19,2439.03,11.85,20.32,683093,-5.17,-66.0,0.317
2025-04-22T19:36:30.000,16.6,-2.22,1950.94,12.1,20.32,683094,-5.35,-66.0,0.317
2025-04-22T19:37:30.000,16.55,-2.19,1564.09,12.34,20.32,683095,-5.53,-66.0,0.317
2025-04-22T19:38:31.000,16.51,-2.17,1251.34,12.58,20.32,683096,-5.72,-66.0,0.317
2025-04-22T19:39:31.000,16.47,-2.12,1001.48,12.82,20.32,683097,-5.9,-66.0,0.317
2025-04-22T19:40:31.000,16.45,-2.17,803.15,13.06,20.32,683098,-6.08,-66.0,0.317
2025-04-22T19:41:31.000,16.43,-2.21,642.47,13.3,20.32,683099,-6.26,-66.0,0.317
2025-04-22T19:42:31.000,16.4,-2.25,512.53,13.55,20.32,683100,-6.44,-66.0,0.317
2025-04-22T19:43:31.000,16.39,-2.22,408.99,13.79,20.32,683101,-6.62,-66.0,0.316
2025-04-22T19:44:32.000,16.36,-2.25,326.97,14.04,20.32,683102,-6.81,-66.0,0.316
2025-04-22T19:45:32.000,16.32,-2.26,261.91,14.28,20.32,683103,-6.99,-67.0,0.316
2025-04-22T19:46:32.000,16.26,-2.28,210.47,14.51,20.32,683104,-7.16,-67.0,0.316
2025-04-22T19:47:32.000,16.21,-2.28,170.18,14.74,20.32,683105,-7.34,-67.0,0.316
2025-04-22T19:48:32.000,16.17,-2.33,138.07,14.97,20.32,683106,-7.52,-67.0,0.316
2025-04-22T19:49:33.000,16.12,-2.37,112.58,15.19,20.32,683107,-7.71,-67.0,0.316
2025-04-22T19:50:33.000,16.08,-2.38,92.57,15.41,20.32,683108,-7.89,-67.0,0.316
2025-04-22T19:51:33.000,16.04,-2.37,76.55,15.61,20.32,683109,-8.06,-67.0,0.316
2025-04-22T19:52:33.000,16.04,-2.3,63.93,15.81,20.32,683110,-8.24,-67.0,0.316
2025-04-22T19:53:33.000,16.03,-2.36,53.07,16.01,20.32,683111,-8.42,-67.0,0.316
2025-04-22T19:54:33.000,16.02,-2.36,45.34,16.18,20.32,683112,-8.6,-67.0,0.316
2025-04-22T19:55:34.000,16.03,-2.29,38.5,16.36,20.32,683113,-8.78,-67.0,0.316
2025-04-22T19:56:34.000,16.04,-2.36,33.15,16.52,20.32,683114,-8.96,-67.0,0.316
2025-04-22T19:57:34.000,16.04,-2.44,28.56,16.68,20.32,683115,-9.13,-67.0,0.315
2025-04-22T19:58:34.000,16.01,-2.55,24.67,16.84,20.32,683116,-9.31,-67.0,0.315
2025-04-22T19:59:34.000,15.96,-2.64,21.68,16.98,20.32,683117,-9.49,-67.0,0.315
2025-04-22T20:00:34.000,15.92,-2.58,19.14,17.12,20.32,683118,-9.67,-67.0,0.315
2025-04-22T20:01:35.000,15.88,-2.51,16.88,17.25,20.32,683119,-9.85,-67.0,0.315
2025-04-22T20:02:35.000,15.86,-2.44,15.06,17.38,20.32,683120,-10.02,-67.0,0.315
2025-04-22T20:03:35.000,15.88,-2.46,13.63,17.48,20.32,683121,-10.2,-67.0,0.315
2025-04-22T20:04:36.000,15.89,-2.51,12.27,17.6,20.32,683122,-10.38,-67.0,0.315
2025-04-22T20:05:36.000,15.88,-2.57,11.15,17.7,20.32,683123,-10.55,-67.0,0.315
2025-04-22T20:06:36.000,15.83,-2.62,10.26,17.79,20.32,683124,-10.73,-67.0,0.315
2025-04-22T20:07:36.000,15.78,-2.55,9.49,17.88,20.32,683125,-10.9,-67.0,0.315
2025-04-22T20:08:36.000,15.76,-2.36,8.85,17.95,20.32,683126,-11.08,-67.0,0.315
2025-04-22T20:09:36.000,15.77,-2.47,8.32,18.02,20.32,683127,-11.25,-67.0,0.315
2025-04-22T20:10:36.000,15.77,-2.54,7.84,18.08,20.32,683128,-11.42,-67.0,0.315
2025-04-22T20:11:36.000,15.77,-2.61,7.44,18.14,20.32,683129,-11.6,-67.0,0.314
2025-04-22T20:12:36.000,15.74,-2.72,7.07,18.2,20.32,683130,-11.77,-67.0,0.314
2025-04-22T20:13:36.000,15.72,-2.77,6.82,18.24,20.32,683131,-11.95,-67.0,0.314
2025-04-22T20:14:37.000,15.67,-2.72,6.61,18.27,20.32,683132,-12.12,-67.0,0.314
2025-04-22T20:15:37.000,15.64,-2.7,6.38,18.31,20.32,683133,-12.29,-67.0,0.314
2025-04-22T20:16:37.000,15.64,-2.64,6.22,18.34,20.32,683134,-12.47,-67.0,0.314
2025-04-22T20:17:37.000,15.64,-2.73,6.06,18.36,20.32,683135,-12.64,-67.0,0.314
2025-04-22T20:18:37.000,15.62,-2.89,5.92,18.39,20.32,683136,-12.81,-67.0,0.314
2025-04-22T20:19:37.000,15.53,-3.21,5.77,18.42,20.32,683137,-12.98,-67.0,0.314
2025-04-22T20:20:38.000,15.4,-3.24,5.67,18.44,20.32,683138,-13.16,-67.0,0.314
2025-04-22T20:21:38.000,15.31,-3.17,5.59,18.45,20.32,683139,-13.33,-67.0,0.314
2025-04-22T20:22:38.000,15.22,-3.17,5.51,18.47,20.32,683140,-13.5,-67.0,0.314
2025-04-22T20:23:38.000,15.13,-3.19,5.46,18.48,20.32,683141,-13.67,-67.0,0.314
2025-04-22T20:24:38.000,15.07,-3.26,5.42,18.49,20.32,683142,-13.84,-67.0,0.314
2025-04-22T20:25:38.000,14.99,-3.28,5.38,18.49,20.32,683143,-14.01,-67.0,0.313
2025-04-22T20:26:38.000,14.9,-3.41,5.34,18.5,20.32,683144,-14.18,-67.0,0.313
2025-04-22T20:27:38.000,14.82,-3.59,5.31,18.51,20.32,683145,-14.35,-67.0,0.313
2025-04-22T20:28:38.000,14.72,-3.68,5.25,18.52,20.32,683146,-14.52,-67.0,0.313
2025-04-22T20:29:38.000,14.69,-3.39,5.19,18.53,20.32,683147,-14.69,-67.0,0.313
2025-04-22T20:30:39.000,14.67,-3.44,5.11,18.55,20.32,683148,-14.86,-67.0,0.313
2025-04-22T20:31:39.000,14.66,-3.49,5.05,18.56,20.32,683149,-15.02,-67.0,0.313
2025-04-22T20:32:39.000,14.63,-3.49,5.04,18.56,20.32,683150,-15.19,-67.0,0.313
2025-04-22T20:33:39.000,14.57,-3.41,5.02,18.57,20.32,683151,-15.36,-67.0,0.313
2025-04-22T20:34:39.000,14.54,-3.34,5.0,18.57,20.32,683152,-15.53,-67.0,0.313
2025-04-22T20:35:39.000,14.51,-3.42,4.98,18.58,20.32,683153,-15.69,-67.0,0.313
2025-04-22T20:36:39.000,14.45,-3.54,4.98,18.58,20.32,683154,-15.86,-67.0,0.313
2025-04-22T20:37:40.000,14.37,-3.61,4.95,18.58,20.32,683155,-16.03,-67.0,0.313
2025-04-22T20:38:40.000,14.3,-3.61,4.94,18.59,20.32,683156,-16.2,-67.0,0.313
2025-04-22T20:39:40.000,14.23,-3.67,4.92,18.59,20.32,683157,-16.36,-67.0,0.312
2025-04-22T20:40:41.000,14.17,-3.74,4.92,18.59,20.32,683158,-16.53,-67.0,0.312
