ecsv/stars714/stars714_2025-04.ecsv
# %ECSV 1.0
# ---
# datatype:
# - {name: time, datatype: string}
# - {name: Enclosure Temperature, unit: deg_C, datatype: float64}
# - {name: Sky Temperature, unit: deg_C, datatype: float64}
# - {name: Frequency, unit: Hz, datatype: float64}
# - {name: MSAS, unit: mag / arcsec2, datatype: float64}
# - {name: ZP, datatype: float64}
# - {name: Sequence Number, datatype: int64}
# - {name: Sun Alt, unit: deg, datatype: float64}
# - {name: Moon Alt, unit: deg, datatype: float64}
# - {name: Moon Illumination, datatype: float64}
# delimiter: ','
# meta: !!omap
# - ida:
#     Data supplier: {affiliation: "Institut Alcarr\xE1s", observer: "Jos\xE9 Manuel P\xE9rez Redondo"}
#     Device type: TESS-W
#     Field of view: 17.0
#     Filters per channel: None
#     Instrument ID: stars714
#     License: ODbL 1.0 http://opendatacommons.org/licenses/odbl/summary/
#     Local timezone: Europe/Madrid
#     Location name: {country: Spain, place: "Institut d'Alcarr\xE0s", region: Catalonia, sub_region: "Segri\xE0", town: "Alcarr\xE0s"}
#     Measurement direction per channel: {azimuth: 0.0, zenital: 0.0}
#     Moving / Fixed look direction: FIXED
#     Moving / Stationary position: STATIONARY
#     Number of channels: 1
#     Number of fields per line: 8
#     Number of header lines: 35
#     Position: {height: 0.0, latitude: 41.561767, longitude: 0.5180167}
#     TESS MAC address: 24:A1:60:2F:98:C7
#     TESS cover offset value: 0.0
#     TESS firmware version: '1.0'
#     TESS zero point: 20.34
#     Time Synchronization: timestamp added by MQTT subscriber
#     URL: http://www.darksky.org/NSBM/sdf1.0.pdf
# - __serialized_columns__:
#     Enclosure Temperature:
#       __class__: astropy.units.quantity.Quantity
#       unit: &id001 !astropy.units.Unit {unit: deg_C}
#       value: !astropy.table.SerializedColumn {name: Enclosure Temperature}
#     Frequency:
#       __class__: astropy.units.quantity.Quantity
#       unit: !astropy.units.Unit {unit: Hz}
#       value: !astropy.table.SerializedColumn {name: Frequency}
#     MSAS:
#       __class__: astropy.units.quantity.Quantity
#       unit: !astropy.units.Unit {unit: mag / arcsec2}
#       value: !astropy.table.SerializedColumn {name: MSAS}
#     Moon Alt:
#       __class__: astropy.units.quantity.Quantity
#       unit: &id002 !astropy.units.Unit {unit: deg}
#       value: !astropy.table.SerializedColumn {name: Moon Alt}
#     Sky Temperature:
#       __class__: astropy.units.quantity.Quantity
#       unit: *id001
#       value: !astropy.table.SerializedColumn {name: Sky Temperature}
#     Sun Alt:
#       __class__: astropy.units.quantity.Quantity
#       unit: *id002
#       value: !astropy.table.SerializedColumn {name: Sun Alt}
#     time:
#       __class__: astropy.time.core.Time
#       format: isot
#       in_subfmt: '*'
#       out_subfmt: '*'
#       precision: 3
#       scale: utc
#       value: !astropy.table.SerializedColumn {name: time}
# schema: astropy-2.0
time,Enclosure Temperature,Sky Temperature,Frequency,MSAS,ZP,Sequence Number,Sun Alt,Moon Alt,Moon Illumination
[from data line 7837]
2025-04-12T04:24:13.000,10.18,-5.79,6.47,18.31,20.34,414852,-11.26,5.0,0.994
2025-04-12T04:25:13.000,10.1,-5.73,6.61,18.29,20.34,414853,-11.09,5.0,0.994
2025-04-12T04:26:13.000,9.98,-5.68,6.84,18.25,20.34,414854,-10.92,5.0,0.994
2025-04-12T04:27:14.000,10.04,-5.57,7.26,18.19,20.34,414855,-10.74,5.0,0.994
2025-04-12T04:28:14.000,10.14,-5.48,8.1,18.07,20.34,414856,-10.57,5.0,0.994
2025-04-12T04:29:14.000,10.07,-5.38,9.45,17.9,20.34,414857,-10.39,5.0,0.994
2025-04-12T04:30:14.000,9.98,-5.11,10.85,17.75,20.34,414858,-10.22,4.0,0.994
2025-04-12T04:31:14.000,10.08,-4.95,12.2,17.63,20.34,414859,-10.04,4.0,0.994
2025-04-12T04:32:14.000,10.15,-4.69,13.75,17.5,20.34,414860,-9.87,4.0,0.994
2025-04-12T04:33:14.000,10.07,-4.88,14.65,17.43,20.34,414861,-9.69,4.0,0.994
2025-04-12T04:34:14.000,9.95,-4.96,15.76,17.35,20.34,414862,-9.52,4.0,0.994
2025-04-12T04:35:14.000,10.08,-5.0,17.12,17.26,20.34,414863,-9.34,3.0,0.994
2025-04-12T04:36:15.000,10.19,-4.93,18.67,17.16,20.34,414864,-9.17,3.0,0.994
2025-04-12T04:37:15.000,10.15,-4.92,21.08,17.03,20.34,414865,-8.99,3.0,0.994
2025-04-12T04:38:15.000,10.05,-4.9,23.93,16.89,20.34,414866,-8.81,3.0,0.994
2025-04-12T04:39:15.000,9.96,-5.02,27.77,16.73,20.34,414867,-8.64,3.0,0.994
2025-04-12T04:40:15.000,10.08,-5.0,33.45,16.53,20.34,414868,-8.46,3.0,0.994
2025-04-12T04:41:15.000,10.17,-4.94,40.96,16.31,20.34,414869,-8.29,2.0,0.994
2025-04-12T04:42:15.000,10.11,-4.86,47.56,16.15,20.34,414870,-8.11,2.0,0.994
2025-04-12T04:43:15.000,9.97,-4.79,59.95,15.9,20.34,414871,-7.93,2.0,0.994
2025-04-12T04:44:16.000,10.04,-4.76,73.7,15.67,20.34,414872,-7.75,2.0,0.994
2025-04-12T04:45:16.000,10.12,-4.66,91.15,15.44,20.34,414873,-7.58,2.0,0.994
2025-04-12T04:46:16.000,10.07,-4.53,111.91,15.22,20.34,414874,-7.4,1.0,0.994
2025-04-12T04:47:16.000,9.98,-4.38,136.43,15.0,20.34,414875,-7.22,1.0,0.994
2025-04-12T04:48:16.000,10.05,-4.37,168.91,14.77,20.34,414876,-7.04,1.0,0.994
2025-04-12T04:49:17.000,10.16,-4.34,210.61,14.53,20.34,414877,-6.86,1.0,0.994
2025-04-12T04:50:17.000,10.12,-4.26,261.04,14.3,20.34,414878,-6.68,1.0,0.994
2025-04-12T04:51:18.000,10.01,-4.15,322.36,14.07,20.34,414879,-6.5,1.0,0.994
2025-04-12T04:52:18.000,9.99,-4.17,399.6,13.84,20.34,414880,-6.32,0.0,0.994
2025-04-12T04:53:19.000,10.15,-3.99,493.38,13.61,20.34,414881,-6.14,0.0,0.994
2025-04-12T04:54:19.000,10.22,-3.87,607.6,13.38,20.34,414882,-5.96,0.0,0.994
2025-04-12T04:55:20.000,10.17,-3.81,749.69,13.15,20.34,414883,-5.78,-0.0,0.994
2025-04-12T04:56:20.000,10.03,-3.85,931.78,12.92,20.34,414884,-5.6,-0.0,0.994
2025-04-12T04:57:21.000,9.99,-3.81,1162.56,12.68,20.34,414885,-5.42,-1.0,0.994
2025-04-12T04:58:21.000,10.12,-3.85,1422.89,12.46,20.34,414886,-5.24,-1.0,0.994
2025-04-12T04:59:22.000,10.11,-3.92,1742.53,12.24,20.34,414887,-5.06,-1.0,0.994
2025-04-12T05:00:22.000,10.04,-3.81,2169.04,12.0,20.34,414888,-4.88,-1.0,0.994
2025-04-12T05:01:22.000,9.99,-3.72,2703.64,11.76,20.34,414889,-4.7,-1.0,0.994
2025-04-12T05:02:23.000,10.13,-3.68,3337.51,11.53,20.34,414890,-4.52,-1.0,0.994
2025-04-12T05:03:23.000,10.15,-3.71,4105.04,11.31,20.34,414891,-4.34,-2.0,0.994
2025-04-12T05:04:24.000,10.08,-3.58,5039.22,11.09,20.34,414892,-4.15,-2.0,0.994
2025-04-12T05:05:24.000,9.98,-3.66,6202.6,10.86,20.34,414893,-3.97,-2.0,0.994
2025-04-12T05:06:25.000,10.08,-3.57,7674.02,10.63,20.34,414894,-3.79,-2.0,0.994
2025-04-12T05:07:25.000,10.19,-3.38,9453.82,10.4,20.34,414895,-3.61,-2.0,0.994
2025-04-12T05:08:26.000,10.18,-3.36,11591.96,10.18,20.34,414896,-3.42,-3.0,0.994
2025-04-12T05:09:26.000,10.1,-3.29,14354.02,9.95,20.34,414897,-3.24,-3.0,0.994
2025-04-12T05:10:26.000,9.98,-3.23,17774.71,9.72,20.34,414898,-3.06,-3.0,0.994
2025-04-12T05:11:27.000,9.87,-3.22,21749.8,9.5,20.34,414899,-2.88,-3.0,0.994
2025-04-12T05:12:27.000,9.75,-3.27,26245.84,9.29,20.34,414900,-2.7,-3.0,0.994
2025-04-12T05:13:28.000,9.66,-3.23,31115.67,9.11,20.34,414901,-2.51,-3.0,0.994
2025-04-12T05:14:28.000,9.6,-3.26,36199.69,9.03,20.34,414902,-2.33,-4.0,0.994
2025-04-12T05:15:29.000,9.49,-3.48,42960.93,8.76,20.34,414903,-2.15,-4.0,0.994
2025-04-12T05:16:29.000,9.4,-3.45,50063.75,8.59,20.34,414904,-1.96,-4.0,0.994
2025-04-12T05:17:30.000,9.37,-3.44,57217.22,8.45,20.34,414905,-1.78,-4.0,0.994
2025-04-12T05:18:30.000,9.3,-3.54,56894.45,4.45,20.34,414906,-1.6,-4.0,0.994
2025-04-12T05:19:31.000,9.26,-3.54,50000.0,0.0,20.34,414907,-1.41,-5.0,0.994
2025-04-12T05:20:31.000,9.23,-3.68,50000.0,0.0,20.34,414908,-1.23,-5.0,0.994
2025-04-12T05:21:31.000,9.16,-3.77,50000.0,0.0,20.34,414909,-1.05,-5.0,0.994
2025-04-12T05:23:32.000,9.03,-3.95,50000.0,0.0,20.34,414911,-0.68,-5.0,0.994
2025-04-12T05:24:32.000,8.98,-4.0,50000.0,0.0,20.34,414912,-0.49,-5.0,0.994
2025-04-12T05:25:33.000,8.94,-4.03,50000.0,0.0,20.34,414913,-0.31,-6.0,0.994
2025-04-12T05:26:33.000,8.92,-3.99,49500.42,0.16,20.34,414914,-0.12,-6.0,0.994
2025-04-12T05:27:33.000,8.9,-3.93,50000.0,0.0,20.34,414915,0.06,-6.0,0.994
2025-04-12T05:28:33.000,8.88,-3.81,50000.0,0.0,20.34,414916,0.24,-6.0,0.994
2025-04-12T05:29:33.000,8.87,-3.69,50000.0,0.0,20.34,414917,0.43,-6.0,0.994
2025-04-12T07:05:44.000,15.39,-1.91,50000.0,0.0,20.34,415013,18.35,-24.0,0.995
2025-04-12T07:06:44.000,15.68,-1.44,50000.0,0.0,20.34,415014,18.53,-24.0,0.995
2025-04-12T07:07:44.000,16.04,-1.42,50000.0,0.0,20.34,415015,18.72,-24.0,0.995
2025-04-12T07:09:50.000,16.96,-0.37,50000.0,0.0,20.34,415017,19.11,-25.0,0.995
2025-04-12T07:10:50.000,17.52,-0.26,50000.0,0.0,20.34,415018,19.3,-25.0,0.995
2025-04-12T07:11:50.000,18.08,-0.09,50000.0,0.0,20.34,415019,19.48,-25.0,0.995
2025-04-12T10:09:21.000,27.01,8.94,50000.0,0.0,20.34,415196,49.37,-52.0,0.997
2025-04-12T10:10:21.000,27.17,8.99,50000.0,0.0,20.34,415197,49.5,-52.0,0.997
2025-04-12T10:11:21.000,26.97,7.74,50000.0,0.0,20.34,415198,49.63,-53.0,0.997
2025-04-12T10:13:27.000,26.41,7.29,50000.0,0.0,20.34,415200,49.9,-53.0,0.997
2025-04-12T10:14:27.000,26.03,6.69,50000.0,0.0,20.34,415201,50.02,-53.0,0.997
2025-04-12T10:15:27.000,25.78,7.32,50000.0,0.0,20.34,415202,50.15,-53.0,0.997
2025-04-12T13:21:00.000,34.69,14.38,50000.0,0.0,20.34,415387,52.62,-51.0,0.998
2025-04-12T13:22:00.000,34.85,14.78,50000.0,0.0,20.34,415388,52.51,-50.0,0.998
2025-04-12T13:23:00.000,35.11,14.89,50000.0,0.0,20.34,415389,52.4,-50.0,0.998
2025-04-12T13:25:06.000,35.13,13.87,50000.0,0.0,20.34,415391,52.17,-50.0,0.998
2025-04-12T13:26:06.000,34.98,13.83,50000.0,0.0,20.34,415392,52.06,-50.0,0.998
2025-04-12T13:27:06.000,34.75,13.3,50000.0,0.0,20.34,415393,51.95,-50.0,0.998
2025-04-12T15:14:25.000,26.58,13.11,50000.0,0.0,20.34,415500,36.03,-34.0,0.998
2025-04-12T15:15:25.000,27.13,13.38,50000.0,0.0,20.34,415501,35.86,-34.0,0.998
2025-04-12T15:16:25.000,27.6,13.01,50000.0,0.0,20.34,415502,35.69,-33.0,0.998
2025-04-12T15:18:31.000,28.17,12.17,50000.0,0.0,20.34,415504,35.33,-33.0,0.998
2025-04-12T15:19:31.000,28.33,11.58,50000.0,0.0,20.34,415505,35.15,-33.0,0.998
2025-04-12T15:20:32.000,28.29,10.9,50000.0,0.0,20.34,415506,34.98,-33.0,0.998
2025-04-12T18:18:02.000,19.7,5.39,50000.0,0.0,20.34,415683,2.33,-1.0,0.999
2025-04-12T18:19:02.000,19.67,5.3,50000.0,0.0,20.34,415684,2.15,-1.0,0.999
2025-04-12T18:20:03.000,19.62,5.24,50000.0,0.0,20.34,415685,1.96,-1.0,0.999
2025-04-12T18:21:03.000,19.58,5.16,49729.9,0.09,20.34,415686,1.78,-1.0,0.999
2025-04-12T18:22:03.000,19.55,5.15,50000.0,0.0,20.34,415687,1.59,-1.0,0.999
2025-04-12T18:23:03.000,19.53,5.16,50000.0,0.0,20.34,415688,1.41,-0.0,0.999
2025-04-12T18:24:03.000,19.5,5.11,50000.0,0.0,20.34,415689,1.23,-0.0,0.999
2025-04-12T18:34:05.000,19.5,9.86,50000.0,0.0,20.34,415699,-0.61,1.0,0.999
2025-04-12T18:35:05.000,19.55,10.59,50000.0,0.0,20.34,415700,-0.79,2.0,0.999
2025-04-12T18:36:05.000,19.61,11.09,50000.0,0.0,20.34,415701,-0.97,2.0,0.999
2025-04-12T18:37:06.000,19.68,11.44,56597.87,4.45,20.34,415702,-1.16,2.0,0.999
2025-04-12T18:38:06.000,19.73,11.56,54610.07,8.5,20.34,415703,-1.34,2.0,0.999
2025-04-12T18:39:07.000,19.79,11.7,47990.54,8.64,20.34,415704,-1.53,2.0,0.999
2025-04-12T18:40:07.000,19.85,11.7,42801.32,8.76,20.34,415705,-1.71,2.0,0.999
2025-04-12T18:41:08.000,19.88,11.69,39209.73,8.86,20.34,415706,-1.89,3.0,0.999
2025-04-12T18:42:08.000,19.93,11.8,35684.36,8.96,20.34,415707,-2.07,3.0,0.999
2025-04-12T18:43:08.000,19.99,11.86,28794.6,9.2,20.34,415708,-2.26,3.0,0.999
2025-04-12T18:44:09.000,20.05,12.0,20133.27,9.59,20.34,415709,-2.44,3.0,0.999
2025-04-12T18:45:09.000,20.09,12.12,14024.82,9.98,20.34,415710,-2.62,3.0,0.999
2025-04-12T18:46:10.000,20.13,12.18,10874.11,10.25,20.34,415711,-2.81,4.0,0.999
2025-04-12T18:47:10.000,20.16,12.23,9101.16,10.44,20.34,415712,-2.99,4.0,0.999
2025-04-12T18:48:11.000,20.2,12.23,7473.56,10.66,20.34,415713,-3.17,4.0,0.999
2025-04-12T18:49:11.000,20.2,12.21,5871.37,10.92,20.34,415714,-3.35,4.0,0.999
2025-04-12T18:51:17.000,20.24,12.29,3881.91,11.37,20.34,415716,-3.73,4.0,0.999
2025-04-12T18:52:17.000,20.27,12.32,3250.29,11.56,20.34,415717,-3.91,5.0,0.999
2025-04-12T18:53:18.000,20.28,12.32,2652.73,11.78,20.34,415718,-4.09,5.0,0.999
2025-04-12T18:54:18.000,20.31,12.47,1914.71,12.14,20.34,415719,-4.27,5.0,0.999
2025-04-12T18:55:18.000,20.34,12.44,1292.04,12.57,20.34,415720,-4.45,5.0,0.999
2025-04-12T18:56:19.000,20.35,12.54,877.58,12.99,20.34,415721,-4.63,5.0,0.999
2025-04-12T18:57:19.000,20.38,12.59,620.22,13.36,20.34,415722,-4.81,5.0,0.999
2025-04-12T18:58:20.000,20.37,12.49,475.18,13.65,20.34,415723,-5.0,6.0,0.999
2025-04-12T18:59:21.000,20.35,12.55,376.84,13.9,20.34,415724,-5.18,6.0,0.999
2025-04-12T19:00:21.000,20.36,12.63,302.82,14.14,20.34,415725,-5.36,6.0,0.999
2025-04-12T19:01:21.000,20.39,12.66,252.36,14.34,20.34,415726,-5.53,6.0,0.999
2025-04-12T19:02:22.000,20.34,12.48,214.0,14.52,20.34,415727,-5.72,6.0,0.999
2025-04-12T19:03:22.000,20.35,12.62,178.34,14.71,20.34,415728,-5.89,6.0,0.999
2025-04-12T19:04:22.000,20.37,12.67,145.78,14.93,20.34,415729,-6.07,7.0,0.999
2025-04-12T19:05:22.000,20.36,12.64,120.34,15.14,20.34,415730,-6.25,7.0,0.999
2025-04-12T19:06:23.000,20.33,12.66,99.87,15.34,20.34,415731,-6.43,7.0,0.999
2025-04-12T19:07:23.000,20.27,12.37,82.41,15.55,20.34,415732,-6.61,7.0,0.999
2025-04-12T19:08:23.000,20.1,12.08,69.34,15.74,20.34,415733,-6.79,7.0,0.999
2025-04-12T19:09:23.000,19.91,12.1,58.25,15.93,20.34,415734,-6.96,7.0,0.999
2025-04-12T19:10:23.000,19.71,12.12,48.0,16.14,20.34,415735,-7.14,8.0,0.999
2025-04-12T19:11:23.000,19.67,12.5,44.02,16.23,20.34,415736,-7.32,8.0,0.999
2025-04-12T19:12:24.000,19.61,12.52,41.16,16.3,20.34,415737,-7.5,8.0,0.999
2025-04-12T19:13:24.000,19.52,12.58,39.67,16.34,20.34,415738,-7.67,8.0,0.999
2025-04-12T19:14:24.000,19.43,12.72,38.81,16.37,20.34,415739,-7.85,8.0,0.999
2025-04-12T19:15:24.000,19.39,12.95,38.41,16.38,20.34,415740,-8.03,8.0,0.999
2025-04-12T19:16:24.000,19.32,12.95,37.7,16.4,20.34,415741,-8.2,9.0,0.999
2025-04-12T19:17:24.000,19.25,13.15,37.85,16.4,20.34,415742,-8.38,9.0,0.999
2025-04-12T19:18:24.000,19.17,13.24,37.7,16.4,20.34,415743,-8.55,9.0,0.999
2025-04-12T19:19:24.000,19.08,13.48,37.68,16.4,20.34,415744,-8.73,9.0,0.999
2025-04-12T19:20:24.000,18.83,13.24,37.82,16.4,20.34,415745,-8.9,9.0,0.999
2025-04-12T19:21:25.000,18.1,12.65,39.02,16.36,20.34,415746,-9.08,9.0,0.999
2025-04-12T19:22:25.000,17.4,12.36,40.84,16.31,20.34,415747,-9.26,10.0,0.999
2025-04-12T19:23:25.000,16.96,12.82,40.63,16.32,20.34,415748,-9.43,10.0,0.999
2025-04-12T19:24:25.000,16.77,13.17,40.54,16.32,20.34,415749,-9.61,10.0,0.999
2025-04-12T19:25:25.000,16.58,13.54,41.48,16.3,20.34,415750,-9.78,10.0,0.999
2025-04-12T19:26:25.000,16.4,14.21,41.9,16.29,20.34,415751,-9.95,10.0,0.999
2025-04-12T19:27:25.000,16.25,14.19,41.06,16.31,20.34,415752,-10.13,10.0,0.999
2025-04-12T19:28:25.000,16.16,14.41,40.57,16.32,20.34,415753,-10.3,11.0,0.999
2025-04-12T19:29:25.000,16.12,14.37,39.4,16.35,20.34,415754,-10.47,11.0,0.999
2025-04-12T19:30:26.000,16.07,14.36,37.31,16.41,20.34,415755,-10.65,11.0,0.999
2025-04-12T19:31:26.000,15.95,14.16,33.07,16.54,20.34,415756,-10.82,11.0,0.999
2025-04-12T19:32:26.000,15.86,14.07,29.37,16.67,20.34,415757,-11.0,11.0,0.999
2025-04-12T19:33:26.000,15.71,13.83,28.42,16.71,20.34,415758,-11.17,11.0,0.999
2025-04-12T19:34:26.000,15.6,13.78,27.38,16.75,20.34,415759,-11.34,12.0,0.999
2025-04-12T19:35:26.000,15.57,13.81,25.63,16.82,20.34,415760,-11.51,12.0,0.999
2025-04-12T19:36:26.000,15.6,14.24,24.29,16.88,20.34,415761,-11.68,12.0,0.999
2025-04-12T19:37:26.000,15.69,14.38,24.25,16.88,20.34,415762,-11.85,12.0,0.999
2025-04-12T19:38:26.000,15.75,14.36,24.41,16.87,20.34,415763,-12.03,12.0,0.999
2025-04-12T19:39:27.000,15.7,14.17,24.47,16.87,20.34,415764,-12.2,12.0,0.999
2025-04-12T19:40:27.000,15.71,14.39,23.9,16.89,20.34,415765,-12.37,13.0,0.999
2025-04-12T19:41:27.000,15.79,14.55,23.79,16.9,20.34,415766,-12.54,13.0,0.999
2025-04-12T19:42:27.000,15.78,14.45,23.83,16.9,20.34,415767,-12.71,13.0,0.999
2025-04-12T19:43:27.000,15.78,14.41,23.79,16.9,20.34,415768,-12.88,13.0,0.999
2025-04-12T19:44:27.000,15.87,14.85,23.42,16.92,20.34,415769,-13.05,13.0,0.999
2025-04-12T19:45:27.000,16.0,15.1,23.34,16.92,20.34,415770,-13.22,13.0,0.999
2025-04-12T19:46:28.000,16.12,15.19,23.23,16.93,20.34,415771,-13.39,13.0,0.999
2025-04-12T19:47:28.000,16.15,15.05,22.89,16.94,20.34,415772,-13.56,14.0,0.999
2025-04-12T19:48:28.000,16.19,15.09,22.96,16.94,20.34,415773,-13.73,14.0,0.999
2025-04-12T19:49:28.000,16.22,15.11,23.3,16.92,20.34,415774,-13.9,14.0,0.999
2025-04-12T19:50:28.000,16.2,14.99,23.61,16.91,20.34,415775,-14.07,14.0,0.999
2025-04-12T19:51:28.000,16.17,14.95,23.79,16.9,20.34,415776,-14.23,14.0,0.999
2025-04-12T19:52:28.000,16.15,14.8,24.05,16.89,20.34,415777,-14.4,14.0,0.999
2025-04-12T19:53:28.000,16.11,14.87,24.34,16.87,20.34,415778,-14.57,15.0,0.999
2025-04-12T19:54:28.000,16.08,14.69,25.13,16.84,20.34,415779,-14.74,15.0,0.999
2025-04-12T19:55:29.000,16.05,14.74,26.12,16.8,20.34,415780,-14.91,15.0,0.999
2025-04-12T19:56:29.000,15.94,14.38,26.87,16.77,20.34,415781,-15.07,15.0,0.999
2025-04-12T19:57:29.000,15.86,14.3,27.6,16.74,20.34,415782,-15.24,15.0,0.999
2025-04-12T19:58:29.000,15.82,14.45,27.91,16.73,20.34,415783,-15.41,15.0,0.999
2025-04-12T19:59:29.000,15.79,14.39,28.09,16.72,20.34,415784,-15.57,16.0,0.999
2025-04-12T20:00:30.000,15.81,14.51,29.31,16.67,20.34,415785,-15.74,16.0,0.999
2025-04-12T20:01:29.000,15.87,14.63,30.56,16.63,20.34,415786,-15.9,16.0,0.999
2025-04-12T20:02:29.000,15.85,14.2,30.18,16.64,20.34,415787,-16.07,16.0,0.999
2025-04-12T20:03:29.000,15.87,14.25,30.98,16.61,20.34,415788,-16.23,16.0,0.999
2025-04-12T20:04:30.000,15.69,13.84,30.28,16.64,20.34,415789,-16.4,16.0,0.999
2025-04-12T20:05:30.000,15.63,13.79,29.17,16.68,20.34,415790,-16.56,16.0,0.999
2025-04-12T20:06:30.000,15.58,14.03,77.21,16.68,20.34,415791,-16.73,17.0,0.999
2025-04-12T20:07:30.000,15.55,14.04,27.45,16.74,20.34,415792,-16.89,17.0,0.999
2025-04-12T20:08:30.000,15.53,14.13,27.56,16.74,20.34,415793,-17.05,17.0,0.999
2025-04-12T20:09:30.000,15.58,14.41,26.36,16.79,20.34,415794,-17.21,17.0,0.999
2025-04-12T20:10:30.000,15.62,14.34,24.49,16.87,20.34,415795,-17.38,17.0,0.999
2025-04-12T20:11:30.000,15.61,14.02,24.29,16.88,20.34,415796,-17.54,17.0,0.999
2025-04-12T20:12:31.000,15.57,14.04,24.3,16.88,20.34,415797,-17.7,18.0,0.999
2025-04-12T20:13:31.000,15.51,14.03,24.22,16.88,20.34,415798,-17.86,18.0,0.999
2025-04-12T20:14:31.000,15.53,14.13,23.83,16.9,20.34,415799,-18.03,18.0,0.999
2025-04-12T20:15:31.000,15.58,14.3,23.19,16.93,20.34,415800,-18.19,18.0,0.999
2025-04-12T20:16:31.000,15.59,14.25,22.71,16.95,20.34,415801,-18.35,18.0,0.999
2025-04-12T20:17:31.000,15.59,14.08,21.46,17.01,20.34,415802,-18.51,18.0,0.999
2025-04-12T20:18:31.000,15.6,14.31,20.73,17.05,20.34,415803,-18.67,18.0,0.999
2025-04-12T20:19:31.000,15.63,14.39,20.45,17.06,20.34,415804,-18.83,19.0,0.999
2025-04-12T20:20:31.000,15.66,14.47,20.37,17.07,20.34,415805,-18.99,19.0,0.999
2025-04-12T20:21:32.000,15.67,14.39,20.52,17.06,20.34,415806,-19.15,19.0,0.999
2025-04-12T20:22:32.000,15.66,14.32,20.97,17.04,20.34,415807,-19.3,19.0,0.999
