ecsv/stars714/stars714_2025-04.ecsv
# %ECSV 1.0
# ---
# datatype:
# - {name: time, datatype: string}
# - {name: Enclosure Temperature, unit: deg_C, datatype: float64}
# - {name: Sky Temperature, unit: deg_C, datatype: float64}
# - {name: Frequency, unit: Hz, datatype: float64}
# - {name: MSAS, unit: mag / arcsec2, datatype: float64}
# - {name: ZP, datatype: float64}
# - {name: Sequence Number, datatype: int64}
# - {name: Sun Alt, unit: deg, datatype: float64}
# - {name: Moon Alt, unit: deg, datatype: float64}
# - {name: Moon Illumination, datatype: float64}
# delimiter: ','
# meta: !!omap
# - ida:
#     Data supplier: {affiliation: "Institut Alcarr\xE1s", observer: "Jos\xE9 Manuel P\xE9rez Redondo"}
#     Device type: TESS-W
#     Field of view: 17.0
#     Filters per channel: None
#     Instrument ID: stars714
#     License: ODbL 1.0 http://opendatacommons.org/licenses/odbl/summary/
#     Local timezone: Europe/Madrid
#     Location name: {country: Spain, place: "Institut d'Alcarr\xE0s", region: Catalonia, sub_region: "Segri\xE0", town: "Alcarr\xE0s"}
#     Measurement direction per channel: {azimuth: 0.0, zenital: 0.0}
#     Moving / Fixed look direction: FIXED
#     Moving / Stationary position: STATIONARY
#     Number of channels: 1
#     Number of fields per line: 8
#     Number of header lines: 35
#     Position: {height: 0.0, latitude: 41.561767, longitude: 0.5180167}
#     TESS MAC address: 24:A1:60:2F:98:C7
#     TESS cover offset value: 0.0
#     TESS firmware version: '1.0'
#     TESS zero point: 20.34
#     Time Synchronization: timestamp added by MQTT subscriber
#     URL: http://www.darksky.org/NSBM/sdf1.0.pdf
# - __serialized_columns__:
#     Enclosure Temperature:
#       __class__: astropy.units.quantity.Quantity
#       unit: &id001 !astropy.units.Unit {unit: deg_C}
#       value: !astropy.table.SerializedColumn {name: Enclosure Temperature}
#     Frequency:
#       __class__: astropy.units.quantity.Quantity
#       unit: !astropy.units.Unit {unit: Hz}
#       value: !astropy.table.SerializedColumn {name: Frequency}
#     MSAS:
#       __class__: astropy.units.quantity.Quantity
#       unit: !astropy.units.Unit {unit: mag / arcsec2}
#       value: !astropy.table.SerializedColumn {name: MSAS}
#     Moon Alt:
#       __class__: astropy.units.quantity.Quantity
#       unit: &id002 !astropy.units.Unit {unit: deg}
#       value: !astropy.table.SerializedColumn {name: Moon Alt}
#     Sky Temperature:
#       __class__: astropy.units.quantity.Quantity
#       unit: *id001
#       value: !astropy.table.SerializedColumn {name: Sky Temperature}
#     Sun Alt:
#       __class__: astropy.units.quantity.Quantity
#       unit: *id002
#       value: !astropy.table.SerializedColumn {name: Sun Alt}
#     time:
#       __class__: astropy.time.core.Time
#       format: isot
#       in_subfmt: '*'
#       out_subfmt: '*'
#       precision: 3
#       scale: utc
#       value: !astropy.table.SerializedColumn {name: time}
# schema: astropy-2.0
time,Enclosure Temperature,Sky Temperature,Frequency,MSAS,ZP,Sequence Number,Sun Alt,Moon Alt,Moon Illumination
[from data line 617]
2025-04-01T22:42:36.000,13.33,6.94,11.69,17.67,20.34,400152,-40.15,-0.0,0.173
2025-04-01T22:43:36.000,13.37,6.96,12.11,17.63,20.34,400153,-40.23,-1.0,0.174
2025-04-01T22:44:36.000,13.38,6.92,12.02,17.64,20.34,400154,-40.31,-1.0,0.174
2025-04-01T22:45:36.000,13.4,6.92,11.36,17.7,20.34,400155,-40.39,-1.0,0.174
2025-04-01T22:46:37.000,13.43,6.97,10.8,17.76,20.34,400156,-40.47,-1.0,0.174
2025-04-01T22:47:37.000,13.47,6.93,10.75,17.76,20.34,400157,-40.55,-1.0,0.174
2025-04-01T22:48:37.000,13.49,6.92,11.15,17.72,20.34,400158,-40.63,-1.0,0.174
2025-04-01T22:49:37.000,13.54,6.96,11.37,17.7,20.34,400159,-40.71,-1.0,0.174
2025-04-01T22:50:37.000,13.55,6.89,11.04,17.73,20.34,400160,-40.78,-2.0,0.174
2025-04-01T22:51:37.000,13.56,6.86,10.6,17.78,20.34,400161,-40.85,-2.0,0.174
2025-04-01T22:52:37.000,13.54,6.82,10.47,17.79,20.34,400162,-40.93,-2.0,0.174
2025-04-01T22:53:37.000,13.56,6.94,10.42,17.8,20.34,400163,-41.0,-2.0,0.174
2025-04-01T22:54:38.000,13.61,6.92,10.28,17.81,20.34,400164,-41.07,-2.0,0.174
2025-04-01T22:55:38.000,13.62,6.81,9.9,17.85,20.34,400165,-41.14,-2.0,0.174
2025-04-01T22:56:38.000,13.63,6.7,9.51,17.9,20.34,400166,-41.21,-2.0,0.174
2025-04-01T22:57:38.000,13.66,6.61,9.09,17.94,20.34,400167,-41.28,-3.0,0.174
2025-04-01T22:58:38.000,13.64,6.41,8.88,17.97,20.34,400168,-41.35,-3.0,0.174
2025-04-01T22:59:38.000,13.6,6.39,9.33,17.92,20.34,400169,-41.42,-3.0,0.175
2025-04-01T23:00:38.000,13.61,6.62,10.17,17.82,20.34,400170,-41.48,-3.0,0.175
2025-04-01T23:01:38.000,13.6,6.62,10.68,17.77,20.34,400171,-41.55,-3.0,0.175
2025-04-01T23:02:39.000,13.62,6.79,10.71,17.77,20.34,400172,-41.61,-3.0,0.175
2025-04-01T23:03:39.000,13.64,6.82,10.43,17.8,20.34,400173,-41.67,-3.0,0.175
2025-04-01T23:04:39.000,13.7,6.86,10.42,17.8,20.34,400174,-41.73,-4.0,0.175
2025-04-01T23:05:39.000,13.69,6.71,10.61,17.78,20.34,400175,-41.8,-4.0,0.175
2025-04-01T23:06:39.000,13.71,6.6,10.43,17.8,20.34,400176,-41.86,-4.0,0.175
2025-04-01T23:07:39.000,13.68,6.44,9.77,17.87,20.34,400177,-41.91,-4.0,0.175
2025-04-01T23:08:39.000,13.7,6.24,9.14,17.94,20.34,400178,-41.97,-4.0,0.175
2025-04-01T23:09:39.000,13.68,5.83,8.66,18.0,20.34,400179,-42.03,-4.0,0.175
2025-04-01T23:10:39.000,13.69,5.56,8.3,18.04,20.34,400180,-42.08,-4.0,0.175
2025-04-01T23:11:40.000,13.7,5.28,8.01,18.08,20.34,400181,-42.14,-5.0,0.175
2025-04-01T23:12:40.000,13.67,4.89,7.76,18.12,20.34,400182,-42.19,-5.0,0.175
2025-04-01T23:13:40.000,13.66,4.6,7.44,18.16,20.34,400183,-42.24,-5.0,0.175
2025-04-01T23:14:40.000,13.62,4.26,7.42,18.16,20.34,400184,-42.3,-5.0,0.175
2025-04-01T23:15:40.000,13.58,3.88,7.28,18.19,20.34,400185,-42.35,-5.0,0.176
2025-04-01T23:16:40.000,13.53,3.53,7.1,18.21,20.34,400186,-42.4,-5.0,0.176
2025-04-01T23:17:40.000,13.51,3.2,6.84,18.25,20.34,400187,-42.44,-5.0,0.176
2025-04-01T23:18:40.000,13.48,2.73,6.41,18.32,20.34,400188,-42.49,-5.0,0.176
2025-04-01T23:19:40.000,13.48,2.32,5.84,18.42,20.34,400189,-42.54,-6.0,0.176
2025-04-01T23:20:40.000,13.47,1.79,5.18,18.55,20.34,400190,-42.58,-6.0,0.176
2025-04-01T23:21:41.000,13.44,1.28,4.69,18.66,20.34,400191,-42.63,-6.0,0.176
2025-04-01T23:22:41.000,13.4,0.9,4.38,18.74,20.34,400192,-42.67,-6.0,0.176
2025-04-01T23:23:41.000,13.37,0.71,4.35,18.74,20.34,400193,-42.71,-6.0,0.176
2025-04-01T23:24:41.000,13.31,0.53,4.6,18.68,20.34,400194,-42.75,-6.0,0.176
2025-04-01T23:25:41.000,13.27,0.43,4.76,18.65,20.34,400195,-42.79,-6.0,0.176
2025-04-01T23:26:41.000,13.22,0.24,4.57,18.69,20.34,400196,-42.83,-7.0,0.176
2025-04-01T23:27:41.000,13.16,-0.02,4.17,18.79,20.34,400197,-42.87,-7.0,0.176
2025-04-01T23:28:41.000,13.13,-0.26,3.77,18.9,20.34,400198,-42.91,-7.0,0.176
2025-04-01T23:29:41.000,13.1,-0.42,3.6,18.95,20.34,400199,-42.94,-7.0,0.176
2025-04-01T23:30:42.000,13.07,-0.57,3.71,18.92,20.34,400200,-42.98,-7.0,0.176
2025-04-01T23:31:42.000,13.05,-0.53,3.98,18.84,20.34,400201,-43.01,-7.0,0.177
2025-04-01T23:32:42.000,13.03,-0.47,4.6,18.68,20.34,400202,-43.04,-7.0,0.177
2025-04-01T23:33:42.000,13.01,-0.37,5.08,18.58,20.34,400203,-43.07,-7.0,0.177
2025-04-01T23:34:42.000,12.98,-0.37,5.09,18.57,20.34,400204,-43.1,-8.0,0.177
2025-04-01T23:35:42.000,12.97,-0.27,4.91,18.61,20.34,400205,-43.13,-8.0,0.177
2025-04-01T23:36:42.000,12.94,-0.27,4.68,18.67,20.34,400206,-43.16,-8.0,0.177
2025-04-01T23:37:42.000,12.92,-0.21,4.58,18.69,20.34,400207,-43.19,-8.0,0.177
2025-04-01T23:38:43.000,12.9,-0.14,4.88,18.62,20.34,400208,-43.21,-8.0,0.177
2025-04-01T23:39:43.000,12.88,-0.07,5.17,18.56,20.34,400209,-43.24,-8.0,0.177
2025-04-01T23:40:43.000,12.87,-0.08,5.08,18.58,20.34,400210,-43.26,-8.0,0.177
2025-04-01T23:41:43.000,12.87,-0.08,4.84,18.63,20.34,400211,-43.29,-9.0,0.177
2025-04-01T23:42:43.000,12.85,-0.09,4.71,18.66,20.34,400212,-43.31,-9.0,0.177
2025-04-01T23:43:43.000,12.85,0.03,4.95,18.6,20.34,400213,-43.33,-9.0,0.177
2025-04-01T23:44:43.000,12.82,0.27,5.45,18.5,20.34,400214,-43.35,-9.0,0.177
2025-04-01T23:45:43.000,12.82,0.64,5.84,18.42,20.34,400215,-43.36,-9.0,0.177
2025-04-01T23:46:43.000,12.82,1.02,5.9,18.41,20.34,400216,-43.38,-9.0,0.177
2025-04-01T23:47:43.000,12.85,1.35,5.63,18.47,20.34,400217,-43.4,-9.0,0.178
2025-04-01T23:48:44.000,12.87,1.63,5.06,18.58,20.34,400218,-43.41,-9.0,0.178
2025-04-01T23:49:44.000,12.89,1.96,5.1,18.57,20.34,400219,-43.42,-10.0,0.178
2025-04-01T23:50:44.000,12.92,2.36,5.75,18.44,20.34,400220,-43.44,-10.0,0.178
2025-04-01T23:51:44.000,12.93,2.94,6.64,18.29,20.34,400221,-43.45,-10.0,0.178
2025-04-01T23:52:44.000,13.0,3.54,7.19,18.2,20.34,400222,-43.46,-10.0,0.178
2025-04-01T23:53:44.000,13.06,3.99,7.52,18.15,20.34,400223,-43.47,-10.0,0.178
2025-04-01T23:54:44.000,13.1,4.24,7.87,18.1,20.34,400224,-43.48,-10.0,0.178
2025-04-01T23:55:45.000,13.13,4.33,8.22,18.05,20.34,400225,-43.48,-10.0,0.178
2025-04-01T23:56:44.000,13.13,4.38,8.13,18.06,20.34,400226,-43.49,-10.0,0.178
2025-04-01T23:57:44.000,13.15,4.42,7.84,18.1,20.34,400227,-43.49,-11.0,0.178
2025-04-01T23:58:45.000,13.19,4.45,7.95,18.09,20.34,400228,-43.5,-11.0,0.178
2025-04-01T23:59:45.000,13.21,4.22,8.31,18.04,20.34,400229,-43.5,-11.0,0.178
2025-04-02T00:00:45.000,13.2,4.04,8.17,18.06,20.34,400230,-43.5,-11.0,0.178
2025-04-02T00:01:45.000,13.21,4.0,7.73,18.12,20.34,400231,-43.5,-11.0,0.178
2025-04-02T00:02:45.000,13.24,4.0,7.46,18.16,20.34,400232,-43.5,-11.0,0.178
2025-04-02T00:03:45.000,13.25,4.03,7.67,18.13,20.34,400233,-43.5,-11.0,0.179
2025-04-02T00:04:45.000,13.28,4.28,8.32,18.04,20.34,400234,-43.49,-11.0,0.179
2025-04-02T00:05:45.000,13.29,4.42,8.86,17.97,20.34,400235,-43.49,-11.0,0.179
2025-04-02T00:06:46.000,13.3,4.62,9.04,17.95,20.34,400236,-43.48,-12.0,0.179
2025-04-02T00:07:46.000,13.31,4.68,9.3,17.92,20.34,400237,-43.48,-12.0,0.179
2025-04-02T00:08:46.000,13.3,4.61,9.26,17.92,20.34,400238,-43.47,-12.0,0.179
2025-04-02T00:09:46.000,13.35,4.64,8.83,17.98,20.34,400239,-43.46,-12.0,0.179
2025-04-02T00:10:46.000,13.38,4.54,8.41,18.03,20.34,400240,-43.45,-12.0,0.179
2025-04-02T00:11:46.000,13.38,4.31,8.15,18.06,20.34,400241,-43.44,-12.0,0.179
2025-04-02T00:12:46.000,13.36,4.19,8.09,18.07,20.34,400242,-43.43,-12.0,0.179
2025-04-02T00:13:47.000,13.36,4.31,7.81,18.11,20.34,400243,-43.41,-12.0,0.179
2025-04-02T00:14:47.000,13.36,4.42,7.78,18.11,20.34,400244,-43.4,-12.0,0.179
2025-04-02T00:15:47.000,13.39,4.63,8.19,18.06,20.34,400245,-43.38,-13.0,0.179
2025-04-02T00:16:47.000,13.41,4.68,8.73,17.99,20.34,400246,-43.37,-13.0,0.179
2025-04-02T00:17:47.000,13.45,4.85,8.8,17.98,20.34,400247,-43.35,-13.0,0.179
2025-04-02T00:18:47.000,13.46,4.96,8.56,18.01,20.34,400248,-43.33,-13.0,0.179
2025-04-02T00:19:47.000,13.48,5.17,8.63,18.0,20.34,400249,-43.31,-13.0,0.18
2025-04-02T00:20:47.000,13.48,5.32,9.16,17.94,20.34,400250,-43.29,-13.0,0.18
2025-04-02T00:21:47.000,13.49,5.49,9.55,17.89,20.34,400251,-43.27,-13.0,0.18
2025-04-02T00:22:48.000,13.49,5.53,9.82,17.86,20.34,400252,-43.24,-13.0,0.18
2025-04-02T00:23:48.000,13.49,5.58,9.93,17.85,20.34,400253,-43.22,-13.0,0.18
2025-04-02T00:24:48.000,13.51,5.51,9.74,17.87,20.34,400254,-43.19,-14.0,0.18
2025-04-02T00:25:48.000,13.55,5.42,9.54,17.89,20.34,400255,-43.16,-14.0,0.18
2025-04-02T00:26:48.000,13.56,5.09,9.54,17.89,20.34,400256,-43.14,-14.0,0.18
2025-04-02T00:27:48.000,13.55,4.82,9.3,17.92,20.34,400257,-43.11,-14.0,0.18
2025-04-02T00:28:48.000,13.52,4.5,8.75,17.99,20.34,400258,-43.08,-14.0,0.18
2025-04-02T00:29:48.000,13.5,4.26,8.36,18.04,20.34,400259,-43.05,-14.0,0.18
2025-04-02T00:30:49.000,13.48,3.93,8.01,18.08,20.34,400260,-43.01,-14.0,0.18
2025-04-02T00:31:49.000,13.46,3.56,7.66,18.13,20.34,400261,-42.98,-14.0,0.18
2025-04-02T00:32:49.000,13.46,3.18,7.05,18.22,20.34,400262,-42.95,-14.0,0.18
2025-04-02T00:33:50.000,13.43,2.68,6.38,18.33,20.34,400263,-42.91,-15.0,0.18
2025-04-02T00:34:49.000,13.39,2.35,5.83,18.43,20.34,400264,-42.87,-15.0,0.181
2025-04-02T00:35:49.000,13.38,2.16,5.6,18.47,20.34,400265,-42.84,-15.0,0.181
2025-04-02T00:36:49.000,13.34,1.96,5.59,18.47,20.34,400266,-42.8,-15.0,0.181
2025-04-02T00:37:49.000,13.31,1.94,5.39,18.51,20.34,400267,-42.76,-15.0,0.181
2025-04-02T00:38:50.000,13.28,1.94,5.45,18.5,20.34,400268,-42.72,-15.0,0.181
2025-04-02T00:39:50.000,13.26,2.0,6.01,18.39,20.34,400269,-42.68,-15.0,0.181
2025-04-02T00:40:50.000,13.24,2.06,6.66,18.28,20.34,400270,-42.63,-15.0,0.181
2025-04-02T00:41:50.000,13.23,2.16,6.91,18.24,20.34,400271,-42.59,-15.0,0.181
2025-04-02T00:42:50.000,13.21,2.19,6.96,18.23,20.34,400272,-42.54,-15.0,0.181
2025-04-02T00:43:50.000,13.19,2.28,7.05,18.22,20.34,400273,-42.5,-16.0,0.181
2025-04-02T00:44:50.000,13.17,2.3,6.91,18.24,20.34,400274,-42.45,-16.0,0.181
2025-04-02T00:45:50.000,13.16,2.2,6.62,18.29,20.34,400275,-42.4,-16.0,0.181
2025-04-02T00:46:51.000,13.13,2.04,6.2,18.36,20.34,400276,-42.35,-16.0,0.181
2025-04-02T00:47:51.000,13.13,1.84,5.84,18.42,20.34,400277,-42.3,-16.0,0.181
2025-04-02T00:48:51.000,13.11,1.62,5.38,18.51,20.34,400278,-42.25,-16.0,0.181
2025-04-02T00:49:51.000,13.07,1.44,4.95,18.6,20.34,400279,-42.2,-16.0,0.181
2025-04-02T00:50:51.000,13.06,1.48,4.62,18.68,20.34,400280,-42.14,-16.0,0.182
2025-04-02T00:51:51.000,13.04,1.55,4.76,18.65,20.34,400281,-42.09,-16.0,0.182
2025-04-02T00:52:51.000,13.03,1.82,5.83,18.43,20.34,400282,-42.03,-16.0,0.182
2025-04-02T00:53:51.000,13.02,2.05,7.22,18.2,20.34,400283,-41.98,-17.0,0.182
2025-04-02T00:54:51.000,13.03,2.31,8.04,18.08,20.34,400284,-41.92,-17.0,0.182
2025-04-02T00:55:51.000,13.03,2.4,8.26,18.05,20.34,400285,-41.86,-17.0,0.182
2025-04-02T00:56:52.000,13.03,2.47,8.26,18.05,20.34,400286,-41.8,-17.0,0.182
2025-04-02T00:57:52.000,13.01,2.61,8.1,18.07,20.34,400287,-41.74,-17.0,0.182
2025-04-02T00:58:52.000,12.99,2.76,8.11,18.07,20.34,400288,-41.68,-17.0,0.182
2025-04-02T00:59:52.000,12.99,2.86,8.22,18.05,20.34,400289,-41.62,-17.0,0.182
2025-04-02T01:00:52.000,12.99,2.85,8.18,18.06,20.34,400290,-41.55,-17.0,0.182
2025-04-02T01:01:52.000,13.0,2.7,8.26,18.05,20.34,400291,-41.49,-17.0,0.182
2025-04-02T01:02:53.000,12.96,2.33,8.59,18.01,20.34,400292,-41.42,-17.0,0.182
2025-04-02T01:03:52.000,12.94,2.01,9.09,17.94,20.34,400293,-41.36,-17.0,0.182
2025-04-02T01:04:52.000,12.91,1.44,9.13,17.94,20.34,400294,-41.29,-18.0,0.182
2025-04-02T01:05:52.000,12.88,0.87,8.35,18.04,20.34,400295,-41.22,-18.0,0.182
2025-04-02T01:06:52.000,12.85,0.42,7.15,18.21,20.34,400296,-41.15,-18.0,0.183
2025-04-02T01:07:53.000,12.81,-0.11,6.09,18.38,20.34,400297,-41.08,-18.0,0.183
2025-04-02T01:08:53.000,12.75,-0.5,5.68,18.45,20.34,400298,-41.01,-18.0,0.183
2025-04-02T01:09:53.000,12.7,-0.68,5.83,18.43,20.34,400299,-40.94,-18.0,0.183
2025-04-02T01:10:53.000,12.67,-0.77,5.53,18.48,20.34,400300,-40.86,-18.0,0.183
2025-04-02T01:11:53.000,12.64,-0.64,5.06,18.58,20.34,400301,-40.79,-18.0,0.183
2025-04-02T01:12:53.000,12.6,-0.47,4.75,18.65,20.34,400302,-40.71,-18.0,0.183
2025-04-02T01:13:53.000,12.55,-0.23,5.06,18.58,20.34,400303,-40.64,-18.0,0.183
2025-04-02T01:14:53.000,12.53,0.07,5.86,18.42,20.34,400304,-40.56,-18.0,0.183
2025-04-02T01:15:53.000,12.52,0.37,6.73,18.27,20.34,400305,-40.48,-18.0,0.183
2025-04-02T01:16:54.000,12.51,0.61,6.92,18.24,20.34,400306,-40.4,-19.0,0.183
2025-04-02T01:17:54.000,12.49,0.83,6.4,18.33,20.34,400307,-40.32,-19.0,0.183
2025-04-02T01:18:54.000,12.49,0.86,5.47,18.5,20.34,400308,-40.24,-19.0,0.183
2025-04-02T01:19:54.000,12.5,0.7,4.81,18.64,20.34,400309,-40.16,-19.0,0.183
2025-04-02T01:20:54.000,12.49,0.39,4.59,18.69,20.34,400310,-40.08,-19.0,0.183
2025-04-02T01:21:54.000,12.48,0.04,4.8,18.64,20.34,400311,-39.99,-19.0,0.184
2025-04-02T01:22:54.000,12.47,-0.26,5.04,18.58,20.34,400312,-39.91,-19.0,0.184
2025-04-02T01:23:55.000,12.46,-0.56,5.13,18.56,20.34,400313,-39.82,-19.0,0.184
2025-04-02T01:24:55.000,12.46,-0.92,5.16,18.56,20.34,400314,-39.74,-19.0,0.184
2025-04-02T01:25:55.000,12.45,-1.34,5.0,18.59,20.34,400315,-39.65,-19.0,0.184
2025-04-02T01:26:55.000,12.43,-1.68,4.62,18.68,20.34,400316,-39.56,-19.0,0.184
2025-04-02T01:27:55.000,12.41,-1.87,4.31,18.75,20.34,400317,-39.47,-19.0,0.184
2025-04-02T01:28:55.000,12.38,-1.9,4.3,18.76,20.34,400318,-39.38,-20.0,0.184
2025-04-02T01:29:55.000,12.37,-1.73,4.46,18.72,20.34,400319,-39.29,-20.0,0.184
2025-04-02T01:30:55.000,12.36,-1.63,4.69,18.66,20.34,400320,-39.2,-20.0,0.184
2025-04-02T01:31:56.000,12.34,-1.83,4.7,18.66,20.34,400321,-39.11,-20.0,0.184
2025-04-02T01:32:56.000,12.32,-2.24,4.28,18.76,20.34,400322,-39.02,-20.0,0.184
2025-04-02T01:33:56.000,12.3,-2.82,3.64,18.94,20.34,400323,-38.92,-20.0,0.184
2025-04-02T01:34:56.000,12.28,-3.32,3.16,19.09,20.34,400324,-38.83,-20.0,0.184
2025-04-02T01:35:56.000,12.26,-3.68,2.9,19.19,20.34,400325,-38.73,-20.0,0.184
2025-04-02T01:36:56.000,12.23,-3.94,2.7,19.26,20.34,400326,-38.64,-20.0,0.184
2025-04-02T01:37:56.000,12.21,-4.01,2.61,19.3,20.34,400327,-38.54,-20.0,0.185
2025-04-02T01:38:56.000,12.19,-3.82,2.64,19.29,20.34,400328,-38.44,-20.0,0.185
2025-04-02T01:39:56.000,12.19,-3.34,2.88,19.19,20.34,400329,-38.34,-20.0,0.185
2025-04-02T01:40:57.000,12.2,-2.86,3.17,19.09,20.34,400330,-38.24,-20.0,0.185
2025-04-02T01:41:57.000,12.2,-2.4,3.37,19.02,20.34,400331,-38.14,-20.0,0.185
2025-04-02T01:42:57.000,12.22,-1.93,3.54,18.97,20.34,400332,-38.04,-20.0,0.185
2025-04-02T01:43:57.000,12.27,-1.42,3.81,18.89,20.34,400333,-37.94,-21.0,0.185
2025-04-02T01:44:57.000,12.3,-0.96,4.19,18.79,20.34,400334,-37.83,-21.0,0.185
2025-04-02T01:45:57.000,12.32,-0.38,4.67,18.67,20.34,400335,-37.73,-21.0,0.185
2025-04-02T01:46:57.000,12.35,0.28,5.38,18.51,20.34,400336,-37.63,-21.0,0.185
2025-04-02T01:47:57.000,12.4,0.98,6.2,18.36,20.34,400337,-37.52,-21.0,0.185
2025-04-02T01:48:57.000,12.45,1.7,7.0,18.23,20.34,400338,-37.42,-21.0,0.185
2025-04-02T01:49:58.000,12.47,2.38,7.48,18.16,20.34,400339,-37.31,-21.0,0.185
2025-04-02T01:50:58.000,12.49,3.04,7.75,18.12,20.34,400340,-37.2,-21.0,0.185
2025-04-02T01:51:58.000,12.54,3.66,7.85,18.1,20.34,400341,-37.09,-21.0,0.185
2025-04-02T01:52:58.000,12.6,4.17,8.01,18.08,20.34,400342,-36.98,-21.0,0.186
2025-04-02T01:53:58.000,12.66,4.63,8.27,18.05,20.34,400343,-36.87,-21.0,0.186
2025-04-02T01:54:58.000,12.72,5.06,8.67,17.99,20.34,400344,-36.76,-21.0,0.186
2025-04-02T01:55:59.000,12.78,5.23,9.19,17.93,20.34,400345,-36.65,-21.0,0.186
2025-04-02T01:56:59.000,12.82,5.34,9.51,17.9,20.34,400346,-36.54,-21.0,0.186
2025-04-02T01:57:59.000,12.87,5.31,9.94,17.85,20.34,400347,-36.43,-21.0,0.186
2025-04-02T01:58:59.000,12.92,5.25,10.2,17.82,20.34,400348,-36.31,-21.0,0.186
2025-04-02T01:59:59.000,12.95,5.09,10.14,17.83,20.34,400349,-36.2,-21.0,0.186
2025-04-02T02:00:59.000,12.98,4.96,9.85,17.86,20.34,400350,-36.08,-22.0,0.186
2025-04-02T02:01:59.000,13.0,4.73,9.78,17.86,20.34,400351,-35.97,-22.0,0.186
2025-04-02T02:02:59.000,12.99,4.56,9.83,17.86,20.34,400352,-35.85,-22.0,0.186
2025-04-02T02:03:59.000,13.02,4.42,9.85,17.86,20.34,400353,-35.74,-22.0,0.186
2025-04-02T02:04:59.000,13.03,4.29,9.84,17.86,20.34,400354,-35.62,-22.0,0.186
2025-04-02T02:05:59.000,13.02,4.06,9.82,17.86,20.34,400355,-35.5,-22.0,0.186
2025-04-02T02:07:00.000,13.03,4.08,9.79,17.86,20.34,400356,-35.38,-22.0,0.186
2025-04-02T02:08:00.000,13.05,4.17,9.92,17.85,20.34,400357,-35.26,-22.0,0.186
