ecsv/stars714/stars714_2025-04.ecsv
# %ECSV 1.0
# ---
# datatype:
# - {name: time, datatype: string}
# - {name: Enclosure Temperature, unit: deg_C, datatype: float64}
# - {name: Sky Temperature, unit: deg_C, datatype: float64}
# - {name: Frequency, unit: Hz, datatype: float64}
# - {name: MSAS, unit: mag / arcsec2, datatype: float64}
# - {name: ZP, datatype: float64}
# - {name: Sequence Number, datatype: int64}
# - {name: Sun Alt, unit: deg, datatype: float64}
# - {name: Moon Alt, unit: deg, datatype: float64}
# - {name: Moon Illumination, datatype: float64}
# delimiter: ','
# meta: !!omap
# - ida:
#     Data supplier: {affiliation: "Institut Alcarr\xE1s", observer: "Jos\xE9 Manuel P\xE9rez Redondo"}
#     Device type: TESS-W
#     Field of view: 17.0
#     Filters per channel: None
#     Instrument ID: stars714
#     License: ODbL 1.0 http://opendatacommons.org/licenses/odbl/summary/
#     Local timezone: Europe/Madrid
#     Location name: {country: Spain, place: "Institut d'Alcarr\xE0s", region: Catalonia, sub_region: "Segri\xE0", town: "Alcarr\xE0s"}
#     Measurement direction per channel: {azimuth: 0.0, zenital: 0.0}
#     Moving / Fixed look direction: FIXED
#     Moving / Stationary position: STATIONARY
#     Number of channels: 1
#     Number of fields per line: 8
#     Number of header lines: 35
#     Position: {height: 0.0, latitude: 41.561767, longitude: 0.5180167}
#     TESS MAC address: 24:A1:60:2F:98:C7
#     TESS cover offset value: 0.0
#     TESS firmware version: '1.0'
#     TESS zero point: 20.34
#     Time Synchronization: timestamp added by MQTT subscriber
#     URL: http://www.darksky.org/NSBM/sdf1.0.pdf
# - __serialized_columns__:
#     Enclosure Temperature:
#       __class__: astropy.units.quantity.Quantity
#       unit: &id001 !astropy.units.Unit {unit: deg_C}
#       value: !astropy.table.SerializedColumn {name: Enclosure Temperature}
#     Frequency:
#       __class__: astropy.units.quantity.Quantity
#       unit: !astropy.units.Unit {unit: Hz}
#       value: !astropy.table.SerializedColumn {name: Frequency}
#     MSAS:
#       __class__: astropy.units.quantity.Quantity
#       unit: !astropy.units.Unit {unit: mag / arcsec2}
#       value: !astropy.table.SerializedColumn {name: MSAS}
#     Moon Alt:
#       __class__: astropy.units.quantity.Quantity
#       unit: &id002 !astropy.units.Unit {unit: deg}
#       value: !astropy.table.SerializedColumn {name: Moon Alt}
#     Sky Temperature:
#       __class__: astropy.units.quantity.Quantity
#       unit: *id001
#       value: !astropy.table.SerializedColumn {name: Sky Temperature}
#     Sun Alt:
#       __class__: astropy.units.quantity.Quantity
#       unit: *id002
#       value: !astropy.table.SerializedColumn {name: Sun Alt}
#     time:
#       __class__: astropy.time.core.Time
#       format: isot
#       in_subfmt: '*'
#       out_subfmt: '*'
#       precision: 3
#       scale: utc
#       value: !astropy.table.SerializedColumn {name: time}
# schema: astropy-2.0
time,Enclosure Temperature,Sky Temperature,Frequency,MSAS,ZP,Sequence Number,Sun Alt,Moon Alt,Moon Illumination
[from data line 11139]
2025-04-17T03:07:37.000,10.04,-14.27,3.84,18.88,20.34,421953,-22.05,20.0,0.854
2025-04-17T03:08:38.000,9.95,-14.08,3.85,18.88,20.34,421954,-21.9,20.0,0.854
2025-04-17T03:09:38.000,9.88,-14.25,3.83,18.88,20.34,421955,-21.76,20.0,0.854
2025-04-17T03:10:38.000,9.98,-14.2,3.81,18.89,20.34,421956,-21.61,20.0,0.853
2025-04-17T03:11:38.000,10.0,-14.24,3.82,18.89,20.34,421957,-21.46,20.0,0.853
2025-04-17T03:12:38.000,9.86,-14.39,3.82,18.89,20.34,421958,-21.31,20.0,0.853
2025-04-17T03:13:38.000,9.89,-14.32,3.81,18.89,20.34,421959,-21.16,20.0,0.853
2025-04-17T03:14:38.000,10.01,-14.33,3.82,18.89,20.34,421960,-21.01,20.0,0.853
2025-04-17T03:15:38.000,9.98,-14.42,3.82,18.89,20.34,421961,-20.86,20.0,0.853
2025-04-17T03:16:39.000,9.79,-14.55,3.81,18.89,20.34,421962,-20.71,20.0,0.853
2025-04-17T03:17:39.000,9.78,-14.64,3.81,18.89,20.34,421963,-20.56,20.0,0.853
2025-04-17T03:18:39.000,9.83,-14.79,3.81,18.89,20.34,421964,-20.41,20.0,0.853
2025-04-17T03:19:39.000,9.98,-14.59,3.81,18.89,20.34,421965,-20.26,20.0,0.853
2025-04-17T03:20:39.000,10.01,-14.71,3.82,18.89,20.34,421966,-20.11,20.0,0.853
2025-04-17T03:21:39.000,9.89,-14.73,3.81,18.89,20.34,421967,-19.95,20.0,0.853
2025-04-17T03:22:39.000,9.9,-14.76,3.81,18.89,20.34,421968,-19.8,20.0,0.853
2025-04-17T03:23:39.000,10.01,-14.58,3.81,18.89,20.34,421969,-19.65,20.0,0.853
2025-04-17T03:24:39.000,9.98,-14.58,3.81,18.89,20.34,421970,-19.5,20.0,0.853
2025-04-17T03:25:39.000,9.85,-14.58,3.8,18.89,20.34,421971,-19.34,20.0,0.853
2025-04-17T03:26:40.000,9.88,-14.72,3.8,18.89,20.34,421972,-19.18,20.0,0.853
2025-04-17T03:27:40.000,9.99,-14.57,3.81,18.89,20.34,421973,-19.03,20.0,0.853
2025-04-17T03:28:40.000,10.02,-14.53,3.8,18.89,20.34,421974,-18.88,20.0,0.853
2025-04-17T03:29:40.000,9.87,-14.51,3.8,18.89,20.34,421975,-18.72,20.0,0.853
2025-04-17T03:30:40.000,9.88,-14.51,3.79,18.89,20.34,421976,-18.56,20.0,0.853
2025-04-17T03:31:40.000,9.98,-14.54,3.79,18.89,20.34,421977,-18.41,20.0,0.853
2025-04-17T03:32:40.000,10.08,-14.29,3.79,18.89,20.34,421978,-18.25,20.0,0.852
2025-04-17T03:33:40.000,9.9,-14.32,3.79,18.89,20.34,421979,-18.1,20.0,0.852
2025-04-17T03:34:40.000,9.79,-14.41,3.78,18.9,20.34,421980,-17.94,20.0,0.852
2025-04-17T03:35:41.000,9.85,-14.53,3.78,18.9,20.34,421981,-17.78,20.0,0.852
2025-04-17T03:36:41.000,9.98,-14.54,3.77,18.9,20.34,421982,-17.62,20.0,0.852
2025-04-17T03:37:41.000,10.11,-14.32,3.77,18.9,20.34,421983,-17.46,20.0,0.852
2025-04-17T03:38:41.000,9.9,-14.42,3.78,18.9,20.34,421984,-17.3,20.0,0.852
2025-04-17T03:39:41.000,9.8,-14.48,3.77,18.9,20.34,421985,-17.15,20.0,0.852
2025-04-17T03:40:41.000,9.9,-14.47,3.77,18.9,20.34,421986,-16.99,20.0,0.852
2025-04-17T03:41:41.000,10.05,-14.43,3.76,18.9,20.34,421987,-16.83,20.0,0.852
2025-04-17T03:42:41.000,10.06,-14.33,3.77,18.9,20.34,421988,-16.67,19.0,0.852
2025-04-17T03:43:42.000,9.86,-14.4,3.76,18.9,20.34,421989,-16.5,19.0,0.852
2025-04-17T03:44:42.000,9.82,-14.64,3.76,18.9,20.34,421990,-16.34,19.0,0.852
2025-04-17T03:45:42.000,9.95,-14.68,3.77,18.9,20.34,421991,-16.18,19.0,0.852
2025-04-17T03:46:42.000,10.06,-14.66,3.76,18.9,20.34,421992,-16.02,19.0,0.852
2025-04-17T03:47:42.000,9.91,-14.72,3.77,18.9,20.34,421993,-15.86,19.0,0.852
2025-04-17T03:48:42.000,9.82,-14.6,3.78,18.9,20.34,421994,-15.7,19.0,0.852
2025-04-17T03:49:42.000,9.94,-14.69,3.79,18.89,20.34,421995,-15.54,19.0,0.852
2025-04-17T03:50:42.000,10.11,-14.49,3.8,18.89,20.34,421996,-15.38,19.0,0.852
2025-04-17T03:51:42.000,9.92,-15.02,3.8,18.89,20.34,421997,-15.21,19.0,0.852
2025-04-17T03:52:43.000,9.71,-15.13,3.82,18.89,20.34,421998,-15.05,19.0,0.852
2025-04-17T03:53:43.000,9.72,-15.27,3.82,18.89,20.34,421999,-14.88,19.0,0.851
2025-04-17T03:54:43.000,9.86,-15.05,3.83,18.88,20.34,422000,-14.72,19.0,0.851
2025-04-17T03:55:43.000,10.03,-15.01,3.83,18.88,20.34,422001,-14.56,19.0,0.851
2025-04-17T03:56:43.000,10.05,-14.63,3.85,18.88,20.34,422002,-14.39,19.0,0.851
2025-04-17T03:57:43.000,9.85,-14.65,3.85,18.88,20.34,422003,-14.23,19.0,0.851
2025-04-17T03:58:43.000,9.84,-14.68,3.87,18.87,20.34,422004,-14.06,19.0,0.851
2025-04-17T03:59:44.000,10.01,-14.51,3.9,18.86,20.34,422005,-13.9,19.0,0.851
2025-04-17T04:00:44.000,10.15,-14.34,3.93,18.85,20.34,422006,-13.73,19.0,0.851
2025-04-17T04:01:44.000,9.98,-14.33,3.96,18.85,20.34,422007,-13.56,19.0,0.851
2025-04-17T04:02:44.000,9.78,-14.63,4.0,18.84,20.34,422008,-13.4,19.0,0.851
2025-04-17T04:03:44.000,9.79,-14.85,4.04,18.82,20.34,422009,-13.23,19.0,0.851
2025-04-17T04:04:44.000,9.88,-14.9,4.1,18.81,20.34,422010,-13.07,19.0,0.851
2025-04-17T04:05:44.000,10.05,-14.73,4.16,18.79,20.34,422011,-12.9,18.0,0.851
2025-04-17T04:06:44.000,10.03,-14.72,4.24,18.77,20.34,422012,-12.73,18.0,0.851
2025-04-17T04:07:44.000,9.81,-14.88,4.32,18.75,20.34,422013,-12.56,18.0,0.851
2025-04-17T04:08:45.000,9.75,-14.94,4.41,18.73,20.34,422014,-12.39,18.0,0.851
2025-04-17T04:09:45.000,9.88,-14.8,4.55,18.7,20.34,422015,-12.23,18.0,0.851
2025-04-17T04:10:46.000,10.01,-15.13,4.72,18.66,20.34,422016,-12.06,18.0,0.851
2025-04-17T04:11:45.000,9.88,-15.11,4.86,18.62,20.34,422017,-11.89,18.0,0.851
2025-04-17T04:12:45.000,9.94,-14.99,5.07,18.58,20.34,422018,-11.72,18.0,0.851
2025-04-17T04:13:45.000,10.02,-15.02,5.29,18.53,20.34,422019,-11.55,18.0,0.851
2025-04-17T04:14:45.000,9.93,-15.04,5.6,18.47,20.34,422020,-11.38,18.0,0.85
2025-04-17T04:15:46.000,9.85,-15.06,5.93,18.41,20.34,422021,-11.21,18.0,0.85
2025-04-17T04:16:46.000,9.86,-15.14,6.26,18.35,20.34,422022,-11.04,18.0,0.85
2025-04-17T04:17:46.000,9.95,-15.23,6.76,18.27,20.34,422023,-10.87,18.0,0.85
2025-04-17T04:18:46.000,9.99,-15.23,7.25,18.19,20.34,422024,-10.7,18.0,0.85
2025-04-17T04:19:46.000,10.0,-14.99,7.94,18.09,20.34,422025,-10.53,18.0,0.85
2025-04-17T04:20:46.000,9.97,-15.02,8.66,18.0,20.34,422026,-10.36,18.0,0.85
2025-04-17T04:21:46.000,9.98,-15.01,9.53,17.89,20.34,422027,-10.19,18.0,0.85
2025-04-17T04:22:46.000,10.01,-14.98,10.55,17.78,20.34,422028,-10.02,18.0,0.85
2025-04-17T04:23:47.000,9.72,-15.91,11.74,17.67,20.34,422029,-9.84,17.0,0.85
2025-04-17T04:24:47.000,9.57,-15.51,13.36,17.53,20.34,422030,-9.67,17.0,0.85
2025-04-17T04:25:47.000,9.63,-15.23,15.03,17.4,20.34,422031,-9.5,17.0,0.85
2025-04-17T04:26:47.000,9.78,-15.29,17.29,17.25,20.34,422032,-9.33,17.0,0.85
2025-04-17T04:27:47.000,9.85,-15.17,19.75,17.1,20.34,422033,-9.16,17.0,0.85
2025-04-17T04:28:47.000,9.97,-15.24,22.67,16.95,20.34,422034,-8.98,17.0,0.85
2025-04-17T04:29:47.000,9.88,-15.67,26.31,16.79,20.34,422035,-8.81,17.0,0.85
2025-04-17T04:30:47.000,9.95,-15.15,30.72,16.62,20.34,422036,-8.64,17.0,0.85
2025-04-17T04:31:48.000,9.98,-15.34,36.46,16.44,20.34,422037,-8.46,17.0,0.85
2025-04-17T04:32:48.000,10.03,-15.16,43.48,16.25,20.34,422038,-8.29,17.0,0.85
2025-04-17T04:33:48.000,9.83,-15.3,50.33,16.09,20.34,422039,-8.12,17.0,0.85
2025-04-17T04:34:48.000,9.75,-15.42,62.39,15.85,20.34,422040,-7.94,17.0,0.85
2025-04-17T04:35:48.000,9.81,-15.39,76.18,15.64,20.34,422041,-7.77,17.0,0.849
2025-04-17T04:36:49.000,9.88,-15.6,93.19,15.42,20.34,422042,-7.59,17.0,0.849
2025-04-17T04:37:49.000,9.96,-15.58,113.91,15.2,20.34,422043,-7.42,17.0,0.849
2025-04-17T04:38:49.000,10.07,-15.23,139.3,14.98,20.34,422044,-7.24,16.0,0.849
2025-04-17T04:39:49.000,9.88,-15.34,170.88,14.76,20.34,422045,-7.07,16.0,0.849
2025-04-17T04:40:49.000,9.83,-15.13,210.87,14.53,20.34,422046,-6.89,16.0,0.849
2025-04-17T04:41:50.000,9.9,-15.39,260.79,14.3,20.34,422047,-6.71,16.0,0.849
2025-04-17T04:42:50.000,10.04,-15.12,323.27,14.07,20.34,422048,-6.54,16.0,0.849
2025-04-17T04:43:50.000,10.0,-15.03,400.92,13.83,20.34,422049,-6.36,16.0,0.849
2025-04-17T04:44:51.000,9.74,-15.45,497.47,13.6,20.34,422050,-6.18,16.0,0.849
2025-04-17T04:45:51.000,9.72,-15.31,618.36,13.36,20.34,422051,-6.01,16.0,0.849
2025-04-17T04:46:52.000,9.86,-15.2,767.38,13.13,20.34,422052,-5.83,16.0,0.849
2025-04-17T04:47:52.000,10.05,-15.15,951.02,12.9,20.34,422053,-5.65,16.0,0.849
2025-04-17T04:48:53.000,9.95,-15.19,1177.84,12.66,20.34,422054,-5.47,16.0,0.849
2025-04-17T04:49:53.000,9.83,-15.35,1457.76,12.43,20.34,422055,-5.3,16.0,0.849
2025-04-17T04:50:54.000,9.86,-15.4,1803.38,12.2,20.34,422056,-5.12,16.0,0.849
2025-04-17T04:51:54.000,9.98,-15.46,2230.84,11.97,20.34,422057,-4.94,15.0,0.849
2025-04-17T04:52:55.000,10.08,-15.07,2759.62,11.74,20.34,422058,-4.76,15.0,0.849
2025-04-17T04:53:55.000,9.96,-14.99,3414.42,11.51,20.34,422059,-4.58,15.0,0.849
2025-04-17T04:54:56.000,9.78,-15.29,4227.36,11.28,20.34,422060,-4.4,15.0,0.849
2025-04-17T04:55:56.000,9.75,-15.43,5236.78,11.04,20.34,422061,-4.22,15.0,0.849
2025-04-17T04:56:57.000,9.91,-15.26,6485.16,10.81,20.34,422062,-4.04,15.0,0.848
2025-04-17T04:57:57.000,10.05,-15.24,8025.71,10.58,20.34,422063,-3.86,15.0,0.848
2025-04-17T04:58:57.000,9.9,-15.35,9914.71,10.35,20.34,422064,-3.68,15.0,0.848
2025-04-17T04:59:58.000,9.86,-15.22,12205.58,10.13,20.34,422065,-3.5,15.0,0.848
2025-04-17T05:00:58.000,9.91,-15.26,14943.8,9.91,20.34,422066,-3.32,15.0,0.848
2025-04-17T05:01:59.000,9.76,-15.15,18172.93,9.69,20.34,422067,-3.14,15.0,0.848
2025-04-17T05:03:00.000,9.43,-15.2,21943.93,9.49,20.34,422068,-2.96,15.0,0.848
2025-04-17T05:04:00.000,9.04,-15.11,25780.02,9.47,20.34,422069,-2.78,14.0,0.848
2025-04-17T05:05:00.000,8.75,-14.93,31521.38,9.09,20.34,422070,-2.6,14.0,0.848
2025-04-17T05:06:01.000,8.48,-14.95,37512.45,8.91,20.34,422071,-2.42,14.0,0.848
2025-04-17T05:07:02.000,8.25,-14.83,44353.84,8.72,20.34,422072,-2.24,14.0,0.848
2025-04-17T05:08:02.000,8.06,-14.83,52015.98,8.55,20.34,422073,-2.06,14.0,0.848
2025-04-17T05:09:03.000,7.88,-14.74,60361.0,8.29,20.34,422074,-1.87,14.0,0.848
2025-04-17T05:10:03.000,7.74,-14.75,50000.0,0.0,20.34,422075,-1.69,14.0,0.848
2025-04-17T05:11:03.000,7.62,-14.74,50000.0,0.0,20.34,422076,-1.51,14.0,0.848
2025-04-17T05:12:04.000,7.51,-14.69,50000.0,0.0,20.34,422077,-1.33,14.0,0.848
2025-04-17T05:13:04.000,7.42,-14.62,50000.0,0.0,20.34,422078,-1.15,14.0,0.848
2025-04-17T05:14:04.000,7.36,-14.54,49444.57,0.2,20.34,422079,-0.97,14.0,0.848
2025-04-17T05:15:05.000,7.36,-14.33,50000.0,0.0,20.34,422080,-0.78,13.0,0.848
2025-04-17T05:16:05.000,7.39,-14.35,50000.0,0.0,20.34,422081,-0.6,13.0,0.848
2025-04-17T05:17:05.000,7.41,-14.35,50000.0,0.0,20.34,422082,-0.42,13.0,0.847
2025-04-17T05:26:06.000,7.48,-14.33,50000.0,0.0,20.34,422091,1.22,12.0,0.847
2025-04-17T05:27:06.000,7.47,-14.34,50000.0,0.0,20.34,422092,1.4,12.0,0.847
2025-04-17T05:28:06.000,7.47,-14.34,50000.0,0.0,20.34,422093,1.58,12.0,0.847
2025-04-17T05:29:06.000,7.48,-14.31,49429.02,0.19,20.34,422094,1.77,12.0,0.847
2025-04-17T05:30:07.000,7.48,-14.29,50000.0,0.0,20.34,422095,1.95,12.0,0.847
2025-04-17T05:31:07.000,7.5,-14.31,49726.89,0.09,20.34,422096,2.13,12.0,0.847
2025-04-17T05:32:07.000,7.48,-14.35,50000.0,0.0,20.34,422097,2.32,12.0,0.847
2025-04-17T05:33:07.000,7.5,-14.19,50000.0,0.0,20.34,422098,2.5,12.0,0.847
2025-04-17T05:34:07.000,7.55,-14.18,50000.0,0.0,20.34,422099,2.68,12.0,0.847
2025-04-17T08:29:32.000,18.54,-7.13,50000.0,0.0,20.34,422274,35.11,-12.0,0.838
2025-04-17T08:30:32.000,18.56,-7.22,50000.0,0.0,20.34,422275,35.29,-13.0,0.838
2025-04-17T08:31:32.000,18.73,-6.99,50000.0,0.0,20.34,422276,35.46,-13.0,0.838
2025-04-17T08:33:37.000,18.72,-7.94,50000.0,0.0,20.34,422278,35.83,-13.0,0.838
2025-04-17T08:34:37.000,18.61,-7.35,50000.0,0.0,20.34,422279,36.01,-13.0,0.838
2025-04-17T08:35:38.000,18.73,-7.06,50000.0,0.0,20.34,422280,36.19,-13.0,0.838
2025-04-17T10:02:54.000,23.62,-2.98,50000.0,0.0,20.34,422367,50.16,-28.0,0.834
2025-04-17T10:03:54.000,23.88,-2.77,50000.0,0.0,20.34,422368,50.3,-28.0,0.833
2025-04-17T10:04:55.000,23.64,-4.73,50000.0,0.0,20.34,422369,50.44,-29.0,0.833
2025-04-17T10:07:00.000,23.25,-3.76,50000.0,0.0,20.34,422371,50.72,-29.0,0.833
2025-04-17T10:08:01.000,23.22,-3.51,50000.0,0.0,20.34,422372,50.86,-29.0,0.833
2025-04-17T10:09:01.000,23.5,-2.74,50000.0,0.0,20.34,422373,50.99,-29.0,0.833
2025-04-17T10:33:07.000,24.52,-3.24,50000.0,0.0,20.34,422397,53.97,-33.0,0.832
2025-04-17T10:34:07.000,24.49,-3.01,50000.0,0.0,20.34,422398,54.08,-34.0,0.832
2025-04-17T10:35:07.000,24.37,-2.75,50000.0,0.0,20.34,422399,54.19,-34.0,0.832
2025-04-17T10:37:13.000,24.4,-3.11,50000.0,0.0,20.34,422401,54.42,-34.0,0.832
2025-04-17T10:38:13.000,24.75,-1.43,50000.0,0.0,20.34,422402,54.53,-34.0,0.832
2025-04-17T10:39:13.000,25.21,-1.09,50000.0,0.0,20.34,422403,54.64,-35.0,0.832
2025-04-17T10:45:14.000,25.53,-1.38,50000.0,0.0,20.34,422409,55.26,-36.0,0.831
2025-04-17T10:46:14.000,25.35,-2.93,50000.0,0.0,20.34,422410,55.36,-36.0,0.831
2025-04-17T10:47:14.000,25.12,-2.44,50000.0,0.0,20.34,422411,55.46,-36.0,0.831
2025-04-17T10:49:20.000,25.18,-1.35,50000.0,0.0,20.34,422413,55.66,-36.0,0.831
2025-04-17T10:50:21.000,25.16,-2.76,50000.0,0.0,20.34,422414,55.76,-37.0,0.831
2025-04-17T10:51:22.000,25.05,-2.06,50000.0,0.0,20.34,422415,55.85,-37.0,0.831
2025-04-17T11:33:29.000,26.28,-0.72,50000.0,0.0,20.34,422457,58.65,-44.0,0.829
2025-04-17T11:34:29.000,26.11,-2.26,50000.0,0.0,20.34,422458,58.69,-44.0,0.829
2025-04-17T11:35:29.000,25.95,-1.21,50000.0,0.0,20.34,422459,58.72,-45.0,0.829
2025-04-17T11:37:35.000,25.87,-0.9,50000.0,0.0,20.34,422461,58.79,-45.0,0.829
2025-04-17T11:38:35.000,26.0,-0.8,50000.0,0.0,20.34,422462,58.82,-45.0,0.829
2025-04-17T11:39:35.000,26.28,-0.07,50000.0,0.0,20.34,422463,58.85,-45.0,0.829
2025-04-17T15:41:17.000,23.95,-2.02,50000.0,0.0,20.34,422704,32.32,-76.0,0.816
2025-04-17T15:42:17.000,23.86,-2.48,50000.0,0.0,20.34,422705,32.14,-76.0,0.816
2025-04-17T15:43:17.000,23.72,-3.04,50000.0,0.0,20.34,422706,31.96,-76.0,0.816
2025-04-17T15:45:23.000,23.5,-2.81,50000.0,0.0,20.34,422708,31.58,-76.0,0.816
2025-04-17T15:46:23.000,23.51,-2.65,50000.0,0.0,20.34,422709,31.4,-76.0,0.816
2025-04-17T15:47:23.000,23.31,-3.0,50000.0,0.0,20.34,422710,31.22,-76.0,0.816
2025-04-17T18:21:49.000,15.94,-5.35,50000.0,0.0,20.34,422864,2.6,-53.0,0.808
2025-04-17T18:22:49.000,15.87,-5.42,50000.0,0.0,20.34,422865,2.42,-53.0,0.808
2025-04-17T18:23:49.000,15.78,-5.41,50000.0,0.0,20.34,422866,2.24,-53.0,0.808
2025-04-17T18:24:49.000,15.7,-5.43,49728.51,0.09,20.34,422867,2.06,-52.0,0.808
2025-04-17T18:25:49.000,15.61,-5.39,50000.0,0.0,20.34,422868,1.87,-52.0,0.808
2025-04-17T18:26:49.000,15.56,-5.35,50000.0,0.0,20.34,422869,1.69,-52.0,0.808
2025-04-17T18:27:50.000,15.52,-5.35,49707.85,0.1,20.34,422870,1.51,-52.0,0.808
2025-04-17T18:28:50.000,15.45,-5.33,50000.0,0.0,20.34,422871,1.32,-52.0,0.808
2025-04-17T18:29:50.000,15.4,-5.34,50000.0,0.0,20.34,422872,1.14,-51.0,0.807
2025-04-17T18:30:50.000,15.34,-5.4,50000.0,0.0,20.34,422873,0.96,-51.0,0.807
2025-04-17T18:43:52.000,14.68,-5.27,50000.0,0.0,20.34,422886,-1.4,-49.0,0.807
2025-04-17T18:44:53.000,14.64,-5.3,50000.0,0.0,20.34,422887,-1.58,-49.0,0.807
2025-04-17T18:45:53.000,14.59,-5.24,50000.0,0.0,20.34,422888,-1.76,-49.0,0.807
2025-04-17T18:46:54.000,14.57,-5.22,54893.07,3.06,20.34,422889,-1.94,-48.0,0.807
2025-04-17T18:47:54.000,14.56,-5.22,56763.11,8.53,20.34,422890,-2.12,-48.0,0.807
2025-04-17T18:48:55.000,14.52,-5.35,49216.13,8.61,20.34,422891,-2.3,-48.0,0.806
2025-04-17T18:49:55.000,14.44,-5.48,41851.49,8.79,20.34,422892,-2.48,-48.0,0.806
2025-04-17T18:50:55.000,14.34,-5.47,35057.48,9.05,20.34,422893,-2.66,-48.0,0.806
2025-04-17T18:51:56.000,14.27,-5.54,29822.4,9.16,20.34,422894,-2.84,-48.0,0.806
2025-04-17T18:52:56.000,14.18,-5.62,24373.56,9.51,20.34,422895,-3.02,-47.0,0.806
2025-04-17T18:53:57.000,14.1,-5.6,20718.09,9.55,20.34,422896,-3.2,-47.0,0.806
2025-04-17T18:54:57.000,14.01,-5.53,17123.2,9.76,20.34,422897,-3.38,-47.0,0.806
2025-04-17T18:55:57.000,13.93,-5.52,14070.78,9.97,20.34,422898,-3.56,-47.0,0.806
2025-04-17T18:56:58.000,13.83,-5.59,11486.78,10.19,20.34,422899,-3.74,-47.0,0.806
2025-04-17T18:57:58.000,13.73,-5.54,9327.27,10.42,20.34,422900,-3.92,-46.0,0.806
2025-04-17T18:58:59.000,13.66,-5.46,7557.28,10.65,20.34,422901,-4.1,-46.0,0.806
2025-04-17T18:59:59.000,13.64,-5.38,6116.91,10.88,20.34,422902,-4.28,-46.0,0.806
2025-04-17T19:00:59.000,13.61,-5.49,4938.64,11.11,20.34,422903,-4.45,-46.0,0.806
