ecsv/stars714/stars714_2024-04.ecsv
# %ECSV 1.0
# ---
# datatype:
# - {name: time, datatype: string}
# - {name: Enclosure Temperature, unit: deg_C, datatype: float64}
# - {name: Sky Temperature, unit: deg_C, datatype: float64}
# - {name: Frequency, unit: Hz, datatype: float64}
# - {name: MSAS, unit: mag / arcsec2, datatype: float64}
# - {name: ZP, datatype: float64}
# - {name: Sequence Number, datatype: int64}
# - {name: Sun Alt, unit: deg, datatype: float64}
# - {name: Moon Alt, unit: deg, datatype: float64}
# - {name: Moon Illumination, datatype: float64}
# delimiter: ','
# meta: !!omap
# - ida:
#     Data supplier: {affiliation: "Institut Alcarr\xE1s", observer: "Jos\xE9 Manuel P\xE9rez Redondo"}
#     Device type: TESS-W
#     Field of view: 17.0
#     Filters per channel: None
#     Instrument ID: stars714
#     License: ODbL 1.0 http://opendatacommons.org/licenses/odbl/summary/
#     Local timezone: Europe/Madrid
#     Location name: {country: "- Institut d'Alcarr\xE0s", place: "Alcarr\xE0s", region: Spain, sub_region: Catalonia, town: "Segri\xE0"}
#     Measurement direction per channel: {azimuth: 0.0, zenital: 0.0}
#     Moving / Fixed look direction: FIXED
#     Moving / Stationary position: STATIONARY
#     Number of channels: 1
#     Number of fields per line: 8
#     Number of header lines: 35
#     Position: {height: 0.0, latitude: 41.561767, longitude: 0.5180167}
#     TESS MAC address: 24:A1:60:2F:98:C7
#     TESS cover offset value: 0.0
#     TESS firmware version: '1.0'
#     TESS zero point: 20.34
#     Time Synchronization: timestamp added by MQTT subscriber
#     URL: http://www.darksky.org/NSBM/sdf1.0.pdf
# - __serialized_columns__:
#     Enclosure Temperature:
#       __class__: astropy.units.quantity.Quantity
#       unit: &id001 !astropy.units.Unit {unit: deg_C}
#       value: !astropy.table.SerializedColumn {name: Enclosure Temperature}
#     Frequency:
#       __class__: astropy.units.quantity.Quantity
#       unit: !astropy.units.Unit {unit: Hz}
#       value: !astropy.table.SerializedColumn {name: Frequency}
#     MSAS:
#       __class__: astropy.units.quantity.Quantity
#       unit: !astropy.units.Unit {unit: mag / arcsec2}
#       value: !astropy.table.SerializedColumn {name: MSAS}
#     Moon Alt:
#       __class__: astropy.units.quantity.Quantity
#       unit: &id002 !astropy.units.Unit {unit: deg}
#       value: !astropy.table.SerializedColumn {name: Moon Alt}
#     Sky Temperature:
#       __class__: astropy.units.quantity.Quantity
#       unit: *id001
#       value: !astropy.table.SerializedColumn {name: Sky Temperature}
#     Sun Alt:
#       __class__: astropy.units.quantity.Quantity
#       unit: *id002
#       value: !astropy.table.SerializedColumn {name: Sun Alt}
#     time:
#       __class__: astropy.time.core.Time
#       format: isot
#       in_subfmt: '*'
#       out_subfmt: '*'
#       precision: 3
#       scale: utc
#       value: !astropy.table.SerializedColumn {name: time}
# schema: astropy-2.0
time,Enclosure Temperature,Sky Temperature,Frequency,MSAS,ZP,Sequence Number,Sun Alt,Moon Alt,Moon Illumination
[from data line 15604]
2024-04-29T04:39:18.000,13.9,7.34,5965.4,10.91,20.34,272831,-3.91,19.0,0.741
2024-04-29T04:40:19.000,13.87,7.32,7932.93,10.59,20.34,272832,-3.74,19.0,0.741
2024-04-29T04:41:19.000,13.83,7.3,10013.31,10.34,20.34,272833,-3.57,19.0,0.741
2024-04-29T04:42:20.000,13.8,7.26,12088.33,10.14,20.34,272834,-3.39,19.0,0.741
2024-04-29T04:43:20.000,13.76,7.37,14267.0,9.96,20.34,272835,-3.22,19.0,0.741
2024-04-29T04:44:20.000,13.7,8.26,16613.18,9.79,20.34,272836,-3.05,19.0,0.741
2024-04-29T04:45:21.000,13.69,8.25,19639.13,9.61,20.34,272837,-2.87,19.0,0.741
2024-04-29T04:46:21.000,13.65,8.14,24068.42,9.39,20.34,272838,-2.7,19.0,0.741
2024-04-29T04:47:22.000,13.64,7.99,29377.19,9.17,20.34,272839,-2.52,19.0,0.741
2024-04-29T04:48:22.000,13.53,7.66,34304.15,9.08,20.34,272840,-2.35,19.0,0.741
2024-04-29T04:49:22.000,13.4,7.48,39905.71,8.84,20.34,272841,-2.17,19.0,0.741
2024-04-29T04:50:23.000,13.3,7.36,46130.82,8.68,20.34,272842,-2.0,19.0,0.741
2024-04-29T04:51:23.000,13.23,7.24,54231.54,8.51,20.34,272843,-1.82,19.0,0.741
2024-04-29T04:52:23.000,13.17,7.13,58585.98,6.04,20.34,272844,-1.65,19.0,0.741
2024-04-29T04:53:24.000,13.12,7.08,50000.0,0.0,20.34,272845,-1.47,19.0,0.74
2024-04-29T04:54:24.000,13.05,6.96,50000.0,0.0,20.34,272846,-1.3,19.0,0.74
2024-04-29T04:55:24.000,12.99,6.91,50000.0,0.0,20.34,272847,-1.12,19.0,0.74
2024-04-29T05:11:29.000,13.34,6.99,50000.0,0.0,20.34,272863,1.72,18.0,0.739
2024-04-29T05:12:29.000,13.37,6.95,50000.0,0.0,20.34,272864,1.9,18.0,0.739
2024-04-29T05:13:30.000,13.37,6.83,50000.0,0.0,20.34,272865,2.08,18.0,0.739
2024-04-29T05:14:30.000,13.37,6.87,49679.65,0.11,20.34,272866,2.26,18.0,0.739
2024-04-29T05:15:30.000,13.36,6.75,50000.0,0.0,20.34,272867,2.43,18.0,0.739
2024-04-29T05:16:30.000,13.38,6.79,50000.0,0.0,20.34,272868,2.61,18.0,0.739
2024-04-29T05:17:30.000,13.4,6.77,50000.0,0.0,20.34,272869,2.79,18.0,0.739
2024-04-29T05:18:30.000,13.41,6.65,49729.84,0.09,20.34,272870,2.97,18.0,0.739
2024-04-29T05:19:30.000,13.43,6.46,50000.0,0.0,20.34,272871,3.15,18.0,0.739
2024-04-29T05:20:31.000,13.42,6.28,50000.0,0.0,20.34,272872,3.33,18.0,0.739
2024-04-29T05:21:31.000,13.43,6.28,50000.0,0.0,20.34,272873,3.51,18.0,0.739
2024-04-29T18:31:57.000,13.89,12.51,50000.0,0.0,20.34,273661,3.08,-65.0,0.685
2024-04-29T18:32:57.000,13.76,12.09,50000.0,0.0,20.34,273662,2.9,-65.0,0.685
2024-04-29T18:33:57.000,13.66,12.3,50000.0,0.0,20.34,273663,2.72,-64.0,0.685
2024-04-29T18:34:58.000,13.69,12.48,49716.07,0.09,20.34,273664,2.54,-64.0,0.685
2024-04-29T18:35:57.000,13.67,12.36,50000.0,0.0,20.34,273665,2.36,-64.0,0.685
2024-04-29T18:36:58.000,13.64,12.41,49729.84,0.09,20.34,273666,2.18,-64.0,0.685
2024-04-29T18:37:58.000,13.63,12.3,50000.0,0.0,20.34,273667,2.01,-64.0,0.685
2024-04-29T18:38:58.000,13.6,12.37,50000.0,0.0,20.34,273668,1.83,-64.0,0.685
2024-04-29T18:39:58.000,13.58,12.34,49719.26,0.09,20.34,273669,1.65,-63.0,0.685
2024-04-29T18:40:58.000,13.57,12.3,50000.0,0.0,20.34,273670,1.47,-63.0,0.684
2024-04-29T18:41:58.000,13.54,12.31,50000.0,0.0,20.34,273671,1.3,-63.0,0.684
2024-04-29T18:42:59.000,13.51,12.25,50000.0,0.0,20.34,273672,1.12,-63.0,0.684
2024-04-29T18:48:59.000,13.29,12.09,50000.0,0.0,20.34,273678,0.06,-62.0,0.684
2024-04-29T18:50:00.000,13.26,11.92,50000.0,0.0,20.34,273679,-0.12,-62.0,0.684
2024-04-29T18:51:00.000,13.25,11.99,50000.0,0.0,20.34,273680,-0.3,-62.0,0.684
2024-04-29T18:52:00.000,13.17,11.69,49495.32,0.17,20.34,273681,-0.47,-61.0,0.684
2024-04-29T18:53:00.000,13.1,11.71,50000.0,0.0,20.34,273682,-0.65,-61.0,0.684
2024-04-29T18:54:00.000,13.16,11.94,50000.0,0.0,20.34,273683,-0.82,-61.0,0.684
2024-04-29T18:55:01.000,13.15,11.89,50000.0,0.0,20.34,273684,-1.0,-61.0,0.683
2024-04-29T18:57:02.000,13.15,11.96,50000.0,0.0,20.34,273686,-1.35,-61.0,0.683
2024-04-29T18:58:02.000,13.17,11.93,50000.0,0.0,20.34,273687,-1.52,-60.0,0.683
2024-04-29T18:59:02.000,13.13,11.86,50000.0,0.0,20.34,273688,-1.7,-60.0,0.683
2024-04-29T19:00:03.000,13.11,11.82,59414.16,6.31,20.34,273689,-1.88,-60.0,0.683
2024-04-29T19:01:03.000,13.08,11.75,56766.27,8.46,20.34,273690,-2.05,-60.0,0.683
2024-04-29T19:02:04.000,13.07,11.86,50810.69,8.58,20.34,273691,-2.23,-60.0,0.683
2024-04-29T19:03:04.000,13.07,11.8,45146.98,8.7,20.34,273692,-2.4,-60.0,0.683
2024-04-29T19:04:05.000,13.03,11.69,39420.11,8.85,20.34,273693,-2.57,-59.0,0.683
2024-04-29T19:05:05.000,13.01,11.74,34101.54,9.01,20.34,273694,-2.75,-59.0,0.683
2024-04-29T19:06:06.000,12.98,11.67,29360.16,9.17,20.34,273695,-2.92,-59.0,0.683
2024-04-29T19:07:06.000,12.96,11.76,25107.99,9.43,20.34,273696,-3.09,-59.0,0.683
2024-04-29T19:08:06.000,12.96,11.7,21859.87,9.49,20.34,273697,-3.27,-59.0,0.683
2024-04-29T19:09:07.000,12.93,11.64,18718.36,9.66,20.34,273698,-3.44,-59.0,0.682
2024-04-29T19:10:07.000,12.91,11.61,15880.22,9.84,20.34,273699,-3.61,-58.0,0.682
2024-04-29T19:11:08.000,12.87,11.54,13208.98,10.04,20.34,273700,-3.79,-58.0,0.682
2024-04-29T19:12:08.000,12.84,11.49,10743.47,10.26,20.34,273701,-3.96,-58.0,0.682
2024-04-29T19:13:09.000,12.81,11.46,8651.8,10.5,20.34,273702,-4.13,-58.0,0.682
2024-04-29T19:14:09.000,12.81,11.58,6973.58,10.73,20.34,273703,-4.3,-58.0,0.682
2024-04-29T19:15:10.000,12.81,11.49,5619.11,10.97,20.34,273704,-4.48,-57.0,0.682
2024-04-29T19:16:10.000,12.8,11.56,4516.0,11.21,20.34,273705,-4.65,-57.0,0.682
2024-04-29T19:17:11.000,12.78,11.51,3609.47,11.45,20.34,273706,-4.82,-57.0,0.682
2024-04-29T19:18:11.000,12.76,11.51,2862.04,11.7,20.34,273707,-4.99,-57.0,0.682
2024-04-29T19:19:12.000,12.73,11.4,2267.04,11.95,20.34,273708,-5.16,-57.0,0.682
2024-04-29T19:20:13.000,12.72,11.45,1840.22,12.18,20.34,273709,-5.33,-57.0,0.682
2024-04-29T19:21:12.000,12.71,11.48,1537.22,12.37,20.34,273710,-5.5,-56.0,0.682
2024-04-29T19:22:13.000,12.7,11.41,1303.91,12.55,20.34,273711,-5.67,-56.0,0.682
2024-04-29T19:23:14.000,12.69,11.46,1108.78,12.73,20.34,273712,-5.84,-56.0,0.682
2024-04-29T19:24:14.000,12.67,11.36,936.87,12.91,20.34,273713,-6.01,-56.0,0.681
2024-04-29T19:25:14.000,12.64,11.28,792.38,13.09,20.34,273714,-6.18,-56.0,0.681
2024-04-29T19:26:15.000,12.64,11.39,666.69,13.28,20.34,273715,-6.35,-56.0,0.681
2024-04-29T19:27:15.000,12.68,11.47,560.2,13.47,20.34,273716,-6.52,-55.0,0.681
2024-04-29T19:28:16.000,12.67,11.45,473.8,13.65,20.34,273717,-6.69,-55.0,0.681
2024-04-29T19:29:16.000,12.7,11.51,394.33,13.85,20.34,273718,-6.85,-55.0,0.681
2024-04-29T19:30:16.000,12.75,11.65,319.49,14.08,20.34,273719,-7.02,-55.0,0.681
2024-04-29T19:31:17.000,12.77,11.59,254.34,14.33,20.34,273720,-7.19,-55.0,0.681
2024-04-29T19:32:18.000,12.78,11.61,202.58,14.58,20.34,273721,-7.36,-55.0,0.681
2024-04-29T19:33:18.000,12.8,11.62,160.81,14.83,20.34,273722,-7.52,-54.0,0.681
2024-04-29T19:34:18.000,12.83,11.65,130.81,15.05,20.34,273723,-7.69,-54.0,0.681
2024-04-29T19:35:18.000,12.86,11.76,104.93,15.29,20.34,273724,-7.86,-54.0,0.681
2024-04-29T19:36:18.000,12.89,11.77,84.52,15.52,20.34,273725,-8.02,-54.0,0.681
2024-04-29T19:37:18.000,12.94,11.94,69.43,15.74,20.34,273726,-8.19,-54.0,0.681
2024-04-29T19:38:18.000,12.99,11.91,58.34,15.93,20.34,273727,-8.35,-53.0,0.68
2024-04-29T19:39:19.000,13.02,11.96,49.55,16.1,20.34,273728,-8.52,-53.0,0.68
2024-04-29T19:40:18.000,13.05,12.01,45.28,16.2,20.34,273729,-8.68,-53.0,0.68
2024-04-29T19:41:19.000,13.1,12.06,40.12,16.33,20.34,273730,-8.84,-53.0,0.68
2024-04-29T19:42:19.000,13.14,12.06,34.73,16.49,20.34,273731,-9.01,-53.0,0.68
2024-04-29T19:43:19.000,13.17,12.07,31.79,16.58,20.34,273732,-9.17,-53.0,0.68
2024-04-29T19:44:19.000,13.2,12.14,31.76,16.59,20.34,273733,-9.33,-52.0,0.68
2024-04-29T19:45:19.000,13.21,12.03,33.26,16.54,20.34,273734,-9.5,-52.0,0.68
2024-04-29T19:46:19.000,13.22,12.09,30.01,16.65,20.34,273735,-9.66,-52.0,0.68
2024-04-29T19:47:19.000,13.24,12.12,33.51,16.53,20.34,273736,-9.82,-52.0,0.68
2024-04-29T19:48:20.000,13.25,12.09,32.49,16.56,20.34,273737,-9.99,-52.0,0.68
2024-04-29T19:49:20.000,13.26,12.17,29.36,16.67,20.34,273738,-10.15,-52.0,0.68
2024-04-29T19:50:20.000,13.31,12.28,31.98,16.58,20.34,273739,-10.31,-51.0,0.68
2024-04-29T19:51:20.000,13.35,12.24,33.97,16.51,20.34,273740,-10.47,-51.0,0.68
2024-04-29T19:52:20.000,13.39,12.32,31.43,16.6,20.34,273741,-10.63,-51.0,0.679
2024-04-29T19:53:20.000,13.4,12.29,29.51,16.67,20.34,273742,-10.79,-51.0,0.679
2024-04-29T19:54:20.000,13.43,12.33,28.21,16.71,20.34,273743,-10.95,-51.0,0.679
2024-04-29T19:55:20.000,13.45,12.36,28.12,16.72,20.34,273744,-11.11,-50.0,0.679
2024-04-29T19:56:20.000,13.46,12.4,26.95,16.76,20.34,273745,-11.27,-50.0,0.679
2024-04-29T19:57:20.000,13.48,12.37,33.36,16.53,20.34,273746,-11.43,-50.0,0.679
2024-04-29T19:58:20.000,13.52,12.4,36.37,16.44,20.34,273747,-11.59,-50.0,0.679
2024-04-29T19:59:21.000,13.48,12.33,36.64,16.43,20.34,273748,-11.75,-50.0,0.679
2024-04-29T20:00:21.000,13.48,12.24,35.3,16.47,20.34,273749,-11.9,-50.0,0.679
2024-04-29T20:01:21.000,13.45,12.25,33.88,16.52,20.34,273750,-12.06,-49.0,0.679
2024-04-29T20:02:21.000,13.5,12.43,37.61,16.4,20.34,273751,-12.22,-49.0,0.679
2024-04-29T20:03:21.000,13.48,12.24,40.49,16.32,20.34,273752,-12.38,-49.0,0.679
2024-04-29T20:04:21.000,13.48,12.31,40.98,16.31,20.34,273753,-12.53,-49.0,0.679
2024-04-29T20:05:21.000,13.48,12.2,41.9,16.28,20.34,273754,-12.69,-49.0,0.679
2024-04-29T20:06:21.000,13.4,11.94,41.69,16.29,20.34,273755,-12.85,-48.0,0.678
2024-04-29T20:07:22.000,13.33,12.02,43.48,16.24,20.34,273756,-13.0,-48.0,0.678
2024-04-29T20:08:22.000,13.37,12.2,41.43,16.3,20.34,273757,-13.16,-48.0,0.678
2024-04-29T20:09:22.000,13.42,12.39,38.27,16.38,20.34,273758,-13.31,-48.0,0.678
2024-04-29T20:10:22.000,13.47,12.36,39.92,16.34,20.34,273759,-13.47,-48.0,0.678
2024-04-29T20:11:22.000,13.47,12.26,40.34,16.33,20.34,273760,-13.62,-48.0,0.678
2024-04-29T20:12:22.000,13.48,12.35,40.66,16.32,20.34,273761,-13.78,-47.0,0.678
2024-04-29T20:13:22.000,13.5,12.27,42.3,16.27,20.34,273762,-13.93,-47.0,0.678
2024-04-29T20:14:22.000,13.44,12.15,42.89,16.26,20.34,273763,-14.08,-47.0,0.678
2024-04-29T20:15:23.000,13.44,12.21,41.37,16.3,20.34,273764,-14.24,-47.0,0.678
2024-04-29T20:16:23.000,13.44,12.26,37.49,16.41,20.34,273765,-14.39,-47.0,0.678
2024-04-29T20:17:23.000,13.43,12.14,34.7,16.49,20.34,273766,-14.54,-47.0,0.678
2024-04-29T20:18:23.000,13.43,12.27,36.22,16.44,20.34,273767,-14.69,-46.0,0.678
2024-04-29T20:19:23.000,13.48,12.39,37.23,16.41,20.34,273768,-14.85,-46.0,0.678
2024-04-29T20:20:24.000,13.52,12.37,34.86,16.48,20.34,273769,-15.0,-46.0,0.677
2024-04-29T20:21:23.000,13.55,12.43,39.88,16.34,20.34,273770,-15.15,-46.0,0.677
2024-04-29T20:22:24.000,13.59,12.57,44.6,16.22,20.34,273771,-15.3,-46.0,0.677
2024-04-29T20:23:24.000,13.59,12.37,45.18,16.2,20.34,273772,-15.45,-45.0,0.677
2024-04-29T20:24:24.000,13.59,12.38,44.55,16.22,20.34,273773,-15.6,-45.0,0.677
2024-04-29T20:25:24.000,13.56,12.33,44.08,16.23,20.34,273774,-15.75,-45.0,0.677
2024-04-29T20:26:24.000,13.59,12.53,42.71,16.26,20.34,273775,-15.9,-45.0,0.677
2024-04-29T20:27:24.000,13.66,12.68,44.42,16.22,20.34,273776,-16.04,-45.0,0.677
2024-04-29T20:28:24.000,13.74,12.75,47.3,16.15,20.34,273777,-16.19,-45.0,0.677
2024-04-29T20:29:24.000,13.76,12.8,48.82,16.12,20.34,273778,-16.34,-44.0,0.677
2024-04-29T20:30:24.000,13.8,12.74,50.55,16.08,20.34,273779,-16.49,-44.0,0.677
2024-04-29T20:31:24.000,13.75,12.55,49.92,16.09,20.34,273780,-16.63,-44.0,0.677
2024-04-29T20:32:25.000,13.79,12.75,49.85,16.1,20.34,273781,-16.78,-44.0,0.677
2024-04-29T20:33:25.000,13.78,12.64,48.95,16.12,20.34,273782,-16.93,-44.0,0.677
2024-04-29T20:34:25.000,13.8,12.77,48.44,16.13,20.34,273783,-17.07,-43.0,0.676
2024-04-29T20:35:25.000,13.86,12.89,48.16,16.13,20.34,273784,-17.22,-43.0,0.676
2024-04-29T20:36:25.000,13.87,12.73,47.97,16.14,20.34,273785,-17.36,-43.0,0.676
2024-04-29T20:37:25.000,13.81,12.58,46.24,16.18,20.34,273786,-17.51,-43.0,0.676
2024-04-29T20:38:25.000,13.84,12.73,45.44,16.2,20.34,273787,-17.65,-43.0,0.676
2024-04-29T20:39:26.000,13.87,12.82,44.24,16.23,20.34,273788,-17.8,-43.0,0.676
2024-04-29T20:40:26.000,13.9,12.9,43.51,16.24,20.34,273789,-17.94,-42.0,0.676
2024-04-29T20:41:26.000,13.95,12.92,41.29,16.3,20.34,273790,-18.08,-42.0,0.676
2024-04-29T20:42:26.000,13.93,12.75,42.56,16.27,20.34,273791,-18.22,-42.0,0.676
2024-04-29T20:43:26.000,13.85,12.52,43.89,16.23,20.34,273792,-18.36,-42.0,0.676
2024-04-29T20:44:26.000,13.87,12.77,45.2,16.2,20.34,273793,-18.51,-42.0,0.676
2024-04-29T20:45:26.000,13.86,12.63,46.47,16.17,20.34,273794,-18.65,-42.0,0.676
2024-04-29T20:46:26.000,13.82,12.58,47.21,16.15,20.34,273795,-18.79,-41.0,0.676
2024-04-29T20:47:26.000,13.81,12.57,46.73,16.17,20.34,273796,-18.93,-41.0,0.676
2024-04-29T20:48:26.000,13.73,12.23,45.5,16.2,20.34,273797,-19.07,-41.0,0.676
2024-04-29T20:49:27.000,13.59,12.07,44.28,16.22,20.34,273798,-19.21,-41.0,0.675
2024-04-29T20:50:27.000,13.62,12.41,43.29,16.25,20.34,273799,-19.34,-41.0,0.675
2024-04-29T20:51:27.000,13.64,12.39,42.72,16.26,20.34,273800,-19.48,-40.0,0.675
2024-04-29T20:52:27.000,13.66,12.56,42.82,16.26,20.34,273801,-19.62,-40.0,0.675
2024-04-29T20:53:27.000,13.74,12.69,43.63,16.24,20.34,273802,-19.76,-40.0,0.675
2024-04-29T20:54:27.000,13.72,12.44,43.07,16.25,20.34,273803,-19.89,-40.0,0.675
2024-04-29T20:55:27.000,13.72,12.59,40.53,16.32,20.34,273804,-20.03,-40.0,0.675
2024-04-29T20:56:28.000,13.73,12.51,40.33,16.33,20.34,273805,-20.17,-40.0,0.675
2024-04-29T20:57:28.000,13.69,12.5,40.82,16.31,20.34,273806,-20.3,-39.0,0.675
2024-04-29T20:58:28.000,13.7,12.46,41.5,16.29,20.34,273807,-20.44,-39.0,0.675
2024-04-29T20:59:28.000,13.74,12.55,43.59,16.24,20.34,273808,-20.57,-39.0,0.675
2024-04-29T21:00:28.000,13.67,12.4,44.0,16.23,20.34,273809,-20.7,-39.0,0.675
2024-04-29T21:01:28.000,13.78,12.82,40.91,16.31,20.34,273810,-20.84,-39.0,0.675
2024-04-29T21:02:28.000,13.83,12.82,36.54,16.43,20.34,273811,-20.97,-38.0,0.675
2024-04-29T21:03:28.000,13.92,12.97,33.37,16.53,20.34,273812,-21.1,-38.0,0.674
2024-04-29T21:04:28.000,13.91,12.77,30.58,16.63,20.34,273813,-21.23,-38.0,0.674
2024-04-29T21:05:28.000,13.9,12.79,31.01,16.61,20.34,273814,-21.36,-38.0,0.674
2024-04-29T21:06:28.000,13.9,12.68,33.82,16.52,20.34,273815,-21.5,-38.0,0.674
2024-04-29T21:07:28.000,13.92,12.93,33.87,16.52,20.34,273816,-21.63,-38.0,0.674
2024-04-29T21:08:29.000,13.87,12.49,31.41,16.6,20.34,273817,-21.76,-37.0,0.674
2024-04-29T21:09:29.000,13.85,12.67,28.76,16.69,20.34,273818,-21.89,-37.0,0.674
2024-04-29T21:10:29.000,13.79,12.41,26.52,16.78,20.34,273819,-22.01,-37.0,0.674
2024-04-29T21:11:29.000,13.81,12.69,26.2,16.79,20.34,273820,-22.14,-37.0,0.674
2024-04-29T21:12:29.000,13.8,12.59,28.29,16.71,20.34,273821,-22.27,-37.0,0.674
2024-04-29T21:13:29.000,13.82,12.68,29.02,16.68,20.34,273822,-22.4,-37.0,0.674
2024-04-29T21:14:29.000,13.78,12.54,28.89,16.69,20.34,273823,-22.52,-36.0,0.674
2024-04-29T21:15:29.000,13.76,12.48,27.67,16.74,20.34,273824,-22.65,-36.0,0.674
2024-04-29T21:16:30.000,13.6,11.97,25.96,16.8,20.34,273825,-22.78,-36.0,0.674
2024-04-29T21:17:30.000,13.55,12.24,21.24,17.03,20.34,273826,-22.9,-36.0,0.673
2024-04-29T21:18:30.000,13.54,12.15,16.03,17.33,20.34,273827,-23.03,-36.0,0.673
2024-04-29T21:19:30.000,13.37,11.83,15.86,17.34,20.34,273828,-23.15,-35.0,0.673
2024-04-29T21:20:30.000,13.32,11.89,18.65,17.16,20.34,273829,-23.27,-35.0,0.673
2024-04-29T21:21:30.000,13.29,11.84,20.2,17.08,20.34,273830,-23.39,-35.0,0.673
2024-04-29T21:22:30.000,13.13,11.5,20.56,17.06,20.34,273831,-23.52,-35.0,0.673
2024-04-29T21:23:30.000,13.05,11.52,19.7,17.1,20.34,273832,-23.64,-35.0,0.673
2024-04-29T21:24:30.000,12.96,11.25,17.03,17.26,20.34,273833,-23.76,-35.0,0.673
2024-04-29T21:25:31.000,12.89,11.45,15.81,17.34,20.34,273834,-23.88,-34.0,0.673
2024-04-29T21:26:31.000,12.91,11.34,14.85,17.41,20.34,273835,-24.0,-34.0,0.673
2024-04-29T21:27:31.000,12.87,11.48,13.72,17.5,20.34,273836,-24.12,-34.0,0.673
2024-04-29T21:28:31.000,12.86,11.45,13.28,17.53,20.34,273837,-24.24,-34.0,0.673
2024-04-29T21:29:31.000,12.79,11.16,13.22,17.54,20.34,273838,-24.36,-34.0,0.673
2024-04-29T21:30:31.000,12.65,11.03,12.86,17.57,20.34,273839,-24.47,-34.0,0.673
2024-04-29T21:31:31.000,12.78,11.49,12.78,17.57,20.34,273840,-24.59,-33.0,0.672
