ecsv/stars714/stars714_2024-04.ecsv
# %ECSV 1.0
# ---
# datatype:
# - {name: time, datatype: string}
# - {name: Enclosure Temperature, unit: deg_C, datatype: float64}
# - {name: Sky Temperature, unit: deg_C, datatype: float64}
# - {name: Frequency, unit: Hz, datatype: float64}
# - {name: MSAS, unit: mag / arcsec2, datatype: float64}
# - {name: ZP, datatype: float64}
# - {name: Sequence Number, datatype: int64}
# - {name: Sun Alt, unit: deg, datatype: float64}
# - {name: Moon Alt, unit: deg, datatype: float64}
# - {name: Moon Illumination, datatype: float64}
# delimiter: ','
# meta: !!omap
# - ida:
#     Data supplier: {affiliation: "Institut Alcarr\xE1s", observer: "Jos\xE9 Manuel P\xE9rez Redondo"}
#     Device type: TESS-W
#     Field of view: 17.0
#     Filters per channel: None
#     Instrument ID: stars714
#     License: ODbL 1.0 http://opendatacommons.org/licenses/odbl/summary/
#     Local timezone: Europe/Madrid
#     Location name: {country: "- Institut d'Alcarr\xE0s", place: "Alcarr\xE0s", region: Spain, sub_region: Catalonia, town: "Segri\xE0"}
#     Measurement direction per channel: {azimuth: 0.0, zenital: 0.0}
#     Moving / Fixed look direction: FIXED
#     Moving / Stationary position: STATIONARY
#     Number of channels: 1
#     Number of fields per line: 8
#     Number of header lines: 35
#     Position: {height: 0.0, latitude: 41.561767, longitude: 0.5180167}
#     TESS MAC address: 24:A1:60:2F:98:C7
#     TESS cover offset value: 0.0
#     TESS firmware version: '1.0'
#     TESS zero point: 20.34
#     Time Synchronization: timestamp added by MQTT subscriber
#     URL: http://www.darksky.org/NSBM/sdf1.0.pdf
# - __serialized_columns__:
#     Enclosure Temperature:
#       __class__: astropy.units.quantity.Quantity
#       unit: &id001 !astropy.units.Unit {unit: deg_C}
#       value: !astropy.table.SerializedColumn {name: Enclosure Temperature}
#     Frequency:
#       __class__: astropy.units.quantity.Quantity
#       unit: !astropy.units.Unit {unit: Hz}
#       value: !astropy.table.SerializedColumn {name: Frequency}
#     MSAS:
#       __class__: astropy.units.quantity.Quantity
#       unit: !astropy.units.Unit {unit: mag / arcsec2}
#       value: !astropy.table.SerializedColumn {name: MSAS}
#     Moon Alt:
#       __class__: astropy.units.quantity.Quantity
#       unit: &id002 !astropy.units.Unit {unit: deg}
#       value: !astropy.table.SerializedColumn {name: Moon Alt}
#     Sky Temperature:
#       __class__: astropy.units.quantity.Quantity
#       unit: *id001
#       value: !astropy.table.SerializedColumn {name: Sky Temperature}
#     Sun Alt:
#       __class__: astropy.units.quantity.Quantity
#       unit: *id002
#       value: !astropy.table.SerializedColumn {name: Sun Alt}
#     time:
#       __class__: astropy.time.core.Time
#       format: isot
#       in_subfmt: '*'
#       out_subfmt: '*'
#       precision: 3
#       scale: utc
#       value: !astropy.table.SerializedColumn {name: time}
# schema: astropy-2.0
time,Enclosure Temperature,Sky Temperature,Frequency,MSAS,ZP,Sequence Number,Sun Alt,Moon Alt,Moon Illumination
[from data line 14571]
2024-04-27T22:07:12.000,12.19,-7.42,1.71,19.76,20.34,271004,-28.89,-9.0,0.849
2024-04-27T22:08:13.000,12.13,-7.41,1.69,19.77,20.34,271005,-28.98,-8.0,0.849
2024-04-27T22:09:13.000,12.05,-7.35,1.7,19.76,20.34,271006,-29.07,-8.0,0.849
2024-04-27T22:10:13.000,12.01,-7.3,1.67,19.78,20.34,271007,-29.17,-8.0,0.849
2024-04-27T22:11:13.000,11.98,-7.26,1.72,19.75,20.34,271008,-29.26,-8.0,0.849
2024-04-27T22:12:14.000,11.95,-7.26,1.72,19.75,20.34,271009,-29.35,-8.0,0.849
2024-04-27T22:13:13.000,11.93,-7.21,1.71,19.76,20.34,271010,-29.44,-8.0,0.849
2024-04-27T22:14:13.000,11.9,-7.22,1.69,19.77,20.34,271011,-29.53,-8.0,0.849
2024-04-27T22:15:14.000,11.86,-7.23,1.68,19.78,20.34,271012,-29.62,-7.0,0.849
2024-04-27T22:16:14.000,11.81,-7.32,1.69,19.77,20.34,271013,-29.71,-7.0,0.849
2024-04-27T22:17:14.000,11.75,-7.41,1.68,19.78,20.34,271014,-29.79,-7.0,0.849
2024-04-27T22:18:14.000,11.68,-7.4,1.75,19.73,20.34,271015,-29.88,-7.0,0.849
2024-04-27T22:19:14.000,11.63,-7.45,1.81,19.7,20.34,271016,-29.96,-7.0,0.849
2024-04-27T22:20:14.000,11.59,-7.41,1.82,19.69,20.34,271017,-30.05,-7.0,0.848
2024-04-27T22:21:14.000,11.55,-7.39,1.81,19.7,20.34,271018,-30.13,-6.0,0.848
2024-04-27T22:22:14.000,11.51,-7.43,1.8,19.7,20.34,271019,-30.22,-6.0,0.848
2024-04-27T22:23:15.000,11.46,-7.55,1.79,19.71,20.34,271020,-30.3,-6.0,0.848
2024-04-27T22:24:15.000,11.4,-7.61,1.8,19.7,20.34,271021,-30.38,-6.0,0.848
2024-04-27T22:25:15.000,11.34,-7.62,1.79,19.71,20.34,271022,-30.46,-6.0,0.848
2024-04-27T22:26:15.000,11.31,-7.64,1.79,19.71,20.34,271023,-30.54,-6.0,0.848
2024-04-27T22:27:15.000,11.28,-7.66,1.79,19.71,20.34,271024,-30.62,-6.0,0.848
2024-04-27T22:28:15.000,11.26,-7.7,1.79,19.71,20.34,271025,-30.7,-5.0,0.848
2024-04-27T22:29:15.000,11.24,-7.68,1.79,19.71,20.34,271026,-30.78,-5.0,0.848
2024-04-27T22:30:16.000,11.22,-7.78,1.81,19.7,20.34,271027,-30.86,-5.0,0.848
2024-04-27T22:31:16.000,11.21,-7.91,1.8,19.7,20.34,271028,-30.93,-5.0,0.848
2024-04-27T22:32:16.000,11.19,-8.02,1.74,19.74,20.34,271029,-31.01,-5.0,0.848
2024-04-27T22:33:16.000,11.17,-8.09,1.66,19.79,20.34,271030,-31.08,-5.0,0.848
2024-04-27T22:34:16.000,11.13,-8.08,1.65,19.79,20.34,271031,-31.16,-5.0,0.848
2024-04-27T22:35:16.000,11.11,-8.03,1.67,19.79,20.34,271032,-31.23,-4.0,0.848
2024-04-27T22:36:16.000,11.09,-7.94,1.66,19.79,20.34,271033,-31.3,-4.0,0.848
2024-04-27T22:37:16.000,11.08,-7.89,1.66,19.79,20.34,271034,-31.37,-4.0,0.848
2024-04-27T22:38:16.000,11.07,-7.89,1.66,19.79,20.34,271035,-31.44,-4.0,0.848
2024-04-27T22:39:17.000,11.05,-7.93,1.68,19.78,20.34,271036,-31.51,-4.0,0.847
2024-04-27T22:40:17.000,11.0,-7.96,1.68,19.77,20.34,271037,-31.58,-4.0,0.847
2024-04-27T22:41:17.000,10.93,-8.01,1.7,19.77,20.34,271038,-31.65,-4.0,0.847
2024-04-27T22:42:17.000,10.89,-8.0,1.7,19.76,20.34,271039,-31.72,-3.0,0.847
2024-04-27T22:43:17.000,10.85,-8.02,1.7,19.76,20.34,271040,-31.78,-3.0,0.847
2024-04-27T22:44:17.000,10.81,-8.06,1.68,19.77,20.34,271041,-31.85,-3.0,0.847
2024-04-27T22:45:17.000,10.77,-8.1,1.69,19.77,20.34,271042,-31.91,-3.0,0.847
2024-04-27T22:46:18.000,10.74,-8.22,1.7,19.76,20.34,271043,-31.98,-3.0,0.847
2024-04-27T22:47:18.000,10.72,-8.23,1.71,19.76,20.34,271044,-32.04,-3.0,0.847
2024-04-27T22:48:18.000,10.68,-8.27,1.73,19.75,20.34,271045,-32.1,-3.0,0.847
2024-04-27T22:49:18.000,10.64,-8.29,1.72,19.75,20.34,271046,-32.16,-2.0,0.847
2024-04-27T22:50:18.000,10.6,-8.39,1.75,19.73,20.34,271047,-32.22,-2.0,0.847
2024-04-27T22:51:18.000,10.58,-8.42,1.74,19.74,20.34,271048,-32.28,-2.0,0.847
2024-04-27T22:52:18.000,10.62,-8.3,1.72,19.75,20.34,271049,-32.34,-2.0,0.847
2024-04-27T22:53:18.000,10.65,-8.33,1.7,19.76,20.34,271050,-32.4,-2.0,0.847
2024-04-27T22:54:19.000,10.63,-8.39,1.71,19.75,20.34,271051,-32.46,-2.0,0.847
2024-04-27T22:55:19.000,10.6,-8.42,1.71,19.76,20.34,271052,-32.51,-2.0,0.847
2024-04-27T22:56:19.000,10.57,-8.43,1.71,19.76,20.34,271053,-32.57,-1.0,0.847
2024-04-27T22:57:20.000,10.57,-8.33,1.7,19.77,20.34,271054,-32.62,-1.0,0.847
2024-04-27T22:58:19.000,10.59,-8.25,1.69,19.77,20.34,271055,-32.68,-1.0,0.846
2024-04-27T22:59:19.000,10.61,-8.25,1.69,19.77,20.34,271056,-32.73,-1.0,0.846
2024-04-27T23:00:19.000,10.61,-8.24,1.69,19.77,20.34,271057,-32.78,-1.0,0.846
2024-04-27T23:01:19.000,10.61,-8.24,1.7,19.77,20.34,271058,-32.83,-1.0,0.846
2024-04-27T23:02:20.000,10.6,-8.27,1.72,19.75,20.34,271059,-32.88,-1.0,0.846
2024-04-27T23:03:21.000,10.6,-8.23,1.71,19.76,20.34,271060,-32.93,-0.0,0.846
2024-04-27T23:04:20.000,10.6,-8.23,1.71,19.75,20.34,271061,-32.98,-0.0,0.846
2024-04-27T23:05:20.000,10.63,-8.14,1.71,19.76,20.34,271062,-33.03,-0.0,0.846
2024-04-27T23:06:20.000,10.67,-8.14,1.72,19.75,20.34,271063,-33.07,-0.0,0.846
2024-04-27T23:07:21.000,10.68,-8.12,1.73,19.75,20.34,271064,-33.12,0.0,0.846
2024-04-27T23:08:21.000,10.69,-8.02,1.76,19.73,20.34,271065,-33.16,0.0,0.846
2024-04-27T23:09:21.000,10.72,-8.0,1.75,19.73,20.34,271066,-33.21,0.0,0.846
2024-04-27T23:10:21.000,10.74,-8.0,1.76,19.72,20.34,271067,-33.25,1.0,0.846
2024-04-27T23:11:21.000,10.75,-8.02,1.77,19.72,20.34,271068,-33.29,1.0,0.846
2024-04-27T23:12:21.000,10.74,-8.08,1.8,19.7,20.34,271069,-33.33,1.0,0.846
2024-04-27T23:13:21.000,10.7,-8.11,1.81,19.7,20.34,271070,-33.37,1.0,0.846
2024-04-27T23:14:21.000,10.66,-8.09,1.82,19.69,20.34,271071,-33.41,1.0,0.846
2024-04-27T23:15:22.000,10.61,-8.11,1.81,19.69,20.34,271072,-33.45,1.0,0.846
2024-04-27T23:16:22.000,10.55,-8.08,1.82,19.69,20.34,271073,-33.49,1.0,0.846
2024-04-27T23:17:22.000,10.54,-7.99,1.83,19.68,20.34,271074,-33.52,1.0,0.845
2024-04-27T23:18:22.000,10.52,-8.07,1.84,19.68,20.34,271075,-33.56,2.0,0.845
2024-04-27T23:19:22.000,10.51,-8.08,1.86,19.66,20.34,271076,-33.59,2.0,0.845
2024-04-27T23:20:22.000,10.51,-8.01,1.9,19.64,20.34,271077,-33.63,2.0,0.845
2024-04-27T23:21:22.000,10.54,-7.97,1.91,19.64,20.34,271078,-33.66,2.0,0.845
2024-04-27T23:22:22.000,10.57,-7.99,1.92,19.63,20.34,271079,-33.69,2.0,0.845
2024-04-27T23:23:22.000,10.6,-7.97,1.93,19.63,20.34,271080,-33.72,2.0,0.845
2024-04-27T23:24:23.000,10.63,-7.95,1.91,19.64,20.34,271081,-33.75,2.0,0.845
2024-04-27T23:25:23.000,10.65,-7.96,1.93,19.62,20.34,271082,-33.78,3.0,0.845
2024-04-27T23:26:23.000,10.62,-8.02,1.95,19.61,20.34,271083,-33.81,3.0,0.845
2024-04-27T23:27:23.000,10.58,-8.07,1.99,19.59,20.34,271084,-33.83,3.0,0.845
2024-04-27T23:28:23.000,10.55,-8.2,2.0,19.59,20.34,271085,-33.86,3.0,0.845
2024-04-27T23:29:23.000,10.5,-8.31,2.02,19.58,20.34,271086,-33.88,3.0,0.845
2024-04-27T23:30:23.000,10.42,-8.41,2.05,19.56,20.34,271087,-33.91,3.0,0.845
2024-04-27T23:31:24.000,10.36,-8.43,2.08,19.54,20.34,271088,-33.93,3.0,0.845
2024-04-27T23:32:24.000,10.3,-8.42,2.09,19.54,20.34,271089,-33.95,3.0,0.845
2024-04-27T23:33:24.000,10.22,-8.41,2.12,19.53,20.34,271090,-33.98,4.0,0.845
2024-04-27T23:34:24.000,10.17,-8.42,2.11,19.53,20.34,271091,-34.0,4.0,0.845
2024-04-27T23:35:24.000,10.14,-8.47,2.12,19.53,20.34,271092,-34.02,4.0,0.845
2024-04-27T23:36:24.000,10.09,-8.51,2.11,19.53,20.34,271093,-34.03,4.0,0.844
2024-04-27T23:37:24.000,10.04,-8.52,2.13,19.52,20.34,271094,-34.05,4.0,0.844
2024-04-27T23:38:25.000,10.01,-8.47,2.12,19.52,20.34,271095,-34.07,4.0,0.844
2024-04-27T23:39:24.000,10.04,-8.45,2.1,19.53,20.34,271096,-34.08,4.0,0.844
2024-04-27T23:40:25.000,10.05,-8.5,2.09,19.54,20.34,271097,-34.1,4.0,0.844
2024-04-27T23:41:25.000,10.04,-8.37,2.11,19.53,20.34,271098,-34.11,5.0,0.844
2024-04-27T23:42:25.000,10.02,-8.44,2.09,19.54,20.34,271099,-34.12,5.0,0.844
2024-04-27T23:43:25.000,10.02,-8.42,2.05,19.56,20.34,271100,-34.14,5.0,0.844
2024-04-27T23:44:25.000,10.12,-8.36,2.14,19.52,20.34,271101,-34.15,5.0,0.844
2024-04-27T23:45:25.000,10.17,-8.28,2.11,19.53,20.34,271102,-34.16,5.0,0.844
2024-04-27T23:46:26.000,10.19,-8.22,2.13,19.52,20.34,271103,-34.17,5.0,0.844
2024-04-27T23:47:26.000,10.21,-8.23,2.14,19.51,20.34,271104,-34.17,5.0,0.844
2024-04-27T23:48:26.000,10.19,-8.34,2.15,19.51,20.34,271105,-34.18,5.0,0.844
2024-04-27T23:49:26.000,10.15,-8.45,2.16,19.51,20.34,271106,-34.19,6.0,0.844
2024-04-27T23:50:26.000,10.09,-8.57,2.23,19.47,20.34,271107,-34.19,6.0,0.844
2024-04-27T23:51:26.000,10.01,-8.68,2.24,19.47,20.34,271108,-34.2,6.0,0.844
2024-04-27T23:52:26.000,9.99,-9.05,2.21,19.48,20.34,271109,-34.2,6.0,0.844
2024-04-27T23:53:26.000,10.11,-9.23,2.24,19.47,20.34,271110,-34.2,6.0,0.844
2024-04-27T23:54:27.000,10.17,-8.99,2.25,19.46,20.34,271111,-34.2,6.0,0.844
2024-04-27T23:55:27.000,10.15,-8.98,2.27,19.45,20.34,271112,-34.2,6.0,0.843
2024-04-27T23:56:27.000,10.08,-8.83,2.29,19.44,20.34,271113,-34.2,6.0,0.843
2024-04-27T23:57:27.000,10.01,-8.68,2.3,19.44,20.34,271114,-34.2,7.0,0.843
2024-04-27T23:58:27.000,10.02,-8.65,2.31,19.43,20.34,271115,-34.2,7.0,0.843
2024-04-27T23:59:27.000,10.13,-8.54,2.32,19.43,20.34,271116,-34.19,7.0,0.843
2024-04-28T00:00:27.000,10.15,-8.42,2.35,19.41,20.34,271117,-34.19,7.0,0.843
2024-04-28T00:01:27.000,10.12,-8.29,2.37,19.41,20.34,271118,-34.18,7.0,0.843
2024-04-28T00:02:28.000,10.06,-8.19,2.42,19.38,20.34,271119,-34.18,7.0,0.843
2024-04-28T00:03:28.000,10.01,-8.03,2.44,19.37,20.34,271120,-34.17,7.0,0.843
2024-04-28T00:04:28.000,10.02,-7.97,2.51,19.34,20.34,271121,-34.16,7.0,0.843
2024-04-28T00:05:28.000,10.08,-7.89,2.52,19.33,20.34,271122,-34.15,7.0,0.843
2024-04-28T00:06:28.000,10.12,-7.79,2.55,19.33,20.34,271123,-34.14,8.0,0.843
2024-04-28T00:07:28.000,10.12,-7.75,2.54,19.33,20.34,271124,-34.13,8.0,0.843
2024-04-28T00:08:28.000,10.11,-7.73,2.51,19.34,20.34,271125,-34.12,8.0,0.843
2024-04-28T00:09:28.000,10.09,-7.67,2.55,19.32,20.34,271126,-34.1,8.0,0.843
2024-04-28T00:10:29.000,10.05,-7.46,2.65,19.28,20.34,271127,-34.09,8.0,0.843
2024-04-28T00:11:29.000,10.03,-7.25,2.65,19.28,20.34,271128,-34.07,8.0,0.843
2024-04-28T00:12:29.000,10.02,-7.09,2.65,19.28,20.34,271129,-34.06,8.0,0.843
2024-04-28T00:13:29.000,10.04,-6.87,2.77,19.24,20.34,271130,-34.04,8.0,0.843
2024-04-28T00:14:29.000,10.08,-6.66,2.87,19.19,20.34,271131,-34.02,8.0,0.842
2024-04-28T00:15:29.000,10.11,-6.5,2.85,19.2,20.34,271132,-34.01,9.0,0.842
2024-04-28T00:16:29.000,10.11,-6.4,2.78,19.23,20.34,271133,-33.99,9.0,0.842
2024-04-28T00:17:29.000,10.11,-6.17,2.83,19.21,20.34,271134,-33.96,9.0,0.842
2024-04-28T00:18:30.000,10.12,-5.83,3.04,19.13,20.34,271135,-33.94,9.0,0.842
2024-04-28T00:19:30.000,10.14,-5.37,3.16,19.09,20.34,271136,-33.92,9.0,0.842
2024-04-28T00:20:30.000,10.16,-4.81,3.3,19.04,20.34,271137,-33.9,9.0,0.842
2024-04-28T00:21:30.000,10.2,-4.18,3.65,18.94,20.34,271138,-33.87,9.0,0.842
2024-04-28T00:22:30.000,10.28,-3.58,4.66,18.67,20.34,271139,-33.85,9.0,0.842
2024-04-28T00:23:30.000,10.29,-3.58,5.43,18.5,20.34,271140,-33.82,9.0,0.842
2024-04-28T00:24:30.000,10.31,-3.2,4.97,18.6,20.34,271141,-33.79,10.0,0.842
2024-04-28T00:25:31.000,10.32,-2.97,4.28,18.76,20.34,271142,-33.76,10.0,0.842
2024-04-28T00:26:31.000,10.35,-2.54,4.85,18.63,20.34,271143,-33.73,10.0,0.842
2024-04-28T00:27:31.000,10.36,-2.25,6.3,18.34,20.34,271144,-33.7,10.0,0.842
2024-04-28T00:28:31.000,10.37,-2.11,7.36,18.17,20.34,271145,-33.67,10.0,0.842
2024-04-28T00:29:31.000,10.39,-2.3,7.02,18.23,20.34,271146,-33.64,10.0,0.842
2024-04-28T00:30:31.000,10.41,-2.79,5.55,18.48,20.34,271147,-33.61,10.0,0.842
2024-04-28T00:31:31.000,10.42,-3.48,4.44,18.72,20.34,271148,-33.57,10.0,0.842
2024-04-28T00:32:31.000,10.4,-4.36,4.03,18.83,20.34,271149,-33.54,10.0,0.842
2024-04-28T00:33:32.000,10.37,-5.09,3.85,18.88,20.34,271150,-33.5,10.0,0.841
2024-04-28T00:34:32.000,10.35,-5.68,3.71,18.92,20.34,271151,-33.47,11.0,0.841
2024-04-28T00:35:32.000,10.32,-6.13,3.56,18.96,20.34,271152,-33.43,11.0,0.841
2024-04-28T00:36:32.000,10.29,-6.45,3.45,19.0,20.34,271153,-33.39,11.0,0.841
2024-04-28T00:37:32.000,10.26,-6.64,3.41,19.01,20.34,271154,-33.35,11.0,0.841
2024-04-28T00:38:32.000,10.23,-6.77,3.25,19.06,20.34,271155,-33.31,11.0,0.841
2024-04-28T00:39:32.000,10.23,-6.89,3.12,19.11,20.34,271156,-33.27,11.0,0.841
2024-04-28T00:40:33.000,10.24,-7.05,3.55,18.97,20.34,271157,-33.23,11.0,0.841
2024-04-28T00:41:33.000,10.23,-7.28,3.91,18.86,20.34,271158,-33.18,11.0,0.841
2024-04-28T00:42:33.000,10.2,-7.62,3.56,18.96,20.34,271159,-33.14,11.0,0.841
2024-04-28T00:43:33.000,10.19,-7.92,3.33,19.04,20.34,271160,-33.09,11.0,0.841
2024-04-28T00:44:33.000,10.16,-8.2,3.35,19.03,20.34,271161,-33.05,12.0,0.841
2024-04-28T00:45:33.000,10.13,-8.36,3.35,19.03,20.34,271162,-33.0,12.0,0.841
2024-04-28T00:46:33.000,10.12,-8.41,3.29,19.05,20.34,271163,-32.95,12.0,0.841
2024-04-28T00:47:33.000,10.11,-8.41,3.26,19.06,20.34,271164,-32.91,12.0,0.841
2024-04-28T00:48:34.000,10.12,-8.41,3.29,19.05,20.34,271165,-32.86,12.0,0.841
2024-04-28T00:49:34.000,10.12,-8.4,3.32,19.04,20.34,271166,-32.81,12.0,0.841
2024-04-28T00:50:34.000,10.12,-8.35,3.32,19.04,20.34,271167,-32.75,12.0,0.841
2024-04-28T00:51:34.000,10.13,-8.26,3.35,19.03,20.34,271168,-32.7,12.0,0.841
2024-04-28T00:52:34.000,10.15,-8.17,3.27,19.06,20.34,271169,-32.65,12.0,0.84
2024-04-28T00:53:34.000,10.15,-8.01,3.44,19.0,20.34,271170,-32.6,12.0,0.84
2024-04-28T00:54:35.000,10.16,-7.61,3.7,18.92,20.34,271171,-32.54,13.0,0.84
2024-04-28T00:55:35.000,10.14,-7.05,4.08,18.82,20.34,271172,-32.48,13.0,0.84
2024-04-28T00:56:35.000,10.13,-6.4,4.64,18.68,20.34,271173,-32.43,13.0,0.84
2024-04-28T00:57:35.000,10.15,-5.99,5.2,18.55,20.34,271174,-32.37,13.0,0.84
2024-04-28T00:58:35.000,10.17,-5.87,5.69,18.45,20.34,271175,-32.31,13.0,0.84
2024-04-28T00:59:35.000,10.2,-6.27,5.66,18.46,20.34,271176,-32.25,13.0,0.84
2024-04-28T01:00:35.000,10.21,-6.97,4.84,18.63,20.34,271177,-32.19,13.0,0.84
2024-04-28T01:01:35.000,10.21,-7.74,4.05,18.82,20.34,271178,-32.13,13.0,0.84
2024-04-28T01:02:36.000,10.2,-8.19,3.6,18.95,20.34,271179,-32.07,13.0,0.84
2024-04-28T01:03:36.000,10.18,-8.42,3.53,18.97,20.34,271180,-32.01,13.0,0.84
2024-04-28T01:04:36.000,10.14,-8.59,3.5,18.98,20.34,271181,-31.94,13.0,0.84
2024-04-28T01:05:36.000,10.06,-8.73,3.41,19.01,20.34,271182,-31.88,13.0,0.84
2024-04-28T01:06:36.000,10.0,-8.8,3.34,19.03,20.34,271183,-31.81,14.0,0.84
2024-04-28T01:07:36.000,10.04,-8.89,3.33,19.04,20.34,271184,-31.75,14.0,0.84
2024-04-28T01:08:36.000,10.14,-8.85,3.43,19.0,20.34,271185,-31.68,14.0,0.84
2024-04-28T01:09:37.000,10.16,-8.84,3.44,19.0,20.34,271186,-31.61,14.0,0.84
2024-04-28T01:10:37.000,10.13,-8.94,3.46,18.99,20.34,271187,-31.55,14.0,0.839
2024-04-28T01:11:37.000,10.05,-9.0,3.47,18.99,20.34,271188,-31.48,14.0,0.839
2024-04-28T01:12:37.000,10.01,-8.94,3.49,18.98,20.34,271189,-31.41,14.0,0.839
2024-04-28T01:13:37.000,10.04,-8.98,3.51,18.98,20.34,271190,-31.34,14.0,0.839
2024-04-28T01:14:37.000,10.09,-8.95,3.53,18.97,20.34,271191,-31.26,14.0,0.839
2024-04-28T01:15:38.000,10.08,-8.94,3.56,18.96,20.34,271192,-31.19,14.0,0.839
2024-04-28T01:16:38.000,10.01,-8.95,3.6,18.95,20.34,271193,-31.12,14.0,0.839
2024-04-28T01:17:38.000,10.01,-8.96,3.6,18.95,20.34,271194,-31.04,14.0,0.839
2024-04-28T01:18:38.000,10.1,-8.97,3.58,18.96,20.34,271195,-30.97,15.0,0.839
2024-04-28T01:19:38.000,10.13,-8.96,3.56,18.96,20.34,271196,-30.89,15.0,0.839
2024-04-28T01:20:39.000,10.11,-8.95,3.53,18.97,20.34,271197,-30.81,15.0,0.839
2024-04-28T01:21:39.000,10.05,-8.88,3.45,18.99,20.34,271198,-30.74,15.0,0.839
2024-04-28T01:22:39.000,10.0,-8.85,3.52,18.98,20.34,271199,-30.66,15.0,0.839
2024-04-28T01:23:39.000,10.07,-8.83,3.5,18.98,20.34,271200,-30.58,15.0,0.839
2024-04-28T01:24:39.000,10.12,-8.75,3.15,19.1,20.34,271201,-30.5,15.0,0.839
2024-04-28T01:25:39.000,10.11,-8.71,3.29,19.05,20.34,271202,-30.42,15.0,0.839
2024-04-28T01:26:40.000,10.06,-8.73,3.53,18.97,20.34,271203,-30.34,15.0,0.839
2024-04-28T01:27:40.000,10.0,-8.76,3.54,18.97,20.34,271204,-30.25,15.0,0.839
2024-04-28T01:28:40.000,10.05,-8.89,3.58,18.96,20.34,271205,-30.17,15.0,0.839
2024-04-28T01:29:40.000,10.09,-9.02,3.58,18.96,20.34,271206,-30.09,15.0,0.838
2024-04-28T01:30:41.000,10.02,-9.1,3.55,18.96,20.34,271207,-30.0,15.0,0.838
2024-04-28T01:31:41.000,9.99,-9.15,3.49,18.98,20.34,271208,-29.92,15.0,0.838
2024-04-28T01:32:41.000,10.13,-9.1,3.52,18.97,20.34,271209,-29.83,16.0,0.838
2024-04-28T01:33:41.000,10.15,-9.03,3.52,18.97,20.34,271210,-29.74,16.0,0.838
