ecsv/stars714/stars714_2024-04.ecsv
# %ECSV 1.0
# ---
# datatype:
# - {name: time, datatype: string}
# - {name: Enclosure Temperature, unit: deg_C, datatype: float64}
# - {name: Sky Temperature, unit: deg_C, datatype: float64}
# - {name: Frequency, unit: Hz, datatype: float64}
# - {name: MSAS, unit: mag / arcsec2, datatype: float64}
# - {name: ZP, datatype: float64}
# - {name: Sequence Number, datatype: int64}
# - {name: Sun Alt, unit: deg, datatype: float64}
# - {name: Moon Alt, unit: deg, datatype: float64}
# - {name: Moon Illumination, datatype: float64}
# delimiter: ','
# meta: !!omap
# - ida:
#     Data supplier: {affiliation: "Institut Alcarr\xE1s", observer: "Jos\xE9 Manuel P\xE9rez Redondo"}
#     Device type: TESS-W
#     Field of view: 17.0
#     Filters per channel: None
#     Instrument ID: stars714
#     License: ODbL 1.0 http://opendatacommons.org/licenses/odbl/summary/
#     Local timezone: Europe/Madrid
#     Location name: {country: "- Institut d'Alcarr\xE0s", place: "Alcarr\xE0s", region: Spain, sub_region: Catalonia, town: "Segri\xE0"}
#     Measurement direction per channel: {azimuth: 0.0, zenital: 0.0}
#     Moving / Fixed look direction: FIXED
#     Moving / Stationary position: STATIONARY
#     Number of channels: 1
#     Number of fields per line: 8
#     Number of header lines: 35
#     Position: {height: 0.0, latitude: 41.561767, longitude: 0.5180167}
#     TESS MAC address: 24:A1:60:2F:98:C7
#     TESS cover offset value: 0.0
#     TESS firmware version: '1.0'
#     TESS zero point: 20.34
#     Time Synchronization: timestamp added by MQTT subscriber
#     URL: http://www.darksky.org/NSBM/sdf1.0.pdf
# - __serialized_columns__:
#     Enclosure Temperature:
#       __class__: astropy.units.quantity.Quantity
#       unit: &id001 !astropy.units.Unit {unit: deg_C}
#       value: !astropy.table.SerializedColumn {name: Enclosure Temperature}
#     Frequency:
#       __class__: astropy.units.quantity.Quantity
#       unit: !astropy.units.Unit {unit: Hz}
#       value: !astropy.table.SerializedColumn {name: Frequency}
#     MSAS:
#       __class__: astropy.units.quantity.Quantity
#       unit: !astropy.units.Unit {unit: mag / arcsec2}
#       value: !astropy.table.SerializedColumn {name: MSAS}
#     Moon Alt:
#       __class__: astropy.units.quantity.Quantity
#       unit: &id002 !astropy.units.Unit {unit: deg}
#       value: !astropy.table.SerializedColumn {name: Moon Alt}
#     Sky Temperature:
#       __class__: astropy.units.quantity.Quantity
#       unit: *id001
#       value: !astropy.table.SerializedColumn {name: Sky Temperature}
#     Sun Alt:
#       __class__: astropy.units.quantity.Quantity
#       unit: *id002
#       value: !astropy.table.SerializedColumn {name: Sun Alt}
#     time:
#       __class__: astropy.time.core.Time
#       format: isot
#       in_subfmt: '*'
#       out_subfmt: '*'
#       precision: 3
#       scale: utc
#       value: !astropy.table.SerializedColumn {name: time}
# schema: astropy-2.0
time,Enclosure Temperature,Sky Temperature,Frequency,MSAS,ZP,Sequence Number,Sun Alt,Moon Alt,Moon Illumination
[from data line 6357]
2024-04-10T03:23:07.000,9.85,-17.28,1.44,19.94,20.34,245931,-21.89,-25.0,0.028
2024-04-10T03:24:08.000,9.81,-17.47,1.45,19.94,20.34,245932,-21.74,-25.0,0.028
2024-04-10T03:25:07.000,9.9,-17.18,1.45,19.93,20.34,245933,-21.58,-25.0,0.028
2024-04-10T03:26:07.000,10.01,-17.01,1.45,19.94,20.34,245934,-21.43,-25.0,0.028
2024-04-10T03:27:08.000,9.83,-17.64,1.46,19.93,20.34,245935,-21.27,-24.0,0.028
2024-04-10T03:28:08.000,9.59,-17.41,1.46,19.93,20.34,245936,-21.11,-24.0,0.028
2024-04-10T03:29:08.000,9.66,-17.24,1.46,19.93,20.34,245937,-20.95,-24.0,0.028
2024-04-10T03:30:08.000,9.65,-17.52,1.46,19.93,20.34,245938,-20.8,-24.0,0.028
2024-04-10T03:31:08.000,9.66,-17.49,1.47,19.92,20.34,245939,-20.64,-24.0,0.028
2024-04-10T03:32:08.000,9.64,-17.73,1.47,19.93,20.34,245940,-20.48,-24.0,0.028
2024-04-10T03:33:08.000,9.75,-17.38,1.47,19.92,20.34,245941,-20.32,-24.0,0.028
2024-04-10T03:34:08.000,9.77,-17.4,1.47,19.92,20.34,245942,-20.16,-24.0,0.028
2024-04-10T03:35:08.000,9.91,-17.25,1.47,19.92,20.34,245943,-20.0,-24.0,0.028
2024-04-10T03:36:09.000,9.97,-17.37,1.47,19.92,20.34,245944,-19.84,-23.0,0.028
2024-04-10T03:37:09.000,9.97,-17.24,1.46,19.93,20.34,245945,-19.68,-23.0,0.028
2024-04-10T03:38:09.000,9.96,-17.21,1.46,19.93,20.34,245946,-19.52,-23.0,0.028
2024-04-10T03:39:09.000,10.01,-17.1,1.47,19.93,20.34,245947,-19.36,-23.0,0.028
2024-04-10T03:40:09.000,9.79,-17.37,1.47,19.92,20.34,245948,-19.2,-23.0,0.028
2024-04-10T03:41:09.000,9.68,-17.46,1.47,19.92,20.34,245949,-19.04,-23.0,0.028
2024-04-10T03:42:10.000,9.68,-17.39,1.47,19.92,20.34,245950,-18.87,-23.0,0.028
2024-04-10T03:43:10.000,9.77,-17.4,1.47,19.92,20.34,245951,-18.71,-23.0,0.029
2024-04-10T03:44:10.000,9.83,-17.27,1.48,19.91,20.34,245952,-18.55,-22.0,0.029
2024-04-10T03:45:10.000,9.92,-17.42,1.48,19.92,20.34,245953,-18.38,-22.0,0.029
2024-04-10T03:46:10.000,10.01,-17.12,1.48,19.91,20.34,245954,-18.22,-22.0,0.029
2024-04-10T03:47:10.000,9.91,-17.34,1.49,19.91,20.34,245955,-18.06,-22.0,0.029
2024-04-10T03:48:11.000,9.82,-17.19,1.49,19.91,20.34,245956,-17.89,-22.0,0.029
2024-04-10T03:49:11.000,9.81,-17.17,1.49,19.91,20.34,245957,-17.73,-22.0,0.029
2024-04-10T03:50:11.000,9.83,-17.39,1.49,19.91,20.34,245958,-17.56,-22.0,0.029
2024-04-10T03:51:11.000,9.92,-17.19,1.49,19.91,20.34,245959,-17.4,-22.0,0.029
2024-04-10T03:52:12.000,9.98,-17.25,1.5,19.9,20.34,245960,-17.23,-22.0,0.029
2024-04-10T03:53:13.000,9.97,-17.16,1.5,19.9,20.34,245961,-17.06,-21.0,0.029
2024-04-10T03:54:13.000,9.8,-17.35,1.5,19.9,20.34,245962,-16.9,-21.0,0.029
2024-04-10T03:55:13.000,9.81,-17.2,1.5,19.9,20.34,245963,-16.73,-21.0,0.029
2024-04-10T03:56:13.000,9.83,-17.25,1.51,19.9,20.34,245964,-16.56,-21.0,0.029
2024-04-10T03:57:13.000,9.96,-17.2,1.51,19.89,20.34,245965,-16.4,-21.0,0.029
2024-04-10T03:58:13.000,10.01,-17.17,1.52,19.89,20.34,245966,-16.23,-21.0,0.029
2024-04-10T03:59:13.000,9.94,-17.08,1.52,19.88,20.34,245967,-16.06,-21.0,0.029
2024-04-10T04:00:14.000,9.82,-17.07,1.53,19.88,20.34,245968,-15.89,-21.0,0.029
2024-04-10T04:01:14.000,9.83,-17.09,1.54,19.87,20.34,245969,-15.73,-20.0,0.029
2024-04-10T04:02:14.000,9.91,-17.13,1.54,19.87,20.34,245970,-15.56,-20.0,0.029
2024-04-10T04:03:14.000,10.0,-17.02,1.56,19.86,20.34,245971,-15.39,-20.0,0.029
2024-04-10T04:04:15.000,10.0,-16.73,1.58,19.85,20.34,245972,-15.22,-20.0,0.029
2024-04-10T04:05:14.000,9.85,-16.58,1.62,19.82,20.34,245973,-15.05,-20.0,0.029
2024-04-10T04:06:14.000,9.85,-16.62,1.69,19.77,20.34,245974,-14.88,-20.0,0.029
2024-04-10T04:07:15.000,9.9,-16.61,1.75,19.73,20.34,245975,-14.71,-20.0,0.029
2024-04-10T04:08:15.000,10.01,-16.4,1.76,19.73,20.34,245976,-14.54,-19.0,0.029
2024-04-10T04:09:15.000,9.98,-16.36,1.78,19.71,20.34,245977,-14.37,-19.0,0.029
2024-04-10T04:10:15.000,9.89,-16.12,1.79,19.71,20.34,245978,-14.2,-19.0,0.029
2024-04-10T04:11:15.000,9.97,-16.19,1.82,19.69,20.34,245979,-14.03,-19.0,0.029
2024-04-10T04:12:15.000,9.99,-16.43,1.87,19.66,20.34,245980,-13.86,-19.0,0.029
2024-04-10T04:13:16.000,10.0,-16.02,1.94,19.62,20.34,245981,-13.69,-19.0,0.029
2024-04-10T04:14:16.000,9.88,-16.05,2.0,19.59,20.34,245982,-13.52,-19.0,0.029
2024-04-10T04:15:16.000,9.86,-16.06,2.07,19.55,20.34,245983,-13.35,-19.0,0.029
2024-04-10T04:16:16.000,9.93,-16.18,2.19,19.49,20.34,245984,-13.18,-18.0,0.029
2024-04-10T04:17:16.000,10.08,-15.58,2.33,19.42,20.34,245985,-13.0,-18.0,0.029
2024-04-10T04:18:16.000,9.99,-15.51,2.44,19.37,20.34,245986,-12.83,-18.0,0.029
2024-04-10T04:19:17.000,9.73,-15.62,2.63,19.29,20.34,245987,-12.66,-18.0,0.03
2024-04-10T04:20:17.000,9.78,-15.41,2.77,19.23,20.34,245988,-12.48,-18.0,0.03
2024-04-10T04:21:17.000,9.93,-15.19,3.04,19.13,20.34,245989,-12.31,-18.0,0.03
2024-04-10T04:22:17.000,10.08,-14.97,3.19,19.08,20.34,245990,-12.14,-18.0,0.03
2024-04-10T04:23:17.000,9.9,-14.89,3.48,18.99,20.34,245991,-11.97,-17.0,0.03
2024-04-10T04:24:17.000,9.81,-14.67,3.88,18.87,20.34,245992,-11.79,-17.0,0.03
2024-04-10T04:25:17.000,9.88,-14.7,4.2,18.78,20.34,245993,-11.62,-17.0,0.03
2024-04-10T04:26:18.000,10.05,-14.41,4.55,18.7,20.34,245994,-11.44,-17.0,0.03
2024-04-10T04:27:18.000,10.01,-14.35,4.98,18.6,20.34,245995,-11.27,-17.0,0.03
2024-04-10T04:28:18.000,9.79,-14.58,5.62,18.47,20.34,245996,-11.09,-17.0,0.03
2024-04-10T04:29:18.000,9.7,-14.59,6.34,18.33,20.34,245997,-10.92,-17.0,0.03
2024-04-10T04:30:18.000,9.81,-14.58,6.97,18.23,20.34,245998,-10.75,-17.0,0.03
2024-04-10T04:31:18.000,9.91,-14.87,7.78,18.11,20.34,245999,-10.57,-16.0,0.03
2024-04-10T04:32:18.000,9.95,-15.07,8.81,17.98,20.34,246000,-10.4,-16.0,0.03
2024-04-10T04:33:18.000,10.0,-14.95,10.16,17.82,20.34,246001,-10.22,-16.0,0.03
2024-04-10T04:34:18.000,9.9,-15.07,11.69,17.67,20.34,246002,-10.05,-16.0,0.03
2024-04-10T04:35:19.000,9.92,-14.89,13.29,17.53,20.34,246003,-9.87,-16.0,0.03
2024-04-10T04:36:19.000,10.01,-15.14,14.92,17.41,20.34,246004,-9.69,-16.0,0.03
2024-04-10T04:37:19.000,9.84,-15.42,17.14,17.26,20.34,246005,-9.51,-16.0,0.03
2024-04-10T04:38:19.000,9.79,-15.54,19.43,17.12,20.34,246006,-9.34,-15.0,0.03
2024-04-10T04:39:19.000,9.86,-15.67,21.99,16.99,20.34,246007,-9.16,-15.0,0.03
2024-04-10T04:40:19.000,9.91,-15.7,26.22,16.8,20.34,246008,-8.99,-15.0,0.03
2024-04-10T04:41:19.000,9.9,-15.96,35.22,16.48,20.34,246009,-8.81,-15.0,0.03
2024-04-10T04:42:19.000,9.89,-15.43,45.18,16.2,20.34,246010,-8.63,-15.0,0.03
2024-04-10T04:43:20.000,9.99,-15.03,57.83,15.94,20.34,246011,-8.45,-15.0,0.03
2024-04-10T04:44:20.000,9.88,-14.78,71.64,15.7,20.34,246012,-8.27,-15.0,0.03
2024-04-10T04:45:20.000,9.85,-14.77,84.61,15.52,20.34,246013,-8.1,-14.0,0.03
2024-04-10T04:46:20.000,9.88,-14.5,102.22,15.32,20.34,246014,-7.92,-14.0,0.03
2024-04-10T04:47:20.000,10.02,-14.24,119.3,15.15,20.34,246015,-7.74,-14.0,0.03
2024-04-10T04:48:21.000,9.91,-14.16,137.61,14.99,20.34,246016,-7.56,-14.0,0.03
2024-04-10T04:49:21.000,9.85,-14.22,159.69,14.83,20.34,246017,-7.38,-14.0,0.03
2024-04-10T04:50:21.000,9.77,-14.84,196.51,14.61,20.34,246018,-7.2,-14.0,0.03
2024-04-10T04:51:22.000,9.87,-14.39,238.88,14.4,20.34,246019,-7.02,-14.0,0.03
2024-04-10T04:52:22.000,9.96,-14.41,300.81,14.15,20.34,246020,-6.84,-13.0,0.03
2024-04-10T04:53:22.000,10.0,-14.15,373.2,13.91,20.34,246021,-6.66,-13.0,0.03
2024-04-10T04:54:23.000,9.9,-13.75,477.87,13.64,20.34,246022,-6.48,-13.0,0.031
2024-04-10T04:55:23.000,9.98,-13.6,601.56,13.39,20.34,246023,-6.3,-13.0,0.031
2024-04-10T04:56:23.000,10.03,-13.46,733.84,13.18,20.34,246024,-6.12,-13.0,0.031
2024-04-10T04:57:24.000,9.88,-13.51,918.84,12.93,20.34,246025,-5.94,-13.0,0.031
2024-04-10T04:58:24.000,9.8,-13.47,1141.71,12.7,20.34,246026,-5.76,-12.0,0.031
2024-04-10T04:59:25.000,9.87,-13.58,1389.02,12.48,20.34,246027,-5.58,-12.0,0.031
2024-04-10T05:00:25.000,10.0,-13.56,1723.69,12.25,20.34,246028,-5.4,-12.0,0.031
2024-04-10T05:01:26.000,9.93,-13.63,2129.82,12.02,20.34,246029,-5.21,-12.0,0.031
2024-04-10T05:02:26.000,9.93,-13.82,2581.96,11.81,20.34,246030,-5.03,-12.0,0.031
2024-04-10T05:03:26.000,9.85,-14.04,3171.11,11.59,20.34,246031,-4.85,-12.0,0.031
2024-04-10T05:04:27.000,9.78,-14.59,3892.44,11.37,20.34,246032,-4.67,-12.0,0.031
2024-04-10T05:05:27.000,9.81,-14.23,4748.11,11.15,20.34,246033,-4.49,-11.0,0.031
2024-04-10T05:06:28.000,10.05,-13.79,5900.18,10.92,20.34,246034,-4.31,-11.0,0.031
2024-04-10T05:07:28.000,9.96,-14.03,7360.09,10.68,20.34,246035,-4.12,-11.0,0.031
2024-04-10T05:08:29.000,9.81,-13.93,9202.24,10.43,20.34,246036,-3.94,-11.0,0.031
2024-04-10T05:09:29.000,9.81,-14.2,11265.8,10.21,20.34,246037,-3.76,-11.0,0.031
2024-04-10T05:10:30.000,9.81,-14.21,13826.07,9.99,20.34,246038,-3.57,-11.0,0.031
2024-04-10T05:11:30.000,9.79,-14.0,17602.49,9.73,20.34,246039,-3.39,-10.0,0.031
2024-04-10T05:12:31.000,9.46,-13.88,22631.22,9.46,20.34,246040,-3.21,-10.0,0.031
2024-04-10T05:13:31.000,9.03,-13.78,27795.68,9.32,20.34,246041,-3.03,-10.0,0.031
2024-04-10T05:14:32.000,8.6,-13.92,32249.58,9.14,20.34,246042,-2.84,-10.0,0.031
2024-04-10T05:15:32.000,8.23,-13.83,37336.29,8.91,20.34,246043,-2.66,-10.0,0.031
2024-04-10T05:16:32.000,7.87,-13.98,43682.18,8.74,20.34,246044,-2.48,-10.0,0.031
2024-04-10T05:17:33.000,7.55,-14.01,53109.49,8.53,20.34,246045,-2.29,-10.0,0.031
2024-04-10T05:18:33.000,7.29,-14.05,55425.64,3.81,20.34,246046,-2.11,-9.0,0.031
2024-04-10T05:19:34.000,7.08,-14.05,50000.0,0.0,20.34,246047,-1.92,-9.0,0.031
2024-04-10T05:20:34.000,6.9,-14.01,50000.0,0.0,20.34,246048,-1.74,-9.0,0.031
2024-04-10T05:21:35.000,6.77,-14.05,50000.0,0.0,20.34,246049,-1.55,-9.0,0.031
2024-04-10T05:37:37.000,5.54,-14.73,50000.0,0.0,20.34,246065,1.39,-6.0,0.032
2024-04-10T05:38:37.000,5.53,-14.67,50000.0,0.0,20.34,246066,1.58,-6.0,0.032
2024-04-10T05:39:38.000,5.52,-14.64,50000.0,0.0,20.34,246067,1.77,-6.0,0.032
2024-04-10T05:40:38.000,5.51,-14.66,49702.62,0.1,20.34,246068,1.95,-6.0,0.032
2024-04-10T05:41:38.000,5.51,-14.66,50000.0,0.0,20.34,246069,2.14,-6.0,0.032
2024-04-10T05:42:38.000,5.52,-14.73,50000.0,0.0,20.34,246070,2.32,-6.0,0.032
2024-04-10T05:43:38.000,5.52,-14.82,50000.0,0.0,20.34,246071,2.51,-5.0,0.032
2024-04-10T05:44:38.000,5.52,-14.85,50000.0,0.0,20.34,246072,2.69,-5.0,0.032
2024-04-10T05:45:38.000,5.52,-14.88,50000.0,0.0,20.34,246073,2.88,-5.0,0.032
2024-04-10T05:46:38.000,5.51,-14.98,49459.82,0.18,20.34,246074,3.06,-5.0,0.032
2024-04-10T05:47:39.000,5.52,-15.08,49732.73,0.09,20.34,246075,3.25,-5.0,0.032
2024-04-10T05:48:39.000,5.53,-15.22,50000.0,0.0,20.34,246076,3.44,-5.0,0.032
2024-04-10T05:49:38.000,5.53,-15.37,50000.0,0.0,20.34,246077,3.62,-4.0,0.032
2024-04-10T05:50:39.000,5.54,-13.8,50000.0,0.0,20.34,246078,3.81,-4.0,0.032
2024-04-10T12:28:44.000,31.38,-0.26,50000.0,0.0,20.34,246475,56.04,64.0,0.045
2024-04-10T12:29:45.000,31.82,-0.35,50000.0,0.0,20.34,246476,56.0,64.0,0.045
2024-04-10T12:30:45.000,31.77,-1.4,50000.0,0.0,20.34,246477,55.95,64.0,0.045
2024-04-10T12:32:50.000,31.94,-0.23,50000.0,0.0,20.34,246479,55.85,64.0,0.045
2024-04-10T12:33:50.000,32.12,-1.29,50000.0,0.0,20.34,246480,55.8,64.0,0.045
2024-04-10T12:34:50.000,31.98,-1.27,50000.0,0.0,20.34,246481,55.75,64.0,0.045
2024-04-10T18:35:45.000,17.92,-1.32,50000.0,0.0,20.34,246841,-1.26,25.0,0.058
2024-04-10T18:36:46.000,17.9,-1.31,50000.0,0.0,20.34,246842,-1.45,25.0,0.058
2024-04-10T18:37:46.000,17.88,-1.26,50000.0,0.0,20.34,246843,-1.63,24.0,0.058
2024-04-10T18:38:47.000,17.84,-1.29,50657.69,0.37,20.34,246844,-1.81,24.0,0.058
2024-04-10T18:39:47.000,17.79,-1.28,60564.45,8.39,20.34,246845,-2.0,24.0,0.058
2024-04-10T18:40:47.000,17.75,-1.21,53234.2,8.53,20.34,246846,-2.18,24.0,0.058
2024-04-10T18:41:48.000,17.74,-1.18,46757.22,8.67,20.34,246847,-2.36,24.0,0.058
2024-04-10T18:42:48.000,17.71,-1.16,40668.02,8.82,20.34,246848,-2.54,24.0,0.058
2024-04-10T18:43:49.000,17.67,-1.14,34388.91,9.0,20.34,246849,-2.73,23.0,0.058
2024-04-10T18:44:49.000,17.62,-0.96,28577.12,9.2,20.34,246850,-2.91,23.0,0.058
2024-04-10T18:45:50.000,17.61,-0.81,24028.98,9.39,20.34,246851,-3.1,23.0,0.058
2024-04-10T18:46:50.000,17.56,-0.85,20429.16,9.57,20.34,246852,-3.28,23.0,0.059
2024-04-10T18:47:51.000,17.49,-0.76,16987.47,9.77,20.34,246853,-3.46,23.0,0.059
2024-04-10T18:48:51.000,17.4,-0.77,13702.78,10.0,20.34,246854,-3.64,22.0,0.059
2024-04-10T18:49:51.000,17.32,-0.74,10981.27,10.24,20.34,246855,-3.82,22.0,0.059
2024-04-10T18:50:52.000,17.24,-0.8,8770.0,10.48,20.34,246856,-4.01,22.0,0.059
2024-04-10T18:51:52.000,17.18,-0.84,6985.73,10.73,20.34,246857,-4.19,22.0,0.059
2024-04-10T18:52:53.000,17.16,-0.7,5594.6,10.97,20.34,246858,-4.37,22.0,0.059
2024-04-10T18:53:53.000,17.14,-0.74,4470.69,11.22,20.34,246859,-4.55,22.0,0.059
2024-04-10T18:54:54.000,17.09,-0.87,3592.58,11.45,20.34,246860,-4.73,21.0,0.059
2024-04-10T18:55:54.000,17.06,-0.86,2891.6,11.69,20.34,246861,-4.91,21.0,0.059
2024-04-10T18:56:55.000,17.01,-0.85,2328.38,11.92,20.34,246862,-5.1,21.0,0.059
2024-04-10T18:57:55.000,17.01,-0.67,1895.62,12.15,20.34,246863,-5.28,21.0,0.059
2024-04-10T18:58:56.000,17.02,-0.72,1555.82,12.36,20.34,246864,-5.46,21.0,0.059
2024-04-10T18:59:56.000,17.0,-0.73,1255.71,12.6,20.34,246865,-5.64,20.0,0.059
2024-04-10T19:00:57.000,17.0,-0.7,1001.62,12.84,20.34,246866,-5.82,20.0,0.059
2024-04-10T19:01:57.000,16.98,-0.83,801.56,13.08,20.34,246867,-6.0,20.0,0.059
2024-04-10T19:02:57.000,17.01,-0.75,640.89,13.33,20.34,246868,-6.18,20.0,0.059
2024-04-10T19:03:58.000,16.99,-1.01,513.02,13.57,20.34,246869,-6.36,20.0,0.059
2024-04-10T19:04:58.000,16.96,-1.16,408.78,13.81,20.34,246870,-6.54,20.0,0.059
2024-04-10T19:05:59.000,16.92,-1.29,330.36,14.04,20.34,246871,-6.72,19.0,0.059
2024-04-10T19:06:59.000,16.89,-1.23,270.56,14.26,20.34,246872,-6.9,19.0,0.059
2024-04-10T19:08:00.000,16.87,-1.28,220.09,14.49,20.34,246873,-7.08,19.0,0.059
2024-04-10T19:09:00.000,16.85,-1.33,180.2,14.7,20.34,246874,-7.26,19.0,0.059
2024-04-10T19:10:00.000,16.83,-1.43,146.16,14.93,20.34,246875,-7.44,19.0,0.059
2024-04-10T19:11:00.000,16.83,-1.37,118.49,15.16,20.34,246876,-7.61,19.0,0.059
2024-04-10T19:12:00.000,16.83,-1.51,96.34,15.38,20.34,246877,-7.79,18.0,0.059
2024-04-10T19:13:01.000,16.82,-1.51,79.75,15.59,20.34,246878,-7.97,18.0,0.06
2024-04-10T19:14:01.000,16.81,-1.62,66.68,15.78,20.34,246879,-8.15,18.0,0.06
2024-04-10T19:15:01.000,16.76,-1.71,55.23,15.99,20.34,246880,-8.32,18.0,0.06
2024-04-10T19:16:01.000,16.73,-1.67,46.0,16.18,20.34,246881,-8.5,18.0,0.06
2024-04-10T19:17:01.000,16.76,-1.56,40.25,16.33,20.34,246882,-8.68,17.0,0.06
2024-04-10T19:18:01.000,16.79,-1.63,34.65,16.49,20.34,246883,-8.85,17.0,0.06
2024-04-10T19:19:01.000,16.79,-1.74,29.97,16.65,20.34,246884,-9.03,17.0,0.06
2024-04-10T19:20:01.000,16.77,-1.84,25.54,16.82,20.34,246885,-9.21,17.0,0.06
2024-04-10T19:21:01.000,16.77,-1.88,21.85,16.99,20.34,246886,-9.38,17.0,0.06
2024-04-10T19:22:01.000,16.8,-1.83,19.04,17.14,20.34,246887,-9.56,17.0,0.06
2024-04-10T19:23:02.000,16.87,-1.78,16.61,17.29,20.34,246888,-9.73,16.0,0.06
2024-04-10T19:24:02.000,16.9,-1.76,14.92,17.41,20.34,246889,-9.91,16.0,0.06
2024-04-10T19:25:02.000,16.93,-1.69,13.78,17.49,20.34,246890,-10.08,16.0,0.06
2024-04-10T19:26:02.000,16.96,-1.51,12.52,17.6,20.34,246891,-10.26,16.0,0.06
2024-04-10T19:27:02.000,16.98,-1.48,11.24,17.71,20.34,246892,-10.43,16.0,0.06
2024-04-10T19:28:02.000,17.0,-1.45,10.24,17.82,20.34,246893,-10.61,16.0,0.06
2024-04-10T19:29:02.000,17.0,-1.45,9.19,17.93,20.34,246894,-10.78,15.0,0.06
2024-04-10T19:30:02.000,17.0,-1.52,8.31,18.04,20.34,246895,-10.96,15.0,0.06
2024-04-10T19:31:03.000,17.0,-1.55,7.67,18.13,20.34,246896,-11.13,15.0,0.06
2024-04-10T19:32:02.000,17.0,-1.63,7.06,18.22,20.34,246897,-11.3,15.0,0.06
2024-04-10T19:33:03.000,16.99,-1.68,6.7,18.28,20.34,246898,-11.48,15.0,0.06
2024-04-10T19:34:03.000,16.96,-1.72,6.41,18.32,20.34,246899,-11.65,14.0,0.06
2024-04-10T19:35:03.000,16.9,-1.79,6.11,18.38,20.34,246900,-11.82,14.0,0.06
2024-04-10T19:36:03.000,16.86,-1.75,5.76,18.44,20.34,246901,-12.0,14.0,0.06
2024-04-10T19:37:03.000,16.81,-1.83,5.49,18.49,20.34,246902,-12.17,14.0,0.06
2024-04-10T19:38:03.000,16.75,-1.81,5.28,18.53,20.34,246903,-12.34,14.0,0.06
2024-04-10T19:39:04.000,16.68,-1.9,5.17,18.56,20.34,246904,-12.52,14.0,0.061
2024-04-10T19:40:03.000,16.64,-1.81,5.12,18.57,20.34,246905,-12.68,13.0,0.061
