ecsv/stars714/stars714_2024-04.ecsv
# %ECSV 1.0
# ---
# datatype:
# - {name: time, datatype: string}
# - {name: Enclosure Temperature, unit: deg_C, datatype: float64}
# - {name: Sky Temperature, unit: deg_C, datatype: float64}
# - {name: Frequency, unit: Hz, datatype: float64}
# - {name: MSAS, unit: mag / arcsec2, datatype: float64}
# - {name: ZP, datatype: float64}
# - {name: Sequence Number, datatype: int64}
# - {name: Sun Alt, unit: deg, datatype: float64}
# - {name: Moon Alt, unit: deg, datatype: float64}
# - {name: Moon Illumination, datatype: float64}
# delimiter: ','
# meta: !!omap
# - ida:
#     Data supplier: {affiliation: "Institut Alcarr\xE1s", observer: "Jos\xE9 Manuel P\xE9rez Redondo"}
#     Device type: TESS-W
#     Field of view: 17.0
#     Filters per channel: None
#     Instrument ID: stars714
#     License: ODbL 1.0 http://opendatacommons.org/licenses/odbl/summary/
#     Local timezone: Europe/Madrid
#     Location name: {country: "- Institut d'Alcarr\xE0s", place: "Alcarr\xE0s", region: Spain, sub_region: Catalonia, town: "Segri\xE0"}
#     Measurement direction per channel: {azimuth: 0.0, zenital: 0.0}
#     Moving / Fixed look direction: FIXED
#     Moving / Stationary position: STATIONARY
#     Number of channels: 1
#     Number of fields per line: 8
#     Number of header lines: 35
#     Position: {height: 0.0, latitude: 41.561767, longitude: 0.5180167}
#     TESS MAC address: 24:A1:60:2F:98:C7
#     TESS cover offset value: 0.0
#     TESS firmware version: '1.0'
#     TESS zero point: 20.34
#     Time Synchronization: timestamp added by MQTT subscriber
#     URL: http://www.darksky.org/NSBM/sdf1.0.pdf
# - __serialized_columns__:
#     Enclosure Temperature:
#       __class__: astropy.units.quantity.Quantity
#       unit: &id001 !astropy.units.Unit {unit: deg_C}
#       value: !astropy.table.SerializedColumn {name: Enclosure Temperature}
#     Frequency:
#       __class__: astropy.units.quantity.Quantity
#       unit: !astropy.units.Unit {unit: Hz}
#       value: !astropy.table.SerializedColumn {name: Frequency}
#     MSAS:
#       __class__: astropy.units.quantity.Quantity
#       unit: !astropy.units.Unit {unit: mag / arcsec2}
#       value: !astropy.table.SerializedColumn {name: MSAS}
#     Moon Alt:
#       __class__: astropy.units.quantity.Quantity
#       unit: &id002 !astropy.units.Unit {unit: deg}
#       value: !astropy.table.SerializedColumn {name: Moon Alt}
#     Sky Temperature:
#       __class__: astropy.units.quantity.Quantity
#       unit: *id001
#       value: !astropy.table.SerializedColumn {name: Sky Temperature}
#     Sun Alt:
#       __class__: astropy.units.quantity.Quantity
#       unit: *id002
#       value: !astropy.table.SerializedColumn {name: Sun Alt}
#     time:
#       __class__: astropy.time.core.Time
#       format: isot
#       in_subfmt: '*'
#       out_subfmt: '*'
#       precision: 3
#       scale: utc
#       value: !astropy.table.SerializedColumn {name: time}
# schema: astropy-2.0
time,Enclosure Temperature,Sky Temperature,Frequency,MSAS,ZP,Sequence Number,Sun Alt,Moon Alt,Moon Illumination
[from data line 3076]
2024-04-05T05:17:20.000,10.36,-3.84,6868.58,10.75,20.34,238865,-3.85,11.0,0.177
2024-04-05T05:18:20.000,10.33,-3.9,8479.98,10.52,20.34,238866,-3.66,11.0,0.177
2024-04-05T05:19:20.000,10.3,-3.93,10442.84,10.29,20.34,238867,-3.48,11.0,0.177
2024-04-05T05:20:21.000,10.26,-4.02,12789.47,10.07,20.34,238868,-3.29,12.0,0.177
2024-04-05T05:21:22.000,10.22,-4.0,15566.56,9.86,20.34,238869,-3.11,12.0,0.177
2024-04-05T05:22:22.000,10.2,-4.0,18804.24,9.66,20.34,238870,-2.92,12.0,0.177
2024-04-05T05:23:22.000,10.17,-3.96,22494.53,9.46,20.34,238871,-2.74,12.0,0.177
2024-04-05T05:24:23.000,10.15,-3.92,26381.78,9.35,20.34,238872,-2.55,12.0,0.177
2024-04-05T05:25:23.000,10.13,-3.91,31379.67,9.1,20.34,238873,-2.37,12.0,0.177
2024-04-05T05:26:23.000,10.12,-3.88,36205.82,9.03,20.34,238874,-2.18,13.0,0.176
2024-04-05T05:27:24.000,10.1,-3.84,42427.02,8.77,20.34,238875,-2.0,13.0,0.176
2024-04-05T05:28:25.000,10.11,-3.76,48801.58,8.62,20.34,238876,-1.81,13.0,0.176
2024-04-05T05:29:25.000,10.1,-3.75,55564.87,8.48,20.34,238877,-1.62,13.0,0.176
2024-04-05T05:30:25.000,10.1,-3.72,60012.78,6.97,20.34,238878,-1.44,13.0,0.176
2024-04-05T05:31:26.000,10.11,-3.64,50000.0,0.0,20.34,238879,-1.25,13.0,0.176
2024-04-05T05:32:26.000,10.11,-3.64,50000.0,0.0,20.34,238880,-1.07,13.0,0.176
2024-04-05T05:33:26.000,10.12,-3.64,50000.0,0.0,20.34,238881,-0.88,14.0,0.176
2024-04-05T05:40:29.000,10.17,-4.03,50000.0,0.0,20.34,238888,0.42,15.0,0.176
2024-04-05T05:41:29.000,10.18,-4.1,50000.0,0.0,20.34,238889,0.61,15.0,0.176
2024-04-05T05:42:29.000,10.19,-4.19,50000.0,0.0,20.34,238890,0.79,15.0,0.175
2024-04-05T05:43:29.000,10.19,-4.29,49669.12,0.11,20.34,238891,0.98,15.0,0.175
2024-04-05T05:44:29.000,10.2,-4.4,50000.0,0.0,20.34,238892,1.16,15.0,0.175
2024-04-05T05:45:29.000,10.21,-4.44,49707.79,0.1,20.34,238893,1.35,15.0,0.175
2024-04-05T05:46:29.000,10.2,-4.56,50000.0,0.0,20.34,238894,1.54,15.0,0.175
2024-04-05T05:47:29.000,10.21,-4.58,50000.0,0.0,20.34,238895,1.72,16.0,0.175
2024-04-05T05:48:29.000,10.23,-4.63,50000.0,0.0,20.34,238896,1.91,16.0,0.175
2024-04-05T05:49:29.000,10.24,-4.7,49722.38,0.09,20.34,238897,2.09,16.0,0.175
2024-04-05T05:50:30.000,10.29,-4.61,50000.0,0.0,20.34,238898,2.28,16.0,0.175
2024-04-05T05:51:30.000,10.34,-4.59,50000.0,0.0,20.34,238899,2.47,16.0,0.175
2024-04-05T05:52:30.000,10.37,-4.59,50000.0,0.0,20.34,238900,2.66,16.0,0.175
2024-04-05T18:22:42.000,19.02,-1.31,50000.0,0.0,20.34,239648,0.14,-41.0,0.13
2024-04-05T18:23:42.000,18.95,-1.25,50000.0,0.0,20.34,239649,-0.05,-41.0,0.13
2024-04-05T18:24:43.000,18.89,-1.14,50000.0,0.0,20.34,239650,-0.23,-42.0,0.13
2024-04-05T18:25:43.000,18.84,-1.06,49450.69,0.19,20.34,239651,-0.42,-42.0,0.13
2024-04-05T18:26:44.000,18.81,-0.99,50000.0,0.0,20.34,239652,-0.61,-42.0,0.13
2024-04-05T18:27:44.000,18.8,-0.98,50000.0,0.0,20.34,239653,-0.79,-42.0,0.13
2024-04-05T18:28:44.000,18.77,-0.95,50000.0,0.0,20.34,239654,-0.97,-42.0,0.13
2024-04-05T18:29:45.000,18.75,-0.93,50000.0,0.0,20.34,239655,-1.16,-42.0,0.13
2024-04-05T18:30:46.000,18.7,-1.01,50000.0,0.0,20.34,239656,-1.35,-43.0,0.129
2024-04-05T18:31:46.000,18.65,-0.89,60061.98,7.16,20.34,239657,-1.53,-43.0,0.129
2024-04-05T18:32:46.000,18.61,-0.8,55260.67,8.48,20.34,239658,-1.72,-43.0,0.129
2024-04-05T18:33:47.000,18.58,-0.84,48970.93,8.62,20.34,239659,-1.9,-43.0,0.129
2024-04-05T18:34:47.000,18.5,-0.88,43331.82,8.75,20.34,239660,-2.09,-43.0,0.129
2024-04-05T18:35:47.000,18.44,-0.83,38118.02,8.89,20.34,239661,-2.27,-43.0,0.129
2024-04-05T18:36:48.000,18.38,-0.83,33205.49,9.04,20.34,239662,-2.46,-44.0,0.129
2024-04-05T18:37:48.000,18.31,-0.84,28588.51,9.2,20.34,239663,-2.64,-44.0,0.129
2024-04-05T18:38:49.000,18.29,-0.65,24219.16,9.38,20.34,239664,-2.83,-44.0,0.129
2024-04-05T18:39:49.000,18.32,-0.69,20224.84,9.58,20.34,239665,-3.01,-44.0,0.129
2024-04-05T18:40:50.000,18.32,-0.85,16745.36,9.78,20.34,239666,-3.2,-44.0,0.129
2024-04-05T18:41:50.000,18.32,-0.85,13801.01,9.99,20.34,239667,-3.38,-44.0,0.129
2024-04-05T18:42:50.000,18.3,-0.86,11346.67,10.2,20.34,239668,-3.56,-44.0,0.129
2024-04-05T18:43:51.000,18.28,-0.96,9301.38,10.42,20.34,239669,-3.75,-45.0,0.129
2024-04-05T18:44:51.000,18.26,-1.07,7603.87,10.64,20.34,239670,-3.93,-45.0,0.129
2024-04-05T18:45:51.000,18.23,-1.13,6183.76,10.86,20.34,239671,-4.12,-45.0,0.129
2024-04-05T18:46:52.000,18.18,-1.19,4985.53,11.1,20.34,239672,-4.3,-45.0,0.129
2024-04-05T18:47:52.000,18.15,-1.22,3991.62,11.34,20.34,239673,-4.48,-45.0,0.128
2024-04-05T18:48:53.000,18.13,-1.21,3192.76,11.58,20.34,239674,-4.67,-45.0,0.128
2024-04-05T18:49:53.000,18.11,-1.25,2574.56,11.82,20.34,239675,-4.85,-46.0,0.128
2024-04-05T18:50:54.000,18.1,-1.18,2100.18,12.04,20.34,239676,-5.04,-46.0,0.128
2024-04-05T18:51:54.000,18.11,-1.14,1727.0,12.25,20.34,239677,-5.22,-46.0,0.128
2024-04-05T18:52:55.000,18.15,-1.21,1421.47,12.46,20.34,239678,-5.4,-46.0,0.128
2024-04-05T18:53:55.000,18.16,-1.38,1161.42,12.68,20.34,239679,-5.58,-46.0,0.128
2024-04-05T18:54:55.000,18.13,-1.45,941.44,12.91,20.34,239680,-5.77,-46.0,0.128
2024-04-05T18:55:56.000,18.11,-1.46,758.38,13.14,20.34,239681,-5.95,-47.0,0.128
2024-04-05T18:56:56.000,18.08,-1.46,609.51,13.38,20.34,239682,-6.13,-47.0,0.128
2024-04-05T18:57:57.000,18.05,-1.52,488.93,13.62,20.34,239683,-6.32,-47.0,0.128
2024-04-05T18:58:57.000,17.99,-1.53,392.49,13.86,20.34,239684,-6.5,-47.0,0.128
2024-04-05T18:59:58.000,17.96,-1.5,315.24,14.1,20.34,239685,-6.68,-47.0,0.128
2024-04-05T19:00:58.000,17.93,-1.44,254.25,14.33,20.34,239686,-6.86,-47.0,0.128
2024-04-05T19:01:59.000,17.93,-1.35,204.69,14.56,20.34,239687,-7.04,-47.0,0.128
2024-04-05T19:02:59.000,17.97,-1.16,163.1,14.81,20.34,239688,-7.22,-48.0,0.128
2024-04-05T19:03:59.000,18.04,-1.28,129.51,15.06,20.34,239689,-7.4,-48.0,0.128
2024-04-05T19:04:59.000,18.04,-1.43,102.66,15.31,20.34,239690,-7.58,-48.0,0.128
2024-04-05T19:05:59.000,17.99,-1.45,82.25,15.55,20.34,239691,-7.76,-48.0,0.127
2024-04-05T19:06:59.000,17.93,-1.4,67.19,15.77,20.34,239692,-7.94,-48.0,0.127
2024-04-05T19:07:59.000,17.9,-1.04,55.39,15.98,20.34,239693,-8.12,-48.0,0.127
2024-04-05T19:09:00.000,17.94,-0.93,46.22,16.18,20.34,239694,-8.31,-48.0,0.127
2024-04-05T19:10:00.000,17.98,-0.91,40.0,16.34,20.34,239695,-8.49,-49.0,0.127
2024-04-05T19:11:00.000,18.05,-0.91,33.61,16.53,20.34,239696,-8.66,-49.0,0.127
2024-04-05T19:12:00.000,18.05,-0.93,28.47,16.71,20.34,239697,-8.84,-49.0,0.127
2024-04-05T19:13:00.000,18.03,-0.86,24.23,16.88,20.34,239698,-9.02,-49.0,0.127
2024-04-05T19:14:01.000,17.99,-0.72,20.79,17.05,20.34,239699,-9.2,-49.0,0.127
2024-04-05T19:15:00.000,17.99,-0.59,18.18,17.19,20.34,239700,-9.38,-49.0,0.127
2024-04-05T19:16:01.000,17.99,-0.59,15.96,17.33,20.34,239701,-9.56,-49.0,0.127
2024-04-05T19:17:01.000,17.97,-0.52,14.35,17.45,20.34,239702,-9.74,-50.0,0.127
2024-04-05T19:18:01.000,17.97,-0.45,13.05,17.55,20.34,239703,-9.92,-50.0,0.127
2024-04-05T19:19:01.000,17.95,-0.44,12.02,17.64,20.34,239704,-10.09,-50.0,0.127
2024-04-05T19:20:01.000,17.93,-0.41,11.26,17.71,20.34,239705,-10.27,-50.0,0.127
2024-04-05T19:21:01.000,17.9,-0.37,10.69,17.77,20.34,239706,-10.45,-50.0,0.127
2024-04-05T19:22:01.000,17.87,-0.36,10.18,17.82,20.34,239707,-10.63,-50.0,0.127
2024-04-05T19:23:01.000,17.85,-0.31,9.74,17.87,20.34,239708,-10.8,-50.0,0.127
2024-04-05T19:24:01.000,17.84,-0.23,9.45,17.9,20.34,239709,-10.98,-51.0,0.126
2024-04-05T19:25:02.000,17.85,-0.19,9.14,17.94,20.34,239710,-11.16,-51.0,0.126
2024-04-05T19:26:02.000,17.86,-0.06,8.74,17.99,20.34,239711,-11.34,-51.0,0.126
2024-04-05T19:27:02.000,17.87,-0.03,8.46,18.02,20.34,239712,-11.51,-51.0,0.126
2024-04-05T19:28:02.000,17.85,0.0,8.22,18.05,20.34,239713,-11.69,-51.0,0.126
2024-04-05T19:29:02.000,17.85,0.02,8.07,18.07,20.34,239714,-11.86,-51.0,0.126
2024-04-05T19:30:02.000,17.85,-0.01,8.07,18.07,20.34,239715,-12.04,-51.0,0.126
2024-04-05T19:31:02.000,17.83,-0.01,8.06,18.07,20.34,239716,-12.22,-52.0,0.126
2024-04-05T19:32:02.000,17.8,0.03,8.01,18.08,20.34,239717,-12.39,-52.0,0.126
2024-04-05T19:33:03.000,17.79,0.05,7.98,18.08,20.34,239718,-12.57,-52.0,0.126
2024-04-05T19:34:03.000,17.76,0.05,7.99,18.08,20.34,239719,-12.74,-52.0,0.126
2024-04-05T19:35:03.000,17.74,0.08,7.88,18.1,20.34,239720,-12.92,-52.0,0.126
2024-04-05T19:36:03.000,17.73,0.14,7.86,18.1,20.34,239721,-13.09,-52.0,0.126
2024-04-05T19:37:03.000,17.71,0.16,7.84,18.1,20.34,239722,-13.27,-52.0,0.126
2024-04-05T19:38:03.000,17.67,0.23,7.94,18.09,20.34,239723,-13.44,-53.0,0.126
2024-04-05T19:39:04.000,17.64,0.3,7.98,18.08,20.34,239724,-13.62,-53.0,0.126
2024-04-05T19:40:04.000,17.63,0.43,8.04,18.08,20.34,239725,-13.79,-53.0,0.126
2024-04-05T19:41:04.000,17.63,0.42,8.19,18.06,20.34,239726,-13.96,-53.0,0.126
2024-04-05T19:42:04.000,17.61,0.43,8.24,18.05,20.34,239727,-14.14,-53.0,0.125
2024-04-05T19:43:04.000,17.59,0.49,8.24,18.05,20.34,239728,-14.31,-53.0,0.125
2024-04-05T19:44:04.000,17.6,0.51,8.3,18.04,20.34,239729,-14.48,-53.0,0.125
2024-04-05T19:45:04.000,17.56,0.46,8.28,18.05,20.34,239730,-14.65,-53.0,0.125
2024-04-05T19:46:05.000,17.54,0.49,8.37,18.03,20.34,239731,-14.83,-54.0,0.125
2024-04-05T19:47:05.000,17.51,0.51,8.45,18.02,20.34,239732,-15.0,-54.0,0.125
2024-04-05T19:48:05.000,17.49,0.56,8.47,18.02,20.34,239733,-15.17,-54.0,0.125
2024-04-05T19:49:05.000,17.45,0.48,8.62,18.0,20.34,239734,-15.34,-54.0,0.125
2024-04-05T19:50:05.000,17.42,0.46,8.59,18.01,20.34,239735,-15.52,-54.0,0.125
2024-04-05T19:51:05.000,17.4,0.41,8.45,18.02,20.34,239736,-15.69,-54.0,0.125
2024-04-05T19:52:05.000,17.38,0.4,8.28,18.04,20.34,239737,-15.86,-54.0,0.125
2024-04-05T19:53:06.000,17.36,0.39,8.0,18.08,20.34,239738,-16.03,-54.0,0.125
2024-04-05T19:54:06.000,17.34,0.36,7.86,18.1,20.34,239739,-16.2,-55.0,0.125
2024-04-05T19:55:06.000,17.34,0.33,7.65,18.13,20.34,239740,-16.37,-55.0,0.125
2024-04-05T19:56:06.000,17.31,0.25,7.62,18.13,20.34,239741,-16.54,-55.0,0.125
2024-04-05T19:57:06.000,17.29,0.23,7.56,18.15,20.34,239742,-16.71,-55.0,0.125
2024-04-05T19:58:06.000,17.28,0.21,7.46,18.16,20.34,239743,-16.88,-55.0,0.125
2024-04-05T19:59:06.000,17.25,0.13,7.42,18.16,20.34,239744,-17.05,-55.0,0.125
2024-04-05T20:00:06.000,17.24,0.14,7.33,18.18,20.34,239745,-17.22,-55.0,0.124
2024-04-05T20:01:07.000,17.2,0.0,7.37,18.17,20.34,239746,-17.39,-55.0,0.124
2024-04-05T20:02:07.000,17.16,-0.02,7.34,18.18,20.34,239747,-17.56,-55.0,0.124
2024-04-05T20:03:07.000,17.13,-0.11,7.26,18.19,20.34,239748,-17.72,-56.0,0.124
2024-04-05T20:04:07.000,17.12,-0.16,7.18,18.2,20.34,239749,-17.89,-56.0,0.124
2024-04-05T20:05:07.000,17.1,-0.24,7.17,18.2,20.34,239750,-18.06,-56.0,0.124
2024-04-05T20:06:07.000,17.08,-0.32,6.97,18.23,20.34,239751,-18.22,-56.0,0.124
2024-04-05T20:07:07.000,17.06,-0.39,6.85,18.25,20.34,239752,-18.39,-56.0,0.124
2024-04-05T20:08:07.000,17.04,-0.49,6.66,18.28,20.34,239753,-18.56,-56.0,0.124
2024-04-05T20:09:07.000,17.0,-0.61,6.43,18.32,20.34,239754,-18.72,-56.0,0.124
2024-04-05T20:10:08.000,16.98,-0.7,6.25,18.35,20.34,239755,-18.89,-56.0,0.124
2024-04-05T20:11:08.000,16.93,-0.77,5.96,18.4,20.34,239756,-19.06,-56.0,0.124
2024-04-05T20:12:08.000,16.9,-0.82,5.9,18.41,20.34,239757,-19.22,-57.0,0.124
2024-04-05T20:13:08.000,16.85,-0.87,5.71,18.45,20.34,239758,-19.39,-57.0,0.124
2024-04-05T20:14:08.000,16.8,-0.93,5.59,18.47,20.34,239759,-19.55,-57.0,0.124
2024-04-05T20:15:08.000,16.75,-0.96,5.5,18.49,20.34,239760,-19.72,-57.0,0.124
2024-04-05T20:16:08.000,16.69,-0.99,5.48,18.49,20.34,239761,-19.88,-57.0,0.124
2024-04-05T20:17:08.000,16.65,-1.07,5.56,18.48,20.34,239762,-20.04,-57.0,0.124
2024-04-05T20:18:09.000,16.61,-1.06,5.64,18.46,20.34,239763,-20.21,-57.0,0.123
2024-04-05T20:19:09.000,16.59,-1.1,5.84,18.42,20.34,239764,-20.37,-57.0,0.123
2024-04-05T20:20:09.000,16.56,-1.12,5.94,18.41,20.34,239765,-20.54,-57.0,0.123
2024-04-05T20:21:09.000,16.55,-1.08,5.8,18.43,20.34,239766,-20.7,-57.0,0.123
2024-04-05T20:22:09.000,16.56,-1.09,5.57,18.48,20.34,239767,-20.86,-58.0,0.123
2024-04-05T20:23:09.000,16.57,-1.14,5.39,18.51,20.34,239768,-21.02,-58.0,0.123
2024-04-05T20:24:09.000,16.57,-1.21,5.3,18.53,20.34,239769,-21.18,-58.0,0.123
2024-04-05T20:25:09.000,16.56,-1.22,5.23,18.54,20.34,239770,-21.34,-58.0,0.123
2024-04-05T20:26:09.000,16.54,-1.27,5.17,18.56,20.34,239771,-21.51,-58.0,0.123
2024-04-05T20:27:10.000,16.53,-1.32,5.22,18.55,20.34,239772,-21.67,-58.0,0.123
2024-04-05T20:28:10.000,16.5,-1.35,5.3,18.53,20.34,239773,-21.83,-58.0,0.123
2024-04-05T20:29:10.000,16.48,-1.39,5.37,18.52,20.34,239774,-21.99,-58.0,0.123
2024-04-05T20:30:10.000,16.45,-1.41,5.37,18.52,20.34,239775,-22.15,-58.0,0.123
2024-04-05T20:31:10.000,16.43,-1.44,5.26,18.54,20.34,239776,-22.31,-58.0,0.123
2024-04-05T20:32:10.000,16.42,-1.48,5.16,18.56,20.34,239777,-22.46,-58.0,0.123
2024-04-05T20:33:10.000,16.36,-1.55,5.03,18.59,20.34,239778,-22.62,-59.0,0.123
2024-04-05T20:34:10.000,16.33,-1.63,4.9,18.62,20.34,239779,-22.78,-59.0,0.123
2024-04-05T20:35:11.000,16.3,-1.58,4.82,18.63,20.34,239780,-22.94,-59.0,0.123
2024-04-05T20:36:11.000,16.27,-1.57,4.76,18.65,20.34,239781,-23.1,-59.0,0.122
2024-04-05T20:37:11.000,16.25,-1.5,4.74,18.65,20.34,239782,-23.25,-59.0,0.122
2024-04-05T20:38:11.000,16.25,-1.47,4.77,18.64,20.34,239783,-23.41,-59.0,0.122
2024-04-05T20:39:11.000,16.25,-1.52,4.9,18.62,20.34,239784,-23.57,-59.0,0.122
2024-04-05T20:40:11.000,16.22,-1.53,4.93,18.61,20.34,239785,-23.72,-59.0,0.122
2024-04-05T20:41:11.000,16.19,-1.56,5.0,18.59,20.34,239786,-23.88,-59.0,0.122
2024-04-05T20:42:12.000,16.16,-1.54,5.09,18.57,20.34,239787,-24.04,-59.0,0.122
2024-04-05T20:43:12.000,16.13,-1.54,5.17,18.56,20.34,239788,-24.19,-59.0,0.122
2024-04-05T20:44:12.000,16.1,-1.57,5.23,18.55,20.34,239789,-24.34,-59.0,0.122
2024-04-05T20:45:12.000,16.07,-1.52,5.28,18.53,20.34,239790,-24.5,-59.0,0.122
2024-04-05T20:46:12.000,16.02,-1.53,5.32,18.53,20.34,239791,-24.65,-60.0,0.122
2024-04-05T20:47:12.000,15.99,-1.62,5.34,18.52,20.34,239792,-24.8,-60.0,0.122
2024-04-05T20:48:12.000,15.96,-1.71,5.29,18.53,20.34,239793,-24.96,-60.0,0.122
2024-04-05T20:49:13.000,15.9,-1.8,5.3,18.53,20.34,239794,-25.11,-60.0,0.122
2024-04-05T20:50:12.000,15.83,-1.78,5.23,18.54,20.34,239795,-25.26,-60.0,0.122
2024-04-05T20:51:13.000,15.76,-1.81,5.11,18.57,20.34,239796,-25.41,-60.0,0.122
2024-04-05T20:52:13.000,15.69,-1.88,5.03,18.59,20.34,239797,-25.56,-60.0,0.122
2024-04-05T20:53:13.000,15.62,-1.89,5.03,18.59,20.34,239798,-25.71,-60.0,0.122
2024-04-05T20:54:13.000,15.56,-1.94,5.08,18.57,20.34,239799,-25.86,-60.0,0.121
2024-04-05T20:55:13.000,15.51,-2.02,5.1,18.57,20.34,239800,-26.01,-60.0,0.121
2024-04-05T20:56:13.000,15.44,-2.01,5.06,18.58,20.34,239801,-26.16,-60.0,0.121
2024-04-05T20:57:14.000,15.4,-2.06,4.98,18.6,20.34,239802,-26.31,-60.0,0.121
2024-04-05T20:58:13.000,15.36,-2.13,4.97,18.6,20.34,239803,-26.46,-60.0,0.121
2024-04-05T20:59:14.000,15.32,-2.17,4.94,18.61,20.34,239804,-26.61,-60.0,0.121
2024-04-05T21:00:14.000,15.29,-2.18,4.83,18.63,20.34,239805,-26.76,-60.0,0.121
2024-04-05T21:01:14.000,15.27,-2.27,4.7,18.66,20.34,239806,-26.9,-60.0,0.121
2024-04-05T21:02:14.000,15.24,-2.39,4.61,18.68,20.34,239807,-27.05,-60.0,0.121
2024-04-05T21:03:14.000,15.19,-2.55,4.47,18.71,20.34,239808,-27.2,-61.0,0.121
2024-04-05T21:04:14.000,15.16,-2.59,4.43,18.73,20.34,239809,-27.34,-61.0,0.121
2024-04-05T21:05:14.000,15.11,-2.68,4.41,18.73,20.34,239810,-27.49,-61.0,0.121
2024-04-05T21:06:14.000,15.07,-2.76,4.45,18.72,20.34,239811,-27.63,-61.0,0.121
2024-04-05T21:07:15.000,15.03,-2.78,4.48,18.71,20.34,239812,-27.78,-61.0,0.121
2024-04-05T21:08:15.000,15.01,-2.85,4.5,18.71,20.34,239813,-27.92,-61.0,0.121
2024-04-05T21:09:15.000,14.99,-2.94,4.5,18.71,20.34,239814,-28.07,-61.0,0.121
2024-04-05T21:10:15.000,14.98,-2.97,4.49,18.71,20.34,239815,-28.21,-61.0,0.121
2024-04-05T21:11:15.000,14.93,-3.05,4.46,18.72,20.34,239816,-28.35,-61.0,0.121
2024-04-05T21:12:15.000,14.89,-3.13,4.36,18.74,20.34,239817,-28.49,-61.0,0.12
2024-04-05T21:13:15.000,14.87,-3.14,4.3,18.76,20.34,239818,-28.63,-61.0,0.12
2024-04-05T21:14:16.000,14.85,-3.22,4.25,18.77,20.34,239819,-28.78,-61.0,0.12
2024-04-05T21:15:16.000,14.82,-3.3,4.24,18.77,20.34,239820,-28.92,-61.0,0.12
