ecsv/stars714/stars714_2025-04.ecsv
# %ECSV 1.0
# ---
# datatype:
# - {name: time, datatype: string}
# - {name: Enclosure Temperature, unit: deg_C, datatype: float64}
# - {name: Sky Temperature, unit: deg_C, datatype: float64}
# - {name: Frequency, unit: Hz, datatype: float64}
# - {name: MSAS, unit: mag / arcsec2, datatype: float64}
# - {name: ZP, datatype: float64}
# - {name: Sequence Number, datatype: int64}
# - {name: Sun Alt, unit: deg, datatype: float64}
# - {name: Moon Alt, unit: deg, datatype: float64}
# - {name: Moon Illumination, datatype: float64}
# delimiter: ','
# meta: !!omap
# - ida:
#     Data supplier: {affiliation: "Institut Alcarr\xE1s", observer: "Jos\xE9 Manuel P\xE9rez Redondo"}
#     Device type: TESS-W
#     Field of view: 17.0
#     Filters per channel: None
#     Instrument ID: stars714
#     License: ODbL 1.0 http://opendatacommons.org/licenses/odbl/summary/
#     Local timezone: Europe/Madrid
#     Location name: {country: Spain, place: "Institut d'Alcarr\xE0s", region: Catalonia, sub_region: "Segri\xE0", town: "Alcarr\xE0s"}
#     Measurement direction per channel: {azimuth: 0.0, zenital: 0.0}
#     Moving / Fixed look direction: FIXED
#     Moving / Stationary position: STATIONARY
#     Number of channels: 1
#     Number of fields per line: 8
#     Number of header lines: 35
#     Position: {height: 0.0, latitude: 41.561767, longitude: 0.5180167}
#     TESS MAC address: 24:A1:60:2F:98:C7
#     TESS cover offset value: 0.0
#     TESS firmware version: '1.0'
#     TESS zero point: 20.34
#     Time Synchronization: timestamp added by MQTT subscriber
#     URL: http://www.darksky.org/NSBM/sdf1.0.pdf
# - __serialized_columns__:
#     Enclosure Temperature:
#       __class__: astropy.units.quantity.Quantity
#       unit: &id001 !astropy.units.Unit {unit: deg_C}
#       value: !astropy.table.SerializedColumn {name: Enclosure Temperature}
#     Frequency:
#       __class__: astropy.units.quantity.Quantity
#       unit: !astropy.units.Unit {unit: Hz}
#       value: !astropy.table.SerializedColumn {name: Frequency}
#     MSAS:
#       __class__: astropy.units.quantity.Quantity
#       unit: !astropy.units.Unit {unit: mag / arcsec2}
#       value: !astropy.table.SerializedColumn {name: MSAS}
#     Moon Alt:
#       __class__: astropy.units.quantity.Quantity
#       unit: &id002 !astropy.units.Unit {unit: deg}
#       value: !astropy.table.SerializedColumn {name: Moon Alt}
#     Sky Temperature:
#       __class__: astropy.units.quantity.Quantity
#       unit: *id001
#       value: !astropy.table.SerializedColumn {name: Sky Temperature}
#     Sun Alt:
#       __class__: astropy.units.quantity.Quantity
#       unit: *id002
#       value: !astropy.table.SerializedColumn {name: Sun Alt}
#     time:
#       __class__: astropy.time.core.Time
#       format: isot
#       in_subfmt: '*'
#       out_subfmt: '*'
#       precision: 3
#       scale: utc
#       value: !astropy.table.SerializedColumn {name: time}
# schema: astropy-2.0
time,Enclosure Temperature,Sky Temperature,Frequency,MSAS,ZP,Sequence Number,Sun Alt,Moon Alt,Moon Illumination
[from data line 16894]
2025-04-25T23:49:35.000,16.23,2.76,3.26,19.06,20.34,434673,-34.9,-39.0,0.05
2025-04-25T23:50:35.000,16.18,3.11,3.46,18.99,20.34,434674,-34.9,-39.0,0.05
2025-04-25T23:51:35.000,16.14,3.37,3.79,18.89,20.34,434675,-34.91,-39.0,0.05
2025-04-25T23:52:35.000,16.12,3.63,4.07,18.82,20.34,434676,-34.91,-39.0,0.05
2025-04-25T23:53:35.000,16.13,3.89,4.14,18.8,20.34,434677,-34.91,-39.0,0.05
2025-04-25T23:54:35.000,16.1,3.94,4.11,18.8,20.34,434678,-34.91,-39.0,0.05
2025-04-25T23:55:35.000,16.09,4.05,3.98,18.84,20.34,434679,-34.91,-39.0,0.05
2025-04-25T23:56:36.000,16.07,4.06,3.84,18.88,20.34,434680,-34.91,-39.0,0.05
2025-04-25T23:57:36.000,16.07,4.11,3.59,18.95,20.34,434681,-34.91,-39.0,0.05
2025-04-25T23:58:36.000,16.08,4.24,3.35,19.03,20.34,434682,-34.91,-39.0,0.05
2025-04-25T23:59:36.000,16.11,4.26,3.24,19.06,20.34,434683,-34.91,-39.0,0.05
2025-04-26T00:00:36.000,16.14,4.24,3.19,19.08,20.34,434684,-34.9,-38.0,0.05
2025-04-26T00:01:36.000,16.17,4.23,3.18,19.08,20.34,434685,-34.9,-38.0,0.05
2025-04-26T00:02:36.000,16.18,4.12,3.18,19.08,20.34,434686,-34.89,-38.0,0.05
2025-04-26T00:03:36.000,16.19,3.99,3.17,19.09,20.34,434687,-34.88,-38.0,0.05
2025-04-26T00:04:36.000,16.16,3.92,3.21,19.07,20.34,434688,-34.87,-38.0,0.05
2025-04-26T00:05:36.000,16.14,3.98,3.27,19.05,20.34,434689,-34.87,-38.0,0.05
2025-04-26T00:06:37.000,16.13,4.03,3.28,19.05,20.34,434690,-34.86,-38.0,0.05
2025-04-26T00:07:37.000,16.12,4.2,3.36,19.02,20.34,434691,-34.84,-38.0,0.05
2025-04-26T00:08:37.000,16.1,4.33,3.56,18.96,20.34,434692,-34.83,-38.0,0.05
2025-04-26T00:09:37.000,16.09,4.47,3.83,18.88,20.34,434693,-34.82,-37.0,0.05
2025-04-26T00:10:37.000,16.09,4.62,4.11,18.81,20.34,434694,-34.8,-37.0,0.05
2025-04-26T00:11:37.000,16.09,4.66,4.13,18.8,20.34,434695,-34.79,-37.0,0.049
2025-04-26T00:12:38.000,16.1,4.7,3.96,18.85,20.34,434696,-34.77,-37.0,0.049
2025-04-26T00:13:38.000,16.1,4.69,3.93,18.85,20.34,434697,-34.76,-37.0,0.049
2025-04-26T00:14:38.000,16.12,4.66,4.09,18.81,20.34,434698,-34.74,-37.0,0.049
2025-04-26T00:15:38.000,16.15,4.52,4.26,18.77,20.34,434699,-34.72,-37.0,0.049
2025-04-26T00:16:38.000,16.2,4.3,4.31,18.75,20.34,434700,-34.7,-37.0,0.049
2025-04-26T00:17:38.000,16.23,3.95,4.03,18.83,20.34,434701,-34.68,-37.0,0.049
2025-04-26T00:18:39.000,16.21,3.49,3.45,19.0,20.34,434702,-34.66,-36.0,0.049
2025-04-26T00:19:39.000,16.18,3.02,2.9,19.18,20.34,434703,-34.63,-36.0,0.049
2025-04-26T00:20:39.000,16.12,2.55,2.57,19.32,20.34,434704,-34.61,-36.0,0.049
2025-04-26T00:21:39.000,16.07,2.28,2.44,19.37,20.34,434705,-34.59,-36.0,0.049
2025-04-26T00:22:39.000,16.01,2.14,2.41,19.39,20.34,434706,-34.56,-36.0,0.049
2025-04-26T00:23:39.000,15.95,2.18,2.35,19.41,20.34,434707,-34.53,-36.0,0.049
2025-04-26T00:24:40.000,15.92,2.3,2.3,19.44,20.34,434708,-34.51,-36.0,0.049
2025-04-26T00:25:40.000,15.89,2.5,2.23,19.47,20.34,434709,-34.48,-36.0,0.049
2025-04-26T00:26:40.000,15.86,2.67,2.28,19.45,20.34,434710,-34.45,-35.0,0.049
2025-04-26T00:27:40.000,15.81,2.84,2.43,19.38,20.34,434711,-34.42,-35.0,0.049
2025-04-26T00:28:40.000,15.77,3.19,2.72,19.25,20.34,434712,-34.39,-35.0,0.049
2025-04-26T00:29:40.000,15.76,3.47,3.11,19.11,20.34,434713,-34.35,-35.0,0.049
2025-04-26T00:30:41.000,15.74,3.64,3.58,18.96,20.34,434714,-34.32,-35.0,0.049
2025-04-26T00:31:41.000,15.72,3.83,4.05,18.82,20.34,434715,-34.29,-35.0,0.049
2025-04-26T00:32:41.000,15.72,3.92,4.32,18.75,20.34,434716,-34.25,-35.0,0.049
2025-04-26T00:33:41.000,15.71,3.86,4.49,18.71,20.34,434717,-34.21,-35.0,0.049
2025-04-26T00:34:41.000,15.69,3.73,4.47,18.72,20.34,434718,-34.18,-35.0,0.049
2025-04-26T00:35:41.000,15.69,3.6,4.2,18.78,20.34,434719,-34.14,-34.0,0.049
2025-04-26T00:36:41.000,15.68,3.43,3.62,18.94,20.34,434720,-34.1,-34.0,0.049
2025-04-26T00:37:41.000,15.65,3.21,3.23,19.07,20.34,434721,-34.06,-34.0,0.049
2025-04-26T00:38:41.000,15.66,3.06,3.15,19.1,20.34,434722,-34.02,-34.0,0.049
2025-04-26T00:39:41.000,15.65,2.91,2.79,19.23,20.34,434723,-33.98,-34.0,0.048
2025-04-26T00:40:42.000,15.64,2.79,2.58,19.31,20.34,434724,-33.94,-34.0,0.048
2025-04-26T00:41:42.000,15.64,2.73,2.51,19.34,20.34,434725,-33.89,-34.0,0.048
2025-04-26T00:42:42.000,15.63,2.7,2.56,19.32,20.34,434726,-33.85,-34.0,0.048
2025-04-26T00:43:42.000,15.61,2.77,2.76,19.24,20.34,434727,-33.8,-33.0,0.048
2025-04-26T00:44:42.000,15.6,2.88,2.86,19.2,20.34,434728,-33.76,-33.0,0.048
2025-04-26T00:45:42.000,15.59,2.81,2.86,19.2,20.34,434729,-33.71,-33.0,0.048
2025-04-26T00:46:42.000,15.58,2.83,2.85,19.2,20.34,434730,-33.66,-33.0,0.048
2025-04-26T00:47:42.000,15.57,2.84,2.79,19.23,20.34,434731,-33.61,-33.0,0.048
2025-04-26T00:48:42.000,15.55,2.86,2.73,19.25,20.34,434732,-33.56,-33.0,0.048
2025-04-26T00:49:43.000,15.52,2.91,2.65,19.28,20.34,434733,-33.51,-33.0,0.048
2025-04-26T00:50:43.000,15.48,3.06,2.61,19.3,20.34,434734,-33.46,-32.0,0.048
2025-04-26T00:51:43.000,15.46,3.2,2.65,19.28,20.34,434735,-33.41,-32.0,0.048
2025-04-26T00:52:43.000,15.45,3.38,2.85,19.2,20.34,434736,-33.35,-32.0,0.048
2025-04-26T00:53:43.000,15.45,3.5,3.24,19.07,20.34,434737,-33.3,-32.0,0.048
2025-04-26T00:54:43.000,15.44,3.55,3.71,18.92,20.34,434738,-33.24,-32.0,0.048
2025-04-26T00:55:43.000,15.41,3.39,3.97,18.84,20.34,434739,-33.19,-32.0,0.048
2025-04-26T00:56:44.000,15.36,3.21,3.97,18.84,20.34,434740,-33.13,-32.0,0.048
2025-04-26T00:57:44.000,15.33,3.12,3.8,18.89,20.34,434741,-33.07,-32.0,0.048
2025-04-26T00:58:44.000,15.31,3.09,3.65,18.94,20.34,434742,-33.01,-31.0,0.048
2025-04-26T00:59:44.000,15.28,2.99,3.55,18.97,20.34,434743,-32.95,-31.0,0.048
2025-04-26T01:00:44.000,15.26,2.95,3.53,18.97,20.34,434744,-32.89,-31.0,0.048
2025-04-26T01:01:44.000,15.22,2.85,3.52,18.97,20.34,434745,-32.83,-31.0,0.048
2025-04-26T01:02:44.000,15.15,2.63,3.48,18.99,20.34,434746,-32.77,-31.0,0.048
2025-04-26T01:03:45.000,15.09,2.67,3.42,19.0,20.34,434747,-32.71,-31.0,0.048
2025-04-26T01:04:45.000,15.05,2.69,3.32,19.04,20.34,434748,-32.64,-31.0,0.048
2025-04-26T01:05:45.000,15.02,2.66,3.24,19.06,20.34,434749,-32.58,-30.0,0.048
2025-04-26T01:06:45.000,14.99,2.58,3.08,19.12,20.34,434750,-32.51,-30.0,0.047
2025-04-26T01:07:45.000,14.98,2.62,2.94,19.17,20.34,434751,-32.45,-30.0,0.047
2025-04-26T01:08:45.000,14.97,2.51,2.77,19.23,20.34,434752,-32.38,-30.0,0.047
2025-04-26T01:09:45.000,14.94,2.4,2.62,19.29,20.34,434753,-32.31,-30.0,0.047
2025-04-26T01:10:45.000,14.9,2.39,2.56,19.32,20.34,434754,-32.24,-30.0,0.047
2025-04-26T01:11:45.000,14.9,2.44,2.51,19.34,20.34,434755,-32.17,-30.0,0.047
2025-04-26T01:12:46.000,14.92,2.47,2.51,19.34,20.34,434756,-32.1,-29.0,0.047
2025-04-26T01:13:46.000,14.93,2.57,2.58,19.31,20.34,434757,-32.03,-29.0,0.047
2025-04-26T01:14:46.000,14.94,2.85,2.76,19.24,20.34,434758,-31.96,-29.0,0.047
2025-04-26T01:15:46.000,14.96,3.23,3.15,19.09,20.34,434759,-31.88,-29.0,0.047
2025-04-26T01:16:46.000,14.98,3.71,3.54,18.97,20.34,434760,-31.81,-29.0,0.047
2025-04-26T01:17:46.000,15.0,4.11,3.93,18.85,20.34,434761,-31.74,-29.0,0.047
2025-04-26T01:18:46.000,15.0,4.58,4.26,18.77,20.34,434762,-31.66,-29.0,0.047
2025-04-26T01:19:46.000,15.03,5.18,4.68,18.67,20.34,434763,-31.58,-28.0,0.047
2025-04-26T01:20:46.000,15.05,5.74,5.26,18.54,20.34,434764,-31.51,-28.0,0.047
2025-04-26T01:21:47.000,15.09,6.33,6.07,18.38,20.34,434765,-31.43,-28.0,0.047
2025-04-26T01:22:47.000,15.15,6.89,6.82,18.26,20.34,434766,-31.35,-28.0,0.047
2025-04-26T01:23:47.000,15.22,7.27,7.31,18.18,20.34,434767,-31.27,-28.0,0.047
2025-04-26T01:24:47.000,15.28,7.36,7.26,18.19,20.34,434768,-31.19,-28.0,0.047
2025-04-26T01:25:47.000,15.33,7.23,6.69,18.28,20.34,434769,-31.11,-28.0,0.047
2025-04-26T01:26:47.000,15.38,6.93,5.86,18.42,20.34,434770,-31.03,-27.0,0.047
2025-04-26T01:27:47.000,15.42,6.38,5.12,18.57,20.34,434771,-30.94,-27.0,0.047
2025-04-26T01:28:47.000,15.43,5.73,4.63,18.68,20.34,434772,-30.86,-27.0,0.047
2025-04-26T01:29:47.000,15.41,5.21,4.19,18.78,20.34,434773,-30.77,-27.0,0.047
2025-04-26T01:30:47.000,15.42,5.22,3.83,18.88,20.34,434774,-30.69,-27.0,0.047
2025-04-26T01:31:48.000,15.42,5.7,3.69,18.92,20.34,434775,-30.6,-27.0,0.047
2025-04-26T01:32:48.000,15.4,6.38,4.36,18.75,20.34,434776,-30.52,-26.0,0.047
2025-04-26T01:33:48.000,15.41,7.35,5.8,18.43,20.34,434777,-30.43,-26.0,0.047
2025-04-26T01:34:48.000,15.44,8.19,7.35,18.18,20.34,434778,-30.34,-26.0,0.046
2025-04-26T01:35:48.000,15.47,8.5,8.06,18.07,20.34,434779,-30.25,-26.0,0.046
2025-04-26T01:36:48.000,15.54,8.79,8.28,18.05,20.34,434780,-30.16,-26.0,0.046
2025-04-26T01:37:48.000,15.58,8.66,8.28,18.04,20.34,434781,-30.07,-26.0,0.046
2025-04-26T01:38:49.000,15.61,8.66,8.5,18.02,20.34,434782,-29.98,-26.0,0.046
2025-04-26T01:39:49.000,15.64,8.68,9.01,17.95,20.34,434783,-29.89,-25.0,0.046
2025-04-26T01:40:49.000,15.64,8.84,9.55,17.89,20.34,434784,-29.79,-25.0,0.046
2025-04-26T01:41:49.000,15.66,9.06,9.92,17.85,20.34,434785,-29.7,-25.0,0.046
2025-04-26T01:42:49.000,15.67,9.22,10.03,17.84,20.34,434786,-29.61,-25.0,0.046
2025-04-26T01:43:49.000,15.7,9.26,9.84,17.86,20.34,434787,-29.51,-25.0,0.046
2025-04-26T01:44:49.000,15.69,9.11,9.53,17.89,20.34,434788,-29.42,-25.0,0.046
2025-04-26T01:45:49.000,15.67,8.94,9.24,17.93,20.34,434789,-29.32,-24.0,0.046
2025-04-26T01:46:49.000,15.69,8.81,9.12,17.94,20.34,434790,-29.22,-24.0,0.046
2025-04-26T01:47:49.000,15.7,8.73,8.73,17.99,20.34,434791,-29.13,-24.0,0.046
2025-04-26T01:48:50.000,15.74,8.53,8.66,18.0,20.34,434792,-29.03,-24.0,0.046
2025-04-26T01:49:50.000,15.76,8.29,8.91,17.97,20.34,434793,-28.93,-24.0,0.046
2025-04-26T01:50:50.000,15.77,8.11,9.18,17.93,20.34,434794,-28.83,-24.0,0.046
2025-04-26T01:51:50.000,15.79,7.96,9.0,17.95,20.34,434795,-28.73,-24.0,0.046
2025-04-26T01:52:50.000,15.79,7.62,8.37,18.03,20.34,434796,-28.63,-23.0,0.046
2025-04-26T01:53:50.000,15.8,7.33,7.33,18.18,20.34,434797,-28.52,-23.0,0.046
2025-04-26T01:54:50.000,15.79,6.8,6.31,18.34,20.34,434798,-28.42,-23.0,0.046
2025-04-26T01:55:50.000,15.76,6.13,5.61,18.47,20.34,434799,-28.32,-23.0,0.046
2025-04-26T01:56:51.000,15.72,5.58,4.9,18.62,20.34,434800,-28.21,-23.0,0.046
2025-04-26T01:57:50.000,15.65,5.13,4.33,18.75,20.34,434801,-28.11,-23.0,0.046
2025-04-26T01:58:51.000,15.64,4.94,4.04,18.83,20.34,434802,-28.0,-22.0,0.046
2025-04-26T01:59:51.000,15.62,4.69,3.92,18.86,20.34,434803,-27.9,-22.0,0.046
2025-04-26T02:00:51.000,15.57,4.52,3.73,18.91,20.34,434804,-27.79,-22.0,0.046
2025-04-26T02:01:51.000,15.56,4.35,3.46,18.99,20.34,434805,-27.68,-22.0,0.046
2025-04-26T02:02:51.000,15.52,3.99,3.07,19.12,20.34,434806,-27.57,-22.0,0.045
2025-04-26T02:03:51.000,15.46,3.63,2.8,19.22,20.34,434807,-27.47,-22.0,0.045
2025-04-26T02:04:52.000,15.42,3.47,2.67,19.27,20.34,434808,-27.35,-21.0,0.045
2025-04-26T02:05:51.000,15.37,3.28,2.59,19.31,20.34,434809,-27.25,-21.0,0.045
2025-04-26T02:06:52.000,15.33,3.35,2.59,19.31,20.34,434810,-27.13,-21.0,0.045
2025-04-26T02:07:52.000,15.31,3.44,2.65,19.28,20.34,434811,-27.02,-21.0,0.045
2025-04-26T02:08:52.000,15.27,3.44,2.75,19.24,20.34,434812,-26.91,-21.0,0.045
2025-04-26T02:09:52.000,15.23,3.42,2.73,19.25,20.34,434813,-26.8,-21.0,0.045
2025-04-26T02:10:52.000,15.19,3.31,2.69,19.27,20.34,434814,-26.69,-20.0,0.045
2025-04-26T02:11:52.000,15.15,3.08,2.65,19.28,20.34,434815,-26.57,-20.0,0.045
2025-04-26T02:12:53.000,15.13,2.94,2.59,19.31,20.34,434816,-26.46,-20.0,0.045
2025-04-26T02:13:53.000,15.06,2.75,2.54,19.33,20.34,434817,-26.34,-20.0,0.045
2025-04-26T02:14:53.000,15.01,2.71,2.54,19.33,20.34,434818,-26.23,-20.0,0.045
2025-04-26T02:15:53.000,14.97,2.83,2.74,19.25,20.34,434819,-26.11,-20.0,0.045
2025-04-26T02:16:53.000,14.96,3.16,3.06,19.13,20.34,434820,-25.99,-19.0,0.045
2025-04-26T02:17:53.000,14.94,3.4,3.32,19.04,20.34,434821,-25.88,-19.0,0.045
2025-04-26T02:18:53.000,14.96,3.61,3.45,19.0,20.34,434822,-25.76,-19.0,0.045
2025-04-26T02:19:53.000,14.95,3.64,3.51,18.98,20.34,434823,-25.64,-19.0,0.045
2025-04-26T02:20:53.000,14.95,3.64,3.49,18.98,20.34,434824,-25.52,-19.0,0.045
2025-04-26T02:21:54.000,14.91,3.53,3.33,19.03,20.34,434825,-25.4,-19.0,0.045
2025-04-26T02:22:54.000,14.88,3.42,3.17,19.09,20.34,434826,-25.28,-18.0,0.045
2025-04-26T02:23:54.000,14.87,3.4,3.16,19.09,20.34,434827,-25.16,-18.0,0.045
2025-04-26T02:24:54.000,14.86,3.49,3.41,19.01,20.34,434828,-25.03,-18.0,0.045
2025-04-26T02:25:54.000,14.86,3.62,3.87,18.87,20.34,434829,-24.91,-18.0,0.045
2025-04-26T02:26:54.000,14.87,3.73,4.24,18.77,20.34,434830,-24.79,-18.0,0.045
2025-04-26T02:27:54.000,14.85,3.77,4.33,18.75,20.34,434831,-24.67,-18.0,0.045
2025-04-26T02:28:54.000,14.85,3.75,4.15,18.8,20.34,434832,-24.54,-17.0,0.045
2025-04-26T02:29:55.000,14.83,3.64,3.8,18.89,20.34,434833,-24.42,-17.0,0.045
2025-04-26T02:30:55.000,14.82,3.45,3.35,19.03,20.34,434834,-24.29,-17.0,0.045
2025-04-26T02:31:55.000,14.8,3.22,2.96,19.16,20.34,434835,-24.17,-17.0,0.044
2025-04-26T02:32:55.000,14.78,3.02,2.7,19.26,20.34,434836,-24.04,-17.0,0.044
2025-04-26T02:33:55.000,14.77,2.88,2.57,19.32,20.34,434837,-23.91,-17.0,0.044
2025-04-26T02:34:55.000,14.75,2.7,2.6,19.3,20.34,434838,-23.79,-16.0,0.044
2025-04-26T02:35:55.000,14.71,2.67,2.7,19.26,20.34,434839,-23.66,-16.0,0.044
2025-04-26T02:36:57.000,14.72,2.81,2.78,19.23,20.34,434840,-23.53,-16.0,0.044
2025-04-26T02:37:57.000,14.73,2.87,2.78,19.23,20.34,434841,-23.4,-16.0,0.044
2025-04-26T02:38:57.000,14.71,2.96,2.85,19.2,20.34,434842,-23.27,-16.0,0.044
2025-04-26T02:39:57.000,14.71,3.09,3.04,19.13,20.34,434843,-23.14,-16.0,0.044
2025-04-26T02:40:57.000,14.72,3.36,3.15,19.1,20.34,434844,-23.01,-15.0,0.044
2025-04-26T02:41:57.000,14.73,3.62,3.21,19.07,20.34,434845,-22.88,-15.0,0.044
2025-04-26T02:42:57.000,14.74,3.88,3.16,19.09,20.34,434846,-22.75,-15.0,0.044
2025-04-26T02:43:58.000,14.78,4.18,3.08,19.12,20.34,434847,-22.61,-15.0,0.044
2025-04-26T02:44:58.000,14.81,4.38,3.03,19.14,20.34,434848,-22.48,-15.0,0.044
2025-04-26T02:45:58.000,14.84,4.68,3.03,19.14,20.34,434849,-22.35,-15.0,0.044
2025-04-26T02:46:58.000,14.88,5.0,3.15,19.09,20.34,434850,-22.21,-14.0,0.044
2025-04-26T02:47:58.000,14.94,5.38,3.39,19.02,20.34,434851,-22.08,-14.0,0.044
2025-04-26T02:48:58.000,14.99,5.71,3.65,18.93,20.34,434852,-21.94,-14.0,0.044
2025-04-26T02:49:58.000,15.02,6.12,4.02,18.83,20.34,434853,-21.81,-14.0,0.044
2025-04-26T02:50:58.000,15.07,6.53,4.43,18.73,20.34,434854,-21.67,-14.0,0.044
2025-04-26T02:51:59.000,15.13,6.93,4.95,18.61,20.34,434855,-21.54,-14.0,0.044
2025-04-26T02:52:59.000,15.19,7.29,5.53,18.48,20.34,434856,-21.4,-13.0,0.044
2025-04-26T02:53:59.000,15.24,7.67,6.09,18.38,20.34,434857,-21.26,-13.0,0.044
2025-04-26T02:54:59.000,15.3,8.09,6.81,18.26,20.34,434858,-21.13,-13.0,0.044
2025-04-26T02:55:59.000,15.36,8.39,7.27,18.19,20.34,434859,-20.99,-13.0,0.044
2025-04-26T02:56:59.000,15.39,8.57,7.41,18.17,20.34,434860,-20.85,-13.0,0.044
2025-04-26T02:57:59.000,15.43,8.74,7.49,18.15,20.34,434861,-20.71,-13.0,0.044
2025-04-26T02:58:59.000,15.48,8.85,7.67,18.13,20.34,434862,-20.57,-12.0,0.044
2025-04-26T02:59:59.000,15.54,8.96,8.17,18.06,20.34,434863,-20.43,-12.0,0.043
2025-04-26T03:00:59.000,15.59,9.09,8.66,18.0,20.34,434864,-20.29,-12.0,0.043
2025-04-26T03:02:00.000,15.66,9.21,9.02,17.95,20.34,434865,-20.15,-12.0,0.043
2025-04-26T03:03:00.000,15.72,9.33,9.32,17.92,20.34,434866,-20.01,-12.0,0.043
2025-04-26T03:04:00.000,15.76,9.49,9.76,17.87,20.34,434867,-19.87,-11.0,0.043
2025-04-26T03:05:00.000,15.81,9.66,10.55,17.78,20.34,434868,-19.72,-11.0,0.043
2025-04-26T03:06:00.000,15.86,9.74,11.2,17.72,20.34,434869,-19.58,-11.0,0.043
2025-04-26T03:07:00.000,15.92,10.01,12.12,17.63,20.34,434870,-19.44,-11.0,0.043
2025-04-26T03:08:00.000,15.95,10.05,13.54,17.51,20.34,434871,-19.3,-11.0,0.043
2025-04-26T03:09:00.000,15.97,10.14,14.93,17.41,20.34,434872,-19.15,-11.0,0.043
2025-04-26T03:10:01.000,16.0,10.39,15.98,17.33,20.34,434873,-19.0,-10.0,0.043
2025-04-26T03:11:01.000,16.09,10.51,16.25,17.31,20.34,434874,-18.86,-10.0,0.043
2025-04-26T03:12:01.000,16.13,10.56,16.13,17.32,20.34,434875,-18.72,-10.0,0.043
2025-04-26T03:13:01.000,16.19,10.6,15.74,17.35,20.34,434876,-18.57,-10.0,0.043
2025-04-26T03:14:01.000,16.22,10.63,15.5,17.37,20.34,434877,-18.42,-10.0,0.043
2025-04-26T03:15:01.000,16.24,10.78,15.48,17.37,20.34,434878,-18.28,-10.0,0.043
