ecsv/stars88/stars88_2025-04.ecsv
# %ECSV 1.0
# ---
# datatype:
# - {name: time, datatype: string}
# - {name: Enclosure Temperature, unit: deg_C, datatype: float64}
# - {name: Sky Temperature, unit: deg_C, datatype: float64}
# - {name: Frequency, unit: Hz, datatype: float64}
# - {name: MSAS, unit: mag / arcsec2, datatype: float64}
# - {name: ZP, datatype: float64}
# - {name: Sequence Number, datatype: int64}
# - {name: Sun Alt, unit: deg, datatype: float64}
# - {name: Moon Alt, unit: deg, datatype: float64}
# - {name: Moon Illumination, datatype: float64}
# delimiter: ','
# meta: !!omap
# - ida:
#     Data supplier: {affiliation: null, observer: "Santiago P\xE9rez-Hoyos"}
#     Device type: TESS-W
#     Field of view: 17.0
#     Filters per channel: None
#     Instrument ID: stars88
#     License: ODbL 1.0 http://opendatacommons.org/licenses/odbl/summary/
#     Local timezone: Europe/Madrid
#     Location name: {country: Spain, place: Aula Espazio Gela, region: null, sub_region: null, town: Bilbao}
#     Measurement direction per channel: {azimuth: 0.0, zenital: 0.0}
#     Moving / Fixed look direction: FIXED
#     Moving / Stationary position: STATIONARY
#     Number of channels: 1
#     Number of fields per line: 8
#     Number of header lines: 35
#     Position: {height: 47.0, latitude: 43.2621711, longitude: -2.9486171}
#     TESS MAC address: 18:FE:34:D3:49:10
#     TESS cover offset value: 0.0
#     TESS firmware version: '1.0'
#     TESS zero point: 20.43
#     Time Synchronization: timestamp added by MQTT subscriber
#     URL: http://www.darksky.org/NSBM/sdf1.0.pdf
# - __serialized_columns__:
#     Enclosure Temperature:
#       __class__: astropy.units.quantity.Quantity
#       unit: &id001 !astropy.units.Unit {unit: deg_C}
#       value: !astropy.table.SerializedColumn {name: Enclosure Temperature}
#     Frequency:
#       __class__: astropy.units.quantity.Quantity
#       unit: !astropy.units.Unit {unit: Hz}
#       value: !astropy.table.SerializedColumn {name: Frequency}
#     MSAS:
#       __class__: astropy.units.quantity.Quantity
#       unit: !astropy.units.Unit {unit: mag / arcsec2}
#       value: !astropy.table.SerializedColumn {name: MSAS}
#     Moon Alt:
#       __class__: astropy.units.quantity.Quantity
#       unit: &id002 !astropy.units.Unit {unit: deg}
#       value: !astropy.table.SerializedColumn {name: Moon Alt}
#     Sky Temperature:
#       __class__: astropy.units.quantity.Quantity
#       unit: *id001
#       value: !astropy.table.SerializedColumn {name: Sky Temperature}
#     Sun Alt:
#       __class__: astropy.units.quantity.Quantity
#       unit: *id002
#       value: !astropy.table.SerializedColumn {name: Sun Alt}
#     time:
#       __class__: astropy.time.core.Time
#       format: isot
#       in_subfmt: '*'
#       out_subfmt: '*'
#       precision: 3
#       scale: utc
#       value: !astropy.table.SerializedColumn {name: time}
# schema: astropy-2.0
time,Enclosure Temperature,Sky Temperature,Frequency,MSAS,ZP,Sequence Number,Sun Alt,Moon Alt,Moon Illumination
[from data line 18305]
2025-04-26T23:37:02.000,12.33,10.27,297.48,14.25,20.43,71116,-32.42,-35.0,0.011
2025-04-26T23:38:02.000,12.29,10.19,245.15,14.46,20.43,71117,-32.45,-35.0,0.011
2025-04-26T23:39:02.000,12.27,10.08,243.6,14.46,20.43,71118,-32.47,-35.0,0.011
2025-04-26T23:40:02.000,12.2,9.6,227.01,14.54,20.43,71119,-32.5,-35.0,0.011
2025-04-26T23:41:02.000,12.15,9.46,236.76,14.5,20.43,71120,-32.53,-35.0,0.011
2025-04-26T23:42:02.000,12.13,9.39,239.8,14.48,20.43,71121,-32.55,-35.0,0.011
2025-04-26T23:43:02.000,12.19,10.0,282.74,14.3,20.43,71122,-32.58,-35.0,0.011
2025-04-26T23:44:02.000,12.25,9.84,317.01,14.18,20.43,71123,-32.6,-35.0,0.011
2025-04-26T23:45:02.000,12.27,9.39,300.31,14.24,20.43,71124,-32.62,-35.0,0.011
2025-04-26T23:46:03.000,12.25,9.45,328.45,14.14,20.43,71125,-32.65,-35.0,0.011
2025-04-26T23:47:03.000,12.27,9.66,270.9,14.35,20.43,71126,-32.67,-35.0,0.011
2025-04-26T23:48:03.000,12.31,9.09,265.84,14.37,20.43,71127,-32.69,-35.0,0.011
2025-04-26T23:49:03.000,12.31,9.52,251.71,14.43,20.43,71128,-32.7,-35.0,0.011
2025-04-26T23:50:03.000,12.29,8.97,297.24,14.25,20.43,71129,-32.72,-35.0,0.011
2025-04-26T23:51:03.000,12.37,9.56,280.27,14.32,20.43,71130,-32.74,-35.0,0.011
2025-04-26T23:52:03.000,12.37,9.06,272.65,14.35,20.43,71131,-32.76,-35.0,0.011
2025-04-26T23:53:03.000,12.25,8.81,322.09,14.16,20.43,71132,-32.77,-35.0,0.011
2025-04-26T23:54:03.000,12.33,9.22,300.34,14.24,20.43,71133,-32.79,-35.0,0.011
2025-04-26T23:55:03.000,12.39,9.43,334.36,14.12,20.43,71134,-32.8,-35.0,0.011
2025-04-26T23:56:03.000,12.48,9.59,332.9,14.12,20.43,71135,-32.81,-35.0,0.011
2025-04-26T23:57:03.000,12.53,9.3,314.61,14.19,20.43,71136,-32.82,-35.0,0.011
2025-04-26T23:58:03.000,12.58,9.28,283.26,14.3,20.43,71137,-32.83,-35.0,0.011
2025-04-26T23:59:03.000,12.56,9.1,277.98,14.32,20.43,71138,-32.84,-35.0,0.011
2025-04-27T00:00:03.000,12.64,9.49,320.34,14.17,20.43,71139,-32.85,-35.0,0.011
2025-04-27T00:01:03.000,12.63,8.88,311.82,14.2,20.43,71140,-32.86,-35.0,0.011
2025-04-27T00:02:03.000,12.52,8.64,333.82,14.12,20.43,71141,-32.87,-35.0,0.011
2025-04-27T00:03:04.000,12.47,8.98,335.39,14.12,20.43,71142,-32.87,-35.0,0.011
2025-04-27T00:04:04.000,12.51,8.88,298.16,14.24,20.43,71143,-32.88,-35.0,0.011
2025-04-27T00:05:04.000,12.43,8.88,273.1,14.34,20.43,71144,-32.88,-35.0,0.011
2025-04-27T00:06:04.000,12.48,9.21,269.19,14.36,20.43,71145,-32.89,-34.0,0.011
2025-04-27T00:07:04.000,12.55,9.08,241.46,14.47,20.43,71146,-32.89,-34.0,0.011
2025-04-27T00:08:04.000,12.55,9.38,309.02,14.21,20.43,71147,-32.89,-34.0,0.011
2025-04-27T00:09:04.000,12.6,9.33,331.69,14.13,20.43,71148,-32.89,-34.0,0.011
2025-04-27T00:10:04.000,12.61,9.26,289.55,14.28,20.43,71149,-32.89,-34.0,0.011
2025-04-27T00:11:04.000,12.66,9.43,306.63,14.22,20.43,71150,-32.89,-34.0,0.011
2025-04-27T00:12:04.000,12.78,9.53,313.8,14.19,20.43,71151,-32.89,-34.0,0.011
2025-04-27T00:13:04.000,12.81,9.42,296.34,14.25,20.43,71152,-32.88,-34.0,0.011
2025-04-27T00:14:04.000,12.88,9.55,271.08,14.35,20.43,71153,-32.88,-34.0,0.01
2025-04-27T00:15:04.000,12.86,9.19,265.66,14.37,20.43,71154,-32.88,-34.0,0.01
2025-04-27T00:16:04.000,12.79,9.31,260.83,14.39,20.43,71155,-32.87,-34.0,0.01
2025-04-27T00:17:04.000,12.73,8.98,278.58,14.32,20.43,71156,-32.86,-34.0,0.01
2025-04-27T00:18:04.000,12.67,9.34,279.24,14.32,20.43,71157,-32.86,-34.0,0.01
2025-04-27T00:19:05.000,12.69,9.17,241.03,14.48,20.43,71158,-32.85,-34.0,0.01
2025-04-27T00:20:05.000,12.65,9.02,236.7,14.5,20.43,71159,-32.84,-34.0,0.01
2025-04-27T00:21:05.000,12.57,8.95,236.09,14.5,20.43,71160,-32.83,-34.0,0.01
2025-04-27T00:22:05.000,12.6,9.16,241.93,14.47,20.43,71161,-32.81,-34.0,0.01
2025-04-27T00:23:05.000,12.6,8.97,201.84,14.67,20.43,71162,-32.8,-34.0,0.01
2025-04-27T00:24:05.000,12.57,8.58,135.82,15.12,20.43,71163,-32.79,-34.0,0.01
2025-04-27T00:25:05.000,12.58,8.59,140.45,15.08,20.43,71164,-32.78,-34.0,0.01
2025-04-27T00:26:05.000,12.59,9.22,223.15,14.56,20.43,71165,-32.76,-33.0,0.01
2025-04-27T00:27:05.000,12.71,9.36,252.2,14.43,20.43,71166,-32.74,-33.0,0.01
2025-04-27T00:28:05.000,12.65,9.15,215.89,14.6,20.43,71167,-32.73,-33.0,0.01
2025-04-27T00:29:05.000,12.57,9.34,269.55,14.35,20.43,71168,-32.71,-33.0,0.01
2025-04-27T00:30:06.000,12.65,9.56,260.9,14.39,20.43,71169,-32.69,-33.0,0.01
2025-04-27T00:31:05.000,12.72,9.42,230.42,14.53,20.43,71170,-32.67,-33.0,0.01
2025-04-27T00:32:05.000,12.68,9.64,330.63,14.13,20.43,71171,-32.65,-33.0,0.01
2025-04-27T00:33:05.000,12.66,9.69,310.18,14.21,20.43,71172,-32.63,-33.0,0.01
2025-04-27T00:34:05.000,12.62,9.33,208.63,14.65,20.43,71173,-32.61,-33.0,0.01
2025-04-27T00:35:05.000,12.65,9.53,252.04,14.43,20.43,71174,-32.58,-33.0,0.01
2025-04-27T00:36:06.000,12.66,9.37,229.42,14.53,20.43,71175,-32.56,-33.0,0.01
2025-04-27T00:37:06.000,12.67,9.35,199.57,14.68,20.43,71176,-32.53,-33.0,0.01
2025-04-27T00:38:06.000,12.67,9.26,220.09,14.57,20.43,71177,-32.51,-33.0,0.01
2025-04-27T00:39:06.000,12.72,9.46,202.7,14.67,20.43,71178,-32.48,-33.0,0.01
2025-04-27T00:40:06.000,12.76,8.93,154.67,15.0,20.43,71179,-32.45,-33.0,0.01
2025-04-27T00:41:06.000,12.68,8.44,124.02,15.2,20.43,71180,-32.43,-32.0,0.01
2025-04-27T00:42:06.000,12.63,8.81,145.84,15.02,20.43,71181,-32.4,-32.0,0.01
2025-04-27T00:43:06.000,12.61,8.69,164.85,14.89,20.43,71182,-32.37,-32.0,0.01
2025-04-27T00:44:07.000,12.61,8.92,193.91,14.71,20.43,71183,-32.33,-32.0,0.01
2025-04-27T00:45:06.000,12.73,8.96,210.02,14.62,20.43,71184,-32.3,-32.0,0.01
2025-04-27T00:46:06.000,12.8,9.14,232.34,14.52,20.43,71185,-32.27,-32.0,0.01
2025-04-27T00:47:06.000,12.83,8.93,219.37,14.58,20.43,71186,-32.24,-32.0,0.01
2025-04-27T00:48:06.000,12.84,8.67,163.35,14.9,20.43,71187,-32.2,-32.0,0.01
2025-04-27T00:49:06.000,12.86,8.32,147.87,15.01,20.43,71188,-32.16,-32.0,0.01
2025-04-27T00:50:06.000,12.89,8.17,130.66,15.14,20.43,71189,-32.13,-32.0,0.01
2025-04-27T00:51:07.000,12.96,8.15,155.62,14.95,20.43,71190,-32.09,-32.0,0.01
2025-04-27T00:52:07.000,13.09,8.34,164.74,14.89,20.43,71191,-32.05,-32.0,0.01
2025-04-27T00:53:07.000,13.23,8.42,182.25,14.78,20.43,71192,-32.01,-32.0,0.01
2025-04-27T00:54:07.000,13.36,8.34,135.53,15.1,20.43,71193,-31.97,-31.0,0.01
2025-04-27T00:55:07.000,13.48,8.33,140.68,15.06,20.43,71194,-31.93,-31.0,0.01
2025-04-27T00:56:07.000,13.55,8.29,172.18,14.84,20.43,71195,-31.89,-31.0,0.01
2025-04-27T00:57:07.000,13.69,8.35,161.69,14.91,20.43,71196,-31.85,-31.0,0.01
2025-04-27T00:58:07.000,13.77,8.62,158.72,14.93,20.43,71197,-31.8,-31.0,0.01
2025-04-27T00:59:07.000,13.83,8.36,169.87,14.85,20.43,71198,-31.76,-31.0,0.01
2025-04-27T01:00:07.000,13.83,8.54,164.31,14.89,20.43,71199,-31.71,-31.0,0.01
2025-04-27T01:01:07.000,13.92,8.36,156.81,14.94,20.43,71200,-31.67,-31.0,0.01
2025-04-27T01:02:07.000,13.92,8.5,153.98,14.96,20.43,71201,-31.62,-31.0,0.01
2025-04-27T01:03:07.000,13.97,8.81,165.06,14.89,20.43,71202,-31.57,-31.0,0.01
2025-04-27T01:04:07.000,13.95,8.61,209.01,14.63,20.43,71203,-31.52,-31.0,0.01
2025-04-27T01:05:07.000,14.01,8.9,225.84,14.55,20.43,71204,-31.47,-31.0,0.01
2025-04-27T01:06:07.000,14.05,9.08,253.84,14.42,20.43,71205,-31.42,-30.0,0.01
2025-04-27T01:07:07.000,14.09,9.52,288.56,14.28,20.43,71206,-31.37,-30.0,0.01
2025-04-27T01:08:07.000,14.12,9.59,283.57,14.3,20.43,71207,-31.32,-30.0,0.01
2025-04-27T01:09:08.000,14.1,9.78,290.94,14.27,20.43,71208,-31.27,-30.0,0.01
2025-04-27T01:10:08.000,14.1,10.21,372.34,14.0,20.43,71209,-31.21,-30.0,0.01
2025-04-27T01:11:08.000,14.12,10.08,306.16,14.22,20.43,71210,-31.16,-30.0,0.01
2025-04-27T01:12:08.000,14.15,10.32,238.9,14.49,20.43,71211,-31.1,-30.0,0.01
2025-04-27T01:13:08.000,14.18,9.82,239.08,14.49,20.43,71212,-31.05,-30.0,0.01
2025-04-27T01:14:08.000,14.21,10.06,211.91,14.62,20.43,71213,-30.99,-30.0,0.01
2025-04-27T01:15:08.000,14.25,9.62,196.22,14.71,20.43,71214,-30.93,-30.0,0.009
2025-04-27T01:16:08.000,14.22,9.11,167.06,14.88,20.43,71215,-30.87,-30.0,0.009
2025-04-27T01:17:08.000,14.24,8.66,152.25,14.98,20.43,71216,-30.81,-29.0,0.009
2025-04-27T01:18:08.000,14.15,8.37,129.46,15.15,20.43,71217,-30.75,-29.0,0.009
2025-04-27T01:19:08.000,14.09,8.38,116.55,15.26,20.43,71218,-30.69,-29.0,0.009
2025-04-27T01:20:08.000,14.07,8.61,131.48,15.14,20.43,71219,-30.63,-29.0,0.009
2025-04-27T01:21:08.000,14.15,8.65,116.8,15.26,20.43,71220,-30.56,-29.0,0.009
2025-04-27T01:22:08.000,14.14,9.25,181.73,14.8,20.43,71221,-30.5,-29.0,0.009
2025-04-27T01:23:08.000,14.23,9.9,241.67,14.47,20.43,71222,-30.44,-29.0,0.009
2025-04-27T01:24:08.000,14.24,9.75,243.64,14.46,20.43,71223,-30.37,-29.0,0.009
2025-04-27T01:25:09.000,14.27,9.94,274.07,14.34,20.43,71224,-30.3,-29.0,0.009
2025-04-27T01:26:09.000,14.29,10.27,348.92,14.08,20.43,71225,-30.24,-29.0,0.009
2025-04-27T01:27:09.000,14.19,9.8,356.38,14.05,20.43,71226,-30.17,-28.0,0.009
2025-04-27T01:28:09.000,14.18,9.83,315.44,14.18,20.43,71227,-30.1,-28.0,0.009
2025-04-27T01:29:09.000,14.2,9.84,323.12,14.16,20.43,71228,-30.03,-28.0,0.009
2025-04-27T01:30:09.000,14.16,9.67,289.96,14.28,20.43,71229,-29.96,-28.0,0.009
2025-04-27T01:31:09.000,14.1,9.28,212.94,14.61,20.43,71230,-29.89,-28.0,0.009
2025-04-27T01:32:09.000,14.12,9.2,201.96,14.67,20.43,71231,-29.82,-28.0,0.009
2025-04-27T01:33:09.000,14.15,9.47,207.96,14.64,20.43,71232,-29.74,-28.0,0.009
2025-04-27T01:34:09.000,14.18,9.21,202.49,14.66,20.43,71233,-29.67,-28.0,0.009
2025-04-27T01:35:09.000,14.09,8.57,198.7,14.68,20.43,71234,-29.6,-28.0,0.009
2025-04-27T01:36:09.000,13.99,8.33,187.8,14.75,20.43,71235,-29.52,-28.0,0.009
2025-04-27T01:37:09.000,13.97,8.24,198.0,14.69,20.43,71236,-29.45,-27.0,0.009
2025-04-27T01:38:09.000,13.9,8.6,217.42,14.59,20.43,71237,-29.37,-27.0,0.009
2025-04-27T01:39:09.000,13.9,9.05,209.64,14.64,20.43,71238,-29.29,-27.0,0.009
2025-04-27T01:40:09.000,14.0,9.05,170.81,14.85,20.43,71239,-29.22,-27.0,0.009
2025-04-27T01:41:09.000,14.09,9.42,187.26,14.75,20.43,71240,-29.14,-27.0,0.009
2025-04-27T01:42:10.000,14.16,9.52,182.83,14.78,20.43,71241,-29.06,-27.0,0.009
2025-04-27T01:43:10.000,14.18,9.32,180.52,14.8,20.43,71242,-28.98,-27.0,0.009
2025-04-27T01:44:10.000,14.18,10.06,235.48,14.5,20.43,71243,-28.89,-27.0,0.009
2025-04-27T01:45:10.000,14.24,10.11,248.83,14.44,20.43,71244,-28.81,-27.0,0.009
2025-04-27T01:46:10.000,14.19,9.17,208.11,14.64,20.43,71245,-28.73,-26.0,0.009
2025-04-27T01:47:11.000,14.19,9.42,214.22,14.6,20.43,71246,-28.65,-26.0,0.009
2025-04-27T01:48:10.000,14.19,9.91,228.09,14.54,20.43,71247,-28.56,-26.0,0.009
2025-04-27T01:49:10.000,14.24,9.84,215.71,14.6,20.43,71248,-28.48,-26.0,0.009
2025-04-27T01:50:11.000,14.1,8.85,208.4,14.63,20.43,71249,-28.39,-26.0,0.009
2025-04-27T01:51:10.000,13.57,10.39,222.76,14.56,20.43,71250,-28.31,-26.0,0.009
2025-04-27T01:52:10.000,13.22,10.0,213.6,14.61,20.43,71251,-28.22,-26.0,0.009
2025-04-27T01:53:11.000,13.09,10.94,210.0,14.63,20.43,71252,-28.13,-26.0,0.009
2025-04-27T01:54:11.000,13.06,10.71,221.82,14.57,20.43,71253,-28.04,-25.0,0.009
2025-04-27T01:55:11.000,13.04,11.18,266.52,14.37,20.43,71254,-27.95,-25.0,0.009
2025-04-27T01:56:11.000,13.06,11.05,304.31,14.22,20.43,71255,-27.87,-25.0,0.009
2025-04-27T01:57:11.000,13.09,11.36,275.87,14.33,20.43,71256,-27.77,-25.0,0.009
2025-04-27T01:58:11.000,13.0,10.29,347.84,14.08,20.43,71257,-27.68,-25.0,0.009
2025-04-27T01:59:11.000,12.82,10.63,380.11,13.98,20.43,71258,-27.59,-25.0,0.009
2025-04-27T02:00:11.000,12.92,11.0,302.07,14.24,20.43,71259,-27.5,-25.0,0.009
2025-04-27T02:01:11.000,12.98,11.06,283.44,14.3,20.43,71260,-27.41,-25.0,0.009
2025-04-27T02:02:11.000,12.96,10.88,338.76,14.11,20.43,71261,-27.31,-25.0,0.009
2025-04-27T02:03:11.000,13.03,11.35,397.6,13.93,20.43,71262,-27.22,-24.0,0.009
2025-04-27T02:04:11.000,13.07,11.27,390.72,13.95,20.43,71263,-27.12,-24.0,0.009
2025-04-27T02:05:11.000,13.05,10.99,387.15,13.96,20.43,71264,-27.03,-24.0,0.009
2025-04-27T02:06:11.000,12.82,9.97,286.09,14.3,20.43,71265,-26.93,-24.0,0.009
2025-04-27T02:07:11.000,12.71,10.29,286.36,14.29,20.43,71266,-26.83,-24.0,0.009
2025-04-27T02:08:11.000,12.78,10.54,333.53,14.12,20.43,71267,-26.74,-24.0,0.009
2025-04-27T02:09:12.000,12.73,10.12,349.4,14.07,20.43,71268,-26.64,-24.0,0.009
2025-04-27T02:10:12.000,12.66,10.07,378.45,13.99,20.43,71269,-26.54,-24.0,0.009
2025-04-27T02:11:12.000,12.69,10.36,393.12,13.94,20.43,71270,-26.44,-23.0,0.009
2025-04-27T02:12:12.000,12.78,10.77,397.15,13.93,20.43,71271,-26.34,-23.0,0.009
2025-04-27T02:13:12.000,12.77,10.27,405.75,13.91,20.43,71272,-26.23,-23.0,0.009
2025-04-27T02:14:12.000,12.74,10.19,410.47,13.9,20.43,71273,-26.13,-23.0,0.009
2025-04-27T02:15:12.000,12.77,10.35,412.97,13.89,20.43,71274,-26.03,-23.0,0.009
2025-04-27T02:16:12.000,12.77,10.61,406.07,13.91,20.43,71275,-25.93,-23.0,0.009
2025-04-27T02:17:12.000,12.76,10.35,395.28,13.94,20.43,71276,-25.82,-23.0,0.009
2025-04-27T02:18:12.000,12.76,10.3,381.73,13.98,20.43,71277,-25.72,-23.0,0.009
2025-04-27T02:19:12.000,12.53,9.75,366.16,14.02,20.43,71278,-25.61,-22.0,0.008
2025-04-27T02:20:12.000,12.52,10.28,384.52,13.97,20.43,71279,-25.51,-22.0,0.008
2025-04-27T02:21:12.000,12.62,10.39,378.18,13.99,20.43,71280,-25.4,-22.0,0.008
2025-04-27T02:22:12.000,12.59,10.35,353.1,14.06,20.43,71281,-25.29,-22.0,0.008
2025-04-27T02:23:12.000,12.62,10.64,317.28,14.18,20.43,71282,-25.19,-22.0,0.008
2025-04-27T02:24:12.000,12.64,10.42,310.02,14.2,20.43,71283,-25.08,-22.0,0.008
2025-04-27T02:25:12.000,12.74,11.03,264.29,14.38,20.43,71284,-24.97,-22.0,0.008
2025-04-27T02:26:13.000,12.77,10.65,280.09,14.31,20.43,71285,-24.86,-22.0,0.008
2025-04-27T02:27:13.000,12.77,10.69,232.11,14.53,20.43,71286,-24.75,-21.0,0.008
2025-04-27T02:28:13.000,12.86,11.33,322.04,14.16,20.43,71287,-24.64,-21.0,0.008
2025-04-27T02:29:14.000,12.94,11.31,343.84,14.09,20.43,71288,-24.53,-21.0,0.008
2025-04-27T02:30:13.000,12.94,10.77,340.0,14.1,20.43,71289,-24.42,-21.0,0.008
2025-04-27T02:31:13.000,12.68,10.22,359.71,14.04,20.43,71290,-24.3,-21.0,0.008
2025-04-27T02:32:13.000,12.87,11.39,365.78,14.02,20.43,71291,-24.19,-21.0,0.008
2025-04-27T02:33:13.000,12.87,10.68,358.8,14.04,20.43,71292,-24.08,-21.0,0.008
2025-04-27T02:34:13.000,12.8,10.46,345.26,14.08,20.43,71293,-23.96,-20.0,0.008
2025-04-27T02:35:13.000,12.76,10.51,341.87,14.1,20.43,71294,-23.85,-20.0,0.008
2025-04-27T02:36:13.000,12.89,11.41,319.03,14.17,20.43,71295,-23.73,-20.0,0.008
2025-04-27T02:37:13.000,12.9,10.7,299.17,14.24,20.43,71296,-23.62,-20.0,0.008
2025-04-27T02:38:13.000,12.59,8.9,252.83,14.43,20.43,71297,-23.5,-20.0,0.008
2025-04-27T02:39:13.000,12.4,9.5,258.29,14.4,20.43,71298,-23.38,-20.0,0.008
2025-04-27T02:40:14.000,12.4,9.49,313.01,14.19,20.43,71299,-23.26,-20.0,0.008
2025-04-27T02:41:13.000,12.32,9.41,333.91,14.12,20.43,71300,-23.15,-19.0,0.008
2025-04-27T02:42:13.000,12.26,9.62,288.42,14.29,20.43,71301,-23.03,-19.0,0.008
2025-04-27T02:43:14.000,12.34,10.1,207.57,14.64,20.43,71302,-22.91,-19.0,0.008
2025-04-27T02:44:14.000,12.35,10.0,184.27,14.77,20.43,71303,-22.79,-19.0,0.008
2025-04-27T02:45:14.000,12.31,9.8,219.38,14.58,20.43,71304,-22.67,-19.0,0.008
2025-04-27T02:46:14.000,12.4,10.23,226.02,14.55,20.43,71305,-22.55,-19.0,0.008
2025-04-27T02:47:14.000,12.45,10.21,204.58,14.67,20.43,71306,-22.43,-19.0,0.008
2025-04-27T02:48:14.000,12.4,9.99,138.39,15.08,20.43,71307,-22.3,-18.0,0.008
2025-04-27T02:49:14.000,12.29,9.8,132.97,15.12,20.43,71308,-22.18,-18.0,0.008
2025-04-27T02:50:14.000,12.32,9.89,181.19,14.8,20.43,71309,-22.06,-18.0,0.008
2025-04-27T02:51:14.000,12.27,9.87,185.46,14.76,20.43,71310,-21.93,-18.0,0.008
2025-04-27T02:52:14.000,12.22,9.75,139.66,15.07,20.43,71311,-21.81,-18.0,0.008
2025-04-27T02:53:14.000,12.31,10.06,199.24,14.7,20.43,71312,-21.69,-18.0,0.008
2025-04-27T02:54:14.000,12.23,9.67,283.12,14.3,20.43,71313,-21.56,-18.0,0.008
2025-04-27T02:55:14.000,12.33,10.41,269.66,14.35,20.43,71314,-21.44,-18.0,0.008
2025-04-27T02:56:14.000,12.41,10.39,330.83,14.13,20.43,71315,-21.31,-17.0,0.008
2025-04-27T02:57:14.000,12.34,9.85,327.84,14.14,20.43,71316,-21.18,-17.0,0.008
2025-04-27T02:58:14.000,12.42,10.5,330.72,14.13,20.43,71317,-21.06,-17.0,0.008
2025-04-27T02:59:14.000,12.46,10.64,345.93,14.08,20.43,71318,-20.93,-17.0,0.008
