ecsv/stars88/stars88_2024-04.ecsv
# %ECSV 1.0
# ---
# datatype:
# - {name: time, datatype: string}
# - {name: Enclosure Temperature, unit: deg_C, datatype: float64}
# - {name: Sky Temperature, unit: deg_C, datatype: float64}
# - {name: Frequency, unit: Hz, datatype: float64}
# - {name: MSAS, unit: mag / arcsec2, datatype: float64}
# - {name: ZP, datatype: float64}
# - {name: Sequence Number, datatype: int64}
# - {name: Sun Alt, unit: deg, datatype: float64}
# - {name: Moon Alt, unit: deg, datatype: float64}
# - {name: Moon Illumination, datatype: float64}
# delimiter: ','
# meta: !!omap
# - ida:
#     Data supplier: {affiliation: null, observer: "Santiago P\xE9rez-Hoyos"}
#     Device type: TESS-W
#     Field of view: 17.0
#     Filters per channel: None
#     Instrument ID: stars88
#     License: ODbL 1.0 http://opendatacommons.org/licenses/odbl/summary/
#     Local timezone: Europe/Madrid
#     Location name: {country: '- Aula Espazio Gela', place: Bilbao, region: Spain, sub_region: null, town: null}
#     Measurement direction per channel: {azimuth: 0.0, zenital: 0.0}
#     Moving / Fixed look direction: FIXED
#     Moving / Stationary position: STATIONARY
#     Number of channels: 1
#     Number of fields per line: 8
#     Number of header lines: 35
#     Position: {height: 47.0, latitude: 43.2621711, longitude: -2.9486171}
#     TESS MAC address: 18:FE:34:D3:49:10
#     TESS cover offset value: 0.0
#     TESS firmware version: '1.0'
#     TESS zero point: 20.43
#     Time Synchronization: timestamp added by MQTT subscriber
#     URL: http://www.darksky.org/NSBM/sdf1.0.pdf
# - __serialized_columns__:
#     Enclosure Temperature:
#       __class__: astropy.units.quantity.Quantity
#       unit: &id001 !astropy.units.Unit {unit: deg_C}
#       value: !astropy.table.SerializedColumn {name: Enclosure Temperature}
#     Frequency:
#       __class__: astropy.units.quantity.Quantity
#       unit: !astropy.units.Unit {unit: Hz}
#       value: !astropy.table.SerializedColumn {name: Frequency}
#     MSAS:
#       __class__: astropy.units.quantity.Quantity
#       unit: !astropy.units.Unit {unit: mag / arcsec2}
#       value: !astropy.table.SerializedColumn {name: MSAS}
#     Moon Alt:
#       __class__: astropy.units.quantity.Quantity
#       unit: &id002 !astropy.units.Unit {unit: deg}
#       value: !astropy.table.SerializedColumn {name: Moon Alt}
#     Sky Temperature:
#       __class__: astropy.units.quantity.Quantity
#       unit: *id001
#       value: !astropy.table.SerializedColumn {name: Sky Temperature}
#     Sun Alt:
#       __class__: astropy.units.quantity.Quantity
#       unit: *id002
#       value: !astropy.table.SerializedColumn {name: Sun Alt}
#     time:
#       __class__: astropy.time.core.Time
#       format: isot
#       in_subfmt: '*'
#       out_subfmt: '*'
#       precision: 3
#       scale: utc
#       value: !astropy.table.SerializedColumn {name: time}
# schema: astropy-2.0
time,Enclosure Temperature,Sky Temperature,Frequency,MSAS,ZP,Sequence Number,Sun Alt,Moon Alt,Moon Illumination
2024-04-01T18:32:00.000,19.95,5.99,923.21,0.15,20.43,2,0.38,-75.0,0.541
2024-04-01T18:33:00.000,9.44,7.14,0.0,0.0,20.43,3,0.19,-74.0,0.54
2024-04-01T18:34:00.000,9.25,6.56,0.0,0.0,20.43,4,0.01,-74.0,0.54
2024-04-01T18:35:00.000,9.18,6.5,0.0,0.0,20.43,5,-0.17,-74.0,0.54
2024-04-01T18:37:00.000,9.29,7.18,0.0,0.0,20.43,7,-0.53,-74.0,0.54
2024-04-01T18:39:08.000,9.29,7.23,0.0,0.0,20.43,9,-0.91,-74.0,0.54
2024-04-01T18:40:08.000,9.28,7.46,0.0,0.0,20.43,10,-1.09,-74.0,0.54
2024-04-01T18:41:08.000,9.33,7.41,0.0,0.0,20.43,11,-1.27,-74.0,0.54
2024-04-01T18:42:08.000,9.47,8.11,0.0,0.0,20.43,12,-1.45,-74.0,0.54
2024-04-01T18:43:08.000,9.54,7.64,0.0,0.0,20.43,13,-1.63,-74.0,0.54
2024-04-01T18:45:42.000,9.39,7.52,2839.44,0.51,20.43,2,-2.09,-73.0,0.54
2024-04-01T18:46:42.000,9.47,8.04,58073.32,8.52,20.43,3,-2.27,-73.0,0.539
2024-04-01T18:47:42.000,9.57,7.99,47977.89,8.73,20.43,4,-2.45,-73.0,0.539
2024-04-01T18:48:42.000,9.59,7.91,41250.74,8.89,20.43,5,-2.63,-73.0,0.539
2024-04-01T18:49:42.000,9.54,7.62,38215.26,8.97,20.43,6,-2.81,-73.0,0.539
2024-04-01T18:50:42.000,9.22,6.39,33043.6,9.2,20.43,7,-2.99,-73.0,0.539
2024-04-01T18:51:44.000,9.07,6.78,28620.29,9.29,20.43,8,-3.18,-73.0,0.539
2024-04-01T18:52:43.000,9.1,6.97,24201.26,9.47,20.43,9,-3.35,-73.0,0.539
2024-04-01T18:53:43.000,9.11,7.01,18923.38,9.74,20.43,10,-3.53,-73.0,0.539
2024-04-01T18:54:43.000,9.02,6.68,15889.44,9.93,20.43,11,-3.71,-73.0,0.539
2024-04-01T18:55:43.000,8.97,6.96,12297.03,10.21,20.43,12,-3.89,-72.0,0.539
2024-04-01T18:56:44.000,9.06,7.2,9321.49,10.51,20.43,13,-4.07,-72.0,0.539
2024-04-01T18:57:45.000,9.08,7.17,7312.97,10.77,20.43,14,-4.25,-72.0,0.539
2024-04-01T18:58:44.000,9.06,7.08,5929.1,11.0,20.43,15,-4.43,-72.0,0.539
2024-04-01T18:59:44.000,9.04,7.19,4827.64,11.22,20.43,16,-4.61,-72.0,0.538
2024-04-01T19:00:45.000,9.02,7.15,4022.72,11.42,20.43,17,-4.79,-72.0,0.538
2024-04-01T19:01:44.000,9.01,7.03,3457.04,11.58,20.43,18,-4.96,-72.0,0.538
2024-04-01T19:02:45.000,8.85,6.36,2771.03,11.83,20.43,19,-5.15,-72.0,0.538
2024-04-01T19:36:03.000,9.75,6.86,220.89,16.2,20.43,20,-11.0,-67.0,0.536
2024-04-01T19:37:03.000,9.97,7.45,13.72,17.59,20.43,21,-11.18,-67.0,0.536
2024-04-01T19:40:10.000,10.17,6.24,12.1,17.72,20.43,24,-11.71,-67.0,0.535
2024-04-01T20:00:52.000,10.16,3.72,14.29,17.54,20.43,25,-15.24,-64.0,0.534
2024-04-01T20:01:52.000,10.59,1.86,20.27,17.17,20.43,26,-15.41,-63.0,0.534
2024-04-01T20:02:52.000,10.62,1.87,32.15,16.67,20.43,27,-15.58,-63.0,0.534
2024-04-01T20:03:54.000,10.48,2.06,39.39,16.44,20.43,28,-15.75,-63.0,0.534
2024-04-01T20:04:56.000,10.28,2.4,34.49,16.59,20.43,29,-15.93,-63.0,0.534
2024-04-01T20:27:17.000,10.57,1.64,33.61,16.67,20.43,31,-19.6,-59.0,0.532
2024-04-01T20:28:17.000,10.66,0.89,33.53,16.62,20.43,32,-19.76,-59.0,0.532
2024-04-01T21:14:29.000,10.06,-6.89,16.73,17.42,20.43,37,-26.84,-51.0,0.528
2024-04-01T21:19:21.000,10.32,-8.1,10.13,17.92,20.43,41,-27.53,-50.0,0.528
2024-04-01T21:24:25.000,10.46,-8.71,9.81,17.95,20.43,45,-28.24,-50.0,0.528
2024-04-01T22:00:09.000,10.18,-9.77,9.49,17.99,20.43,12,-32.9,-43.0,0.525
2024-04-01T22:30:46.000,10.32,-10.53,9.31,18.01,20.43,15,-36.26,-38.0,0.523
2024-04-07T11:30:57.000,22.67,5.98,644.63,7.2,20.43,23,52.64,44.0,0.025
2024-04-07T11:31:56.000,14.96,13.29,0.0,0.0,20.43,24,52.7,44.0,0.025
2024-04-07T11:32:56.000,14.95,12.99,0.0,0.0,20.43,25,52.75,44.0,0.025
2024-04-07T11:33:56.000,14.93,12.98,0.0,0.0,20.43,26,52.8,44.0,0.025
2024-04-07T11:34:57.000,14.94,12.88,0.0,0.0,20.43,27,52.86,44.0,0.025
2024-04-07T11:35:57.000,15.0,13.32,0.0,0.0,20.43,28,52.91,44.0,0.025
2024-04-07T11:41:39.000,14.67,11.98,0.0,0.0,20.43,31,53.17,44.0,0.025
2024-04-07T11:42:39.000,14.54,12.04,0.0,0.0,20.43,32,53.21,44.0,0.025
2024-04-07T11:43:41.000,14.58,12.13,0.0,0.0,20.43,33,53.25,44.0,0.025
2024-04-07T11:46:54.000,14.05,11.22,0.0,0.0,20.43,36,53.37,44.0,0.025
2024-04-07T11:48:01.000,14.16,11.41,0.0,0.0,20.43,37,53.41,44.0,0.024
2024-04-07T11:49:03.000,14.05,11.23,0.0,0.0,20.43,38,53.45,44.0,0.024
2024-04-07T12:00:54.000,14.23,11.17,0.0,0.0,20.43,49,53.75,43.0,0.024
2024-04-07T12:01:53.000,14.25,12.23,0.0,0.0,20.43,50,53.76,43.0,0.024
2024-04-07T12:02:55.000,14.24,11.48,0.0,0.0,20.43,51,53.78,43.0,0.024
2024-04-07T12:03:54.000,13.95,10.82,0.0,0.0,20.43,52,53.79,43.0,0.024
2024-04-07T12:04:54.000,13.9,11.27,0.0,0.0,20.43,53,53.81,43.0,0.024
2024-04-07T12:06:55.000,14.03,12.35,0.0,0.0,20.43,55,53.83,43.0,0.024
2024-04-07T12:07:55.000,14.24,12.64,0.0,0.0,20.43,56,53.84,43.0,0.024
2024-04-07T12:08:55.000,14.26,12.35,0.0,0.0,20.43,57,53.84,43.0,0.024
2024-04-07T12:09:56.000,14.43,12.96,0.0,0.0,20.43,58,53.85,43.0,0.024
2024-04-07T12:10:56.000,14.42,12.37,0.0,0.0,20.43,59,53.85,43.0,0.024
2024-04-07T12:18:44.000,15.24,14.06,0.0,0.0,20.43,2,53.85,42.0,0.024
2024-04-07T12:19:44.000,15.9,15.58,0.0,0.0,20.43,3,53.84,42.0,0.024
2024-04-07T12:20:44.000,16.05,14.49,0.0,0.0,20.43,4,53.83,42.0,0.024
2024-04-07T12:29:45.000,15.24,13.08,0.0,0.0,20.43,13,53.69,42.0,0.023
2024-04-07T12:30:45.000,15.16,13.36,0.0,0.0,20.43,14,53.67,42.0,0.023
2024-04-07T12:31:45.000,15.24,13.94,0.0,0.0,20.43,15,53.65,41.0,0.023
2024-04-07T12:34:12.000,15.51,14.03,0.0,0.0,20.43,2,53.59,41.0,0.023
2024-04-07T12:35:12.000,15.45,13.81,0.0,0.0,20.43,3,53.56,41.0,0.023
2024-04-07T12:36:12.000,15.39,13.41,0.0,0.0,20.43,4,53.53,41.0,0.023
2024-04-07T12:37:12.000,15.41,14.05,0.0,0.0,20.43,5,53.5,41.0,0.023
2024-04-07T12:38:12.000,15.29,12.54,0.0,0.0,20.43,6,53.47,41.0,0.023
2024-04-07T12:39:12.000,15.04,12.99,0.0,0.0,20.43,7,53.44,41.0,0.023
2024-04-07T12:41:39.000,15.15,13.07,0.0,0.0,20.43,2,53.35,41.0,0.023
2024-04-07T12:42:39.000,15.27,14.16,0.0,0.0,20.43,3,53.31,41.0,0.023
2024-04-07T12:43:39.000,15.59,14.75,0.0,0.0,20.43,4,53.28,40.0,0.023
2024-04-07T12:53:11.000,15.79,14.88,0.0,0.0,20.43,11,52.85,40.0,0.023
2024-04-07T12:54:11.000,15.96,14.74,0.0,0.0,20.43,12,52.8,40.0,0.023
2024-04-07T12:55:11.000,15.86,13.83,0.0,0.0,20.43,13,52.74,39.0,0.023
2024-04-07T12:57:11.000,15.34,11.6,0.0,0.0,20.43,15,52.63,39.0,0.023
2024-04-07T12:58:11.000,15.09,12.46,0.0,0.0,20.43,16,52.58,39.0,0.023
2024-04-07T12:59:11.000,15.23,13.81,0.0,0.0,20.43,17,52.52,39.0,0.023
2024-04-07T13:02:12.000,15.36,13.76,0.0,0.0,20.43,20,52.34,39.0,0.023
2024-04-07T13:03:12.000,15.41,13.23,0.0,0.0,20.43,21,52.28,39.0,0.023
2024-04-07T13:04:12.000,15.17,11.8,0.0,0.0,20.43,22,52.21,39.0,0.022
2024-04-07T13:06:12.000,14.75,12.27,0.0,0.0,20.43,24,52.08,38.0,0.022
2024-04-07T13:07:12.000,15.11,14.27,0.0,0.0,20.43,25,52.01,38.0,0.022
2024-04-07T13:08:12.000,15.38,14.1,0.0,0.0,20.43,26,51.95,38.0,0.022
2024-04-07T13:31:15.000,14.78,12.66,0.0,0.0,20.43,49,50.07,36.0,0.022
2024-04-07T13:32:15.000,14.61,11.81,0.0,0.0,20.43,50,49.98,35.0,0.022
2024-04-07T13:33:15.000,14.48,11.83,0.0,0.0,20.43,51,49.89,35.0,0.022
2024-04-08T15:01:37.000,20.78,6.23,481.21,6.88,20.43,52,38.76,36.0,0.0
2024-04-08T15:02:37.000,11.33,9.64,0.0,0.0,20.43,53,38.61,36.0,0.0
2024-04-08T15:03:42.000,11.32,8.88,0.0,0.0,20.43,54,38.44,36.0,0.0
2024-04-15T10:36:32.000,19.35,2.34,671.59,7.33,20.43,56,50.84,2.0,0.466
2024-04-15T10:37:32.000,14.18,12.1,0.0,0.0,20.43,57,50.96,2.0,0.466
2024-04-15T10:39:33.000,14.24,11.94,0.0,0.0,20.43,59,51.19,2.0,0.466
2024-04-15T10:40:32.000,13.85,10.74,0.0,0.0,20.43,60,51.3,2.0,0.466
2024-04-15T10:41:33.000,13.54,10.54,0.0,0.0,20.43,61,51.41,2.0,0.466
2024-04-15T10:44:33.000,13.89,12.85,0.0,0.0,20.43,64,51.74,3.0,0.466
2024-04-15T10:45:33.000,14.14,12.66,0.0,0.0,20.43,65,51.84,3.0,0.466
2024-04-15T10:46:34.000,13.66,9.91,0.0,0.0,20.43,66,51.95,3.0,0.466
2024-04-15T10:48:34.000,14.07,12.45,0.0,0.0,20.43,68,52.16,3.0,0.466
2024-04-15T10:50:35.000,13.88,12.27,0.0,0.0,20.43,70,52.37,4.0,0.467
2024-04-15T10:52:37.000,13.56,11.54,0.0,0.0,20.43,72,52.57,4.0,0.467
2024-04-15T10:53:38.000,13.44,10.75,0.0,0.0,20.43,73,52.67,4.0,0.467
2024-04-15T10:54:38.000,13.49,11.96,0.0,0.0,20.43,74,52.77,4.0,0.467
2024-04-15T10:56:38.000,14.03,13.07,0.0,0.0,20.43,76,52.97,4.0,0.467
2024-04-15T10:57:38.000,14.17,12.73,0.0,0.0,20.43,77,53.06,5.0,0.467
2024-04-15T10:58:38.000,14.54,13.91,0.0,0.0,20.43,78,53.16,5.0,0.467
2024-04-15T11:00:38.000,14.16,11.46,0.0,0.0,20.43,80,53.34,5.0,0.467
2024-04-15T11:01:40.000,14.05,12.82,0.0,0.0,20.43,81,53.44,5.0,0.467
2024-04-15T11:02:40.000,14.59,14.2,0.0,0.0,20.43,82,53.53,5.0,0.467
2024-04-15T11:03:40.000,14.7,13.91,0.0,0.0,20.43,83,53.62,5.0,0.467
2024-04-15T11:04:40.000,15.24,15.41,0.0,0.0,20.43,84,53.71,6.0,0.468
2024-04-15T11:05:40.000,15.25,13.32,0.0,0.0,20.43,85,53.79,6.0,0.468
2024-04-15T11:08:08.000,15.44,15.08,0.0,0.0,20.43,2,54.0,6.0,0.468
2024-04-15T11:09:08.000,15.58,14.44,0.0,0.0,20.43,3,54.09,6.0,0.468
2024-04-15T11:10:08.000,15.76,15.47,0.0,0.0,20.43,4,54.17,6.0,0.468
2024-04-15T11:17:10.000,15.8,13.9,0.0,0.0,20.43,11,54.71,8.0,0.468
2024-04-15T11:18:09.000,15.88,14.74,0.0,0.0,20.43,12,54.78,8.0,0.468
2024-04-15T11:19:09.000,15.91,14.8,0.0,0.0,20.43,13,54.86,8.0,0.469
2024-04-15T11:21:11.000,15.72,13.22,0.0,0.0,20.43,15,55.0,8.0,0.469
2024-04-15T11:22:10.000,15.48,13.9,0.0,0.0,20.43,16,55.07,8.0,0.469
2024-04-15T11:23:10.000,15.37,14.15,0.0,0.0,20.43,17,55.13,8.0,0.469
2024-04-15T11:24:11.000,15.91,16.13,0.0,0.0,20.43,18,55.2,9.0,0.469
2024-04-15T11:25:11.000,16.38,16.18,0.0,0.0,20.43,19,55.26,9.0,0.469
2024-04-15T11:26:11.000,16.51,15.92,0.0,0.0,20.43,20,55.33,9.0,0.469
2024-04-15T11:28:38.000,16.55,15.04,0.0,0.0,20.43,2,55.48,9.0,0.469
2024-04-15T11:30:39.000,16.4,14.9,0.0,0.0,20.43,4,55.59,10.0,0.469
2024-04-15T11:31:38.000,16.05,14.05,0.0,0.0,20.43,5,55.65,10.0,0.469
2024-04-15T11:32:38.000,15.79,13.47,0.0,0.0,20.43,6,55.7,10.0,0.469
2024-04-15T11:37:38.000,14.74,13.01,0.0,0.0,20.43,11,55.96,11.0,0.47
2024-04-15T11:38:38.000,14.63,12.78,0.0,0.0,20.43,12,56.0,11.0,0.47
2024-04-15T11:39:39.000,14.55,12.69,0.0,0.0,20.43,13,56.05,11.0,0.47
2024-04-15T11:41:45.000,14.83,13.66,0.0,0.0,20.43,15,56.14,11.0,0.47
2024-04-15T11:42:45.000,14.61,12.23,0.0,0.0,20.43,16,56.18,11.0,0.47
2024-04-15T11:43:46.000,14.85,14.47,0.0,0.0,20.43,17,56.22,12.0,0.47
2024-04-15T11:44:46.000,15.08,13.53,0.0,0.0,20.43,18,56.26,12.0,0.47
2024-04-15T11:45:46.000,14.92,13.28,0.0,0.0,20.43,19,56.3,12.0,0.47
2024-04-15T11:46:46.000,15.04,14.14,0.0,0.0,20.43,20,56.34,12.0,0.47
2024-04-15T11:48:51.000,15.24,14.11,0.0,0.0,20.43,22,56.41,12.0,0.471
2024-04-15T11:49:52.000,15.35,14.3,0.0,0.0,20.43,23,56.44,13.0,0.471
2024-04-15T11:50:51.000,15.39,14.15,0.0,0.0,20.43,24,56.47,13.0,0.471
2024-04-15T11:52:51.000,15.3,14.0,0.0,0.0,20.43,26,56.53,13.0,0.471
2024-04-15T11:53:51.000,15.05,12.46,0.0,0.0,20.43,27,56.55,13.0,0.471
2024-04-15T11:54:51.000,14.8,12.91,0.0,0.0,20.43,28,56.58,13.0,0.471
2024-04-15T11:58:05.000,14.57,13.31,0.0,0.0,20.43,31,56.65,14.0,0.471
2024-04-15T11:59:04.000,14.71,13.52,0.0,0.0,20.43,32,56.67,14.0,0.471
2024-04-15T12:00:06.000,14.84,13.66,0.0,0.0,20.43,33,56.69,14.0,0.471
2024-04-15T12:05:44.000,14.27,12.76,0.0,0.0,20.43,36,56.76,15.0,0.472
2024-04-15T12:06:44.000,14.1,12.54,0.0,0.0,20.43,37,56.77,15.0,0.472
2024-04-15T12:07:44.000,14.26,12.9,0.0,0.0,20.43,38,56.77,16.0,0.472
2024-04-15T12:09:49.000,14.64,12.38,0.0,0.0,20.43,40,56.78,16.0,0.472
2024-04-15T12:10:49.000,14.55,13.3,0.0,0.0,20.43,41,56.78,16.0,0.472
2024-04-15T12:12:56.000,14.92,14.0,0.0,0.0,20.43,43,56.78,16.0,0.472
2024-04-15T12:13:57.000,15.09,14.09,0.0,0.0,20.43,44,56.78,17.0,0.472
2024-04-15T12:14:57.000,14.94,12.82,0.0,0.0,20.43,45,56.78,17.0,0.472
2024-04-15T12:15:56.000,14.96,13.63,0.0,0.0,20.43,46,56.77,17.0,0.472
2024-04-15T12:16:56.000,14.93,13.54,0.0,0.0,20.43,47,56.77,17.0,0.473
2024-04-15T12:17:56.000,15.01,13.61,0.0,0.0,20.43,48,56.76,17.0,0.473
2024-04-15T12:20:35.000,15.43,14.22,0.0,0.0,20.43,2,56.73,18.0,0.473
2024-04-15T12:22:39.000,15.35,14.33,0.0,0.0,20.43,4,56.7,18.0,0.473
2024-04-15T12:23:47.000,15.33,13.82,0.0,0.0,20.43,5,56.68,18.0,0.473
2024-04-15T12:26:00.000,15.13,13.96,0.0,0.0,20.43,7,56.64,19.0,0.473
2024-04-15T12:27:00.000,15.22,13.94,0.0,0.0,20.43,8,56.62,19.0,0.473
2024-04-15T12:28:00.000,15.39,14.52,0.0,0.0,20.43,9,56.6,19.0,0.473
2024-04-15T12:40:08.000,14.48,12.8,0.0,0.0,20.43,11,56.22,21.0,0.474
2024-04-15T12:41:10.000,14.33,12.97,0.0,0.0,20.43,12,56.18,21.0,0.474
2024-04-15T12:42:10.000,14.45,13.52,0.0,0.0,20.43,13,56.14,21.0,0.474
2024-04-15T12:43:11.000,14.71,13.94,0.0,0.0,20.43,14,56.09,21.0,0.474
2024-04-15T12:45:15.000,14.53,13.12,0.0,0.0,20.43,16,56.0,22.0,0.474
2024-04-15T12:47:37.000,13.87,10.36,0.0,0.0,20.43,18,55.88,22.0,0.475
2024-04-15T12:48:37.000,13.51,10.88,0.0,0.0,20.43,19,55.83,22.0,0.475
2024-04-15T12:49:37.000,13.76,12.54,0.0,0.0,20.43,20,55.78,22.0,0.475
2024-04-15T12:53:48.000,14.16,12.86,0.0,0.0,20.43,24,55.55,23.0,0.475
2024-04-15T12:54:47.000,14.01,11.24,0.0,0.0,20.43,25,55.5,23.0,0.475
2024-04-15T12:55:47.000,13.77,11.32,0.0,0.0,20.43,26,55.44,24.0,0.475
2024-04-15T13:05:45.000,13.85,12.72,0.0,0.0,20.43,28,54.77,25.0,0.476
2024-04-15T13:06:45.000,14.26,13.67,0.0,0.0,20.43,29,54.7,25.0,0.476
2024-04-15T13:07:46.000,14.53,13.46,0.0,0.0,20.43,30,54.63,26.0,0.476
2024-04-15T13:15:00.000,13.63,10.41,0.0,0.0,20.43,37,54.06,27.0,0.477
2024-04-15T13:16:07.000,13.48,11.13,0.0,0.0,20.43,38,53.96,27.0,0.477
2024-04-15T13:17:09.000,13.48,11.47,0.0,0.0,20.43,39,53.87,27.0,0.477
2024-04-15T13:19:18.000,13.8,12.63,0.0,0.0,20.43,41,53.69,28.0,0.477
2024-04-15T13:21:51.000,14.14,12.8,0.0,0.0,20.43,2,53.46,28.0,0.477
2024-04-15T13:22:51.000,13.88,10.68,0.0,0.0,20.43,3,53.37,28.0,0.477
2024-04-15T13:23:51.000,13.59,11.28,0.0,0.0,20.43,4,53.28,28.0,0.477
2024-04-15T13:28:00.000,14.07,12.93,0.0,0.0,20.43,8,52.88,29.0,0.477
2024-04-15T13:29:00.000,14.32,12.98,0.0,0.0,20.43,9,52.79,29.0,0.478
2024-04-15T13:30:00.000,14.21,12.25,0.0,0.0,20.43,10,52.69,29.0,0.478
2024-04-15T13:41:25.000,14.23,12.63,0.0,0.0,20.43,2,51.5,31.0,0.478
2024-04-15T13:42:24.000,14.2,12.85,0.0,0.0,20.43,3,51.39,32.0,0.478
2024-04-15T13:43:27.000,14.47,13.41,0.0,0.0,20.43,4,51.27,32.0,0.479
2024-04-15T13:44:28.000,14.64,13.06,0.0,0.0,20.43,5,51.16,32.0,0.479
2024-04-15T13:46:50.000,14.62,13.22,0.0,0.0,20.43,7,50.89,32.0,0.479
2024-04-15T13:47:50.000,14.55,12.39,0.0,0.0,20.43,8,50.77,33.0,0.479
2024-04-15T13:48:50.000,14.53,13.01,0.0,0.0,20.43,9,50.66,33.0,0.479
2024-04-15T13:54:53.000,14.02,12.59,0.0,0.0,20.43,15,49.94,34.0,0.479
2024-04-15T13:55:52.000,14.34,13.74,0.0,0.0,20.43,16,49.82,34.0,0.479
2024-04-15T13:56:53.000,14.6,13.65,0.0,0.0,20.43,17,49.7,34.0,0.479
2024-04-15T13:58:56.000,14.33,12.28,0.0,0.0,20.43,19,49.45,34.0,0.48
2024-04-15T13:59:59.000,14.11,11.76,0.0,0.0,20.43,20,49.31,35.0,0.48
2024-04-15T14:00:58.000,14.36,13.76,0.0,0.0,20.43,21,49.19,35.0,0.48
2024-04-15T14:06:04.000,14.22,13.13,0.0,0.0,20.43,26,48.54,36.0,0.48
2024-04-15T14:07:04.000,14.42,13.06,0.0,0.0,20.43,27,48.41,36.0,0.48
2024-04-15T14:08:04.000,14.34,12.43,0.0,0.0,20.43,28,48.28,36.0,0.48
2024-04-15T14:10:30.000,14.23,12.0,0.0,0.0,20.43,2,47.96,37.0,0.48
2024-04-15T14:11:30.000,13.93,11.64,0.0,0.0,20.43,3,47.83,37.0,0.48
2024-04-15T14:12:31.000,13.81,11.13,0.0,0.0,20.43,4,47.69,37.0,0.481
2024-04-15T14:13:32.000,13.49,10.8,0.0,0.0,20.43,5,47.56,37.0,0.481
2024-04-15T14:14:31.000,13.33,10.82,0.0,0.0,20.43,6,47.42,37.0,0.481
2024-04-15T14:16:31.000,13.85,12.81,0.0,0.0,20.43,8,47.15,38.0,0.481
2024-04-15T14:17:36.000,13.8,11.65,0.0,0.0,20.43,9,47.0,38.0,0.481
2024-04-15T14:18:36.000,13.74,11.77,0.0,0.0,20.43,10,46.87,38.0,0.481
2024-04-15T14:23:42.000,13.47,11.3,0.0,0.0,20.43,15,46.16,39.0,0.481
2024-04-15T14:24:42.000,13.5,11.34,0.0,0.0,20.43,16,46.01,39.0,0.481
2024-04-15T14:25:43.000,13.61,12.66,0.0,0.0,20.43,17,45.87,39.0,0.481
2024-04-15T14:28:14.000,14.11,12.23,0.0,0.0,20.43,2,45.51,40.0,0.482
2024-04-15T14:29:14.000,14.07,12.36,0.0,0.0,20.43,3,45.37,40.0,0.482
2024-04-15T14:30:14.000,13.87,11.86,0.0,0.0,20.43,4,45.22,40.0,0.482
2024-04-15T14:31:15.000,13.89,12.72,0.0,0.0,20.43,5,45.08,40.0,0.482
2024-04-15T14:33:19.000,14.41,13.4,0.0,0.0,20.43,7,44.78,41.0,0.482
2024-04-15T14:34:19.000,14.3,12.61,0.0,0.0,20.43,8,44.63,41.0,0.482
2024-04-15T14:35:19.000,14.27,12.45,0.0,0.0,20.43,9,44.48,41.0,0.482
