ecsv/stars88/stars88_2024-04.ecsv
# %ECSV 1.0
# ---
# datatype:
# - {name: time, datatype: string}
# - {name: Enclosure Temperature, unit: deg_C, datatype: float64}
# - {name: Sky Temperature, unit: deg_C, datatype: float64}
# - {name: Frequency, unit: Hz, datatype: float64}
# - {name: MSAS, unit: mag / arcsec2, datatype: float64}
# - {name: ZP, datatype: float64}
# - {name: Sequence Number, datatype: int64}
# - {name: Sun Alt, unit: deg, datatype: float64}
# - {name: Moon Alt, unit: deg, datatype: float64}
# - {name: Moon Illumination, datatype: float64}
# delimiter: ','
# meta: !!omap
# - ida:
#     Data supplier: {affiliation: null, observer: "Santiago P\xE9rez-Hoyos"}
#     Device type: TESS-W
#     Field of view: 17.0
#     Filters per channel: None
#     Instrument ID: stars88
#     License: ODbL 1.0 http://opendatacommons.org/licenses/odbl/summary/
#     Local timezone: Europe/Madrid
#     Location name: {country: '- Aula Espazio Gela', place: Bilbao, region: Spain, sub_region: null, town: null}
#     Measurement direction per channel: {azimuth: 0.0, zenital: 0.0}
#     Moving / Fixed look direction: FIXED
#     Moving / Stationary position: STATIONARY
#     Number of channels: 1
#     Number of fields per line: 8
#     Number of header lines: 35
#     Position: {height: 47.0, latitude: 43.2621711, longitude: -2.9486171}
#     TESS MAC address: 18:FE:34:D3:49:10
#     TESS cover offset value: 0.0
#     TESS firmware version: '1.0'
#     TESS zero point: 20.43
#     Time Synchronization: timestamp added by MQTT subscriber
#     URL: http://www.darksky.org/NSBM/sdf1.0.pdf
# - __serialized_columns__:
#     Enclosure Temperature:
#       __class__: astropy.units.quantity.Quantity
#       unit: &id001 !astropy.units.Unit {unit: deg_C}
#       value: !astropy.table.SerializedColumn {name: Enclosure Temperature}
#     Frequency:
#       __class__: astropy.units.quantity.Quantity
#       unit: !astropy.units.Unit {unit: Hz}
#       value: !astropy.table.SerializedColumn {name: Frequency}
#     MSAS:
#       __class__: astropy.units.quantity.Quantity
#       unit: !astropy.units.Unit {unit: mag / arcsec2}
#       value: !astropy.table.SerializedColumn {name: MSAS}
#     Moon Alt:
#       __class__: astropy.units.quantity.Quantity
#       unit: &id002 !astropy.units.Unit {unit: deg}
#       value: !astropy.table.SerializedColumn {name: Moon Alt}
#     Sky Temperature:
#       __class__: astropy.units.quantity.Quantity
#       unit: *id001
#       value: !astropy.table.SerializedColumn {name: Sky Temperature}
#     Sun Alt:
#       __class__: astropy.units.quantity.Quantity
#       unit: *id002
#       value: !astropy.table.SerializedColumn {name: Sun Alt}
#     time:
#       __class__: astropy.time.core.Time
#       format: isot
#       in_subfmt: '*'
#       out_subfmt: '*'
#       precision: 3
#       scale: utc
#       value: !astropy.table.SerializedColumn {name: time}
# schema: astropy-2.0
time,Enclosure Temperature,Sky Temperature,Frequency,MSAS,ZP,Sequence Number,Sun Alt,Moon Alt,Moon Illumination
[from data line 676]
2024-04-18T08:36:06.000,11.74,9.94,0.0,0.0,20.43,139,33.65,-31.0,0.739
2024-04-18T08:37:05.000,11.68,9.79,0.0,0.0,20.43,140,33.82,-31.0,0.739
2024-04-18T08:38:06.000,11.67,9.78,0.0,0.0,20.43,141,33.99,-31.0,0.739
2024-04-18T08:39:06.000,11.76,10.59,0.0,0.0,20.43,142,34.16,-31.0,0.739
2024-04-18T08:40:06.000,12.01,10.67,0.0,0.0,20.43,143,34.34,-31.0,0.739
2024-04-18T08:41:06.000,11.89,10.11,0.0,0.0,20.43,144,34.51,-31.0,0.739
2024-04-18T08:43:33.000,11.71,9.97,0.0,0.0,20.43,2,34.93,-31.0,0.739
2024-04-18T08:44:33.000,11.66,9.8,0.0,0.0,20.43,3,35.1,-31.0,0.739
2024-04-18T08:45:33.000,11.66,9.83,0.0,0.0,20.43,4,35.27,-31.0,0.739
2024-04-18T08:51:34.000,12.73,12.09,0.0,0.0,20.43,10,36.3,-31.0,0.74
2024-04-18T08:52:33.000,12.68,10.96,0.0,0.0,20.43,11,36.47,-31.0,0.74
2024-04-18T08:53:34.000,12.76,12.3,0.0,0.0,20.43,12,36.64,-31.0,0.74
2024-04-18T08:55:34.000,13.24,12.62,0.0,0.0,20.43,14,36.98,-31.0,0.74
2024-04-18T08:56:35.000,13.45,12.94,0.0,0.0,20.43,15,37.15,-31.0,0.74
2024-04-18T08:57:34.000,13.41,11.85,0.0,0.0,20.43,16,37.31,-31.0,0.74
2024-04-18T08:58:34.000,13.38,12.51,0.0,0.0,20.43,17,37.48,-31.0,0.74
2024-04-18T08:59:34.000,13.27,11.07,0.0,0.0,20.43,18,37.65,-31.0,0.74
2024-04-18T09:02:02.000,13.42,12.37,0.0,0.0,20.43,2,38.06,-31.0,0.74
2024-04-18T09:03:02.000,13.05,9.77,0.0,0.0,20.43,3,38.23,-31.0,0.74
2024-04-18T09:05:07.000,12.1,9.22,0.0,0.0,20.43,5,38.57,-31.0,0.74
2024-04-18T09:06:08.000,11.92,9.75,0.0,0.0,20.43,6,38.74,-31.0,0.74
2024-04-18T09:07:08.000,11.63,8.67,0.0,0.0,20.43,7,38.91,-31.0,0.74
2024-04-18T09:09:08.000,11.09,8.53,0.0,0.0,20.43,9,39.24,-31.0,0.741
2024-04-18T09:10:08.000,11.26,9.57,0.0,0.0,20.43,10,39.4,-31.0,0.741
2024-04-18T09:11:08.000,11.26,9.15,0.0,0.0,20.43,11,39.57,-31.0,0.741
2024-04-18T09:14:28.000,10.92,8.68,0.0,0.0,20.43,14,40.11,-31.0,0.741
2024-04-18T09:15:27.000,10.96,8.71,0.0,0.0,20.43,15,40.27,-31.0,0.741
2024-04-18T09:16:27.000,10.98,9.22,0.0,0.0,20.43,16,40.43,-31.0,0.741
2024-04-18T09:17:27.000,10.98,8.3,0.0,0.0,20.43,17,40.6,-30.0,0.741
2024-04-18T09:18:27.000,10.88,8.46,0.0,0.0,20.43,18,40.76,-30.0,0.741
2024-04-18T09:20:34.000,11.09,9.93,0.0,0.0,20.43,20,41.1,-30.0,0.741
2024-04-18T09:21:34.000,11.34,10.41,0.0,0.0,20.43,21,41.26,-30.0,0.741
2024-04-18T09:22:34.000,11.6,10.34,0.0,0.0,20.43,22,41.42,-30.0,0.741
2024-04-18T09:23:34.000,11.74,10.79,0.0,0.0,20.43,23,41.58,-30.0,0.741
2024-04-18T09:24:38.000,11.83,10.23,0.0,0.0,20.43,24,41.75,-30.0,0.741
2024-04-18T09:26:37.000,12.23,11.28,0.0,0.0,20.43,26,42.06,-30.0,0.742
2024-04-18T09:27:38.000,12.5,12.25,0.0,0.0,20.43,27,42.23,-30.0,0.742
2024-04-18T09:28:40.000,12.75,11.82,0.0,0.0,20.43,28,42.39,-30.0,0.742
2024-04-18T09:34:43.000,12.61,12.32,0.0,0.0,20.43,34,43.33,-30.0,0.742
2024-04-18T09:35:43.000,12.77,11.94,0.0,0.0,20.43,35,43.49,-30.0,0.742
2024-04-18T09:36:43.000,13.25,13.69,0.0,0.0,20.43,36,43.64,-30.0,0.742
2024-04-18T09:38:45.000,13.62,13.29,0.0,0.0,20.43,38,43.96,-29.0,0.742
2024-04-18T09:40:45.000,13.97,11.54,0.0,0.0,20.43,40,44.26,-29.0,0.742
2024-04-18T09:41:45.000,13.54,11.49,0.0,0.0,20.43,41,44.41,-29.0,0.742
2024-04-18T09:43:45.000,13.0,10.94,0.0,0.0,20.43,43,44.72,-29.0,0.743
2024-04-18T09:56:59.000,13.24,11.48,0.0,0.0,20.43,2,46.67,-28.0,0.743
2024-04-18T09:57:59.000,13.19,12.55,0.0,0.0,20.43,3,46.81,-28.0,0.743
2024-04-18T09:59:00.000,13.37,12.43,0.0,0.0,20.43,4,46.96,-28.0,0.743
2024-04-18T10:00:03.000,13.34,11.9,0.0,0.0,20.43,5,47.11,-28.0,0.743
2024-04-18T10:11:26.000,13.86,12.41,0.0,0.0,20.43,7,48.69,-27.0,0.744
2024-04-23T09:21:34.000,9.17,6.96,0.0,0.0,20.43,81,42.7,-46.0,0.996
2024-04-23T09:22:35.000,9.36,7.57,0.0,0.0,20.43,82,42.86,-47.0,0.997
2024-04-23T09:23:35.000,9.33,7.06,0.0,0.0,20.43,83,43.02,-47.0,0.997
2024-04-23T09:25:35.000,9.51,7.57,0.0,0.0,20.43,85,43.35,-47.0,0.997
2024-04-23T09:26:35.000,9.34,6.56,0.0,0.0,20.43,86,43.51,-47.0,0.997
2024-04-23T09:27:35.000,9.19,6.63,0.0,0.0,20.43,87,43.67,-47.0,0.997
2024-04-23T09:34:03.000,10.27,9.12,0.0,0.0,20.43,93,44.69,-48.0,0.997
2024-04-23T09:35:03.000,10.25,8.5,0.0,0.0,20.43,94,44.85,-48.0,0.997
2024-04-23T09:36:03.000,10.24,8.95,0.0,0.0,20.43,95,45.01,-49.0,0.997
2024-04-23T09:40:38.000,10.31,8.58,0.0,0.0,20.43,2,45.72,-49.0,0.997
2024-04-23T09:41:38.000,10.13,8.08,0.0,0.0,20.43,3,45.87,-49.0,0.997
2024-04-23T09:42:39.000,10.07,7.91,0.0,0.0,20.43,4,46.03,-49.0,0.997
2024-04-23T09:43:38.000,9.89,7.25,0.0,0.0,20.43,5,46.18,-50.0,0.997
2024-04-23T09:44:38.000,9.78,7.4,0.0,0.0,20.43,6,46.33,-50.0,0.997
2024-04-23T09:46:40.000,9.97,8.36,0.0,0.0,20.43,8,46.64,-50.0,0.997
2024-04-23T09:47:39.000,9.95,7.43,0.0,0.0,20.43,9,46.79,-50.0,0.997
2024-04-23T09:48:40.000,9.88,8.0,0.0,0.0,20.43,10,46.95,-50.0,0.997
2024-04-23T09:49:40.000,10.04,8.71,0.0,0.0,20.43,11,47.1,-50.0,0.997
2024-04-23T09:50:41.000,10.05,7.83,0.0,0.0,20.43,12,47.25,-50.0,0.997
2024-04-23T09:51:40.000,10.14,8.61,0.0,0.0,20.43,13,47.4,-51.0,0.997
2024-04-23T09:53:43.000,10.68,9.88,0.0,0.0,20.43,15,47.7,-51.0,0.997
2024-04-23T09:54:44.000,10.82,9.72,0.0,0.0,20.43,16,47.85,-51.0,0.997
2024-04-23T09:55:44.000,10.84,9.43,0.0,0.0,20.43,17,48.0,-51.0,0.997
2024-04-23T10:06:53.000,10.13,7.44,0.0,0.0,20.43,28,49.6,-52.0,0.997
2024-04-23T10:07:53.000,10.0,7.58,0.0,0.0,20.43,29,49.74,-53.0,0.997
2024-04-23T10:08:58.000,10.05,8.55,0.0,0.0,20.43,30,49.89,-53.0,0.997
2024-04-23T10:10:58.000,10.58,9.19,0.0,0.0,20.43,32,50.17,-53.0,0.997
2024-04-23T10:11:58.000,10.46,8.84,0.0,0.0,20.43,33,50.31,-53.0,0.997
2024-04-23T10:12:58.000,10.66,9.46,0.0,0.0,20.43,34,50.44,-53.0,0.997
2024-04-23T10:13:58.000,10.63,8.68,0.0,0.0,20.43,35,50.58,-53.0,0.997
2024-04-23T10:14:58.000,10.57,9.08,0.0,0.0,20.43,36,50.71,-53.0,0.997
2024-04-23T10:17:23.000,10.93,9.84,0.0,0.0,20.43,2,51.04,-54.0,0.997
2024-04-23T10:18:23.000,10.96,9.26,0.0,0.0,20.43,3,51.17,-54.0,0.997
2024-04-23T10:19:23.000,10.6,7.33,0.0,0.0,20.43,4,51.31,-54.0,0.997
2024-04-23T10:20:23.000,10.13,7.21,0.0,0.0,20.43,5,51.44,-54.0,0.997
2024-04-23T10:21:23.000,10.37,9.16,0.0,0.0,20.43,6,51.57,-54.0,0.997
2024-04-23T10:23:50.000,10.49,8.56,0.0,0.0,20.43,2,51.89,-54.0,0.997
2024-04-23T10:24:50.000,10.32,8.11,0.0,0.0,20.43,3,52.01,-54.0,0.997
2024-04-23T10:25:50.000,10.47,8.84,0.0,0.0,20.43,4,52.14,-55.0,0.997
2024-04-23T10:41:52.000,9.96,8.25,0.0,0.0,20.43,20,54.08,-56.0,0.997
2024-04-23T10:42:52.000,10.02,8.16,0.0,0.0,20.43,21,54.19,-56.0,0.997
2024-04-23T10:43:52.000,9.84,7.14,0.0,0.0,20.43,22,54.3,-56.0,0.997
2024-04-23T10:46:16.000,9.82,8.21,0.0,0.0,20.43,24,54.57,-56.0,0.997
2024-04-26T23:24:08.000,12.03,9.4,40.6,16.42,20.43,3,-31.89,8.0,0.912
2024-04-26T23:26:21.000,11.81,9.29,67.34,15.87,20.43,5,-31.98,8.0,0.912
2024-04-26T23:28:49.000,11.85,9.96,106.13,15.37,20.43,7,-32.07,8.0,0.912
2024-04-26T23:29:49.000,11.97,10.3,110.38,15.32,20.43,8,-32.11,8.0,0.912
2024-04-26T23:32:03.000,12.12,10.35,115.11,15.28,20.43,10,-32.18,9.0,0.912
2024-04-26T23:33:05.000,12.09,10.0,117.09,15.26,20.43,11,-32.22,9.0,0.912
2024-04-26T23:35:07.000,12.09,9.92,133.51,15.12,20.43,13,-32.28,9.0,0.912
2024-04-26T23:37:19.000,12.02,10.04,140.07,15.06,20.43,15,-32.35,9.0,0.912
2024-04-26T23:38:23.000,12.07,10.3,143.75,15.04,20.43,16,-32.38,9.0,0.912
2024-04-26T23:39:33.000,12.12,10.48,147.02,15.01,20.43,17,-32.41,9.0,0.912
2024-04-26T23:47:35.000,11.93,9.68,126.99,15.17,20.43,22,-32.6,10.0,0.911
2024-04-26T23:49:27.000,11.78,9.58,125.64,15.18,20.43,23,-32.64,10.0,0.911
2024-04-26T23:52:45.000,11.7,9.52,94.78,15.49,20.43,26,-32.69,11.0,0.911
2024-04-26T23:54:05.000,11.69,9.48,79.65,15.68,20.43,27,-32.71,11.0,0.911
2024-04-26T23:57:24.000,11.63,9.59,42.93,16.35,20.43,30,-32.75,11.0,0.911
2024-04-26T23:59:44.000,11.6,9.53,47.51,16.24,20.43,32,-32.77,11.0,0.911
2024-04-27T00:04:25.000,11.66,9.6,49.07,16.2,20.43,36,-32.8,12.0,0.911
2024-04-27T00:07:42.000,11.58,9.47,39.02,16.45,20.43,39,-32.81,12.0,0.91
2024-04-27T00:08:51.000,11.54,9.47,30.23,16.74,20.43,40,-32.81,12.0,0.91
2024-04-27T13:50:44.000,22.35,7.16,0.0,0.0,20.43,2,53.64,-70.0,0.874
2024-04-27T13:52:52.000,11.29,9.07,0.0,0.0,20.43,4,53.36,-70.0,0.874
2024-04-27T13:55:21.000,11.37,9.19,0.0,0.0,20.43,2,53.04,-70.0,0.874
2024-04-27T13:56:22.000,11.4,8.93,0.0,0.0,20.43,3,52.91,-70.0,0.874
2024-04-27T13:57:22.000,11.43,9.49,0.0,0.0,20.43,4,52.78,-70.0,0.874
2024-04-27T13:58:22.000,11.38,8.41,0.0,0.0,20.43,5,52.64,-70.0,0.874
2024-04-27T14:00:50.000,11.34,9.34,0.0,0.0,20.43,2,52.31,-71.0,0.873
2024-04-27T14:01:50.000,11.51,9.58,0.0,0.0,20.43,3,52.18,-71.0,0.873
2024-04-27T14:02:50.000,11.56,9.92,0.0,0.0,20.43,4,52.04,-71.0,0.873
2024-04-27T14:03:50.000,11.71,10.44,0.0,0.0,20.43,5,51.91,-71.0,0.873
2024-04-27T14:04:50.000,11.85,10.21,0.0,0.0,20.43,6,51.77,-71.0,0.873
2024-04-27T14:05:50.000,11.65,8.77,0.0,0.0,20.43,7,51.63,-71.0,0.873
2024-04-27T14:07:55.000,11.35,9.71,0.0,0.0,20.43,9,51.34,-72.0,0.873
2024-04-27T14:08:55.000,11.47,9.66,0.0,0.0,20.43,10,51.2,-72.0,0.873
2024-04-27T14:09:55.000,11.61,10.0,0.0,0.0,20.43,11,51.06,-72.0,0.873
2024-04-27T14:10:55.000,11.74,10.11,0.0,0.0,20.43,12,50.92,-72.0,0.873
2024-04-27T14:11:55.000,11.82,10.13,0.0,0.0,20.43,13,50.78,-72.0,0.873
2024-04-27T14:12:56.000,11.86,10.37,0.0,0.0,20.43,14,50.63,-72.0,0.873
2024-04-27T14:15:13.000,12.24,10.92,0.0,0.0,20.43,16,50.3,-72.0,0.873
2024-04-27T14:16:13.000,12.29,10.94,0.0,0.0,20.43,17,50.16,-72.0,0.873
2024-04-27T14:17:13.000,12.58,11.69,0.0,0.0,20.43,18,50.01,-72.0,0.873
2024-04-27T14:18:13.000,12.67,11.38,0.0,0.0,20.43,19,49.87,-73.0,0.873
2024-04-27T14:19:13.000,12.45,9.98,0.0,0.0,20.43,20,49.72,-73.0,0.873
2024-04-27T14:20:13.000,12.58,11.45,0.0,0.0,20.43,21,49.58,-73.0,0.873
2024-04-27T14:22:16.000,13.22,12.85,0.0,0.0,20.43,23,49.27,-73.0,0.872
2024-04-27T14:23:15.000,13.61,13.77,0.0,0.0,20.43,24,49.13,-73.0,0.872
2024-04-27T14:24:15.000,14.09,14.19,0.0,0.0,20.43,25,48.98,-73.0,0.872
2024-04-27T14:25:16.000,14.39,14.05,0.0,0.0,20.43,26,48.83,-73.0,0.872
2024-04-27T14:26:16.000,14.52,13.83,0.0,0.0,20.43,27,48.68,-73.0,0.872
2024-04-27T14:27:16.000,14.58,13.37,0.0,0.0,20.43,28,48.53,-73.0,0.872
2024-04-27T14:29:16.000,14.56,15.18,0.0,0.0,20.43,30,48.22,-73.0,0.872
2024-04-27T14:30:17.000,15.71,18.66,0.0,0.0,20.43,31,48.07,-74.0,0.872
2024-04-27T14:31:16.000,17.47,22.48,0.0,0.0,20.43,32,47.92,-74.0,0.872
2024-04-27T14:33:17.000,18.59,14.91,0.0,0.0,20.43,34,47.61,-74.0,0.872
2024-04-27T14:34:17.000,17.84,16.01,0.0,0.0,20.43,35,47.46,-74.0,0.872
2024-04-27T14:35:17.000,18.22,18.24,0.0,0.0,20.43,36,47.3,-74.0,0.872
2024-04-27T14:37:17.000,18.87,18.67,0.0,0.0,20.43,38,46.99,-74.0,0.872
2024-04-27T14:38:18.000,18.9,17.5,0.0,0.0,20.43,39,46.83,-74.0,0.872
2024-04-27T14:39:18.000,19.68,21.39,0.0,0.0,20.43,40,46.68,-74.0,0.872
2024-04-30T19:16:48.000,25.9,9.48,687.82,0.15,20.43,2,-1.53,-66.0,0.576
2024-04-30T19:17:49.000,12.17,10.38,25006.36,9.44,20.43,3,-1.7,-66.0,0.576
2024-04-30T19:18:49.000,12.27,10.64,22746.96,9.54,20.43,4,-1.87,-65.0,0.576
2024-04-30T19:19:48.000,12.25,10.27,19957.26,9.68,20.43,5,-2.04,-65.0,0.576
2024-04-30T19:20:48.000,12.26,10.6,17591.71,9.82,20.43,6,-2.2,-65.0,0.576
2024-04-30T19:22:53.000,12.31,10.67,17661.5,9.81,20.43,8,-2.55,-65.0,0.576
2024-04-30T19:23:53.000,12.33,10.35,17116.86,9.85,20.43,9,-2.72,-65.0,0.576
2024-04-30T19:24:53.000,12.15,9.68,19266.74,9.72,20.43,10,-2.88,-65.0,0.576
2024-04-30T19:25:53.000,11.96,9.61,17575.76,9.82,20.43,11,-3.05,-64.0,0.576
2024-04-30T19:26:53.000,12.05,10.3,14524.99,10.04,20.43,12,-3.22,-64.0,0.575
2024-04-30T19:27:53.000,12.02,9.71,10563.1,10.37,20.43,13,-3.38,-64.0,0.575
2024-04-30T19:28:58.000,11.95,9.77,10916.09,10.34,20.43,14,-3.56,-64.0,0.575
2024-04-30T19:29:58.000,11.81,9.54,10073.75,10.43,20.43,15,-3.73,-64.0,0.575
2024-04-30T19:30:58.000,11.92,10.21,9163.93,10.53,20.43,16,-3.89,-64.0,0.575
2024-04-30T19:31:58.000,11.89,9.67,9307.73,10.52,20.43,17,-4.06,-64.0,0.575
2024-04-30T19:32:58.000,11.85,9.95,5818.79,11.03,20.43,18,-4.22,-63.0,0.575
2024-04-30T19:33:59.000,11.82,9.71,3632.82,11.53,20.43,19,-4.39,-63.0,0.575
2024-04-30T19:34:59.000,11.93,10.25,2680.53,11.86,20.43,20,-4.55,-63.0,0.575
2024-04-30T19:35:59.000,11.96,9.96,2234.91,12.06,20.43,21,-4.71,-63.0,0.575
2024-04-30T19:36:59.000,11.88,9.75,1964.2,12.2,20.43,22,-4.88,-63.0,0.575
2024-04-30T19:39:02.000,11.68,9.21,1630.57,12.4,20.43,24,-5.21,-63.0,0.575
2024-04-30T19:40:02.000,11.77,10.09,1274.45,12.67,20.43,25,-5.38,-62.0,0.574
2024-04-30T19:41:02.000,11.82,9.87,1094.0,12.83,20.43,26,-5.54,-62.0,0.574
2024-04-30T19:42:02.000,11.8,9.56,945.96,12.99,20.43,27,-5.7,-62.0,0.574
2024-04-30T19:43:02.000,11.55,8.7,851.28,13.11,20.43,28,-5.86,-62.0,0.574
2024-04-30T19:44:02.000,11.55,9.09,768.73,13.22,20.43,29,-6.02,-62.0,0.574
2024-04-30T19:46:32.000,11.71,9.78,640.79,13.41,20.43,2,-6.43,-62.0,0.574
2024-04-30T19:47:32.000,11.6,9.22,587.89,13.51,20.43,3,-6.59,-61.0,0.574
2024-04-30T19:48:33.000,11.69,9.91,551.73,13.58,20.43,4,-6.75,-61.0,0.574
2024-04-30T19:49:32.000,11.72,9.61,528.13,13.62,20.43,5,-6.91,-61.0,0.574
2024-04-30T19:50:32.000,11.74,10.05,510.42,13.66,20.43,6,-7.07,-61.0,0.574
2024-04-30T19:52:43.000,11.68,9.62,579.34,13.52,20.43,8,-7.42,-61.0,0.574
2024-04-30T19:53:43.000,11.59,9.24,633.06,13.43,20.43,9,-7.58,-60.0,0.573
2024-04-30T19:54:43.000,11.63,9.83,677.07,13.35,20.43,10,-7.73,-60.0,0.573
2024-04-30T19:55:43.000,11.73,10.1,663.48,13.38,20.43,11,-7.89,-60.0,0.573
2024-04-30T19:56:43.000,11.78,9.85,569.62,13.54,20.43,12,-8.05,-60.0,0.573
2024-04-30T19:58:46.000,11.8,9.98,450.04,13.8,20.43,14,-8.37,-60.0,0.573
2024-04-30T19:59:46.000,11.81,10.0,436.0,13.83,20.43,15,-8.53,-60.0,0.573
2024-04-30T20:00:46.000,11.84,10.04,439.98,13.82,20.43,16,-8.69,-59.0,0.573
2024-04-30T20:01:47.000,11.88,9.96,442.18,13.82,20.43,17,-8.85,-59.0,0.573
2024-04-30T20:02:46.000,11.85,10.06,431.62,13.84,20.43,18,-9.0,-59.0,0.573
2024-04-30T20:03:46.000,11.88,10.06,437.98,13.83,20.43,19,-9.16,-59.0,0.573
2024-04-30T20:04:52.000,11.85,9.42,439.19,13.82,20.43,20,-9.33,-59.0,0.573
2024-04-30T20:05:53.000,11.62,9.34,411.87,13.89,20.43,21,-9.49,-59.0,0.572
2024-04-30T20:06:52.000,11.74,9.67,397.62,13.93,20.43,22,-9.64,-58.0,0.572
2024-04-30T20:08:54.000,11.75,9.54,366.13,14.02,20.43,24,-9.95,-58.0,0.572
2024-04-30T20:09:58.000,11.63,9.45,343.78,14.09,20.43,25,-10.12,-58.0,0.572
2024-04-30T20:10:58.000,11.78,9.84,310.07,14.2,20.43,26,-10.27,-58.0,0.572
2024-04-30T20:11:58.000,11.71,9.58,278.76,14.32,20.43,27,-10.43,-58.0,0.572
2024-04-30T20:12:58.000,11.7,9.53,271.39,14.35,20.43,28,-10.58,-57.0,0.572
2024-04-30T20:15:03.000,11.64,9.45,307.78,14.21,20.43,30,-10.9,-57.0,0.572
2024-04-30T20:16:03.000,11.65,9.66,310.56,14.2,20.43,31,-11.05,-57.0,0.572
2024-04-30T20:17:03.000,11.72,9.61,295.58,14.25,20.43,32,-11.2,-57.0,0.572
2024-04-30T20:18:03.000,11.57,9.14,284.99,14.29,20.43,33,-11.35,-57.0,0.572
2024-04-30T20:19:05.000,11.59,9.66,303.33,14.23,20.43,34,-11.51,-56.0,0.571
2024-04-30T20:21:11.000,11.83,10.36,424.3,13.86,20.43,36,-11.83,-56.0,0.571
2024-04-30T20:22:10.000,11.87,9.97,436.72,13.83,20.43,37,-11.97,-56.0,0.571
2024-04-30T20:23:11.000,11.85,10.11,474.54,13.74,20.43,38,-12.13,-56.0,0.571
2024-04-30T20:28:37.000,11.92,10.03,480.8,13.73,20.43,2,-12.93,-55.0,0.571
2024-04-30T20:29:36.000,11.95,10.36,450.54,13.8,20.43,3,-13.08,-55.0,0.571
2024-04-30T20:30:36.000,11.99,10.05,449.35,13.8,20.43,4,-13.23,-55.0,0.571
2024-04-30T20:31:36.000,11.96,9.94,444.87,13.81,20.43,5,-13.37,-54.0,0.571
2024-04-30T20:32:37.000,11.81,9.17,434.36,13.84,20.43,6,-13.52,-54.0,0.57
2024-04-30T20:33:37.000,11.77,9.71,409.98,13.9,20.43,7,-13.67,-54.0,0.57
2024-04-30T20:34:37.000,11.76,9.88,427.44,13.85,20.43,8,-13.81,-54.0,0.57
2024-04-30T20:35:37.000,11.67,9.44,457.73,13.78,20.43,9,-13.96,-54.0,0.57
2024-04-30T20:36:37.000,11.73,9.79,509.56,13.66,20.43,10,-14.1,-54.0,0.57
2024-04-30T20:37:38.000,11.54,9.14,481.26,13.73,20.43,11,-14.25,-53.0,0.57
2024-04-30T20:38:37.000,11.63,9.69,391.93,13.95,20.43,12,-14.39,-53.0,0.57
2024-04-30T20:39:37.000,11.51,9.09,395.13,13.94,20.43,13,-14.54,-53.0,0.57
2024-04-30T20:41:03.000,11.44,9.28,397.39,13.93,20.43,14,-14.74,-53.0,0.57
