ecsv/stars88/stars88_2024-04.ecsv
# %ECSV 1.0
# ---
# datatype:
# - {name: time, datatype: string}
# - {name: Enclosure Temperature, unit: deg_C, datatype: float64}
# - {name: Sky Temperature, unit: deg_C, datatype: float64}
# - {name: Frequency, unit: Hz, datatype: float64}
# - {name: MSAS, unit: mag / arcsec2, datatype: float64}
# - {name: ZP, datatype: float64}
# - {name: Sequence Number, datatype: int64}
# - {name: Sun Alt, unit: deg, datatype: float64}
# - {name: Moon Alt, unit: deg, datatype: float64}
# - {name: Moon Illumination, datatype: float64}
# delimiter: ','
# meta: !!omap
# - ida:
#     Data supplier: {affiliation: null, observer: "Santiago P\xE9rez-Hoyos"}
#     Device type: TESS-W
#     Field of view: 17.0
#     Filters per channel: None
#     Instrument ID: stars88
#     License: ODbL 1.0 http://opendatacommons.org/licenses/odbl/summary/
#     Local timezone: Europe/Madrid
#     Location name: {country: '- Aula Espazio Gela', place: Bilbao, region: Spain, sub_region: null, town: null}
#     Measurement direction per channel: {azimuth: 0.0, zenital: 0.0}
#     Moving / Fixed look direction: FIXED
#     Moving / Stationary position: STATIONARY
#     Number of channels: 1
#     Number of fields per line: 8
#     Number of header lines: 35
#     Position: {height: 47.0, latitude: 43.2621711, longitude: -2.9486171}
#     TESS MAC address: 18:FE:34:D3:49:10
#     TESS cover offset value: 0.0
#     TESS firmware version: '1.0'
#     TESS zero point: 20.43
#     Time Synchronization: timestamp added by MQTT subscriber
#     URL: http://www.darksky.org/NSBM/sdf1.0.pdf
# - __serialized_columns__:
#     Enclosure Temperature:
#       __class__: astropy.units.quantity.Quantity
#       unit: &id001 !astropy.units.Unit {unit: deg_C}
#       value: !astropy.table.SerializedColumn {name: Enclosure Temperature}
#     Frequency:
#       __class__: astropy.units.quantity.Quantity
#       unit: !astropy.units.Unit {unit: Hz}
#       value: !astropy.table.SerializedColumn {name: Frequency}
#     MSAS:
#       __class__: astropy.units.quantity.Quantity
#       unit: !astropy.units.Unit {unit: mag / arcsec2}
#       value: !astropy.table.SerializedColumn {name: MSAS}
#     Moon Alt:
#       __class__: astropy.units.quantity.Quantity
#       unit: &id002 !astropy.units.Unit {unit: deg}
#       value: !astropy.table.SerializedColumn {name: Moon Alt}
#     Sky Temperature:
#       __class__: astropy.units.quantity.Quantity
#       unit: *id001
#       value: !astropy.table.SerializedColumn {name: Sky Temperature}
#     Sun Alt:
#       __class__: astropy.units.quantity.Quantity
#       unit: *id002
#       value: !astropy.table.SerializedColumn {name: Sun Alt}
#     time:
#       __class__: astropy.time.core.Time
#       format: isot
#       in_subfmt: '*'
#       out_subfmt: '*'
#       precision: 3
#       scale: utc
#       value: !astropy.table.SerializedColumn {name: time}
# schema: astropy-2.0
time,Enclosure Temperature,Sky Temperature,Frequency,MSAS,ZP,Sequence Number,Sun Alt,Moon Alt,Moon Illumination
[from data line 899]
2024-04-30T20:43:05.000,11.45,9.39,377.19,13.99,20.43,16,-15.03,-53.0,0.57
2024-04-30T20:44:04.000,11.56,9.82,317.8,14.18,20.43,17,-15.17,-52.0,0.57
2024-04-30T20:45:04.000,11.53,9.35,323.91,14.16,20.43,18,-15.31,-52.0,0.57
2024-04-30T20:46:04.000,11.42,9.37,320.97,14.16,20.43,19,-15.45,-52.0,0.569
2024-04-30T20:47:05.000,11.39,9.02,324.58,14.15,20.43,20,-15.6,-52.0,0.569
2024-04-30T20:48:04.000,11.43,9.6,371.15,14.01,20.43,21,-15.74,-52.0,0.569
2024-04-30T20:49:05.000,11.46,9.31,428.76,13.85,20.43,22,-15.88,-51.0,0.569
2024-04-30T20:51:05.000,11.43,9.37,570.02,13.54,20.43,24,-16.16,-51.0,0.569
2024-04-30T20:52:05.000,11.39,9.0,581.28,13.52,20.43,25,-16.29,-51.0,0.569
2024-04-30T20:54:31.000,11.41,9.38,453.54,13.79,20.43,2,-16.63,-51.0,0.569
2024-04-30T20:55:31.000,11.43,9.6,429.51,13.85,20.43,3,-16.77,-50.0,0.569
2024-04-30T20:56:31.000,11.6,10.15,418.97,13.87,20.43,4,-16.9,-50.0,0.569
2024-04-30T20:57:31.000,11.64,9.57,407.69,13.9,20.43,5,-17.04,-50.0,0.569
2024-04-30T20:58:31.000,11.6,9.8,389.75,13.95,20.43,6,-17.18,-50.0,0.568
2024-04-30T20:59:31.000,11.65,9.68,408.2,13.9,20.43,7,-17.31,-50.0,0.568
2024-04-30T21:01:57.000,11.49,9.57,370.55,14.01,20.43,2,-17.64,-49.0,0.568
2024-04-30T21:02:57.000,11.59,9.98,423.07,13.86,20.43,3,-17.77,-49.0,0.568
2024-04-30T21:03:57.000,11.64,9.7,396.94,13.93,20.43,4,-17.91,-49.0,0.568
2024-04-30T21:04:57.000,11.57,9.71,357.73,14.05,20.43,5,-18.04,-49.0,0.568
2024-04-30T21:05:57.000,11.42,9.01,334.45,14.12,20.43,6,-18.17,-49.0,0.568
2024-04-30T21:06:57.000,11.41,9.58,321.62,14.16,20.43,7,-18.3,-48.0,0.568
2024-04-30T21:09:06.000,11.31,9.45,371.18,14.01,20.43,9,-18.59,-48.0,0.568
2024-04-30T21:10:06.000,11.31,9.26,384.85,13.97,20.43,10,-18.72,-48.0,0.568
2024-04-30T21:11:06.000,11.25,8.91,374.43,14.0,20.43,11,-18.85,-48.0,0.568
2024-04-30T21:12:06.000,11.15,8.94,389.51,13.95,20.43,12,-18.98,-48.0,0.567
2024-04-30T21:13:06.000,11.2,9.64,427.01,13.85,20.43,13,-19.11,-47.0,0.567
2024-04-30T21:15:35.000,11.44,9.85,447.04,13.8,20.43,2,-19.42,-47.0,0.567
2024-04-30T21:16:35.000,11.45,9.57,482.25,13.72,20.43,3,-19.55,-47.0,0.567
2024-04-30T21:17:35.000,11.28,8.97,522.7,13.63,20.43,4,-19.68,-47.0,0.567
2024-04-30T21:18:35.000,11.31,9.47,553.01,13.57,20.43,5,-19.81,-46.0,0.567
2024-04-30T21:19:35.000,11.34,9.69,558.76,13.56,20.43,6,-19.93,-46.0,0.567
2024-04-30T21:20:36.000,11.29,9.04,550.87,13.58,20.43,7,-20.06,-46.0,0.567
2024-04-30T21:21:36.000,11.31,9.56,548.94,13.58,20.43,8,-20.18,-46.0,0.567
2024-04-30T21:22:36.000,11.32,9.24,528.31,13.62,20.43,9,-20.31,-46.0,0.567
2024-04-30T21:23:36.000,11.15,8.5,507.89,13.67,20.43,10,-20.43,-46.0,0.567
2024-04-30T21:24:37.000,11.1,9.07,493.21,13.7,20.43,11,-20.56,-45.0,0.566
2024-04-30T21:25:37.000,11.03,8.23,478.84,13.73,20.43,12,-20.68,-45.0,0.566
2024-04-30T21:27:37.000,11.01,9.01,413.44,13.89,20.43,14,-20.93,-45.0,0.566
2024-04-30T21:28:37.000,11.09,9.15,379.1,13.98,20.43,15,-21.05,-45.0,0.566
2024-04-30T21:29:38.000,11.07,8.68,348.52,14.07,20.43,16,-21.17,-45.0,0.566
2024-04-30T21:30:37.000,11.09,8.94,334.0,14.12,20.43,17,-21.29,-44.0,0.566
2024-04-30T21:31:37.000,11.06,8.82,319.75,14.17,20.43,18,-21.41,-44.0,0.566
2024-04-30T21:32:37.000,11.04,9.11,319.08,14.17,20.43,19,-21.53,-44.0,0.566
2024-04-30T21:33:37.000,11.01,8.71,308.79,14.21,20.43,20,-21.64,-44.0,0.566
2024-04-30T21:34:37.000,11.07,9.08,339.42,14.1,20.43,21,-21.76,-44.0,0.566
2024-04-30T21:35:37.000,11.13,9.33,330.58,14.13,20.43,22,-21.88,-44.0,0.566
2024-04-30T21:36:37.000,11.04,8.16,321.21,14.16,20.43,23,-22.0,-43.0,0.566
2024-04-30T21:37:37.000,10.98,8.83,353.93,14.06,20.43,24,-22.11,-43.0,0.565
2024-04-30T21:38:38.000,11.05,9.09,406.7,13.91,20.43,25,-22.23,-43.0,0.565
2024-04-30T21:41:10.000,11.27,9.38,582.88,13.52,20.43,2,-22.52,-43.0,0.565
2024-04-30T21:42:10.000,11.32,9.76,577.26,13.53,20.43,3,-22.64,-42.0,0.565
2024-04-30T21:43:10.000,11.49,10.18,533.82,13.61,20.43,4,-22.75,-42.0,0.565
2024-04-30T21:44:10.000,11.56,9.72,546.91,13.59,20.43,5,-22.86,-42.0,0.565
2024-04-30T21:45:10.000,11.55,9.79,474.02,13.74,20.43,6,-22.97,-42.0,0.565
2024-04-30T21:46:10.000,11.53,9.68,443.8,13.81,20.43,7,-23.09,-42.0,0.565
2024-04-30T21:48:11.000,11.72,10.28,451.3,13.79,20.43,9,-23.31,-41.0,0.565
2024-04-30T21:49:11.000,11.74,9.92,431.69,13.84,20.43,10,-23.42,-41.0,0.565
2024-04-30T21:50:10.000,11.72,9.96,509.75,13.66,20.43,11,-23.53,-41.0,0.565
2024-04-30T21:51:11.000,11.74,9.98,526.65,13.63,20.43,12,-23.64,-41.0,0.564
2024-04-30T21:52:11.000,11.66,9.46,480.83,13.73,20.43,13,-23.74,-41.0,0.564
2024-04-30T21:53:11.000,11.54,9.26,537.11,13.61,20.43,14,-23.85,-40.0,0.564
2024-04-30T21:54:14.000,11.43,9.11,595.98,13.49,20.43,15,-23.96,-40.0,0.564
2024-04-30T21:55:14.000,11.32,8.96,630.36,13.43,20.43,16,-24.07,-40.0,0.564
2024-04-30T21:56:14.000,11.37,9.36,531.16,13.62,20.43,17,-24.18,-40.0,0.564
2024-04-30T21:57:14.000,11.3,9.0,363.46,14.03,20.43,18,-24.28,-40.0,0.564
2024-04-30T21:59:14.000,11.43,9.79,340.11,14.1,20.43,20,-24.49,-39.0,0.564
2024-04-30T22:00:15.000,11.54,10.12,355.28,14.05,20.43,21,-24.59,-39.0,0.564
2024-04-30T22:03:19.000,11.43,9.01,457.57,13.78,20.43,24,-24.91,-39.0,0.564
2024-04-30T22:04:19.000,11.31,8.97,517.51,13.65,20.43,25,-25.01,-39.0,0.563
2024-04-30T22:05:19.000,11.2,8.78,572.27,13.54,20.43,26,-25.11,-38.0,0.563
2024-04-30T22:06:19.000,11.1,8.68,493.82,13.7,20.43,27,-25.2,-38.0,0.563
2024-04-30T22:09:06.000,11.11,9.43,464.38,13.76,20.43,29,-25.48,-38.0,0.563
2024-04-30T22:10:15.000,11.24,9.72,507.98,13.67,20.43,30,-25.59,-37.0,0.563
2024-04-30T22:11:16.000,11.32,9.33,635.82,13.42,20.43,31,-25.69,-37.0,0.563
2024-04-30T22:12:16.000,11.28,9.36,628.55,13.44,20.43,32,-25.78,-37.0,0.563
2024-04-30T22:13:15.000,11.11,8.5,632.54,13.43,20.43,33,-25.87,-37.0,0.563
2024-04-30T22:17:41.000,10.61,7.77,487.58,13.71,20.43,36,-26.29,-36.0,0.562
2024-04-30T22:18:42.000,10.56,8.28,490.98,13.7,20.43,37,-26.38,-36.0,0.562
2024-04-30T22:24:09.000,10.66,8.48,389.04,13.85,20.43,39,-26.86,-35.0,0.562
2024-04-30T22:27:52.000,10.6,8.28,370.26,14.01,20.43,40,-27.18,-34.0,0.562
2024-04-30T22:28:55.000,10.63,8.54,283.33,14.3,20.43,41,-27.27,-34.0,0.562
2024-04-30T22:30:57.000,10.71,8.96,241.42,14.47,20.43,43,-27.43,-34.0,0.561
2024-04-30T22:31:57.000,10.62,7.89,253.75,14.42,20.43,44,-27.52,-34.0,0.561
2024-04-30T22:33:17.000,10.54,8.14,255.18,14.41,20.43,45,-27.62,-33.0,0.561
2024-04-30T22:34:18.000,10.51,8.16,261.82,14.39,20.43,46,-27.7,-33.0,0.561
2024-04-30T22:35:18.000,10.47,7.95,288.93,14.28,20.43,47,-27.78,-33.0,0.561
2024-04-30T22:36:17.000,10.46,8.18,328.92,14.14,20.43,48,-27.86,-33.0,0.561
2024-04-30T22:37:17.000,10.52,8.47,371.71,14.01,20.43,49,-27.94,-33.0,0.561
2024-04-30T22:38:17.000,10.52,8.35,421.47,13.87,20.43,50,-28.01,-33.0,0.561
2024-04-30T22:39:23.000,10.48,8.44,527.52,13.63,20.43,51,-28.1,-32.0,0.561
2024-04-30T22:40:23.000,10.65,9.01,602.33,13.48,20.43,52,-28.17,-32.0,0.561
2024-04-30T22:41:23.000,10.69,8.69,680.36,13.35,20.43,53,-28.25,-32.0,0.561
2024-04-30T22:42:23.000,10.71,8.68,682.81,13.34,20.43,54,-28.32,-32.0,0.561
2024-04-30T23:01:07.000,10.3,8.18,247.45,14.5,20.43,56,-29.56,-29.0,0.559
2024-04-30T23:02:12.000,10.64,8.18,165.8,14.88,20.43,57,-29.62,-28.0,0.559
2024-04-30T23:03:12.000,10.53,7.89,156.93,14.94,20.43,58,-29.68,-28.0,0.559
2024-04-30T23:07:07.000,10.36,8.21,153.12,14.97,20.43,59,-29.9,-28.0,0.559
2024-04-30T23:08:08.000,10.27,8.57,159.06,14.93,20.43,60,-29.95,-27.0,0.559
2024-04-30T23:09:09.000,10.15,8.15,165.27,14.88,20.43,61,-30.01,-27.0,0.558
2024-04-30T23:13:07.000,9.98,7.68,170.94,14.85,20.43,64,-30.21,-27.0,0.558
2024-04-30T23:14:09.000,10.07,7.45,177.96,14.8,20.43,65,-30.26,-26.0,0.558
2024-04-30T23:16:13.000,10.11,7.81,186.58,14.75,20.43,67,-30.35,-26.0,0.558
2024-04-30T23:17:12.000,10.16,7.68,192.74,14.72,20.43,68,-30.4,-26.0,0.558
2024-04-30T23:19:16.000,10.17,8.13,198.06,14.69,20.43,70,-30.49,-25.0,0.558
2024-04-30T23:20:16.000,10.09,8.09,202.18,14.67,20.43,71,-30.53,-25.0,0.558
2024-04-30T23:21:16.000,10.12,8.47,206.36,14.64,20.43,72,-30.57,-25.0,0.558
2024-04-30T23:22:17.000,10.13,8.35,207.8,14.64,20.43,73,-30.62,-25.0,0.557
2024-04-30T23:23:17.000,10.18,8.67,207.08,14.64,20.43,74,-30.66,-25.0,0.557
2024-04-30T23:24:17.000,10.28,8.83,215.21,14.6,20.43,75,-30.7,-25.0,0.557
2024-04-30T23:26:52.000,10.17,8.57,207.93,14.64,20.43,2,-30.8,-24.0,0.557
2024-04-30T23:27:52.000,10.19,8.4,218.22,14.58,20.43,3,-30.83,-24.0,0.557
2024-04-30T23:28:52.000,10.08,7.99,214.9,14.6,20.43,4,-30.87,-24.0,0.557
2024-04-30T23:29:52.000,10.06,8.09,214.2,14.6,20.43,5,-30.9,-24.0,0.557
2024-04-30T23:30:52.000,10.2,8.4,229.42,14.53,20.43,6,-30.94,-23.0,0.557
2024-04-30T23:32:02.000,10.28,8.31,222.13,14.56,20.43,7,-30.98,-23.0,0.557
2024-04-30T23:33:02.000,10.32,8.26,231.67,14.52,20.43,8,-31.01,-23.0,0.557
2024-04-30T23:34:02.000,10.38,8.79,279.01,14.32,20.43,9,-31.04,-23.0,0.557
2024-04-30T23:35:03.000,10.52,9.14,327.98,14.14,20.43,10,-31.07,-23.0,0.556
2024-04-30T23:36:02.000,10.61,9.07,288.25,14.28,20.43,11,-31.1,-23.0,0.556
2024-04-30T23:37:02.000,10.56,8.8,237.15,14.5,20.43,12,-31.13,-22.0,0.556
2024-04-30T23:38:02.000,10.58,8.82,244.65,14.46,20.43,13,-31.16,-22.0,0.556
2024-04-30T23:39:03.000,10.56,8.85,287.67,14.28,20.43,14,-31.18,-22.0,0.556
2024-04-30T23:41:03.000,10.32,7.78,231.75,14.52,20.43,16,-31.23,-22.0,0.556
2024-04-30T23:42:03.000,10.2,8.07,218.73,14.58,20.43,17,-31.26,-22.0,0.556
2024-04-30T23:43:10.000,10.17,8.45,179.48,14.8,20.43,18,-31.28,-21.0,0.556
2024-04-30T23:44:09.000,10.23,8.44,163.01,14.9,20.43,19,-31.31,-21.0,0.556
2024-04-30T23:45:09.000,10.22,8.37,179.46,14.8,20.43,20,-31.33,-21.0,0.556
2024-04-30T23:46:10.000,10.14,8.26,211.32,14.62,20.43,21,-31.35,-21.0,0.556
2024-04-30T23:47:10.000,10.15,7.98,239.71,14.48,20.43,22,-31.37,-21.0,0.556
2024-04-30T23:48:10.000,10.01,7.87,246.72,14.45,20.43,23,-31.39,-20.0,0.555
2024-04-30T23:49:10.000,10.29,8.59,223.89,14.56,20.43,24,-31.41,-20.0,0.555
2024-04-30T23:50:12.000,10.38,8.16,178.11,14.8,20.43,25,-31.42,-20.0,0.555
2024-04-30T23:51:12.000,10.36,8.05,185.64,14.76,20.43,26,-31.44,-20.0,0.555
2024-04-30T23:52:13.000,10.14,7.44,180.52,14.79,20.43,27,-31.45,-20.0,0.555
2024-04-30T23:53:13.000,10.07,7.82,202.27,14.67,20.43,28,-31.47,-20.0,0.555
2024-04-30T23:55:16.000,10.11,8.27,217.09,14.59,20.43,30,-31.5,-19.0,0.555
2024-04-30T23:56:24.000,10.14,8.34,182.34,14.78,20.43,31,-31.51,-19.0,0.555
2024-04-30T23:57:23.000,10.19,8.55,160.31,14.92,20.43,32,-31.52,-19.0,0.555
2024-04-30T23:58:23.000,10.21,8.49,187.8,14.75,20.43,33,-31.53,-19.0,0.555
2024-04-30T23:59:23.000,10.22,8.42,227.6,14.54,20.43,34,-31.54,-19.0,0.555
