ecsv/stars88/stars88_2024-04.ecsv
# %ECSV 1.0
# ---
# datatype:
# - {name: time, datatype: string}
# - {name: Enclosure Temperature, unit: deg_C, datatype: float64}
# - {name: Sky Temperature, unit: deg_C, datatype: float64}
# - {name: Frequency, unit: Hz, datatype: float64}
# - {name: MSAS, unit: mag / arcsec2, datatype: float64}
# - {name: ZP, datatype: float64}
# - {name: Sequence Number, datatype: int64}
# - {name: Sun Alt, unit: deg, datatype: float64}
# - {name: Moon Alt, unit: deg, datatype: float64}
# - {name: Moon Illumination, datatype: float64}
# delimiter: ','
# meta: !!omap
# - ida:
#     Data supplier: {affiliation: null, observer: "Santiago P\xE9rez-Hoyos"}
#     Device type: TESS-W
#     Field of view: 17.0
#     Filters per channel: None
#     Instrument ID: stars88
#     License: ODbL 1.0 http://opendatacommons.org/licenses/odbl/summary/
#     Local timezone: Europe/Madrid
#     Location name: {country: '- Aula Espazio Gela', place: Bilbao, region: Spain, sub_region: null, town: null}
#     Measurement direction per channel: {azimuth: 0.0, zenital: 0.0}
#     Moving / Fixed look direction: FIXED
#     Moving / Stationary position: STATIONARY
#     Number of channels: 1
#     Number of fields per line: 8
#     Number of header lines: 35
#     Position: {height: 47.0, latitude: 43.2621711, longitude: -2.9486171}
#     TESS MAC address: 18:FE:34:D3:49:10
#     TESS cover offset value: 0.0
#     TESS firmware version: '1.0'
#     TESS zero point: 20.43
#     Time Synchronization: timestamp added by MQTT subscriber
#     URL: http://www.darksky.org/NSBM/sdf1.0.pdf
# - __serialized_columns__:
#     Enclosure Temperature:
#       __class__: astropy.units.quantity.Quantity
#       unit: &id001 !astropy.units.Unit {unit: deg_C}
#       value: !astropy.table.SerializedColumn {name: Enclosure Temperature}
#     Frequency:
#       __class__: astropy.units.quantity.Quantity
#       unit: !astropy.units.Unit {unit: Hz}
#       value: !astropy.table.SerializedColumn {name: Frequency}
#     MSAS:
#       __class__: astropy.units.quantity.Quantity
#       unit: !astropy.units.Unit {unit: mag / arcsec2}
#       value: !astropy.table.SerializedColumn {name: MSAS}
#     Moon Alt:
#       __class__: astropy.units.quantity.Quantity
#       unit: &id002 !astropy.units.Unit {unit: deg}
#       value: !astropy.table.SerializedColumn {name: Moon Alt}
#     Sky Temperature:
#       __class__: astropy.units.quantity.Quantity
#       unit: *id001
#       value: !astropy.table.SerializedColumn {name: Sky Temperature}
#     Sun Alt:
#       __class__: astropy.units.quantity.Quantity
#       unit: *id002
#       value: !astropy.table.SerializedColumn {name: Sun Alt}
#     time:
#       __class__: astropy.time.core.Time
#       format: isot
#       in_subfmt: '*'
#       out_subfmt: '*'
#       precision: 3
#       scale: utc
#       value: !astropy.table.SerializedColumn {name: time}
# schema: astropy-2.0
time,Enclosure Temperature,Sky Temperature,Frequency,MSAS,ZP,Sequence Number,Sun Alt,Moon Alt,Moon Illumination
[from data line 230]
2024-04-15T14:37:20.000,14.37,13.28,0.0,0.0,20.43,11,44.18,41.0,0.482
2024-04-15T14:38:20.000,14.46,13.36,0.0,0.0,20.43,12,44.04,41.0,0.482
2024-04-15T14:46:11.000,14.02,11.73,0.0,0.0,20.43,2,42.85,43.0,0.483
2024-04-15T14:47:11.000,13.51,11.35,0.0,0.0,20.43,3,42.7,43.0,0.483
2024-04-15T14:48:11.000,13.81,12.85,0.0,0.0,20.43,4,42.55,43.0,0.483
2024-04-15T14:49:11.000,14.13,13.05,0.0,0.0,20.43,5,42.39,43.0,0.483
2024-04-15T14:50:11.000,14.31,12.7,0.0,0.0,20.43,6,42.24,44.0,0.483
2024-04-15T14:52:30.000,14.2,12.12,0.0,0.0,20.43,8,41.88,44.0,0.483
2024-04-15T14:53:30.000,14.1,11.77,0.0,0.0,20.43,9,41.73,44.0,0.483
2024-04-15T14:54:30.000,13.89,11.62,0.0,0.0,20.43,10,41.57,44.0,0.483
2024-04-15T14:58:38.000,14.28,12.41,0.0,0.0,20.43,14,40.92,45.0,0.484
2024-04-15T14:59:38.000,14.01,11.24,0.0,0.0,20.43,15,40.76,45.0,0.484
2024-04-15T15:00:38.000,14.12,13.11,0.0,0.0,20.43,16,40.61,45.0,0.484
2024-04-15T15:02:41.000,14.42,13.2,0.0,0.0,20.43,18,40.28,46.0,0.484
2024-04-15T15:03:42.000,14.19,11.68,0.0,0.0,20.43,19,40.12,46.0,0.484
2024-04-15T15:04:42.000,14.42,13.62,0.0,0.0,20.43,20,39.96,46.0,0.484
2024-04-15T15:05:42.000,14.76,14.69,0.0,0.0,20.43,21,39.8,46.0,0.484
2024-04-15T15:06:42.000,15.05,13.77,0.0,0.0,20.43,22,39.64,46.0,0.484
2024-04-15T15:07:42.000,14.97,13.71,0.0,0.0,20.43,23,39.48,47.0,0.484
2024-04-15T15:09:42.000,14.83,13.34,0.0,0.0,20.43,25,39.15,47.0,0.485
2024-04-15T15:10:42.000,14.65,11.98,0.0,0.0,20.43,26,38.99,47.0,0.485
2024-04-15T15:11:43.000,14.59,12.97,0.0,0.0,20.43,27,38.83,47.0,0.485
2024-04-15T15:15:48.000,15.31,14.36,0.0,0.0,20.43,31,38.16,48.0,0.485
2024-04-15T15:16:50.000,15.34,13.65,0.0,0.0,20.43,32,37.99,48.0,0.485
2024-04-15T15:17:50.000,15.43,15.09,0.0,0.0,20.43,33,37.82,48.0,0.485
2024-04-15T15:25:52.000,16.15,13.65,0.0,0.0,20.43,2,36.49,50.0,0.486
2024-04-15T15:26:52.000,15.55,11.08,0.0,0.0,20.43,3,36.33,50.0,0.486
2024-04-15T15:27:57.000,14.97,8.64,0.0,0.0,20.43,4,36.14,50.0,0.486
2024-04-15T15:29:01.000,14.45,10.18,0.0,0.0,20.43,5,35.97,50.0,0.486
2024-04-15T15:31:35.000,14.92,11.06,0.0,0.0,20.43,2,35.53,51.0,0.486
2024-04-15T15:32:35.000,15.16,10.79,0.0,0.0,20.43,3,35.37,51.0,0.486
2024-04-15T15:33:34.000,15.17,9.45,0.0,0.0,20.43,4,35.2,51.0,0.486
2024-04-15T15:34:35.000,14.48,8.13,0.0,0.0,20.43,5,35.03,51.0,0.486
2024-04-15T15:35:52.000,14.69,9.6,0.0,0.0,20.43,6,34.81,51.0,0.486
2024-04-15T15:37:57.000,15.48,10.4,0.0,0.0,20.43,8,34.46,52.0,0.486
2024-04-15T15:38:57.000,15.17,7.62,0.0,0.0,20.43,9,34.29,52.0,0.487
2024-04-15T15:49:27.000,14.58,9.37,0.0,0.0,20.43,11,32.48,54.0,0.487
2024-04-15T15:54:11.000,14.63,8.56,0.0,0.0,20.43,13,31.66,55.0,0.488
2024-04-15T15:56:34.000,13.87,9.39,0.0,0.0,20.43,15,31.25,55.0,0.488
2024-04-15T17:39:27.000,13.9,10.33,0.0,0.0,20.43,16,12.76,70.0,0.495
2024-04-15T17:40:27.000,12.59,10.88,0.0,0.0,20.43,17,12.58,70.0,0.495
2024-04-15T17:57:15.000,13.17,11.38,0.0,0.0,20.43,31,9.53,71.0,0.496
2024-04-15T17:58:15.000,13.18,11.67,0.0,0.0,20.43,32,9.35,71.0,0.496
2024-04-15T17:59:15.000,13.09,11.08,0.0,0.0,20.43,33,9.17,72.0,0.496
2024-04-15T18:07:03.000,13.18,11.49,0.0,0.0,20.43,2,7.76,72.0,0.497
2024-04-15T18:08:03.000,13.37,11.62,0.0,0.0,20.43,3,7.57,72.0,0.497
2024-04-15T18:09:03.000,13.36,11.7,0.0,0.0,20.43,4,7.39,72.0,0.497
2024-04-15T18:10:03.000,13.42,11.99,0.0,0.0,20.43,5,7.21,72.0,0.497
2024-04-15T18:11:04.000,13.54,12.28,0.0,0.0,20.43,6,7.03,72.0,0.497
2024-04-15T18:13:33.000,13.42,11.01,0.0,0.0,20.43,2,6.58,72.0,0.497
2024-04-15T18:14:33.000,13.13,10.89,0.0,0.0,20.43,3,6.4,72.0,0.497
2024-04-15T18:15:34.000,13.02,10.79,0.0,0.0,20.43,4,6.22,72.0,0.497
2024-04-15T18:19:43.000,13.26,11.58,0.0,0.0,20.43,8,5.47,72.0,0.498
2024-04-15T18:20:44.000,13.36,11.99,0.0,0.0,20.43,9,5.29,72.0,0.498
2024-04-15T18:21:45.000,13.51,12.15,0.0,0.0,20.43,10,5.11,72.0,0.498
2024-04-15T18:23:45.000,13.69,11.79,0.0,0.0,20.43,12,4.75,72.0,0.498
2024-04-15T18:24:51.000,13.66,11.97,0.0,0.0,20.43,13,4.55,73.0,0.498
2024-04-15T18:25:51.000,13.72,12.29,0.0,0.0,20.43,14,4.37,73.0,0.498
2024-04-15T18:27:51.000,13.93,12.27,0.0,0.0,20.43,16,4.01,73.0,0.498
2024-04-15T18:28:51.000,13.94,12.35,0.0,0.0,20.43,17,3.83,73.0,0.498
2024-04-15T18:29:51.000,13.95,12.46,0.0,0.0,20.43,18,3.65,73.0,0.498
2024-04-15T18:32:23.000,13.72,11.55,0.0,0.0,20.43,2,3.2,73.0,0.499
2024-04-15T18:33:23.000,13.46,11.1,0.0,0.0,20.43,3,3.02,73.0,0.499
2024-04-15T18:34:23.000,13.38,11.06,0.0,0.0,20.43,4,2.84,73.0,0.499
2024-04-15T18:35:23.000,13.24,10.87,0.0,0.0,20.43,5,2.67,72.0,0.499
2024-04-15T18:36:23.000,13.27,11.52,0.0,0.0,20.43,6,2.49,72.0,0.499
2024-04-15T18:38:25.000,13.47,11.72,0.0,0.0,20.43,8,2.13,72.0,0.499
2024-04-15T18:39:24.000,13.53,11.79,0.0,0.0,20.43,9,1.95,72.0,0.499
2024-04-15T18:40:29.000,13.61,12.16,0.0,0.0,20.43,10,1.76,72.0,0.499
2024-04-15T18:41:28.000,13.62,11.67,0.0,0.0,20.43,11,1.58,72.0,0.499
2024-04-15T18:42:28.000,13.58,11.49,0.0,0.0,20.43,12,1.41,72.0,0.499
2024-04-15T18:43:28.000,13.49,11.49,0.24,0.09,20.43,13,1.23,72.0,0.499
2024-04-15T18:46:58.000,13.36,11.52,0.0,0.0,20.43,14,0.61,72.0,0.5
2024-04-15T18:47:58.000,13.32,11.55,0.0,0.0,20.43,15,0.43,72.0,0.5
2024-04-15T18:48:58.000,13.26,11.01,0.0,0.0,20.43,16,0.25,72.0,0.5
2024-04-15T18:49:58.000,13.11,11.04,0.0,0.0,20.43,17,0.08,72.0,0.5
2024-04-15T18:50:58.000,13.09,11.1,0.0,0.0,20.43,18,-0.1,72.0,0.5
2024-04-15T18:51:59.000,12.98,10.56,0.0,0.0,20.43,19,-0.28,72.0,0.5
2024-04-15T18:54:13.000,12.89,10.31,0.0,0.0,20.43,21,-0.67,72.0,0.5
2024-04-15T18:55:13.000,12.81,10.88,0.0,0.0,20.43,22,-0.85,72.0,0.5
2024-04-15T18:56:12.000,12.8,10.4,0.0,0.0,20.43,23,-1.02,72.0,0.5
2024-04-15T18:57:13.000,12.88,11.23,0.0,0.0,20.43,24,-1.2,72.0,0.5
2024-04-15T18:58:14.000,13.03,11.1,0.0,0.0,20.43,25,-1.38,72.0,0.5
2024-04-15T18:59:14.000,13.0,11.07,0.0,0.0,20.43,26,-1.55,72.0,0.5
2024-04-15T19:01:14.000,12.83,10.77,4266.71,0.56,20.43,28,-1.9,71.0,0.501
2024-04-15T19:02:14.000,12.93,11.2,55153.95,8.58,20.43,29,-2.08,71.0,0.501
2024-04-15T19:03:15.000,13.01,11.07,55291.29,8.58,20.43,30,-2.25,71.0,0.501
2024-04-15T19:04:14.000,12.94,10.45,52026.96,8.64,20.43,31,-2.43,71.0,0.501
2024-04-15T19:06:41.000,12.88,10.72,32569.78,9.22,20.43,2,-2.85,71.0,0.501
2024-04-15T19:07:41.000,12.78,10.39,19870.31,9.69,20.43,3,-3.03,71.0,0.501
2024-04-15T19:08:41.000,12.67,10.1,12838.83,10.16,20.43,4,-3.2,71.0,0.501
2024-04-15T19:09:40.000,12.65,10.4,13549.31,10.11,20.43,5,-3.37,71.0,0.501
2024-04-15T19:10:41.000,12.64,10.62,18964.22,9.74,20.43,6,-3.55,71.0,0.501
2024-04-15T19:15:34.000,12.48,10.29,7672.27,10.81,20.43,8,-4.39,70.0,0.501
2024-04-15T19:16:34.000,12.51,10.39,5106.25,11.16,20.43,9,-4.57,70.0,0.502
2024-04-15T19:17:34.000,12.58,10.72,4189.98,11.38,20.43,10,-4.74,70.0,0.502
2024-04-15T19:18:35.000,12.55,10.24,3257.46,11.65,20.43,11,-4.91,70.0,0.502
2024-04-15T19:19:35.000,12.49,9.96,2819.47,11.81,20.43,12,-5.09,70.0,0.502
2024-04-15T19:20:36.000,12.45,9.87,2584.94,11.9,20.43,13,-5.26,70.0,0.502
2024-04-15T19:37:06.000,12.72,10.61,916.17,13.21,20.43,14,-8.07,68.0,0.503
2024-04-15T19:38:06.000,12.9,10.87,465.71,13.76,20.43,15,-8.24,68.0,0.503
2024-04-15T19:39:06.000,12.96,10.67,481.57,13.72,20.43,16,-8.4,68.0,0.503
2024-04-16T03:47:53.000,12.72,8.27,272.73,14.46,20.43,18,-17.34,-11.0,0.537
2024-04-16T03:48:52.000,11.25,9.89,231.49,14.52,20.43,19,-17.19,-11.0,0.537
2024-04-16T03:49:56.000,11.2,9.21,233.96,14.51,20.43,20,-17.03,-11.0,0.537
2024-04-16T03:50:57.000,11.25,10.0,238.68,14.49,20.43,21,-16.87,-11.0,0.537
2024-04-16T03:53:28.000,11.39,9.31,270.02,14.35,20.43,2,-16.49,-12.0,0.537
2024-04-16T03:54:28.000,11.35,9.73,265.56,14.37,20.43,3,-16.33,-12.0,0.537
2024-04-16T03:55:30.000,11.21,8.6,261.57,14.39,20.43,4,-16.17,-12.0,0.537
2024-04-16T03:56:30.000,11.15,9.16,232.11,14.52,20.43,5,-16.02,-12.0,0.537
2024-04-16T04:04:24.000,11.22,9.3,238.39,14.52,20.43,2,-14.78,-13.0,0.538
2024-04-16T04:05:24.000,11.43,9.75,147.4,15.02,20.43,3,-14.62,-13.0,0.538
2024-04-16T04:06:24.000,11.47,9.68,134.4,15.11,20.43,4,-14.47,-13.0,0.538
2024-04-16T04:07:24.000,11.46,9.76,113.34,15.31,20.43,5,-14.31,-13.0,0.538
2024-04-16T06:44:03.000,11.66,9.26,2208.73,5.5,20.43,2,12.95,-23.0,0.549
2024-04-16T06:45:03.000,11.83,9.98,0.0,0.0,20.43,3,13.13,-23.0,0.549
2024-04-16T06:46:04.000,11.86,9.81,0.0,0.0,20.43,4,13.32,-23.0,0.549
2024-04-16T06:47:03.000,11.77,9.37,0.0,0.0,20.43,5,13.5,-23.0,0.549
2024-04-16T07:09:16.000,11.55,9.67,0.0,0.0,20.43,27,17.54,-23.0,0.55
2024-04-16T07:10:16.000,11.58,9.63,0.0,0.0,20.43,28,17.73,-23.0,0.55
2024-04-16T07:11:16.000,11.52,9.12,0.0,0.0,20.43,29,17.91,-23.0,0.55
2024-04-16T07:13:25.000,11.59,9.34,0.0,0.0,20.43,31,18.3,-23.0,0.551
2024-04-16T07:14:25.000,11.7,9.83,0.0,0.0,20.43,32,18.48,-23.0,0.551
2024-04-16T07:15:25.000,11.7,9.86,0.0,0.0,20.43,33,18.66,-23.0,0.551
2024-04-16T07:18:25.000,11.85,9.59,0.0,0.0,20.43,36,19.21,-23.0,0.551
2024-04-16T07:19:25.000,11.89,9.74,0.0,0.0,20.43,37,19.39,-23.0,0.551
2024-04-16T07:20:25.000,11.93,10.08,0.0,0.0,20.43,38,19.57,-23.0,0.551
2024-04-16T07:22:53.000,12.06,10.22,0.0,0.0,20.43,2,20.02,-23.0,0.551
2024-04-16T07:23:53.000,12.1,10.22,0.0,0.0,20.43,3,20.2,-23.0,0.551
2024-04-16T07:24:54.000,12.0,9.77,0.0,0.0,20.43,4,20.39,-23.0,0.551
2024-04-16T07:26:54.000,12.0,9.55,0.0,0.0,20.43,6,20.75,-23.0,0.552
2024-04-16T07:32:53.000,11.91,9.83,0.0,0.0,20.43,7,21.84,-23.0,0.552
2024-04-16T09:48:49.000,11.68,9.91,0.0,0.0,20.43,8,44.85,-13.0,0.561
2024-04-16T09:51:02.000,11.95,10.46,0.0,0.0,20.43,10,45.18,-13.0,0.561
2024-04-16T09:52:01.000,12.08,10.73,0.0,0.0,20.43,11,45.32,-13.0,0.561
2024-04-16T09:55:07.000,12.0,10.15,0.0,0.0,20.43,14,45.77,-13.0,0.562
2024-04-16T10:45:59.000,12.55,10.74,0.0,0.0,20.43,16,52.23,-6.0,0.565
2024-04-16T10:49:50.000,12.83,12.57,0.0,0.0,20.43,17,52.64,-6.0,0.565
2024-04-16T10:50:49.000,14.01,14.39,0.0,0.0,20.43,18,52.74,-6.0,0.565
2024-04-16T10:52:53.000,14.45,13.81,0.0,0.0,20.43,20,52.95,-5.0,0.565
2024-04-16T10:54:04.000,14.53,14.09,0.0,0.0,20.43,21,53.07,-5.0,0.565
2024-04-16T10:55:05.000,14.6,13.48,0.0,0.0,20.43,22,53.17,-5.0,0.566
2024-04-16T10:57:13.000,14.22,12.17,0.0,0.0,20.43,24,53.37,-5.0,0.566
2024-04-16T10:58:13.000,14.21,12.34,0.0,0.0,20.43,25,53.47,-5.0,0.566
2024-04-17T01:17:06.000,10.36,7.83,226.53,14.55,20.43,27,-34.1,16.0,0.623
2024-04-17T01:18:05.000,10.56,7.84,194.67,14.71,20.43,28,-34.04,16.0,0.623
2024-04-17T01:19:08.000,10.69,8.39,174.9,14.82,20.43,29,-33.97,16.0,0.623
2024-04-17T01:20:08.000,10.57,7.54,197.71,14.7,20.43,30,-33.91,16.0,0.623
2024-04-17T01:22:11.000,10.28,7.47,308.26,14.21,20.43,32,-33.77,15.0,0.623
2024-04-17T01:23:11.000,10.08,7.47,336.18,14.11,20.43,33,-33.71,15.0,0.623
2024-04-17T01:24:11.000,10.11,7.82,376.34,13.99,20.43,34,-33.64,15.0,0.623
2024-04-17T01:25:11.000,9.95,6.94,327.26,14.14,20.43,35,-33.57,15.0,0.623
2024-04-17T01:26:11.000,10.09,7.84,206.99,14.66,20.43,36,-33.5,15.0,0.623
2024-04-17T01:27:11.000,10.36,8.03,216.56,14.62,20.43,37,-33.43,15.0,0.623
2024-04-17T01:28:11.000,10.65,8.74,350.44,14.07,20.43,38,-33.36,14.0,0.623
2024-04-17T01:29:18.000,10.86,8.99,419.76,13.87,20.43,39,-33.28,14.0,0.623
2024-04-17T01:30:17.000,10.74,7.74,441.8,13.82,20.43,40,-33.21,14.0,0.623
2024-04-17T01:31:17.000,10.52,8.21,354.2,14.08,20.43,41,-33.14,14.0,0.624
2024-04-17T01:32:18.000,10.44,7.97,238.74,14.49,20.43,42,-33.07,14.0,0.624
2024-04-17T01:33:18.000,10.44,8.58,285.66,14.3,20.43,43,-32.99,14.0,0.624
2024-04-17T01:35:18.000,10.5,8.9,273.89,14.34,20.43,45,-32.84,13.0,0.624
2024-04-17T01:36:18.000,10.55,9.08,362.88,14.03,20.43,46,-32.76,13.0,0.624
2024-04-17T01:37:18.000,10.6,8.97,521.16,13.65,20.43,47,-32.69,13.0,0.624
2024-04-17T01:38:18.000,10.68,9.17,536.31,13.61,20.43,48,-32.61,13.0,0.624
2024-04-17T01:39:19.000,10.7,9.14,348.38,14.11,20.43,49,-32.53,13.0,0.624
2024-04-17T01:40:18.000,10.65,8.84,210.61,14.62,20.43,50,-32.45,12.0,0.624
2024-04-17T01:42:18.000,10.56,8.81,238.49,14.5,20.43,52,-32.28,12.0,0.624
2024-04-17T01:43:18.000,10.47,8.58,192.92,14.72,20.43,53,-32.2,12.0,0.624
2024-04-17T01:44:18.000,10.5,8.93,223.93,14.56,20.43,54,-32.12,12.0,0.624
2024-04-17T01:45:18.000,10.56,8.91,247.57,14.45,20.43,55,-32.03,12.0,0.624
2024-04-17T01:46:19.000,10.45,8.42,236.79,14.49,20.43,56,-31.95,11.0,0.625
2024-04-17T01:47:18.000,10.3,8.05,222.81,14.57,20.43,57,-31.86,11.0,0.625
2024-04-17T01:48:18.000,10.19,8.21,170.11,14.87,20.43,58,-31.78,11.0,0.625
2024-04-17T01:50:45.000,10.48,9.06,218.37,14.59,20.43,2,-31.56,11.0,0.625
2024-04-17T01:51:45.000,10.64,9.32,256.82,14.41,20.43,3,-31.47,10.0,0.625
2024-04-17T01:52:45.000,10.78,9.49,336.27,14.12,20.43,4,-31.39,10.0,0.625
2024-04-17T01:53:45.000,10.83,9.25,291.64,14.35,20.43,5,-31.29,10.0,0.625
2024-04-17T01:54:45.000,10.85,9.23,145.93,15.02,20.43,6,-31.2,10.0,0.625
2024-04-17T01:55:45.000,10.79,9.14,215.93,14.6,20.43,7,-31.11,10.0,0.625
2024-04-17T01:57:48.000,10.82,9.22,166.46,14.9,20.43,9,-30.92,9.0,0.625
2024-04-17T01:58:48.000,10.82,9.33,250.49,14.46,20.43,10,-30.83,9.0,0.625
2024-04-17T01:59:48.000,10.9,9.34,379.33,13.99,20.43,11,-30.73,9.0,0.625
2024-04-17T02:00:48.000,10.76,8.88,454.99,13.79,20.43,12,-30.64,9.0,0.625
2024-04-17T02:01:48.000,10.77,8.89,473.44,13.74,20.43,13,-30.54,9.0,0.626
2024-04-17T02:02:48.000,10.55,8.24,587.28,13.51,20.43,14,-30.44,9.0,0.626
2024-04-17T02:10:38.000,10.39,8.44,435.52,13.85,20.43,2,-29.66,7.0,0.626
2024-04-17T02:11:38.000,10.6,8.95,510.72,13.66,20.43,3,-29.56,7.0,0.626
2024-04-17T02:12:38.000,10.65,9.1,393.08,13.95,20.43,4,-29.45,7.0,0.626
2024-04-17T02:13:38.000,10.7,9.07,349.08,14.07,20.43,5,-29.35,7.0,0.626
2024-04-17T02:14:38.000,10.76,9.22,398.02,13.93,20.43,6,-29.25,7.0,0.626
2024-04-17T02:24:17.000,10.65,8.95,211.64,14.75,20.43,8,-28.2,5.0,0.627
2024-04-17T02:25:17.000,10.57,9.26,156.56,14.95,20.43,9,-28.09,5.0,0.627
2024-04-17T02:26:17.000,10.67,9.46,163.75,14.9,20.43,10,-27.97,5.0,0.627
2024-04-17T02:27:17.000,10.79,9.51,222.88,14.56,20.43,11,-27.86,5.0,0.627
2024-04-17T02:28:17.000,10.88,9.58,192.16,14.72,20.43,12,-27.75,4.0,0.627
2024-04-17T02:29:17.000,10.91,9.16,233.39,14.51,20.43,13,-27.63,4.0,0.627
2024-04-17T02:30:17.000,10.77,8.77,265.1,14.37,20.43,14,-27.52,4.0,0.627
2024-04-17T02:31:25.000,10.66,8.62,357.15,14.05,20.43,15,-27.39,4.0,0.627
2024-04-17T02:32:26.000,10.63,8.61,378.49,13.99,20.43,16,-27.27,4.0,0.628
2024-04-17T02:34:29.000,10.51,8.83,186.86,14.75,20.43,18,-27.03,3.0,0.628
2024-04-17T02:35:29.000,10.57,8.98,233.24,14.52,20.43,19,-26.91,3.0,0.628
2024-04-17T02:36:29.000,10.7,9.36,367.98,14.02,20.43,20,-26.79,3.0,0.628
2024-04-17T02:37:29.000,10.75,9.13,441.69,13.82,20.43,21,-26.67,3.0,0.628
2024-04-17T02:38:32.000,10.75,8.8,430.0,13.85,20.43,22,-26.55,3.0,0.628
2024-04-17T02:39:32.000,10.71,9.17,351.53,14.07,20.43,23,-26.43,3.0,0.628
2024-04-17T02:40:39.000,10.59,7.95,370.52,14.01,20.43,24,-26.29,2.0,0.628
2024-04-17T02:53:49.000,10.75,8.98,343.13,14.17,20.43,2,-24.65,0.0,0.629
2024-04-17T02:54:49.000,10.94,8.86,582.9,13.52,20.43,3,-24.52,0.0,0.629
2024-04-17T02:55:49.000,10.9,9.09,582.11,13.52,20.43,4,-24.39,0.0,0.629
2024-04-17T02:56:49.000,10.94,9.06,432.09,13.85,20.43,5,-24.26,-0.0,0.629
2024-04-17T02:57:49.000,10.81,8.75,338.93,14.11,20.43,6,-24.13,-0.0,0.629
2024-04-17T02:58:49.000,10.74,8.48,321.21,14.16,20.43,7,-24.0,-0.0,0.629
2024-04-17T02:59:53.000,10.57,8.41,344.22,14.09,20.43,8,-23.86,-1.0,0.629
2024-04-17T03:00:53.000,10.61,8.24,410.25,13.9,20.43,9,-23.73,-1.0,0.629
2024-04-17T03:01:53.000,10.32,7.67,412.31,13.89,20.43,10,-23.6,-1.0,0.629
2024-04-17T03:03:53.000,10.41,8.26,511.07,13.66,20.43,12,-23.33,-1.0,0.63
2024-04-17T03:04:53.000,10.28,7.69,553.12,13.57,20.43,13,-23.2,-1.0,0.63
2024-04-17T03:07:21.000,10.39,8.42,545.98,13.59,20.43,2,-22.86,-2.0,0.63
2024-04-17T03:08:21.000,10.38,8.27,526.76,13.63,20.43,3,-22.73,-2.0,0.63
2024-04-17T03:09:21.000,10.41,8.43,622.67,13.44,20.43,4,-22.59,-2.0,0.63
2024-04-17T03:10:21.000,10.44,8.45,560.13,13.56,20.43,5,-22.46,-2.0,0.63
2024-04-17T03:11:21.000,10.35,7.75,551.33,13.58,20.43,6,-22.32,-2.0,0.63
2024-04-17T03:12:21.000,10.23,8.03,495.08,13.7,20.43,7,-22.18,-3.0,0.63
