ecsv/stars88/stars88_2025-04.ecsv
# %ECSV 1.0
# ---
# datatype:
# - {name: time, datatype: string}
# - {name: Enclosure Temperature, unit: deg_C, datatype: float64}
# - {name: Sky Temperature, unit: deg_C, datatype: float64}
# - {name: Frequency, unit: Hz, datatype: float64}
# - {name: MSAS, unit: mag / arcsec2, datatype: float64}
# - {name: ZP, datatype: float64}
# - {name: Sequence Number, datatype: int64}
# - {name: Sun Alt, unit: deg, datatype: float64}
# - {name: Moon Alt, unit: deg, datatype: float64}
# - {name: Moon Illumination, datatype: float64}
# delimiter: ','
# meta: !!omap
# - ida:
#     Data supplier: {affiliation: null, observer: "Santiago P\xE9rez-Hoyos"}
#     Device type: TESS-W
#     Field of view: 17.0
#     Filters per channel: None
#     Instrument ID: stars88
#     License: ODbL 1.0 http://opendatacommons.org/licenses/odbl/summary/
#     Local timezone: Europe/Madrid
#     Location name: {country: Spain, place: Aula Espazio Gela, region: null, sub_region: null, town: Bilbao}
#     Measurement direction per channel: {azimuth: 0.0, zenital: 0.0}
#     Moving / Fixed look direction: FIXED
#     Moving / Stationary position: STATIONARY
#     Number of channels: 1
#     Number of fields per line: 8
#     Number of header lines: 35
#     Position: {height: 47.0, latitude: 43.2621711, longitude: -2.9486171}
#     TESS MAC address: 18:FE:34:D3:49:10
#     TESS cover offset value: 0.0
#     TESS firmware version: '1.0'
#     TESS zero point: 20.43
#     Time Synchronization: timestamp added by MQTT subscriber
#     URL: http://www.darksky.org/NSBM/sdf1.0.pdf
# - __serialized_columns__:
#     Enclosure Temperature:
#       __class__: astropy.units.quantity.Quantity
#       unit: &id001 !astropy.units.Unit {unit: deg_C}
#       value: !astropy.table.SerializedColumn {name: Enclosure Temperature}
#     Frequency:
#       __class__: astropy.units.quantity.Quantity
#       unit: !astropy.units.Unit {unit: Hz}
#       value: !astropy.table.SerializedColumn {name: Frequency}
#     MSAS:
#       __class__: astropy.units.quantity.Quantity
#       unit: !astropy.units.Unit {unit: mag / arcsec2}
#       value: !astropy.table.SerializedColumn {name: MSAS}
#     Moon Alt:
#       __class__: astropy.units.quantity.Quantity
#       unit: &id002 !astropy.units.Unit {unit: deg}
#       value: !astropy.table.SerializedColumn {name: Moon Alt}
#     Sky Temperature:
#       __class__: astropy.units.quantity.Quantity
#       unit: *id001
#       value: !astropy.table.SerializedColumn {name: Sky Temperature}
#     Sun Alt:
#       __class__: astropy.units.quantity.Quantity
#       unit: *id002
#       value: !astropy.table.SerializedColumn {name: Sun Alt}
#     time:
#       __class__: astropy.time.core.Time
#       format: isot
#       in_subfmt: '*'
#       out_subfmt: '*'
#       precision: 3
#       scale: utc
#       value: !astropy.table.SerializedColumn {name: time}
# schema: astropy-2.0
time,Enclosure Temperature,Sky Temperature,Frequency,MSAS,ZP,Sequence Number,Sun Alt,Moon Alt,Moon Illumination
[from data line 12729]
2025-04-18T20:16:01.000,17.46,-0.63,9.1,18.03,20.43,59418,-13.8,-45.0,0.719
2025-04-18T20:17:01.000,17.44,-0.68,9.16,18.03,20.43,59419,-13.96,-45.0,0.719
2025-04-18T20:18:01.000,17.39,-0.75,9.11,18.03,20.43,59420,-14.11,-45.0,0.719
2025-04-18T20:19:01.000,17.32,-0.68,9.13,18.03,20.43,59421,-14.27,-44.0,0.719
2025-04-18T20:20:01.000,17.33,-0.55,9.1,18.03,20.43,59422,-14.42,-44.0,0.719
2025-04-18T20:21:01.000,17.37,-0.63,9.23,18.02,20.43,59423,-14.58,-44.0,0.718
2025-04-18T20:22:01.000,17.38,-0.63,9.32,18.01,20.43,59424,-14.74,-44.0,0.718
2025-04-18T20:23:01.000,17.37,-0.56,9.15,18.03,20.43,59425,-14.89,-44.0,0.718
2025-04-18T20:24:01.000,17.43,-0.61,9.1,18.03,20.43,59426,-15.05,-43.0,0.718
2025-04-18T20:25:01.000,17.47,-0.7,9.06,18.04,20.43,59427,-15.2,-43.0,0.718
2025-04-18T20:26:01.000,17.46,-0.75,9.04,18.04,20.43,59428,-15.35,-43.0,0.718
2025-04-18T20:27:01.000,17.44,-0.8,9.0,18.05,20.43,59429,-15.51,-43.0,0.718
2025-04-18T20:28:02.000,17.42,-0.77,8.92,18.05,20.43,59430,-15.66,-43.0,0.718
2025-04-18T20:29:02.000,17.42,-0.75,8.87,18.06,20.43,59431,-15.82,-43.0,0.718
2025-04-18T20:30:02.000,17.39,-0.75,8.8,18.07,20.43,59432,-15.97,-42.0,0.718
2025-04-18T20:31:02.000,17.34,-0.69,8.89,18.06,20.43,59433,-16.12,-42.0,0.718
2025-04-18T20:32:02.000,17.26,-0.71,8.76,18.07,20.43,59434,-16.27,-42.0,0.718
2025-04-18T20:33:02.000,17.21,-0.65,8.76,18.07,20.43,59435,-16.42,-42.0,0.718
2025-04-18T20:34:02.000,17.16,-0.64,8.75,18.08,20.43,59436,-16.58,-42.0,0.718
2025-04-18T20:35:02.000,17.15,-0.62,8.66,18.09,20.43,59437,-16.73,-42.0,0.718
2025-04-18T20:36:02.000,17.17,-0.66,8.77,18.07,20.43,59438,-16.88,-41.0,0.718
2025-04-18T20:37:02.000,17.11,-0.71,8.73,18.08,20.43,59439,-17.03,-41.0,0.717
2025-04-18T20:38:02.000,17.06,-0.76,8.75,18.08,20.43,59440,-17.18,-41.0,0.717
2025-04-18T20:39:02.000,17.01,-0.72,8.74,18.08,20.43,59441,-17.33,-41.0,0.717
2025-04-18T20:40:02.000,16.99,-0.66,8.79,18.07,20.43,59442,-17.48,-41.0,0.717
2025-04-18T20:41:02.000,17.03,-0.26,8.79,18.07,20.43,59443,-17.62,-41.0,0.717
2025-04-18T20:42:02.000,17.24,-0.46,8.79,18.07,20.43,59444,-17.77,-40.0,0.717
2025-04-18T20:43:02.000,17.37,-0.66,8.8,18.07,20.43,59445,-17.92,-40.0,0.717
2025-04-18T20:44:02.000,17.42,-0.59,8.84,18.06,20.43,59446,-18.07,-40.0,0.717
2025-04-18T20:45:03.000,17.42,-0.65,8.77,18.07,20.43,59447,-18.22,-40.0,0.717
2025-04-18T20:46:03.000,17.41,-0.61,8.74,18.08,20.43,59448,-18.36,-40.0,0.717
2025-04-18T20:47:03.000,17.38,-0.56,8.78,18.07,20.43,59449,-18.51,-39.0,0.717
2025-04-18T20:48:03.000,17.34,-0.52,8.83,18.07,20.43,59450,-18.66,-39.0,0.717
2025-04-18T20:49:03.000,17.3,-0.55,9.03,18.04,20.43,59451,-18.8,-39.0,0.717
2025-04-18T20:50:03.000,17.28,-0.47,8.97,18.05,20.43,59452,-18.95,-39.0,0.717
2025-04-18T20:51:03.000,17.31,-0.43,8.84,18.07,20.43,59453,-19.09,-39.0,0.717
2025-04-18T20:52:03.000,17.32,-0.51,8.82,18.07,20.43,59454,-19.24,-39.0,0.717
2025-04-18T20:53:03.000,17.27,-0.55,8.83,18.07,20.43,59455,-19.38,-38.0,0.716
2025-04-18T20:54:03.000,17.26,-0.82,8.82,18.07,20.43,59456,-19.52,-38.0,0.716
2025-04-18T20:55:03.000,17.24,-0.95,8.84,18.06,20.43,59457,-19.67,-38.0,0.716
2025-04-18T20:56:03.000,17.2,-0.86,8.95,18.05,20.43,59458,-19.81,-38.0,0.716
2025-04-18T20:57:03.000,17.12,-0.91,8.99,18.05,20.43,59459,-19.95,-38.0,0.716
2025-04-18T20:58:03.000,17.07,-0.83,8.94,18.05,20.43,59460,-20.09,-38.0,0.716
2025-04-18T20:59:03.000,17.02,-0.96,8.93,18.05,20.43,59461,-20.24,-37.0,0.716
2025-04-18T21:00:03.000,16.95,-0.99,8.95,18.05,20.43,59462,-20.38,-37.0,0.716
2025-04-18T21:01:03.000,16.9,-0.93,8.8,18.07,20.43,59463,-20.52,-37.0,0.716
2025-04-18T21:02:04.000,16.8,-0.99,8.78,18.07,20.43,59464,-20.66,-37.0,0.716
2025-04-18T21:03:04.000,16.72,-1.03,8.78,18.07,20.43,59465,-20.8,-37.0,0.716
2025-04-18T21:04:04.000,16.68,-1.02,8.83,18.07,20.43,59466,-20.94,-37.0,0.716
2025-04-18T21:05:04.000,16.63,-1.03,8.83,18.07,20.43,59467,-21.08,-36.0,0.716
2025-04-18T21:06:04.000,16.58,-0.97,8.83,18.07,20.43,59468,-21.22,-36.0,0.716
2025-04-18T21:07:04.000,16.52,-0.97,8.82,18.07,20.43,59469,-21.35,-36.0,0.716
2025-04-18T21:08:04.000,16.47,-1.06,8.83,18.07,20.43,59470,-21.49,-36.0,0.716
2025-04-18T21:09:04.000,16.43,-0.85,8.81,18.07,20.43,59471,-21.63,-36.0,0.715
2025-04-18T21:10:04.000,16.42,-0.78,8.75,18.08,20.43,59472,-21.77,-35.0,0.715
2025-04-18T21:11:04.000,16.44,-0.58,8.62,18.09,20.43,59473,-21.9,-35.0,0.715
2025-04-18T21:12:04.000,16.48,-0.65,8.73,18.08,20.43,59474,-22.04,-35.0,0.715
2025-04-18T21:13:04.000,16.55,-0.65,8.81,18.07,20.43,59475,-22.17,-35.0,0.715
2025-04-18T21:14:04.000,16.58,-0.7,8.79,18.07,20.43,59476,-22.31,-35.0,0.715
2025-04-18T21:15:04.000,16.58,-0.58,8.78,18.07,20.43,59477,-22.44,-35.0,0.715
2025-04-18T21:16:04.000,16.57,-0.62,8.8,18.07,20.43,59478,-22.58,-34.0,0.715
2025-04-18T21:17:04.000,16.55,-0.56,8.81,18.07,20.43,59479,-22.71,-34.0,0.715
2025-04-18T21:18:04.000,16.55,-0.49,8.93,18.05,20.43,59480,-22.84,-34.0,0.715
2025-04-18T21:19:05.000,16.6,-0.19,8.8,18.07,20.43,59481,-22.98,-34.0,0.715
2025-04-18T21:20:05.000,16.72,-0.41,8.91,18.06,20.43,59482,-23.11,-34.0,0.715
2025-04-18T21:21:05.000,16.79,-0.62,8.82,18.07,20.43,59483,-23.24,-34.0,0.715
2025-04-18T21:22:05.000,16.81,-1.14,8.75,18.08,20.43,59484,-23.37,-33.0,0.715
2025-04-18T21:23:05.000,16.73,-1.3,8.78,18.07,20.43,59485,-23.5,-33.0,0.715
2025-04-18T21:24:05.000,16.65,-1.24,8.75,18.08,20.43,59486,-23.63,-33.0,0.715
2025-04-18T21:25:05.000,16.55,-1.11,8.73,18.08,20.43,59487,-23.76,-33.0,0.714
2025-04-18T21:26:05.000,16.45,-1.06,8.73,18.08,20.43,59488,-23.89,-33.0,0.714
2025-04-18T21:27:05.000,16.39,-1.03,8.77,18.07,20.43,59489,-24.02,-33.0,0.714
2025-04-18T21:28:05.000,16.33,-1.01,8.7,18.08,20.43,59490,-24.14,-32.0,0.714
2025-04-18T21:29:05.000,16.28,-0.92,8.89,18.06,20.43,59491,-24.27,-32.0,0.714
2025-04-18T21:30:05.000,16.25,-0.99,8.67,18.08,20.43,59492,-24.4,-32.0,0.714
2025-04-18T21:31:05.000,16.27,-1.01,8.79,18.07,20.43,59493,-24.52,-32.0,0.714
2025-04-18T21:32:05.000,16.3,-1.06,8.77,18.07,20.43,59494,-24.65,-32.0,0.714
2025-04-18T21:33:05.000,16.25,-1.22,8.78,18.07,20.43,59495,-24.77,-32.0,0.714
2025-04-18T21:34:05.000,16.2,-1.21,8.65,18.09,20.43,59496,-24.9,-31.0,0.714
2025-04-18T21:35:06.000,16.14,-1.32,8.61,18.09,20.43,59497,-25.03,-31.0,0.714
2025-04-18T21:36:06.000,16.07,-1.32,8.6,18.09,20.43,59498,-25.15,-31.0,0.714
2025-04-18T21:37:06.000,16.08,-1.23,8.61,18.09,20.43,59499,-25.27,-31.0,0.714
2025-04-18T21:38:06.000,16.1,-1.0,8.61,18.09,20.43,59500,-25.39,-31.0,0.714
2025-04-18T21:39:06.000,16.1,-1.09,8.63,18.09,20.43,59501,-25.52,-31.0,0.714
2025-04-18T21:40:06.000,16.08,-1.17,8.62,18.09,20.43,59502,-25.64,-30.0,0.714
2025-04-18T21:41:06.000,16.06,-1.17,8.63,18.09,20.43,59503,-25.76,-30.0,0.714
2025-04-18T21:42:06.000,16.04,-1.17,8.64,18.09,20.43,59504,-25.88,-30.0,0.713
2025-04-18T21:43:06.000,16.02,-1.08,8.62,18.09,20.43,59505,-26.0,-30.0,0.713
2025-04-18T21:44:06.000,16.01,-1.07,8.64,18.09,20.43,59506,-26.12,-30.0,0.713
2025-04-18T21:45:06.000,16.07,-1.03,8.62,18.09,20.43,59507,-26.24,-30.0,0.713
2025-04-18T21:46:06.000,16.16,-1.06,8.66,18.09,20.43,59508,-26.35,-29.0,0.713
2025-04-18T21:47:06.000,16.16,-1.19,8.74,18.08,20.43,59509,-26.47,-29.0,0.713
2025-04-18T21:48:06.000,16.09,-1.41,8.82,18.07,20.43,59510,-26.59,-29.0,0.713
2025-04-18T21:49:06.000,16.02,-1.51,8.77,18.07,20.43,59511,-26.7,-29.0,0.713
2025-04-18T21:50:06.000,15.99,-1.48,8.78,18.07,20.43,59512,-26.82,-29.0,0.713
2025-04-18T21:51:07.000,15.99,-1.41,8.82,18.07,20.43,59513,-26.94,-28.0,0.713
2025-04-18T21:52:07.000,15.98,-1.44,8.85,18.06,20.43,59514,-27.05,-28.0,0.713
2025-04-18T21:53:07.000,15.96,-1.35,8.96,18.05,20.43,59515,-27.16,-28.0,0.713
2025-04-18T21:54:07.000,15.94,-1.24,9.0,18.04,20.43,59516,-27.28,-28.0,0.713
2025-04-18T21:55:07.000,15.99,-1.02,8.96,18.05,20.43,59517,-27.39,-28.0,0.713
2025-04-18T21:56:07.000,16.02,-0.95,8.98,18.05,20.43,59518,-27.5,-28.0,0.713
2025-04-18T21:57:07.000,16.04,-0.77,9.1,18.03,20.43,59519,-27.61,-27.0,0.713
2025-04-18T21:58:07.000,16.06,-0.39,9.29,18.01,20.43,59520,-27.72,-27.0,0.712
2025-04-18T21:59:07.000,16.06,-0.04,9.52,17.98,20.43,59521,-27.83,-27.0,0.712
2025-04-18T22:00:07.000,16.06,0.12,9.75,17.96,20.43,59522,-27.94,-27.0,0.712
2025-04-18T22:01:07.000,16.06,0.09,9.86,17.95,20.43,59523,-28.05,-27.0,0.712
2025-04-18T22:02:07.000,16.05,-0.07,9.82,17.95,20.43,59524,-28.16,-27.0,0.712
2025-04-18T22:03:07.000,16.09,0.08,10.19,17.91,20.43,59525,-28.27,-26.0,0.712
2025-04-18T22:04:07.000,16.14,-0.23,9.43,18.0,20.43,59526,-28.37,-26.0,0.712
2025-04-18T22:05:07.000,16.16,-0.56,9.16,18.03,20.43,59527,-28.48,-26.0,0.712
2025-04-18T22:06:07.000,16.16,-0.05,9.5,17.99,20.43,59528,-28.59,-26.0,0.712
2025-04-18T22:07:07.000,16.12,0.1,9.54,17.98,20.43,59529,-28.69,-26.0,0.712
2025-04-18T22:08:08.000,16.1,0.08,9.38,18.0,20.43,59530,-28.8,-26.0,0.712
2025-04-18T22:09:08.000,16.1,0.32,9.51,17.99,20.43,59531,-28.9,-25.0,0.712
2025-04-18T22:10:08.000,16.11,0.8,11.26,17.81,20.43,59532,-29.0,-25.0,0.712
2025-04-18T22:11:08.000,16.15,1.17,17.71,17.31,20.43,59533,-29.1,-25.0,0.712
2025-04-18T22:12:08.000,16.19,1.3,12.78,17.67,20.43,59534,-29.21,-25.0,0.712
2025-04-18T22:13:08.000,16.26,1.22,11.23,17.81,20.43,59535,-29.31,-25.0,0.712
2025-04-18T22:14:08.000,16.34,0.72,10.62,17.87,20.43,59536,-29.41,-25.0,0.711
2025-04-18T22:15:08.000,16.36,0.57,10.87,17.84,20.43,59537,-29.51,-24.0,0.711
2025-04-18T22:16:08.000,16.33,0.37,13.38,17.62,20.43,59538,-29.61,-24.0,0.711
2025-04-18T22:17:08.000,16.27,0.13,12.8,17.66,20.43,59539,-29.7,-24.0,0.711
2025-04-18T22:18:08.000,16.24,-0.08,11.34,17.79,20.43,59540,-29.8,-24.0,0.711
2025-04-18T22:19:09.000,16.21,-0.1,10.64,17.86,20.43,59541,-29.9,-24.0,0.711
2025-04-18T22:20:08.000,16.19,-0.09,10.89,17.84,20.43,59542,-29.99,-24.0,0.711
2025-04-18T22:21:09.000,16.19,0.07,11.33,17.8,20.43,59543,-30.09,-23.0,0.711
2025-04-18T22:22:09.000,16.28,0.61,11.69,17.76,20.43,59544,-30.19,-23.0,0.711
2025-04-18T22:23:10.000,16.47,1.05,12.11,17.72,20.43,59545,-30.28,-23.0,0.711
2025-04-18T22:24:09.000,16.83,1.81,12.4,17.7,20.43,59546,-30.37,-23.0,0.711
2025-04-18T22:25:09.000,17.13,1.27,12.55,17.68,20.43,59547,-30.46,-23.0,0.711
2025-04-18T22:26:09.000,17.3,1.14,12.79,17.66,20.43,59548,-30.56,-23.0,0.711
2025-04-18T22:27:09.000,17.42,1.13,12.72,17.67,20.43,59549,-30.65,-22.0,0.711
2025-04-18T22:28:09.000,17.51,0.97,12.49,17.69,20.43,59550,-30.74,-22.0,0.711
2025-04-18T22:29:09.000,17.56,0.91,12.29,17.71,20.43,59551,-30.83,-22.0,0.711
2025-04-18T22:30:09.000,17.61,0.9,12.12,17.72,20.43,59552,-30.92,-22.0,0.71
2025-04-18T22:31:09.000,17.7,0.71,11.99,17.73,20.43,59553,-31.0,-22.0,0.71
2025-04-18T22:32:09.000,17.77,0.4,11.66,17.76,20.43,59554,-31.09,-22.0,0.71
2025-04-18T22:33:09.000,17.83,0.35,11.16,17.81,20.43,59555,-31.18,-21.0,0.71
2025-04-18T22:34:09.000,17.85,0.26,10.47,17.88,20.43,59556,-31.26,-21.0,0.71
2025-04-18T22:35:09.000,17.88,0.1,9.83,17.95,20.43,59557,-31.35,-21.0,0.71
2025-04-18T22:36:10.000,17.9,-0.05,9.36,18.0,20.43,59558,-31.43,-21.0,0.71
2025-04-18T22:37:10.000,17.92,-0.22,9.09,18.03,20.43,59559,-31.52,-21.0,0.71
2025-04-18T22:38:10.000,17.91,-0.34,8.87,18.06,20.43,59560,-31.6,-21.0,0.71
2025-04-18T22:39:10.000,17.92,-0.41,8.78,18.07,20.43,59561,-31.68,-20.0,0.71
2025-04-18T22:40:10.000,17.92,-0.46,8.69,18.08,20.43,59562,-31.76,-20.0,0.71
2025-04-18T22:41:10.000,17.95,-0.54,8.6,18.09,20.43,59563,-31.84,-20.0,0.71
2025-04-18T22:42:10.000,17.96,-0.59,8.58,18.1,20.43,59564,-31.92,-20.0,0.71
2025-04-18T22:43:10.000,18.01,-0.59,8.54,18.1,20.43,59565,-32.0,-20.0,0.71
2025-04-18T22:44:11.000,17.97,-0.63,8.55,18.1,20.43,59566,-32.08,-20.0,0.71
2025-04-18T22:45:10.000,17.93,-0.69,8.49,18.11,20.43,59567,-32.16,-20.0,0.71
2025-04-18T22:46:10.000,17.88,-0.85,8.58,18.1,20.43,59568,-32.24,-19.0,0.709
2025-04-18T22:47:10.000,17.9,-0.8,8.39,18.12,20.43,59569,-32.31,-19.0,0.709
2025-04-18T22:48:10.000,17.93,-0.83,8.28,18.13,20.43,59570,-32.39,-19.0,0.709
2025-04-18T22:49:10.000,17.95,-0.85,8.27,18.14,20.43,59571,-32.46,-19.0,0.709
2025-04-18T22:50:10.000,17.94,-0.77,8.32,18.13,20.43,59572,-32.53,-19.0,0.709
2025-04-18T22:51:11.000,17.9,-0.76,8.28,18.14,20.43,59573,-32.61,-19.0,0.709
2025-04-18T22:52:11.000,17.88,-0.79,8.29,18.13,20.43,59574,-32.68,-18.0,0.709
2025-04-18T22:53:11.000,17.88,-0.76,8.3,18.13,20.43,59575,-32.75,-18.0,0.709
2025-04-18T22:54:11.000,17.85,-0.78,8.32,18.13,20.43,59576,-32.82,-18.0,0.709
2025-04-18T22:55:11.000,17.8,-0.74,8.28,18.13,20.43,59577,-32.89,-18.0,0.709
2025-04-18T22:56:11.000,17.8,-0.77,8.3,18.13,20.43,59578,-32.96,-18.0,0.709
2025-04-18T22:57:11.000,17.81,-0.74,8.29,18.13,20.43,59579,-33.02,-18.0,0.709
2025-04-18T22:58:11.000,17.89,-0.86,8.27,18.14,20.43,59580,-33.09,-17.0,0.709
2025-04-18T22:59:11.000,17.92,-0.91,8.26,18.14,20.43,59581,-33.16,-17.0,0.709
2025-04-18T23:00:11.000,17.92,-0.92,8.28,18.13,20.43,59582,-33.22,-17.0,0.709
2025-04-18T23:01:11.000,17.9,-0.91,8.28,18.13,20.43,59583,-33.29,-17.0,0.709
2025-04-18T23:02:11.000,17.86,-0.9,8.25,18.14,20.43,59584,-33.35,-17.0,0.708
2025-04-18T23:03:11.000,17.81,-0.92,8.3,18.13,20.43,59585,-33.41,-17.0,0.708
2025-04-18T23:04:11.000,17.8,-0.9,8.3,18.13,20.43,59586,-33.47,-16.0,0.708
2025-04-18T23:05:11.000,17.8,-0.93,8.36,18.12,20.43,59587,-33.54,-16.0,0.708
2025-04-18T23:06:12.000,17.8,-0.99,8.39,18.12,20.43,59588,-33.6,-16.0,0.708
2025-04-18T23:07:12.000,17.74,-0.99,8.31,18.13,20.43,59589,-33.66,-16.0,0.708
2025-04-18T23:08:12.000,17.72,-0.98,8.25,18.14,20.43,59590,-33.71,-16.0,0.708
2025-04-18T23:09:12.000,17.7,-0.93,8.17,18.15,20.43,59591,-33.77,-16.0,0.708
2025-04-18T23:10:12.000,17.7,-0.98,8.15,18.15,20.43,59592,-33.83,-16.0,0.708
2025-04-18T23:11:12.000,17.7,-1.01,8.14,18.15,20.43,59593,-33.88,-15.0,0.708
2025-04-18T23:12:12.000,17.71,-0.97,8.0,18.17,20.43,59594,-33.94,-15.0,0.708
2025-04-18T23:13:12.000,17.74,-1.06,8.01,18.17,20.43,59595,-33.99,-15.0,0.708
2025-04-18T23:14:12.000,17.74,-1.03,8.01,18.17,20.43,59596,-34.05,-15.0,0.708
2025-04-18T23:15:12.000,17.73,-0.94,8.0,18.17,20.43,59597,-34.1,-15.0,0.708
2025-04-18T23:16:12.000,17.73,-1.02,8.03,18.17,20.43,59598,-34.15,-15.0,0.708
2025-04-18T23:17:12.000,17.71,-1.04,8.04,18.17,20.43,59599,-34.2,-14.0,0.708
2025-04-18T23:18:12.000,17.7,-0.97,8.12,18.16,20.43,59600,-34.25,-14.0,0.707
2025-04-18T23:19:12.000,17.64,-1.07,8.08,18.16,20.43,59601,-34.3,-14.0,0.707
2025-04-18T23:20:12.000,17.6,-0.85,8.04,18.17,20.43,59602,-34.34,-14.0,0.707
2025-04-18T23:21:12.000,17.61,-0.85,8.15,18.15,20.43,59603,-34.39,-14.0,0.707
2025-04-18T23:22:12.000,17.63,-0.8,8.18,18.15,20.43,59604,-34.44,-14.0,0.707
2025-04-18T23:23:12.000,17.64,-0.63,8.27,18.14,20.43,59605,-34.48,-13.0,0.707
2025-04-18T23:24:13.000,17.6,-0.44,8.58,18.1,20.43,59606,-34.53,-13.0,0.707
2025-04-18T23:25:13.000,17.6,-0.11,9.13,18.03,20.43,59607,-34.57,-13.0,0.707
2025-04-18T23:26:13.000,17.6,0.17,9.76,17.96,20.43,59608,-34.61,-13.0,0.707
2025-04-18T23:27:13.000,17.59,0.36,9.89,17.94,20.43,59609,-34.65,-13.0,0.707
2025-04-18T23:28:13.000,17.62,0.65,10.12,17.92,20.43,59610,-34.69,-13.0,0.707
2025-04-18T23:29:13.000,17.63,0.76,10.39,17.89,20.43,59611,-34.73,-13.0,0.707
2025-04-18T23:30:13.000,17.61,0.7,10.48,17.88,20.43,59612,-34.77,-12.0,0.707
2025-04-18T23:31:13.000,17.58,0.64,10.55,17.87,20.43,59613,-34.81,-12.0,0.707
2025-04-18T23:32:13.000,17.53,0.59,10.55,17.87,20.43,59614,-34.85,-12.0,0.707
2025-04-18T23:33:13.000,17.49,0.44,10.42,17.89,20.43,59615,-34.88,-12.0,0.707
2025-04-18T23:34:13.000,17.48,0.28,10.02,17.93,20.43,59616,-34.92,-12.0,0.706
2025-04-18T23:35:13.000,17.51,0.24,9.53,17.98,20.43,59617,-34.95,-12.0,0.706
2025-04-18T23:36:13.000,17.46,0.2,9.6,17.98,20.43,59618,-34.99,-11.0,0.706
2025-04-18T23:37:13.000,17.45,0.49,9.87,17.95,20.43,59619,-35.02,-11.0,0.706
2025-04-18T23:38:14.000,17.44,0.65,10.35,17.89,20.43,59620,-35.05,-11.0,0.706
2025-04-18T23:39:14.000,17.44,0.7,10.51,17.88,20.43,59621,-35.08,-11.0,0.706
2025-04-18T23:40:14.000,17.42,0.77,10.53,17.88,20.43,59622,-35.11,-11.0,0.706
2025-04-18T23:41:14.000,17.4,0.78,10.52,17.88,20.43,59623,-35.14,-11.0,0.706
