ecsv/stars88/stars88_2025-04.ecsv
# %ECSV 1.0
# ---
# datatype:
# - {name: time, datatype: string}
# - {name: Enclosure Temperature, unit: deg_C, datatype: float64}
# - {name: Sky Temperature, unit: deg_C, datatype: float64}
# - {name: Frequency, unit: Hz, datatype: float64}
# - {name: MSAS, unit: mag / arcsec2, datatype: float64}
# - {name: ZP, datatype: float64}
# - {name: Sequence Number, datatype: int64}
# - {name: Sun Alt, unit: deg, datatype: float64}
# - {name: Moon Alt, unit: deg, datatype: float64}
# - {name: Moon Illumination, datatype: float64}
# delimiter: ','
# meta: !!omap
# - ida:
#     Data supplier: {affiliation: null, observer: "Santiago P\xE9rez-Hoyos"}
#     Device type: TESS-W
#     Field of view: 17.0
#     Filters per channel: None
#     Instrument ID: stars88
#     License: ODbL 1.0 http://opendatacommons.org/licenses/odbl/summary/
#     Local timezone: Europe/Madrid
#     Location name: {country: Spain, place: Aula Espazio Gela, region: null, sub_region: null, town: Bilbao}
#     Measurement direction per channel: {azimuth: 0.0, zenital: 0.0}
#     Moving / Fixed look direction: FIXED
#     Moving / Stationary position: STATIONARY
#     Number of channels: 1
#     Number of fields per line: 8
#     Number of header lines: 35
#     Position: {height: 47.0, latitude: 43.2621711, longitude: -2.9486171}
#     TESS MAC address: 18:FE:34:D3:49:10
#     TESS cover offset value: 0.0
#     TESS firmware version: '1.0'
#     TESS zero point: 20.43
#     Time Synchronization: timestamp added by MQTT subscriber
#     URL: http://www.darksky.org/NSBM/sdf1.0.pdf
# - __serialized_columns__:
#     Enclosure Temperature:
#       __class__: astropy.units.quantity.Quantity
#       unit: &id001 !astropy.units.Unit {unit: deg_C}
#       value: !astropy.table.SerializedColumn {name: Enclosure Temperature}
#     Frequency:
#       __class__: astropy.units.quantity.Quantity
#       unit: !astropy.units.Unit {unit: Hz}
#       value: !astropy.table.SerializedColumn {name: Frequency}
#     MSAS:
#       __class__: astropy.units.quantity.Quantity
#       unit: !astropy.units.Unit {unit: mag / arcsec2}
#       value: !astropy.table.SerializedColumn {name: MSAS}
#     Moon Alt:
#       __class__: astropy.units.quantity.Quantity
#       unit: &id002 !astropy.units.Unit {unit: deg}
#       value: !astropy.table.SerializedColumn {name: Moon Alt}
#     Sky Temperature:
#       __class__: astropy.units.quantity.Quantity
#       unit: *id001
#       value: !astropy.table.SerializedColumn {name: Sky Temperature}
#     Sun Alt:
#       __class__: astropy.units.quantity.Quantity
#       unit: *id002
#       value: !astropy.table.SerializedColumn {name: Sun Alt}
#     time:
#       __class__: astropy.time.core.Time
#       format: isot
#       in_subfmt: '*'
#       out_subfmt: '*'
#       precision: 3
#       scale: utc
#       value: !astropy.table.SerializedColumn {name: time}
# schema: astropy-2.0
time,Enclosure Temperature,Sky Temperature,Frequency,MSAS,ZP,Sequence Number,Sun Alt,Moon Alt,Moon Illumination
[from data line 9800]
2025-04-14T05:28:17.000,12.41,-0.45,0.1,0.2,20.43,52786,-1.33,3.0,0.986
2025-04-14T05:29:17.000,12.33,-1.01,0.0,0.0,20.43,52787,-1.16,2.0,0.986
2025-04-14T05:30:17.000,12.31,-1.32,0.0,0.0,20.43,52788,-0.98,2.0,0.986
2025-04-14T05:31:17.000,12.3,-1.73,0.0,0.0,20.43,52789,-0.8,2.0,0.986
2025-04-14T05:41:18.000,12.15,-3.26,0.0,0.0,20.43,52799,0.98,1.0,0.986
2025-04-14T05:42:19.000,12.17,-3.21,0.0,0.0,20.43,52800,1.16,0.0,0.986
2025-04-14T05:43:18.000,12.19,-3.1,0.0,0.0,20.43,52801,1.33,0.0,0.986
2025-04-14T05:44:18.000,12.24,-2.94,0.11,0.1,20.43,52802,1.51,0.0,0.986
2025-04-14T05:45:21.000,12.3,-2.57,0.11,0.09,20.43,52803,1.7,-0.0,0.986
2025-04-14T05:46:21.000,12.34,-2.3,0.0,0.0,20.43,52804,1.88,-0.0,0.986
2025-04-14T05:47:20.000,12.39,-1.98,0.0,0.0,20.43,52805,2.05,-0.0,0.986
2025-04-14T05:52:21.000,12.72,1.32,0.0,0.0,20.43,52810,2.95,-1.0,0.986
2025-04-14T05:53:21.000,12.83,1.95,0.0,0.0,20.43,52811,3.13,-1.0,0.986
2025-04-14T05:55:22.000,13.05,2.6,0.0,0.0,20.43,52813,3.49,-2.0,0.986
2025-04-14T05:56:21.000,13.14,2.62,0.0,0.0,20.43,52814,3.67,-2.0,0.986
2025-04-14T05:57:21.000,13.21,2.77,0.0,0.0,20.43,52815,3.85,-2.0,0.986
2025-04-14T05:59:22.000,13.32,2.71,0.0,0.0,20.43,52817,4.21,-2.0,0.986
2025-04-14T06:00:22.000,13.37,2.94,0.0,0.0,20.43,52818,4.39,-3.0,0.986
2025-04-14T06:01:22.000,13.48,3.14,0.0,0.0,20.43,52819,4.57,-3.0,0.986
2025-04-14T06:03:22.000,13.51,3.28,0.0,0.0,20.43,52821,4.93,-3.0,0.986
2025-04-14T06:04:22.000,13.53,3.49,0.0,0.0,20.43,52822,5.11,-3.0,0.986
2025-04-14T06:05:22.000,13.6,3.84,0.0,0.0,20.43,52823,5.29,-3.0,0.986
2025-04-14T06:06:22.000,13.56,3.93,0.0,0.0,20.43,52824,5.47,-4.0,0.986
2025-04-14T06:08:22.000,13.77,4.68,0.0,0.0,20.43,52826,5.84,-4.0,0.985
2025-04-14T06:10:22.000,13.88,4.84,0.0,0.0,20.43,52828,6.2,-4.0,0.985
2025-04-14T06:11:22.000,13.88,4.48,0.0,0.0,20.43,52829,6.38,-4.0,0.985
2025-04-14T06:12:22.000,13.87,4.54,0.0,0.0,20.43,52830,6.56,-5.0,0.985
2025-04-14T06:13:22.000,13.89,4.64,0.0,0.0,20.43,52831,6.74,-5.0,0.985
2025-04-14T06:15:23.000,13.92,4.7,0.0,0.0,20.43,52833,7.11,-5.0,0.985
2025-04-14T06:16:23.000,13.97,4.64,0.0,0.0,20.43,52834,7.29,-5.0,0.985
2025-04-14T06:17:24.000,13.97,4.48,0.0,0.0,20.43,52835,7.47,-5.0,0.985
2025-04-14T06:51:27.000,16.58,5.54,0.0,0.0,20.43,52869,13.66,-11.0,0.985
2025-04-14T06:52:27.000,16.57,5.4,0.0,0.0,20.43,52870,13.85,-11.0,0.985
2025-04-14T06:53:27.000,16.51,5.11,0.0,0.0,20.43,52871,14.03,-12.0,0.985
2025-04-14T06:55:28.000,16.42,4.93,0.0,0.0,20.43,52873,14.4,-12.0,0.985
2025-04-14T06:56:28.000,16.31,4.54,0.0,0.0,20.43,52874,14.58,-12.0,0.985
2025-04-14T06:57:28.000,16.09,4.58,0.0,0.0,20.43,52875,14.76,-12.0,0.985
2025-04-14T08:59:13.000,22.43,9.6,0.0,0.0,20.43,52996,36.33,-34.0,0.983
2025-04-14T09:00:13.000,22.26,9.25,0.0,0.0,20.43,52997,36.49,-34.0,0.983
2025-04-14T09:01:13.000,22.09,9.26,0.0,0.0,20.43,52998,36.66,-34.0,0.983
2025-04-14T09:11:59.000,21.95,9.92,0.0,0.0,20.43,53008,38.42,-36.0,0.983
2025-04-14T09:13:00.000,22.04,9.79,0.0,0.0,20.43,53009,38.59,-36.0,0.982
2025-04-14T09:13:59.000,21.78,8.57,0.0,0.0,20.43,53010,38.75,-36.0,0.982
2025-04-14T09:33:05.000,22.74,10.34,0.0,0.0,20.43,53029,41.77,-40.0,0.982
2025-04-14T09:34:13.000,22.56,10.67,0.0,0.0,20.43,53030,41.94,-40.0,0.982
2025-04-14T09:35:12.000,22.7,11.53,0.0,0.0,20.43,53031,42.09,-40.0,0.982
2025-04-14T09:38:14.000,22.79,11.03,0.0,0.0,20.43,53034,42.55,-41.0,0.982
2025-04-14T09:39:13.000,22.71,11.2,0.0,0.0,20.43,53035,42.7,-41.0,0.982
2025-04-14T09:40:14.000,22.69,11.25,0.0,0.0,20.43,53036,42.86,-41.0,0.982
2025-04-14T09:54:24.000,21.77,11.14,0.0,0.0,20.43,53050,44.94,-43.0,0.982
2025-04-14T09:55:24.000,21.7,11.0,0.0,0.0,20.43,53051,45.09,-44.0,0.982
2025-04-14T09:56:24.000,21.68,11.26,0.0,0.0,20.43,53052,45.23,-44.0,0.982
2025-04-14T09:58:26.000,21.68,11.18,0.0,0.0,20.43,53054,45.52,-44.0,0.982
2025-04-14T09:59:25.000,21.76,11.57,0.0,0.0,20.43,53055,45.66,-44.0,0.982
2025-04-14T10:00:25.000,21.78,11.22,0.0,0.0,20.43,53056,45.8,-44.0,0.982
2025-04-14T10:31:40.000,22.94,11.79,0.0,0.0,20.43,53087,49.85,-50.0,0.981
2025-04-14T10:32:40.000,23.16,11.6,0.0,0.0,20.43,53088,49.97,-50.0,0.981
2025-04-14T10:33:45.000,23.43,11.76,0.0,0.0,20.43,53089,50.1,-50.0,0.981
2025-04-14T10:38:27.000,24.55,12.09,0.0,0.0,20.43,53093,50.63,-51.0,0.981
2025-04-14T10:39:26.000,25.14,13.02,0.0,0.0,20.43,53094,50.74,-51.0,0.981
2025-04-14T10:40:26.000,25.55,13.04,0.0,0.0,20.43,53095,50.86,-51.0,0.981
2025-04-14T11:16:32.000,26.74,13.0,0.0,0.0,20.43,53131,54.22,-56.0,0.98
2025-04-14T11:17:33.000,26.75,12.53,0.0,0.0,20.43,53132,54.3,-56.0,0.98
2025-04-14T11:18:32.000,26.6,12.56,0.0,0.0,20.43,53133,54.37,-57.0,0.98
2025-04-14T11:20:32.000,26.48,13.36,0.0,0.0,20.43,53135,54.51,-57.0,0.98
2025-04-14T11:21:32.000,26.81,13.33,0.0,0.0,20.43,53136,54.58,-57.0,0.98
2025-04-14T11:22:33.000,26.68,11.15,0.0,0.0,20.43,53137,54.64,-57.0,0.98
2025-04-14T11:23:33.000,26.22,11.4,0.0,0.0,20.43,53138,54.71,-57.0,0.98
2025-04-14T11:24:33.000,26.18,11.87,0.0,0.0,20.43,53139,54.77,-57.0,0.98
2025-04-14T11:25:33.000,26.22,12.32,0.0,0.0,20.43,53140,54.84,-58.0,0.98
2025-04-14T11:27:33.000,27.11,14.09,0.0,0.0,20.43,53142,54.96,-58.0,0.98
2025-04-14T11:28:33.000,27.61,14.07,0.0,0.0,20.43,53143,55.02,-58.0,0.98
2025-04-14T11:29:35.000,28.12,14.57,0.0,0.0,20.43,53144,55.08,-58.0,0.98
2025-04-14T12:04:40.000,35.01,12.61,0.0,0.0,20.43,53179,56.3,-62.0,0.979
2025-04-14T12:05:40.000,34.57,13.75,0.0,0.0,20.43,53180,56.31,-62.0,0.979
2025-04-14T12:06:40.000,33.96,13.06,0.0,0.0,20.43,53181,56.32,-62.0,0.979
2025-04-14T12:08:43.000,32.18,8.79,0.0,0.0,20.43,53183,56.33,-63.0,0.979
2025-04-14T12:09:43.000,31.4,13.04,0.0,0.0,20.43,53184,56.33,-63.0,0.979
2025-04-14T12:10:43.000,31.39,13.53,0.0,0.0,20.43,53185,56.34,-63.0,0.979
2025-04-14T12:12:43.000,31.25,12.98,0.0,0.0,20.43,53187,56.34,-63.0,0.979
2025-04-14T12:13:43.000,30.89,11.82,0.0,0.0,20.43,53188,56.34,-63.0,0.979
2025-04-14T12:14:44.000,30.37,12.22,0.0,0.0,20.43,53189,56.33,-63.0,0.979
2025-04-14T12:33:46.000,36.06,13.81,0.0,0.0,20.43,53208,56.01,-65.0,0.979
2025-04-14T12:34:46.000,35.46,14.5,0.0,0.0,20.43,53209,55.98,-65.0,0.979
2025-04-14T12:35:47.000,35.32,14.73,0.0,0.0,20.43,53210,55.95,-65.0,0.979
2025-04-14T12:37:46.000,35.0,17.69,0.0,0.0,20.43,53212,55.88,-65.0,0.979
2025-04-14T12:38:47.000,35.55,16.43,0.0,0.0,20.43,53213,55.84,-65.0,0.979
2025-04-14T12:39:46.000,34.93,11.87,0.0,0.0,20.43,53214,55.8,-65.0,0.979
2025-04-14T14:09:26.000,22.61,9.72,0.0,0.0,20.43,53303,47.76,-63.0,0.977
2025-04-14T14:10:26.000,22.5,9.88,0.0,0.0,20.43,53304,47.63,-63.0,0.977
2025-04-14T14:11:27.000,22.34,9.6,0.0,0.0,20.43,53305,47.5,-63.0,0.977
2025-04-14T14:13:27.000,21.39,7.42,0.0,0.0,20.43,53307,47.23,-63.0,0.977
2025-04-14T14:14:27.000,21.14,9.35,0.0,0.0,20.43,53308,47.1,-63.0,0.977
2025-04-14T14:15:27.000,21.29,9.78,0.0,0.0,20.43,53309,46.96,-63.0,0.977
2025-04-14T15:36:41.000,25.57,8.54,0.0,0.0,20.43,53390,34.4,-52.0,0.975
2025-04-14T15:37:43.000,25.81,8.37,0.0,0.0,20.43,53391,34.22,-52.0,0.975
2025-04-14T15:38:43.000,26.03,9.03,0.0,0.0,20.43,53392,34.05,-52.0,0.975
2025-04-14T15:41:43.000,25.67,7.87,0.0,0.0,20.43,53395,33.54,-52.0,0.975
2025-04-14T15:42:43.000,25.74,8.12,0.0,0.0,20.43,53396,33.37,-52.0,0.975
2025-04-14T15:43:43.000,25.6,7.96,0.0,0.0,20.43,53397,33.2,-51.0,0.975
2025-04-14T16:13:50.000,31.37,4.18,0.0,0.0,20.43,53427,27.96,-47.0,0.975
2025-04-14T16:14:50.000,30.97,5.41,0.0,0.0,20.43,53428,27.78,-46.0,0.975
2025-04-14T16:15:50.000,31.3,7.0,0.0,0.0,20.43,53429,27.6,-46.0,0.975
2025-04-14T16:17:50.000,31.43,6.57,0.0,0.0,20.43,53431,27.25,-46.0,0.975
2025-04-14T16:18:50.000,31.74,5.69,0.0,0.0,20.43,53432,27.07,-46.0,0.975
2025-04-14T16:19:50.000,31.91,5.85,0.0,0.0,20.43,53433,26.89,-46.0,0.974
2025-04-14T17:02:01.000,26.1,6.22,0.0,0.0,20.43,53475,19.31,-38.0,0.974
2025-04-14T17:03:01.000,26.57,7.11,0.0,0.0,20.43,53476,19.13,-38.0,0.974
2025-04-14T17:04:01.000,27.27,7.74,0.0,0.0,20.43,53477,18.95,-38.0,0.974
2025-04-14T17:06:01.000,28.12,5.85,0.0,0.0,20.43,53479,18.59,-38.0,0.974
2025-04-14T17:07:01.000,27.61,3.62,0.0,0.0,20.43,53480,18.41,-38.0,0.974
2025-04-14T17:08:01.000,27.44,5.48,0.0,0.0,20.43,53481,18.23,-37.0,0.973
2025-04-14T17:22:02.000,27.45,3.49,0.0,0.0,20.43,53495,15.68,-35.0,0.973
2025-04-14T17:23:02.000,27.32,2.21,0.0,0.0,20.43,53496,15.5,-35.0,0.973
2025-04-14T17:24:03.000,27.15,2.84,0.0,0.0,20.43,53497,15.31,-35.0,0.973
2025-04-14T17:27:03.000,24.87,0.69,0.0,0.0,20.43,53500,14.77,-34.0,0.973
2025-04-14T17:28:04.000,24.81,1.55,0.0,0.0,20.43,53501,14.58,-34.0,0.973
2025-04-14T17:29:04.000,24.75,1.09,0.0,0.0,20.43,53502,14.4,-34.0,0.973
2025-04-14T17:57:10.000,21.39,4.34,0.0,0.0,20.43,53530,9.29,-29.0,0.972
2025-04-14T17:58:10.000,21.32,4.41,0.0,0.0,20.43,53531,9.11,-29.0,0.972
2025-04-14T17:59:10.000,21.3,4.77,0.0,0.0,20.43,53532,8.93,-29.0,0.972
2025-04-14T18:01:10.000,21.16,5.06,0.0,0.0,20.43,53534,8.57,-28.0,0.972
2025-04-14T18:02:10.000,21.15,5.37,0.0,0.0,20.43,53535,8.39,-28.0,0.972
2025-04-14T18:03:11.000,21.11,4.99,0.0,0.0,20.43,53536,8.2,-28.0,0.972
2025-04-14T18:09:11.000,20.76,1.99,0.0,0.0,20.43,53542,7.12,-27.0,0.972
2025-04-14T18:10:11.000,20.67,1.45,0.0,0.0,20.43,53543,6.94,-27.0,0.972
2025-04-14T18:11:11.000,20.64,1.4,0.0,0.0,20.43,53544,6.76,-27.0,0.972
2025-04-14T18:12:12.000,20.6,1.24,0.26,0.09,20.43,53545,6.57,-26.0,0.972
2025-04-14T18:13:11.000,20.52,1.0,0.0,0.0,20.43,53546,6.4,-26.0,0.972
2025-04-14T18:14:12.000,20.49,1.07,0.0,0.0,20.43,53547,6.21,-26.0,0.972
2025-04-14T18:15:11.000,20.48,1.11,0.0,0.0,20.43,53548,6.03,-26.0,0.972
2025-04-14T18:21:12.000,20.31,1.95,0.0,0.0,20.43,53554,4.95,-25.0,0.972
2025-04-14T18:22:13.000,20.3,2.06,0.0,0.0,20.43,53555,4.77,-25.0,0.972
2025-04-14T18:23:12.000,20.26,1.95,0.0,0.0,20.43,53556,4.59,-24.0,0.972
2025-04-14T18:24:12.000,20.25,2.24,0.2,0.09,20.43,53557,4.41,-24.0,0.972
2025-04-14T18:25:12.000,20.23,2.06,0.0,0.0,20.43,53558,4.23,-24.0,0.972
2025-04-14T18:26:12.000,20.18,1.91,0.0,0.0,20.43,53559,4.05,-24.0,0.972
2025-04-14T18:27:12.000,20.18,2.13,0.0,0.0,20.43,53560,3.87,-24.0,0.972
2025-04-14T18:45:14.000,20.58,7.4,0.0,0.0,20.43,53578,0.66,-21.0,0.971
2025-04-14T18:46:14.000,20.57,7.43,0.0,0.0,20.43,53579,0.48,-20.0,0.971
2025-04-14T18:47:14.000,20.57,7.58,0.0,0.0,20.43,53580,0.3,-20.0,0.971
2025-04-14T18:48:14.000,20.53,7.52,0.37,0.18,20.43,53581,0.12,-20.0,0.971
2025-04-14T18:49:14.000,20.56,7.58,0.0,0.0,20.43,53582,-0.05,-20.0,0.971
2025-04-14T18:50:14.000,20.5,7.32,0.0,0.0,20.43,53583,-0.23,-20.0,0.971
2025-04-14T18:51:14.000,20.49,7.43,0.0,0.0,20.43,53584,-0.41,-20.0,0.971
2025-04-14T18:53:15.000,20.45,7.34,0.0,0.0,20.43,53586,-0.76,-19.0,0.971
2025-04-14T18:54:15.000,20.44,7.31,0.0,0.0,20.43,53587,-0.94,-19.0,0.971
2025-04-14T18:55:15.000,20.47,7.64,0.0,0.0,20.43,53588,-1.11,-19.0,0.971
2025-04-14T18:56:15.000,20.43,7.42,38686.16,5.15,20.43,53589,-1.29,-19.0,0.971
2025-04-14T18:57:15.000,20.41,7.51,58420.65,8.51,20.43,53590,-1.47,-19.0,0.971
2025-04-14T18:58:16.000,20.41,7.48,52535.0,8.63,20.43,53591,-1.65,-18.0,0.971
2025-04-14T18:59:15.000,20.42,7.57,47752.41,8.73,20.43,53592,-1.82,-18.0,0.971
2025-04-14T19:00:15.000,20.45,7.57,43219.91,8.84,20.43,53593,-1.99,-18.0,0.971
2025-04-14T19:01:15.000,20.48,7.56,38146.4,8.98,20.43,53594,-2.17,-18.0,0.971
2025-04-14T19:02:15.000,20.55,7.63,32550.96,9.22,20.43,53595,-2.34,-18.0,0.971
2025-04-14T19:03:15.000,20.56,7.5,27664.32,9.48,20.43,53596,-2.52,-18.0,0.971
2025-04-14T19:04:15.000,20.57,7.65,24529.2,9.46,20.43,53597,-2.69,-17.0,0.971
2025-04-14T19:05:16.000,20.57,7.68,21288.79,9.61,20.43,53598,-2.87,-17.0,0.971
2025-04-14T19:06:16.000,20.58,7.93,17276.22,9.84,20.43,53599,-3.05,-17.0,0.971
2025-04-14T19:07:16.000,20.58,7.95,13265.17,10.13,20.43,53600,-3.22,-17.0,0.971
2025-04-14T19:08:16.000,20.56,7.92,10837.6,10.34,20.43,53601,-3.4,-17.0,0.971
2025-04-14T19:09:16.000,20.55,7.89,9110.69,10.53,20.43,53602,-3.57,-17.0,0.971
2025-04-14T19:10:16.000,20.48,7.59,7432.54,10.75,20.43,53603,-3.74,-16.0,0.971
2025-04-14T19:11:16.000,20.48,7.59,5939.84,11.0,20.43,53604,-3.92,-16.0,0.971
2025-04-14T19:13:16.000,20.53,7.53,3904.36,11.45,20.43,53606,-4.26,-16.0,0.971
2025-04-14T19:14:16.000,20.55,7.77,3245.53,11.65,20.43,53607,-4.44,-16.0,0.971
2025-04-14T19:15:16.000,20.54,7.71,2814.65,11.81,20.43,53608,-4.61,-16.0,0.971
2025-04-14T19:16:16.000,20.5,7.65,2397.31,11.98,20.43,53609,-4.78,-15.0,0.971
2025-04-14T19:17:17.000,20.53,8.11,1806.85,12.29,20.43,53610,-4.96,-15.0,0.971
2025-04-14T19:18:16.000,20.58,8.39,1510.04,12.48,20.43,53611,-5.13,-15.0,0.971
2025-04-14T19:19:17.000,20.58,8.42,1258.82,12.68,20.43,53612,-5.3,-15.0,0.971
2025-04-14T19:20:16.000,20.6,8.21,1071.53,12.86,20.43,53613,-5.47,-15.0,0.971
2025-04-14T19:21:17.000,20.57,7.7,883.6,13.07,20.43,53614,-5.65,-15.0,0.971
2025-04-14T19:22:17.000,20.58,7.47,718.38,13.29,20.43,53615,-5.82,-14.0,0.971
2025-04-14T19:23:17.000,20.56,7.59,584.65,13.51,20.43,53616,-5.99,-14.0,0.971
2025-04-14T19:24:17.000,20.5,7.09,483.1,13.72,20.43,53617,-6.16,-14.0,0.971
2025-04-14T19:25:17.000,20.45,6.89,401.64,13.92,20.43,53618,-6.34,-14.0,0.971
2025-04-14T19:26:17.000,20.34,6.7,342.34,14.09,20.43,53619,-6.51,-14.0,0.971
2025-04-14T19:27:17.000,20.31,7.01,297.01,14.25,20.43,53620,-6.68,-14.0,0.97
2025-04-14T19:28:18.000,20.32,7.27,259.53,14.4,20.43,53621,-6.85,-13.0,0.97
2025-04-14T19:29:17.000,20.28,7.41,230.09,14.53,20.43,53622,-7.02,-13.0,0.97
2025-04-14T19:30:17.000,20.27,7.66,206.63,14.64,20.43,53623,-7.19,-13.0,0.97
2025-04-14T19:31:17.000,20.27,7.45,186.61,14.75,20.43,53624,-7.36,-13.0,0.97
2025-04-14T19:32:19.000,20.23,7.06,170.72,14.85,20.43,53625,-7.53,-13.0,0.97
2025-04-14T19:33:18.000,20.11,6.54,159.36,14.92,20.43,53626,-7.7,-13.0,0.97
2025-04-14T19:34:19.000,20.04,6.69,153.03,14.97,20.43,53627,-7.87,-12.0,0.97
2025-04-14T19:35:18.000,20.0,6.82,148.88,15.0,20.43,53628,-8.04,-12.0,0.97
2025-04-14T19:36:18.000,19.97,6.52,144.77,15.03,20.43,53629,-8.21,-12.0,0.97
2025-04-14T19:37:18.000,19.91,6.44,142.31,15.05,20.43,53630,-8.38,-12.0,0.97
2025-04-14T19:38:18.000,19.88,6.32,140.58,15.06,20.43,53631,-8.55,-12.0,0.97
2025-04-14T19:39:19.000,19.81,6.05,138.38,15.08,20.43,53632,-8.72,-12.0,0.97
2025-04-14T19:40:19.000,19.79,6.2,136.14,15.1,20.43,53633,-8.89,-11.0,0.97
2025-04-14T19:41:19.000,19.73,5.9,134.18,15.11,20.43,53634,-9.05,-11.0,0.97
2025-04-14T19:42:19.000,19.69,5.95,132.47,15.12,20.43,53635,-9.22,-11.0,0.97
2025-04-14T19:43:19.000,19.66,5.89,132.0,15.13,20.43,53636,-9.39,-11.0,0.97
2025-04-14T19:44:19.000,19.63,5.96,130.67,15.14,20.43,53637,-9.56,-11.0,0.97
2025-04-14T19:45:19.000,19.64,6.17,129.01,15.15,20.43,53638,-9.72,-11.0,0.97
2025-04-14T19:46:19.000,19.64,6.15,128.04,15.16,20.43,53639,-9.89,-10.0,0.97
2025-04-14T19:47:19.000,19.62,5.97,128.02,15.16,20.43,53640,-10.06,-10.0,0.97
2025-04-14T19:48:20.000,19.63,6.17,127.6,15.17,20.43,53641,-10.23,-10.0,0.97
2025-04-14T19:49:20.000,19.63,6.08,126.97,15.17,20.43,53642,-10.39,-10.0,0.97
2025-04-14T19:50:19.000,19.61,6.02,126.63,15.17,20.43,53643,-10.56,-10.0,0.97
2025-04-14T19:51:19.000,19.58,6.09,126.0,15.18,20.43,53644,-10.72,-10.0,0.97
2025-04-14T19:52:19.000,19.56,5.88,123.53,15.2,20.43,53645,-10.89,-9.0,0.97
2025-04-14T19:53:20.000,19.52,5.96,120.56,15.23,20.43,53646,-11.06,-9.0,0.97
2025-04-14T19:54:20.000,19.51,6.22,120.0,15.23,20.43,53647,-11.22,-9.0,0.97
2025-04-14T19:55:20.000,19.51,6.22,120.11,15.23,20.43,53648,-11.39,-9.0,0.97
2025-04-14T19:56:20.000,19.42,5.93,120.79,15.22,20.43,53649,-11.55,-9.0,0.97
2025-04-14T19:57:20.000,19.37,6.01,120.0,15.23,20.43,53650,-11.71,-9.0,0.97
2025-04-14T19:58:20.000,19.4,6.2,118.92,15.24,20.43,53651,-11.88,-8.0,0.97
2025-04-14T19:59:20.000,19.33,5.72,115.6,15.27,20.43,53652,-12.04,-8.0,0.97
2025-04-14T20:00:20.000,19.27,5.81,111.14,15.32,20.43,53653,-12.2,-8.0,0.97
2025-04-14T20:01:20.000,19.25,5.76,108.0,15.35,20.43,53654,-12.37,-8.0,0.97
2025-04-14T20:02:20.000,19.29,6.06,108.0,15.35,20.43,53655,-12.53,-8.0,0.97
2025-04-14T20:03:20.000,19.32,6.27,106.49,15.36,20.43,53656,-12.69,-8.0,0.97
2025-04-14T20:04:20.000,19.37,6.29,99.25,15.44,20.43,53657,-12.86,-7.0,0.97
