ecsv/stars88/stars88_2025-04.ecsv
# %ECSV 1.0
# ---
# datatype:
# - {name: time, datatype: string}
# - {name: Enclosure Temperature, unit: deg_C, datatype: float64}
# - {name: Sky Temperature, unit: deg_C, datatype: float64}
# - {name: Frequency, unit: Hz, datatype: float64}
# - {name: MSAS, unit: mag / arcsec2, datatype: float64}
# - {name: ZP, datatype: float64}
# - {name: Sequence Number, datatype: int64}
# - {name: Sun Alt, unit: deg, datatype: float64}
# - {name: Moon Alt, unit: deg, datatype: float64}
# - {name: Moon Illumination, datatype: float64}
# delimiter: ','
# meta: !!omap
# - ida:
#     Data supplier: {affiliation: null, observer: "Santiago P\xE9rez-Hoyos"}
#     Device type: TESS-W
#     Field of view: 17.0
#     Filters per channel: None
#     Instrument ID: stars88
#     License: ODbL 1.0 http://opendatacommons.org/licenses/odbl/summary/
#     Local timezone: Europe/Madrid
#     Location name: {country: Spain, place: Aula Espazio Gela, region: null, sub_region: null, town: Bilbao}
#     Measurement direction per channel: {azimuth: 0.0, zenital: 0.0}
#     Moving / Fixed look direction: FIXED
#     Moving / Stationary position: STATIONARY
#     Number of channels: 1
#     Number of fields per line: 8
#     Number of header lines: 35
#     Position: {height: 47.0, latitude: 43.2621711, longitude: -2.9486171}
#     TESS MAC address: 18:FE:34:D3:49:10
#     TESS cover offset value: 0.0
#     TESS firmware version: '1.0'
#     TESS zero point: 20.43
#     Time Synchronization: timestamp added by MQTT subscriber
#     URL: http://www.darksky.org/NSBM/sdf1.0.pdf
# - __serialized_columns__:
#     Enclosure Temperature:
#       __class__: astropy.units.quantity.Quantity
#       unit: &id001 !astropy.units.Unit {unit: deg_C}
#       value: !astropy.table.SerializedColumn {name: Enclosure Temperature}
#     Frequency:
#       __class__: astropy.units.quantity.Quantity
#       unit: !astropy.units.Unit {unit: Hz}
#       value: !astropy.table.SerializedColumn {name: Frequency}
#     MSAS:
#       __class__: astropy.units.quantity.Quantity
#       unit: !astropy.units.Unit {unit: mag / arcsec2}
#       value: !astropy.table.SerializedColumn {name: MSAS}
#     Moon Alt:
#       __class__: astropy.units.quantity.Quantity
#       unit: &id002 !astropy.units.Unit {unit: deg}
#       value: !astropy.table.SerializedColumn {name: Moon Alt}
#     Sky Temperature:
#       __class__: astropy.units.quantity.Quantity
#       unit: *id001
#       value: !astropy.table.SerializedColumn {name: Sky Temperature}
#     Sun Alt:
#       __class__: astropy.units.quantity.Quantity
#       unit: *id002
#       value: !astropy.table.SerializedColumn {name: Sun Alt}
#     time:
#       __class__: astropy.time.core.Time
#       format: isot
#       in_subfmt: '*'
#       out_subfmt: '*'
#       precision: 3
#       scale: utc
#       value: !astropy.table.SerializedColumn {name: time}
# schema: astropy-2.0
time,Enclosure Temperature,Sky Temperature,Frequency,MSAS,ZP,Sequence Number,Sun Alt,Moon Alt,Moon Illumination
[from data line 2927]
2025-04-04T21:47:29.000,18.87,0.79,11.17,17.81,20.43,39394,-30.52,45.0,0.481
2025-04-04T21:48:28.000,18.88,0.89,11.33,17.8,20.43,39395,-30.64,44.0,0.481
2025-04-04T21:49:28.000,18.85,1.01,11.61,17.77,20.43,39396,-30.77,44.0,0.481
2025-04-04T21:50:28.000,18.78,1.1,11.27,17.8,20.43,39397,-30.89,44.0,0.481
2025-04-04T21:51:28.000,18.72,1.06,11.22,17.81,20.43,39398,-31.02,44.0,0.482
2025-04-04T21:52:28.000,18.66,1.2,11.13,17.81,20.43,39399,-31.14,44.0,0.482
2025-04-04T21:53:28.000,18.64,1.46,11.24,17.8,20.43,39400,-31.26,44.0,0.482
2025-04-04T21:54:29.000,18.63,1.61,11.67,17.76,20.43,39401,-31.39,43.0,0.482
2025-04-04T21:56:28.000,18.79,2.35,12.75,17.67,20.43,39403,-31.63,43.0,0.482
2025-04-04T21:57:28.000,18.93,2.55,13.86,17.58,20.43,39404,-31.75,43.0,0.482
2025-04-04T21:58:29.000,19.05,2.83,16.28,17.4,20.43,39405,-31.87,43.0,0.482
2025-04-04T21:59:29.000,19.17,2.99,19.12,17.23,20.43,39406,-31.99,42.0,0.482
2025-04-04T22:00:29.000,19.24,3.1,20.66,17.14,20.43,39407,-32.1,42.0,0.482
2025-04-04T22:01:29.000,19.24,3.23,19.82,17.19,20.43,39408,-32.22,42.0,0.482
2025-04-04T22:02:29.000,19.23,3.27,20.12,17.17,20.43,39409,-32.34,42.0,0.482
2025-04-04T22:03:29.000,19.22,3.24,20.33,17.16,20.43,39410,-32.46,42.0,0.482
2025-04-04T22:04:29.000,19.2,3.22,18.13,17.29,20.43,39411,-32.57,42.0,0.482
2025-04-04T22:05:29.000,19.15,3.2,16.19,17.41,20.43,39412,-32.69,41.0,0.483
2025-04-04T22:06:29.000,19.12,3.04,16.18,17.41,20.43,39413,-32.8,41.0,0.483
2025-04-04T22:07:29.000,19.1,3.13,15.51,17.45,20.43,39414,-32.91,41.0,0.483
2025-04-04T22:08:29.000,19.07,3.11,14.04,17.56,20.43,39415,-33.03,41.0,0.483
2025-04-04T22:09:29.000,19.02,3.1,14.07,17.56,20.43,39416,-33.14,41.0,0.483
2025-04-04T22:10:29.000,19.06,3.46,16.51,17.39,20.43,39417,-33.25,41.0,0.483
2025-04-04T22:11:29.000,19.13,3.5,19.8,17.19,20.43,39418,-33.36,40.0,0.483
2025-04-04T22:12:29.000,19.2,3.47,21.52,17.1,20.43,39419,-33.47,40.0,0.483
2025-04-04T22:13:29.000,19.21,3.53,21.57,17.1,20.43,39420,-33.58,40.0,0.483
2025-04-04T22:14:30.000,19.22,3.72,21.54,17.1,20.43,39421,-33.69,40.0,0.483
2025-04-04T22:15:30.000,19.18,3.78,21.62,17.09,20.43,39422,-33.8,40.0,0.483
2025-04-04T22:16:30.000,19.09,3.62,20.91,17.13,20.43,39423,-33.91,39.0,0.483
2025-04-04T22:17:30.000,19.04,3.47,20.6,17.15,20.43,39424,-34.02,39.0,0.483
2025-04-04T22:18:30.000,19.02,3.54,22.88,17.03,20.43,39425,-34.12,39.0,0.484
2025-04-04T22:19:30.000,19.02,3.51,25.29,16.92,20.43,39426,-34.23,39.0,0.484
2025-04-04T22:20:30.000,19.02,3.45,23.72,16.99,20.43,39427,-34.33,39.0,0.484
2025-04-04T22:21:30.000,18.99,3.43,20.03,17.18,20.43,39428,-34.44,39.0,0.484
2025-04-04T22:22:30.000,18.96,3.31,17.16,17.35,20.43,39429,-34.54,38.0,0.484
2025-04-04T22:23:30.000,18.93,3.21,16.41,17.39,20.43,39430,-34.64,38.0,0.484
2025-04-04T22:24:30.000,18.91,3.19,15.88,17.43,20.43,39431,-34.74,38.0,0.484
2025-04-04T22:25:30.000,18.86,2.98,15.48,17.46,20.43,39432,-34.84,38.0,0.484
2025-04-04T22:26:30.000,18.8,2.92,15.96,17.42,20.43,39433,-34.95,38.0,0.484
2025-04-04T22:27:30.000,18.78,2.85,16.82,17.37,20.43,39434,-35.05,38.0,0.484
2025-04-04T22:28:30.000,18.76,2.79,17.84,17.3,20.43,39435,-35.14,37.0,0.484
2025-04-04T22:29:30.000,18.74,2.65,17.7,17.31,20.43,39436,-35.24,37.0,0.484
2025-04-04T22:30:30.000,18.74,2.51,16.63,17.38,20.43,39437,-35.34,37.0,0.484
2025-04-04T22:31:31.000,18.77,2.46,15.72,17.44,20.43,39438,-35.44,37.0,0.485
2025-04-04T22:32:31.000,18.74,2.27,14.54,17.52,20.43,39439,-35.53,37.0,0.485
2025-04-04T22:33:31.000,18.73,2.16,14.15,17.55,20.43,39440,-35.63,36.0,0.485
2025-04-04T22:34:31.000,18.73,2.04,14.11,17.56,20.43,39441,-35.72,36.0,0.485
2025-04-04T22:35:31.000,18.71,1.76,13.44,17.61,20.43,39442,-35.82,36.0,0.485
2025-04-04T22:36:31.000,18.7,1.65,13.58,17.6,20.43,39443,-35.91,36.0,0.485
2025-04-04T22:37:31.000,18.68,1.46,14.47,17.53,20.43,39444,-36.0,36.0,0.485
2025-04-04T22:38:31.000,18.69,1.48,14.79,17.51,20.43,39445,-36.09,36.0,0.485
2025-04-04T22:39:31.000,18.67,1.38,13.93,17.57,20.43,39446,-36.18,35.0,0.485
2025-04-04T22:40:31.000,18.65,1.26,12.67,17.67,20.43,39447,-36.27,35.0,0.485
2025-04-04T22:41:31.000,18.61,1.27,11.44,17.78,20.43,39448,-36.36,35.0,0.485
2025-04-04T22:42:31.000,18.57,1.25,10.88,17.84,20.43,39449,-36.45,35.0,0.485
2025-04-04T22:43:31.000,18.53,1.21,10.56,17.87,20.43,39450,-36.54,35.0,0.485
2025-04-04T22:44:31.000,18.5,1.24,10.45,17.88,20.43,39451,-36.63,35.0,0.486
2025-04-04T22:45:31.000,18.49,1.14,10.3,17.9,20.43,39452,-36.71,34.0,0.486
2025-04-04T22:46:31.000,18.52,1.14,10.13,17.92,20.43,39453,-36.8,34.0,0.486
2025-04-04T22:47:32.000,18.52,1.14,10.58,17.87,20.43,39454,-36.88,34.0,0.486
2025-04-04T22:48:32.000,18.54,1.28,10.75,17.85,20.43,39455,-36.96,34.0,0.486
2025-04-04T22:49:32.000,18.55,1.45,11.08,17.82,20.43,39456,-37.05,34.0,0.486
2025-04-04T22:50:32.000,18.57,1.56,11.96,17.74,20.43,39457,-37.13,33.0,0.486
2025-04-04T22:51:32.000,18.58,1.69,13.24,17.63,20.43,39458,-37.21,33.0,0.486
2025-04-04T22:52:32.000,18.6,2.0,14.3,17.54,20.43,39459,-37.29,33.0,0.486
2025-04-04T22:53:32.000,18.64,2.18,16.3,17.4,20.43,39460,-37.37,33.0,0.486
2025-04-04T22:54:32.000,18.72,2.29,19.62,17.2,20.43,39461,-37.45,33.0,0.486
2025-04-04T22:55:32.000,18.74,2.42,23.25,17.02,20.43,39462,-37.52,33.0,0.486
2025-04-04T22:56:32.000,18.74,2.51,25.37,16.92,20.43,39463,-37.6,32.0,0.486
2025-04-04T22:57:32.000,18.74,2.66,25.07,16.93,20.43,39464,-37.68,32.0,0.486
2025-04-04T22:58:32.000,18.74,2.67,23.43,17.01,20.43,39465,-37.75,32.0,0.487
2025-04-04T22:59:32.000,18.74,2.58,21.16,17.12,20.43,39466,-37.82,32.0,0.487
2025-04-04T23:00:32.000,18.78,2.51,18.29,17.28,20.43,39467,-37.9,32.0,0.487
2025-04-04T23:01:32.000,18.83,2.24,15.88,17.43,20.43,39468,-37.97,32.0,0.487
2025-04-04T23:02:32.000,18.84,1.92,14.05,17.56,20.43,39469,-38.04,31.0,0.487
2025-04-04T23:03:32.000,18.86,1.72,12.46,17.69,20.43,39470,-38.11,31.0,0.487
2025-04-04T23:04:33.000,18.81,1.36,11.24,17.8,20.43,39471,-38.18,31.0,0.487
2025-04-04T23:05:33.000,18.78,1.17,10.42,17.89,20.43,39472,-38.25,31.0,0.487
2025-04-04T23:06:33.000,18.77,0.99,10.13,17.92,20.43,39473,-38.32,31.0,0.487
2025-04-04T23:07:33.000,18.74,0.89,10.09,17.92,20.43,39474,-38.38,30.0,0.487
2025-04-04T23:08:33.000,18.75,0.92,10.14,17.92,20.43,39475,-38.45,30.0,0.487
2025-04-04T23:09:33.000,18.74,0.89,10.43,17.89,20.43,39476,-38.52,30.0,0.487
2025-04-04T23:10:33.000,18.67,0.86,10.65,17.86,20.43,39477,-38.58,30.0,0.487
2025-04-04T23:11:33.000,18.63,0.88,10.81,17.85,20.43,39478,-38.64,30.0,0.488
2025-04-04T23:12:33.000,18.61,0.91,10.82,17.85,20.43,39479,-38.7,30.0,0.488
2025-04-04T23:13:33.000,18.63,1.09,10.82,17.85,20.43,39480,-38.77,29.0,0.488
2025-04-04T23:14:33.000,18.65,1.2,10.76,17.85,20.43,39481,-38.83,29.0,0.488
2025-04-04T23:15:33.000,18.61,1.16,10.9,17.84,20.43,39482,-38.89,29.0,0.488
2025-04-04T23:16:33.000,18.6,1.16,11.26,17.8,20.43,39483,-38.94,29.0,0.488
2025-04-04T23:17:33.000,18.63,1.32,11.9,17.74,20.43,39484,-39.0,29.0,0.488
2025-04-04T23:18:33.000,18.72,1.49,12.48,17.69,20.43,39485,-39.06,29.0,0.488
2025-04-04T23:19:33.000,18.74,1.58,12.58,17.68,20.43,39486,-39.11,28.0,0.488
2025-04-04T23:20:34.000,18.72,1.67,12.55,17.68,20.43,39487,-39.17,28.0,0.488
2025-04-04T23:21:34.000,18.72,1.76,13.0,17.65,20.43,39488,-39.22,28.0,0.488
2025-04-04T23:22:34.000,18.76,2.06,13.81,17.58,20.43,39489,-39.28,28.0,0.488
2025-04-04T23:23:34.000,18.77,2.25,14.53,17.53,20.43,39490,-39.33,28.0,0.488
2025-04-04T23:24:34.000,18.76,2.4,15.04,17.49,20.43,39491,-39.38,28.0,0.489
2025-04-04T23:25:34.000,18.74,2.46,15.65,17.45,20.43,39492,-39.43,27.0,0.489
2025-04-04T23:26:34.000,18.75,2.79,17.16,17.35,20.43,39493,-39.48,27.0,0.489
2025-04-04T23:27:34.000,18.76,2.91,18.12,17.29,20.43,39494,-39.53,27.0,0.489
2025-04-04T23:28:34.000,18.78,3.08,18.82,17.24,20.43,39495,-39.57,27.0,0.489
2025-04-04T23:29:34.000,18.81,3.09,18.21,17.28,20.43,39496,-39.62,27.0,0.489
2025-04-04T23:30:34.000,18.87,3.16,16.48,17.39,20.43,39497,-39.66,26.0,0.489
2025-04-04T23:31:34.000,18.85,3.1,15.47,17.46,20.43,39498,-39.71,26.0,0.489
2025-04-04T23:32:34.000,18.8,3.09,15.52,17.45,20.43,39499,-39.75,26.0,0.489
2025-04-04T23:33:35.000,18.78,3.15,16.15,17.41,20.43,39500,-39.79,26.0,0.489
2025-04-04T23:34:34.000,18.75,3.14,16.86,17.36,20.43,39501,-39.84,26.0,0.489
2025-04-04T23:35:34.000,18.71,3.17,17.82,17.3,20.43,39502,-39.88,26.0,0.489
2025-04-04T23:36:34.000,18.67,3.38,18.13,17.29,20.43,39503,-39.91,25.0,0.489
2025-04-04T23:37:35.000,18.65,3.57,19.29,17.22,20.43,39504,-39.95,25.0,0.489
2025-04-04T23:38:35.000,18.71,3.88,22.12,17.07,20.43,39505,-39.99,25.0,0.49
2025-04-04T23:39:35.000,18.73,4.16,23.39,17.01,20.43,39506,-40.03,25.0,0.49
2025-04-04T23:40:35.000,18.74,4.34,25.15,16.93,20.43,39507,-40.06,25.0,0.49
2025-04-04T23:41:35.000,18.76,4.52,26.3,16.88,20.43,39508,-40.1,25.0,0.49
2025-04-04T23:42:35.000,18.78,4.67,26.89,16.86,20.43,39509,-40.13,24.0,0.49
2025-04-04T23:43:35.000,18.79,4.84,28.93,16.78,20.43,39510,-40.16,24.0,0.49
2025-04-04T23:44:35.000,18.79,5.07,32.98,16.64,20.43,39511,-40.19,24.0,0.49
2025-04-04T23:45:35.000,18.83,5.38,35.74,16.55,20.43,39512,-40.22,24.0,0.49
2025-04-04T23:46:35.000,18.83,5.46,36.82,16.52,20.43,39513,-40.25,24.0,0.49
2025-04-04T23:47:35.000,18.84,5.62,38.28,16.47,20.43,39514,-40.28,24.0,0.49
2025-04-04T23:48:35.000,18.82,5.67,41.21,16.39,20.43,39515,-40.31,23.0,0.49
2025-04-04T23:49:35.000,18.85,6.01,44.16,16.32,20.43,39516,-40.33,23.0,0.49
2025-04-04T23:50:35.000,18.89,6.22,45.16,16.29,20.43,39517,-40.36,23.0,0.49
2025-04-04T23:51:35.000,18.89,6.32,44.62,16.31,20.43,39518,-40.38,23.0,0.491
2025-04-04T23:52:35.000,18.91,6.56,43.73,16.33,20.43,39519,-40.4,23.0,0.491
2025-04-04T23:53:36.000,18.92,6.62,43.15,16.34,20.43,39520,-40.43,23.0,0.491
2025-04-04T23:54:36.000,18.91,6.61,43.04,16.35,20.43,39521,-40.45,22.0,0.491
2025-04-04T23:55:36.000,18.92,6.69,44.09,16.32,20.43,39522,-40.47,22.0,0.491
2025-04-04T23:56:36.000,18.89,6.52,43.79,16.33,20.43,39523,-40.49,22.0,0.491
2025-04-04T23:57:36.000,18.88,6.36,41.82,16.38,20.43,39524,-40.5,22.0,0.491
2025-04-04T23:58:36.000,18.88,6.18,40.13,16.42,20.43,39525,-40.52,22.0,0.491
2025-04-04T23:59:36.000,18.92,6.24,40.3,16.42,20.43,39526,-40.54,22.0,0.491
2025-04-05T00:00:36.000,18.91,6.07,39.98,16.43,20.43,39527,-40.55,21.0,0.491
2025-04-05T00:01:36.000,18.91,6.05,36.75,16.52,20.43,39528,-40.57,21.0,0.491
2025-04-05T00:02:36.000,18.92,5.91,32.04,16.67,20.43,39529,-40.58,21.0,0.491
2025-04-05T00:03:36.000,18.89,5.83,28.13,16.81,20.43,39530,-40.59,21.0,0.491
2025-04-05T00:04:36.000,18.93,6.02,26.8,16.86,20.43,39531,-40.6,21.0,0.492
2025-04-05T00:05:36.000,18.94,5.92,27.53,16.83,20.43,39532,-40.61,21.0,0.492
2025-04-05T00:06:37.000,18.92,5.82,30.46,16.72,20.43,39533,-40.62,20.0,0.492
2025-04-05T00:07:36.000,18.91,5.96,33.23,16.63,20.43,39534,-40.63,20.0,0.492
2025-04-05T00:08:36.000,18.9,5.82,33.98,16.6,20.43,39535,-40.63,20.0,0.492
2025-04-05T00:09:36.000,18.89,5.9,36.69,16.52,20.43,39536,-40.64,20.0,0.492
2025-04-05T00:10:37.000,18.88,5.81,35.41,16.56,20.43,39537,-40.64,20.0,0.492
2025-04-05T00:11:37.000,18.9,5.87,32.13,16.66,20.43,39538,-40.65,20.0,0.492
2025-04-05T00:12:38.000,18.91,5.86,31.18,16.7,20.43,39539,-40.65,19.0,0.492
2025-04-05T00:13:37.000,18.9,5.69,31.15,16.7,20.43,39540,-40.65,19.0,0.492
2025-04-05T00:14:37.000,18.87,5.54,33.18,16.63,20.43,39541,-40.65,19.0,0.492
2025-04-05T00:15:37.000,18.87,5.66,35.7,16.55,20.43,39542,-40.65,19.0,0.492
2025-04-05T00:16:37.000,18.88,5.61,34.2,16.6,20.43,39543,-40.65,19.0,0.492
2025-04-05T00:17:37.000,18.87,5.51,33.02,16.63,20.43,39544,-40.64,19.0,0.492
2025-04-05T00:18:38.000,18.88,5.48,33.21,16.63,20.43,39545,-40.64,18.0,0.493
2025-04-05T00:19:38.000,18.88,5.52,31.61,16.68,20.43,39546,-40.63,18.0,0.493
2025-04-05T00:20:38.000,18.9,5.61,33.82,16.61,20.43,39547,-40.63,18.0,0.493
2025-04-05T00:21:38.000,18.89,5.56,35.57,16.55,20.43,39548,-40.62,18.0,0.493
2025-04-05T00:22:39.000,18.83,5.48,34.69,16.58,20.43,39549,-40.61,18.0,0.493
2025-04-05T00:23:38.000,18.86,5.74,34.45,16.59,20.43,39550,-40.6,18.0,0.493
2025-04-05T00:24:39.000,18.89,5.91,35.85,16.54,20.43,39551,-40.59,17.0,0.493
2025-04-05T00:25:38.000,18.86,5.84,35.82,16.55,20.43,39552,-40.58,17.0,0.493
2025-04-05T00:26:38.000,18.85,6.03,36.4,16.53,20.43,39553,-40.57,17.0,0.493
2025-04-05T00:27:38.000,18.84,6.08,37.98,16.48,20.43,39554,-40.56,17.0,0.493
2025-04-05T00:28:38.000,18.79,5.92,38.98,16.45,20.43,39555,-40.54,17.0,0.493
2025-04-05T00:29:38.000,18.78,5.94,39.19,16.45,20.43,39556,-40.53,17.0,0.493
2025-04-05T00:30:38.000,18.79,5.95,39.69,16.43,20.43,39557,-40.51,16.0,0.493
2025-04-05T00:31:39.000,18.75,5.7,40.87,16.4,20.43,39558,-40.49,16.0,0.494
2025-04-05T00:32:39.000,18.77,5.76,41.32,16.39,20.43,39559,-40.47,16.0,0.494
2025-04-05T00:33:39.000,18.79,5.74,40.57,16.41,20.43,39560,-40.45,16.0,0.494
2025-04-05T00:34:39.000,18.82,5.65,38.76,16.46,20.43,39561,-40.43,16.0,0.494
2025-04-05T00:35:39.000,18.81,5.56,37.37,16.5,20.43,39562,-40.41,16.0,0.494
2025-04-05T00:36:40.000,18.83,5.65,37.16,16.51,20.43,39563,-40.39,15.0,0.494
2025-04-05T00:37:39.000,18.85,5.69,38.7,16.46,20.43,39564,-40.37,15.0,0.494
2025-04-05T00:38:39.000,18.83,5.66,39.06,16.45,20.43,39565,-40.34,15.0,0.494
2025-04-05T00:39:39.000,18.82,5.68,38.42,16.47,20.43,39566,-40.32,15.0,0.494
2025-04-05T00:40:39.000,18.79,5.43,38.47,16.47,20.43,39567,-40.29,15.0,0.494
2025-04-05T00:41:39.000,18.77,5.21,38.13,16.48,20.43,39568,-40.26,15.0,0.494
2025-04-05T00:42:39.000,18.78,5.09,36.53,16.52,20.43,39569,-40.23,14.0,0.494
2025-04-05T00:43:39.000,18.76,4.76,34.2,16.6,20.43,39570,-40.2,14.0,0.494
2025-04-05T00:44:39.000,18.74,4.48,31.08,16.7,20.43,39571,-40.17,14.0,0.495
2025-04-05T00:45:39.000,18.73,4.11,27.89,16.82,20.43,39572,-40.14,14.0,0.495
2025-04-05T00:46:39.000,18.71,3.68,24.23,16.97,20.43,39573,-40.11,14.0,0.495
2025-04-05T00:47:40.000,18.71,3.22,21.42,17.1,20.43,39574,-40.07,14.0,0.495
2025-04-05T00:48:40.000,18.73,3.0,19.05,17.23,20.43,39575,-40.04,13.0,0.495
2025-04-05T00:49:40.000,18.68,2.52,16.02,17.42,20.43,39576,-40.0,13.0,0.495
2025-04-05T00:50:40.000,18.65,2.4,13.2,17.63,20.43,39577,-39.97,13.0,0.495
2025-04-05T00:51:40.000,18.63,2.16,12.49,17.69,20.43,39578,-39.93,13.0,0.495
2025-04-05T00:52:40.000,18.57,1.81,12.53,17.69,20.43,39579,-39.89,13.0,0.495
2025-04-05T00:53:40.000,18.56,1.62,12.09,17.72,20.43,39580,-39.85,13.0,0.495
2025-04-05T00:54:40.000,18.57,1.51,11.49,17.78,20.43,39581,-39.81,12.0,0.495
2025-04-05T00:55:40.000,18.56,1.32,11.76,17.75,20.43,39582,-39.77,12.0,0.495
2025-04-05T00:56:41.000,18.55,1.34,11.66,17.76,20.43,39583,-39.72,12.0,0.495
2025-04-05T00:57:40.000,18.51,1.11,10.37,17.89,20.43,39584,-39.68,12.0,0.496
2025-04-05T00:58:40.000,18.45,0.92,9.25,18.02,20.43,39585,-39.63,12.0,0.496
2025-04-05T00:59:40.000,18.43,0.77,8.8,18.07,20.43,39586,-39.59,12.0,0.496
2025-04-05T01:00:40.000,18.41,0.54,8.75,18.08,20.43,39587,-39.54,12.0,0.496
2025-04-05T01:01:40.000,18.39,0.41,8.62,18.09,20.43,39588,-39.49,11.0,0.496
2025-04-05T01:02:41.000,18.38,0.28,8.55,18.1,20.43,39589,-39.44,11.0,0.496
2025-04-05T01:03:41.000,18.33,0.08,8.53,18.1,20.43,39590,-39.4,11.0,0.496
2025-04-05T01:04:41.000,18.26,0.01,8.45,18.11,20.43,39591,-39.34,11.0,0.496
2025-04-05T01:05:41.000,18.19,-0.16,8.3,18.13,20.43,39592,-39.29,11.0,0.496
2025-04-05T01:06:41.000,18.16,-0.21,8.21,18.14,20.43,39593,-39.24,11.0,0.496
2025-04-05T01:07:41.000,18.15,-0.26,8.16,18.15,20.43,39594,-39.19,10.0,0.496
2025-04-05T01:08:41.000,18.17,-0.2,8.2,18.15,20.43,39595,-39.13,10.0,0.496
2025-04-05T01:09:42.000,18.18,-0.15,8.19,18.15,20.43,39596,-39.08,10.0,0.496
2025-04-05T01:10:41.000,18.22,-0.17,8.2,18.15,20.43,39597,-39.02,10.0,0.496
2025-04-05T01:11:41.000,18.27,-0.2,8.2,18.15,20.43,39598,-38.96,10.0,0.497
2025-04-05T01:12:41.000,18.29,-0.19,8.26,18.14,20.43,39599,-38.91,10.0,0.497
2025-04-05T01:13:41.000,18.29,-0.13,8.26,18.14,20.43,39600,-38.85,9.0,0.497
2025-04-05T01:14:41.000,18.26,-0.12,8.25,18.14,20.43,39601,-38.79,9.0,0.497
2025-04-05T01:15:41.000,18.24,-0.09,8.23,18.14,20.43,39602,-38.73,9.0,0.497
