ecsv/stars759/stars759_2025-04.ecsv
# %ECSV 1.0
# ---
# datatype:
# - {name: time, datatype: string}
# - {name: Enclosure Temperature, unit: deg_C, datatype: float64}
# - {name: Sky Temperature, unit: deg_C, datatype: float64}
# - {name: Frequency, unit: Hz, datatype: float64}
# - {name: MSAS, unit: mag / arcsec2, datatype: float64}
# - {name: ZP, datatype: float64}
# - {name: Sequence Number, datatype: int64}
# - {name: Sun Alt, unit: deg, datatype: float64}
# - {name: Moon Alt, unit: deg, datatype: float64}
# - {name: Moon Illumination, datatype: float64}
# delimiter: ','
# meta: !!omap
# - ida:
#     Data supplier: {affiliation: "Observatori Astron\xF2mic Albany\xE0", observer: null}
#     Device type: TESS-W
#     Field of view: 17.0
#     Filters per channel: None
#     Instrument ID: stars759
#     License: ODbL 1.0 http://opendatacommons.org/licenses/odbl/summary/
#     Local timezone: Europe/Madrid
#     Location name: {country: Spain, place: "Albany\xE0", region: Catalonia, sub_region: "Upper Empord\xE0", town: "Albany\xE0"}
#     Measurement direction per channel: {azimuth: 0.0, zenital: 0.0}
#     Moving / Fixed look direction: FIXED
#     Moving / Stationary position: STATIONARY
#     Number of channels: 1
#     Number of fields per line: 8
#     Number of header lines: 35
#     Position: {height: 0.0, latitude: 42.306781, longitude: 2.711439}
#     TESS MAC address: E8:DB:84:83:07:32
#     TESS cover offset value: 0.0
#     TESS firmware version: '1.0'
#     TESS zero point: 20.35
#     Time Synchronization: timestamp added by MQTT subscriber
#     URL: http://www.darksky.org/NSBM/sdf1.0.pdf
# - __serialized_columns__:
#     Enclosure Temperature:
#       __class__: astropy.units.quantity.Quantity
#       unit: &id001 !astropy.units.Unit {unit: deg_C}
#       value: !astropy.table.SerializedColumn {name: Enclosure Temperature}
#     Frequency:
#       __class__: astropy.units.quantity.Quantity
#       unit: !astropy.units.Unit {unit: Hz}
#       value: !astropy.table.SerializedColumn {name: Frequency}
#     MSAS:
#       __class__: astropy.units.quantity.Quantity
#       unit: !astropy.units.Unit {unit: mag / arcsec2}
#       value: !astropy.table.SerializedColumn {name: MSAS}
#     Moon Alt:
#       __class__: astropy.units.quantity.Quantity
#       unit: &id002 !astropy.units.Unit {unit: deg}
#       value: !astropy.table.SerializedColumn {name: Moon Alt}
#     Sky Temperature:
#       __class__: astropy.units.quantity.Quantity
#       unit: *id001
#       value: !astropy.table.SerializedColumn {name: Sky Temperature}
#     Sun Alt:
#       __class__: astropy.units.quantity.Quantity
#       unit: *id002
#       value: !astropy.table.SerializedColumn {name: Sun Alt}
#     time:
#       __class__: astropy.time.core.Time
#       format: isot
#       in_subfmt: '*'
#       out_subfmt: '*'
#       precision: 3
#       scale: utc
#       value: !astropy.table.SerializedColumn {name: time}
# schema: astropy-2.0
time,Enclosure Temperature,Sky Temperature,Frequency,MSAS,ZP,Sequence Number,Sun Alt,Moon Alt,Moon Illumination
[from data line 3093]
2025-04-05T04:53:43.000,12.24,6.79,448.16,13.72,20.35,125650,-6.45,-19.0,0.513
2025-04-05T04:54:43.000,12.24,6.76,541.16,13.52,20.35,125651,-6.27,-19.0,0.513
2025-04-05T04:55:43.000,12.22,6.82,665.89,13.29,20.35,125652,-6.09,-19.0,0.513
2025-04-05T04:56:43.000,12.23,6.89,831.08,13.05,20.35,125653,-5.91,-19.0,0.513
2025-04-05T04:57:43.000,12.23,6.82,1041.22,12.81,20.35,125654,-5.73,-19.0,0.513
2025-04-05T04:58:43.000,12.2,6.91,1287.6,12.58,20.35,125655,-5.55,-19.0,0.514
2025-04-05T04:59:43.000,12.19,7.03,1570.42,12.36,20.35,125656,-5.37,-19.0,0.514
2025-04-05T05:00:43.000,12.17,7.02,1888.76,12.16,20.35,125657,-5.19,-19.0,0.514
2025-04-05T05:01:44.000,12.17,7.16,2300.27,11.95,20.35,125658,-5.0,-20.0,0.514
2025-04-05T05:02:44.000,12.15,7.09,2872.93,11.71,20.35,125659,-4.82,-20.0,0.514
2025-04-05T05:03:44.000,12.16,7.26,3704.93,11.43,20.35,125660,-4.64,-20.0,0.514
2025-04-05T05:04:44.000,12.18,7.15,4733.26,11.16,20.35,125661,-4.46,-20.0,0.514
2025-04-05T05:05:45.000,12.16,7.11,5809.71,10.94,20.35,125662,-4.28,-20.0,0.514
2025-04-05T05:06:45.000,12.19,7.21,7104.22,10.72,20.35,125663,-4.1,-20.0,0.514
2025-04-05T05:07:45.000,12.23,7.2,8702.0,10.5,20.35,125664,-3.92,-20.0,0.514
2025-04-05T05:08:45.000,12.29,7.2,10571.53,10.29,20.35,125665,-3.74,-20.0,0.514
2025-04-05T05:09:46.000,12.33,7.2,12895.04,10.08,20.35,125666,-3.55,-20.0,0.514
2025-04-05T05:10:46.000,12.35,7.14,15871.6,9.85,20.35,125667,-3.37,-20.0,0.514
2025-04-05T05:11:46.000,12.35,7.17,19144.27,9.65,20.35,125668,-3.19,-20.0,0.515
2025-04-05T05:12:46.000,12.35,7.17,22458.33,9.47,20.35,125669,-3.01,-20.0,0.515
2025-04-05T05:13:46.000,12.34,7.2,26119.3,9.31,20.35,125670,-2.83,-20.0,0.515
2025-04-05T05:14:46.000,12.34,7.18,30610.36,9.14,20.35,125671,-2.64,-20.0,0.515
2025-04-05T05:15:47.000,12.32,7.15,36501.25,8.95,20.35,125672,-2.46,-20.0,0.515
2025-04-05T05:16:47.000,12.33,7.13,44339.75,8.73,20.35,125673,-2.28,-20.0,0.515
2025-04-05T05:17:47.000,12.33,6.88,53325.16,8.61,20.35,125674,-2.09,-20.0,0.515
2025-04-05T05:18:47.000,12.31,6.66,55870.02,4.04,20.35,125675,-1.91,-20.0,0.515
2025-04-05T05:19:48.000,12.23,6.41,50000.0,0.0,20.35,125676,-1.73,-20.0,0.515
2025-04-05T05:20:48.000,12.18,6.65,50000.0,0.0,20.35,125677,-1.54,-20.0,0.515
2025-04-05T05:21:48.000,12.21,6.76,50000.0,0.0,20.35,125678,-1.36,-20.0,0.515
2025-04-05T05:29:50.000,12.34,7.17,50000.0,0.0,20.35,125686,0.11,-21.0,0.516
2025-04-05T05:30:50.000,12.33,7.06,50000.0,0.0,20.35,125687,0.29,-21.0,0.516
2025-04-05T05:31:51.000,12.26,7.05,50000.0,0.0,20.35,125688,0.48,-21.0,0.516
2025-04-05T05:32:51.000,12.28,7.08,49723.87,0.09,20.35,125689,0.66,-21.0,0.516
2025-04-05T05:33:51.000,12.34,7.1,50000.0,0.0,20.35,125690,0.84,-21.0,0.516
2025-04-05T05:34:51.000,12.39,7.02,49731.31,0.09,20.35,125691,1.03,-21.0,0.516
2025-04-05T05:35:51.000,12.43,7.0,49728.37,0.09,20.35,125692,1.21,-21.0,0.516
2025-04-05T05:36:52.000,12.5,7.12,50000.0,0.0,20.35,125693,1.4,-21.0,0.516
2025-04-05T05:37:52.000,12.6,7.19,50000.0,0.0,20.35,125694,1.58,-21.0,0.516
2025-04-05T05:38:52.000,12.69,7.25,50000.0,0.0,20.35,125695,1.76,-21.0,0.517
2025-04-05T18:01:43.000,15.17,-6.52,50000.0,0.0,20.35,126435,2.44,71.0,0.571
2025-04-05T18:02:44.000,15.05,-6.63,50000.0,0.0,20.35,126436,2.25,72.0,0.571
2025-04-05T18:03:44.000,14.9,-6.88,50000.0,0.0,20.35,126437,2.07,72.0,0.571
2025-04-05T18:04:44.000,14.75,-6.82,49725.38,0.09,20.35,126438,1.88,72.0,0.571
2025-04-05T18:05:44.000,14.65,-6.85,50000.0,0.0,20.35,126439,1.7,72.0,0.572
2025-04-05T18:06:45.000,14.54,-6.82,49707.75,0.1,20.35,126440,1.51,72.0,0.572
2025-04-05T18:07:45.000,14.47,-6.76,50000.0,0.0,20.35,126441,1.33,72.0,0.572
2025-04-05T18:08:45.000,14.41,-6.69,50000.0,0.0,20.35,126442,1.15,72.0,0.572
2025-04-05T18:09:45.000,14.33,-6.71,50000.0,0.0,20.35,126443,0.96,72.0,0.572
2025-04-05T18:16:47.000,13.95,-6.54,50000.0,0.0,20.35,126450,-0.32,73.0,0.572
2025-04-05T18:17:47.000,13.92,-6.63,50000.0,0.0,20.35,126451,-0.51,73.0,0.572
2025-04-05T18:18:47.000,13.83,-6.84,50000.0,0.0,20.35,126452,-0.69,73.0,0.572
2025-04-05T18:19:47.000,13.74,-6.7,49444.66,0.19,20.35,126453,-0.87,73.0,0.573
2025-04-05T18:20:48.000,13.68,-6.77,50000.0,0.0,20.35,126454,-1.06,73.0,0.573
2025-04-05T18:21:48.000,13.62,-6.75,50000.0,0.0,20.35,126455,-1.24,73.0,0.573
2025-04-05T18:22:48.000,13.54,-6.82,50000.0,0.0,20.35,126456,-1.42,73.0,0.573
2025-04-05T18:23:48.000,13.48,-6.83,50000.0,0.0,20.35,126457,-1.6,73.0,0.573
2025-04-05T18:24:49.000,13.42,-6.89,52829.31,1.67,20.35,126458,-1.79,73.0,0.573
2025-04-05T18:25:49.000,13.36,-7.0,59244.56,8.42,20.35,126459,-1.97,73.0,0.573
2025-04-05T18:26:49.000,13.26,-7.07,51497.33,8.57,20.35,126460,-2.15,73.0,0.573
2025-04-05T18:27:49.000,13.19,-7.1,44507.54,8.73,20.35,126461,-2.33,73.0,0.573
2025-04-05T18:28:49.000,13.09,-7.17,38556.55,8.89,20.35,126462,-2.51,73.0,0.573
2025-04-05T18:29:49.000,13.02,-6.99,32963.27,9.14,20.35,126463,-2.69,73.0,0.573
2025-04-05T18:30:50.000,12.97,-7.04,27884.0,9.3,20.35,126464,-2.88,73.0,0.573
2025-04-05T18:31:50.000,12.9,-7.01,23375.28,9.43,20.35,126465,-3.06,73.0,0.573
2025-04-05T18:32:50.000,12.86,-7.05,19193.33,9.64,20.35,126466,-3.24,73.0,0.573
2025-04-05T18:33:50.000,12.81,-7.07,15648.78,9.87,20.35,126467,-3.42,73.0,0.574
2025-04-05T18:34:51.000,12.79,-7.06,12716.76,10.09,20.35,126468,-3.6,73.0,0.574
2025-04-05T18:35:51.000,12.77,-7.13,10310.85,10.32,20.35,126469,-3.79,73.0,0.574
2025-04-05T18:36:51.000,12.73,-7.19,8339.16,10.55,20.35,126470,-3.97,73.0,0.574
2025-04-05T18:37:51.000,12.68,-7.26,6748.2,10.78,20.35,126471,-4.15,73.0,0.574
2025-04-05T18:38:52.000,12.63,-7.23,5456.38,11.01,20.35,126472,-4.33,73.0,0.574
2025-04-05T18:39:52.000,12.59,-7.25,4392.56,11.25,20.35,126473,-4.51,73.0,0.574
2025-04-05T18:40:52.000,12.56,-7.29,3531.13,11.48,20.35,126474,-4.69,73.0,0.574
2025-04-05T18:41:52.000,12.52,-7.27,2838.56,11.72,20.35,126475,-4.87,73.0,0.574
2025-04-05T18:42:53.000,12.47,-7.32,2280.58,11.96,20.35,126476,-5.05,73.0,0.574
2025-04-05T18:43:53.000,12.45,-7.34,1830.22,12.2,20.35,126477,-5.23,73.0,0.574
2025-04-05T18:44:53.000,12.44,-7.34,1469.42,12.43,20.35,126478,-5.41,73.0,0.574
2025-04-05T18:45:53.000,12.43,-7.44,1181.96,12.67,20.35,126479,-5.59,73.0,0.574
2025-04-05T18:46:54.000,12.41,-7.59,953.02,12.9,20.35,126480,-5.77,73.0,0.574
2025-04-05T18:47:54.000,12.39,-7.58,768.79,13.14,20.35,126481,-5.95,73.0,0.575
2025-04-05T18:48:54.000,12.36,-7.6,620.38,13.37,20.35,126482,-6.13,73.0,0.575
2025-04-05T18:49:54.000,12.33,-7.63,500.47,13.6,20.35,126483,-6.31,73.0,0.575
2025-04-05T18:50:54.000,12.28,-7.64,403.22,13.84,20.35,126484,-6.49,73.0,0.575
2025-04-05T18:51:54.000,12.24,-7.61,325.17,14.07,20.35,126485,-6.67,73.0,0.575
2025-04-05T18:52:55.000,12.21,-7.65,262.96,14.3,20.35,126486,-6.85,73.0,0.575
2025-04-05T18:53:55.000,12.17,-7.72,213.06,14.53,20.35,126487,-7.03,73.0,0.575
2025-04-05T18:54:55.000,12.15,-7.78,173.12,14.76,20.35,126488,-7.21,73.0,0.575
2025-04-05T18:55:55.000,12.12,-7.88,141.44,14.98,20.35,126489,-7.38,73.0,0.575
2025-04-05T18:56:56.000,12.08,-7.91,116.2,15.19,20.35,126490,-7.56,73.0,0.575
2025-04-05T18:57:56.000,12.04,-7.87,96.14,15.39,20.35,126491,-7.74,73.0,0.575
2025-04-05T18:58:56.000,12.05,-7.8,80.0,15.59,20.35,126492,-7.92,73.0,0.575
2025-04-05T18:59:56.000,12.06,-7.77,67.32,15.78,20.35,126493,-8.1,73.0,0.575
2025-04-05T19:00:56.000,12.07,-7.85,57.36,15.95,20.35,126494,-8.27,73.0,0.576
2025-04-05T19:01:56.000,12.08,-7.86,48.21,16.14,20.35,126495,-8.45,73.0,0.576
2025-04-05T19:02:56.000,12.05,-7.99,42.74,16.27,20.35,126496,-8.63,73.0,0.576
2025-04-05T19:03:56.000,12.02,-7.97,37.01,16.43,20.35,126497,-8.8,73.0,0.576
2025-04-05T19:04:57.000,12.0,-7.99,32.44,16.57,20.35,126498,-8.98,73.0,0.576
2025-04-05T19:05:57.000,11.97,-8.1,28.64,16.71,20.35,126499,-9.16,72.0,0.576
2025-04-05T19:06:57.000,11.93,-8.16,25.46,16.84,20.35,126500,-9.34,72.0,0.576
2025-04-05T19:07:57.000,11.88,-8.2,22.92,16.95,20.35,126501,-9.51,72.0,0.576
2025-04-05T19:08:58.000,11.83,-8.12,20.68,17.06,20.35,126502,-9.69,72.0,0.576
2025-04-05T19:09:58.000,11.83,-7.94,19.02,17.15,20.35,126503,-9.87,72.0,0.576
2025-04-05T19:10:58.000,11.87,-7.88,17.39,17.25,20.35,126504,-10.04,72.0,0.576
2025-04-05T19:11:58.000,11.9,-7.96,16.03,17.34,20.35,126505,-10.22,72.0,0.576
2025-04-05T19:12:58.000,11.91,-8.08,14.91,17.42,20.35,126506,-10.39,72.0,0.576
2025-04-05T19:13:58.000,11.88,-8.15,14.02,17.48,20.35,126507,-10.57,72.0,0.576
2025-04-05T19:14:59.000,11.87,-8.09,13.22,17.55,20.35,126508,-10.75,72.0,0.577
2025-04-05T19:15:59.000,11.85,-8.1,12.45,17.61,20.35,126509,-10.92,72.0,0.577
2025-04-05T19:16:59.000,11.8,-8.3,11.77,17.67,20.35,126510,-11.09,72.0,0.577
2025-04-05T19:17:59.000,11.73,-8.29,11.27,17.72,20.35,126511,-11.27,72.0,0.577
2025-04-05T19:19:00.000,11.7,-8.24,10.75,17.77,20.35,126512,-11.45,72.0,0.577
2025-04-05T19:20:00.000,11.65,-8.25,10.32,17.82,20.35,126513,-11.62,71.0,0.577
2025-04-05T19:21:00.000,11.62,-8.24,9.96,17.86,20.35,126514,-11.79,71.0,0.577
2025-04-05T19:22:00.000,11.6,-8.19,9.6,17.89,20.35,126515,-11.97,71.0,0.577
2025-04-05T19:23:00.000,11.6,-8.22,9.27,17.93,20.35,126516,-12.14,71.0,0.577
2025-04-05T19:24:00.000,11.61,-8.22,9.02,17.96,20.35,126517,-12.31,71.0,0.577
2025-04-05T19:25:01.000,11.6,-8.17,8.83,17.99,20.35,126518,-12.49,71.0,0.577
2025-04-05T19:26:01.000,11.59,-8.22,8.71,18.0,20.35,126519,-12.66,71.0,0.577
2025-04-05T19:27:01.000,11.58,-8.23,8.54,18.02,20.35,126520,-12.83,71.0,0.577
2025-04-05T19:28:01.000,11.58,-8.24,8.34,18.05,20.35,126521,-13.0,71.0,0.577
2025-04-05T19:29:01.000,11.57,-8.26,8.18,18.07,20.35,126522,-13.18,71.0,0.578
2025-04-05T19:30:01.000,11.54,-8.32,7.99,18.09,20.35,126523,-13.35,71.0,0.578
2025-04-05T19:31:01.000,11.51,-8.32,7.97,18.1,20.35,126524,-13.52,70.0,0.578
2025-04-05T19:32:02.000,11.45,-8.34,7.83,18.12,20.35,126525,-13.69,70.0,0.578
2025-04-05T19:33:02.000,11.41,-8.27,7.69,18.14,20.35,126526,-13.86,70.0,0.578
2025-04-05T19:34:02.000,11.37,-8.31,7.67,18.14,20.35,126527,-14.04,70.0,0.578
2025-04-05T19:35:02.000,11.34,-8.36,7.51,18.16,20.35,126528,-14.21,70.0,0.578
2025-04-05T19:36:03.000,11.29,-8.44,7.44,18.17,20.35,126529,-14.38,70.0,0.578
2025-04-05T19:37:03.000,11.24,-8.36,7.4,18.18,20.35,126530,-14.55,70.0,0.578
2025-04-05T19:38:03.000,11.19,-8.38,7.29,18.19,20.35,126531,-14.72,70.0,0.578
2025-04-05T19:39:03.000,11.17,-8.36,7.19,18.21,20.35,126532,-14.89,70.0,0.578
2025-04-05T19:40:03.000,11.16,-8.37,7.14,18.22,20.35,126533,-15.06,69.0,0.578
2025-04-05T19:41:03.000,11.16,-8.34,7.06,18.23,20.35,126534,-15.23,69.0,0.578
2025-04-05T19:42:03.000,11.16,-8.44,7.05,18.23,20.35,126535,-15.4,69.0,0.578
2025-04-05T19:43:03.000,11.14,-8.48,7.0,18.24,20.35,126536,-15.56,69.0,0.579
2025-04-05T19:44:03.000,11.1,-8.55,6.96,18.24,20.35,126537,-15.73,69.0,0.579
2025-04-05T19:45:03.000,11.03,-8.59,6.91,18.25,20.35,126538,-15.9,69.0,0.579
2025-04-05T19:46:04.000,10.97,-8.62,6.77,18.27,20.35,126539,-16.07,69.0,0.579
2025-04-05T19:47:04.000,10.95,-8.57,6.73,18.28,20.35,126540,-16.24,69.0,0.579
2025-04-05T19:48:04.000,10.94,-8.6,6.71,18.28,20.35,126541,-16.41,68.0,0.579
2025-04-05T19:49:04.000,10.91,-8.64,6.65,18.29,20.35,126542,-16.57,68.0,0.579
2025-04-05T19:50:05.000,10.93,-8.55,6.53,18.31,20.35,126543,-16.74,68.0,0.579
2025-04-05T19:51:05.000,10.94,-8.58,6.51,18.32,20.35,126544,-16.91,68.0,0.579
2025-04-05T19:52:05.000,10.94,-8.67,6.52,18.31,20.35,126545,-17.08,68.0,0.579
2025-04-05T19:53:05.000,10.94,-8.69,6.43,18.33,20.35,126546,-17.24,68.0,0.579
2025-04-05T19:54:06.000,10.9,-8.88,6.4,18.34,20.35,126547,-17.41,68.0,0.579
2025-04-05T19:55:06.000,10.85,-8.76,6.36,18.34,20.35,126548,-17.58,68.0,0.579
2025-04-05T19:56:06.000,10.79,-8.79,6.32,18.35,20.35,126549,-17.74,67.0,0.579
2025-04-05T19:57:06.000,10.78,-8.75,6.34,18.34,20.35,126550,-17.91,67.0,0.58
2025-04-05T19:58:06.000,10.76,-8.83,6.3,18.35,20.35,126551,-18.07,67.0,0.58
2025-04-05T19:59:06.000,10.74,-8.79,6.31,18.35,20.35,126552,-18.23,67.0,0.58
2025-04-05T20:00:07.000,10.71,-8.77,6.3,18.35,20.35,126553,-18.4,67.0,0.58
2025-04-05T20:01:07.000,10.69,-8.61,6.16,18.38,20.35,126554,-18.57,67.0,0.58
2025-04-05T20:02:07.000,10.72,-8.72,6.05,18.4,20.35,126555,-18.73,67.0,0.58
2025-04-05T20:03:07.000,10.72,-8.93,6.03,18.4,20.35,126556,-18.89,66.0,0.58
2025-04-05T20:04:07.000,10.7,-8.9,5.98,18.41,20.35,126557,-19.05,66.0,0.58
2025-04-05T20:05:07.000,10.68,-8.83,5.94,18.42,20.35,126558,-19.22,66.0,0.58
2025-04-05T20:06:07.000,10.7,-8.63,5.87,18.43,20.35,126559,-19.38,66.0,0.58
2025-04-05T20:07:08.000,10.73,-8.53,5.77,18.45,20.35,126560,-19.54,66.0,0.58
2025-04-05T20:08:08.000,10.74,-8.57,5.75,18.45,20.35,126561,-19.71,66.0,0.58
2025-04-05T20:09:08.000,10.74,-8.81,5.72,18.46,20.35,126562,-19.87,66.0,0.58
2025-04-05T20:10:08.000,10.72,-8.95,5.7,18.46,20.35,126563,-20.03,65.0,0.581
2025-04-05T20:11:08.000,10.72,-8.83,5.69,18.46,20.35,126564,-20.19,65.0,0.581
2025-04-05T20:12:08.000,10.7,-8.87,5.69,18.46,20.35,126565,-20.35,65.0,0.581
2025-04-05T20:13:08.000,10.66,-8.98,5.67,18.47,20.35,126566,-20.51,65.0,0.581
2025-04-05T20:14:09.000,10.58,-9.0,5.66,18.47,20.35,126567,-20.67,65.0,0.581
2025-04-05T20:15:09.000,10.56,-8.89,5.59,18.48,20.35,126568,-20.83,65.0,0.581
2025-04-05T20:16:09.000,10.55,-8.93,5.56,18.49,20.35,126569,-20.99,65.0,0.581
2025-04-05T20:17:09.000,10.55,-8.93,5.54,18.49,20.35,126570,-21.15,64.0,0.581
2025-04-05T20:18:10.000,10.53,-8.9,5.52,18.5,20.35,126571,-21.31,64.0,0.581
2025-04-05T20:19:10.000,10.5,-8.87,5.5,18.5,20.35,126572,-21.47,64.0,0.581
2025-04-05T20:20:10.000,10.52,-8.73,5.44,18.51,20.35,126573,-21.62,64.0,0.581
2025-04-05T20:21:10.000,10.53,-8.79,5.4,18.52,20.35,126574,-21.78,64.0,0.581
2025-04-05T20:22:11.000,10.51,-9.02,5.38,18.52,20.35,126575,-21.94,64.0,0.581
2025-04-05T20:23:11.000,10.45,-9.26,5.35,18.53,20.35,126576,-22.1,63.0,0.581
2025-04-05T20:24:11.000,10.37,-9.14,5.35,18.53,20.35,126577,-22.25,63.0,0.582
2025-04-05T20:25:11.000,10.35,-9.03,5.31,18.54,20.35,126578,-22.41,63.0,0.582
2025-04-05T20:26:11.000,10.32,-9.02,5.31,18.54,20.35,126579,-22.56,63.0,0.582
2025-04-05T20:27:11.000,10.3,-9.0,5.29,18.54,20.35,126580,-22.72,63.0,0.582
2025-04-05T20:28:11.000,10.29,-8.98,5.27,18.55,20.35,126581,-22.87,63.0,0.582
2025-04-05T20:29:11.000,10.28,-8.93,5.27,18.55,20.35,126582,-23.03,63.0,0.582
2025-04-05T20:30:11.000,10.28,-8.91,5.24,18.55,20.35,126583,-23.18,62.0,0.582
2025-04-05T20:31:11.000,10.31,-8.94,5.22,18.56,20.35,126584,-23.34,62.0,0.582
2025-04-05T20:32:12.000,10.3,-9.0,5.21,18.56,20.35,126585,-23.49,62.0,0.582
2025-04-05T20:33:12.000,10.28,-9.05,5.21,18.56,20.35,126586,-23.64,62.0,0.582
2025-04-05T20:34:12.000,10.25,-9.19,5.21,18.56,20.35,126587,-23.8,62.0,0.582
2025-04-05T20:35:12.000,10.25,-9.12,5.21,18.56,20.35,126588,-23.95,62.0,0.582
2025-04-05T20:36:12.000,10.24,-9.16,5.22,18.56,20.35,126589,-24.1,61.0,0.582
2025-04-05T20:37:12.000,10.19,-9.2,5.23,18.56,20.35,126590,-24.25,61.0,0.582
2025-04-05T20:38:12.000,10.15,-8.96,5.25,18.55,20.35,126591,-24.4,61.0,0.583
2025-04-05T20:39:12.000,10.13,-9.19,5.22,18.56,20.35,126592,-24.55,61.0,0.583
2025-04-05T20:40:12.000,10.09,-9.16,5.16,18.57,20.35,126593,-24.7,61.0,0.583
2025-04-05T20:41:12.000,10.07,-9.09,5.14,18.57,20.35,126594,-24.85,61.0,0.583
2025-04-05T20:42:12.000,10.04,-9.07,5.11,18.58,20.35,126595,-25.0,60.0,0.583
2025-04-05T20:43:13.000,10.04,-9.06,5.08,18.59,20.35,126596,-25.15,60.0,0.583
2025-04-05T20:44:13.000,10.06,-9.11,5.03,18.6,20.35,126597,-25.3,60.0,0.583
2025-04-05T20:45:13.000,10.08,-9.05,5.01,18.6,20.35,126598,-25.45,60.0,0.583
2025-04-05T20:46:13.000,10.08,-9.09,5.02,18.6,20.35,126599,-25.6,60.0,0.583
2025-04-05T20:47:13.000,10.06,-9.01,5.01,18.6,20.35,126600,-25.74,60.0,0.583
2025-04-05T20:48:13.000,10.07,-8.9,4.96,18.61,20.35,126601,-25.89,59.0,0.583
2025-04-05T20:49:14.000,10.11,-8.95,4.9,18.63,20.35,126602,-26.04,59.0,0.583
2025-04-05T20:50:14.000,10.12,-9.09,4.85,18.64,20.35,126603,-26.18,59.0,0.583
2025-04-05T20:51:14.000,10.11,-9.1,4.85,18.64,20.35,126604,-26.33,59.0,0.583
2025-04-05T20:52:14.000,10.11,-9.04,4.85,18.64,20.35,126605,-26.47,59.0,0.584
