ecsv/stars759/stars759_2025-04.ecsv
# %ECSV 1.0
# ---
# datatype:
# - {name: time, datatype: string}
# - {name: Enclosure Temperature, unit: deg_C, datatype: float64}
# - {name: Sky Temperature, unit: deg_C, datatype: float64}
# - {name: Frequency, unit: Hz, datatype: float64}
# - {name: MSAS, unit: mag / arcsec2, datatype: float64}
# - {name: ZP, datatype: float64}
# - {name: Sequence Number, datatype: int64}
# - {name: Sun Alt, unit: deg, datatype: float64}
# - {name: Moon Alt, unit: deg, datatype: float64}
# - {name: Moon Illumination, datatype: float64}
# delimiter: ','
# meta: !!omap
# - ida:
#     Data supplier: {affiliation: "Observatori Astron\xF2mic Albany\xE0", observer: null}
#     Device type: TESS-W
#     Field of view: 17.0
#     Filters per channel: None
#     Instrument ID: stars759
#     License: ODbL 1.0 http://opendatacommons.org/licenses/odbl/summary/
#     Local timezone: Europe/Madrid
#     Location name: {country: Spain, place: "Albany\xE0", region: Catalonia, sub_region: "Upper Empord\xE0", town: "Albany\xE0"}
#     Measurement direction per channel: {azimuth: 0.0, zenital: 0.0}
#     Moving / Fixed look direction: FIXED
#     Moving / Stationary position: STATIONARY
#     Number of channels: 1
#     Number of fields per line: 8
#     Number of header lines: 35
#     Position: {height: 0.0, latitude: 42.306781, longitude: 2.711439}
#     TESS MAC address: E8:DB:84:83:07:32
#     TESS cover offset value: 0.0
#     TESS firmware version: '1.0'
#     TESS zero point: 20.35
#     Time Synchronization: timestamp added by MQTT subscriber
#     URL: http://www.darksky.org/NSBM/sdf1.0.pdf
# - __serialized_columns__:
#     Enclosure Temperature:
#       __class__: astropy.units.quantity.Quantity
#       unit: &id001 !astropy.units.Unit {unit: deg_C}
#       value: !astropy.table.SerializedColumn {name: Enclosure Temperature}
#     Frequency:
#       __class__: astropy.units.quantity.Quantity
#       unit: !astropy.units.Unit {unit: Hz}
#       value: !astropy.table.SerializedColumn {name: Frequency}
#     MSAS:
#       __class__: astropy.units.quantity.Quantity
#       unit: !astropy.units.Unit {unit: mag / arcsec2}
#       value: !astropy.table.SerializedColumn {name: MSAS}
#     Moon Alt:
#       __class__: astropy.units.quantity.Quantity
#       unit: &id002 !astropy.units.Unit {unit: deg}
#       value: !astropy.table.SerializedColumn {name: Moon Alt}
#     Sky Temperature:
#       __class__: astropy.units.quantity.Quantity
#       unit: *id001
#       value: !astropy.table.SerializedColumn {name: Sky Temperature}
#     Sun Alt:
#       __class__: astropy.units.quantity.Quantity
#       unit: *id002
#       value: !astropy.table.SerializedColumn {name: Sun Alt}
#     time:
#       __class__: astropy.time.core.Time
#       format: isot
#       in_subfmt: '*'
#       out_subfmt: '*'
#       precision: 3
#       scale: utc
#       value: !astropy.table.SerializedColumn {name: time}
# schema: astropy-2.0
time,Enclosure Temperature,Sky Temperature,Frequency,MSAS,ZP,Sequence Number,Sun Alt,Moon Alt,Moon Illumination
[from data line 4939]
2025-04-08T01:29:21.000,10.11,-11.47,2.4,19.4,20.35,129752,-35.62,21.0,0.789
2025-04-08T01:30:21.000,10.08,-11.33,2.38,19.41,20.35,129753,-35.52,21.0,0.789
2025-04-08T01:31:21.000,10.01,-11.31,2.38,19.41,20.35,129754,-35.43,21.0,0.789
2025-04-08T01:32:21.000,10.07,-11.4,2.37,19.41,20.35,129755,-35.33,21.0,0.789
2025-04-08T01:33:21.000,10.1,-11.36,2.36,19.42,20.35,129756,-35.24,21.0,0.789
2025-04-08T01:34:21.000,10.03,-11.35,2.34,19.43,20.35,129757,-35.14,20.0,0.789
2025-04-08T01:35:22.000,10.04,-11.52,2.34,19.43,20.35,129758,-35.04,20.0,0.789
2025-04-08T01:36:22.000,10.09,-11.37,2.32,19.44,20.35,129759,-34.94,20.0,0.79
2025-04-08T01:37:22.000,10.0,-11.45,2.3,19.45,20.35,129760,-34.84,20.0,0.79
2025-04-08T01:38:22.000,10.1,-11.52,2.28,19.46,20.35,129761,-34.74,20.0,0.79
2025-04-08T01:39:22.000,10.14,-11.28,2.26,19.47,20.35,129762,-34.64,20.0,0.79
2025-04-08T01:40:22.000,10.06,-11.23,2.25,19.47,20.35,129763,-34.53,19.0,0.79
2025-04-08T01:41:22.000,10.02,-11.39,2.21,19.49,20.35,129764,-34.43,19.0,0.79
2025-04-08T01:42:22.000,10.08,-11.43,2.2,19.49,20.35,129765,-34.33,19.0,0.79
2025-04-08T01:43:23.000,10.02,-11.29,2.17,19.51,20.35,129766,-34.22,19.0,0.79
2025-04-08T01:44:23.000,10.04,-11.56,2.16,19.51,20.35,129767,-34.12,19.0,0.79
2025-04-08T01:45:23.000,10.01,-11.58,2.14,19.52,20.35,129768,-34.01,18.0,0.79
2025-04-08T01:46:23.000,10.04,-11.33,2.13,19.53,20.35,129769,-33.9,18.0,0.79
2025-04-08T01:47:23.000,10.01,-11.31,2.13,19.53,20.35,129770,-33.8,18.0,0.79
2025-04-08T01:48:23.000,10.0,-11.77,2.11,19.54,20.35,129771,-33.69,18.0,0.79
2025-04-08T01:49:23.000,10.09,-11.78,2.1,19.54,20.35,129772,-33.58,18.0,0.79
2025-04-08T01:50:23.000,10.1,-11.52,2.09,19.55,20.35,129773,-33.47,18.0,0.79
2025-04-08T01:51:23.000,10.02,-11.48,2.07,19.56,20.35,129774,-33.36,17.0,0.79
2025-04-08T01:52:24.000,10.05,-11.63,2.06,19.57,20.35,129775,-33.25,17.0,0.79
2025-04-08T01:53:24.000,10.07,-11.52,2.04,19.58,20.35,129776,-33.14,17.0,0.79
2025-04-08T01:54:24.000,10.0,-11.65,2.02,19.59,20.35,129777,-33.03,17.0,0.791
2025-04-08T01:55:24.000,10.15,-11.61,2.0,19.6,20.35,129778,-32.91,17.0,0.791
2025-04-08T01:56:24.000,10.06,-11.63,1.98,19.61,20.35,129779,-32.8,16.0,0.791
2025-04-08T01:57:24.000,10.01,-11.64,1.97,19.62,20.35,129780,-32.69,16.0,0.791
2025-04-08T01:58:24.000,10.05,-11.64,1.95,19.62,20.35,129781,-32.57,16.0,0.791
2025-04-08T01:59:24.000,10.0,-11.57,1.94,19.63,20.35,129782,-32.46,16.0,0.791
2025-04-08T02:00:24.000,10.11,-11.83,1.92,19.64,20.35,129783,-32.34,16.0,0.791
2025-04-08T02:01:24.000,10.03,-11.69,1.9,19.65,20.35,129784,-32.22,16.0,0.791
2025-04-08T02:02:24.000,10.09,-11.59,1.89,19.66,20.35,129785,-32.11,15.0,0.791
2025-04-08T02:03:24.000,10.19,-11.49,1.87,19.67,20.35,129786,-31.99,15.0,0.791
2025-04-08T02:04:24.000,10.09,-11.5,1.85,19.69,20.35,129787,-31.87,15.0,0.791
2025-04-08T02:05:24.000,9.96,-11.93,1.83,19.7,20.35,129788,-31.75,15.0,0.791
2025-04-08T02:06:25.000,10.16,-11.96,1.81,19.71,20.35,129789,-31.63,15.0,0.791
2025-04-08T02:07:25.000,10.21,-11.74,1.79,19.72,20.35,129790,-31.51,14.0,0.791
2025-04-08T02:08:25.000,10.07,-11.7,1.77,19.73,20.35,129791,-31.39,14.0,0.791
2025-04-08T02:09:25.000,10.0,-11.9,1.75,19.74,20.35,129792,-31.26,14.0,0.791
2025-04-08T02:10:25.000,10.2,-11.85,1.73,19.75,20.35,129793,-31.14,14.0,0.791
2025-04-08T02:11:25.000,10.1,-11.8,1.71,19.77,20.35,129794,-31.02,14.0,0.792
2025-04-08T02:12:25.000,10.01,-11.7,1.69,19.78,20.35,129795,-30.9,14.0,0.792
2025-04-08T02:13:25.000,10.14,-11.66,1.67,19.8,20.35,129796,-30.77,13.0,0.792
2025-04-08T02:14:26.000,10.08,-11.77,1.64,19.81,20.35,129797,-30.64,13.0,0.792
2025-04-08T02:15:26.000,10.0,-11.91,1.62,19.83,20.35,129798,-30.52,13.0,0.792
2025-04-08T02:16:26.000,10.11,-11.97,1.6,19.84,20.35,129799,-30.39,13.0,0.792
2025-04-08T02:17:26.000,10.06,-11.83,1.58,19.86,20.35,129800,-30.27,13.0,0.792
2025-04-08T02:18:26.000,10.01,-11.9,1.56,19.87,20.35,129801,-30.14,12.0,0.792
2025-04-08T02:19:26.000,10.11,-12.05,1.54,19.89,20.35,129802,-30.01,12.0,0.792
2025-04-08T02:20:26.000,9.99,-11.99,1.52,19.9,20.35,129803,-29.88,12.0,0.792
2025-04-08T02:21:26.000,10.09,-12.14,1.5,19.91,20.35,129804,-29.75,12.0,0.792
2025-04-08T02:22:26.000,10.09,-11.89,1.48,19.93,20.35,129805,-29.62,12.0,0.792
2025-04-08T02:23:26.000,10.01,-11.59,1.46,19.94,20.35,129806,-29.49,12.0,0.792
2025-04-08T02:24:26.000,10.03,-12.31,1.45,19.95,20.35,129807,-29.36,11.0,0.792
2025-04-08T02:25:26.000,10.01,-11.87,1.43,19.97,20.35,129808,-29.23,11.0,0.792
2025-04-08T02:26:26.000,10.06,-11.95,1.42,19.97,20.35,129809,-29.1,11.0,0.792
2025-04-08T02:27:27.000,10.08,-11.98,1.4,19.99,20.35,129810,-28.97,11.0,0.792
2025-04-08T02:28:27.000,10.0,-11.99,1.38,20.0,20.35,129811,-28.83,11.0,0.792
2025-04-08T02:29:27.000,10.16,-11.78,1.37,20.01,20.35,129812,-28.7,11.0,0.793
2025-04-08T02:30:27.000,10.06,-11.87,1.35,20.02,20.35,129813,-28.57,10.0,0.793
2025-04-08T02:31:27.000,10.01,-11.9,1.34,20.04,20.35,129814,-28.43,10.0,0.793
2025-04-08T02:32:27.000,10.2,-11.66,1.32,20.05,20.35,129815,-28.3,10.0,0.793
2025-04-08T02:33:27.000,10.13,-11.64,1.3,20.06,20.35,129816,-28.16,10.0,0.793
2025-04-08T02:34:27.000,9.99,-11.93,1.26,20.1,20.35,129817,-28.03,10.0,0.793
2025-04-08T02:35:27.000,10.09,-12.07,1.17,20.18,20.35,129818,-27.89,9.0,0.793
2025-04-08T02:36:27.000,10.18,-11.83,1.14,20.21,20.35,129819,-27.75,9.0,0.793
2025-04-08T02:37:27.000,10.05,-11.84,1.13,20.22,20.35,129820,-27.62,9.0,0.793
2025-04-08T02:38:27.000,10.0,-12.07,1.12,20.23,20.35,129821,-27.48,9.0,0.793
2025-04-08T02:39:28.000,10.09,-12.15,1.11,20.24,20.35,129822,-27.34,9.0,0.793
2025-04-08T02:40:28.000,9.99,-12.1,1.1,20.25,20.35,129823,-27.2,9.0,0.793
2025-04-08T02:41:28.000,10.13,-12.13,1.09,20.26,20.35,129824,-27.06,8.0,0.793
2025-04-08T02:42:28.000,10.08,-11.99,1.08,20.27,20.35,129825,-26.92,8.0,0.793
2025-04-08T02:43:28.000,10.01,-11.91,1.07,20.28,20.35,129826,-26.78,8.0,0.793
2025-04-08T02:44:28.000,10.15,-11.96,1.06,20.29,20.35,129827,-26.64,8.0,0.793
2025-04-08T02:45:28.000,10.07,-11.75,1.05,20.3,20.35,129828,-26.5,8.0,0.793
2025-04-08T02:46:28.000,10.0,-11.71,1.04,20.31,20.35,129829,-26.35,7.0,0.793
2025-04-08T02:47:28.000,10.09,-11.85,1.03,20.31,20.35,129830,-26.21,7.0,0.794
2025-04-08T02:48:28.000,10.03,-11.77,1.03,20.33,20.35,129831,-26.07,7.0,0.794
2025-04-08T02:49:28.000,10.02,-12.04,1.02,20.33,20.35,129832,-25.93,7.0,0.794
2025-04-08T02:50:28.000,10.19,-11.89,1.01,20.34,20.35,129833,-25.78,7.0,0.794
2025-04-08T02:51:28.000,10.08,-11.77,1.0,20.35,20.35,129834,-25.64,7.0,0.794
2025-04-08T02:52:28.000,9.98,-11.95,0.99,20.36,20.35,129835,-25.49,6.0,0.794
2025-04-08T02:53:29.000,10.18,-11.88,0.98,20.37,20.35,129836,-25.35,6.0,0.794
2025-04-08T02:54:29.000,10.08,-11.95,0.97,20.38,20.35,129837,-25.2,6.0,0.794
2025-04-08T02:55:29.000,10.0,-11.9,0.97,20.39,20.35,129838,-25.06,6.0,0.794
2025-04-08T02:56:29.000,10.23,-11.7,0.96,20.4,20.35,129839,-24.91,6.0,0.794
2025-04-08T02:57:29.000,10.22,-11.73,0.95,20.41,20.35,129840,-24.76,6.0,0.794
2025-04-08T02:58:29.000,10.07,-11.74,0.94,20.42,20.35,129841,-24.61,5.0,0.794
2025-04-08T02:59:29.000,10.0,-11.91,0.93,20.43,20.35,129842,-24.47,5.0,0.794
2025-04-08T03:00:29.000,10.17,-11.97,0.92,20.44,20.35,129843,-24.32,5.0,0.794
2025-04-08T03:01:29.000,10.1,-11.75,0.91,20.45,20.35,129844,-24.17,5.0,0.794
2025-04-08T03:02:29.000,9.98,-11.71,0.9,20.46,20.35,129845,-24.02,5.0,0.794
2025-04-08T03:03:29.000,10.12,-11.79,0.9,20.47,20.35,129846,-23.87,5.0,0.794
2025-04-08T03:04:29.000,10.1,-11.71,0.89,20.48,20.35,129847,-23.72,4.0,0.794
2025-04-08T03:05:29.000,10.0,-11.73,0.88,20.49,20.35,129848,-23.57,4.0,0.795
2025-04-08T03:06:29.000,10.1,-11.88,0.87,20.5,20.35,129849,-23.42,4.0,0.795
2025-04-08T03:07:29.000,10.06,-11.79,0.86,20.52,20.35,129850,-23.27,4.0,0.795
2025-04-08T03:08:30.000,10.02,-11.87,0.85,20.53,20.35,129851,-23.12,4.0,0.795
2025-04-08T03:09:30.000,10.12,-11.67,0.84,20.54,20.35,129852,-22.97,3.0,0.795
2025-04-08T03:10:30.000,10.0,-11.68,0.83,20.55,20.35,129853,-22.81,3.0,0.795
2025-04-08T03:11:30.000,10.1,-11.92,0.82,20.57,20.35,129854,-22.66,3.0,0.795
2025-04-08T03:12:30.000,10.12,-11.92,0.81,20.58,20.35,129855,-22.51,3.0,0.795
2025-04-08T03:13:30.000,10.0,-11.68,0.8,20.59,20.35,129856,-22.35,3.0,0.795
2025-04-08T03:14:30.000,10.12,-11.79,0.79,20.61,20.35,129857,-22.2,3.0,0.795
2025-04-08T03:15:30.000,10.07,-11.87,0.78,20.62,20.35,129858,-22.05,2.0,0.795
2025-04-08T03:16:30.000,9.99,-11.77,0.77,20.64,20.35,129859,-21.89,2.0,0.795
2025-04-08T03:17:30.000,10.07,-12.42,0.76,20.65,20.35,129860,-21.74,2.0,0.795
2025-04-08T03:18:30.000,9.99,-12.18,0.75,20.67,20.35,129861,-21.58,2.0,0.795
2025-04-08T03:19:30.000,10.09,-12.3,0.73,20.69,20.35,129862,-21.43,2.0,0.795
2025-04-08T03:20:30.000,10.18,-11.84,0.72,20.71,20.35,129863,-21.27,2.0,0.795
2025-04-08T03:21:30.000,10.04,-11.83,0.71,20.72,20.35,129864,-21.11,1.0,0.795
2025-04-08T03:22:30.000,10.01,-12.18,0.7,20.74,20.35,129865,-20.96,1.0,0.795
2025-04-08T03:23:31.000,10.11,-12.1,0.69,20.76,20.35,129866,-20.8,1.0,0.796
2025-04-08T03:24:31.000,9.99,-11.99,0.68,20.77,20.35,129867,-20.64,1.0,0.796
2025-04-08T03:25:31.000,10.1,-12.27,0.67,20.79,20.35,129868,-20.48,1.0,0.796
2025-04-08T03:26:31.000,10.15,-12.01,0.66,20.8,20.35,129869,-20.32,1.0,0.796
2025-04-08T03:27:31.000,10.01,-11.94,0.65,20.82,20.35,129870,-20.17,0.0,0.796
2025-04-08T03:28:31.000,10.07,-12.11,0.64,20.83,20.35,129871,-20.01,0.0,0.796
2025-04-08T03:29:31.000,10.1,-12.16,0.63,20.85,20.35,129872,-19.85,0.0,0.796
2025-04-08T03:30:31.000,9.97,-12.15,0.63,20.86,20.35,129873,-19.69,-0.0,0.796
2025-04-08T03:31:31.000,10.13,-12.34,0.62,20.87,20.35,129874,-19.53,-0.0,0.796
2025-04-08T03:32:31.000,10.14,-11.97,0.61,20.88,20.35,129875,-19.37,-0.0,0.796
2025-04-08T03:33:31.000,10.0,-11.88,0.61,20.9,20.35,129876,-19.21,-1.0,0.796
2025-04-08T03:34:31.000,10.07,-12.08,0.6,20.91,20.35,129877,-19.05,-1.0,0.796
2025-04-08T03:35:31.000,10.09,-12.03,0.59,20.92,20.35,129878,-18.89,-1.0,0.796
2025-04-08T03:36:32.000,9.99,-12.11,0.58,20.94,20.35,129879,-18.72,-1.0,0.796
2025-04-08T03:37:32.000,10.1,-12.28,0.58,20.95,20.35,129880,-18.56,-1.0,0.796
2025-04-08T03:38:32.000,10.0,-12.15,0.57,20.96,20.35,129881,-18.4,-2.0,0.796
2025-04-08T03:39:32.000,10.09,-12.29,0.57,20.97,20.35,129882,-18.24,-2.0,0.796
2025-04-08T03:40:32.000,10.14,-12.08,0.56,20.98,20.35,129883,-18.08,-2.0,0.796
2025-04-08T03:41:32.000,9.99,-12.0,0.56,20.99,20.35,129884,-17.91,-2.0,0.797
2025-04-08T03:42:32.000,10.07,-12.38,0.55,21.0,20.35,129885,-17.75,-2.0,0.797
2025-04-08T03:43:32.000,10.09,-12.15,0.55,21.0,20.35,129886,-17.59,-2.0,0.797
2025-04-08T03:44:32.000,9.98,-12.25,0.55,21.01,20.35,129887,-17.42,-3.0,0.797
2025-04-08T03:45:32.000,10.11,-12.4,0.55,21.01,20.35,129888,-17.26,-3.0,0.797
2025-04-08T03:46:32.000,10.11,-11.8,0.55,21.01,20.35,129889,-17.09,-3.0,0.797
2025-04-08T03:47:32.000,9.99,-11.85,0.55,21.01,20.35,129890,-16.93,-3.0,0.797
2025-04-08T03:48:32.000,10.09,-12.19,0.54,21.01,20.35,129891,-16.76,-3.0,0.797
2025-04-08T03:49:32.000,10.04,-12.23,0.55,21.01,20.35,129892,-16.6,-3.0,0.797
2025-04-08T03:50:32.000,10.04,-12.29,0.55,21.01,20.35,129893,-16.43,-4.0,0.797
2025-04-08T03:51:33.000,10.14,-12.37,0.55,21.0,20.35,129894,-16.26,-4.0,0.797
2025-04-08T03:52:33.000,10.02,-12.15,0.55,21.0,20.35,129895,-16.1,-4.0,0.797
2025-04-08T03:53:33.000,10.05,-12.35,0.56,20.99,20.35,129896,-15.93,-4.0,0.797
2025-04-08T03:54:33.000,10.24,-12.29,0.56,20.98,20.35,129897,-15.77,-4.0,0.797
2025-04-08T03:55:33.000,10.13,-12.11,0.57,20.97,20.35,129898,-15.6,-4.0,0.797
2025-04-08T03:56:33.000,9.98,-11.95,0.57,20.96,20.35,129899,-15.43,-5.0,0.797
2025-04-08T03:57:33.000,10.11,-12.24,0.58,20.94,20.35,129900,-15.26,-5.0,0.797
2025-04-08T03:58:33.000,10.03,-12.19,0.59,20.92,20.35,129901,-15.1,-5.0,0.797
2025-04-08T03:59:33.000,10.05,-12.18,0.61,20.89,20.35,129902,-14.93,-5.0,0.798
2025-04-08T04:00:33.000,10.16,-12.02,0.62,20.87,20.35,129903,-14.76,-5.0,0.798
2025-04-08T04:01:33.000,10.08,-11.91,0.64,20.84,20.35,129904,-14.59,-5.0,0.798
2025-04-08T04:02:33.000,10.0,-12.03,0.66,20.8,20.35,129905,-14.42,-5.0,0.798
2025-04-08T04:03:33.000,10.16,-12.06,0.69,20.76,20.35,129906,-14.25,-6.0,0.798
2025-04-08T04:04:33.000,10.1,-11.97,0.72,20.72,20.35,129907,-14.09,-6.0,0.798
2025-04-08T04:05:34.000,9.98,-12.04,0.75,20.67,20.35,129908,-13.91,-6.0,0.798
2025-04-08T04:06:34.000,10.2,-11.98,0.79,20.61,20.35,129909,-13.74,-6.0,0.798
2025-04-08T04:07:34.000,10.19,-12.1,0.83,20.55,20.35,129910,-13.57,-6.0,0.798
2025-04-08T04:08:34.000,10.03,-11.89,0.89,20.48,20.35,129911,-13.4,-6.0,0.798
2025-04-08T04:09:34.000,10.05,-12.18,0.95,20.41,20.35,129912,-13.23,-7.0,0.798
2025-04-08T04:10:34.000,10.14,-12.19,1.02,20.33,20.35,129913,-13.06,-7.0,0.798
2025-04-08T04:11:34.000,10.03,-12.12,1.11,20.24,20.35,129914,-12.89,-7.0,0.798
2025-04-08T04:12:34.000,10.04,-12.3,1.21,20.14,20.35,129915,-12.72,-7.0,0.798
2025-04-08T04:13:34.000,10.16,-12.18,1.33,20.04,20.35,129916,-12.55,-7.0,0.798
2025-04-08T04:14:34.000,10.04,-12.14,1.47,19.93,20.35,129917,-12.38,-7.0,0.798
2025-04-08T04:15:34.000,10.01,-12.38,1.63,19.82,20.35,129918,-12.21,-8.0,0.798
2025-04-08T04:16:34.000,10.16,-12.16,1.83,19.7,20.35,129919,-12.03,-8.0,0.798
2025-04-08T04:17:35.000,10.09,-12.02,2.04,19.58,20.35,129920,-11.86,-8.0,0.799
2025-04-08T04:18:35.000,9.97,-12.23,2.3,19.45,20.35,129921,-11.69,-8.0,0.799
2025-04-08T04:19:35.000,10.15,-12.45,2.6,19.31,20.35,129922,-11.51,-8.0,0.799
2025-04-08T04:20:35.000,10.1,-12.36,2.96,19.17,20.35,129923,-11.34,-8.0,0.799
2025-04-08T04:21:35.000,9.99,-12.45,3.4,19.02,20.35,129924,-11.17,-9.0,0.799
2025-04-08T04:22:35.000,10.06,-12.79,3.9,18.87,20.35,129925,-11.0,-9.0,0.799
2025-04-08T04:23:35.000,10.01,-12.38,4.49,18.72,20.35,129926,-10.82,-9.0,0.799
2025-04-08T04:24:36.000,10.04,-12.5,5.19,18.56,20.35,129927,-10.65,-9.0,0.799
2025-04-08T04:25:36.000,10.04,-12.35,6.0,18.41,20.35,129928,-10.47,-9.0,0.799
2025-04-08T04:26:36.000,10.03,-12.53,6.96,18.24,20.35,129929,-10.3,-9.0,0.799
2025-04-08T04:27:36.000,10.12,-12.36,8.12,18.08,20.35,129930,-10.12,-9.0,0.799
2025-04-08T04:28:36.000,10.0,-12.35,9.44,17.91,20.35,129931,-9.95,-10.0,0.799
2025-04-08T04:29:36.000,10.08,-12.58,11.03,17.74,20.35,129932,-9.77,-10.0,0.799
2025-04-08T04:30:36.000,10.11,-12.57,13.01,17.57,20.35,129933,-9.6,-10.0,0.799
2025-04-08T04:31:36.000,9.94,-13.03,15.16,17.4,20.35,129934,-9.43,-10.0,0.799
2025-04-08T04:32:37.000,10.15,-12.97,17.84,17.22,20.35,129935,-9.25,-10.0,0.799
2025-04-08T04:33:37.000,10.12,-12.52,20.96,17.05,20.35,129936,-9.07,-10.0,0.799
2025-04-08T04:34:37.000,9.96,-12.63,24.86,16.86,20.35,129937,-8.9,-11.0,0.799
2025-04-08T04:35:37.000,10.09,-12.81,29.54,16.68,20.35,129938,-8.72,-11.0,0.8
2025-04-08T04:36:37.000,10.08,-12.46,35.09,16.49,20.35,129939,-8.54,-11.0,0.8
2025-04-08T04:37:37.000,9.93,-12.91,41.87,16.3,20.35,129940,-8.37,-11.0,0.8
2025-04-08T04:38:37.000,10.12,-12.94,48.84,16.13,20.35,129941,-8.19,-11.0,0.8
2025-04-08T04:39:38.000,10.15,-12.8,60.39,15.9,20.35,129942,-8.01,-11.0,0.8
2025-04-08T04:40:38.000,9.98,-12.83,73.52,15.69,20.35,129943,-7.84,-12.0,0.8
2025-04-08T04:41:38.000,10.15,-12.68,89.78,15.47,20.35,129944,-7.66,-12.0,0.8
2025-04-08T04:42:38.000,10.05,-12.58,110.16,15.25,20.35,129945,-7.48,-12.0,0.8
2025-04-08T04:43:38.000,10.01,-12.77,136.07,15.02,20.35,129946,-7.31,-12.0,0.8
2025-04-08T04:44:38.000,10.12,-12.81,168.34,14.79,20.35,129947,-7.13,-12.0,0.8
2025-04-08T04:45:38.000,9.99,-12.48,209.19,14.55,20.35,129948,-6.95,-12.0,0.8
2025-04-08T04:46:39.000,10.08,-12.79,261.13,14.31,20.35,129949,-6.77,-12.0,0.8
2025-04-08T04:47:39.000,10.07,-12.46,325.98,14.07,20.35,129950,-6.59,-13.0,0.8
2025-04-08T04:48:39.000,9.95,-12.72,407.19,13.83,20.35,129951,-6.41,-13.0,0.8
2025-04-08T04:49:39.000,10.19,-12.63,509.56,13.58,20.35,129952,-6.24,-13.0,0.8
2025-04-08T04:50:39.000,10.19,-12.44,637.66,13.34,20.35,129953,-6.06,-13.0,0.8
2025-04-08T04:51:39.000,10.0,-12.35,798.07,13.1,20.35,129954,-5.88,-13.0,0.8
2025-04-08T04:52:39.000,10.09,-12.61,1001.47,12.85,20.35,129955,-5.7,-13.0,0.8
2025-04-08T04:53:39.000,10.09,-12.35,1254.94,12.61,20.35,129956,-5.52,-13.0,0.801
