ecsv/stars759/stars759_2025-04.ecsv
# %ECSV 1.0
# ---
# datatype:
# - {name: time, datatype: string}
# - {name: Enclosure Temperature, unit: deg_C, datatype: float64}
# - {name: Sky Temperature, unit: deg_C, datatype: float64}
# - {name: Frequency, unit: Hz, datatype: float64}
# - {name: MSAS, unit: mag / arcsec2, datatype: float64}
# - {name: ZP, datatype: float64}
# - {name: Sequence Number, datatype: int64}
# - {name: Sun Alt, unit: deg, datatype: float64}
# - {name: Moon Alt, unit: deg, datatype: float64}
# - {name: Moon Illumination, datatype: float64}
# delimiter: ','
# meta: !!omap
# - ida:
#     Data supplier: {affiliation: "Observatori Astron\xF2mic Albany\xE0", observer: null}
#     Device type: TESS-W
#     Field of view: 17.0
#     Filters per channel: None
#     Instrument ID: stars759
#     License: ODbL 1.0 http://opendatacommons.org/licenses/odbl/summary/
#     Local timezone: Europe/Madrid
#     Location name: {country: Spain, place: "Albany\xE0", region: Catalonia, sub_region: "Upper Empord\xE0", town: "Albany\xE0"}
#     Measurement direction per channel: {azimuth: 0.0, zenital: 0.0}
#     Moving / Fixed look direction: FIXED
#     Moving / Stationary position: STATIONARY
#     Number of channels: 1
#     Number of fields per line: 8
#     Number of header lines: 35
#     Position: {height: 0.0, latitude: 42.306781, longitude: 2.711439}
#     TESS MAC address: E8:DB:84:83:07:32
#     TESS cover offset value: 0.0
#     TESS firmware version: '1.0'
#     TESS zero point: 20.35
#     Time Synchronization: timestamp added by MQTT subscriber
#     URL: http://www.darksky.org/NSBM/sdf1.0.pdf
# - __serialized_columns__:
#     Enclosure Temperature:
#       __class__: astropy.units.quantity.Quantity
#       unit: &id001 !astropy.units.Unit {unit: deg_C}
#       value: !astropy.table.SerializedColumn {name: Enclosure Temperature}
#     Frequency:
#       __class__: astropy.units.quantity.Quantity
#       unit: !astropy.units.Unit {unit: Hz}
#       value: !astropy.table.SerializedColumn {name: Frequency}
#     MSAS:
#       __class__: astropy.units.quantity.Quantity
#       unit: !astropy.units.Unit {unit: mag / arcsec2}
#       value: !astropy.table.SerializedColumn {name: MSAS}
#     Moon Alt:
#       __class__: astropy.units.quantity.Quantity
#       unit: &id002 !astropy.units.Unit {unit: deg}
#       value: !astropy.table.SerializedColumn {name: Moon Alt}
#     Sky Temperature:
#       __class__: astropy.units.quantity.Quantity
#       unit: *id001
#       value: !astropy.table.SerializedColumn {name: Sky Temperature}
#     Sun Alt:
#       __class__: astropy.units.quantity.Quantity
#       unit: *id002
#       value: !astropy.table.SerializedColumn {name: Sun Alt}
#     time:
#       __class__: astropy.time.core.Time
#       format: isot
#       in_subfmt: '*'
#       out_subfmt: '*'
#       precision: 3
#       scale: utc
#       value: !astropy.table.SerializedColumn {name: time}
# schema: astropy-2.0
time,Enclosure Temperature,Sky Temperature,Frequency,MSAS,ZP,Sequence Number,Sun Alt,Moon Alt,Moon Illumination
[from data line 11333]
2025-04-17T20:36:12.000,10.94,-10.26,0.58,20.94,20.35,143822,-21.06,-28.0,0.801
2025-04-17T20:37:12.000,10.81,-10.8,0.52,21.07,20.35,143823,-21.2,-28.0,0.801
2025-04-17T20:38:12.000,10.69,-10.97,0.49,21.14,20.35,143824,-21.35,-27.0,0.801
2025-04-17T20:39:12.000,10.58,-11.02,0.49,21.14,20.35,143825,-21.49,-27.0,0.801
2025-04-17T20:40:12.000,10.46,-10.92,0.49,21.12,20.35,143826,-21.63,-27.0,0.801
2025-04-17T20:41:12.000,10.37,-10.6,0.5,21.11,20.35,143827,-21.78,-27.0,0.8
2025-04-17T20:42:12.000,10.3,-10.25,0.5,21.11,20.35,143828,-21.92,-27.0,0.8
2025-04-17T20:43:12.000,10.23,-10.03,0.5,21.1,20.35,143829,-22.06,-27.0,0.8
2025-04-17T20:44:13.000,10.18,-9.87,0.53,21.05,20.35,143830,-22.2,-26.0,0.8
2025-04-17T20:45:13.000,10.12,-9.94,0.53,21.05,20.35,143831,-22.34,-26.0,0.8
2025-04-17T20:46:13.000,10.08,-10.16,0.5,21.11,20.35,143832,-22.49,-26.0,0.8
2025-04-17T20:47:13.000,10.04,-10.16,0.49,21.12,20.35,143833,-22.63,-26.0,0.8
2025-04-17T20:48:13.000,10.02,-9.84,0.51,21.08,20.35,143834,-22.76,-26.0,0.8
2025-04-17T20:49:13.000,10.02,-9.27,0.55,21.0,20.35,143835,-22.9,-26.0,0.8
2025-04-17T20:50:13.000,10.1,-8.72,0.58,20.94,20.35,143836,-23.04,-25.0,0.8
2025-04-17T20:51:13.000,10.13,-8.57,0.56,20.99,20.35,143837,-23.18,-25.0,0.8
2025-04-17T20:52:13.000,10.12,-8.92,0.52,21.06,20.35,143838,-23.32,-25.0,0.8
2025-04-17T20:53:13.000,10.07,-9.43,0.53,21.05,20.35,143839,-23.46,-25.0,0.8
2025-04-17T20:54:13.000,10.02,-9.82,0.52,21.06,20.35,143840,-23.59,-25.0,0.8
2025-04-17T20:55:13.000,10.08,-10.08,0.5,21.11,20.35,143841,-23.73,-25.0,0.8
2025-04-17T20:56:13.000,10.11,-10.3,0.49,21.13,20.35,143842,-23.86,-24.0,0.8
2025-04-17T20:57:13.000,10.06,-10.57,0.49,21.14,20.35,143843,-24.0,-24.0,0.8
2025-04-17T20:58:13.000,10.01,-10.89,0.49,21.14,20.35,143844,-24.13,-24.0,0.8
2025-04-17T20:59:14.000,10.1,-11.43,0.48,21.14,20.35,143845,-24.27,-24.0,0.8
2025-04-17T21:00:14.000,10.24,-11.57,0.48,21.15,20.35,143846,-24.4,-24.0,0.799
2025-04-17T21:01:14.000,10.2,-11.54,0.47,21.17,20.35,143847,-24.54,-24.0,0.799
2025-04-17T21:02:14.000,10.08,-11.58,0.47,21.17,20.35,143848,-24.67,-23.0,0.799
2025-04-17T21:03:14.000,10.0,-11.7,0.47,21.17,20.35,143849,-24.8,-23.0,0.799
2025-04-17T21:04:14.000,10.15,-11.77,0.47,21.17,20.35,143850,-24.93,-23.0,0.799
2025-04-17T21:05:14.000,10.22,-11.73,0.47,21.17,20.35,143851,-25.07,-23.0,0.799
2025-04-17T21:06:14.000,10.13,-11.68,0.47,21.17,20.35,143852,-25.2,-23.0,0.799
2025-04-17T21:07:14.000,10.03,-11.71,0.47,21.17,20.35,143853,-25.33,-23.0,0.799
2025-04-17T21:08:14.000,10.04,-11.84,0.47,21.17,20.35,143854,-25.46,-22.0,0.799
2025-04-17T21:09:14.000,10.15,-11.75,0.47,21.17,20.35,143855,-25.58,-22.0,0.799
2025-04-17T21:10:14.000,10.09,-11.76,0.47,21.17,20.35,143856,-25.71,-22.0,0.799
2025-04-17T21:11:14.000,10.01,-11.72,0.47,21.17,20.35,143857,-25.84,-22.0,0.799
2025-04-17T21:12:14.000,10.12,-11.82,0.47,21.17,20.35,143858,-25.97,-22.0,0.799
2025-04-17T21:13:14.000,10.19,-11.61,0.48,21.14,20.35,143859,-26.1,-22.0,0.799
2025-04-17T21:14:15.000,10.08,-11.5,0.48,21.16,20.35,143860,-26.22,-21.0,0.799
2025-04-17T21:15:15.000,10.0,-11.58,0.48,21.16,20.35,143861,-26.35,-21.0,0.799
2025-04-17T21:16:15.000,10.18,-11.27,0.48,21.16,20.35,143862,-26.47,-21.0,0.799
2025-04-17T21:17:15.000,10.19,-10.91,0.48,21.15,20.35,143863,-26.6,-21.0,0.799
2025-04-17T21:18:15.000,10.06,-10.45,0.49,21.13,20.35,143864,-26.72,-21.0,0.798
2025-04-17T21:19:15.000,10.02,-9.8,0.5,21.1,20.35,143865,-26.85,-21.0,0.798
2025-04-17T21:20:15.000,10.21,-9.02,0.51,21.1,20.35,143866,-26.97,-20.0,0.798
2025-04-17T21:21:15.000,10.2,-8.11,0.5,21.1,20.35,143867,-27.09,-20.0,0.798
2025-04-17T21:22:15.000,10.17,-6.98,0.51,21.09,20.35,143868,-27.21,-20.0,0.798
2025-04-17T21:23:15.000,10.13,-5.74,0.54,21.03,20.35,143869,-27.34,-20.0,0.798
2025-04-17T21:24:15.000,10.09,-4.26,0.56,20.98,20.35,143870,-27.46,-20.0,0.798
2025-04-17T21:25:15.000,10.07,-3.03,0.58,20.94,20.35,143871,-27.58,-20.0,0.798
2025-04-17T21:26:15.000,10.08,-2.28,0.59,20.92,20.35,143872,-27.7,-19.0,0.798
2025-04-17T21:27:15.000,10.07,-1.94,0.58,20.95,20.35,143873,-27.81,-19.0,0.798
2025-04-17T21:28:15.000,10.1,-1.55,0.57,20.97,20.35,143874,-27.93,-19.0,0.798
2025-04-17T21:29:15.000,10.16,-1.16,0.57,20.96,20.35,143875,-28.05,-19.0,0.798
2025-04-17T21:30:16.000,10.2,-0.87,0.59,20.92,20.35,143876,-28.17,-19.0,0.798
2025-04-17T21:31:16.000,10.22,-0.49,0.6,20.91,20.35,143877,-28.29,-19.0,0.798
2025-04-17T21:32:16.000,10.29,-0.51,0.58,20.94,20.35,143878,-28.4,-18.0,0.798
2025-04-17T21:33:16.000,10.35,-0.44,0.57,20.96,20.35,143879,-28.52,-18.0,0.798
2025-04-17T21:34:16.000,10.41,-0.47,0.58,20.94,20.35,143880,-28.63,-18.0,0.798
2025-04-17T21:35:16.000,10.44,-0.72,0.6,20.92,20.35,143881,-28.74,-18.0,0.798
2025-04-17T21:36:16.000,10.44,-1.16,0.58,20.94,20.35,143882,-28.86,-18.0,0.798
2025-04-17T21:37:16.000,10.44,-1.45,0.56,20.98,20.35,143883,-28.97,-18.0,0.797
2025-04-17T21:38:16.000,10.46,-1.53,0.56,20.98,20.35,143884,-29.08,-17.0,0.797
2025-04-17T21:39:16.000,10.46,-1.75,0.55,21.0,20.35,143885,-29.19,-17.0,0.797
2025-04-17T21:40:16.000,10.46,-1.9,0.53,21.04,20.35,143886,-29.3,-17.0,0.797
2025-04-17T21:41:16.000,10.48,-1.91,0.54,21.02,20.35,143887,-29.41,-17.0,0.797
2025-04-17T21:42:16.000,10.49,-1.56,0.56,20.99,20.35,143888,-29.52,-17.0,0.797
2025-04-17T21:43:16.000,10.53,-0.96,0.57,20.97,20.35,143889,-29.63,-17.0,0.797
2025-04-17T21:44:16.000,10.58,-0.85,0.58,20.95,20.35,143890,-29.74,-16.0,0.797
2025-04-17T21:45:16.000,10.65,-0.99,0.57,20.96,20.35,143891,-29.85,-16.0,0.797
2025-04-17T21:46:17.000,10.68,-1.36,0.58,20.95,20.35,143892,-29.96,-16.0,0.797
2025-04-17T21:47:17.000,10.69,-1.84,0.58,20.95,20.35,143893,-30.06,-16.0,0.797
2025-04-17T21:48:17.000,10.69,-2.44,0.57,20.96,20.35,143894,-30.17,-16.0,0.797
2025-04-17T21:49:17.000,10.65,-3.23,0.56,20.99,20.35,143895,-30.27,-16.0,0.797
2025-04-17T21:50:17.000,10.55,-4.05,0.54,21.03,20.35,143896,-30.38,-15.0,0.797
2025-04-17T21:51:17.000,10.52,-4.92,0.53,21.05,20.35,143897,-30.48,-15.0,0.797
2025-04-17T21:52:17.000,10.48,-5.63,0.53,21.05,20.35,143898,-30.58,-15.0,0.797
2025-04-17T21:53:17.000,10.45,-5.88,0.52,21.07,20.35,143899,-30.68,-15.0,0.797
2025-04-17T21:54:17.000,10.39,-5.54,0.55,20.99,20.35,143900,-30.79,-15.0,0.797
2025-04-17T21:55:17.000,10.35,-4.76,0.57,20.96,20.35,143901,-30.89,-15.0,0.796
2025-04-17T21:56:17.000,10.27,-4.1,0.58,20.95,20.35,143902,-30.99,-14.0,0.796
2025-04-17T21:57:17.000,10.26,-3.67,0.57,20.96,20.35,143903,-31.09,-14.0,0.796
2025-04-17T21:58:17.000,10.3,-3.74,0.55,21.01,20.35,143904,-31.18,-14.0,0.796
2025-04-17T21:59:17.000,10.3,-4.16,0.53,21.04,20.35,143905,-31.28,-14.0,0.796
2025-04-17T22:00:17.000,10.29,-4.59,0.52,21.06,20.35,143906,-31.38,-14.0,0.796
2025-04-17T22:01:17.000,10.26,-5.27,0.51,21.08,20.35,143907,-31.47,-14.0,0.796
2025-04-17T22:02:18.000,10.22,-6.09,0.51,21.08,20.35,143908,-31.57,-14.0,0.796
2025-04-17T22:03:18.000,10.17,-7.25,0.49,21.13,20.35,143909,-31.67,-13.0,0.796
2025-04-17T22:04:18.000,10.09,-8.39,0.47,21.17,20.35,143910,-31.76,-13.0,0.796
2025-04-17T22:05:18.000,10.03,-9.51,0.47,21.18,20.35,143911,-31.85,-13.0,0.796
2025-04-17T22:06:18.000,10.01,-10.41,0.46,21.19,20.35,143912,-31.95,-13.0,0.796
2025-04-17T22:07:18.000,10.1,-10.82,0.46,21.2,20.35,143913,-32.04,-13.0,0.796
2025-04-17T22:09:23.000,10.0,-11.42,0.46,21.2,20.35,143915,-32.23,-12.0,0.796
2025-04-17T22:10:23.000,10.09,-12.0,0.45,21.21,20.35,143916,-32.32,-12.0,0.796
2025-04-17T22:11:23.000,10.2,-11.97,0.45,21.21,20.35,143917,-32.4,-12.0,0.796
2025-04-17T22:12:23.000,10.11,-12.07,0.45,21.22,20.35,143918,-32.49,-12.0,0.796
2025-04-17T22:13:23.000,9.99,-12.16,0.45,21.22,20.35,143919,-32.58,-12.0,0.796
2025-04-17T22:14:24.000,10.11,-12.58,0.45,21.22,20.35,143920,-32.67,-12.0,0.795
2025-04-17T22:15:24.000,10.13,-12.49,0.45,21.22,20.35,143921,-32.75,-11.0,0.795
2025-04-17T22:16:24.000,10.0,-12.43,0.45,21.22,20.35,143922,-32.84,-11.0,0.795
2025-04-17T22:17:24.000,10.11,-12.52,0.45,21.22,20.35,143923,-32.92,-11.0,0.795
2025-04-17T22:18:24.000,10.1,-12.49,0.45,21.22,20.35,143924,-33.0,-11.0,0.795
2025-04-17T22:19:24.000,9.96,-12.75,0.45,21.22,20.35,143925,-33.09,-11.0,0.795
2025-04-17T22:20:24.000,10.16,-12.73,0.45,21.22,20.35,143926,-33.17,-11.0,0.795
2025-04-17T22:21:24.000,10.25,-12.4,0.45,21.22,20.35,143927,-33.25,-11.0,0.795
2025-04-17T22:22:24.000,10.09,-12.4,0.45,21.22,20.35,143928,-33.33,-10.0,0.795
2025-04-17T22:23:24.000,9.98,-12.52,0.45,21.22,20.35,143929,-33.41,-10.0,0.795
2025-04-17T22:24:24.000,10.19,-12.66,0.45,21.23,20.35,143930,-33.49,-10.0,0.795
2025-04-17T22:25:24.000,10.17,-12.43,0.45,21.22,20.35,143931,-33.56,-10.0,0.795
2025-04-17T22:26:24.000,10.01,-12.32,0.45,21.22,20.35,143932,-33.64,-10.0,0.795
2025-04-17T22:27:24.000,10.05,-12.66,0.45,21.22,20.35,143933,-33.72,-10.0,0.795
2025-04-17T22:28:24.000,10.24,-12.57,0.45,21.22,20.35,143934,-33.79,-9.0,0.795
2025-04-17T22:29:25.000,10.08,-12.76,0.45,21.22,20.35,143935,-33.87,-9.0,0.795
2025-04-17T22:30:25.000,9.96,-12.75,0.45,21.22,20.35,143936,-33.94,-9.0,0.795
2025-04-17T22:31:25.000,10.21,-12.71,0.45,21.23,20.35,143937,-34.01,-9.0,0.795
2025-04-17T22:32:25.000,10.2,-12.51,0.45,21.23,20.35,143938,-34.09,-9.0,0.794
2025-04-17T22:33:25.000,10.02,-12.53,0.45,21.22,20.35,143939,-34.16,-9.0,0.794
2025-04-17T22:34:25.000,9.95,-13.26,0.45,21.22,20.35,143940,-34.23,-9.0,0.794
2025-04-17T22:35:25.000,10.19,-13.16,0.45,21.22,20.35,143941,-34.3,-8.0,0.794
2025-04-17T22:36:25.000,10.1,-12.93,0.45,21.22,20.35,143942,-34.36,-8.0,0.794
2025-04-17T22:37:25.000,9.99,-12.77,0.45,21.22,20.35,143943,-34.43,-8.0,0.794
2025-04-17T22:38:25.000,10.14,-12.81,0.45,21.22,20.35,143944,-34.5,-8.0,0.794
2025-04-17T22:39:25.000,10.06,-12.52,0.45,21.22,20.35,143945,-34.56,-8.0,0.794
2025-04-17T22:40:25.000,9.97,-12.7,0.45,21.22,20.35,143946,-34.63,-8.0,0.794
2025-04-17T22:41:25.000,10.13,-12.81,0.45,21.22,20.35,143947,-34.69,-8.0,0.794
2025-04-17T22:42:25.000,10.01,-12.73,0.45,21.22,20.35,143948,-34.75,-7.0,0.794
2025-04-17T22:43:25.000,10.06,-12.84,0.45,21.22,20.35,143949,-34.82,-7.0,0.794
2025-04-17T22:44:26.000,10.14,-12.78,0.45,21.22,20.35,143950,-34.88,-7.0,0.794
2025-04-17T22:45:26.000,9.98,-12.92,0.45,21.21,20.35,143951,-34.94,-7.0,0.794
2025-04-17T22:46:26.000,10.14,-13.02,0.45,21.21,20.35,143952,-35.0,-7.0,0.794
2025-04-17T22:47:26.000,10.15,-12.87,0.46,21.21,20.35,143953,-35.06,-7.0,0.794
2025-04-17T22:48:26.000,9.98,-12.62,0.46,21.21,20.35,143954,-35.12,-6.0,0.794
2025-04-17T22:49:26.000,10.09,-12.93,0.46,21.2,20.35,143955,-35.17,-6.0,0.794
2025-04-17T22:50:26.000,10.15,-12.92,0.46,21.2,20.35,143956,-35.23,-6.0,0.793
2025-04-17T22:51:26.000,9.98,-12.73,0.46,21.2,20.35,143957,-35.28,-6.0,0.793
2025-04-17T22:52:26.000,10.1,-13.04,0.46,21.2,20.35,143958,-35.34,-6.0,0.793
2025-04-17T22:53:26.000,10.15,-12.98,0.46,21.2,20.35,143959,-35.39,-6.0,0.793
2025-04-17T22:54:26.000,9.95,-13.11,0.46,21.2,20.35,143960,-35.44,-6.0,0.793
2025-04-17T22:55:26.000,10.09,-13.26,0.46,21.2,20.35,143961,-35.5,-5.0,0.793
2025-04-17T22:56:26.000,10.2,-12.97,0.46,21.2,20.35,143962,-35.55,-5.0,0.793
2025-04-17T22:57:26.000,10.05,-12.69,0.46,21.19,20.35,143963,-35.6,-5.0,0.793
2025-04-17T22:58:26.000,9.96,-13.0,0.46,21.2,20.35,143964,-35.64,-5.0,0.793
2025-04-17T22:59:27.000,10.23,-12.93,0.46,21.2,20.35,143965,-35.69,-5.0,0.793
2025-04-17T23:00:27.000,10.21,-12.72,0.46,21.2,20.35,143966,-35.74,-5.0,0.793
2025-04-17T23:01:27.000,10.0,-12.84,0.46,21.2,20.35,143967,-35.79,-5.0,0.793
2025-04-17T23:02:27.000,10.02,-13.14,0.46,21.2,20.35,143968,-35.83,-4.0,0.793
2025-04-17T23:03:27.000,10.23,-12.93,0.46,21.21,20.35,143969,-35.87,-4.0,0.793
2025-04-17T23:04:27.000,10.03,-13.05,0.46,21.21,20.35,143970,-35.92,-4.0,0.793
2025-04-17T23:05:27.000,10.03,-13.16,0.46,21.21,20.35,143971,-35.96,-4.0,0.793
2025-04-17T23:06:27.000,10.13,-13.25,0.46,21.21,20.35,143972,-36.0,-4.0,0.793
2025-04-17T23:07:27.000,9.99,-13.09,0.46,21.2,20.35,143973,-36.04,-4.0,0.793
2025-04-17T23:08:27.000,10.11,-13.02,0.46,21.2,20.35,143974,-36.08,-4.0,0.793
2025-04-17T23:09:27.000,10.07,-12.87,0.46,21.2,20.35,143975,-36.12,-3.0,0.792
2025-04-17T23:10:27.000,9.96,-13.06,0.46,21.2,20.35,143976,-36.16,-3.0,0.792
2025-04-17T23:11:27.000,10.19,-13.1,0.46,21.2,20.35,143977,-36.19,-3.0,0.792
2025-04-17T23:12:28.000,10.16,-12.98,0.46,21.19,20.35,143978,-36.23,-3.0,0.792
2025-04-17T23:13:28.000,9.95,-13.15,0.46,21.19,20.35,143979,-36.26,-3.0,0.792
2025-04-17T23:14:28.000,10.1,-13.44,0.46,21.19,20.35,143980,-36.3,-3.0,0.792
2025-04-17T23:15:28.000,10.08,-13.16,0.47,21.18,20.35,143981,-36.33,-3.0,0.792
2025-04-17T23:16:28.000,9.97,-13.32,0.47,21.18,20.35,143982,-36.36,-2.0,0.792
2025-04-17T23:17:28.000,10.16,-13.36,0.47,21.18,20.35,143983,-36.39,-2.0,0.792
2025-04-17T23:18:28.000,10.06,-13.22,0.47,21.17,20.35,143984,-36.42,-2.0,0.792
2025-04-17T23:19:28.000,9.94,-13.65,0.47,21.17,20.35,143985,-36.45,-2.0,0.792
2025-04-17T23:20:28.000,10.16,-13.67,0.48,21.16,20.35,143986,-36.48,-2.0,0.792
2025-04-17T23:21:28.000,10.12,-13.14,0.48,21.15,20.35,143987,-36.51,-2.0,0.792
2025-04-17T23:22:28.000,9.96,-13.18,0.48,21.14,20.35,143988,-36.53,-2.0,0.792
2025-04-17T23:23:28.000,10.1,-13.46,0.49,21.14,20.35,143989,-36.56,-1.0,0.792
2025-04-17T23:24:28.000,10.16,-13.25,0.49,21.13,20.35,143990,-36.58,-1.0,0.792
2025-04-17T23:25:28.000,9.96,-13.44,0.5,21.11,20.35,143991,-36.6,-1.0,0.792
2025-04-17T23:26:28.000,10.14,-13.48,0.5,21.1,20.35,143992,-36.62,-1.0,0.792
2025-04-17T23:27:28.000,10.16,-13.26,0.51,21.09,20.35,143993,-36.65,-1.0,0.791
2025-04-17T23:28:29.000,9.93,-13.51,0.51,21.08,20.35,143994,-36.67,-1.0,0.791
2025-04-17T23:29:29.000,10.04,-13.64,0.52,21.07,20.35,143995,-36.69,-1.0,0.791
2025-04-17T23:30:29.000,10.24,-13.42,0.52,21.06,20.35,143996,-36.7,-1.0,0.791
2025-04-17T23:31:29.000,10.01,-13.66,0.53,21.05,20.35,143997,-36.72,-0.0,0.791
2025-04-17T23:32:29.000,9.99,-13.77,0.53,21.03,20.35,143998,-36.74,-0.0,0.791
2025-04-17T23:33:29.000,10.22,-13.47,0.54,21.02,20.35,143999,-36.75,-0.0,0.791
2025-04-17T23:34:29.000,10.06,-13.42,0.55,21.01,20.35,144000,-36.77,0.0,0.791
2025-04-17T23:35:29.000,9.95,-13.52,0.55,21.0,20.35,144001,-36.78,0.0,0.791
2025-04-17T23:36:29.000,10.2,-13.51,0.56,20.98,20.35,144002,-36.79,0.0,0.791
2025-04-17T23:37:29.000,10.09,-13.36,0.57,20.97,20.35,144003,-36.8,0.0,0.791
2025-04-17T23:38:29.000,9.94,-13.7,0.57,20.96,20.35,144004,-36.81,1.0,0.791
2025-04-17T23:39:29.000,10.14,-13.8,0.58,20.94,20.35,144005,-36.82,1.0,0.791
2025-04-17T23:40:29.000,10.11,-13.36,0.59,20.93,20.35,144006,-36.83,1.0,0.791
2025-04-17T23:41:29.000,9.9,-13.81,0.6,20.92,20.35,144007,-36.84,1.0,0.791
2025-04-17T23:42:29.000,10.15,-13.74,0.6,20.91,20.35,144008,-36.84,1.0,0.791
2025-04-17T23:43:29.000,10.1,-13.6,0.61,20.89,20.35,144009,-36.85,1.0,0.791
2025-04-17T23:44:30.000,9.97,-13.61,0.62,20.88,20.35,144010,-36.85,1.0,0.791
2025-04-17T23:45:30.000,10.1,-13.78,0.62,20.87,20.35,144011,-36.86,1.0,0.79
2025-04-17T23:46:30.000,10.01,-13.36,0.63,20.85,20.35,144012,-36.86,2.0,0.79
2025-04-17T23:47:30.000,10.0,-13.72,0.64,20.84,20.35,144013,-36.86,2.0,0.79
2025-04-17T23:48:30.000,10.15,-13.47,0.65,20.83,20.35,144014,-36.86,2.0,0.79
2025-04-17T23:49:30.000,10.0,-13.37,0.65,20.82,20.35,144015,-36.86,2.0,0.79
2025-04-17T23:50:30.000,9.99,-14.1,0.66,20.81,20.35,144016,-36.86,2.0,0.79
2025-04-17T23:51:30.000,10.13,-13.93,0.67,20.79,20.35,144017,-36.85,2.0,0.79
2025-04-17T23:52:30.000,9.95,-14.02,0.67,20.78,20.35,144018,-36.85,2.0,0.79
2025-04-17T23:53:30.000,10.04,-14.08,0.68,20.77,20.35,144019,-36.85,2.0,0.79
2025-04-17T23:54:30.000,10.18,-13.68,0.69,20.76,20.35,144020,-36.84,3.0,0.79
2025-04-17T23:55:30.000,9.98,-13.76,0.7,20.75,20.35,144021,-36.83,3.0,0.79
2025-04-17T23:56:30.000,10.01,-14.27,0.7,20.73,20.35,144022,-36.83,3.0,0.79
2025-04-17T23:57:30.000,10.09,-13.9,0.71,20.73,20.35,144023,-36.82,3.0,0.79
2025-04-17T23:58:30.000,9.98,-13.67,0.71,20.72,20.35,144024,-36.81,3.0,0.79
2025-04-17T23:59:31.000,10.12,-13.68,0.72,20.71,20.35,144025,-36.8,3.0,0.79
