ecsv/stars759/stars759_2024-04.ecsv
# %ECSV 1.0
# ---
# datatype:
# - {name: time, datatype: string}
# - {name: Enclosure Temperature, unit: deg_C, datatype: float64}
# - {name: Sky Temperature, unit: deg_C, datatype: float64}
# - {name: Frequency, unit: Hz, datatype: float64}
# - {name: MSAS, unit: mag / arcsec2, datatype: float64}
# - {name: ZP, datatype: float64}
# - {name: Sequence Number, datatype: int64}
# - {name: Sun Alt, unit: deg, datatype: float64}
# - {name: Moon Alt, unit: deg, datatype: float64}
# - {name: Moon Illumination, datatype: float64}
# delimiter: ','
# meta: !!omap
# - ida:
#     Data supplier: {affiliation: "Observatori Astron\xF2mic Albany\xE0", observer: null}
#     Device type: TESS-W
#     Field of view: 17.0
#     Filters per channel: None
#     Instrument ID: stars759
#     License: ODbL 1.0 http://opendatacommons.org/licenses/odbl/summary/
#     Local timezone: Europe/Madrid
#     Location name: {country: Spain, place: "Albany\xE0", region: Catalonia, sub_region: "Upper Empord\xE0", town: "Albany\xE0"}
#     Measurement direction per channel: {azimuth: 0.0, zenital: 0.0}
#     Moving / Fixed look direction: FIXED
#     Moving / Stationary position: STATIONARY
#     Number of channels: 1
#     Number of fields per line: 8
#     Number of header lines: 35
#     Position: {height: 0.0, latitude: 42.306781, longitude: 2.711439}
#     TESS MAC address: E8:DB:84:83:07:32
#     TESS cover offset value: 0.0
#     TESS firmware version: '1.0'
#     TESS zero point: 20.35
#     Time Synchronization: timestamp added by MQTT subscriber
#     URL: http://www.darksky.org/NSBM/sdf1.0.pdf
# - __serialized_columns__:
#     Enclosure Temperature:
#       __class__: astropy.units.quantity.Quantity
#       unit: &id001 !astropy.units.Unit {unit: deg_C}
#       value: !astropy.table.SerializedColumn {name: Enclosure Temperature}
#     Frequency:
#       __class__: astropy.units.quantity.Quantity
#       unit: !astropy.units.Unit {unit: Hz}
#       value: !astropy.table.SerializedColumn {name: Frequency}
#     MSAS:
#       __class__: astropy.units.quantity.Quantity
#       unit: !astropy.units.Unit {unit: mag / arcsec2}
#       value: !astropy.table.SerializedColumn {name: MSAS}
#     Moon Alt:
#       __class__: astropy.units.quantity.Quantity
#       unit: &id002 !astropy.units.Unit {unit: deg}
#       value: !astropy.table.SerializedColumn {name: Moon Alt}
#     Sky Temperature:
#       __class__: astropy.units.quantity.Quantity
#       unit: *id001
#       value: !astropy.table.SerializedColumn {name: Sky Temperature}
#     Sun Alt:
#       __class__: astropy.units.quantity.Quantity
#       unit: *id002
#       value: !astropy.table.SerializedColumn {name: Sun Alt}
#     time:
#       __class__: astropy.time.core.Time
#       format: isot
#       in_subfmt: '*'
#       out_subfmt: '*'
#       precision: 3
#       scale: utc
#       value: !astropy.table.SerializedColumn {name: time}
# schema: astropy-2.0
time,Enclosure Temperature,Sky Temperature,Frequency,MSAS,ZP,Sequence Number,Sun Alt,Moon Alt,Moon Illumination
[from data line 3524]
2024-04-14T04:12:20.000,11.79,-10.76,4.59,18.7,20.35,16570,-10.82,-20.0,0.339
2024-04-14T04:13:37.000,11.79,-10.5,5.49,18.5,20.35,16571,-10.61,-20.0,0.339
2024-04-14T04:14:56.000,11.84,-10.54,6.67,18.29,20.35,16572,-10.38,-20.0,0.339
2024-04-14T04:16:08.000,11.8,-10.73,8.05,18.09,20.35,16573,-10.18,-20.0,0.339
2024-04-14T04:17:21.000,11.77,-10.71,9.67,17.89,20.35,16574,-9.97,-20.0,0.339
2024-04-14T04:18:33.000,11.8,-10.87,11.59,17.69,20.35,16575,-9.77,-20.0,0.339
2024-04-14T04:19:44.000,11.76,-10.98,13.97,17.49,20.35,16576,-9.56,-20.0,0.339
2024-04-14T04:21:00.000,11.69,-11.0,17.18,17.26,20.35,16577,-9.35,-20.0,0.34
2024-04-14T04:22:11.000,11.59,-11.07,20.84,17.05,20.35,16578,-9.14,-20.0,0.34
2024-04-14T04:23:24.000,11.58,-10.97,25.62,16.83,20.35,16579,-8.93,-20.0,0.34
2024-04-14T04:24:34.000,11.53,-11.35,31.39,16.61,20.35,16580,-8.73,-20.0,0.34
2024-04-14T04:25:48.000,11.44,-11.31,38.58,16.39,20.35,16581,-8.52,-20.0,0.34
2024-04-14T04:27:10.000,11.3,-11.22,46.73,16.12,20.35,16582,-8.29,-20.0,0.34
2024-04-14T04:28:44.000,11.23,-11.31,62.47,15.86,20.35,16583,-8.01,-20.0,0.34
2024-04-14T04:30:38.000,11.13,-11.24,87.0,15.51,20.35,16584,-7.69,-20.0,0.34
2024-04-14T04:32:27.000,11.01,-11.34,126.71,15.1,20.35,16585,-7.37,-20.0,0.34
2024-04-14T04:34:05.000,10.92,-11.13,180.32,14.72,20.35,16586,-7.09,-20.0,0.34
2024-04-14T04:35:40.000,10.97,-10.75,254.3,14.34,20.35,16587,-6.81,-20.0,0.341
2024-04-14T04:37:13.000,11.01,-11.08,357.11,13.97,20.35,16588,-6.54,-20.0,0.341
2024-04-14T04:38:44.000,10.97,-11.05,496.61,13.61,20.35,16589,-6.27,-20.0,0.341
2024-04-14T04:40:21.000,10.98,-11.15,691.29,13.26,20.35,16590,-5.99,-20.0,0.341
2024-04-14T04:41:56.000,10.96,-11.1,967.8,12.89,20.35,16591,-5.71,-20.0,0.341
2024-04-14T04:43:30.000,10.93,-11.23,1350.82,12.53,20.35,16592,-5.44,-20.0,0.341
2024-04-14T04:44:59.000,10.91,-11.13,1863.29,12.18,20.35,16593,-5.18,-20.0,0.341
2024-04-14T04:46:27.000,10.92,-11.11,2561.58,11.83,20.35,16594,-4.92,-20.0,0.341
2024-04-14T04:47:56.000,10.91,-10.99,3568.38,11.47,20.35,16595,-4.66,-20.0,0.341
2024-04-14T04:49:25.000,10.93,-11.15,5005.85,11.11,20.35,16596,-4.4,-20.0,0.341
2024-04-14T04:50:54.000,10.95,-11.15,7002.8,10.74,20.35,16597,-4.13,-20.0,0.342
2024-04-14T04:52:22.000,10.86,-11.43,9681.18,10.39,20.35,16598,-3.87,-20.0,0.342
2024-04-14T04:53:58.000,10.81,-11.09,13344.42,10.04,20.35,16599,-3.59,-20.0,0.342
2024-04-14T04:55:31.000,10.81,-10.72,18259.0,9.7,20.35,16600,-3.31,-20.0,0.342
2024-04-14T04:57:06.000,11.03,-10.58,24201.73,9.44,20.35,16601,-3.03,-20.0,0.342
2024-04-14T04:58:47.000,11.22,-10.62,32213.18,9.08,20.35,16602,-2.73,-20.0,0.342
2024-04-14T05:00:21.000,11.38,-10.64,41879.04,8.8,20.35,16603,-2.45,-20.0,0.342
2024-04-14T05:01:51.000,11.52,-10.74,52684.25,8.55,20.35,16604,-2.18,-20.0,0.342
2024-04-14T05:03:25.000,11.56,-10.94,55847.04,4.19,20.35,16605,-1.9,-20.0,0.342
2024-04-14T05:04:58.000,11.57,-10.85,50000.0,0.0,20.35,16606,-1.63,-20.0,0.343
2024-04-14T05:06:36.000,11.53,-11.38,50000.0,0.0,20.35,16607,-1.33,-20.0,0.343
2024-04-14T05:08:10.000,11.4,-11.4,49645.47,0.13,20.35,16608,-1.05,-20.0,0.343
2024-04-14T05:09:36.000,11.34,-11.01,50000.0,0.0,20.35,16609,-0.8,-20.0,0.343
2024-04-14T05:10:52.000,11.31,-11.45,50000.0,0.0,20.35,16610,-0.57,-20.0,0.343
2024-04-14T05:12:05.000,11.25,-10.99,50000.0,0.0,20.35,16611,-0.35,-20.0,0.343
2024-04-14T05:21:09.000,11.71,-11.04,50000.0,0.0,20.35,16618,1.29,-20.0,0.344
2024-04-14T05:22:20.000,11.71,-10.93,50000.0,0.0,20.35,16619,1.5,-20.0,0.344
2024-04-14T05:23:33.000,11.75,-10.68,50000.0,0.0,20.35,16620,1.72,-20.0,0.344
2024-04-14T05:24:49.000,11.82,-10.88,49569.13,0.15,20.35,16621,1.95,-20.0,0.344
2024-04-14T05:26:13.000,11.84,-10.7,49804.02,0.07,20.35,16622,2.21,-19.0,0.344
2024-04-14T05:27:33.000,11.96,-10.96,50000.0,0.0,20.35,16623,2.45,-19.0,0.344
2024-04-14T05:28:50.000,11.94,-10.96,50000.0,0.0,20.35,16624,2.68,-19.0,0.344
2024-04-14T05:30:06.000,11.9,-11.01,50000.0,0.0,20.35,16625,2.91,-19.0,0.344
2024-04-14T12:48:22.000,36.57,5.23,50000.0,0.0,20.35,16959,54.91,37.0,0.375
2024-04-14T12:49:44.000,36.7,3.34,50000.0,0.0,20.35,16960,54.8,37.0,0.375
2024-04-14T12:51:17.000,36.16,3.72,50000.0,0.0,20.35,16961,54.67,37.0,0.375
2024-04-14T12:52:40.000,35.89,3.94,49767.31,0.06,20.35,16962,54.56,37.0,0.375
2024-04-14T12:54:06.000,35.65,3.74,50000.0,0.0,20.35,16963,54.43,38.0,0.375
2024-04-14T12:55:29.000,35.45,3.47,50000.0,0.0,20.35,16964,54.31,38.0,0.375
2024-04-14T12:57:19.000,35.2,4.17,50000.0,0.0,20.35,16965,54.15,38.0,0.375
2024-04-14T18:25:48.000,19.86,-3.81,50000.0,0.0,20.35,17230,-0.08,70.0,0.398
2024-04-14T18:27:20.000,19.73,-3.91,50000.0,0.0,20.35,17231,-0.36,69.0,0.398
2024-04-14T18:28:43.000,19.56,-3.97,50000.0,0.0,20.35,17232,-0.6,69.0,0.398
2024-04-14T18:29:58.000,19.46,-3.99,49541.64,0.15,20.35,17233,-0.83,69.0,0.398
2024-04-14T18:31:20.000,19.35,-4.07,50000.0,0.0,20.35,17234,-1.07,69.0,0.398
2024-04-14T18:32:43.000,19.25,-3.97,50000.0,0.0,20.35,17235,-1.32,69.0,0.398
2024-04-14T18:33:52.000,19.18,-4.04,50000.0,0.0,20.35,17236,-1.53,68.0,0.399
2024-04-14T18:35:01.000,19.1,-4.2,58204.92,5.74,20.35,17237,-1.73,68.0,0.399
2024-04-14T18:36:21.000,19.0,-4.16,54174.28,8.52,20.35,17238,-1.97,68.0,0.399
2024-04-14T18:37:34.000,18.92,-4.12,46041.05,8.69,20.35,17239,-2.19,68.0,0.399
2024-04-14T18:38:43.000,18.84,-4.26,39264.46,8.87,20.35,17240,-2.39,68.0,0.399
2024-04-14T18:39:54.000,18.74,-4.32,33227.98,9.05,20.35,17241,-2.6,67.0,0.399
2024-04-14T18:41:14.000,18.67,-4.27,27449.31,9.26,20.35,17242,-2.84,67.0,0.399
2024-04-14T18:42:31.000,18.6,-4.23,22198.04,9.49,20.35,17243,-3.07,67.0,0.399
2024-04-14T18:43:58.000,18.52,-4.4,17570.6,9.74,20.35,17244,-3.32,67.0,0.399
2024-04-14T18:45:15.000,18.42,-4.52,13544.02,10.02,20.35,17245,-3.55,67.0,0.399
2024-04-14T18:46:30.000,18.33,-4.5,10551.54,10.29,20.35,17246,-3.77,66.0,0.399
2024-04-14T18:47:47.000,18.27,-4.45,8165.06,10.57,20.35,17247,-4.0,66.0,0.4
2024-04-14T18:49:08.000,18.2,-4.43,6260.95,10.86,20.35,17248,-4.24,66.0,0.4
2024-04-14T18:50:15.000,18.13,-4.45,4857.58,11.14,20.35,17249,-4.43,66.0,0.4
2024-04-14T18:51:24.000,18.06,-4.62,3839.08,11.39,20.35,17250,-4.64,66.0,0.4
2024-04-14T18:52:39.000,17.97,-4.58,2984.45,11.67,20.35,17251,-4.86,65.0,0.4
2024-04-14T18:53:57.000,17.89,-4.51,2275.32,11.96,20.35,17252,-5.08,65.0,0.4
2024-04-14T18:55:24.000,17.85,-4.34,1700.74,12.28,20.35,17253,-5.34,65.0,0.4
2024-04-14T18:56:56.000,17.85,-4.48,1227.75,12.63,20.35,17254,-5.61,65.0,0.4
2024-04-14T18:58:12.000,17.83,-4.58,915.69,12.95,20.35,17255,-5.83,65.0,0.4
2024-04-14T18:59:36.000,17.77,-4.67,683.13,13.27,20.35,17256,-6.07,64.0,0.4
2024-04-14T19:00:49.000,17.71,-4.69,514.93,13.57,20.35,17257,-6.29,64.0,0.4
2024-04-14T19:02:07.000,17.66,-4.76,390.11,13.88,20.35,17258,-6.51,64.0,0.401
2024-04-14T19:03:20.000,17.59,-4.79,295.96,14.18,20.35,17259,-6.72,64.0,0.401
2024-04-14T19:04:48.000,17.52,-4.72,219.21,14.5,20.35,17260,-6.98,64.0,0.401
2024-04-14T19:06:28.000,17.43,-4.68,153.48,14.89,20.35,17261,-7.27,63.0,0.401
2024-04-14T19:07:53.000,17.35,-4.76,113.8,15.21,20.35,17262,-7.51,63.0,0.401
2024-04-14T19:09:13.000,17.24,-4.89,85.48,15.52,20.35,17263,-7.74,63.0,0.401
2024-04-14T19:10:32.000,17.15,-4.96,65.8,15.81,20.35,17264,-7.97,63.0,0.401
2024-04-14T19:12:00.000,17.04,-4.91,49.1,16.17,20.35,17265,-8.22,62.0,0.401
2024-04-14T19:13:40.000,16.96,-4.79,37.91,16.41,20.35,17266,-8.51,62.0,0.401
2024-04-14T19:15:19.000,16.89,-4.88,28.56,16.73,20.35,17267,-8.79,62.0,0.401
2024-04-14T19:17:05.000,16.8,-5.06,21.61,17.02,20.35,17268,-9.09,61.0,0.402
2024-04-14T19:18:11.000,16.75,-5.01,17.82,17.22,20.35,17269,-9.28,61.0,0.402
2024-04-14T19:19:18.000,16.69,-5.06,15.22,17.39,20.35,17270,-9.47,61.0,0.402
2024-04-14T19:20:24.000,16.63,-5.12,13.21,17.55,20.35,17271,-9.66,61.0,0.402
2024-04-14T19:21:32.000,16.59,-5.03,11.37,17.71,20.35,17272,-9.85,61.0,0.402
2024-04-14T19:22:59.000,16.57,-4.98,9.7,17.91,20.35,17273,-10.1,60.0,0.402
2024-04-14T19:24:25.000,16.53,-5.14,8.23,18.0,20.35,17274,-10.34,60.0,0.402
2024-04-14T19:25:48.000,16.49,-5.18,7.11,18.22,20.35,17275,-10.58,60.0,0.402
2024-04-14T19:27:02.000,16.45,-5.21,6.25,18.36,20.35,17276,-10.78,60.0,0.402
2024-04-14T19:28:11.000,16.4,-5.32,5.57,18.49,20.35,17277,-10.98,60.0,0.402
2024-04-14T19:29:19.000,16.36,-5.41,5.06,18.59,20.35,17278,-11.17,59.0,0.402
2024-04-14T19:30:29.000,16.31,-5.53,4.63,18.69,20.35,17279,-11.37,59.0,0.402
2024-04-14T19:31:40.000,16.22,-5.45,4.24,18.78,20.35,17280,-11.56,59.0,0.403
2024-04-14T19:32:51.000,16.16,-5.46,3.93,18.86,20.35,17281,-11.76,59.0,0.403
2024-04-14T19:33:59.000,16.09,-5.4,3.67,18.94,20.35,17282,-11.95,59.0,0.403
2024-04-14T19:35:13.000,16.04,-5.32,3.44,19.01,20.35,17283,-12.16,58.0,0.403
2024-04-14T19:36:41.000,16.01,-5.32,3.23,19.08,20.35,17284,-12.4,58.0,0.403
2024-04-14T19:38:11.000,15.99,-5.37,3.03,19.15,20.35,17285,-12.65,58.0,0.403
2024-04-14T19:39:33.000,15.94,-5.58,2.89,19.2,20.35,17286,-12.88,58.0,0.403
2024-04-14T19:40:59.000,15.88,-5.51,2.77,19.24,20.35,17287,-13.11,57.0,0.403
2024-04-14T19:42:23.000,15.8,-5.5,2.65,19.29,20.35,17288,-13.34,57.0,0.403
2024-04-14T19:43:48.000,15.76,-5.4,2.57,19.33,20.35,17289,-13.58,57.0,0.403
2024-04-14T19:45:08.000,15.74,-5.51,2.49,19.36,20.35,17290,-13.8,57.0,0.403
2024-04-14T19:46:30.000,15.72,-5.52,2.43,19.39,20.35,17291,-14.02,56.0,0.404
2024-04-14T19:47:57.000,15.67,-5.46,2.39,19.4,20.35,17292,-14.26,56.0,0.404
2024-04-14T19:49:28.000,15.64,-5.56,2.34,19.43,20.35,17293,-14.5,56.0,0.404
2024-04-14T19:50:51.000,15.59,-5.63,2.3,19.45,20.35,17294,-14.73,56.0,0.404
2024-04-14T19:52:13.000,15.55,-5.69,2.28,19.46,20.35,17295,-14.95,55.0,0.404
2024-04-14T19:53:38.000,15.5,-5.8,2.27,19.46,20.35,17296,-15.18,55.0,0.404
2024-04-14T19:55:01.000,15.44,-5.68,2.25,19.47,20.35,17297,-15.4,55.0,0.404
2024-04-14T19:56:21.000,15.42,-5.57,2.25,19.47,20.35,17298,-15.62,55.0,0.404
2024-04-14T19:57:41.000,15.41,-5.69,2.25,19.47,20.35,17299,-15.83,54.0,0.404
2024-04-14T19:59:00.000,15.37,-5.8,2.23,19.48,20.35,17300,-16.04,54.0,0.404
2024-04-14T20:00:18.000,15.34,-5.86,2.24,19.48,20.35,17301,-16.25,54.0,0.405
2024-04-14T20:01:39.000,15.31,-5.91,2.24,19.48,20.35,17302,-16.46,54.0,0.405
2024-04-14T20:03:00.000,15.24,-6.01,2.23,19.48,20.35,17303,-16.68,53.0,0.405
2024-04-14T20:04:20.000,15.17,-5.99,2.24,19.48,20.35,17304,-16.89,53.0,0.405
2024-04-14T20:05:41.000,15.11,-6.06,2.23,19.48,20.35,17305,-17.1,53.0,0.405
2024-04-14T20:06:57.000,15.04,-6.04,2.22,19.48,20.35,17306,-17.3,53.0,0.405
2024-04-14T20:08:18.000,14.97,-5.96,2.23,19.48,20.35,17307,-17.51,53.0,0.405
2024-04-14T20:09:40.000,14.93,-6.22,2.22,19.37,20.35,17308,-17.73,52.0,0.405
2024-04-14T20:11:02.000,14.88,-6.3,2.23,19.48,20.35,17309,-17.94,52.0,0.405
2024-04-14T20:12:21.000,14.85,-6.27,2.23,19.48,20.35,17310,-18.15,52.0,0.405
2024-04-14T20:13:39.000,14.82,-6.43,2.23,19.48,20.35,17311,-18.35,52.0,0.405
2024-04-14T20:14:57.000,14.75,-6.53,2.23,19.48,20.35,17312,-18.55,51.0,0.406
2024-04-14T20:16:19.000,14.73,-6.27,2.23,19.48,20.35,17313,-18.76,51.0,0.406
2024-04-14T20:17:41.000,14.71,-6.31,2.22,19.48,20.35,17314,-18.97,51.0,0.406
2024-04-14T20:18:59.000,14.68,-6.38,2.2,19.49,20.35,17315,-19.17,51.0,0.406
2024-04-14T20:20:17.000,14.65,-6.48,2.21,19.49,20.35,17316,-19.37,50.0,0.406
2024-04-14T20:21:33.000,14.58,-6.68,2.2,19.49,20.35,17317,-19.56,50.0,0.406
2024-04-14T20:22:52.000,14.5,-6.59,2.2,19.49,20.35,17318,-19.76,50.0,0.406
2024-04-14T20:24:09.000,14.44,-6.52,2.18,19.5,20.35,17319,-19.95,50.0,0.406
2024-04-14T20:25:29.000,14.41,-6.45,2.18,19.5,20.35,17320,-20.15,49.0,0.406
2024-04-14T20:26:47.000,14.38,-6.5,2.17,19.51,20.35,17321,-20.35,49.0,0.406
2024-04-14T20:28:15.000,14.3,-6.71,2.17,19.51,20.35,17322,-20.57,49.0,0.406
2024-04-14T20:29:44.000,14.24,-6.53,2.13,19.53,20.35,17323,-20.79,49.0,0.407
2024-04-14T20:31:08.000,14.25,-6.42,2.12,19.53,20.35,17324,-21.0,48.0,0.407
2024-04-14T20:32:31.000,14.27,-6.4,2.12,19.54,20.35,17325,-21.2,48.0,0.407
2024-04-14T20:34:01.000,14.28,-6.41,2.12,19.54,20.35,17326,-21.42,48.0,0.407
2024-04-14T20:35:34.000,14.28,-6.34,2.11,19.54,20.35,17327,-21.65,48.0,0.407
2024-04-14T20:37:01.000,14.26,-6.73,2.11,19.54,20.35,17328,-21.86,47.0,0.407
2024-04-14T20:38:29.000,14.22,-6.78,2.12,19.54,20.35,17329,-22.08,47.0,0.407
2024-04-14T20:40:04.000,14.18,-6.7,2.12,19.53,20.35,17330,-22.31,47.0,0.407
2024-04-14T20:41:34.000,14.12,-6.75,2.13,19.53,20.35,17331,-22.52,47.0,0.407
2024-04-14T20:43:05.000,14.06,-6.76,2.12,19.54,20.35,17332,-22.74,46.0,0.408
2024-04-14T20:44:31.000,14.0,-6.83,2.1,19.54,20.35,17333,-22.95,46.0,0.408
2024-04-14T20:46:07.000,13.9,-6.84,2.11,19.54,20.35,17334,-23.17,46.0,0.408
2024-04-14T20:47:33.000,13.85,-6.82,2.12,19.53,20.35,17335,-23.38,45.0,0.408
2024-04-14T20:49:07.000,13.79,-6.91,2.11,19.54,20.35,17336,-23.6,45.0,0.408
2024-04-14T20:50:41.000,13.75,-6.74,2.1,19.55,20.35,17337,-23.82,45.0,0.408
2024-04-14T20:52:20.000,13.75,-7.06,2.08,19.56,20.35,17338,-24.05,45.0,0.408
2024-04-14T20:53:52.000,13.65,-7.13,2.06,19.57,20.35,17339,-24.26,44.0,0.408
2024-04-14T20:55:19.000,13.66,-6.69,2.04,19.58,20.35,17340,-24.46,44.0,0.408
2024-04-14T20:56:43.000,13.71,-7.06,2.01,19.59,20.35,17341,-24.65,44.0,0.408
2024-04-14T20:58:03.000,13.67,-7.02,1.98,19.61,20.35,17342,-24.83,44.0,0.409
2024-04-14T20:59:16.000,13.69,-6.89,1.95,19.62,20.35,17343,-25.0,43.0,0.409
2024-04-14T21:00:31.000,13.67,-7.15,1.94,19.63,20.35,17344,-25.17,43.0,0.409
2024-04-14T21:01:51.000,13.67,-7.16,1.92,19.64,20.35,17345,-25.35,43.0,0.409
2024-04-14T21:03:07.000,13.64,-7.16,1.9,19.66,20.35,17346,-25.52,43.0,0.409
2024-04-14T21:04:22.000,13.6,-7.27,1.88,19.67,20.35,17347,-25.68,42.0,0.409
2024-04-14T21:05:37.000,13.55,-7.4,1.86,19.68,20.35,17348,-25.85,42.0,0.409
2024-04-14T21:06:48.000,13.49,-7.21,1.84,19.69,20.35,17349,-26.0,42.0,0.409
2024-04-14T21:08:01.000,13.48,-7.16,1.82,19.7,20.35,17350,-26.16,42.0,0.409
2024-04-14T21:09:10.000,13.46,-7.14,1.8,19.71,20.35,17351,-26.31,42.0,0.409
2024-04-14T21:10:22.000,13.49,-6.97,1.78,19.72,20.35,17352,-26.47,41.0,0.409
2024-04-14T21:11:32.000,13.49,-6.91,1.77,19.73,20.35,17353,-26.62,41.0,0.41
2024-04-14T21:12:48.000,13.49,-7.19,1.75,19.74,20.35,17354,-26.79,41.0,0.41
2024-04-14T21:14:02.000,13.44,-7.15,1.73,19.75,20.35,17355,-26.94,41.0,0.41
2024-04-14T21:15:18.000,13.44,-6.93,1.73,19.76,20.35,17356,-27.1,40.0,0.41
2024-04-14T21:16:32.000,13.42,-7.21,1.71,19.77,20.35,17357,-27.26,40.0,0.41
2024-04-14T21:17:46.000,13.38,-6.94,1.69,19.78,20.35,17358,-27.42,40.0,0.41
2024-04-14T21:19:04.000,13.4,-6.75,1.67,19.79,20.35,17359,-27.58,40.0,0.41
2024-04-14T21:20:22.000,13.4,-7.25,1.65,19.81,20.35,17360,-27.74,40.0,0.41
2024-04-14T21:21:48.000,13.37,-6.9,1.63,19.82,20.35,17361,-27.92,39.0,0.41
2024-04-14T21:23:22.000,13.36,-7.11,1.61,19.84,20.35,17362,-28.11,39.0,0.41
2024-04-14T21:24:55.000,13.29,-7.19,1.59,19.85,20.35,17363,-28.3,39.0,0.41
2024-04-14T21:26:22.000,13.26,-7.12,1.58,19.86,20.35,17364,-28.48,38.0,0.411
2024-04-14T21:27:59.000,13.25,-6.84,1.56,19.87,20.35,17365,-28.67,38.0,0.411
2024-04-14T21:29:33.000,13.24,-6.97,1.55,19.88,20.35,17366,-28.86,38.0,0.411
2024-04-14T21:31:09.000,13.27,-6.74,1.53,19.89,20.35,17367,-29.05,38.0,0.411
2024-04-14T21:32:46.000,13.29,-6.69,1.52,19.89,20.35,17368,-29.24,37.0,0.411
2024-04-14T21:34:21.000,13.27,-6.79,1.51,19.9,20.35,17369,-29.42,37.0,0.411
2024-04-14T21:35:53.000,13.23,-6.64,1.5,19.91,20.35,17370,-29.6,37.0,0.411
2024-04-14T21:37:22.000,13.2,-6.66,1.49,19.92,20.35,17371,-29.77,36.0,0.411
2024-04-14T21:38:54.000,13.16,-6.61,1.48,19.93,20.35,17372,-29.94,36.0,0.411
2024-04-14T21:40:24.000,13.08,-6.56,1.46,19.94,20.35,17373,-30.11,36.0,0.412
2024-04-14T21:41:52.000,13.06,-6.53,1.46,19.94,20.35,17374,-30.28,36.0,0.412
2024-04-14T21:43:15.000,13.05,-6.58,1.45,19.95,20.35,17375,-30.43,35.0,0.412
2024-04-14T21:44:41.000,13.0,-6.59,1.44,19.96,20.35,17376,-30.59,35.0,0.412
2024-04-14T21:46:02.000,12.98,-6.39,1.43,19.96,20.35,17377,-30.73,35.0,0.412
2024-04-14T21:47:21.000,12.96,-6.52,1.42,19.97,20.35,17378,-30.87,35.0,0.412
2024-04-14T21:48:38.000,12.92,-6.57,1.41,19.98,20.35,17379,-31.01,34.0,0.412
