ecsv/stars759/stars759_2024-04.ecsv
# %ECSV 1.0
# ---
# datatype:
# - {name: time, datatype: string}
# - {name: Enclosure Temperature, unit: deg_C, datatype: float64}
# - {name: Sky Temperature, unit: deg_C, datatype: float64}
# - {name: Frequency, unit: Hz, datatype: float64}
# - {name: MSAS, unit: mag / arcsec2, datatype: float64}
# - {name: ZP, datatype: float64}
# - {name: Sequence Number, datatype: int64}
# - {name: Sun Alt, unit: deg, datatype: float64}
# - {name: Moon Alt, unit: deg, datatype: float64}
# - {name: Moon Illumination, datatype: float64}
# delimiter: ','
# meta: !!omap
# - ida:
#     Data supplier: {affiliation: "Observatori Astron\xF2mic Albany\xE0", observer: null}
#     Device type: TESS-W
#     Field of view: 17.0
#     Filters per channel: None
#     Instrument ID: stars759
#     License: ODbL 1.0 http://opendatacommons.org/licenses/odbl/summary/
#     Local timezone: Europe/Madrid
#     Location name: {country: Spain, place: "Albany\xE0", region: Catalonia, sub_region: "Upper Empord\xE0", town: "Albany\xE0"}
#     Measurement direction per channel: {azimuth: 0.0, zenital: 0.0}
#     Moving / Fixed look direction: FIXED
#     Moving / Stationary position: STATIONARY
#     Number of channels: 1
#     Number of fields per line: 8
#     Number of header lines: 35
#     Position: {height: 0.0, latitude: 42.306781, longitude: 2.711439}
#     TESS MAC address: E8:DB:84:83:07:32
#     TESS cover offset value: 0.0
#     TESS firmware version: '1.0'
#     TESS zero point: 20.35
#     Time Synchronization: timestamp added by MQTT subscriber
#     URL: http://www.darksky.org/NSBM/sdf1.0.pdf
# - __serialized_columns__:
#     Enclosure Temperature:
#       __class__: astropy.units.quantity.Quantity
#       unit: &id001 !astropy.units.Unit {unit: deg_C}
#       value: !astropy.table.SerializedColumn {name: Enclosure Temperature}
#     Frequency:
#       __class__: astropy.units.quantity.Quantity
#       unit: !astropy.units.Unit {unit: Hz}
#       value: !astropy.table.SerializedColumn {name: Frequency}
#     MSAS:
#       __class__: astropy.units.quantity.Quantity
#       unit: !astropy.units.Unit {unit: mag / arcsec2}
#       value: !astropy.table.SerializedColumn {name: MSAS}
#     Moon Alt:
#       __class__: astropy.units.quantity.Quantity
#       unit: &id002 !astropy.units.Unit {unit: deg}
#       value: !astropy.table.SerializedColumn {name: Moon Alt}
#     Sky Temperature:
#       __class__: astropy.units.quantity.Quantity
#       unit: *id001
#       value: !astropy.table.SerializedColumn {name: Sky Temperature}
#     Sun Alt:
#       __class__: astropy.units.quantity.Quantity
#       unit: *id002
#       value: !astropy.table.SerializedColumn {name: Sun Alt}
#     time:
#       __class__: astropy.time.core.Time
#       format: isot
#       in_subfmt: '*'
#       out_subfmt: '*'
#       precision: 3
#       scale: utc
#       value: !astropy.table.SerializedColumn {name: time}
# schema: astropy-2.0
time,Enclosure Temperature,Sky Temperature,Frequency,MSAS,ZP,Sequence Number,Sun Alt,Moon Alt,Moon Illumination
[from data line 6475]
2024-04-26T20:58:25.000,12.88,11.85,0.91,20.46,20.35,4651,-21.79,-8.0,0.918
2024-04-26T20:59:41.000,12.87,12.02,0.9,20.47,20.35,4652,-21.96,-8.0,0.918
2024-04-26T21:00:56.000,12.89,12.16,0.79,20.61,20.35,4653,-22.12,-8.0,0.918
2024-04-26T21:02:01.000,12.97,12.31,0.71,20.72,20.35,4654,-22.25,-8.0,0.918
2024-04-26T21:03:11.000,13.02,12.29,0.75,20.66,20.35,4655,-22.4,-8.0,0.918
2024-04-26T21:04:24.000,13.02,12.12,0.81,20.58,20.35,4656,-22.56,-7.0,0.918
2024-04-26T21:05:41.000,12.96,12.0,0.79,20.61,20.35,4657,-22.72,-7.0,0.918
2024-04-26T21:07:00.000,12.9,11.88,0.83,20.55,20.35,4658,-22.88,-7.0,0.918
2024-04-26T21:08:05.000,12.88,12.06,0.71,20.73,20.35,4659,-23.02,-7.0,0.918
2024-04-26T21:09:16.000,12.92,12.15,0.74,20.67,20.35,4660,-23.17,-7.0,0.918
2024-04-26T21:10:23.000,12.97,12.24,0.74,20.68,20.35,4661,-23.3,-6.0,0.917
2024-04-26T21:11:34.000,12.99,12.15,0.75,20.66,20.35,4662,-23.45,-6.0,0.917
2024-04-26T21:12:46.000,12.98,12.07,0.78,20.62,20.35,4663,-23.6,-6.0,0.917
2024-04-26T21:13:57.000,12.94,11.92,0.87,20.51,20.35,4664,-23.74,-6.0,0.917
2024-04-26T21:15:08.000,12.89,12.01,1.04,20.31,20.35,4665,-23.88,-6.0,0.917
2024-04-26T21:16:20.000,12.97,12.36,1.04,20.31,20.35,4666,-24.03,-6.0,0.917
2024-04-26T21:17:37.000,13.04,12.36,0.88,20.49,20.35,4667,-24.18,-5.0,0.917
2024-04-26T21:18:56.000,13.14,12.5,0.85,20.54,20.35,4668,-24.34,-5.0,0.917
2024-04-26T21:20:12.000,13.17,12.36,0.78,20.62,20.35,4669,-24.48,-5.0,0.917
2024-04-26T21:21:24.000,13.13,12.26,0.9,20.46,20.35,4670,-24.63,-5.0,0.917
2024-04-26T21:22:34.000,13.16,12.43,0.94,20.42,20.35,4671,-24.76,-5.0,0.917
2024-04-26T21:23:48.000,13.18,12.37,0.98,20.37,20.35,4672,-24.9,-4.0,0.917
2024-04-26T21:24:59.000,13.17,12.37,0.94,20.42,20.35,4673,-25.04,-4.0,0.917
2024-04-26T21:26:10.000,13.21,12.5,0.93,20.43,20.35,4674,-25.18,-4.0,0.917
2024-04-26T21:27:30.000,13.17,12.24,0.85,20.53,20.35,4675,-25.33,-4.0,0.917
2024-04-26T21:28:45.000,13.19,12.54,0.82,20.57,20.35,4676,-25.47,-4.0,0.917
2024-04-26T21:30:01.000,13.27,12.7,0.78,20.63,20.35,4677,-25.61,-4.0,0.917
2024-04-26T21:31:17.000,13.35,12.8,0.79,20.61,20.35,4678,-25.75,-3.0,0.917
2024-04-26T21:32:27.000,13.42,12.7,0.77,20.64,20.35,4679,-25.88,-3.0,0.917
2024-04-26T21:33:32.000,13.39,12.52,0.72,20.71,20.35,4680,-26.0,-3.0,0.917
2024-04-26T21:34:45.000,13.35,12.54,0.9,20.48,20.35,4681,-26.13,-3.0,0.917
2024-04-26T21:35:55.000,13.36,12.73,1.14,20.21,20.35,4682,-26.26,-3.0,0.916
2024-04-26T21:37:08.000,13.37,12.56,1.16,20.2,20.35,4683,-26.39,-3.0,0.916
2024-04-26T21:38:21.000,13.29,12.31,1.01,20.35,20.35,4684,-26.52,-2.0,0.916
2024-04-26T21:39:37.000,13.18,12.07,0.78,20.62,20.35,4685,-26.65,-2.0,0.916
2024-04-26T21:40:46.000,13.09,12.27,1.15,20.23,20.35,4686,-26.77,-2.0,0.916
2024-04-26T21:41:56.000,13.17,12.54,1.23,20.13,20.35,4687,-26.9,-2.0,0.916
2024-04-26T21:43:06.000,13.2,12.41,1.15,20.2,20.35,4688,-27.02,-2.0,0.916
2024-04-26T21:44:14.000,13.21,12.42,1.21,20.15,20.35,4689,-27.13,-1.0,0.916
2024-04-26T21:45:22.000,13.16,12.04,0.96,20.39,20.35,4690,-27.25,-1.0,0.916
2024-04-26T21:46:31.000,13.09,12.13,0.96,20.4,20.35,4691,-27.37,-1.0,0.916
2024-04-26T21:47:41.000,13.15,12.6,0.98,20.37,20.35,4692,-27.48,-1.0,0.916
2024-04-26T21:48:50.000,13.24,12.61,1.02,20.33,20.35,4693,-27.6,-1.0,0.916
2024-04-26T21:49:58.000,13.29,12.6,1.11,20.24,20.35,4694,-27.71,-1.0,0.916
2024-04-26T21:51:06.000,13.28,12.41,1.1,20.25,20.35,4695,-27.82,-1.0,0.916
2024-04-26T21:52:16.000,13.29,12.5,1.06,20.29,20.35,4696,-27.94,-0.0,0.916
2024-04-26T21:53:23.000,13.32,12.59,1.1,20.25,20.35,4697,-28.04,-0.0,0.916
2024-04-26T21:54:31.000,13.3,12.17,0.95,20.41,20.35,4698,-28.15,-0.0,0.916
2024-04-26T21:55:49.000,13.19,11.71,0.93,20.43,20.35,4699,-28.28,0.0,0.916
2024-04-26T21:57:04.000,12.99,11.28,0.88,20.49,20.35,4700,-28.39,0.0,0.916
2024-04-26T21:58:17.000,12.88,11.08,0.96,20.4,20.35,4701,-28.51,0.0,0.916
2024-04-26T21:59:24.000,12.92,11.32,1.18,20.17,20.35,4702,-28.61,1.0,0.916
2024-04-26T22:00:38.000,12.95,10.97,0.89,20.48,20.35,4703,-28.73,1.0,0.916
2024-04-26T22:01:51.000,12.94,10.9,0.79,20.6,20.35,4704,-28.84,1.0,0.915
2024-04-26T22:03:09.000,12.96,10.53,0.86,20.51,20.35,4705,-28.95,1.0,0.915
2024-04-26T22:04:25.000,12.91,10.16,0.88,20.49,20.35,4706,-29.07,1.0,0.915
2024-04-26T22:05:37.000,12.9,10.02,0.89,20.48,20.35,4707,-29.17,1.0,0.915
2024-04-26T22:06:51.000,12.87,9.86,0.81,20.58,20.35,4708,-29.28,2.0,0.915
2024-04-26T22:07:57.000,12.85,9.66,0.72,20.71,20.35,4709,-29.37,2.0,0.915
2024-04-26T22:09:10.000,12.8,9.27,0.75,20.66,20.35,4710,-29.48,2.0,0.915
2024-04-26T22:10:24.000,12.87,9.49,0.78,20.62,20.35,4711,-29.58,2.0,0.915
2024-04-26T22:11:28.000,12.96,9.21,0.73,20.7,20.35,4712,-29.67,2.0,0.915
2024-04-26T22:12:38.000,13.02,9.16,0.77,20.64,20.35,4713,-29.77,2.0,0.915
2024-04-26T22:13:53.000,13.12,9.0,1.06,20.29,20.35,4714,-29.87,3.0,0.915
2024-04-26T22:15:06.000,13.19,8.61,1.08,20.27,20.35,4715,-29.97,3.0,0.915
2024-04-26T22:16:21.000,13.15,8.07,0.9,20.46,20.35,4716,-30.07,3.0,0.915
2024-04-26T22:17:30.000,13.19,7.04,1.46,19.96,20.35,4717,-30.16,3.0,0.915
2024-04-26T22:18:46.000,13.18,5.14,1.8,19.71,20.35,4718,-30.26,3.0,0.915
2024-04-26T22:19:55.000,13.1,3.9,1.93,19.64,20.35,4719,-30.35,3.0,0.915
2024-04-26T22:21:06.000,13.02,4.64,2.03,19.58,20.35,4720,-30.44,4.0,0.915
2024-04-26T22:22:15.000,13.01,6.19,1.58,19.86,20.35,4721,-30.52,4.0,0.915
2024-04-26T22:23:27.000,13.05,6.77,1.16,20.19,20.35,4722,-30.61,4.0,0.915
2024-04-26T22:24:36.000,13.01,5.79,1.27,20.1,20.35,4723,-30.7,4.0,0.915
2024-04-26T22:25:45.000,13.02,3.86,1.55,19.88,20.35,4724,-30.78,4.0,0.915
2024-04-26T22:26:52.000,12.98,1.35,2.0,19.6,20.35,4725,-30.86,4.0,0.914
2024-04-26T22:28:04.000,12.84,-0.46,2.2,19.49,20.35,4726,-30.95,4.0,0.914
2024-04-26T22:29:15.000,12.68,-1.21,2.23,19.48,20.35,4727,-31.03,5.0,0.914
2024-04-26T22:30:23.000,12.61,-0.97,2.27,19.46,20.35,4728,-31.11,5.0,0.914
2024-04-26T22:31:32.000,12.56,-1.09,2.31,19.44,20.35,4729,-31.18,5.0,0.914
2024-04-26T22:32:40.000,12.48,-1.72,2.36,19.42,20.35,4730,-31.26,5.0,0.914
2024-04-26T22:33:52.000,12.42,-1.86,2.47,19.37,20.35,4731,-31.34,5.0,0.914
2024-04-26T22:35:04.000,12.41,-1.91,2.6,19.31,20.35,4732,-31.42,5.0,0.914
2024-04-26T22:36:11.000,12.37,-1.65,2.74,19.26,20.35,4733,-31.49,5.0,0.914
2024-04-26T22:37:20.000,12.3,-1.24,2.73,19.26,20.35,4734,-31.56,6.0,0.914
2024-04-26T22:38:29.000,12.31,-0.76,2.72,19.26,20.35,4735,-31.63,6.0,0.914
2024-04-26T22:39:43.000,12.32,-1.01,2.78,19.24,20.35,4736,-31.71,6.0,0.914
2024-04-26T22:41:00.000,12.23,-1.02,2.88,19.2,20.35,4737,-31.79,6.0,0.914
2024-04-26T22:42:04.000,12.26,0.05,2.97,19.17,20.35,4738,-31.85,6.0,0.914
2024-04-26T22:43:09.000,12.32,0.46,2.98,19.17,20.35,4739,-31.91,6.0,0.914
2024-04-26T22:44:13.000,12.35,0.77,3.01,19.16,20.35,4740,-31.97,6.0,0.914
2024-04-26T22:45:23.000,12.4,1.13,3.01,19.15,20.35,4741,-32.04,7.0,0.914
2024-04-26T22:46:29.000,12.4,1.32,3.01,19.15,20.35,4742,-32.1,7.0,0.914
2024-04-26T22:47:37.000,12.43,2.27,3.09,19.13,20.35,4743,-32.16,7.0,0.914
2024-04-26T22:48:46.000,12.54,3.86,2.89,19.2,20.35,4744,-32.22,7.0,0.914
2024-04-26T22:49:57.000,12.6,3.81,2.68,19.28,20.35,4745,-32.29,7.0,0.914
2024-04-26T22:51:09.000,12.61,3.51,2.86,19.21,20.35,4746,-32.35,7.0,0.914
2024-04-26T22:52:21.000,12.59,4.12,2.77,19.24,20.35,4747,-32.41,7.0,0.913
2024-04-26T22:53:31.000,12.61,5.31,2.42,19.39,20.35,4748,-32.46,8.0,0.913
2024-04-26T22:54:39.000,12.7,5.84,2.33,19.43,20.35,4749,-32.52,8.0,0.913
2024-04-26T22:55:48.000,12.78,5.95,2.27,19.46,20.35,4750,-32.57,8.0,0.913
2024-04-26T22:56:59.000,12.83,5.68,2.26,19.47,20.35,4751,-32.63,8.0,0.913
2024-04-26T22:58:09.000,12.87,5.3,2.59,19.32,20.35,4752,-32.68,8.0,0.913
2024-04-26T22:59:23.000,12.9,4.93,2.55,19.34,20.35,4753,-32.74,8.0,0.913
2024-04-26T23:00:37.000,12.87,4.21,2.5,19.35,20.35,4754,-32.79,8.0,0.913
2024-04-26T23:01:48.000,12.86,3.87,2.54,19.34,20.35,4755,-32.84,9.0,0.913
2024-04-26T23:03:02.000,12.92,3.81,2.56,19.33,20.35,4756,-32.89,9.0,0.913
2024-04-26T23:04:19.000,12.98,3.78,2.59,19.32,20.35,4757,-32.94,9.0,0.913
2024-04-26T23:05:32.000,13.02,3.83,2.56,19.33,20.35,4758,-32.99,9.0,0.913
2024-04-26T23:06:43.000,13.02,3.73,2.66,19.29,20.35,4759,-33.03,9.0,0.913
2024-04-26T23:07:52.000,13.01,3.84,2.76,19.25,20.35,4760,-33.07,9.0,0.913
2024-04-26T23:09:04.000,12.99,4.11,2.84,19.22,20.35,4761,-33.12,9.0,0.913
2024-04-26T23:10:16.000,12.97,4.48,2.67,19.28,20.35,4762,-33.16,9.0,0.913
2024-04-26T23:11:27.000,13.0,4.6,2.61,19.31,20.35,4763,-33.2,10.0,0.913
2024-04-26T23:12:34.000,13.03,4.18,2.96,19.17,20.35,4764,-33.23,10.0,0.913
2024-04-26T23:13:43.000,13.07,4.07,3.17,19.1,20.35,4765,-33.27,10.0,0.913
2024-04-26T23:14:53.000,13.09,3.89,3.21,19.08,20.35,4766,-33.3,10.0,0.913
2024-04-26T23:16:01.000,13.02,3.11,3.38,19.03,20.35,4767,-33.34,10.0,0.913
2024-04-26T23:17:06.000,13.0,3.07,3.46,19.0,20.35,4768,-33.37,10.0,0.912
2024-04-26T23:18:16.000,12.98,2.76,3.35,19.04,20.35,4769,-33.4,10.0,0.912
2024-04-26T23:19:25.000,12.87,3.19,3.23,19.08,20.35,4770,-33.43,10.0,0.912
2024-04-26T23:20:34.000,12.82,4.36,3.19,19.09,20.35,4771,-33.46,11.0,0.912
2024-04-26T23:21:46.000,12.81,4.78,2.61,19.31,20.35,4772,-33.49,11.0,0.912
2024-04-26T23:22:58.000,12.83,4.91,2.72,19.27,20.35,4773,-33.51,11.0,0.912
2024-04-26T23:24:06.000,12.86,5.29,3.25,19.07,20.35,4774,-33.54,11.0,0.912
2024-04-26T23:25:16.000,12.84,5.66,2.55,19.34,20.35,4775,-33.56,11.0,0.912
2024-04-26T23:26:28.000,12.84,5.8,2.61,19.31,20.35,4776,-33.58,11.0,0.912
2024-04-26T23:27:41.000,12.82,5.48,2.5,19.36,20.35,4777,-33.61,11.0,0.912
2024-04-26T23:28:50.000,12.77,4.12,3.24,19.08,20.35,4778,-33.63,11.0,0.912
2024-04-26T23:30:04.000,12.66,3.33,3.66,18.94,20.35,4779,-33.65,12.0,0.912
2024-04-26T23:31:13.000,12.61,3.67,3.55,18.98,20.35,4780,-33.66,12.0,0.912
2024-04-26T23:32:23.000,12.62,4.64,3.13,19.11,20.35,4781,-33.68,12.0,0.912
2024-04-26T23:33:37.000,12.63,5.15,2.62,19.31,20.35,4782,-33.7,12.0,0.912
2024-04-26T23:34:44.000,12.64,4.62,2.36,19.42,20.35,4783,-33.71,12.0,0.912
2024-04-26T23:35:56.000,12.62,3.34,3.76,18.92,20.35,4784,-33.72,12.0,0.912
2024-04-26T23:38:20.000,12.57,3.87,4.03,18.84,20.35,4786,-33.74,12.0,0.912
2024-04-26T23:39:29.000,12.63,4.7,3.22,19.08,20.35,4787,-33.75,13.0,0.912
2024-04-26T23:40:40.000,12.67,4.07,4.15,18.81,20.35,4788,-33.76,13.0,0.912
2024-04-26T23:41:51.000,12.65,4.51,4.0,18.85,20.35,4789,-33.76,13.0,0.911
2024-04-26T23:43:02.000,12.7,4.03,3.8,18.91,20.35,4790,-33.77,13.0,0.911
2024-04-26T23:44:18.000,12.71,2.8,4.68,18.67,20.35,4791,-33.77,13.0,0.911
2024-04-26T23:45:37.000,12.74,2.56,4.93,18.62,20.35,4792,-33.77,13.0,0.911
2024-04-26T23:46:55.000,12.76,1.85,5.22,18.56,20.35,4793,-33.77,13.0,0.911
2024-04-26T23:48:10.000,12.71,1.03,5.91,18.42,20.35,4794,-33.77,13.0,0.911
2024-04-26T23:49:25.000,12.63,1.15,5.62,18.48,20.35,4795,-33.77,13.0,0.911
2024-04-26T23:50:40.000,12.57,1.72,5.23,18.55,20.35,4796,-33.77,14.0,0.911
2024-04-26T23:51:57.000,12.59,2.06,5.18,18.57,20.35,4797,-33.76,14.0,0.911
2024-04-26T23:53:13.000,12.62,2.06,5.07,18.59,20.35,4798,-33.75,14.0,0.911
2024-04-26T23:54:31.000,12.56,2.02,5.05,18.59,20.35,4799,-33.74,14.0,0.911
2024-04-26T23:55:45.000,12.47,2.42,5.11,18.58,20.35,4800,-33.73,14.0,0.911
2024-04-26T23:57:01.000,12.46,2.82,5.18,18.49,20.35,4801,-33.72,14.0,0.911
2024-04-26T23:58:14.000,12.47,3.25,5.0,18.6,20.35,4802,-33.71,14.0,0.911
2024-04-26T23:59:27.000,12.47,3.5,5.23,18.55,20.35,4803,-33.7,14.0,0.911
2024-04-27T00:00:42.000,12.52,4.15,4.87,18.63,20.35,4804,-33.68,14.0,0.911
2024-04-27T00:01:54.000,12.6,4.89,4.21,18.79,20.35,4805,-33.66,15.0,0.911
2024-04-27T00:03:06.000,12.7,5.18,3.96,18.86,20.35,4806,-33.65,15.0,0.911
2024-04-27T00:04:21.000,12.77,5.41,3.88,18.88,20.35,4807,-33.63,15.0,0.911
2024-04-27T00:05:34.000,12.79,5.31,3.78,18.91,20.35,4808,-33.6,15.0,0.91
2024-04-27T00:06:46.000,12.72,4.83,3.62,18.96,20.35,4809,-33.58,15.0,0.91
2024-04-27T00:07:59.000,12.64,4.6,4.24,18.78,20.35,4810,-33.56,15.0,0.91
2024-04-27T00:09:18.000,12.59,4.85,4.62,18.69,20.35,4811,-33.53,15.0,0.91
2024-04-27T00:10:26.000,12.64,5.94,3.24,19.08,20.35,4812,-33.51,15.0,0.91
2024-04-27T00:11:33.000,12.71,6.78,2.27,19.46,20.35,4813,-33.48,15.0,0.91
2024-04-27T00:12:39.000,12.77,7.28,2.07,19.56,20.35,4814,-33.45,15.0,0.91
2024-04-27T00:13:50.000,12.84,7.46,1.71,19.77,20.35,4815,-33.42,15.0,0.91
2024-04-27T00:14:56.000,12.89,7.56,1.44,19.96,20.35,4816,-33.4,16.0,0.91
2024-04-27T00:16:00.000,12.92,7.52,1.34,20.04,20.35,4817,-33.37,16.0,0.91
2024-04-27T00:17:10.000,12.88,7.47,1.42,19.97,20.35,4818,-33.33,16.0,0.91
2024-04-27T00:18:17.000,12.89,7.72,1.25,20.11,20.35,4819,-33.3,16.0,0.91
2024-04-27T00:19:26.000,12.9,7.81,1.21,20.14,20.35,4820,-33.27,16.0,0.91
2024-04-27T00:20:38.000,12.85,7.88,1.14,20.21,20.35,4821,-33.23,16.0,0.91
2024-04-27T00:21:44.000,12.83,7.97,1.64,19.85,20.35,4822,-33.19,16.0,0.91
2024-04-27T00:22:53.000,12.84,7.92,3.13,19.12,20.35,4823,-33.16,16.0,0.91
2024-04-27T00:24:05.000,12.87,7.95,2.22,19.51,20.35,4824,-33.11,16.0,0.91
2024-04-27T00:25:22.000,12.97,7.82,2.15,19.54,20.35,4825,-33.07,16.0,0.91
2024-04-27T00:26:36.000,12.99,6.96,4.49,18.73,20.35,4826,-33.02,16.0,0.91
2024-04-27T00:27:51.000,12.96,6.76,3.7,18.94,20.35,4827,-32.98,17.0,0.91
2024-04-27T00:29:00.000,12.95,7.01,3.17,19.1,20.35,4828,-32.93,17.0,0.91
2024-04-27T00:30:08.000,13.0,7.28,2.39,19.41,20.35,4829,-32.89,17.0,0.909
2024-04-27T00:31:18.000,13.06,7.19,2.67,19.29,20.35,4830,-32.84,17.0,0.909
2024-04-27T00:32:26.000,13.08,6.99,2.95,19.18,20.35,4831,-32.79,17.0,0.909
2024-04-27T00:33:39.000,13.09,6.06,4.4,18.75,20.35,4832,-32.74,17.0,0.909
2024-04-27T00:34:54.000,13.08,5.8,5.2,18.56,20.35,4833,-32.68,17.0,0.909
2024-04-27T00:36:11.000,13.08,5.74,5.03,18.6,20.35,4834,-32.63,17.0,0.909
2024-04-27T00:37:28.000,12.98,5.59,4.71,18.67,20.35,4835,-32.57,17.0,0.909
2024-04-27T00:38:43.000,12.96,5.95,4.8,18.65,20.35,4836,-32.51,17.0,0.909
2024-04-27T00:40:04.000,12.96,6.01,4.76,18.66,20.35,4837,-32.44,17.0,0.909
2024-04-27T00:41:23.000,12.97,6.11,4.88,18.63,20.35,4838,-32.38,17.0,0.909
2024-04-27T00:42:38.000,13.03,6.29,5.6,18.48,20.35,4839,-32.31,17.0,0.909
2024-04-27T00:44:00.000,13.1,5.53,5.85,18.43,20.35,4840,-32.24,18.0,0.909
2024-04-27T00:45:14.000,13.14,4.57,6.33,18.35,20.35,4841,-32.18,18.0,0.909
2024-04-27T00:46:30.000,13.09,4.4,5.95,18.41,20.35,4842,-32.11,18.0,0.909
2024-04-27T00:47:47.000,13.04,3.77,5.74,18.45,20.35,4843,-32.04,18.0,0.909
2024-04-27T00:49:04.000,13.02,3.19,6.65,18.29,20.35,4844,-31.96,18.0,0.909
2024-04-27T00:50:20.000,12.99,3.15,6.33,18.35,20.35,4845,-31.89,18.0,0.909
2024-04-27T00:51:35.000,12.96,1.73,6.25,18.36,20.35,4846,-31.82,18.0,0.909
2024-04-27T00:52:51.000,12.88,1.72,7.44,18.17,20.35,4847,-31.74,18.0,0.909
2024-04-27T00:54:09.000,12.83,2.92,6.76,18.28,20.35,4848,-31.66,18.0,0.909
2024-04-27T00:55:22.000,12.81,3.13,7.04,18.23,20.35,4849,-31.59,18.0,0.908
2024-04-27T00:56:42.000,12.81,3.66,7.83,18.12,20.35,4850,-31.5,18.0,0.908
2024-04-27T00:57:58.000,12.87,5.33,7.12,18.22,20.35,4851,-31.42,18.0,0.908
2024-04-27T00:59:14.000,12.91,5.74,6.27,18.36,20.35,4852,-31.34,18.0,0.908
2024-04-27T01:00:29.000,13.0,5.99,6.12,18.39,20.35,4853,-31.26,18.0,0.908
2024-04-27T01:01:47.000,13.1,6.14,5.72,18.46,20.35,4854,-31.17,18.0,0.908
2024-04-27T01:03:03.000,13.14,5.3,6.41,18.34,20.35,4855,-31.08,19.0,0.908
2024-04-27T01:04:20.000,13.18,4.23,7.38,18.18,20.35,4856,-31.0,19.0,0.908
2024-04-27T01:05:38.000,13.18,3.69,7.82,18.12,20.35,4857,-30.9,19.0,0.908
2024-04-27T01:06:57.000,13.07,2.8,8.65,18.01,20.35,4858,-30.81,19.0,0.908
2024-04-27T01:08:15.000,13.05,1.84,8.99,17.97,20.35,4859,-30.72,19.0,0.908
2024-04-27T01:09:32.000,13.03,1.15,9.28,17.93,20.35,4860,-30.62,19.0,0.908
2024-04-27T01:10:51.000,12.83,-0.13,8.9,17.98,20.35,4861,-30.52,19.0,0.908
2024-04-27T01:12:12.000,12.64,-0.87,8.06,18.08,20.35,4862,-30.42,19.0,0.908
2024-04-27T01:13:30.000,12.55,-0.99,8.84,17.99,20.35,4863,-30.32,19.0,0.908
2024-04-27T01:14:51.000,12.51,-0.58,10.46,17.8,20.35,4864,-30.22,19.0,0.908
2024-04-27T01:16:11.000,12.53,-0.32,11.23,17.72,20.35,4865,-30.11,19.0,0.908
