ecsv/stars759/stars759_2024-04.ecsv
# %ECSV 1.0
# ---
# datatype:
# - {name: time, datatype: string}
# - {name: Enclosure Temperature, unit: deg_C, datatype: float64}
# - {name: Sky Temperature, unit: deg_C, datatype: float64}
# - {name: Frequency, unit: Hz, datatype: float64}
# - {name: MSAS, unit: mag / arcsec2, datatype: float64}
# - {name: ZP, datatype: float64}
# - {name: Sequence Number, datatype: int64}
# - {name: Sun Alt, unit: deg, datatype: float64}
# - {name: Moon Alt, unit: deg, datatype: float64}
# - {name: Moon Illumination, datatype: float64}
# delimiter: ','
# meta: !!omap
# - ida:
#     Data supplier: {affiliation: "Observatori Astron\xF2mic Albany\xE0", observer: null}
#     Device type: TESS-W
#     Field of view: 17.0
#     Filters per channel: None
#     Instrument ID: stars759
#     License: ODbL 1.0 http://opendatacommons.org/licenses/odbl/summary/
#     Local timezone: Europe/Madrid
#     Location name: {country: Spain, place: "Albany\xE0", region: Catalonia, sub_region: "Upper Empord\xE0", town: "Albany\xE0"}
#     Measurement direction per channel: {azimuth: 0.0, zenital: 0.0}
#     Moving / Fixed look direction: FIXED
#     Moving / Stationary position: STATIONARY
#     Number of channels: 1
#     Number of fields per line: 8
#     Number of header lines: 35
#     Position: {height: 0.0, latitude: 42.306781, longitude: 2.711439}
#     TESS MAC address: E8:DB:84:83:07:32
#     TESS cover offset value: 0.0
#     TESS firmware version: '1.0'
#     TESS zero point: 20.35
#     Time Synchronization: timestamp added by MQTT subscriber
#     URL: http://www.darksky.org/NSBM/sdf1.0.pdf
# - __serialized_columns__:
#     Enclosure Temperature:
#       __class__: astropy.units.quantity.Quantity
#       unit: &id001 !astropy.units.Unit {unit: deg_C}
#       value: !astropy.table.SerializedColumn {name: Enclosure Temperature}
#     Frequency:
#       __class__: astropy.units.quantity.Quantity
#       unit: !astropy.units.Unit {unit: Hz}
#       value: !astropy.table.SerializedColumn {name: Frequency}
#     MSAS:
#       __class__: astropy.units.quantity.Quantity
#       unit: !astropy.units.Unit {unit: mag / arcsec2}
#       value: !astropy.table.SerializedColumn {name: MSAS}
#     Moon Alt:
#       __class__: astropy.units.quantity.Quantity
#       unit: &id002 !astropy.units.Unit {unit: deg}
#       value: !astropy.table.SerializedColumn {name: Moon Alt}
#     Sky Temperature:
#       __class__: astropy.units.quantity.Quantity
#       unit: *id001
#       value: !astropy.table.SerializedColumn {name: Sky Temperature}
#     Sun Alt:
#       __class__: astropy.units.quantity.Quantity
#       unit: *id002
#       value: !astropy.table.SerializedColumn {name: Sun Alt}
#     time:
#       __class__: astropy.time.core.Time
#       format: isot
#       in_subfmt: '*'
#       out_subfmt: '*'
#       precision: 3
#       scale: utc
#       value: !astropy.table.SerializedColumn {name: time}
# schema: astropy-2.0
time,Enclosure Temperature,Sky Temperature,Frequency,MSAS,ZP,Sequence Number,Sun Alt,Moon Alt,Moon Illumination
[from data line 2074]
2024-04-05T00:20:59.000,11.48,-5.24,1.16,20.19,20.35,13778,-41.06,-39.0,0.196
2024-04-05T00:22:14.000,11.48,-5.04,1.14,20.21,20.35,13779,-41.02,-38.0,0.196
2024-04-05T00:23:30.000,11.48,-5.2,1.14,20.21,20.35,13780,-40.98,-38.0,0.196
2024-04-05T00:24:48.000,11.44,-5.33,1.16,20.19,20.35,13781,-40.93,-38.0,0.196
2024-04-05T00:26:05.000,11.42,-5.41,1.15,20.2,20.35,13782,-40.89,-38.0,0.196
2024-04-05T00:27:18.000,11.42,-5.26,1.14,20.21,20.35,13783,-40.84,-37.0,0.196
2024-04-05T00:28:31.000,11.43,-5.19,1.13,20.22,20.35,13784,-40.79,-37.0,0.196
2024-04-05T00:29:44.000,11.42,-5.15,1.13,20.22,20.35,13785,-40.75,-37.0,0.196
2024-04-05T00:30:55.000,11.45,-5.04,1.13,20.22,20.35,13786,-40.7,-37.0,0.195
2024-04-05T00:32:05.000,11.44,-4.81,1.13,20.22,20.35,13787,-40.65,-37.0,0.195
2024-04-05T00:33:16.000,11.46,-4.77,1.13,20.22,20.35,13788,-40.6,-36.0,0.195
2024-04-05T00:34:25.000,11.45,-4.8,1.11,20.24,20.35,13789,-40.55,-36.0,0.195
2024-04-05T00:35:35.000,11.42,-4.86,1.09,20.26,20.35,13790,-40.49,-36.0,0.195
2024-04-05T00:36:43.000,11.42,-5.03,1.07,20.28,20.35,13791,-40.44,-36.0,0.195
2024-04-05T00:37:50.000,11.42,-5.02,1.05,20.29,20.35,13792,-40.39,-36.0,0.195
2024-04-05T00:38:59.000,11.39,-5.33,1.04,20.31,20.35,13793,-40.33,-35.0,0.195
2024-04-05T00:40:04.000,11.38,-5.34,1.0,20.35,20.35,13794,-40.28,-35.0,0.195
2024-04-05T00:41:24.000,11.38,-5.56,0.95,20.4,20.35,13795,-40.21,-35.0,0.195
2024-04-05T00:42:35.000,11.37,-5.58,0.91,20.46,20.35,13796,-40.15,-35.0,0.195
2024-04-05T00:43:51.000,11.35,-5.83,0.88,20.49,20.35,13797,-40.08,-35.0,0.195
2024-04-05T00:45:06.000,11.35,-6.04,0.88,20.49,20.35,13798,-40.01,-34.0,0.195
2024-04-05T00:46:21.000,11.3,-6.29,0.92,20.45,20.35,13799,-39.94,-34.0,0.194
2024-04-05T00:47:47.000,11.23,-6.35,0.96,20.4,20.35,13800,-39.86,-34.0,0.194
2024-04-05T00:49:03.000,11.18,-6.59,0.97,20.38,20.35,13801,-39.78,-34.0,0.194
2024-04-05T00:50:24.000,11.12,-6.65,0.97,20.38,20.35,13802,-39.7,-33.0,0.194
2024-04-05T00:52:02.000,11.11,-6.76,0.95,20.41,20.35,13803,-39.6,-33.0,0.194
2024-04-05T00:53:14.000,11.07,-6.98,0.92,20.44,20.35,13804,-39.53,-33.0,0.194
2024-04-05T00:54:26.000,11.03,-7.12,0.9,20.46,20.35,13805,-39.45,-33.0,0.194
2024-04-05T00:55:44.000,10.99,-7.46,0.85,20.52,20.35,13806,-39.36,-32.0,0.194
2024-04-05T00:57:07.000,10.96,-7.49,0.81,20.58,20.35,13807,-39.27,-32.0,0.194
2024-04-05T00:58:30.000,10.93,-7.65,0.77,20.64,20.35,13808,-39.18,-32.0,0.194
2024-04-05T00:59:57.000,10.88,-7.74,0.75,20.66,20.35,13809,-39.08,-32.0,0.194
2024-04-05T01:01:19.000,10.86,-7.64,0.79,20.61,20.35,13810,-38.98,-31.0,0.193
2024-04-05T01:02:41.000,10.85,-7.5,0.81,20.58,20.35,13811,-38.89,-31.0,0.193
2024-04-05T01:04:18.000,10.81,-7.77,0.82,20.57,20.35,13812,-38.77,-31.0,0.193
2024-04-05T01:05:41.000,10.75,-7.67,0.8,20.6,20.35,13813,-38.67,-31.0,0.193
2024-04-05T01:07:00.000,10.73,-7.73,0.79,20.61,20.35,13814,-38.57,-30.0,0.193
2024-04-05T01:08:23.000,10.72,-7.66,0.8,20.6,20.35,13815,-38.46,-30.0,0.193
2024-04-05T01:09:49.000,10.71,-7.73,0.81,20.59,20.35,13816,-38.35,-30.0,0.193
2024-04-05T01:11:13.000,10.67,-7.86,0.83,20.56,20.35,13817,-38.24,-30.0,0.193
2024-04-05T01:12:29.000,10.59,-7.78,0.86,20.52,20.35,13818,-38.14,-29.0,0.193
2024-04-05T01:13:45.000,10.58,-7.6,0.89,20.48,20.35,13819,-38.03,-29.0,0.193
2024-04-05T01:15:00.000,10.61,-7.39,0.91,20.45,20.35,13820,-37.93,-29.0,0.193
2024-04-05T01:16:11.000,10.62,-7.42,0.91,20.46,20.35,13821,-37.83,-29.0,0.193
2024-04-05T01:17:27.000,10.64,-7.41,0.88,20.49,20.35,13822,-37.72,-29.0,0.192
2024-04-05T01:18:48.000,10.61,-7.57,0.84,20.54,20.35,13823,-37.61,-28.0,0.192
2024-04-05T01:20:16.000,10.58,-7.59,0.82,20.57,20.35,13824,-37.48,-28.0,0.192
2024-04-05T01:21:34.000,10.56,-7.53,0.86,20.52,20.35,13825,-37.37,-28.0,0.192
2024-04-05T01:22:47.000,10.56,-7.45,0.92,20.45,20.35,13826,-37.26,-28.0,0.192
2024-04-05T01:24:17.000,10.55,-7.55,0.96,20.4,20.35,13827,-37.12,-27.0,0.192
2024-04-05T01:25:44.000,10.53,-7.26,0.96,20.4,20.35,13828,-36.99,-27.0,0.192
2024-04-05T01:27:15.000,10.55,-7.24,0.96,20.4,20.35,13829,-36.85,-27.0,0.192
2024-04-05T01:28:41.000,10.55,-6.91,0.96,20.4,20.35,13830,-36.72,-26.0,0.192
2024-04-05T01:30:14.000,10.52,-7.12,0.94,20.42,20.35,13831,-36.57,-26.0,0.192
2024-04-05T01:31:30.000,10.51,-6.79,0.92,20.45,20.35,13832,-36.45,-26.0,0.192
2024-04-05T01:32:41.000,10.51,-6.81,0.91,20.46,20.35,13833,-36.33,-26.0,0.191
2024-04-05T01:33:57.000,10.5,-6.56,0.91,20.45,20.35,13834,-36.21,-26.0,0.191
2024-04-05T01:35:12.000,10.54,-6.58,0.91,20.45,20.35,13835,-36.08,-25.0,0.191
2024-04-05T01:36:27.000,10.58,-6.41,0.89,20.48,20.35,13836,-35.96,-25.0,0.191
2024-04-05T01:37:39.000,10.6,-6.24,0.9,20.46,20.35,13837,-35.84,-25.0,0.191
2024-04-05T01:39:06.000,10.63,-6.29,0.95,20.41,20.35,13838,-35.69,-25.0,0.191
2024-04-05T01:40:15.000,10.65,-6.15,0.99,20.36,20.35,13839,-35.57,-24.0,0.191
2024-04-05T01:41:23.000,10.67,-6.15,1.03,20.32,20.35,13840,-35.46,-24.0,0.191
2024-04-05T01:42:32.000,10.69,-6.11,1.06,20.29,20.35,13841,-35.34,-24.0,0.191
2024-04-05T01:43:40.000,10.7,-6.16,1.08,20.27,20.35,13842,-35.22,-24.0,0.191
2024-04-05T01:44:51.000,10.69,-6.19,1.08,20.26,20.35,13843,-35.09,-24.0,0.191
2024-04-05T01:46:01.000,10.7,-6.09,1.08,20.27,20.35,13844,-34.97,-23.0,0.191
2024-04-05T01:47:11.000,10.7,-6.17,1.04,20.31,20.35,13845,-34.84,-23.0,0.191
2024-04-05T01:48:22.000,10.69,-6.26,0.99,20.37,20.35,13846,-34.71,-23.0,0.19
2024-04-05T01:49:38.000,10.66,-6.25,0.98,20.37,20.35,13847,-34.57,-23.0,0.19
2024-04-05T01:50:44.000,10.66,-6.08,1.01,20.34,20.35,13848,-34.45,-23.0,0.19
2024-04-05T01:51:52.000,10.66,-6.12,1.03,20.32,20.35,13849,-34.32,-22.0,0.19
2024-04-05T01:53:02.000,10.63,-6.25,1.04,20.31,20.35,13850,-34.19,-22.0,0.19
2024-04-05T01:54:11.000,10.58,-6.16,1.05,20.3,20.35,13851,-34.06,-22.0,0.19
2024-04-05T01:55:19.000,10.55,-5.92,1.05,20.3,20.35,13852,-33.94,-22.0,0.19
2024-04-05T01:56:26.000,10.55,-5.92,1.03,20.32,20.35,13853,-33.81,-22.0,0.19
2024-04-05T01:57:33.000,10.5,-5.94,1.01,20.34,20.35,13854,-33.68,-21.0,0.19
2024-04-05T01:58:38.000,10.47,-5.74,1.01,20.34,20.35,13855,-33.55,-21.0,0.19
2024-04-05T01:59:48.000,10.49,-5.45,1.05,20.3,20.35,13856,-33.42,-21.0,0.19
2024-04-05T02:00:58.000,10.52,-5.38,1.12,20.23,20.35,13857,-33.28,-21.0,0.19
2024-04-05T02:02:13.000,10.53,-5.31,1.18,20.17,20.35,13858,-33.13,-20.0,0.19
2024-04-05T02:03:31.000,10.54,-5.29,1.22,20.14,20.35,13859,-32.98,-20.0,0.189
2024-04-05T02:04:51.000,10.54,-5.16,1.22,20.14,20.35,13860,-32.82,-20.0,0.189
2024-04-05T02:06:10.000,10.54,-5.11,1.21,20.15,20.35,13861,-32.66,-20.0,0.189
2024-04-05T02:07:25.000,10.59,-5.15,1.19,20.16,20.35,13862,-32.51,-20.0,0.189
2024-04-05T02:08:42.000,10.61,-5.24,1.18,20.18,20.35,13863,-32.35,-19.0,0.189
2024-04-05T02:09:57.000,10.6,-5.27,1.17,20.18,20.35,13864,-32.2,-19.0,0.189
2024-04-05T02:11:14.000,10.62,-5.3,1.15,20.2,20.35,13865,-32.04,-19.0,0.189
2024-04-05T02:12:26.000,10.64,-5.28,1.13,20.22,20.35,13866,-31.89,-19.0,0.189
2024-04-05T02:13:37.000,10.64,-5.26,1.11,20.24,20.35,13867,-31.74,-18.0,0.189
2024-04-05T02:14:48.000,10.63,-5.35,1.11,20.24,20.35,13868,-31.59,-18.0,0.189
2024-04-05T02:16:01.000,10.58,-5.46,1.12,20.23,20.35,13869,-31.44,-18.0,0.189
2024-04-05T02:17:13.000,10.48,-5.83,1.13,20.22,20.35,13870,-31.29,-18.0,0.189
2024-04-05T02:18:25.000,10.43,-5.5,1.12,20.23,20.35,13871,-31.13,-18.0,0.188
2024-04-05T02:19:37.000,10.44,-5.43,1.13,20.22,20.35,13872,-30.98,-17.0,0.188
2024-04-05T02:20:52.000,10.4,-5.48,1.14,20.21,20.35,13873,-30.82,-17.0,0.188
2024-04-05T02:22:04.000,10.43,-5.4,1.12,20.23,20.35,13874,-30.66,-17.0,0.188
2024-04-05T02:23:17.000,10.47,-5.43,1.13,20.22,20.35,13875,-30.5,-17.0,0.188
2024-04-05T02:24:28.000,10.48,-5.46,1.11,20.24,20.35,13876,-30.34,-17.0,0.188
2024-04-05T02:25:39.000,10.49,-5.45,1.06,20.29,20.35,13877,-30.19,-16.0,0.188
2024-04-05T02:26:47.000,10.51,-5.53,1.02,20.33,20.35,13878,-30.04,-16.0,0.188
2024-04-05T02:27:56.000,10.53,-5.54,1.04,20.31,20.35,13879,-29.88,-16.0,0.188
2024-04-05T02:29:06.000,10.55,-5.47,1.09,20.26,20.35,13880,-29.73,-16.0,0.188
2024-04-05T02:30:20.000,10.58,-5.58,1.12,20.23,20.35,13881,-29.56,-15.0,0.188
2024-04-05T02:31:35.000,10.59,-5.53,1.13,20.21,20.35,13882,-29.39,-15.0,0.188
2024-04-05T02:32:45.000,10.58,-5.58,1.11,20.24,20.35,13883,-29.23,-15.0,0.188
2024-04-05T02:33:55.000,10.58,-5.51,1.07,20.28,20.35,13884,-29.07,-15.0,0.187
2024-04-05T02:35:02.000,10.58,-5.69,1.06,20.29,20.35,13885,-28.92,-15.0,0.187
2024-04-05T02:36:12.000,10.58,-5.82,1.07,20.28,20.35,13886,-28.76,-14.0,0.187
2024-04-05T02:37:21.000,10.56,-5.98,1.04,20.31,20.35,13887,-28.6,-14.0,0.187
2024-04-05T02:38:47.000,10.53,-6.3,0.96,20.39,20.35,13888,-28.4,-14.0,0.187
2024-04-05T02:40:01.000,10.48,-6.48,0.91,20.46,20.35,13889,-28.23,-14.0,0.187
2024-04-05T02:41:15.000,10.47,-6.53,0.92,20.45,20.35,13890,-28.06,-14.0,0.187
2024-04-05T02:42:32.000,10.48,-6.89,0.9,20.46,20.35,13891,-27.88,-13.0,0.187
2024-04-05T02:43:50.000,10.44,-7.13,0.82,20.57,20.35,13892,-27.69,-13.0,0.187
2024-04-05T02:45:24.000,10.43,-7.3,0.77,20.63,20.35,13893,-27.47,-13.0,0.187
2024-04-05T02:46:50.000,10.41,-7.44,0.76,20.66,20.35,13894,-27.26,-13.0,0.187
2024-04-05T02:48:14.000,10.35,-7.52,0.74,20.69,20.35,13895,-27.06,-12.0,0.187
2024-04-05T02:49:45.000,10.33,-7.27,0.74,20.67,20.35,13896,-26.84,-12.0,0.186
2024-04-05T02:51:08.000,10.38,-7.23,0.79,20.6,20.35,13897,-26.64,-12.0,0.186
2024-04-05T02:52:43.000,10.45,-7.14,0.83,20.56,20.35,13898,-26.41,-12.0,0.186
2024-04-05T02:54:09.000,10.51,-7.11,0.81,20.58,20.35,13899,-26.2,-11.0,0.186
2024-04-05T02:55:33.000,10.56,-7.28,0.78,20.63,20.35,13900,-26.0,-11.0,0.186
2024-04-05T02:57:02.000,10.59,-7.61,0.74,20.69,20.35,13901,-25.78,-11.0,0.186
2024-04-05T02:58:37.000,10.56,-7.77,0.71,20.72,20.35,13902,-25.54,-11.0,0.186
2024-04-05T03:00:10.000,10.53,-7.97,0.7,20.75,20.35,13903,-25.31,-10.0,0.186
2024-04-05T03:01:39.000,10.54,-7.99,0.66,20.81,20.35,13904,-25.09,-10.0,0.186
2024-04-05T03:03:01.000,10.53,-8.34,0.63,20.86,20.35,13905,-24.89,-10.0,0.186
2024-04-05T03:04:21.000,10.54,-8.53,0.62,20.87,20.35,13906,-24.69,-10.0,0.186
2024-04-05T03:05:41.000,10.53,-8.87,0.61,20.88,20.35,13907,-24.49,-9.0,0.185
2024-04-05T03:06:55.000,10.51,-8.85,0.59,20.93,20.35,13908,-24.3,-9.0,0.185
2024-04-05T03:08:04.000,10.51,-8.84,0.56,20.97,20.35,13909,-24.12,-9.0,0.185
2024-04-05T03:09:14.000,10.49,-8.98,0.56,20.97,20.35,13910,-23.94,-9.0,0.185
2024-04-05T03:10:27.000,10.45,-8.9,0.58,20.95,20.35,13911,-23.76,-8.0,0.185
2024-04-05T03:11:41.000,10.39,-9.05,0.59,20.92,20.35,13912,-23.57,-8.0,0.185
2024-04-05T03:12:58.000,10.37,-8.9,0.6,20.92,20.35,13913,-23.37,-8.0,0.185
2024-04-05T03:14:13.000,10.37,-8.65,0.59,20.93,20.35,13914,-23.18,-8.0,0.185
2024-04-05T03:15:32.000,10.37,-8.56,0.61,20.88,20.35,13915,-22.97,-8.0,0.185
2024-04-05T03:17:03.000,10.35,-8.42,0.68,20.78,20.35,13916,-22.74,-7.0,0.185
2024-04-05T03:18:35.000,10.36,-8.39,0.72,20.71,20.35,13917,-22.5,-7.0,0.185
2024-04-05T03:20:10.000,10.35,-8.06,0.71,20.72,20.35,13918,-22.25,-7.0,0.185
2024-04-05T03:21:44.000,10.38,-7.88,0.7,20.74,20.35,13919,-22.01,-7.0,0.184
2024-04-05T03:23:11.000,10.46,-7.57,0.73,20.7,20.35,13920,-21.78,-6.0,0.184
2024-04-05T03:24:35.000,10.52,-7.16,0.75,20.66,20.35,13921,-21.55,-6.0,0.184
2024-04-05T03:26:06.000,10.69,-6.9,0.75,20.67,20.35,13922,-21.31,-6.0,0.184
2024-04-05T03:27:37.000,10.84,-6.99,0.8,20.6,20.35,13923,-21.07,-5.0,0.184
2024-04-05T03:28:50.000,10.86,-7.14,0.88,20.49,20.35,13924,-20.88,-5.0,0.184
2024-04-05T03:30:14.000,10.88,-6.8,0.96,20.4,20.35,13925,-20.65,-5.0,0.184
2024-04-05T03:31:45.000,10.87,-6.89,0.95,20.41,20.35,13926,-20.41,-5.0,0.184
2024-04-05T03:33:05.000,10.87,-6.55,0.97,20.39,20.35,13927,-20.2,-5.0,0.184
2024-04-05T03:34:14.000,10.84,-6.24,1.05,20.3,20.35,13928,-20.01,-4.0,0.184
2024-04-05T03:35:22.000,11.01,-5.22,1.09,20.26,20.35,13929,-19.83,-4.0,0.184
2024-04-05T03:36:32.000,11.14,-5.97,1.1,20.25,20.35,13930,-19.64,-4.0,0.183
2024-04-05T03:37:45.000,11.17,-5.62,1.12,20.23,20.35,13931,-19.44,-4.0,0.183
2024-04-05T03:39:02.000,11.19,-5.61,1.15,20.2,20.35,13932,-19.23,-4.0,0.183
2024-04-05T03:40:21.000,11.19,-5.71,1.21,20.15,20.35,13933,-19.02,-3.0,0.183
2024-04-05T03:41:50.000,11.26,-5.22,1.31,20.06,20.35,13934,-18.77,-3.0,0.183
2024-04-05T03:43:32.000,11.31,-4.93,1.41,19.98,20.35,13935,-18.49,-3.0,0.183
2024-04-05T03:44:47.000,11.35,-4.5,1.51,19.9,20.35,13936,-18.29,-3.0,0.183
2024-04-05T03:46:10.000,11.39,-4.39,1.58,19.86,20.35,13937,-18.06,-2.0,0.183
2024-04-05T03:47:35.000,11.4,-4.61,1.59,19.85,20.35,13938,-17.83,-2.0,0.183
2024-04-05T03:48:54.000,11.36,-4.84,1.58,19.86,20.35,13939,-17.61,-2.0,0.183
2024-04-05T03:50:14.000,11.36,-4.78,1.55,19.87,20.35,13940,-17.39,-2.0,0.183
2024-04-05T03:51:34.000,11.35,-4.94,1.55,19.87,20.35,13941,-17.16,-1.0,0.182
2024-04-05T03:52:53.000,11.34,-5.1,1.56,19.87,20.35,13942,-16.94,-1.0,0.182
2024-04-05T03:54:13.000,11.27,-5.6,1.54,19.88,20.35,13943,-16.72,-1.0,0.182
2024-04-05T03:55:26.000,11.18,-5.66,1.5,19.91,20.35,13944,-16.52,-1.0,0.182
2024-04-05T03:56:44.000,11.13,-5.76,1.47,19.94,20.35,13945,-16.3,-1.0,0.182
2024-04-05T03:58:04.000,11.11,-5.88,1.45,19.94,20.35,13946,-16.07,-0.0,0.182
2024-04-05T03:59:20.000,11.04,-6.07,1.47,19.94,20.35,13947,-15.86,-0.0,0.182
2024-04-05T04:00:38.000,10.98,-6.2,1.47,19.93,20.35,13948,-15.64,0.0,0.182
2024-04-05T04:01:51.000,10.93,-6.24,1.5,19.91,20.35,13949,-15.43,0.0,0.182
2024-04-05T04:03:10.000,10.93,-6.26,1.51,19.91,20.35,13950,-15.21,0.0,0.182
2024-04-05T04:04:26.000,10.9,-6.33,1.48,19.92,20.35,13951,-15.0,1.0,0.182
2024-04-05T04:05:46.000,10.87,-6.37,1.47,19.93,20.35,13952,-14.77,1.0,0.182
2024-04-05T04:07:26.000,10.8,-6.49,1.43,19.96,20.35,13953,-14.49,1.0,0.181
2024-04-05T04:08:51.000,10.75,-6.36,1.45,19.95,20.35,13954,-14.24,1.0,0.181
2024-04-05T04:10:06.000,10.71,-6.53,1.51,19.9,20.35,13955,-14.03,2.0,0.181
2024-04-05T04:11:27.000,10.65,-6.74,1.54,19.89,20.35,13956,-13.8,2.0,0.181
2024-04-05T04:12:50.000,10.63,-6.63,1.54,19.88,20.35,13957,-13.56,2.0,0.181
2024-04-05T04:14:11.000,10.61,-6.58,1.54,19.88,20.35,13958,-13.33,2.0,0.181
2024-04-05T04:15:31.000,10.58,-6.79,1.61,19.83,20.35,13959,-13.1,3.0,0.181
2024-04-05T04:16:55.000,10.57,-6.65,1.73,19.76,20.35,13960,-12.86,3.0,0.181
2024-04-05T04:18:21.000,10.53,-6.73,1.87,19.67,20.35,13961,-12.61,3.0,0.181
2024-04-05T04:19:42.000,10.51,-6.79,2.01,19.59,20.35,13962,-12.37,3.0,0.181
2024-04-05T04:21:08.000,10.47,-6.68,2.22,19.48,20.35,13963,-12.13,3.0,0.181
2024-04-05T04:22:26.000,10.46,-6.31,2.45,19.38,20.35,13964,-11.9,4.0,0.181
2024-04-05T04:23:48.000,10.43,-6.4,2.7,19.27,20.35,13965,-11.66,4.0,0.18
2024-04-05T04:25:09.000,10.39,-6.26,3.09,19.13,20.35,13966,-11.43,4.0,0.18
2024-04-05T04:26:30.000,10.4,-5.83,3.65,18.95,20.35,13967,-11.19,4.0,0.18
2024-04-05T04:27:54.000,10.43,-5.56,4.23,18.79,20.35,13968,-10.95,5.0,0.18
2024-04-05T04:29:13.000,10.45,-5.19,4.79,18.65,20.35,13969,-10.72,5.0,0.18
2024-04-05T04:30:35.000,10.45,-4.79,5.58,18.48,20.35,13970,-10.48,5.0,0.18
2024-04-05T04:31:58.000,10.45,-4.6,6.68,18.29,20.35,13971,-10.23,5.0,0.18
2024-04-05T04:33:18.000,10.48,-4.45,8.1,18.08,20.35,13972,-10.0,5.0,0.18
2024-04-05T04:34:39.000,10.5,-4.34,9.93,17.86,20.35,13973,-9.76,6.0,0.18
2024-04-05T04:35:58.000,10.45,-4.28,11.65,17.69,20.35,13974,-9.53,6.0,0.18
2024-04-05T04:37:22.000,10.5,-4.36,14.33,17.46,20.35,13975,-9.28,6.0,0.18
2024-04-05T04:38:41.000,10.49,-4.16,18.37,17.19,20.35,13976,-9.05,6.0,0.179
2024-04-05T04:39:59.000,10.45,-4.09,23.34,16.93,20.35,13977,-8.82,6.0,0.179
2024-04-05T04:41:19.000,10.47,-4.22,29.01,16.7,20.35,13978,-8.58,7.0,0.179
2024-04-05T04:42:37.000,10.49,-4.12,35.57,16.48,20.35,13979,-8.35,7.0,0.179
2024-04-05T04:43:59.000,10.41,-3.9,44.89,16.22,20.35,13980,-8.11,7.0,0.179
2024-04-05T04:45:19.000,10.52,-4.09,57.54,15.95,20.35,13981,-7.87,7.0,0.179
2024-04-05T04:46:36.000,10.56,-3.97,72.66,15.7,20.35,13982,-7.64,7.0,0.179
2024-04-05T04:47:52.000,10.61,-3.85,92.91,15.43,20.35,13983,-7.42,8.0,0.179
2024-04-05T04:49:06.000,10.65,-3.83,118.13,15.17,20.35,13984,-7.2,8.0,0.179
