ecsv/stars759/stars759_2025-04.ecsv
# %ECSV 1.0
# ---
# datatype:
# - {name: time, datatype: string}
# - {name: Enclosure Temperature, unit: deg_C, datatype: float64}
# - {name: Sky Temperature, unit: deg_C, datatype: float64}
# - {name: Frequency, unit: Hz, datatype: float64}
# - {name: MSAS, unit: mag / arcsec2, datatype: float64}
# - {name: ZP, datatype: float64}
# - {name: Sequence Number, datatype: int64}
# - {name: Sun Alt, unit: deg, datatype: float64}
# - {name: Moon Alt, unit: deg, datatype: float64}
# - {name: Moon Illumination, datatype: float64}
# delimiter: ','
# meta: !!omap
# - ida:
#     Data supplier: {affiliation: "Observatori Astron\xF2mic Albany\xE0", observer: null}
#     Device type: TESS-W
#     Field of view: 17.0
#     Filters per channel: None
#     Instrument ID: stars759
#     License: ODbL 1.0 http://opendatacommons.org/licenses/odbl/summary/
#     Local timezone: Europe/Madrid
#     Location name: {country: Spain, place: "Albany\xE0", region: Catalonia, sub_region: "Upper Empord\xE0", town: "Albany\xE0"}
#     Measurement direction per channel: {azimuth: 0.0, zenital: 0.0}
#     Moving / Fixed look direction: FIXED
#     Moving / Stationary position: STATIONARY
#     Number of channels: 1
#     Number of fields per line: 8
#     Number of header lines: 35
#     Position: {height: 0.0, latitude: 42.306781, longitude: 2.711439}
#     TESS MAC address: E8:DB:84:83:07:32
#     TESS cover offset value: 0.0
#     TESS firmware version: '1.0'
#     TESS zero point: 20.35
#     Time Synchronization: timestamp added by MQTT subscriber
#     URL: http://www.darksky.org/NSBM/sdf1.0.pdf
# - __serialized_columns__:
#     Enclosure Temperature:
#       __class__: astropy.units.quantity.Quantity
#       unit: &id001 !astropy.units.Unit {unit: deg_C}
#       value: !astropy.table.SerializedColumn {name: Enclosure Temperature}
#     Frequency:
#       __class__: astropy.units.quantity.Quantity
#       unit: !astropy.units.Unit {unit: Hz}
#       value: !astropy.table.SerializedColumn {name: Frequency}
#     MSAS:
#       __class__: astropy.units.quantity.Quantity
#       unit: !astropy.units.Unit {unit: mag / arcsec2}
#       value: !astropy.table.SerializedColumn {name: MSAS}
#     Moon Alt:
#       __class__: astropy.units.quantity.Quantity
#       unit: &id002 !astropy.units.Unit {unit: deg}
#       value: !astropy.table.SerializedColumn {name: Moon Alt}
#     Sky Temperature:
#       __class__: astropy.units.quantity.Quantity
#       unit: *id001
#       value: !astropy.table.SerializedColumn {name: Sky Temperature}
#     Sun Alt:
#       __class__: astropy.units.quantity.Quantity
#       unit: *id002
#       value: !astropy.table.SerializedColumn {name: Sun Alt}
#     time:
#       __class__: astropy.time.core.Time
#       format: isot
#       in_subfmt: '*'
#       out_subfmt: '*'
#       precision: 3
#       scale: utc
#       value: !astropy.table.SerializedColumn {name: time}
# schema: astropy-2.0
time,Enclosure Temperature,Sky Temperature,Frequency,MSAS,ZP,Sequence Number,Sun Alt,Moon Alt,Moon Illumination
[from data line 14812]
2025-04-23T00:39:20.000,10.37,-9.34,0.38,21.41,20.35,151247,-33.86,-23.0,0.295
2025-04-23T00:40:20.000,10.32,-9.47,0.38,21.42,20.35,151248,-33.81,-23.0,0.295
2025-04-23T00:41:21.000,10.26,-9.5,0.38,21.42,20.35,151249,-33.76,-23.0,0.295
2025-04-23T00:42:21.000,10.21,-9.29,0.38,21.42,20.35,151250,-33.71,-22.0,0.295
2025-04-23T00:43:21.000,10.15,-9.09,0.38,21.41,20.35,151251,-33.66,-22.0,0.295
2025-04-23T00:44:21.000,10.09,-9.01,0.38,21.41,20.35,151252,-33.61,-22.0,0.295
2025-04-23T00:45:21.000,10.05,-8.93,0.38,21.42,20.35,151253,-33.55,-22.0,0.295
2025-04-23T00:46:21.000,10.03,-8.33,0.38,21.41,20.35,151254,-33.5,-22.0,0.295
2025-04-23T00:47:21.000,10.04,-7.91,0.38,21.41,20.35,151255,-33.44,-22.0,0.295
2025-04-23T00:48:21.000,10.03,-7.43,0.38,21.41,20.35,151256,-33.39,-21.0,0.295
2025-04-23T00:49:21.000,10.06,-7.39,0.38,21.41,20.35,151257,-33.33,-21.0,0.295
2025-04-23T00:50:21.000,10.07,-7.42,0.38,21.41,20.35,151258,-33.27,-21.0,0.295
2025-04-23T00:51:21.000,10.06,-7.6,0.38,21.41,20.35,151259,-33.21,-21.0,0.295
2025-04-23T00:52:21.000,10.04,-7.95,0.38,21.42,20.35,151260,-33.15,-21.0,0.294
2025-04-23T00:53:21.000,10.01,-7.81,0.38,21.42,20.35,151261,-33.09,-21.0,0.294
2025-04-23T00:54:21.000,10.05,-7.51,0.38,21.41,20.35,151262,-33.03,-20.0,0.294
2025-04-23T00:55:21.000,10.1,-7.37,0.38,21.41,20.35,151263,-32.97,-20.0,0.294
2025-04-23T00:56:21.000,10.08,-7.57,0.37,21.42,20.35,151264,-32.9,-20.0,0.294
2025-04-23T00:57:22.000,10.04,-7.69,0.37,21.42,20.35,151265,-32.84,-20.0,0.294
2025-04-23T00:58:22.000,10.03,-8.06,0.37,21.42,20.35,151266,-32.77,-20.0,0.294
2025-04-23T00:59:22.000,10.08,-8.84,0.37,21.43,20.35,151267,-32.71,-19.0,0.294
2025-04-23T01:00:22.000,10.07,-9.45,0.37,21.43,20.35,151268,-32.64,-19.0,0.294
2025-04-23T01:01:22.000,10.01,-9.5,0.37,21.43,20.35,151269,-32.57,-19.0,0.294
2025-04-23T01:02:22.000,10.1,-8.8,0.37,21.42,20.35,151270,-32.5,-19.0,0.294
2025-04-23T01:03:22.000,10.21,-7.38,0.38,21.42,20.35,151271,-32.43,-19.0,0.294
2025-04-23T01:04:22.000,10.16,-7.41,0.38,21.42,20.35,151272,-32.36,-19.0,0.294
2025-04-23T01:05:22.000,10.06,-7.23,0.38,21.42,20.35,151273,-32.29,-18.0,0.294
2025-04-23T01:06:22.000,10.02,-7.32,0.38,21.42,20.35,151274,-32.22,-18.0,0.293
2025-04-23T01:07:22.000,10.09,-7.66,0.38,21.42,20.35,151275,-32.15,-18.0,0.293
2025-04-23T01:08:22.000,10.06,-9.45,0.37,21.43,20.35,151276,-32.08,-18.0,0.293
2025-04-23T01:09:22.000,10.03,-10.15,0.37,21.43,20.35,151277,-32.0,-18.0,0.293
2025-04-23T01:10:22.000,10.13,-10.18,0.37,21.43,20.35,151278,-31.93,-17.0,0.293
2025-04-23T01:11:22.000,10.1,-10.11,0.37,21.43,20.35,151279,-31.85,-17.0,0.293
2025-04-23T01:12:23.000,10.02,-10.0,0.37,21.43,20.35,151280,-31.77,-17.0,0.293
2025-04-23T01:13:23.000,10.04,-10.01,0.37,21.43,20.35,151281,-31.69,-17.0,0.293
2025-04-23T01:14:23.000,10.22,-10.05,0.37,21.43,20.35,151282,-31.62,-17.0,0.293
2025-04-23T01:15:23.000,10.19,-10.05,0.37,21.43,20.35,151283,-31.54,-17.0,0.293
2025-04-23T01:16:23.000,10.11,-9.87,0.37,21.44,20.35,151284,-31.46,-16.0,0.293
2025-04-23T01:17:23.000,10.04,-9.83,0.37,21.44,20.35,151285,-31.38,-16.0,0.293
2025-04-23T01:18:23.000,10.05,-9.74,0.37,21.44,20.35,151286,-31.3,-16.0,0.293
2025-04-23T01:19:23.000,10.24,-9.75,0.37,21.44,20.35,151287,-31.21,-16.0,0.293
2025-04-23T01:20:23.000,10.23,-9.49,0.37,21.44,20.35,151288,-31.13,-16.0,0.292
2025-04-23T01:21:30.000,10.14,-9.28,0.37,21.44,20.35,151289,-31.04,-15.0,0.292
2025-04-23T01:22:29.000,10.03,-8.98,0.37,21.44,20.35,151290,-30.95,-15.0,0.292
2025-04-23T01:23:29.000,10.05,-8.74,0.37,21.44,20.35,151291,-30.87,-15.0,0.292
2025-04-23T01:24:29.000,10.15,-8.6,0.37,21.44,20.35,151292,-30.78,-15.0,0.292
2025-04-23T01:25:29.000,10.13,-8.01,0.37,21.44,20.35,151293,-30.7,-15.0,0.292
2025-04-23T01:26:30.000,10.08,-7.63,0.37,21.43,20.35,151294,-30.61,-15.0,0.292
2025-04-23T01:27:30.000,10.02,-7.24,0.37,21.43,20.35,151295,-30.52,-14.0,0.292
2025-04-23T01:28:30.000,10.11,-6.32,0.38,21.4,20.35,151296,-30.43,-14.0,0.292
2025-04-23T01:29:30.000,10.12,-5.33,0.4,21.35,20.35,151297,-30.34,-14.0,0.292
2025-04-23T01:30:30.000,10.09,-4.24,0.42,21.31,20.35,151298,-30.25,-14.0,0.292
2025-04-23T01:31:30.000,10.07,-3.47,0.43,21.28,20.35,151299,-30.16,-14.0,0.292
2025-04-23T01:32:30.000,10.04,-2.95,0.43,21.28,20.35,151300,-30.06,-13.0,0.292
2025-04-23T01:33:30.000,10.04,-2.45,0.43,21.28,20.35,151301,-29.97,-13.0,0.292
2025-04-23T01:34:30.000,10.04,-2.12,0.43,21.28,20.35,151302,-29.88,-13.0,0.291
2025-04-23T01:35:30.000,10.04,-1.78,0.42,21.29,20.35,151303,-29.78,-13.0,0.291
2025-04-23T01:36:30.000,10.04,-1.36,0.42,21.28,20.35,151304,-29.69,-13.0,0.291
2025-04-23T01:37:30.000,10.05,-0.82,0.43,21.28,20.35,151305,-29.59,-13.0,0.291
2025-04-23T01:38:30.000,10.05,-0.16,0.43,21.27,20.35,151306,-29.5,-12.0,0.291
2025-04-23T01:39:30.000,10.06,0.58,0.44,21.25,20.35,151307,-29.4,-12.0,0.291
2025-04-23T01:40:30.000,10.1,1.38,0.44,21.24,20.35,151308,-29.3,-12.0,0.291
2025-04-23T01:41:31.000,10.17,1.98,0.44,21.24,20.35,151309,-29.2,-12.0,0.291
2025-04-23T01:42:31.000,10.25,2.73,0.44,21.25,20.35,151310,-29.1,-12.0,0.291
2025-04-23T01:43:31.000,10.34,3.39,0.44,21.25,20.35,151311,-29.0,-12.0,0.291
2025-04-23T01:44:31.000,10.42,3.84,0.43,21.27,20.35,151312,-28.9,-11.0,0.291
2025-04-23T01:45:31.000,10.47,4.19,0.43,21.28,20.35,151313,-28.8,-11.0,0.291
2025-04-23T01:46:31.000,10.52,4.31,0.42,21.29,20.35,151314,-28.7,-11.0,0.291
2025-04-23T01:47:31.000,10.57,4.2,0.42,21.3,20.35,151315,-28.6,-11.0,0.291
2025-04-23T01:48:31.000,10.61,3.91,0.42,21.31,20.35,151316,-28.49,-11.0,0.29
2025-04-23T01:49:31.000,10.65,3.62,0.41,21.31,20.35,151317,-28.39,-10.0,0.29
2025-04-23T01:50:31.000,10.67,3.07,0.42,21.31,20.35,151318,-28.28,-10.0,0.29
2025-04-23T01:51:31.000,10.61,2.46,0.42,21.3,20.35,151319,-28.18,-10.0,0.29
2025-04-23T01:52:31.000,10.57,2.07,0.42,21.29,20.35,151320,-28.07,-10.0,0.29
2025-04-23T01:53:31.000,10.57,1.58,0.43,21.28,20.35,151321,-27.97,-10.0,0.29
2025-04-23T01:54:31.000,10.53,0.71,0.42,21.29,20.35,151322,-27.86,-10.0,0.29
2025-04-23T01:55:31.000,10.5,0.01,0.41,21.31,20.35,151323,-27.75,-9.0,0.29
2025-04-23T01:56:31.000,10.49,-0.72,0.41,21.33,20.35,151324,-27.64,-9.0,0.29
2025-04-23T01:57:32.000,10.46,-1.65,0.4,21.35,20.35,151325,-27.53,-9.0,0.29
2025-04-23T01:58:32.000,10.42,-2.59,0.4,21.36,20.35,151326,-27.42,-9.0,0.29
2025-04-23T01:59:32.000,10.38,-3.45,0.39,21.37,20.35,151327,-27.31,-9.0,0.29
2025-04-23T02:00:32.000,10.32,-4.17,0.39,21.39,20.35,151328,-27.2,-8.0,0.29
2025-04-23T02:01:32.000,10.27,-4.44,0.39,21.39,20.35,151329,-27.09,-8.0,0.29
2025-04-23T02:02:32.000,10.24,-4.28,0.39,21.37,20.35,151330,-26.97,-8.0,0.289
2025-04-23T02:03:33.000,10.24,-3.49,0.4,21.34,20.35,151331,-26.86,-8.0,0.289
2025-04-23T02:04:32.000,10.25,-2.32,0.42,21.3,20.35,151332,-26.75,-8.0,0.289
2025-04-23T02:05:32.000,10.28,-1.0,0.43,21.26,20.35,151333,-26.63,-8.0,0.289
2025-04-23T02:06:32.000,10.33,0.22,0.44,21.25,20.35,151334,-26.52,-7.0,0.289
2025-04-23T02:07:32.000,10.37,1.16,0.44,21.25,20.35,151335,-26.4,-7.0,0.289
2025-04-23T02:08:32.000,10.4,1.99,0.44,21.25,20.35,151336,-26.29,-7.0,0.289
2025-04-23T02:09:32.000,10.46,2.82,0.44,21.26,20.35,151337,-26.17,-7.0,0.289
2025-04-23T02:10:32.000,10.51,3.56,0.43,21.27,20.35,151338,-26.05,-7.0,0.289
2025-04-23T02:11:33.000,10.56,4.11,0.43,21.27,20.35,151339,-25.93,-7.0,0.289
2025-04-23T02:12:33.000,10.61,4.67,0.43,21.28,20.35,151340,-25.81,-6.0,0.289
2025-04-23T02:13:33.000,10.64,5.05,0.42,21.29,20.35,151341,-25.7,-6.0,0.289
2025-04-23T02:14:33.000,10.68,5.43,0.42,21.3,20.35,151342,-25.58,-6.0,0.289
2025-04-23T02:15:33.000,10.73,5.6,0.42,21.3,20.35,151343,-25.46,-6.0,0.289
2025-04-23T02:16:33.000,10.76,5.68,0.42,21.31,20.35,151344,-25.34,-6.0,0.288
2025-04-23T02:17:33.000,10.77,5.75,0.41,21.32,20.35,151345,-25.21,-6.0,0.288
2025-04-23T02:18:33.000,10.77,5.79,0.41,21.32,20.35,151346,-25.09,-5.0,0.288
2025-04-23T02:19:33.000,10.77,5.91,0.41,21.33,20.35,151347,-24.97,-5.0,0.288
2025-04-23T02:20:33.000,10.77,5.92,0.41,21.34,20.35,151348,-24.85,-5.0,0.288
2025-04-23T02:21:33.000,10.77,5.98,0.4,21.34,20.35,151349,-24.72,-5.0,0.288
2025-04-23T02:22:33.000,10.77,6.08,0.41,21.34,20.35,151350,-24.6,-5.0,0.288
2025-04-23T02:23:33.000,10.8,6.1,0.41,21.34,20.35,151351,-24.47,-4.0,0.288
2025-04-23T02:24:34.000,10.88,6.2,0.41,21.33,20.35,151352,-24.35,-4.0,0.288
2025-04-23T02:25:34.000,10.96,6.22,0.41,21.32,20.35,151353,-24.22,-4.0,0.288
2025-04-23T02:26:34.000,10.98,6.1,0.41,21.31,20.35,151354,-24.09,-4.0,0.288
2025-04-23T02:27:34.000,11.02,6.2,0.42,21.3,20.35,151355,-23.97,-4.0,0.288
2025-04-23T02:28:34.000,11.11,6.17,0.42,21.3,20.35,151356,-23.84,-4.0,0.288
2025-04-23T02:29:34.000,11.17,6.02,0.42,21.3,20.35,151357,-23.71,-3.0,0.288
2025-04-23T02:30:34.000,11.18,5.84,0.42,21.31,20.35,151358,-23.58,-3.0,0.288
2025-04-23T02:31:34.000,11.19,5.82,0.42,21.31,20.35,151359,-23.45,-3.0,0.287
2025-04-23T02:32:34.000,11.25,5.78,0.42,21.3,20.35,151360,-23.32,-3.0,0.287
2025-04-23T02:33:34.000,11.32,5.54,0.42,21.31,20.35,151361,-23.19,-3.0,0.287
2025-04-23T02:34:34.000,11.36,5.31,0.42,21.31,20.35,151362,-23.06,-3.0,0.287
2025-04-23T02:35:34.000,11.4,5.19,0.42,21.3,20.35,151363,-22.93,-2.0,0.287
2025-04-23T02:36:34.000,11.43,5.26,0.42,21.29,20.35,151364,-22.8,-2.0,0.287
2025-04-23T02:37:34.000,11.47,5.42,0.42,21.29,20.35,151365,-22.67,-2.0,0.287
2025-04-23T02:38:34.000,11.49,5.57,0.43,21.28,20.35,151366,-22.54,-2.0,0.287
2025-04-23T02:39:34.000,11.52,5.64,0.43,21.27,20.35,151367,-22.4,-2.0,0.287
2025-04-23T02:40:35.000,11.51,5.45,0.43,21.26,20.35,151368,-22.27,-2.0,0.287
2025-04-23T02:41:35.000,11.5,5.37,0.44,21.26,20.35,151369,-22.13,-1.0,0.287
2025-04-23T02:42:35.000,11.51,5.24,0.44,21.25,20.35,151370,-22.0,-1.0,0.287
2025-04-23T02:43:35.000,11.53,5.05,0.44,21.25,20.35,151371,-21.86,-1.0,0.287
2025-04-23T02:44:35.000,11.55,4.85,0.44,21.24,20.35,151372,-21.73,-1.0,0.287
2025-04-23T02:45:35.000,11.56,4.67,0.44,21.23,20.35,151373,-21.59,-1.0,0.286
2025-04-23T02:46:35.000,11.56,4.3,0.45,21.23,20.35,151374,-21.45,-0.0,0.286
2025-04-23T02:47:35.000,11.56,4.27,0.45,21.23,20.35,151375,-21.32,-0.0,0.286
2025-04-23T02:48:35.000,11.56,4.22,0.45,21.21,20.35,151376,-21.18,-0.0,0.286
2025-04-23T02:49:35.000,11.53,4.19,0.46,21.2,20.35,151377,-21.04,0.0,0.286
2025-04-23T02:50:35.000,11.51,4.19,0.46,21.2,20.35,151378,-20.9,0.0,0.286
2025-04-23T02:51:35.000,11.51,4.18,0.46,21.2,20.35,151379,-20.77,0.0,0.286
2025-04-23T02:52:35.000,11.5,4.03,0.46,21.19,20.35,151380,-20.63,1.0,0.286
2025-04-23T02:53:35.000,11.46,3.89,0.47,21.19,20.35,151381,-20.49,1.0,0.286
2025-04-23T02:54:35.000,11.45,3.83,0.47,21.17,20.35,151382,-20.35,1.0,0.286
2025-04-23T02:55:35.000,11.44,3.56,0.48,21.16,20.35,151383,-20.21,1.0,0.286
2025-04-23T02:56:36.000,11.44,3.22,0.48,21.16,20.35,151384,-20.06,1.0,0.286
2025-04-23T02:57:36.000,11.39,2.84,0.48,21.16,20.35,151385,-19.92,1.0,0.286
2025-04-23T02:58:36.000,11.31,2.13,0.48,21.15,20.35,151386,-19.78,2.0,0.286
2025-04-23T02:59:36.000,11.18,1.8,0.48,21.15,20.35,151387,-19.64,2.0,0.285
2025-04-23T03:00:36.000,11.12,1.89,0.49,21.13,20.35,151388,-19.49,2.0,0.285
2025-04-23T03:01:36.000,11.12,2.25,0.5,21.11,20.35,151389,-19.35,2.0,0.285
2025-04-23T03:02:36.000,11.12,2.69,0.5,21.1,20.35,151390,-19.21,2.0,0.285
2025-04-23T03:03:36.000,11.14,3.3,0.5,21.1,20.35,151391,-19.06,2.0,0.285
2025-04-23T03:04:36.000,11.11,3.66,0.5,21.1,20.35,151392,-18.92,3.0,0.285
2025-04-23T03:05:36.000,11.1,4.21,0.51,21.09,20.35,151393,-18.77,3.0,0.285
2025-04-23T03:06:36.000,11.12,4.52,0.51,21.09,20.35,151394,-18.63,3.0,0.285
2025-04-23T03:07:36.000,11.19,4.77,0.51,21.08,20.35,151395,-18.48,3.0,0.285
2025-04-23T03:08:36.000,11.27,4.74,0.51,21.08,20.35,151396,-18.33,3.0,0.285
2025-04-23T03:09:36.000,11.26,4.55,0.52,21.07,20.35,151397,-18.19,3.0,0.285
2025-04-23T03:10:36.000,11.21,4.56,0.52,21.06,20.35,151398,-18.04,4.0,0.285
2025-04-23T03:11:36.000,11.2,4.89,0.52,21.06,20.35,151399,-17.89,4.0,0.285
2025-04-23T03:12:36.000,11.23,5.02,0.53,21.05,20.35,151400,-17.75,4.0,0.285
2025-04-23T03:13:37.000,11.24,5.14,0.53,21.04,20.35,151401,-17.6,4.0,0.284
2025-04-23T03:14:37.000,11.2,5.1,0.53,21.04,20.35,151402,-17.45,4.0,0.284
2025-04-23T03:15:37.000,11.16,5.23,0.53,21.04,20.35,151403,-17.3,4.0,0.284
2025-04-23T03:16:37.000,11.18,5.22,0.53,21.03,20.35,151404,-17.15,5.0,0.284
2025-04-23T03:17:37.000,11.2,5.1,0.54,21.03,20.35,151405,-17.0,5.0,0.284
2025-04-23T03:18:37.000,11.22,4.76,0.56,20.99,20.35,151406,-16.85,5.0,0.284
2025-04-23T03:19:37.000,11.23,4.42,0.56,20.98,20.35,151407,-16.7,5.0,0.284
2025-04-23T03:20:37.000,11.22,3.89,0.57,20.96,20.35,151408,-16.55,5.0,0.284
2025-04-23T03:21:37.000,11.19,3.38,0.58,20.95,20.35,151409,-16.4,5.0,0.284
2025-04-23T03:22:37.000,11.17,2.97,0.58,20.94,20.35,151410,-16.24,6.0,0.284
2025-04-23T03:23:37.000,11.14,2.69,0.58,20.94,20.35,151411,-16.09,6.0,0.284
2025-04-23T03:24:37.000,11.12,2.28,0.6,20.92,20.35,151412,-15.94,6.0,0.284
2025-04-23T03:25:37.000,11.07,1.82,0.63,20.86,20.35,151413,-15.79,6.0,0.284
2025-04-23T03:26:37.000,11.03,1.37,0.67,20.8,20.35,151414,-15.63,6.0,0.284
2025-04-23T03:27:37.000,10.98,0.54,0.7,20.74,20.35,151415,-15.48,6.0,0.283
2025-04-23T03:28:38.000,10.95,-0.2,0.73,20.7,20.35,151416,-15.32,7.0,0.283
2025-04-23T03:29:38.000,10.9,-1.19,0.74,20.67,20.35,151417,-15.17,7.0,0.283
2025-04-23T03:30:38.000,10.81,-2.21,0.73,20.69,20.35,151418,-15.02,7.0,0.283
2025-04-23T03:31:38.000,10.74,-3.11,0.7,20.74,20.35,151419,-14.86,7.0,0.283
2025-04-23T03:32:38.000,10.64,-3.83,0.68,20.78,20.35,151420,-14.71,7.0,0.283
2025-04-23T03:33:38.000,10.58,-4.17,0.67,20.79,20.35,151421,-14.55,7.0,0.283
2025-04-23T03:34:38.000,10.51,-4.56,0.68,20.77,20.35,151422,-14.39,8.0,0.283
2025-04-23T03:35:38.000,10.46,-4.5,0.71,20.73,20.35,151423,-14.24,8.0,0.283
2025-04-23T03:36:38.000,10.41,-4.28,0.76,20.66,20.35,151424,-14.08,8.0,0.283
2025-04-23T03:37:38.000,10.4,-4.35,0.8,20.59,20.35,151425,-13.92,8.0,0.283
2025-04-23T03:38:38.000,10.35,-4.19,0.86,20.52,20.35,151426,-13.77,8.0,0.283
2025-04-23T03:39:38.000,10.35,-3.7,0.93,20.43,20.35,151427,-13.61,8.0,0.283
2025-04-23T03:40:38.000,10.37,-3.22,1.02,20.33,20.35,151428,-13.45,8.0,0.283
2025-04-23T03:41:38.000,10.37,-2.9,1.09,20.25,20.35,151429,-13.29,9.0,0.282
2025-04-23T03:42:39.000,10.37,-2.58,1.18,20.17,20.35,151430,-13.13,9.0,0.282
2025-04-23T03:43:39.000,10.38,-2.2,1.24,20.12,20.35,151431,-12.97,9.0,0.282
2025-04-23T03:44:39.000,10.37,-1.74,1.32,20.05,20.35,151432,-12.81,9.0,0.282
2025-04-23T03:45:39.000,10.38,-1.34,1.46,19.94,20.35,151433,-12.65,9.0,0.282
2025-04-23T03:46:39.000,10.42,-0.75,1.64,19.81,20.35,151434,-12.49,9.0,0.282
2025-04-23T03:47:39.000,10.44,-0.19,1.82,19.7,20.35,151435,-12.33,10.0,0.282
2025-04-23T03:48:39.000,10.47,0.56,1.97,19.61,20.35,151436,-12.17,10.0,0.282
2025-04-23T03:49:39.000,10.49,0.98,2.15,19.52,20.35,151437,-12.01,10.0,0.282
2025-04-23T03:50:39.000,10.51,0.39,2.32,19.44,20.35,151438,-11.85,10.0,0.282
2025-04-23T03:51:39.000,10.53,-0.29,2.61,19.31,20.35,151439,-11.69,10.0,0.282
2025-04-23T03:52:39.000,10.55,-1.11,2.91,19.19,20.35,151440,-11.53,10.0,0.282
2025-04-23T03:53:39.000,10.56,-1.95,3.17,19.1,20.35,151441,-11.37,11.0,0.282
2025-04-23T03:54:39.000,10.54,-2.56,3.48,19.0,20.35,151442,-11.21,11.0,0.282
2025-04-23T03:55:39.000,10.51,-2.8,3.96,18.86,20.35,151443,-11.04,11.0,0.282
2025-04-23T03:56:40.000,10.51,-1.95,4.75,18.66,20.35,151444,-10.88,11.0,0.281
2025-04-23T03:57:40.000,10.51,-0.78,5.7,18.46,20.35,151445,-10.71,11.0,0.281
2025-04-23T03:58:40.000,10.52,-1.26,6.52,18.32,20.35,151446,-10.55,11.0,0.281
2025-04-23T03:59:40.000,10.52,-1.67,7.41,18.18,20.35,151447,-10.39,11.0,0.281
2025-04-23T04:00:40.000,10.52,-1.5,8.26,18.06,20.35,151448,-10.22,12.0,0.281
2025-04-23T04:01:40.000,10.53,-1.39,9.22,17.94,20.35,151449,-10.06,12.0,0.281
2025-04-23T04:02:41.000,10.54,-1.57,10.4,17.81,20.35,151450,-9.89,12.0,0.281
2025-04-23T04:03:41.000,10.56,-1.96,12.4,17.62,20.35,151451,-9.73,12.0,0.281
2025-04-23T04:04:41.000,10.57,-2.4,15.17,17.4,20.35,151452,-9.56,12.0,0.281
2025-04-23T04:05:41.000,10.58,-2.86,17.74,17.23,20.35,151453,-9.4,12.0,0.281
