ecsv/stars759/stars759_2024-04.ecsv
# %ECSV 1.0
# ---
# datatype:
# - {name: time, datatype: string}
# - {name: Enclosure Temperature, unit: deg_C, datatype: float64}
# - {name: Sky Temperature, unit: deg_C, datatype: float64}
# - {name: Frequency, unit: Hz, datatype: float64}
# - {name: MSAS, unit: mag / arcsec2, datatype: float64}
# - {name: ZP, datatype: float64}
# - {name: Sequence Number, datatype: int64}
# - {name: Sun Alt, unit: deg, datatype: float64}
# - {name: Moon Alt, unit: deg, datatype: float64}
# - {name: Moon Illumination, datatype: float64}
# delimiter: ','
# meta: !!omap
# - ida:
#     Data supplier: {affiliation: "Observatori Astron\xF2mic Albany\xE0", observer: null}
#     Device type: TESS-W
#     Field of view: 17.0
#     Filters per channel: None
#     Instrument ID: stars759
#     License: ODbL 1.0 http://opendatacommons.org/licenses/odbl/summary/
#     Local timezone: Europe/Madrid
#     Location name: {country: Spain, place: "Albany\xE0", region: Catalonia, sub_region: "Upper Empord\xE0", town: "Albany\xE0"}
#     Measurement direction per channel: {azimuth: 0.0, zenital: 0.0}
#     Moving / Fixed look direction: FIXED
#     Moving / Stationary position: STATIONARY
#     Number of channels: 1
#     Number of fields per line: 8
#     Number of header lines: 35
#     Position: {height: 0.0, latitude: 42.306781, longitude: 2.711439}
#     TESS MAC address: E8:DB:84:83:07:32
#     TESS cover offset value: 0.0
#     TESS firmware version: '1.0'
#     TESS zero point: 20.35
#     Time Synchronization: timestamp added by MQTT subscriber
#     URL: http://www.darksky.org/NSBM/sdf1.0.pdf
# - __serialized_columns__:
#     Enclosure Temperature:
#       __class__: astropy.units.quantity.Quantity
#       unit: &id001 !astropy.units.Unit {unit: deg_C}
#       value: !astropy.table.SerializedColumn {name: Enclosure Temperature}
#     Frequency:
#       __class__: astropy.units.quantity.Quantity
#       unit: !astropy.units.Unit {unit: Hz}
#       value: !astropy.table.SerializedColumn {name: Frequency}
#     MSAS:
#       __class__: astropy.units.quantity.Quantity
#       unit: !astropy.units.Unit {unit: mag / arcsec2}
#       value: !astropy.table.SerializedColumn {name: MSAS}
#     Moon Alt:
#       __class__: astropy.units.quantity.Quantity
#       unit: &id002 !astropy.units.Unit {unit: deg}
#       value: !astropy.table.SerializedColumn {name: Moon Alt}
#     Sky Temperature:
#       __class__: astropy.units.quantity.Quantity
#       unit: *id001
#       value: !astropy.table.SerializedColumn {name: Sky Temperature}
#     Sun Alt:
#       __class__: astropy.units.quantity.Quantity
#       unit: *id002
#       value: !astropy.table.SerializedColumn {name: Sun Alt}
#     time:
#       __class__: astropy.time.core.Time
#       format: isot
#       in_subfmt: '*'
#       out_subfmt: '*'
#       precision: 3
#       scale: utc
#       value: !astropy.table.SerializedColumn {name: time}
# schema: astropy-2.0
time,Enclosure Temperature,Sky Temperature,Frequency,MSAS,ZP,Sequence Number,Sun Alt,Moon Alt,Moon Illumination
[from data line 3942]
2024-04-15T02:30:34.000,11.94,-6.9,0.42,21.31,20.35,17591,-26.07,-9.0,0.432
2024-04-15T02:32:01.000,11.91,-6.85,0.42,21.31,20.35,17592,-25.88,-10.0,0.432
2024-04-15T02:33:38.000,11.87,-7.04,0.42,21.31,20.35,17593,-25.66,-10.0,0.432
2024-04-15T02:35:12.000,11.77,-7.12,0.42,21.31,20.35,17594,-25.45,-10.0,0.432
2024-04-15T02:36:39.000,11.73,-7.1,0.42,21.31,20.35,17595,-25.26,-10.0,0.432
2024-04-15T02:38:14.000,11.67,-7.09,0.42,21.3,20.35,17596,-25.05,-10.0,0.432
2024-04-15T02:39:54.000,11.62,-6.84,0.42,21.3,20.35,17597,-24.82,-10.0,0.432
2024-04-15T02:41:33.000,11.58,-6.83,0.42,21.3,20.35,17598,-24.59,-11.0,0.433
2024-04-15T02:43:13.000,11.54,-6.86,0.42,21.3,20.35,17599,-24.37,-11.0,0.433
2024-04-15T02:44:57.000,11.46,-7.01,0.42,21.29,20.35,17600,-24.13,-11.0,0.433
2024-04-15T02:46:32.000,11.42,-6.76,0.42,21.29,20.35,17601,-23.91,-11.0,0.433
2024-04-15T02:48:03.000,11.44,-6.68,0.42,21.29,20.35,17602,-23.69,-11.0,0.433
2024-04-15T02:49:28.000,11.43,-6.92,0.42,21.29,20.35,17603,-23.49,-11.0,0.433
2024-04-15T02:51:01.000,11.39,-6.83,0.42,21.29,20.35,17604,-23.28,-12.0,0.433
2024-04-15T02:52:32.000,11.43,-6.49,0.42,21.28,20.35,17605,-23.06,-12.0,0.433
2024-04-15T02:54:12.000,11.53,-6.59,0.43,21.28,20.35,17606,-22.82,-12.0,0.433
2024-04-15T02:56:17.000,11.55,-6.88,0.43,21.28,20.35,17607,-22.52,-12.0,0.434
2024-04-15T02:58:11.000,11.51,-7.1,0.43,21.28,20.35,17608,-22.25,-12.0,0.434
2024-04-15T02:59:58.000,11.43,-7.09,0.43,21.27,20.35,17609,-21.99,-13.0,0.434
2024-04-15T03:01:35.000,11.37,-6.99,0.43,21.27,20.35,17610,-21.75,-13.0,0.434
2024-04-15T03:03:30.000,11.36,-6.88,0.44,21.26,20.35,17611,-21.47,-13.0,0.434
2024-04-15T03:05:25.000,11.35,-6.93,0.44,21.25,20.35,17612,-21.19,-13.0,0.434
2024-04-15T03:07:13.000,11.34,-7.06,0.44,21.25,20.35,17613,-20.92,-13.0,0.434
2024-04-15T03:08:52.000,11.3,-6.98,0.44,21.25,20.35,17614,-20.68,-13.0,0.434
2024-04-15T03:10:23.000,11.28,-6.95,0.44,21.25,20.35,17615,-20.45,-14.0,0.435
2024-04-15T03:11:50.000,11.26,-6.8,0.44,21.25,20.35,17616,-20.23,-14.0,0.435
2024-04-15T03:13:26.000,11.21,-6.95,0.44,21.24,20.35,17617,-19.99,-14.0,0.435
2024-04-15T03:15:02.000,11.13,-6.93,0.44,21.24,20.35,17618,-19.75,-14.0,0.435
2024-04-15T03:16:40.000,11.11,-6.81,0.44,21.24,20.35,17619,-19.5,-14.0,0.435
2024-04-15T03:18:05.000,11.1,-6.89,0.45,21.23,20.35,17620,-19.29,-14.0,0.435
2024-04-15T03:19:20.000,11.1,-7.06,0.45,21.22,20.35,17621,-19.1,-14.0,0.435
2024-04-15T03:20:36.000,11.08,-6.9,0.45,21.22,20.35,17622,-18.9,-15.0,0.435
2024-04-15T03:21:48.000,11.05,-6.94,0.45,21.21,20.35,17623,-18.72,-15.0,0.435
2024-04-15T03:23:06.000,11.05,-6.82,0.46,21.21,20.35,17624,-18.52,-15.0,0.435
2024-04-15T03:24:21.000,11.03,-6.85,0.46,21.2,20.35,17625,-18.32,-15.0,0.435
2024-04-15T03:25:36.000,11.01,-6.82,0.46,21.2,20.35,17626,-18.13,-15.0,0.436
2024-04-15T03:26:55.000,10.99,-6.67,0.46,21.19,20.35,17627,-17.92,-15.0,0.436
2024-04-15T03:28:22.000,11.03,-6.65,0.46,21.19,20.35,17628,-17.7,-15.0,0.436
2024-04-15T03:29:47.000,11.13,-6.32,0.47,21.19,20.35,17629,-17.48,-15.0,0.436
2024-04-15T03:31:09.000,11.26,-6.66,0.47,21.18,20.35,17630,-17.26,-15.0,0.436
2024-04-15T03:32:23.000,11.25,-7.22,0.47,21.17,20.35,17631,-17.07,-16.0,0.436
2024-04-15T03:33:39.000,11.21,-7.14,0.47,21.16,20.35,17632,-16.87,-16.0,0.436
2024-04-15T03:35:04.000,11.25,-6.64,0.48,21.15,20.35,17633,-16.64,-16.0,0.436
2024-04-15T03:36:19.000,11.3,-6.83,0.48,21.14,20.35,17634,-16.44,-16.0,0.436
2024-04-15T03:37:30.000,11.28,-6.89,0.49,21.12,20.35,17635,-16.25,-16.0,0.436
2024-04-15T03:38:44.000,11.26,-6.87,0.5,21.1,20.35,17636,-16.06,-16.0,0.436
2024-04-15T03:40:01.000,11.25,-6.59,0.52,21.07,20.35,17637,-15.85,-16.0,0.437
2024-04-15T03:41:24.000,11.27,-6.58,0.54,21.03,20.35,17638,-15.63,-16.0,0.437
2024-04-15T03:42:47.000,11.27,-6.45,0.56,20.99,20.35,17639,-15.41,-16.0,0.437
2024-04-15T03:44:12.000,11.26,-6.18,0.58,20.94,20.35,17640,-15.18,-17.0,0.437
2024-04-15T03:45:46.000,11.27,-5.93,0.62,20.87,20.35,17641,-14.93,-17.0,0.437
2024-04-15T03:47:22.000,11.28,-5.67,0.69,20.75,20.35,17642,-14.67,-17.0,0.437
2024-04-15T03:48:42.000,11.3,-5.35,0.8,20.6,20.35,17643,-14.45,-17.0,0.437
2024-04-15T03:50:03.000,11.31,-5.1,0.9,20.46,20.35,17644,-14.23,-17.0,0.437
2024-04-15T03:51:16.000,11.33,-4.74,0.99,20.36,20.35,17645,-14.03,-17.0,0.437
2024-04-15T03:52:39.000,11.36,-4.41,1.08,20.27,20.35,17646,-13.8,-17.0,0.437
2024-04-15T03:54:10.000,11.44,-3.88,1.18,20.17,20.35,17647,-13.55,-17.0,0.438
2024-04-15T03:55:53.000,11.55,-3.52,1.33,20.04,20.35,17648,-13.27,-17.0,0.438
2024-04-15T03:57:27.000,11.63,-3.07,1.54,19.88,20.35,17649,-13.01,-18.0,0.438
2024-04-15T03:59:02.000,11.72,-2.76,1.78,19.73,20.35,17650,-12.75,-18.0,0.438
2024-04-15T04:00:38.000,11.75,-2.56,2.04,19.58,20.35,17651,-12.49,-18.0,0.438
2024-04-15T04:02:14.000,11.81,-2.19,2.37,19.41,20.35,17652,-12.22,-18.0,0.438
2024-04-15T04:03:53.000,11.89,-1.8,2.87,19.21,20.35,17653,-11.94,-18.0,0.438
2024-04-15T04:05:23.000,12.0,-1.43,3.57,18.97,20.35,17654,-11.69,-18.0,0.438
2024-04-15T04:07:00.000,12.14,-1.29,4.38,18.75,20.35,17655,-11.42,-18.0,0.438
2024-04-15T04:08:36.000,12.31,-1.12,5.32,18.54,20.35,17656,-11.15,-18.0,0.439
2024-04-15T04:10:08.000,12.44,-1.09,6.44,18.33,20.35,17657,-10.89,-18.0,0.439
2024-04-15T04:11:40.000,12.45,-0.92,7.88,18.11,20.35,17658,-10.64,-18.0,0.439
2024-04-15T04:13:03.000,12.5,-0.75,9.56,17.9,20.35,17659,-10.4,-19.0,0.439
2024-04-15T04:14:36.000,12.61,-0.57,11.65,17.69,20.35,17660,-10.14,-19.0,0.439
2024-04-15T04:16:04.000,12.71,-0.43,14.43,17.45,20.35,17661,-9.89,-19.0,0.439
2024-04-15T04:17:31.000,12.8,-0.41,17.63,17.25,20.35,17662,-9.64,-19.0,0.439
2024-04-15T04:19:02.000,12.88,-0.35,21.71,17.01,20.35,17663,-9.38,-19.0,0.439
2024-04-15T04:20:33.000,12.94,-0.63,26.98,16.72,20.35,17664,-9.13,-19.0,0.439
2024-04-15T04:22:06.000,12.99,-0.86,34.36,16.51,20.35,17665,-8.86,-19.0,0.44
2024-04-15T04:23:38.000,12.95,-0.72,44.08,16.24,20.35,17666,-8.6,-19.0,0.44
2024-04-15T04:25:12.000,12.91,-0.65,57.94,15.95,20.35,17667,-8.33,-19.0,0.44
2024-04-15T04:26:43.000,12.94,-0.41,76.8,15.64,20.35,17668,-8.07,-19.0,0.44
2024-04-15T04:28:08.000,13.07,-0.11,100.77,15.35,20.35,17669,-7.82,-19.0,0.44
2024-04-15T04:29:38.000,13.35,0.03,132.5,15.05,20.35,17670,-7.56,-19.0,0.44
2024-04-15T04:31:11.000,13.58,-0.29,178.29,14.73,20.35,17671,-7.29,-20.0,0.44
2024-04-15T04:32:47.000,13.7,-0.21,244.27,14.38,20.35,17672,-7.02,-20.0,0.44
2024-04-15T04:34:19.000,13.88,0.01,334.04,14.04,20.35,17673,-6.75,-20.0,0.44
2024-04-15T04:36:03.000,14.01,-0.38,465.22,13.69,20.35,17674,-6.45,-20.0,0.44
2024-04-15T04:37:36.000,13.97,-0.67,648.53,13.32,20.35,17675,-6.18,-20.0,0.441
2024-04-15T04:39:05.000,13.9,-0.48,881.12,12.99,20.35,17676,-5.92,-20.0,0.441
2024-04-15T04:40:34.000,13.86,-0.49,1183.86,12.67,20.35,17677,-5.66,-20.0,0.441
2024-04-15T04:42:02.000,13.78,-0.45,1597.34,12.35,20.35,17678,-5.4,-20.0,0.441
2024-04-15T04:43:31.000,13.7,-0.44,2175.52,12.01,20.35,17679,-5.14,-20.0,0.441
2024-04-15T04:45:01.000,13.69,-0.41,2971.43,11.67,20.35,17680,-4.88,-20.0,0.441
2024-04-15T04:46:28.000,13.64,-0.58,4032.79,11.34,20.35,17681,-4.62,-20.0,0.441
2024-04-15T04:47:57.000,13.62,-0.45,5476.84,11.01,20.35,17682,-4.36,-20.0,0.441
2024-04-15T04:49:31.000,13.59,-0.64,7566.4,10.66,20.35,17683,-4.09,-20.0,0.441
2024-04-15T04:50:54.000,13.5,-0.62,10238.13,10.33,20.35,17684,-3.84,-20.0,0.442
2024-04-15T04:52:21.000,13.44,-0.77,13607.47,10.02,20.35,17685,-3.58,-20.0,0.442
2024-04-15T04:53:48.000,13.4,-0.77,18229.28,9.7,20.35,17686,-3.33,-20.0,0.442
2024-04-15T04:55:19.000,13.34,-0.8,23775.78,9.55,20.35,17687,-3.06,-21.0,0.442
2024-04-15T04:56:50.000,13.29,-0.61,31927.12,9.09,20.35,17688,-2.79,-21.0,0.442
2024-04-15T04:58:19.000,13.26,-0.69,42382.3,8.79,20.35,17689,-2.53,-21.0,0.442
2024-04-15T04:59:47.000,13.21,-0.59,55023.0,7.07,20.35,17690,-2.26,-21.0,0.442
2024-04-15T05:01:14.000,13.22,-0.41,50000.0,0.0,20.35,17691,-2.01,-21.0,0.442
2024-04-15T05:02:40.000,13.23,-0.69,50000.0,0.0,20.35,17692,-1.75,-21.0,0.442
2024-04-15T05:04:11.000,13.21,-0.53,50000.0,0.0,20.35,17693,-1.48,-21.0,0.442
2024-04-15T05:05:41.000,13.2,-0.46,49629.89,0.12,20.35,17694,-1.21,-21.0,0.443
2024-04-15T05:07:15.000,13.23,-0.52,50000.0,0.0,20.35,17695,-0.93,-21.0,0.443
2024-04-15T05:08:44.000,13.23,-0.52,50000.0,0.0,20.35,17696,-0.66,-21.0,0.443
2024-04-15T05:10:25.000,13.25,-0.55,49704.3,0.1,20.35,17697,-0.36,-21.0,0.443
2024-04-15T05:12:00.000,13.25,-0.5,50000.0,0.0,20.35,17698,-0.08,-21.0,0.443
2024-04-15T05:13:37.000,13.27,-0.42,50000.0,0.0,20.35,17699,0.22,-21.0,0.443
2024-04-15T05:15:10.000,13.28,-0.4,50000.0,0.0,20.35,17700,0.49,-21.0,0.443
2024-04-15T18:06:44.000,19.45,-2.63,50000.0,0.0,20.35,18197,3.56,74.0,0.497
2024-04-15T18:08:04.000,19.38,-2.66,50000.0,0.0,20.35,18198,3.32,74.0,0.497
2024-04-15T18:09:26.000,19.34,-2.66,50000.0,0.0,20.35,18199,3.07,74.0,0.497
2024-04-15T18:10:38.000,19.24,-2.87,49763.22,0.08,20.35,18200,2.86,74.0,0.497
2024-04-15T18:11:58.000,19.17,-2.85,50000.0,0.0,20.35,18201,2.61,74.0,0.497
2024-04-15T18:13:22.000,19.11,-2.89,50000.0,0.0,20.35,18202,2.36,73.0,0.497
2024-04-15T18:14:46.000,19.07,-2.86,50000.0,0.0,20.35,18203,2.11,73.0,0.497
2024-04-15T18:17:39.000,18.9,-3.08,50000.0,0.0,20.35,18205,1.59,73.0,0.497
2024-04-15T18:19:02.000,18.84,-3.06,50000.0,0.0,20.35,18206,1.34,73.0,0.498
2024-04-15T18:20:15.000,18.76,-3.17,50000.0,0.0,20.35,18207,1.12,73.0,0.498
2024-04-15T18:21:32.000,18.7,-3.19,49728.45,0.09,20.35,18208,0.89,73.0,0.498
2024-04-15T18:22:52.000,18.65,-3.16,50000.0,0.0,20.35,18209,0.65,73.0,0.498
2024-04-15T18:24:16.000,18.58,-3.2,50000.0,0.0,20.35,18210,0.39,73.0,0.498
2024-04-15T18:25:34.000,18.51,-3.17,50000.0,0.0,20.35,18211,0.16,73.0,0.498
2024-04-15T18:28:14.000,18.38,-3.22,50000.0,0.0,20.35,18213,-0.32,73.0,0.498
2024-04-15T18:29:31.000,18.28,-3.28,50000.0,0.0,20.35,18214,-0.55,73.0,0.498
2024-04-15T18:30:56.000,18.21,-3.24,50000.0,0.0,20.35,18215,-0.8,73.0,0.498
2024-04-15T18:32:32.000,18.12,-3.28,49652.91,0.12,20.35,18216,-1.09,73.0,0.499
2024-04-15T18:34:07.000,18.01,-3.36,50000.0,0.0,20.35,18217,-1.37,73.0,0.499
2024-04-15T18:35:48.000,17.87,-3.46,50000.0,0.0,20.35,18218,-1.67,72.0,0.499
2024-04-15T18:37:29.000,17.74,-3.41,53125.67,1.95,20.35,18219,-1.97,72.0,0.499
2024-04-15T18:39:05.000,17.63,-3.61,55590.62,8.49,20.35,18220,-2.25,72.0,0.499
2024-04-15T18:40:44.000,17.52,-3.59,44139.61,8.74,20.35,18221,-2.55,72.0,0.499
2024-04-15T18:42:23.000,17.42,-3.71,34446.16,9.01,20.35,18222,-2.84,72.0,0.499
2024-04-15T18:43:58.000,17.31,-3.83,26537.07,9.29,20.35,18223,-3.12,72.0,0.499
2024-04-15T18:45:37.000,17.23,-3.77,20210.08,9.59,20.35,18224,-3.41,72.0,0.499
2024-04-15T18:47:13.000,17.14,-3.77,15165.97,9.9,20.35,18225,-3.69,72.0,0.5
2024-04-15T18:48:52.000,17.05,-3.78,11192.66,10.23,20.35,18226,-3.98,71.0,0.5
2024-04-15T18:50:29.000,16.93,-3.9,8137.15,10.58,20.35,18227,-4.27,71.0,0.5
2024-04-15T18:52:08.000,16.8,-4.04,5857.32,10.94,20.35,18228,-4.56,71.0,0.5
2024-04-15T18:53:45.000,16.67,-4.06,4193.64,11.3,20.35,18229,-4.84,71.0,0.5
2024-04-15T18:55:21.000,16.58,-4.04,3010.68,11.66,20.35,18230,-5.12,71.0,0.5
2024-04-15T18:56:58.000,16.5,-4.1,2143.94,12.03,20.35,18231,-5.4,71.0,0.5
2024-04-15T18:58:34.000,16.42,-4.22,1517.25,12.4,20.35,18232,-5.68,70.0,0.5
2024-04-15T19:00:14.000,16.33,-4.28,1069.65,12.78,20.35,18233,-5.97,70.0,0.5
2024-04-15T19:01:50.000,16.25,-4.2,756.03,13.16,20.35,18234,-6.25,70.0,0.501
2024-04-15T19:03:29.000,16.16,-4.37,536.07,13.53,20.35,18235,-6.54,70.0,0.501
2024-04-15T19:05:08.000,16.06,-4.47,377.64,13.91,20.35,18236,-6.83,70.0,0.501
2024-04-15T19:06:40.000,15.97,-4.52,270.33,14.27,20.35,18237,-7.09,70.0,0.501
2024-04-15T19:08:13.000,15.88,-4.51,196.74,14.62,20.35,18238,-7.36,69.0,0.501
2024-04-15T19:09:49.000,15.81,-4.47,144.45,14.96,20.35,18239,-7.63,69.0,0.501
2024-04-15T19:11:26.000,15.75,-4.55,106.59,15.28,20.35,18240,-7.91,69.0,0.501
2024-04-15T19:13:01.000,15.68,-4.57,79.82,15.6,20.35,18241,-8.18,69.0,0.501
2024-04-15T19:14:34.000,15.61,-4.65,60.93,15.89,20.35,18242,-8.45,69.0,0.501
2024-04-15T19:15:53.000,15.53,-4.72,47.68,16.16,20.35,18243,-8.67,68.0,0.502
2024-04-15T19:17:08.000,15.46,-4.65,40.18,16.34,20.35,18244,-8.89,68.0,0.502
2024-04-15T19:18:22.000,15.39,-4.7,33.39,16.54,20.35,18245,-9.1,68.0,0.502
2024-04-15T19:19:38.000,15.33,-4.79,27.94,16.68,20.35,18246,-9.31,68.0,0.502
2024-04-15T19:20:47.000,15.21,-4.81,23.89,16.91,20.35,18247,-9.51,68.0,0.502
2024-04-15T19:22:08.000,15.19,-4.82,20.36,17.08,20.35,18248,-9.74,68.0,0.502
2024-04-15T19:23:22.000,15.11,-4.89,17.33,17.2,20.35,18249,-9.95,67.0,0.502
2024-04-15T19:24:37.000,15.02,-4.91,15.09,17.4,20.35,18250,-10.16,67.0,0.502
2024-04-15T19:25:49.000,14.92,-4.99,13.24,17.55,20.35,18251,-10.36,67.0,0.502
2024-04-15T19:27:05.000,14.94,-4.94,11.55,17.69,20.35,18252,-10.57,67.0,0.502
2024-04-15T19:28:25.000,14.89,-5.0,10.21,17.83,20.35,18253,-10.8,67.0,0.502
2024-04-15T19:29:58.000,14.84,-5.01,9.04,17.96,20.35,18254,-11.06,66.0,0.502
2024-04-15T19:31:30.000,14.76,-5.07,8.03,18.09,20.35,18255,-11.31,66.0,0.503
2024-04-15T19:32:47.000,14.67,-5.15,7.2,18.21,20.35,18256,-11.53,66.0,0.503
2024-04-15T19:34:06.000,14.61,-5.16,6.64,18.29,20.35,18257,-11.75,66.0,0.503
2024-04-15T19:35:24.000,14.55,-5.16,6.2,18.37,20.35,18258,-11.96,66.0,0.503
2024-04-15T19:36:36.000,14.49,-5.13,5.8,18.44,20.35,18259,-12.16,65.0,0.503
2024-04-15T19:37:57.000,14.47,-5.06,5.47,18.51,20.35,18260,-12.39,65.0,0.503
2024-04-15T19:39:14.000,14.44,-5.14,5.2,18.56,20.35,18261,-12.6,65.0,0.503
2024-04-15T19:40:26.000,14.41,-5.15,4.98,18.61,20.35,18262,-12.8,65.0,0.503
2024-04-15T19:41:42.000,14.41,-5.18,4.81,18.65,20.35,18263,-13.01,65.0,0.503
2024-04-15T19:42:58.000,14.39,-5.21,4.67,18.68,20.35,18264,-13.21,65.0,0.503
2024-04-15T19:44:17.000,14.37,-5.18,4.54,18.71,20.35,18265,-13.43,64.0,0.503
2024-04-15T19:45:34.000,14.34,-5.24,4.44,18.73,20.35,18266,-13.64,64.0,0.504
2024-04-15T19:46:52.000,14.31,-5.26,4.35,18.75,20.35,18267,-13.85,64.0,0.504
2024-04-15T19:48:03.000,14.28,-5.21,4.28,18.77,20.35,18268,-14.05,64.0,0.504
2024-04-15T19:49:21.000,14.25,-5.28,4.22,18.79,20.35,18269,-14.26,64.0,0.504
2024-04-15T19:50:36.000,14.19,-5.4,4.17,18.8,20.35,18270,-14.46,63.0,0.504
2024-04-15T19:51:49.000,14.13,-5.42,4.12,18.81,20.35,18271,-14.66,63.0,0.504
2024-04-15T19:53:02.000,14.11,-5.39,4.09,18.82,20.35,18272,-14.85,63.0,0.504
2024-04-15T19:54:16.000,14.09,-5.33,4.05,18.83,20.35,18273,-15.05,63.0,0.504
2024-04-15T19:55:32.000,14.08,-5.36,4.01,18.84,20.35,18274,-15.25,63.0,0.504
2024-04-15T19:56:48.000,14.05,-5.41,3.97,18.85,20.35,18275,-15.46,62.0,0.504
2024-04-15T19:58:03.000,14.02,-5.39,3.93,18.86,20.35,18276,-15.66,62.0,0.504
2024-04-15T19:59:18.000,13.99,-5.38,3.9,18.87,20.35,18277,-15.86,62.0,0.505
2024-04-15T20:00:34.000,13.95,-5.42,3.88,18.88,20.35,18278,-16.06,62.0,0.505
2024-04-15T20:01:46.000,13.91,-5.47,3.85,18.89,20.35,18279,-16.25,62.0,0.505
2024-04-15T20:03:00.000,13.87,-5.5,3.82,18.89,20.35,18280,-16.44,61.0,0.505
2024-04-15T20:04:15.000,13.85,-5.52,3.81,18.9,20.35,18281,-16.64,61.0,0.505
2024-04-15T20:05:30.000,13.83,-5.51,3.79,18.9,20.35,18282,-16.84,61.0,0.505
2024-04-15T20:06:49.000,13.81,-5.59,3.76,18.91,20.35,18283,-17.04,61.0,0.505
2024-04-15T20:08:14.000,13.77,-5.65,3.74,18.92,20.35,18284,-17.27,60.0,0.505
2024-04-15T20:09:30.000,13.71,-5.75,3.72,18.92,20.35,18285,-17.46,60.0,0.505
2024-04-15T20:10:50.000,13.66,-5.75,3.7,18.93,20.35,18286,-17.67,60.0,0.505
2024-04-15T20:12:02.000,13.62,-5.71,3.68,18.94,20.35,18287,-17.86,60.0,0.505
2024-04-15T20:13:18.000,13.58,-5.68,3.68,18.94,20.35,18288,-18.05,60.0,0.505
2024-04-15T20:14:35.000,13.52,-5.72,3.66,18.94,20.35,18289,-18.25,59.0,0.506
2024-04-15T20:15:48.000,13.48,-5.78,3.65,18.95,20.35,18290,-18.44,59.0,0.506
2024-04-15T20:17:00.000,13.43,-5.81,3.63,18.95,20.35,18291,-18.62,59.0,0.506
2024-04-15T20:18:17.000,13.38,-5.76,3.62,18.95,20.35,18292,-18.82,59.0,0.506
2024-04-15T20:19:32.000,13.36,-5.72,3.59,18.96,20.35,18293,-19.01,59.0,0.506
2024-04-15T20:20:48.000,13.36,-5.75,3.55,18.97,20.35,18294,-19.2,58.0,0.506
