ecsv/stars639/stars639_2024-04.ecsv
# %ECSV 1.0
# ---
# datatype:
# - {name: time, datatype: string}
# - {name: Enclosure Temperature, unit: deg_C, datatype: float64}
# - {name: Sky Temperature, unit: deg_C, datatype: float64}
# - {name: Frequency, unit: Hz, datatype: float64}
# - {name: MSAS, unit: mag / arcsec2, datatype: float64}
# - {name: ZP, datatype: float64}
# - {name: Sequence Number, datatype: int64}
# - {name: Sun Alt, unit: deg, datatype: float64}
# - {name: Moon Alt, unit: deg, datatype: float64}
# - {name: Moon Illumination, datatype: float64}
# delimiter: ','
# meta: !!omap
# - ida:
#     Data supplier: {affiliation: AAS Carballada Ager, observer: null}
#     Device type: TESS-W
#     Field of view: 17.0
#     Filters per channel: None
#     Instrument ID: stars639
#     License: ODbL 1.0 http://opendatacommons.org/licenses/odbl/summary/
#     Local timezone: Europe/Madrid
#     Location name: {country: '- AAS Carballada Ager', place: Ager, region: Spain, sub_region: Catalonia, town: Lleida}
#     Measurement direction per channel: {azimuth: 0.0, zenital: 0.0}
#     Moving / Fixed look direction: FIXED
#     Moving / Stationary position: STATIONARY
#     Number of channels: 1
#     Number of fields per line: 8
#     Number of header lines: 35
#     Position: {height: 0.0, latitude: 42.017687, longitude: 0.744085}
#     TESS MAC address: 98:F4:AB:B2:7B:28
#     TESS cover offset value: 0.0
#     TESS firmware version: '1.0'
#     TESS zero point: 20.38
#     Time Synchronization: timestamp added by MQTT subscriber
#     URL: http://www.darksky.org/NSBM/sdf1.0.pdf
# - __serialized_columns__:
#     Enclosure Temperature:
#       __class__: astropy.units.quantity.Quantity
#       unit: &id001 !astropy.units.Unit {unit: deg_C}
#       value: !astropy.table.SerializedColumn {name: Enclosure Temperature}
#     Frequency:
#       __class__: astropy.units.quantity.Quantity
#       unit: !astropy.units.Unit {unit: Hz}
#       value: !astropy.table.SerializedColumn {name: Frequency}
#     MSAS:
#       __class__: astropy.units.quantity.Quantity
#       unit: !astropy.units.Unit {unit: mag / arcsec2}
#       value: !astropy.table.SerializedColumn {name: MSAS}
#     Moon Alt:
#       __class__: astropy.units.quantity.Quantity
#       unit: &id002 !astropy.units.Unit {unit: deg}
#       value: !astropy.table.SerializedColumn {name: Moon Alt}
#     Sky Temperature:
#       __class__: astropy.units.quantity.Quantity
#       unit: *id001
#       value: !astropy.table.SerializedColumn {name: Sky Temperature}
#     Sun Alt:
#       __class__: astropy.units.quantity.Quantity
#       unit: *id002
#       value: !astropy.table.SerializedColumn {name: Sun Alt}
#     time:
#       __class__: astropy.time.core.Time
#       format: isot
#       in_subfmt: '*'
#       out_subfmt: '*'
#       precision: 3
#       scale: utc
#       value: !astropy.table.SerializedColumn {name: time}
# schema: astropy-2.0
time,Enclosure Temperature,Sky Temperature,Frequency,MSAS,ZP,Sequence Number,Sun Alt,Moon Alt,Moon Illumination
[from data line 4382]
2024-04-07T04:23:09.000,16.89,2.01,0.87,20.53,20.38,5192,-12.6,-6.0,0.038
2024-04-07T04:24:10.000,16.88,2.13,0.94,20.45,20.38,5193,-12.43,-6.0,0.038
2024-04-07T04:25:10.000,16.89,2.22,1.01,20.37,20.38,5194,-12.25,-6.0,0.038
2024-04-07T04:26:10.000,16.9,2.3,1.09,20.29,20.38,5195,-12.08,-6.0,0.038
2024-04-07T04:27:10.000,16.93,2.42,1.19,20.19,20.38,5196,-11.91,-6.0,0.038
2024-04-07T04:28:14.000,16.96,2.49,1.32,20.08,20.38,5197,-11.72,-5.0,0.037
2024-04-07T04:29:14.000,17.0,2.6,1.46,19.97,20.38,5198,-11.55,-5.0,0.037
2024-04-07T04:30:14.000,16.99,2.42,1.6,19.87,20.38,5199,-11.37,-5.0,0.037
2024-04-07T04:31:15.000,16.93,2.39,1.78,19.75,20.38,5200,-11.2,-5.0,0.037
2024-04-07T04:32:15.000,16.89,2.66,1.96,19.65,20.38,5201,-11.02,-5.0,0.037
2024-04-07T04:33:15.000,16.87,2.89,2.19,19.53,20.38,5202,-10.85,-5.0,0.037
2024-04-07T04:34:15.000,16.9,2.82,2.49,19.39,20.38,5203,-10.67,-4.0,0.037
2024-04-07T04:35:15.000,16.92,2.61,2.9,19.22,20.38,5204,-10.5,-4.0,0.037
2024-04-07T04:36:16.000,16.94,2.4,3.56,19.0,20.38,5205,-10.32,-4.0,0.037
2024-04-07T04:37:16.000,16.97,2.23,4.33,18.79,20.38,5206,-10.14,-4.0,0.037
2024-04-07T04:38:15.000,17.03,2.12,5.1,18.61,20.38,5207,-9.97,-4.0,0.037
2024-04-07T04:39:16.000,17.07,2.09,6.02,18.43,20.38,5208,-9.79,-3.0,0.037
2024-04-07T04:40:16.000,17.15,2.17,7.19,18.24,20.38,5209,-9.62,-3.0,0.037
2024-04-07T04:41:16.000,17.24,2.02,8.57,18.05,20.38,5210,-9.44,-3.0,0.037
2024-04-07T04:42:16.000,17.29,1.85,10.25,17.85,20.38,5211,-9.26,-3.0,0.037
2024-04-07T04:43:16.000,17.32,1.88,12.15,17.67,20.38,5212,-9.09,-3.0,0.037
2024-04-07T04:44:16.000,17.35,1.89,14.3,17.49,20.38,5213,-8.91,-3.0,0.037
2024-04-07T04:45:16.000,17.38,1.91,16.7,17.32,20.38,5214,-8.73,-2.0,0.037
2024-04-07T04:46:16.000,17.41,1.92,19.62,17.15,20.38,5215,-8.55,-2.0,0.037
2024-04-07T04:47:17.000,17.41,1.73,23.12,16.97,20.38,5216,-8.37,-2.0,0.037
2024-04-07T04:48:17.000,17.4,1.57,27.29,16.79,20.38,5217,-8.2,-2.0,0.037
2024-04-07T04:49:17.000,17.39,1.56,32.37,16.61,20.38,5218,-8.02,-2.0,0.037
2024-04-07T04:50:17.000,17.39,1.58,38.65,16.41,20.38,5219,-7.84,-1.0,0.037
2024-04-07T04:51:17.000,17.4,1.77,45.83,16.23,20.38,5220,-7.66,-1.0,0.037
2024-04-07T04:52:17.000,17.42,1.9,55.39,16.02,20.38,5221,-7.48,-1.0,0.037
2024-04-07T04:53:17.000,17.55,2.58,66.73,15.82,20.38,5222,-7.31,-1.0,0.037
2024-04-07T04:54:18.000,17.87,2.93,80.99,15.61,20.38,5223,-7.12,-1.0,0.037
2024-04-07T04:55:18.000,18.05,2.43,98.95,15.39,20.38,5224,-6.95,-1.0,0.037
2024-04-07T04:56:18.000,18.16,2.41,121.08,15.17,20.38,5225,-6.77,-0.0,0.037
2024-04-07T04:57:18.000,18.2,2.15,149.96,14.94,20.38,5226,-6.59,-0.0,0.037
2024-04-07T04:58:18.000,18.16,1.69,187.01,14.7,20.38,5227,-6.41,-0.0,0.037
2024-04-07T04:59:19.000,18.08,1.49,235.82,14.45,20.38,5228,-6.23,0.0,0.036
2024-04-07T05:00:19.000,17.99,1.42,296.47,14.2,20.38,5229,-6.05,0.0,0.036
2024-04-07T05:01:20.000,17.94,1.45,369.04,13.96,20.38,5230,-5.86,1.0,0.036
2024-04-07T05:02:20.000,17.85,1.51,462.18,13.72,20.38,5231,-5.68,1.0,0.036
2024-04-07T05:03:21.000,17.78,1.48,579.4,13.47,20.38,5232,-5.5,1.0,0.036
2024-04-07T05:04:21.000,17.72,1.59,721.42,13.24,20.38,5233,-5.32,1.0,0.036
2024-04-07T05:05:22.000,17.67,1.78,898.51,13.0,20.38,5234,-5.14,1.0,0.036
2024-04-07T05:06:22.000,17.64,1.82,1125.62,12.75,20.38,5235,-4.96,1.0,0.036
2024-04-07T05:07:23.000,17.63,1.91,1414.64,12.51,20.38,5236,-4.77,2.0,0.036
2024-04-07T05:08:23.000,17.62,1.99,1772.87,12.26,20.38,5237,-4.59,2.0,0.036
2024-04-07T05:09:24.000,17.64,2.14,2193.93,12.03,20.38,5238,-4.41,2.0,0.036
2024-04-07T05:10:24.000,17.65,2.15,2760.18,11.78,20.38,5239,-4.23,2.0,0.036
2024-04-07T05:11:25.000,17.65,2.33,3459.16,11.53,20.38,5240,-4.05,2.0,0.036
2024-04-07T05:12:25.000,17.66,2.43,4254.16,11.31,20.38,5241,-3.86,3.0,0.036
2024-04-07T05:13:25.000,17.66,2.46,5180.38,11.1,20.38,5242,-3.68,3.0,0.036
2024-04-07T05:14:25.000,17.65,2.36,6340.79,10.88,20.38,5243,-3.5,3.0,0.036
2024-04-07T05:15:26.000,17.65,2.57,7869.24,10.64,20.38,5244,-3.32,3.0,0.036
2024-04-07T05:16:26.000,17.74,2.84,9657.76,10.42,20.38,5245,-3.14,3.0,0.036
2024-04-07T05:17:27.000,17.87,3.16,11691.09,10.21,20.38,5246,-2.95,3.0,0.036
2024-04-07T05:18:27.000,18.1,3.44,14046.56,10.01,20.38,5247,-2.77,4.0,0.036
2024-04-07T05:19:28.000,18.37,3.54,16434.73,9.84,20.38,5248,-2.58,4.0,0.036
2024-04-07T05:20:28.000,18.64,3.56,19103.07,9.68,20.38,5249,-2.4,4.0,0.036
2024-04-07T05:21:28.000,18.86,3.59,22151.89,9.52,20.38,5250,-2.22,4.0,0.036
2024-04-07T05:22:29.000,19.11,3.55,24776.6,9.61,20.38,5251,-2.04,4.0,0.036
2024-04-07T05:23:29.000,19.33,3.5,29248.78,9.22,20.38,5252,-1.85,5.0,0.036
2024-04-07T05:24:29.000,19.5,3.37,33108.1,9.15,20.38,5253,-1.67,5.0,0.036
2024-04-07T05:25:30.000,19.62,3.37,38620.98,8.91,20.38,5254,-1.48,5.0,0.036
2024-04-07T05:26:30.000,19.76,3.36,44350.55,8.76,20.38,5255,-1.3,5.0,0.036
2024-04-07T05:27:31.000,19.88,3.23,50637.51,8.62,20.38,5256,-1.12,5.0,0.036
2024-04-07T05:28:31.000,19.98,3.2,57635.58,8.48,20.38,5257,-0.93,5.0,0.036
2024-04-07T05:29:32.000,20.06,3.33,56628.61,4.24,20.38,5258,-0.75,6.0,0.036
2024-04-07T05:30:32.000,20.19,3.35,50000.0,0.0,20.38,5259,-0.56,6.0,0.035
2024-04-07T05:31:32.000,20.3,3.24,50000.0,0.0,20.38,5260,-0.38,6.0,0.035
2024-04-07T05:32:33.000,20.34,3.05,50000.0,0.0,20.38,5261,-0.19,6.0,0.035
2024-04-07T05:41:35.000,19.27,2.12,50000.0,0.0,20.38,5270,1.47,8.0,0.035
2024-04-07T05:42:35.000,19.11,2.14,50000.0,0.0,20.38,5271,1.65,8.0,0.035
2024-04-07T05:43:35.000,18.97,2.09,50000.0,0.0,20.38,5272,1.83,8.0,0.035
2024-04-07T05:44:35.000,18.79,2.09,49677.69,0.11,20.38,5273,2.02,8.0,0.035
2024-04-07T05:45:35.000,18.66,2.17,50000.0,0.0,20.38,5274,2.2,9.0,0.035
2024-04-07T05:46:35.000,18.52,2.09,50000.0,0.0,20.38,5275,2.39,9.0,0.035
2024-04-07T05:47:36.000,18.42,2.33,50000.0,0.0,20.38,5276,2.57,9.0,0.035
2024-04-07T10:43:18.000,22.07,7.66,50000.0,0.0,20.38,5571,51.27,46.0,0.026
2024-04-07T10:44:18.000,22.05,7.85,50000.0,0.0,20.38,5572,51.36,46.0,0.026
2024-04-07T10:45:18.000,22.01,8.08,50000.0,0.0,20.38,5573,51.46,46.0,0.026
2024-04-07T10:47:38.000,21.97,8.35,50000.0,0.0,20.38,5575,51.67,46.0,0.026
2024-04-07T10:48:38.000,22.04,8.29,50000.0,0.0,20.38,5576,51.77,46.0,0.026
2024-04-07T10:49:38.000,22.12,8.12,50000.0,0.0,20.38,5577,51.86,46.0,0.026
2024-04-07T17:58:49.000,20.72,7.74,50000.0,0.0,20.38,6001,4.84,-10.0,0.016
2024-04-07T17:59:49.000,20.66,8.01,50000.0,0.0,20.38,6002,4.66,-10.0,0.016
2024-04-07T18:00:49.000,20.65,8.22,50000.0,0.0,20.38,6003,4.47,-10.0,0.016
2024-04-07T18:01:49.000,20.65,8.39,49729.85,0.09,20.38,6004,4.29,-10.0,0.016
2024-04-07T18:02:49.000,20.63,8.42,50000.0,0.0,20.38,6005,4.1,-11.0,0.016
2024-04-07T18:03:49.000,20.64,8.48,49193.96,0.27,20.38,6006,3.92,-11.0,0.015
2024-04-07T18:04:50.000,20.64,8.39,50000.0,0.0,20.38,6007,3.73,-11.0,0.015
2024-04-07T18:05:50.000,20.65,8.19,50000.0,0.0,20.38,6008,3.55,-11.0,0.015
2024-04-07T18:06:50.000,20.64,7.89,50000.0,0.0,20.38,6009,3.36,-11.0,0.015
2024-04-07T18:21:52.000,20.35,6.49,50000.0,0.0,20.38,6024,0.6,-14.0,0.015
2024-04-07T18:22:52.000,20.33,6.92,50000.0,0.0,20.38,6025,0.41,-14.0,0.015
2024-04-07T18:23:52.000,20.33,7.17,50000.0,0.0,20.38,6026,0.23,-14.0,0.015
2024-04-07T18:24:52.000,20.34,6.76,49597.02,0.13,20.38,6027,0.05,-14.0,0.015
2024-04-07T18:25:53.000,20.31,5.56,50000.0,0.0,20.38,6028,-0.14,-15.0,0.015
2024-04-07T18:26:53.000,20.31,4.3,50000.0,0.0,20.38,6029,-0.32,-15.0,0.015
2024-04-07T18:27:53.000,20.3,3.5,50000.0,0.0,20.38,6030,-0.5,-15.0,0.015
2024-04-07T18:31:54.000,20.12,3.92,50000.0,0.0,20.38,6034,-1.24,-16.0,0.015
2024-04-07T18:32:56.000,20.07,3.69,50000.0,0.0,20.38,6035,-1.42,-16.0,0.015
2024-04-07T18:33:56.000,19.97,3.32,50000.0,0.0,20.38,6036,-1.61,-16.0,0.015
2024-04-07T18:34:56.000,19.82,3.27,50810.62,0.46,20.38,6037,-1.79,-16.0,0.015
2024-04-07T18:35:57.000,19.68,3.33,57478.54,8.48,20.38,6038,-1.97,-16.0,0.015
2024-04-07T18:36:57.000,19.62,3.05,48909.07,8.66,20.38,6039,-2.16,-16.0,0.015
2024-04-07T18:37:58.000,19.61,2.74,41224.02,8.84,20.38,6040,-2.34,-17.0,0.015
2024-04-07T18:38:58.000,19.54,2.07,33037.56,9.16,20.38,6041,-2.52,-17.0,0.015
2024-04-07T18:39:58.000,19.44,2.07,27160.78,9.37,20.38,6042,-2.7,-17.0,0.015
2024-04-07T18:40:58.000,19.37,2.51,24285.62,9.42,20.38,6043,-2.88,-17.0,0.015
2024-04-07T18:41:59.000,19.33,3.48,21297.21,9.56,20.38,6044,-3.07,-17.0,0.015
2024-04-07T18:42:59.000,19.28,4.41,18273.82,9.73,20.38,6045,-3.25,-18.0,0.015
2024-04-07T18:43:59.000,19.26,5.08,15648.0,9.89,20.38,6046,-3.43,-18.0,0.015
2024-04-07T18:45:00.000,19.26,4.86,13830.64,10.03,20.38,6047,-3.61,-18.0,0.015
2024-04-07T18:46:00.000,19.22,3.71,10741.4,10.31,20.38,6048,-3.79,-18.0,0.015
2024-04-07T18:47:01.000,19.15,2.16,8589.2,10.55,20.38,6049,-3.98,-18.0,0.015
2024-04-07T18:48:02.000,19.02,0.22,7066.4,10.76,20.38,6050,-4.16,-18.0,0.015
2024-04-07T18:49:02.000,18.91,-1.42,5646.33,11.0,20.38,6051,-4.34,-19.0,0.015
2024-04-07T18:50:03.000,18.83,-2.68,4398.31,11.27,20.38,6052,-4.53,-19.0,0.015
2024-04-07T18:51:03.000,18.73,-3.65,3482.71,11.53,20.38,6053,-4.71,-19.0,0.015
2024-04-07T18:52:03.000,18.67,-4.09,2817.96,11.76,20.38,6054,-4.89,-19.0,0.014
2024-04-07T18:53:04.000,18.58,-4.24,2284.76,11.99,20.38,6055,-5.07,-19.0,0.014
2024-04-07T18:54:04.000,18.46,-3.75,1838.16,12.22,20.38,6056,-5.25,-19.0,0.014
2024-04-07T18:55:05.000,18.31,-2.91,1512.8,12.43,20.38,6057,-5.43,-20.0,0.014
2024-04-07T18:56:05.000,18.21,-2.14,1350.53,12.55,20.38,6058,-5.61,-20.0,0.014
2024-04-07T18:57:05.000,18.13,-1.8,1135.13,12.75,20.38,6059,-5.79,-20.0,0.014
2024-04-07T18:58:06.000,18.07,-1.76,848.0,13.06,20.38,6060,-5.97,-20.0,0.014
2024-04-07T18:59:06.000,18.04,-2.02,678.84,13.3,20.38,6061,-6.15,-20.0,0.014
2024-04-07T19:00:07.000,17.97,-2.55,553.62,13.53,20.38,6062,-6.33,-20.0,0.014
2024-04-07T19:01:08.000,17.87,-2.65,408.24,13.86,20.38,6063,-6.51,-21.0,0.014
2024-04-07T19:02:08.000,17.82,-2.49,312.63,14.15,20.38,6064,-6.69,-21.0,0.014
2024-04-07T19:03:08.000,17.81,-2.27,257.64,14.35,20.38,6065,-6.87,-21.0,0.014
2024-04-07T19:04:09.000,17.81,-1.9,205.57,14.6,20.38,6066,-7.05,-21.0,0.014
2024-04-07T19:05:09.000,17.81,-1.42,158.58,14.88,20.38,6067,-7.23,-21.0,0.014
2024-04-07T19:06:09.000,17.82,-0.72,126.09,15.13,20.38,6068,-7.41,-21.0,0.014
2024-04-07T19:07:09.000,17.84,0.18,105.69,15.32,20.38,6069,-7.58,-21.0,0.014
2024-04-07T19:08:09.000,17.87,1.11,96.7,15.42,20.38,6070,-7.76,-22.0,0.014
2024-04-07T19:09:09.000,17.93,1.79,85.35,15.55,20.38,6071,-7.94,-22.0,0.014
2024-04-07T19:10:10.000,17.99,2.21,73.57,15.72,20.38,6072,-8.12,-22.0,0.014
2024-04-07T19:11:10.000,18.04,2.43,50.3,16.13,20.38,6073,-8.3,-22.0,0.014
2024-04-07T19:12:10.000,18.07,2.48,45.52,16.24,20.38,6074,-8.47,-22.0,0.014
2024-04-07T19:13:10.000,18.11,2.21,40.69,16.36,20.38,6075,-8.65,-22.0,0.014
2024-04-07T19:14:10.000,18.14,1.5,35.94,16.49,20.38,6076,-8.83,-23.0,0.014
2024-04-07T19:15:11.000,18.14,0.45,26.19,16.84,20.38,6077,-9.01,-23.0,0.014
2024-04-07T19:16:11.000,18.15,-0.51,19.27,17.17,20.38,6078,-9.18,-23.0,0.014
2024-04-07T19:17:10.000,18.11,-1.0,16.06,17.37,20.38,6079,-9.35,-23.0,0.014
2024-04-07T19:18:11.000,18.07,-0.82,14.64,17.47,20.38,6080,-9.53,-23.0,0.014
2024-04-07T19:19:11.000,18.05,-0.24,14.17,17.5,20.38,6081,-9.71,-23.0,0.014
2024-04-07T19:20:11.000,18.05,0.22,12.61,17.63,20.38,6082,-9.88,-24.0,0.014
2024-04-07T19:21:11.000,18.07,0.08,10.37,17.84,20.38,6083,-10.06,-24.0,0.014
2024-04-07T19:22:11.000,18.09,-0.72,8.42,18.07,20.38,6084,-10.23,-24.0,0.014
2024-04-07T19:23:11.000,18.1,-1.47,6.66,18.32,20.38,6085,-10.41,-24.0,0.014
2024-04-07T19:24:11.000,18.11,-1.83,5.4,18.55,20.38,6086,-10.58,-24.0,0.014
2024-04-07T19:25:11.000,18.14,-1.46,4.73,18.69,20.38,6087,-10.76,-24.0,0.014
2024-04-07T19:26:12.000,18.15,-0.71,4.58,18.73,20.38,6088,-10.93,-25.0,0.014
2024-04-07T19:27:12.000,18.18,-0.1,3.99,18.88,20.38,6089,-11.11,-25.0,0.014
2024-04-07T19:28:12.000,18.21,-0.25,3.25,19.1,20.38,6090,-11.28,-25.0,0.014
2024-04-07T19:29:12.000,18.27,-1.04,2.64,19.33,20.38,6091,-11.46,-25.0,0.014
2024-04-07T19:30:12.000,18.3,-2.22,2.26,19.49,20.38,6092,-11.63,-25.0,0.014
2024-04-07T19:31:12.000,18.31,-3.22,2.02,19.62,20.38,6093,-11.8,-25.0,0.014
2024-04-07T19:32:12.000,18.33,-3.9,1.76,19.77,20.38,6094,-11.98,-25.0,0.014
2024-04-07T19:33:12.000,18.37,-4.4,1.57,19.89,20.38,6095,-12.15,-26.0,0.014
2024-04-07T19:34:13.000,18.39,-4.65,1.39,20.02,20.38,6096,-12.32,-26.0,0.014
2024-04-07T19:35:13.000,18.4,-4.67,1.24,20.15,20.38,6097,-12.5,-26.0,0.014
2024-04-07T19:36:13.000,18.41,-4.58,1.12,20.25,20.38,6098,-12.67,-26.0,0.014
2024-04-07T19:37:13.000,18.42,-4.57,1.02,20.36,20.38,6099,-12.84,-26.0,0.014
2024-04-07T19:38:13.000,18.41,-4.52,0.94,20.45,20.38,6100,-13.01,-26.0,0.014
2024-04-07T19:39:13.000,18.4,-4.48,0.86,20.54,20.38,6101,-13.18,-27.0,0.014
2024-04-07T19:40:13.000,18.34,-4.35,0.8,20.62,20.38,6102,-13.35,-27.0,0.014
2024-04-07T19:41:14.000,18.32,-3.99,0.76,20.68,20.38,6103,-13.53,-27.0,0.013
2024-04-07T19:42:13.000,18.33,-3.96,0.72,20.74,20.38,6104,-13.69,-27.0,0.013
2024-04-07T19:43:14.000,18.33,-4.04,0.67,20.81,20.38,6105,-13.87,-27.0,0.013
2024-04-07T19:44:14.000,18.33,-4.15,0.64,20.86,20.38,6106,-14.04,-27.0,0.013
2024-04-07T19:45:14.000,18.32,-4.38,0.61,20.91,20.38,6107,-14.21,-27.0,0.013
2024-04-07T19:46:14.000,18.31,-4.49,0.59,20.96,20.38,6108,-14.38,-28.0,0.013
2024-04-07T19:47:14.000,18.27,-4.34,0.57,21.0,20.38,6109,-14.55,-28.0,0.013
2024-04-07T19:48:14.000,18.24,-3.21,0.56,21.02,20.38,6110,-14.72,-28.0,0.013
2024-04-07T19:49:14.000,18.25,-1.44,0.57,21.0,20.38,6111,-14.89,-28.0,0.013
2024-04-07T19:50:15.000,18.27,0.9,0.56,21.0,20.38,6112,-15.06,-28.0,0.013
2024-04-07T19:51:15.000,18.3,2.88,0.58,20.96,20.38,6113,-15.23,-28.0,0.013
2024-04-07T19:52:15.000,18.31,4.19,0.59,20.95,20.38,6114,-15.39,-29.0,0.013
2024-04-07T19:53:15.000,18.31,5.02,0.63,20.88,20.38,6115,-15.56,-29.0,0.013
2024-04-07T19:54:15.000,18.33,5.66,0.67,20.82,20.38,6116,-15.73,-29.0,0.013
2024-04-07T19:55:15.000,18.39,5.95,0.65,20.84,20.38,6117,-15.9,-29.0,0.013
2024-04-07T19:56:16.000,18.37,5.96,0.62,20.89,20.38,6118,-16.07,-29.0,0.013
2024-04-07T19:57:16.000,18.34,6.08,0.66,20.82,20.38,6119,-16.23,-29.0,0.013
2024-04-07T19:58:16.000,18.32,6.19,0.67,20.81,20.38,6120,-16.4,-29.0,0.013
2024-04-07T19:59:16.000,18.34,6.13,0.65,20.85,20.38,6121,-16.57,-30.0,0.013
2024-04-07T20:00:16.000,18.35,6.09,0.64,20.86,20.38,6122,-16.73,-30.0,0.013
2024-04-07T20:01:16.000,18.35,5.87,0.64,20.87,20.38,6123,-16.9,-30.0,0.013
2024-04-07T20:02:16.000,18.3,5.6,0.64,20.86,20.38,6124,-17.06,-30.0,0.013
2024-04-07T20:03:16.000,18.28,5.33,0.65,20.85,20.38,6125,-17.23,-30.0,0.013
2024-04-07T20:04:17.000,18.26,4.9,0.64,20.86,20.38,6126,-17.4,-30.0,0.013
2024-04-07T20:05:17.000,18.26,4.45,0.58,20.96,20.38,6127,-17.56,-30.0,0.013
2024-04-07T20:06:17.000,18.26,4.32,0.54,21.05,20.38,6128,-17.73,-31.0,0.013
2024-04-07T20:07:17.000,18.29,4.44,0.6,20.94,20.38,6129,-17.89,-31.0,0.013
2024-04-07T20:08:17.000,18.31,4.09,0.62,20.89,20.38,6130,-18.05,-31.0,0.013
2024-04-07T20:09:17.000,18.33,3.46,0.59,20.95,20.38,6131,-18.22,-31.0,0.013
2024-04-07T20:10:17.000,18.32,2.77,0.57,21.0,20.38,6132,-18.38,-31.0,0.013
2024-04-07T20:11:17.000,18.3,2.6,0.59,20.96,20.38,6133,-18.54,-31.0,0.013
2024-04-07T20:12:17.000,18.28,2.62,0.59,20.95,20.38,6134,-18.7,-31.0,0.013
2024-04-07T20:13:18.000,18.27,2.77,0.58,20.98,20.38,6135,-18.87,-32.0,0.013
2024-04-07T20:14:18.000,18.27,2.7,0.57,20.99,20.38,6136,-19.03,-32.0,0.013
2024-04-07T20:15:18.000,18.27,2.41,0.55,21.02,20.38,6137,-19.19,-32.0,0.013
2024-04-07T20:16:18.000,18.28,1.95,0.54,21.04,20.38,6138,-19.35,-32.0,0.013
2024-04-07T20:17:18.000,18.27,1.6,0.53,21.07,20.38,6139,-19.52,-32.0,0.013
2024-04-07T20:18:18.000,18.27,1.34,0.53,21.07,20.38,6140,-19.68,-32.0,0.013
2024-04-07T20:19:18.000,18.24,1.29,0.55,21.03,20.38,6141,-19.84,-32.0,0.013
2024-04-07T20:20:18.000,18.23,1.24,0.56,21.01,20.38,6142,-20.0,-33.0,0.013
2024-04-07T20:21:18.000,18.21,1.01,0.57,20.99,20.38,6143,-20.16,-33.0,0.013
2024-04-07T20:22:19.000,18.18,0.21,0.55,21.02,20.38,6144,-20.32,-33.0,0.013
2024-04-07T20:23:19.000,18.12,-1.03,0.52,21.09,20.38,6145,-20.48,-33.0,0.013
