ecsv/stars639/stars639_2025-04.ecsv
# %ECSV 1.0
# ---
# datatype:
# - {name: time, datatype: string}
# - {name: Enclosure Temperature, unit: deg_C, datatype: float64}
# - {name: Sky Temperature, unit: deg_C, datatype: float64}
# - {name: Frequency, unit: Hz, datatype: float64}
# - {name: MSAS, unit: mag / arcsec2, datatype: float64}
# - {name: ZP, datatype: float64}
# - {name: Sequence Number, datatype: int64}
# - {name: Sun Alt, unit: deg, datatype: float64}
# - {name: Moon Alt, unit: deg, datatype: float64}
# - {name: Moon Illumination, datatype: float64}
# delimiter: ','
# meta: !!omap
# - ida:
#     Data supplier: {affiliation: AAS Carballada Ager, observer: null}
#     Device type: TESS-W
#     Field of view: 17.0
#     Filters per channel: None
#     Instrument ID: stars639
#     License: ODbL 1.0 http://opendatacommons.org/licenses/odbl/summary/
#     Local timezone: Europe/Madrid
#     Location name: {country: Spain, place: AAS Carballada Ager, region: Catalonia, sub_region: Lleida, town: Ager}
#     Measurement direction per channel: {azimuth: 0.0, zenital: 0.0}
#     Moving / Fixed look direction: FIXED
#     Moving / Stationary position: STATIONARY
#     Number of channels: 1
#     Number of fields per line: 8
#     Number of header lines: 35
#     Position: {height: 0.0, latitude: 42.017687, longitude: 0.744085}
#     TESS MAC address: 98:F4:AB:B2:7B:28
#     TESS cover offset value: 0.0
#     TESS firmware version: '1.0'
#     TESS zero point: 20.38
#     Time Synchronization: timestamp added by MQTT subscriber
#     URL: http://www.darksky.org/NSBM/sdf1.0.pdf
# - __serialized_columns__:
#     Enclosure Temperature:
#       __class__: astropy.units.quantity.Quantity
#       unit: &id001 !astropy.units.Unit {unit: deg_C}
#       value: !astropy.table.SerializedColumn {name: Enclosure Temperature}
#     Frequency:
#       __class__: astropy.units.quantity.Quantity
#       unit: !astropy.units.Unit {unit: Hz}
#       value: !astropy.table.SerializedColumn {name: Frequency}
#     MSAS:
#       __class__: astropy.units.quantity.Quantity
#       unit: !astropy.units.Unit {unit: mag / arcsec2}
#       value: !astropy.table.SerializedColumn {name: MSAS}
#     Moon Alt:
#       __class__: astropy.units.quantity.Quantity
#       unit: &id002 !astropy.units.Unit {unit: deg}
#       value: !astropy.table.SerializedColumn {name: Moon Alt}
#     Sky Temperature:
#       __class__: astropy.units.quantity.Quantity
#       unit: *id001
#       value: !astropy.table.SerializedColumn {name: Sky Temperature}
#     Sun Alt:
#       __class__: astropy.units.quantity.Quantity
#       unit: *id002
#       value: !astropy.table.SerializedColumn {name: Sun Alt}
#     time:
#       __class__: astropy.time.core.Time
#       format: isot
#       in_subfmt: '*'
#       out_subfmt: '*'
#       precision: 3
#       scale: utc
#       value: !astropy.table.SerializedColumn {name: time}
# schema: astropy-2.0
time,Enclosure Temperature,Sky Temperature,Frequency,MSAS,ZP,Sequence Number,Sun Alt,Moon Alt,Moon Illumination
[from data line 10326]
2025-04-16T01:12:40.000,8.4,3.54,3.87,18.91,20.38,298685,-35.01,22.0,0.918
2025-04-16T01:13:40.000,8.39,3.35,3.96,18.89,20.38,298686,-34.93,22.0,0.918
2025-04-16T01:14:40.000,8.31,3.3,3.79,18.93,20.38,298687,-34.86,22.0,0.918
2025-04-16T01:15:40.000,8.29,3.41,3.39,19.05,20.38,298688,-34.79,22.0,0.918
2025-04-16T01:16:40.000,8.23,3.19,3.65,18.98,20.38,298689,-34.71,22.0,0.918
2025-04-16T01:17:40.000,8.13,2.92,4.22,18.82,20.38,298690,-34.63,22.0,0.918
2025-04-16T01:18:40.000,8.08,2.75,5.78,18.48,20.38,298691,-34.56,22.0,0.918
2025-04-16T01:19:40.000,8.02,2.89,6.02,18.43,20.38,298692,-34.48,22.0,0.918
2025-04-16T01:20:40.000,8.08,3.27,4.83,18.67,20.38,298693,-34.4,22.0,0.918
2025-04-16T01:21:41.000,8.16,3.48,4.71,18.7,20.38,298694,-34.32,22.0,0.918
2025-04-16T01:22:41.000,8.21,3.2,5.16,18.6,20.38,298695,-34.24,22.0,0.918
2025-04-16T01:23:41.000,8.19,3.09,6.39,18.37,20.38,298696,-34.15,22.0,0.918
2025-04-16T01:24:41.000,8.13,2.87,8.2,18.1,20.38,298697,-34.07,22.0,0.918
2025-04-16T01:25:41.000,8.17,3.13,9.17,17.97,20.38,298698,-33.99,22.0,0.918
2025-04-16T01:26:41.000,8.23,3.11,9.83,17.9,20.38,298699,-33.91,22.0,0.918
2025-04-16T01:27:41.000,8.27,2.51,10.55,17.82,20.38,298700,-33.82,22.0,0.918
2025-04-16T01:28:41.000,8.23,2.3,11.48,17.73,20.38,298701,-33.74,22.0,0.918
2025-04-16T01:29:42.000,8.27,2.18,12.34,17.65,20.38,298702,-33.65,22.0,0.918
2025-04-16T01:30:42.000,8.37,2.09,12.06,17.68,20.38,298703,-33.56,22.0,0.918
2025-04-16T01:31:42.000,8.5,2.09,10.4,17.84,20.38,298704,-33.47,22.0,0.918
2025-04-16T01:32:42.000,8.54,2.46,9.76,17.91,20.38,298705,-33.38,22.0,0.918
2025-04-16T01:33:42.000,8.63,2.82,10.13,17.87,20.38,298706,-33.29,22.0,0.918
2025-04-16T01:34:42.000,8.8,2.93,9.02,17.99,20.38,298707,-33.2,22.0,0.918
2025-04-16T01:35:42.000,8.88,2.85,8.43,18.07,20.38,298708,-33.11,22.0,0.918
2025-04-16T01:36:42.000,8.78,2.08,9.39,17.95,20.38,298709,-33.02,22.0,0.918
2025-04-16T01:37:42.000,8.64,1.74,10.17,17.86,20.38,298710,-32.93,22.0,0.918
2025-04-16T01:38:43.000,8.6,1.97,9.82,17.9,20.38,298711,-32.83,22.0,0.917
2025-04-16T01:39:43.000,8.62,2.22,9.11,17.99,20.38,298712,-32.74,22.0,0.917
2025-04-16T01:40:43.000,8.62,2.51,7.24,18.23,20.38,298713,-32.64,22.0,0.917
2025-04-16T01:41:43.000,8.64,2.87,5.78,18.48,20.38,298714,-32.55,22.0,0.917
2025-04-16T01:42:43.000,8.68,2.85,5.75,18.48,20.38,298715,-32.45,22.0,0.917
2025-04-16T01:43:43.000,8.72,2.69,5.28,18.57,20.38,298716,-32.35,22.0,0.917
2025-04-16T01:44:43.000,8.81,2.94,4.91,18.65,20.38,298717,-32.26,22.0,0.917
2025-04-16T01:45:44.000,8.87,3.06,4.59,18.73,20.38,298718,-32.16,22.0,0.917
2025-04-16T01:46:44.000,8.96,3.62,4.26,18.81,20.38,298719,-32.06,22.0,0.917
2025-04-16T01:47:44.000,9.15,3.53,4.45,18.76,20.38,298720,-31.96,22.0,0.917
2025-04-16T01:48:44.000,9.2,3.48,4.91,18.65,20.38,298721,-31.86,22.0,0.917
2025-04-16T01:49:44.000,9.29,3.41,4.46,18.76,20.38,298722,-31.75,22.0,0.917
2025-04-16T01:50:44.000,9.3,3.49,4.53,18.74,20.38,298723,-31.65,22.0,0.917
2025-04-16T01:51:44.000,9.34,3.35,4.84,18.67,20.38,298724,-31.55,23.0,0.917
2025-04-16T01:52:44.000,9.31,3.28,5.51,18.53,20.38,298725,-31.45,23.0,0.917
2025-04-16T01:53:45.000,9.32,2.84,6.44,18.36,20.38,298726,-31.34,23.0,0.917
2025-04-16T01:54:45.000,9.27,2.6,6.34,18.38,20.38,298727,-31.23,23.0,0.917
2025-04-16T01:55:45.000,9.17,2.61,5.73,18.49,20.38,298728,-31.13,23.0,0.917
2025-04-16T01:56:45.000,9.17,3.04,5.19,18.59,20.38,298729,-31.02,23.0,0.917
2025-04-16T01:57:45.000,9.14,2.93,4.87,18.66,20.38,298730,-30.91,23.0,0.917
2025-04-16T01:58:45.000,9.0,2.74,4.6,18.72,20.38,298731,-30.81,23.0,0.917
2025-04-16T01:59:45.000,8.8,2.44,4.61,18.72,20.38,298732,-30.7,23.0,0.917
2025-04-16T02:00:45.000,8.73,1.73,5.58,18.51,20.38,298733,-30.59,23.0,0.917
2025-04-16T02:01:46.000,8.71,0.04,6.77,18.3,20.38,298734,-30.48,23.0,0.917
2025-04-16T02:02:46.000,8.85,-1.14,6.7,18.32,20.38,298735,-30.37,23.0,0.917
2025-04-16T02:03:46.000,8.91,-2.43,6.21,18.4,20.38,298736,-30.26,23.0,0.917
2025-04-16T02:04:46.000,8.9,-3.75,6.03,18.43,20.38,298737,-30.14,23.0,0.917
2025-04-16T02:05:46.000,8.91,-4.73,6.14,18.41,20.38,298738,-30.03,23.0,0.916
2025-04-16T02:06:46.000,8.84,-5.13,6.51,18.35,20.38,298739,-29.92,23.0,0.916
2025-04-16T02:07:46.000,8.82,-5.17,7.32,18.22,20.38,298740,-29.8,23.0,0.916
2025-04-16T02:08:46.000,8.81,-5.74,8.54,18.05,20.38,298741,-29.69,23.0,0.916
2025-04-16T02:09:47.000,8.7,-6.34,8.95,18.0,20.38,298742,-29.57,23.0,0.916
2025-04-16T02:10:47.000,8.59,-5.99,9.51,17.93,20.38,298743,-29.46,23.0,0.916
2025-04-16T02:11:47.000,8.58,-4.9,9.23,17.97,20.38,298744,-29.34,23.0,0.916
2025-04-16T02:12:47.000,8.59,-3.72,9.55,17.93,20.38,298745,-29.22,22.0,0.916
2025-04-16T02:13:47.000,8.7,-2.24,9.69,17.91,20.38,298746,-29.11,22.0,0.916
2025-04-16T02:14:47.000,8.8,-0.61,9.33,17.96,20.38,298747,-28.99,22.0,0.916
2025-04-16T02:15:47.000,8.86,1.42,8.89,18.01,20.38,298748,-28.87,22.0,0.916
2025-04-16T02:16:47.000,8.94,2.61,8.74,18.03,20.38,298749,-28.75,22.0,0.916
2025-04-16T02:17:47.000,9.08,3.23,8.82,18.02,20.38,298750,-28.63,22.0,0.916
2025-04-16T02:18:48.000,9.28,3.46,8.86,18.01,20.38,298751,-28.51,22.0,0.916
2025-04-16T02:19:48.000,9.46,3.47,8.93,18.0,20.38,298752,-28.38,22.0,0.916
2025-04-16T02:20:48.000,9.58,3.48,9.17,17.97,20.38,298753,-28.26,22.0,0.916
2025-04-16T02:21:48.000,9.6,3.42,8.54,18.05,20.38,298754,-28.14,22.0,0.916
2025-04-16T02:22:48.000,9.6,3.66,7.37,18.21,20.38,298755,-28.02,22.0,0.916
2025-04-16T02:23:48.000,9.75,3.88,6.5,18.35,20.38,298756,-27.89,22.0,0.916
2025-04-16T02:24:48.000,9.82,3.77,6.32,18.38,20.38,298757,-27.77,22.0,0.916
2025-04-16T02:25:48.000,9.77,3.62,6.33,18.38,20.38,298758,-27.64,22.0,0.916
2025-04-16T02:26:48.000,9.79,3.86,6.21,18.4,20.38,298759,-27.52,22.0,0.916
2025-04-16T02:27:49.000,9.85,3.79,5.99,18.44,20.38,298760,-27.39,22.0,0.916
2025-04-16T02:28:49.000,9.87,3.72,5.58,18.51,20.38,298761,-27.26,22.0,0.916
2025-04-16T02:29:49.000,9.86,3.65,5.48,18.53,20.38,298762,-27.14,22.0,0.916
2025-04-16T02:30:49.000,9.9,3.83,5.61,18.51,20.38,298763,-27.01,22.0,0.916
2025-04-16T02:31:49.000,9.95,3.64,6.21,18.4,20.38,298764,-26.88,22.0,0.916
2025-04-16T02:32:49.000,9.98,3.5,7.64,18.18,20.38,298765,-26.75,22.0,0.915
2025-04-16T02:33:49.000,10.0,3.26,9.92,17.89,20.38,298766,-26.62,22.0,0.915
2025-04-16T02:34:49.000,10.01,2.85,11.42,17.74,20.38,298767,-26.49,22.0,0.915
2025-04-16T02:35:49.000,9.96,2.47,12.99,17.6,20.38,298768,-26.36,22.0,0.915
2025-04-16T02:36:50.000,9.93,2.48,12.88,17.61,20.38,298769,-26.23,22.0,0.915
2025-04-16T02:37:50.000,9.86,2.46,11.65,17.71,20.38,298770,-26.1,22.0,0.915
2025-04-16T02:38:50.000,9.83,2.52,11.4,17.74,20.38,298771,-25.97,22.0,0.915
2025-04-16T02:39:50.000,9.82,2.58,11.04,17.77,20.38,298772,-25.83,22.0,0.915
2025-04-16T02:40:50.000,9.82,2.61,9.79,17.9,20.38,298773,-25.7,22.0,0.915
2025-04-16T02:41:50.000,9.81,2.64,9.03,17.99,20.38,298774,-25.57,22.0,0.915
2025-04-16T02:42:50.000,9.84,2.62,8.46,18.06,20.38,298775,-25.43,22.0,0.915
2025-04-16T02:43:50.000,9.81,2.77,7.71,18.16,20.38,298776,-25.3,22.0,0.915
2025-04-16T02:44:51.000,9.86,2.82,7.26,18.23,20.38,298777,-25.16,22.0,0.915
2025-04-16T02:45:51.000,9.93,2.91,6.95,18.28,20.38,298778,-25.03,22.0,0.915
2025-04-16T02:46:51.000,9.97,2.88,6.94,18.28,20.38,298779,-24.89,22.0,0.915
2025-04-16T02:47:51.000,10.01,2.94,6.74,18.31,20.38,298780,-24.75,22.0,0.915
2025-04-16T02:48:51.000,10.02,2.9,6.32,18.38,20.38,298781,-24.62,22.0,0.915
2025-04-16T02:49:51.000,9.94,2.86,5.92,18.45,20.38,298782,-24.48,22.0,0.915
2025-04-16T02:50:51.000,9.88,3.03,5.44,18.54,20.38,298783,-24.34,22.0,0.915
2025-04-16T02:51:51.000,9.82,2.98,5.0,18.63,20.38,298784,-24.2,22.0,0.915
2025-04-16T02:52:51.000,9.83,2.99,4.9,18.65,20.38,298785,-24.06,22.0,0.915
2025-04-16T02:53:52.000,9.83,2.86,4.73,18.69,20.38,298786,-23.92,22.0,0.915
2025-04-16T02:54:52.000,9.79,2.73,4.66,18.71,20.38,298787,-23.78,21.0,0.915
2025-04-16T02:56:57.000,9.65,2.99,4.3,18.8,20.38,298789,-23.49,21.0,0.915
2025-04-16T02:57:57.000,9.59,2.98,4.49,18.75,20.38,298790,-23.35,21.0,0.915
2025-04-16T02:58:57.000,9.54,2.75,5.05,18.62,20.38,298791,-23.2,21.0,0.915
2025-04-16T02:59:59.000,9.46,2.55,5.75,18.48,20.38,298792,-23.06,21.0,0.914
2025-04-16T03:00:58.000,9.37,2.7,6.14,18.41,20.38,298793,-22.92,21.0,0.914
2025-04-16T03:01:59.000,9.39,2.76,6.45,18.36,20.38,298794,-22.77,21.0,0.914
2025-04-16T03:02:59.000,9.27,2.55,6.89,18.28,20.38,298795,-22.63,21.0,0.914
2025-04-16T03:03:59.000,9.15,2.99,6.16,18.41,20.38,298796,-22.48,21.0,0.914
2025-04-16T03:04:59.000,9.11,3.15,5.66,18.5,20.38,298797,-22.34,21.0,0.914
2025-04-16T03:05:59.000,9.17,3.64,5.22,18.59,20.38,298798,-22.19,21.0,0.914
2025-04-16T03:06:59.000,9.2,3.46,5.4,18.55,20.38,298799,-22.05,21.0,0.914
2025-04-16T03:07:59.000,9.23,3.55,5.4,18.55,20.38,298800,-21.9,21.0,0.914
2025-04-16T03:08:59.000,9.32,3.5,5.13,18.61,20.38,298801,-21.75,21.0,0.914
2025-04-16T03:10:01.000,9.46,3.64,4.73,18.69,20.38,298802,-21.6,21.0,0.914
2025-04-16T03:11:00.000,9.54,3.47,4.22,18.82,20.38,298803,-21.46,21.0,0.914
2025-04-16T03:12:00.000,9.53,3.43,3.88,18.91,20.38,298804,-21.31,21.0,0.914
2025-04-16T03:13:00.000,9.54,3.78,3.73,18.95,20.38,298805,-21.16,21.0,0.914
2025-04-16T03:14:00.000,9.6,3.64,3.79,18.93,20.38,298806,-21.01,21.0,0.914
2025-04-16T03:15:01.000,9.57,3.66,3.87,18.91,20.38,298807,-20.86,21.0,0.914
2025-04-16T03:16:00.000,9.46,3.5,4.02,18.87,20.38,298808,-20.72,21.0,0.914
2025-04-16T03:17:01.000,9.45,3.46,4.96,18.64,20.38,298809,-20.56,20.0,0.914
2025-04-16T03:18:01.000,9.43,3.15,5.64,18.5,20.38,298810,-20.41,20.0,0.914
2025-04-16T03:19:01.000,9.4,3.23,5.48,18.53,20.38,298811,-20.26,20.0,0.914
2025-04-16T03:20:01.000,9.39,3.35,4.83,18.67,20.38,298812,-20.11,20.0,0.914
2025-04-16T03:21:01.000,9.4,3.52,4.71,18.7,20.38,298813,-19.96,20.0,0.914
2025-04-16T03:22:01.000,9.49,3.46,4.77,18.68,20.38,298814,-19.81,20.0,0.914
2025-04-16T03:23:01.000,9.53,3.33,4.74,18.69,20.38,298815,-19.66,20.0,0.914
2025-04-16T03:24:01.000,9.59,3.38,4.49,18.75,20.38,298816,-19.5,20.0,0.914
2025-04-16T03:25:02.000,9.69,3.41,4.19,18.82,20.38,298817,-19.35,20.0,0.914
2025-04-16T03:26:02.000,9.79,3.53,3.92,18.9,20.38,298818,-19.2,20.0,0.914
2025-04-16T03:27:02.000,9.9,3.54,3.79,18.93,20.38,298819,-19.04,20.0,0.913
2025-04-16T03:28:02.000,9.96,3.53,3.61,18.99,20.38,298820,-18.89,20.0,0.913
2025-04-16T03:29:02.000,9.99,3.37,3.33,19.08,20.38,298821,-18.73,20.0,0.913
2025-04-16T03:30:03.000,10.01,3.48,3.47,19.03,20.38,298822,-18.58,20.0,0.913
2025-04-16T03:31:03.000,10.0,3.26,3.65,18.98,20.38,298823,-18.42,20.0,0.913
2025-04-16T03:32:03.000,9.87,3.03,3.53,19.01,20.38,298824,-18.27,20.0,0.913
2025-04-16T03:33:03.000,9.73,2.95,3.33,19.07,20.38,298825,-18.11,19.0,0.913
2025-04-16T03:34:04.000,9.65,2.98,3.13,19.14,20.38,298826,-17.95,19.0,0.913
2025-04-16T03:35:03.000,9.6,2.91,2.97,19.2,20.38,298827,-17.8,19.0,0.913
2025-04-16T03:36:03.000,9.59,3.01,2.76,19.28,20.38,298828,-17.64,19.0,0.913
2025-04-16T03:37:03.000,9.63,3.05,2.55,19.37,20.38,298829,-17.48,19.0,0.913
2025-04-16T03:38:03.000,9.6,2.9,2.34,19.45,20.38,298830,-17.33,19.0,0.913
2025-04-16T03:39:04.000,9.53,2.8,2.27,19.49,20.38,298831,-17.17,19.0,0.913
2025-04-16T03:40:04.000,9.44,2.79,2.19,19.53,20.38,298832,-17.01,19.0,0.913
2025-04-16T03:41:04.000,9.37,2.94,2.13,19.56,20.38,298833,-16.85,19.0,0.913
2025-04-16T03:42:04.000,9.28,2.84,2.07,19.59,20.38,298834,-16.69,19.0,0.913
2025-04-16T03:43:04.000,9.25,3.13,2.16,19.54,20.38,298835,-16.53,19.0,0.913
2025-04-16T03:44:04.000,9.28,3.19,2.33,19.46,20.38,298836,-16.37,19.0,0.913
2025-04-16T03:45:05.000,9.25,3.09,2.4,19.43,20.38,298837,-16.21,19.0,0.913
2025-04-16T03:46:05.000,9.19,3.14,2.4,19.43,20.38,298838,-16.05,19.0,0.913
2025-04-16T03:47:05.000,9.13,3.14,2.35,19.45,20.38,298839,-15.89,19.0,0.913
2025-04-16T03:48:05.000,9.09,3.27,2.34,19.46,20.38,298840,-15.73,18.0,0.913
2025-04-16T03:49:05.000,9.06,3.1,2.31,19.47,20.38,298841,-15.57,18.0,0.913
2025-04-16T03:50:05.000,9.0,3.16,2.25,19.5,20.38,298842,-15.41,18.0,0.913
2025-04-16T03:51:06.000,8.99,3.25,2.03,19.61,20.38,298843,-15.24,18.0,0.913
2025-04-16T03:52:06.000,8.91,2.95,2.03,19.61,20.38,298844,-15.08,18.0,0.913
2025-04-16T03:53:06.000,8.84,3.0,2.23,19.51,20.38,298845,-14.92,18.0,0.913
2025-04-16T03:54:06.000,8.87,3.16,2.43,19.42,20.38,298846,-14.75,18.0,0.912
2025-04-16T03:55:06.000,8.85,3.2,2.3,19.47,20.38,298847,-14.59,18.0,0.912
2025-04-16T03:56:06.000,8.88,3.22,2.51,19.38,20.38,298848,-14.43,18.0,0.912
2025-04-16T03:57:06.000,8.88,3.03,2.82,19.26,20.38,298849,-14.26,18.0,0.912
2025-04-16T03:58:06.000,8.89,3.14,2.97,19.2,20.38,298850,-14.1,18.0,0.912
2025-04-16T03:59:06.000,8.93,3.31,2.87,19.23,20.38,298851,-13.94,18.0,0.912
2025-04-16T04:00:06.000,9.05,3.41,2.8,19.26,20.38,298852,-13.77,17.0,0.912
2025-04-16T04:01:07.000,9.11,3.34,2.72,19.3,20.38,298853,-13.61,17.0,0.912
2025-04-16T04:02:07.000,9.21,3.54,2.69,19.31,20.38,298854,-13.44,17.0,0.912
2025-04-16T04:03:07.000,9.37,3.63,2.63,19.33,20.38,298855,-13.27,17.0,0.912
2025-04-16T04:04:07.000,9.54,3.57,2.67,19.31,20.38,298856,-13.11,17.0,0.912
2025-04-16T04:05:07.000,9.63,3.61,2.73,19.29,20.38,298857,-12.94,17.0,0.912
2025-04-16T04:06:07.000,9.7,3.43,2.75,19.28,20.38,298858,-12.78,17.0,0.912
2025-04-16T04:07:07.000,9.67,3.24,2.84,19.25,20.38,298859,-12.61,17.0,0.912
2025-04-16T04:08:07.000,9.6,3.24,3.05,19.17,20.38,298860,-12.44,17.0,0.912
2025-04-16T04:09:07.000,9.58,3.31,3.81,18.93,20.38,298861,-12.28,17.0,0.912
2025-04-16T04:10:08.000,9.63,3.33,4.4,18.77,20.38,298862,-12.11,17.0,0.912
2025-04-16T04:11:08.000,9.65,3.14,3.96,18.89,20.38,298863,-11.94,17.0,0.912
2025-04-16T04:12:08.000,9.6,3.28,3.64,18.98,20.38,298864,-11.77,16.0,0.912
2025-04-16T04:13:08.000,9.63,3.6,3.57,19.0,20.38,298865,-11.6,16.0,0.912
2025-04-16T04:14:08.000,9.73,3.77,3.05,19.17,20.38,298866,-11.44,16.0,0.912
2025-04-16T04:15:08.000,9.77,3.76,3.11,19.15,20.38,298867,-11.27,16.0,0.912
2025-04-16T04:16:08.000,9.74,3.38,3.54,19.01,20.38,298868,-11.1,16.0,0.912
2025-04-16T04:17:08.000,9.64,3.27,3.95,18.89,20.38,298869,-10.93,16.0,0.912
2025-04-16T04:18:09.000,9.48,2.96,4.14,18.84,20.38,298870,-10.76,16.0,0.912
2025-04-16T04:19:09.000,9.25,2.94,4.32,18.79,20.38,298871,-10.59,16.0,0.912
2025-04-16T04:20:09.000,9.14,3.27,4.46,18.76,20.38,298872,-10.42,16.0,0.912
2025-04-16T04:21:09.000,9.06,3.16,4.76,18.69,20.38,298873,-10.25,16.0,0.911
2025-04-16T04:22:09.000,9.0,3.45,5.13,18.61,20.38,298874,-10.08,16.0,0.911
2025-04-16T04:23:10.000,8.99,3.5,5.2,18.59,20.38,298875,-9.91,15.0,0.911
2025-04-16T04:24:10.000,8.93,3.44,5.53,18.53,20.38,298876,-9.74,15.0,0.911
2025-04-16T04:25:10.000,8.93,3.39,7.35,18.21,20.38,298877,-9.56,15.0,0.911
2025-04-16T04:26:10.000,8.96,3.29,8.0,18.12,20.38,298878,-9.39,15.0,0.911
2025-04-16T04:27:10.000,8.91,3.27,8.7,18.03,20.38,298879,-9.22,15.0,0.911
2025-04-16T04:28:10.000,8.89,3.31,9.51,17.94,20.38,298880,-9.05,15.0,0.911
2025-04-16T04:29:10.000,8.86,3.15,12.55,17.64,20.38,298881,-8.88,15.0,0.911
2025-04-16T04:30:10.000,8.81,3.15,17.8,17.26,20.38,298882,-8.71,15.0,0.911
2025-04-16T04:31:10.000,8.75,2.99,24.23,16.92,20.38,298883,-8.53,15.0,0.911
2025-04-16T04:32:11.000,8.68,3.08,28.84,16.73,20.38,298884,-8.36,15.0,0.911
2025-04-16T04:33:11.000,8.69,3.19,31.53,16.63,20.38,298885,-8.19,14.0,0.911
2025-04-16T04:34:11.000,8.74,3.23,38.54,16.42,20.38,298886,-8.01,14.0,0.911
2025-04-16T04:35:11.000,8.8,3.3,46.72,16.21,20.38,298887,-7.84,14.0,0.911
2025-04-16T04:36:11.000,8.83,3.17,61.32,15.91,20.38,298888,-7.67,14.0,0.911
2025-04-16T04:37:11.000,8.86,3.09,72.84,15.72,20.38,298889,-7.49,14.0,0.911
2025-04-16T04:38:12.000,8.93,3.38,73.08,15.72,20.38,298890,-7.32,14.0,0.911
2025-04-16T04:39:12.000,9.08,3.59,74.75,15.7,20.38,298891,-7.14,14.0,0.911
2025-04-16T04:40:12.000,9.22,3.61,86.43,15.54,20.38,298892,-6.97,14.0,0.911
2025-04-16T04:41:12.000,9.36,3.75,103.93,15.34,20.38,298893,-6.8,14.0,0.911
2025-04-16T04:42:12.000,9.46,3.7,124.54,15.14,20.38,298894,-6.62,13.0,0.911
2025-04-16T04:43:12.000,9.55,3.65,146.43,14.97,20.38,298895,-6.45,13.0,0.911
