ecsv/stars639/stars639_2024-04.ecsv
# %ECSV 1.0
# ---
# datatype:
# - {name: time, datatype: string}
# - {name: Enclosure Temperature, unit: deg_C, datatype: float64}
# - {name: Sky Temperature, unit: deg_C, datatype: float64}
# - {name: Frequency, unit: Hz, datatype: float64}
# - {name: MSAS, unit: mag / arcsec2, datatype: float64}
# - {name: ZP, datatype: float64}
# - {name: Sequence Number, datatype: int64}
# - {name: Sun Alt, unit: deg, datatype: float64}
# - {name: Moon Alt, unit: deg, datatype: float64}
# - {name: Moon Illumination, datatype: float64}
# delimiter: ','
# meta: !!omap
# - ida:
#     Data supplier: {affiliation: AAS Carballada Ager, observer: null}
#     Device type: TESS-W
#     Field of view: 17.0
#     Filters per channel: None
#     Instrument ID: stars639
#     License: ODbL 1.0 http://opendatacommons.org/licenses/odbl/summary/
#     Local timezone: Europe/Madrid
#     Location name: {country: '- AAS Carballada Ager', place: Ager, region: Spain, sub_region: Catalonia, town: Lleida}
#     Measurement direction per channel: {azimuth: 0.0, zenital: 0.0}
#     Moving / Fixed look direction: FIXED
#     Moving / Stationary position: STATIONARY
#     Number of channels: 1
#     Number of fields per line: 8
#     Number of header lines: 35
#     Position: {height: 0.0, latitude: 42.017687, longitude: 0.744085}
#     TESS MAC address: 98:F4:AB:B2:7B:28
#     TESS cover offset value: 0.0
#     TESS firmware version: '1.0'
#     TESS zero point: 20.38
#     Time Synchronization: timestamp added by MQTT subscriber
#     URL: http://www.darksky.org/NSBM/sdf1.0.pdf
# - __serialized_columns__:
#     Enclosure Temperature:
#       __class__: astropy.units.quantity.Quantity
#       unit: &id001 !astropy.units.Unit {unit: deg_C}
#       value: !astropy.table.SerializedColumn {name: Enclosure Temperature}
#     Frequency:
#       __class__: astropy.units.quantity.Quantity
#       unit: !astropy.units.Unit {unit: Hz}
#       value: !astropy.table.SerializedColumn {name: Frequency}
#     MSAS:
#       __class__: astropy.units.quantity.Quantity
#       unit: !astropy.units.Unit {unit: mag / arcsec2}
#       value: !astropy.table.SerializedColumn {name: MSAS}
#     Moon Alt:
#       __class__: astropy.units.quantity.Quantity
#       unit: &id002 !astropy.units.Unit {unit: deg}
#       value: !astropy.table.SerializedColumn {name: Moon Alt}
#     Sky Temperature:
#       __class__: astropy.units.quantity.Quantity
#       unit: *id001
#       value: !astropy.table.SerializedColumn {name: Sky Temperature}
#     Sun Alt:
#       __class__: astropy.units.quantity.Quantity
#       unit: *id002
#       value: !astropy.table.SerializedColumn {name: Sun Alt}
#     time:
#       __class__: astropy.time.core.Time
#       format: isot
#       in_subfmt: '*'
#       out_subfmt: '*'
#       precision: 3
#       scale: utc
#       value: !astropy.table.SerializedColumn {name: time}
# schema: astropy-2.0
time,Enclosure Temperature,Sky Temperature,Frequency,MSAS,ZP,Sequence Number,Sun Alt,Moon Alt,Moon Illumination
[from data line 15485]
2024-04-29T03:09:24.000,11.0,9.6,0.97,20.41,20.38,9490,-17.78,17.0,0.747
2024-04-29T03:10:24.000,11.05,9.55,1.09,20.29,20.38,9491,-17.64,17.0,0.747
2024-04-29T03:11:24.000,11.06,9.56,1.24,20.15,20.38,9492,-17.49,17.0,0.747
2024-04-29T03:12:24.000,11.11,9.58,1.25,20.14,20.38,9493,-17.35,18.0,0.747
2024-04-29T03:13:24.000,11.13,9.64,1.14,20.24,20.38,9494,-17.21,18.0,0.747
2024-04-29T03:14:25.000,11.2,9.76,1.22,20.17,20.38,9495,-17.06,18.0,0.747
2024-04-29T03:15:25.000,11.2,9.62,1.43,20.0,20.38,9496,-16.92,18.0,0.747
2024-04-29T03:16:25.000,11.15,9.31,1.55,19.9,20.38,9497,-16.77,18.0,0.747
2024-04-29T03:17:25.000,11.15,9.58,1.63,19.85,20.38,9498,-16.63,18.0,0.747
2024-04-29T03:18:25.000,11.15,9.45,1.61,19.86,20.38,9499,-16.48,18.0,0.747
2024-04-29T03:19:25.000,11.18,9.56,1.45,19.98,20.38,9500,-16.33,18.0,0.747
2024-04-29T03:20:25.000,11.2,9.51,1.29,20.11,20.38,9501,-16.19,18.0,0.747
2024-04-29T03:21:25.000,11.2,9.48,1.17,20.21,20.38,9502,-16.04,18.0,0.746
2024-04-29T03:22:25.000,11.16,9.23,1.12,20.26,20.38,9503,-15.89,18.0,0.746
2024-04-29T03:23:26.000,11.17,9.42,1.11,20.27,20.38,9504,-15.74,18.0,0.746
2024-04-29T03:24:26.000,11.17,9.15,1.13,20.25,20.38,9505,-15.59,18.0,0.746
2024-04-29T03:25:27.000,11.13,9.04,1.19,20.19,20.38,9506,-15.44,18.0,0.746
2024-04-29T03:26:27.000,11.13,8.97,1.28,20.11,20.38,9507,-15.29,18.0,0.746
2024-04-29T03:27:27.000,11.13,8.96,1.32,20.07,20.38,9508,-15.15,18.0,0.746
2024-04-29T03:28:27.000,11.13,8.63,1.34,20.06,20.38,9509,-15.0,18.0,0.746
2024-04-29T03:29:27.000,11.1,8.6,1.38,20.03,20.38,9510,-14.85,18.0,0.746
2024-04-29T03:30:27.000,11.08,8.44,1.45,19.97,20.38,9511,-14.7,18.0,0.746
2024-04-29T03:31:27.000,11.06,8.36,1.56,19.9,20.38,9512,-14.54,18.0,0.746
2024-04-29T03:32:27.000,11.05,8.36,1.67,19.82,20.38,9513,-14.39,18.0,0.746
2024-04-29T03:33:27.000,11.08,8.27,1.78,19.75,20.38,9514,-14.24,18.0,0.746
2024-04-29T03:34:28.000,11.1,8.14,1.82,19.73,20.38,9515,-14.09,18.0,0.746
2024-04-29T03:35:28.000,11.14,8.11,1.85,19.71,20.38,9516,-13.94,18.0,0.746
2024-04-29T03:36:28.000,11.17,8.2,1.99,19.63,20.38,9517,-13.78,18.0,0.745
2024-04-29T03:37:28.000,11.3,8.35,2.08,19.58,20.38,9518,-13.63,18.0,0.745
2024-04-29T03:38:28.000,11.43,8.29,2.18,19.53,20.38,9519,-13.48,18.0,0.745
2024-04-29T03:39:28.000,11.44,7.97,2.21,19.52,20.38,9520,-13.32,18.0,0.745
2024-04-29T03:40:28.000,11.38,7.71,2.11,19.57,20.38,9521,-13.17,18.0,0.745
2024-04-29T03:41:28.000,11.32,7.58,1.95,19.66,20.38,9522,-13.02,18.0,0.745
2024-04-29T03:42:28.000,11.3,7.62,1.82,19.73,20.38,9523,-12.86,18.0,0.745
2024-04-29T03:43:29.000,11.31,7.57,1.82,19.73,20.38,9524,-12.7,19.0,0.745
2024-04-29T03:44:29.000,11.32,7.41,1.92,19.67,20.38,9525,-12.55,19.0,0.745
2024-04-29T03:45:29.000,11.28,7.41,2.07,19.59,20.38,9526,-12.39,19.0,0.745
2024-04-29T03:46:29.000,11.27,7.17,2.16,19.54,20.38,9527,-12.24,19.0,0.745
2024-04-29T03:47:29.000,11.19,7.12,2.38,19.44,20.38,9528,-12.08,19.0,0.745
2024-04-29T03:48:29.000,11.13,7.13,2.65,19.32,20.38,9529,-11.92,19.0,0.745
2024-04-29T03:49:29.000,11.1,7.04,2.92,19.22,20.38,9530,-11.77,19.0,0.745
2024-04-29T03:50:29.000,11.09,7.31,3.3,19.09,20.38,9531,-11.61,19.0,0.745
2024-04-29T03:51:29.000,11.11,7.24,3.61,18.99,20.38,9532,-11.45,19.0,0.745
2024-04-29T03:52:30.000,11.11,8.13,3.75,18.95,20.38,9533,-11.29,19.0,0.744
2024-04-29T03:53:30.000,11.14,9.54,3.82,18.92,20.38,9534,-11.13,19.0,0.744
2024-04-29T03:54:30.000,11.04,9.82,4.23,18.82,20.38,9535,-10.97,19.0,0.744
2024-04-29T03:55:30.000,10.97,10.02,4.58,18.73,20.38,9536,-10.81,19.0,0.744
2024-04-29T03:56:30.000,10.97,9.96,4.9,18.66,20.38,9537,-10.65,19.0,0.744
2024-04-29T03:57:30.000,10.94,9.87,5.25,18.58,20.38,9538,-10.5,19.0,0.744
2024-04-29T03:58:30.000,10.89,9.83,5.66,18.5,20.38,9539,-10.34,19.0,0.744
2024-04-29T03:59:31.000,10.83,9.56,5.98,18.44,20.38,9540,-10.17,19.0,0.744
2024-04-29T04:00:30.000,10.78,9.8,6.27,18.39,20.38,9541,-10.01,19.0,0.744
2024-04-29T04:01:31.000,10.8,9.79,6.43,18.36,20.38,9542,-9.85,19.0,0.744
2024-04-29T04:02:31.000,10.87,10.01,6.76,18.31,20.38,9543,-9.69,19.0,0.744
2024-04-29T04:03:31.000,10.92,10.03,7.06,18.26,20.38,9544,-9.53,19.0,0.744
2024-04-29T04:04:31.000,10.99,10.23,7.48,18.19,20.38,9545,-9.37,19.0,0.744
2024-04-29T04:05:31.000,11.1,10.38,7.94,18.13,20.38,9546,-9.21,19.0,0.744
2024-04-29T04:06:31.000,11.18,10.44,8.89,18.01,20.38,9547,-9.04,19.0,0.744
2024-04-29T04:07:31.000,11.24,10.56,9.86,17.9,20.38,9548,-8.88,19.0,0.743
2024-04-29T04:08:31.000,11.31,10.56,10.92,17.79,20.38,9549,-8.72,19.0,0.743
2024-04-29T04:09:32.000,11.38,10.65,12.86,17.61,20.38,9550,-8.55,19.0,0.743
2024-04-29T04:10:32.000,11.38,10.45,14.85,17.45,20.38,9551,-8.39,19.0,0.743
2024-04-29T04:11:32.000,11.35,10.52,16.46,17.34,20.38,9552,-8.22,19.0,0.743
2024-04-29T04:12:32.000,11.38,10.56,18.71,17.2,20.38,9553,-8.06,19.0,0.743
2024-04-29T04:13:32.000,11.39,10.56,22.42,17.01,20.38,9554,-7.9,19.0,0.743
2024-04-29T04:14:32.000,11.38,10.49,29.06,16.72,20.38,9555,-7.73,19.0,0.743
2024-04-29T04:15:32.000,11.38,10.54,34.23,16.55,20.38,9556,-7.57,19.0,0.743
2024-04-29T04:16:33.000,11.37,10.49,41.77,16.33,20.38,9557,-7.4,19.0,0.743
2024-04-29T04:17:33.000,11.38,10.56,52.18,16.09,20.38,9558,-7.23,19.0,0.743
2024-04-29T04:18:33.000,11.43,10.72,71.93,15.74,20.38,9559,-7.07,19.0,0.743
2024-04-29T04:19:33.000,11.51,10.83,93.02,15.46,20.38,9560,-6.9,19.0,0.743
2024-04-29T04:20:33.000,11.46,10.56,115.98,15.22,20.38,9561,-6.74,19.0,0.743
2024-04-29T04:21:33.000,11.48,10.68,147.89,14.96,20.38,9562,-6.57,19.0,0.743
2024-04-29T04:22:34.000,11.43,10.36,190.64,14.68,20.38,9563,-6.4,19.0,0.742
2024-04-29T04:23:34.000,11.32,10.39,233.64,14.46,20.38,9564,-6.23,19.0,0.742
2024-04-29T04:24:35.000,11.37,10.62,276.64,14.28,20.38,9565,-6.06,19.0,0.742
2024-04-29T04:25:38.000,11.42,10.68,331.21,14.08,20.38,9566,-5.89,19.0,0.742
2024-04-29T04:27:58.000,11.41,10.59,505.5,13.62,20.38,9568,-5.5,19.0,0.742
2024-04-29T04:28:58.000,11.41,10.57,628.11,13.39,20.38,9569,-5.33,19.0,0.742
2024-04-29T04:29:59.000,11.38,10.48,789.69,13.14,20.38,9570,-5.16,19.0,0.742
2024-04-29T04:30:59.000,11.36,10.56,994.2,12.89,20.38,9571,-4.99,19.0,0.742
2024-04-29T04:32:00.000,11.38,10.64,1207.62,12.68,20.38,9572,-4.82,19.0,0.742
2024-04-29T04:33:00.000,11.32,10.24,1497.04,12.44,20.38,9573,-4.65,19.0,0.742
2024-04-29T04:34:01.000,11.25,10.39,1850.07,12.21,20.38,9574,-4.48,19.0,0.742
2024-04-29T04:35:01.000,11.21,10.23,2355.18,11.95,20.38,9575,-4.31,19.0,0.742
2024-04-29T04:36:01.000,11.15,10.23,3094.33,11.66,20.38,9576,-4.14,19.0,0.742
2024-04-29T04:37:02.000,11.09,10.07,4283.44,11.31,20.38,9577,-3.96,19.0,0.742
2024-04-29T04:38:02.000,11.03,10.11,5964.2,10.95,20.38,9578,-3.79,19.0,0.741
2024-04-29T04:39:03.000,10.99,10.01,7755.1,10.66,20.38,9579,-3.62,19.0,0.741
2024-04-29T04:40:02.000,10.98,10.2,9287.76,10.46,20.38,9580,-3.45,19.0,0.741
2024-04-29T04:41:03.000,10.95,9.95,10574.33,10.32,20.38,9581,-3.28,19.0,0.741
2024-04-29T04:42:03.000,10.93,9.97,12465.91,10.14,20.38,9582,-3.11,19.0,0.741
2024-04-29T04:43:04.000,10.9,9.99,15147.8,9.93,20.38,9583,-2.93,19.0,0.741
2024-04-29T04:45:24.000,10.94,10.03,21972.48,9.53,20.38,9585,-2.53,18.0,0.741
2024-04-29T04:46:24.000,10.96,10.15,25410.84,9.44,20.38,9586,-2.36,18.0,0.741
2024-04-29T04:47:25.000,10.99,10.24,29967.58,9.19,20.38,9587,-2.18,18.0,0.741
2024-04-29T04:48:25.000,11.06,10.33,34739.56,9.1,20.38,9588,-2.01,18.0,0.741
2024-04-29T04:49:25.000,11.1,10.25,41567.07,8.83,20.38,9589,-1.84,18.0,0.741
2024-04-29T04:50:26.000,11.09,10.26,47912.91,8.68,20.38,9590,-1.66,18.0,0.741
2024-04-29T04:51:26.000,11.14,10.28,53624.22,8.56,20.38,9591,-1.49,18.0,0.741
2024-04-29T04:52:27.000,11.13,10.26,57488.87,8.48,20.38,9592,-1.31,18.0,0.741
2024-04-29T04:53:27.000,11.19,10.55,62201.22,8.4,20.38,9593,-1.14,18.0,0.74
2024-04-29T04:54:28.000,11.26,10.53,50000.0,0.0,20.38,9594,-0.96,18.0,0.74
2024-04-29T04:55:28.000,11.24,10.38,50000.0,0.0,20.38,9595,-0.79,18.0,0.74
2024-04-29T04:56:29.000,11.32,10.66,50000.0,0.0,20.38,9596,-0.61,18.0,0.74
2024-04-29T05:24:34.000,11.24,10.37,50000.0,0.0,20.38,9624,4.35,17.0,0.738
2024-04-29T05:25:35.000,11.17,10.22,50000.0,0.0,20.38,9625,4.53,17.0,0.738
2024-04-29T05:26:35.000,11.15,10.23,50000.0,0.0,20.38,9626,4.71,17.0,0.738
2024-04-29T05:27:35.000,11.13,10.22,49714.55,0.09,20.38,9627,4.89,17.0,0.738
2024-04-29T05:28:35.000,11.16,10.42,50000.0,0.0,20.38,9628,5.07,17.0,0.738
2024-04-29T05:29:35.000,11.21,10.46,50000.0,0.0,20.38,9629,5.25,17.0,0.738
2024-04-29T05:30:36.000,11.25,10.54,49725.45,0.09,20.38,9630,5.43,17.0,0.738
2024-04-29T05:31:36.000,11.32,10.57,50000.0,0.0,20.38,9631,5.61,17.0,0.738
2024-04-29T05:32:36.000,11.31,10.41,50000.0,0.0,20.38,9632,5.79,17.0,0.738
2024-04-29T05:33:36.000,11.3,10.46,50000.0,0.0,20.38,9633,5.97,17.0,0.738
2024-04-29T05:37:37.000,11.4,10.71,50000.0,0.0,20.38,9637,6.69,16.0,0.738
2024-04-29T05:38:37.000,11.47,10.71,50000.0,0.0,20.38,9638,6.87,16.0,0.738
2024-04-29T05:39:37.000,11.47,10.62,50000.0,0.0,20.38,9639,7.06,16.0,0.737
2024-04-29T05:40:38.000,11.54,10.75,49719.3,0.09,20.38,9640,7.24,16.0,0.737
2024-04-29T05:41:38.000,11.51,10.61,50000.0,0.0,20.38,9641,7.42,16.0,0.737
2024-04-29T05:42:38.000,11.51,10.69,50000.0,0.0,20.38,9642,7.6,16.0,0.737
2024-04-29T05:43:38.000,11.56,10.89,50000.0,0.0,20.38,9643,7.78,16.0,0.737
2024-04-29T06:59:48.000,11.65,10.93,50000.0,0.0,20.38,9719,21.82,10.0,0.732
2024-04-29T07:00:48.000,11.67,10.96,50000.0,0.0,20.38,9720,22.01,10.0,0.732
2024-04-29T07:01:48.000,11.77,11.26,50000.0,0.0,20.38,9721,22.19,10.0,0.732
2024-04-29T07:03:53.000,11.93,11.36,50000.0,0.0,20.38,9723,22.58,9.0,0.732
2024-04-29T07:04:54.000,11.92,11.1,50000.0,0.0,20.38,9724,22.77,9.0,0.732
2024-04-29T07:05:54.000,11.9,11.16,50000.0,0.0,20.38,9725,22.96,9.0,0.732
2024-04-29T11:21:26.000,13.35,12.77,50000.0,0.0,20.38,9980,61.77,-28.0,0.715
2024-04-29T11:22:26.000,13.35,12.88,50000.0,0.0,20.38,9981,61.82,-28.0,0.715
2024-04-29T11:23:27.000,13.36,12.83,50000.0,0.0,20.38,9982,61.88,-29.0,0.715
2024-04-29T11:25:32.000,13.35,12.74,50000.0,0.0,20.38,9984,61.98,-29.0,0.714
2024-04-29T11:26:32.000,13.25,12.5,50000.0,0.0,20.38,9985,62.03,-29.0,0.714
2024-04-29T11:27:32.000,13.32,13.05,50000.0,0.0,20.38,9986,62.07,-29.0,0.714
2024-04-29T15:05:03.000,12.96,12.31,50000.0,0.0,20.38,10203,40.84,-67.0,0.699
2024-04-29T15:06:03.000,13.01,12.36,50000.0,0.0,20.38,10204,40.66,-67.0,0.699
2024-04-29T15:07:03.000,12.92,11.91,50000.0,0.0,20.38,10205,40.49,-67.0,0.699
2024-04-29T15:09:23.000,12.71,11.94,50000.0,0.0,20.38,10207,40.08,-67.0,0.699
2024-04-29T15:10:23.000,12.77,12.21,50000.0,0.0,20.38,10208,39.9,-67.0,0.699
2024-04-29T15:11:23.000,12.76,11.85,50000.0,0.0,20.38,10209,39.72,-68.0,0.699
2024-04-29T17:50:44.000,11.16,10.28,50000.0,0.0,20.38,10368,10.47,-70.0,0.688
2024-04-29T17:51:44.000,11.18,10.38,50000.0,0.0,20.38,10369,10.29,-70.0,0.688
2024-04-29T17:52:44.000,11.19,10.39,50000.0,0.0,20.38,10370,10.11,-70.0,0.688
2024-04-29T17:53:45.000,11.2,10.27,49717.72,0.09,20.38,10371,9.92,-70.0,0.688
2024-04-29T17:54:45.000,11.1,9.67,50000.0,0.0,20.38,10372,9.74,-70.0,0.688
2024-04-29T17:55:45.000,11.06,9.77,50000.0,0.0,20.38,10373,9.56,-70.0,0.688
2024-04-29T17:56:45.000,10.92,9.68,50000.0,0.0,20.38,10374,9.38,-70.0,0.688
2024-04-29T17:57:45.000,10.91,9.96,50000.0,0.0,20.38,10375,9.2,-70.0,0.687
2024-04-29T17:58:45.000,10.91,10.01,50000.0,0.0,20.38,10376,9.01,-69.0,0.687
2024-04-29T17:59:45.000,10.9,10.01,50000.0,0.0,20.38,10377,8.83,-69.0,0.687
2024-04-29T18:00:46.000,10.87,9.96,49714.55,0.09,20.38,10378,8.65,-69.0,0.687
2024-04-29T18:01:46.000,10.89,10.0,50000.0,0.0,20.38,10379,8.47,-69.0,0.687
2024-04-29T18:02:46.000,10.74,9.65,50000.0,0.0,20.38,10380,8.29,-69.0,0.687
2024-04-29T18:03:46.000,10.64,9.2,50000.0,0.0,20.38,10381,8.1,-69.0,0.687
2024-04-29T18:08:47.000,10.52,9.65,50000.0,0.0,20.38,10386,7.2,-68.0,0.687
2024-04-29T18:09:47.000,10.57,9.83,50000.0,0.0,20.38,10387,7.02,-68.0,0.687
2024-04-29T18:10:47.000,10.62,9.76,50000.0,0.0,20.38,10388,6.84,-68.0,0.687
2024-04-29T18:11:47.000,10.61,9.73,49725.54,0.09,20.38,10389,6.66,-68.0,0.687
2024-04-29T18:12:47.000,10.64,9.82,50000.0,0.0,20.38,10390,6.48,-67.0,0.686
2024-04-29T18:13:47.000,10.67,9.8,50000.0,0.0,20.38,10391,6.3,-67.0,0.686
2024-04-29T18:14:47.000,10.62,9.5,50000.0,0.0,20.38,10392,6.12,-67.0,0.686
2024-04-29T18:35:50.000,10.8,9.93,50000.0,0.0,20.38,10413,2.36,-64.0,0.685
2024-04-29T18:36:51.000,10.79,9.94,50000.0,0.0,20.38,10414,2.18,-64.0,0.685
2024-04-29T18:37:51.000,10.74,9.79,50000.0,0.0,20.38,10415,2.01,-63.0,0.685
2024-04-29T18:38:51.000,10.7,9.81,49444.83,0.18,20.38,10416,1.83,-63.0,0.685
2024-04-29T18:39:51.000,10.77,10.12,50000.0,0.0,20.38,10417,1.66,-63.0,0.685
2024-04-29T18:40:52.000,10.84,10.09,50000.0,0.0,20.38,10418,1.48,-63.0,0.684
2024-04-29T18:41:52.000,10.79,9.8,50000.0,0.0,20.38,10419,1.3,-63.0,0.684
2024-04-29T18:44:53.000,10.7,9.84,50000.0,0.0,20.38,10422,0.77,-62.0,0.684
2024-04-29T18:45:54.000,10.7,9.8,50000.0,0.0,20.38,10423,0.59,-62.0,0.684
2024-04-29T18:46:54.000,10.67,9.81,50000.0,0.0,20.38,10424,0.42,-62.0,0.684
2024-04-29T18:47:55.000,10.72,10.03,58192.51,6.36,20.38,10425,0.24,-62.0,0.684
2024-04-29T18:48:55.000,10.73,9.86,54262.18,8.54,20.38,10426,0.07,-62.0,0.684
2024-04-29T18:49:55.000,10.73,9.94,50521.89,8.62,20.38,10427,-0.11,-61.0,0.684
2024-04-29T18:50:56.000,10.8,10.13,46481.45,8.71,20.38,10428,-0.28,-61.0,0.684
2024-04-29T18:51:56.000,10.85,10.16,48745.78,8.66,20.38,10429,-0.46,-61.0,0.684
2024-04-29T18:52:57.000,10.88,10.09,47303.38,8.69,20.38,10430,-0.63,-61.0,0.684
2024-04-29T18:53:57.000,10.85,9.91,43046.62,8.8,20.38,10431,-0.81,-61.0,0.684
2024-04-29T18:54:57.000,10.79,9.89,39313.04,8.89,20.38,10432,-0.98,-61.0,0.683
2024-04-29T18:55:58.000,10.77,9.79,36970.46,8.96,20.38,10433,-1.16,-60.0,0.683
2024-04-29T18:56:58.000,10.73,9.81,33526.52,9.15,20.38,10434,-1.33,-60.0,0.683
2024-04-29T18:57:59.000,10.67,9.67,29872.78,9.19,20.38,10435,-1.51,-60.0,0.683
2024-04-29T18:58:59.000,10.57,9.56,25879.45,9.75,20.38,10436,-1.68,-60.0,0.683
2024-04-29T18:59:59.000,10.49,9.55,25922.45,9.48,20.38,10437,-1.85,-60.0,0.683
2024-04-29T19:01:00.000,10.47,9.65,26028.7,9.34,20.38,10438,-2.03,-60.0,0.683
2024-04-29T19:02:00.000,10.51,9.77,25330.09,9.37,20.38,10439,-2.2,-59.0,0.683
2024-04-29T19:03:01.000,10.57,9.86,22041.29,9.53,20.38,10440,-2.37,-59.0,0.683
2024-04-29T19:04:01.000,10.65,9.94,16902.98,9.81,20.38,10441,-2.54,-59.0,0.683
2024-04-29T19:05:02.000,10.66,9.83,11283.16,10.26,20.38,10442,-2.72,-59.0,0.683
2024-04-29T19:06:02.000,10.67,9.86,7015.56,10.77,20.38,10443,-2.89,-59.0,0.683
2024-04-29T19:07:02.000,10.63,9.67,4987.12,11.14,20.38,10444,-3.06,-59.0,0.683
2024-04-29T19:08:02.000,10.58,9.65,3937.02,11.39,20.38,10445,-3.23,-58.0,0.683
2024-04-29T19:09:03.000,10.51,9.59,3429.62,11.54,20.38,10446,-3.4,-58.0,0.682
2024-04-29T19:10:03.000,10.5,9.62,3052.22,11.67,20.38,10447,-3.57,-58.0,0.682
2024-04-29T19:11:04.000,10.43,9.44,2972.24,11.7,20.38,10448,-3.75,-58.0,0.682
2024-04-29T19:12:04.000,10.4,9.5,2370.78,11.95,20.38,10449,-3.92,-58.0,0.682
2024-04-29T19:13:05.000,10.42,9.59,1818.02,12.24,20.38,10450,-4.09,-58.0,0.682
2024-04-29T19:14:05.000,10.44,9.72,1332.71,12.57,20.38,10451,-4.26,-57.0,0.682
2024-04-29T19:15:06.000,10.49,9.69,985.02,12.91,20.38,10452,-4.43,-57.0,0.682
2024-04-29T19:16:06.000,10.5,9.74,550.56,13.55,20.38,10453,-4.6,-57.0,0.682
2024-04-29T19:17:06.000,10.61,10.0,555.24,13.52,20.38,10454,-4.77,-57.0,0.682
2024-04-29T19:18:07.000,10.71,10.12,384.18,13.93,20.38,10455,-4.94,-57.0,0.682
2024-04-29T19:19:07.000,10.82,10.23,361.04,13.99,20.38,10456,-5.11,-57.0,0.682
2024-04-29T19:20:08.000,10.84,9.94,293.24,14.21,20.38,10457,-5.28,-56.0,0.682
2024-04-29T19:21:08.000,10.78,9.96,310.13,14.16,20.38,10458,-5.44,-56.0,0.682
2024-04-29T19:22:08.000,10.85,10.08,271.08,14.31,20.38,10459,-5.61,-56.0,0.682
2024-04-29T19:23:09.000,10.8,9.75,171.87,14.8,20.38,10460,-5.78,-56.0,0.682
2024-04-29T19:24:08.000,10.74,9.67,97.84,15.42,20.38,10461,-5.95,-56.0,0.681
2024-04-29T19:25:09.000,10.66,9.42,85.53,15.55,20.38,10462,-6.11,-56.0,0.681
