ecsv/stars639/stars639_2024-04.ecsv
# %ECSV 1.0
# ---
# datatype:
# - {name: time, datatype: string}
# - {name: Enclosure Temperature, unit: deg_C, datatype: float64}
# - {name: Sky Temperature, unit: deg_C, datatype: float64}
# - {name: Frequency, unit: Hz, datatype: float64}
# - {name: MSAS, unit: mag / arcsec2, datatype: float64}
# - {name: ZP, datatype: float64}
# - {name: Sequence Number, datatype: int64}
# - {name: Sun Alt, unit: deg, datatype: float64}
# - {name: Moon Alt, unit: deg, datatype: float64}
# - {name: Moon Illumination, datatype: float64}
# delimiter: ','
# meta: !!omap
# - ida:
#     Data supplier: {affiliation: AAS Carballada Ager, observer: null}
#     Device type: TESS-W
#     Field of view: 17.0
#     Filters per channel: None
#     Instrument ID: stars639
#     License: ODbL 1.0 http://opendatacommons.org/licenses/odbl/summary/
#     Local timezone: Europe/Madrid
#     Location name: {country: '- AAS Carballada Ager', place: Ager, region: Spain, sub_region: Catalonia, town: Lleida}
#     Measurement direction per channel: {azimuth: 0.0, zenital: 0.0}
#     Moving / Fixed look direction: FIXED
#     Moving / Stationary position: STATIONARY
#     Number of channels: 1
#     Number of fields per line: 8
#     Number of header lines: 35
#     Position: {height: 0.0, latitude: 42.017687, longitude: 0.744085}
#     TESS MAC address: 98:F4:AB:B2:7B:28
#     TESS cover offset value: 0.0
#     TESS firmware version: '1.0'
#     TESS zero point: 20.38
#     Time Synchronization: timestamp added by MQTT subscriber
#     URL: http://www.darksky.org/NSBM/sdf1.0.pdf
# - __serialized_columns__:
#     Enclosure Temperature:
#       __class__: astropy.units.quantity.Quantity
#       unit: &id001 !astropy.units.Unit {unit: deg_C}
#       value: !astropy.table.SerializedColumn {name: Enclosure Temperature}
#     Frequency:
#       __class__: astropy.units.quantity.Quantity
#       unit: !astropy.units.Unit {unit: Hz}
#       value: !astropy.table.SerializedColumn {name: Frequency}
#     MSAS:
#       __class__: astropy.units.quantity.Quantity
#       unit: !astropy.units.Unit {unit: mag / arcsec2}
#       value: !astropy.table.SerializedColumn {name: MSAS}
#     Moon Alt:
#       __class__: astropy.units.quantity.Quantity
#       unit: &id002 !astropy.units.Unit {unit: deg}
#       value: !astropy.table.SerializedColumn {name: Moon Alt}
#     Sky Temperature:
#       __class__: astropy.units.quantity.Quantity
#       unit: *id001
#       value: !astropy.table.SerializedColumn {name: Sky Temperature}
#     Sun Alt:
#       __class__: astropy.units.quantity.Quantity
#       unit: *id002
#       value: !astropy.table.SerializedColumn {name: Sun Alt}
#     time:
#       __class__: astropy.time.core.Time
#       format: isot
#       in_subfmt: '*'
#       out_subfmt: '*'
#       precision: 3
#       scale: utc
#       value: !astropy.table.SerializedColumn {name: time}
# schema: astropy-2.0
time,Enclosure Temperature,Sky Temperature,Frequency,MSAS,ZP,Sequence Number,Sun Alt,Moon Alt,Moon Illumination
[from data line 5653]
2024-04-09T02:40:01.000,9.5,-22.05,0.33,21.57,20.38,7956,-28.1,-29.0,0.002
2024-04-09T02:41:02.000,9.46,-22.54,0.33,21.57,20.38,7957,-27.96,-29.0,0.002
2024-04-09T02:42:02.000,9.4,-22.93,0.33,21.57,20.38,7958,-27.83,-29.0,0.002
2024-04-09T02:43:02.000,9.33,-23.11,0.33,21.57,20.38,7959,-27.69,-29.0,0.002
2024-04-09T02:44:02.000,9.35,-22.84,0.33,21.57,20.38,7960,-27.55,-28.0,0.002
2024-04-09T02:45:02.000,9.38,-23.06,0.33,21.57,20.38,7961,-27.42,-28.0,0.002
2024-04-09T02:46:02.000,9.34,-22.93,0.33,21.57,20.38,7962,-27.28,-28.0,0.002
2024-04-09T02:47:02.000,9.45,-22.44,0.33,21.57,20.38,7963,-27.14,-28.0,0.002
2024-04-09T02:48:03.000,9.51,-22.45,0.33,21.57,20.38,7964,-27.0,-28.0,0.002
2024-04-09T02:49:03.000,9.49,-22.74,0.33,21.57,20.38,7965,-26.86,-28.0,0.002
2024-04-09T02:50:03.000,9.47,-22.98,0.33,21.57,20.38,7966,-26.72,-28.0,0.002
2024-04-09T02:51:03.000,9.43,-23.28,0.33,21.57,20.38,7967,-26.58,-28.0,0.002
2024-04-09T02:52:03.000,9.4,-23.42,0.33,21.57,20.38,7968,-26.44,-27.0,0.002
2024-04-09T02:54:08.000,9.39,-23.53,0.34,21.57,20.38,7970,-26.14,-27.0,0.002
2024-04-09T02:55:09.000,9.32,-23.76,0.34,21.56,20.38,7971,-26.0,-27.0,0.002
2024-04-09T02:56:08.000,9.13,-23.82,0.34,21.56,20.38,7972,-25.86,-27.0,0.002
2024-04-09T02:57:09.000,9.05,-24.01,0.34,21.56,20.38,7973,-25.71,-27.0,0.002
2024-04-09T02:58:09.000,8.95,-23.9,0.34,21.56,20.38,7974,-25.57,-27.0,0.002
2024-04-09T02:59:09.000,8.89,-23.86,0.34,21.56,20.38,7975,-25.42,-27.0,0.002
2024-04-09T03:00:09.000,8.82,-23.86,0.34,21.55,20.38,7976,-25.28,-26.0,0.002
2024-04-09T03:01:09.000,8.81,-23.92,0.34,21.55,20.38,7977,-25.13,-26.0,0.002
2024-04-09T03:02:09.000,8.76,-23.76,0.34,21.55,20.38,7978,-24.98,-26.0,0.002
2024-04-09T03:03:09.000,8.84,-23.45,0.34,21.55,20.38,7979,-24.84,-26.0,0.002
2024-04-09T03:04:09.000,8.87,-23.68,0.34,21.55,20.38,7980,-24.69,-26.0,0.002
2024-04-09T03:05:09.000,8.87,-23.69,0.34,21.55,20.38,7981,-24.54,-26.0,0.002
2024-04-09T03:06:09.000,8.88,-23.48,0.34,21.54,20.38,7982,-24.4,-26.0,0.002
2024-04-09T03:07:09.000,8.96,-23.3,0.34,21.54,20.38,7983,-24.25,-26.0,0.002
2024-04-09T03:08:10.000,8.99,-23.47,0.35,21.53,20.38,7984,-24.1,-25.0,0.002
2024-04-09T03:09:10.000,8.9,-23.81,0.35,21.53,20.38,7985,-23.95,-25.0,0.002
2024-04-09T03:10:10.000,8.89,-23.63,0.35,21.53,20.38,7986,-23.8,-25.0,0.002
2024-04-09T03:11:10.000,8.86,-23.51,0.35,21.52,20.38,7987,-23.65,-25.0,0.002
2024-04-09T03:12:10.000,8.93,-23.31,0.35,21.52,20.38,7988,-23.5,-25.0,0.002
2024-04-09T03:13:10.000,9.01,-23.41,0.35,21.51,20.38,7989,-23.35,-25.0,0.002
2024-04-09T03:14:10.000,8.95,-23.73,0.35,21.51,20.38,7990,-23.2,-25.0,0.002
2024-04-09T03:15:10.000,8.9,-23.81,0.36,21.5,20.38,7991,-23.05,-24.0,0.002
2024-04-09T03:16:10.000,8.94,-23.45,0.36,21.5,20.38,7992,-22.9,-24.0,0.002
2024-04-09T03:17:10.000,8.97,-23.57,0.36,21.49,20.38,7993,-22.74,-24.0,0.002
2024-04-09T03:18:10.000,9.0,-23.48,0.36,21.49,20.38,7994,-22.59,-24.0,0.002
2024-04-09T03:19:11.000,8.97,-23.7,0.36,21.48,20.38,7995,-22.44,-24.0,0.002
2024-04-09T03:20:11.000,8.94,-23.62,0.36,21.48,20.38,7996,-22.28,-24.0,0.002
2024-04-09T03:21:11.000,8.97,-23.48,0.36,21.47,20.38,7997,-22.13,-24.0,0.002
2024-04-09T03:22:11.000,9.04,-23.44,0.37,21.47,20.38,7998,-21.97,-23.0,0.002
2024-04-09T03:23:11.000,9.04,-23.66,0.37,21.47,20.38,7999,-21.82,-23.0,0.002
2024-04-09T03:24:11.000,9.04,-23.77,0.37,21.47,20.38,8000,-21.67,-23.0,0.002
2024-04-09T03:25:11.000,8.98,-23.89,0.37,21.46,20.38,8001,-21.51,-23.0,0.002
2024-04-09T03:26:11.000,8.93,-23.96,0.37,21.46,20.38,8002,-21.35,-23.0,0.002
2024-04-09T03:27:11.000,9.01,-23.6,0.37,21.46,20.38,8003,-21.2,-23.0,0.002
2024-04-09T03:28:11.000,9.03,-23.74,0.37,21.45,20.38,8004,-21.04,-23.0,0.002
2024-04-09T03:29:11.000,9.08,-23.72,0.37,21.45,20.38,8005,-20.89,-22.0,0.002
2024-04-09T03:30:12.000,9.1,-23.72,0.37,21.45,20.38,8006,-20.73,-22.0,0.002
2024-04-09T03:31:12.000,9.04,-23.94,0.38,21.44,20.38,8007,-20.57,-22.0,0.002
2024-04-09T03:32:12.000,9.07,-23.78,0.38,21.44,20.38,8008,-20.41,-22.0,0.002
2024-04-09T03:33:12.000,9.06,-23.76,0.38,21.44,20.38,8009,-20.25,-22.0,0.002
2024-04-09T03:34:12.000,8.99,-23.78,0.38,21.44,20.38,8010,-20.09,-22.0,0.002
2024-04-09T03:35:12.000,9.08,-23.5,0.38,21.43,20.38,8011,-19.94,-22.0,0.002
2024-04-09T03:36:12.000,9.13,-23.5,0.38,21.43,20.38,8012,-19.78,-21.0,0.002
2024-04-09T03:37:12.000,9.12,-23.78,0.38,21.43,20.38,8013,-19.62,-21.0,0.002
2024-04-09T03:38:12.000,9.11,-23.67,0.38,21.43,20.38,8014,-19.46,-21.0,0.002
2024-04-09T03:39:12.000,9.03,-23.77,0.38,21.42,20.38,8015,-19.3,-21.0,0.002
2024-04-09T03:40:12.000,9.05,-23.46,0.38,21.42,20.38,8016,-19.14,-21.0,0.002
2024-04-09T03:41:13.000,9.1,-23.24,0.38,21.42,20.38,8017,-18.97,-21.0,0.002
2024-04-09T03:42:13.000,9.16,-23.25,0.38,21.42,20.38,8018,-18.81,-21.0,0.002
2024-04-09T03:43:13.000,9.23,-23.04,0.39,21.41,20.38,8019,-18.65,-20.0,0.002
2024-04-09T03:44:13.000,9.33,-22.9,0.39,21.41,20.38,8020,-18.49,-20.0,0.002
2024-04-09T03:45:15.000,9.4,-23.12,0.39,21.4,20.38,8021,-18.32,-20.0,0.002
2024-04-09T03:46:14.000,9.28,-23.3,0.39,21.4,20.38,8022,-18.16,-20.0,0.002
2024-04-09T03:47:15.000,9.24,-23.35,0.39,21.4,20.38,8023,-18.0,-20.0,0.002
2024-04-09T03:48:14.000,9.15,-23.28,0.39,21.39,20.38,8024,-17.84,-20.0,0.002
2024-04-09T03:49:15.000,9.11,-23.4,0.4,21.39,20.38,8025,-17.67,-19.0,0.002
2024-04-09T03:50:15.000,9.07,-23.1,0.4,21.38,20.38,8026,-17.51,-19.0,0.002
2024-04-09T03:51:15.000,9.02,-23.36,0.4,21.38,20.38,8027,-17.34,-19.0,0.002
2024-04-09T03:52:15.000,9.07,-22.92,0.4,21.37,20.38,8028,-17.18,-19.0,0.002
2024-04-09T03:53:16.000,9.03,-23.46,0.4,21.37,20.38,8029,-17.01,-19.0,0.002
2024-04-09T03:54:16.000,9.04,-23.04,0.41,21.36,20.38,8030,-16.85,-19.0,0.002
2024-04-09T03:55:16.000,9.09,-23.18,0.41,21.35,20.38,8031,-16.68,-19.0,0.002
2024-04-09T03:56:16.000,8.93,-23.59,0.41,21.35,20.38,8032,-16.52,-18.0,0.002
2024-04-09T03:57:16.000,8.83,-23.47,0.41,21.34,20.38,8033,-16.35,-18.0,0.002
2024-04-09T03:58:16.000,8.77,-23.38,0.42,21.33,20.38,8034,-16.18,-18.0,0.002
2024-04-09T03:59:17.000,8.75,-23.32,0.42,21.31,20.38,8035,-16.02,-18.0,0.002
2024-04-09T04:00:17.000,8.69,-23.42,0.43,21.3,20.38,8036,-15.85,-18.0,0.002
2024-04-09T04:01:17.000,8.64,-23.21,0.43,21.29,20.38,8037,-15.68,-18.0,0.002
2024-04-09T04:02:17.000,8.66,-23.28,0.44,21.27,20.38,8038,-15.52,-17.0,0.002
2024-04-09T04:03:17.000,8.69,-23.26,0.45,21.26,20.38,8039,-15.35,-17.0,0.003
2024-04-09T04:04:17.000,8.74,-23.42,0.45,21.24,20.38,8040,-15.18,-17.0,0.003
2024-04-09T04:05:17.000,8.73,-23.42,0.46,21.22,20.38,8041,-15.01,-17.0,0.003
2024-04-09T04:06:17.000,8.67,-23.71,0.47,21.19,20.38,8042,-14.84,-17.0,0.003
2024-04-09T04:07:17.000,8.61,-23.76,0.49,21.17,20.38,8043,-14.68,-17.0,0.003
2024-04-09T04:08:18.000,8.55,-23.61,0.5,21.14,20.38,8044,-14.5,-17.0,0.003
2024-04-09T04:09:18.000,8.57,-23.59,0.51,21.1,20.38,8045,-14.34,-16.0,0.003
2024-04-09T04:10:18.000,8.52,-23.64,0.53,21.06,20.38,8046,-14.17,-16.0,0.003
2024-04-09T04:11:18.000,8.47,-23.68,0.55,21.02,20.38,8047,-14.0,-16.0,0.003
2024-04-09T04:12:18.000,8.5,-23.47,0.58,20.97,20.38,8048,-13.83,-16.0,0.003
2024-04-09T04:13:18.000,8.5,-23.47,0.61,20.91,20.38,8049,-13.66,-16.0,0.003
2024-04-09T04:14:18.000,8.54,-23.45,0.65,20.86,20.38,8050,-13.49,-16.0,0.003
2024-04-09T04:15:18.000,8.49,-23.78,0.69,20.79,20.38,8051,-13.32,-15.0,0.003
2024-04-09T04:16:18.000,8.56,-23.28,0.74,20.71,20.38,8052,-13.15,-15.0,0.003
2024-04-09T04:17:19.000,8.56,-23.54,0.79,20.63,20.38,8053,-12.97,-15.0,0.003
2024-04-09T04:18:19.000,8.55,-23.45,0.86,20.55,20.38,8054,-12.8,-15.0,0.003
2024-04-09T04:19:19.000,8.58,-23.26,0.93,20.45,20.38,8055,-12.63,-15.0,0.003
2024-04-09T04:20:19.000,8.71,-23.13,1.03,20.35,20.38,8056,-12.46,-15.0,0.003
2024-04-09T04:21:19.000,8.63,-23.64,1.17,20.21,20.38,8057,-12.29,-14.0,0.003
2024-04-09T04:22:19.000,8.57,-23.43,1.26,20.13,20.38,8058,-12.12,-14.0,0.003
2024-04-09T04:23:19.000,8.53,-23.68,1.39,20.02,20.38,8059,-11.94,-14.0,0.003
2024-04-09T04:24:19.000,8.4,-23.45,1.56,19.9,20.38,8060,-11.77,-14.0,0.003
2024-04-09T04:25:20.000,8.42,-23.46,1.76,19.77,20.38,8061,-11.6,-14.0,0.003
2024-04-09T04:26:20.000,8.51,-23.15,2.0,19.63,20.38,8062,-11.42,-14.0,0.003
2024-04-09T04:27:20.000,8.61,-23.05,2.3,19.48,20.38,8063,-11.25,-14.0,0.003
2024-04-09T04:28:20.000,8.67,-23.19,2.63,19.33,20.38,8064,-11.08,-13.0,0.003
2024-04-09T04:29:20.000,8.71,-23.16,2.9,19.23,20.38,8065,-10.9,-13.0,0.003
2024-04-09T04:30:20.000,8.79,-23.24,3.31,19.08,20.38,8066,-10.73,-13.0,0.003
2024-04-09T04:31:20.000,8.87,-23.07,3.81,18.93,20.38,8067,-10.56,-13.0,0.003
2024-04-09T04:32:20.000,9.01,-23.0,4.37,18.78,20.38,8068,-10.38,-13.0,0.003
2024-04-09T04:33:21.000,9.11,-23.05,5.05,18.62,20.38,8069,-10.2,-13.0,0.003
2024-04-09T04:34:21.000,9.14,-23.51,5.83,18.47,20.38,8070,-10.03,-12.0,0.003
2024-04-09T04:35:21.000,9.01,-23.51,6.74,18.31,20.38,8071,-9.85,-12.0,0.003
2024-04-09T04:36:21.000,9.12,-23.19,7.86,18.14,20.38,8072,-9.68,-12.0,0.003
2024-04-09T04:37:21.000,9.12,-23.29,9.14,17.98,20.38,8073,-9.5,-12.0,0.003
2024-04-09T04:38:21.000,9.18,-23.24,10.75,17.8,20.38,8074,-9.33,-12.0,0.003
2024-04-09T04:39:21.000,9.23,-23.33,12.64,17.63,20.38,8075,-9.15,-12.0,0.003
2024-04-09T04:40:21.000,9.24,-23.55,14.86,17.45,20.38,8076,-8.98,-11.0,0.003
2024-04-09T04:41:21.000,9.17,-23.62,17.67,17.26,20.38,8077,-8.8,-11.0,0.003
2024-04-09T04:42:21.000,9.19,-23.65,20.99,17.08,20.38,8078,-8.63,-11.0,0.003
2024-04-09T04:43:22.000,9.2,-23.5,25.13,16.88,20.38,8079,-8.45,-11.0,0.003
2024-04-09T04:44:22.000,9.27,-23.23,30.57,16.67,20.38,8080,-8.27,-11.0,0.003
2024-04-09T04:45:22.000,9.36,-23.41,37.11,16.46,20.38,8081,-8.09,-11.0,0.003
2024-04-09T04:46:22.000,9.32,-23.65,44.84,16.25,20.38,8082,-7.92,-10.0,0.003
2024-04-09T04:47:22.000,9.45,-23.07,54.94,16.03,20.38,8083,-7.74,-10.0,0.003
2024-04-09T04:48:22.000,9.61,-23.14,68.59,15.79,20.38,8084,-7.56,-10.0,0.003
2024-04-09T04:49:23.000,9.72,-23.36,85.73,15.55,20.38,8085,-7.38,-10.0,0.003
2024-04-09T04:50:23.000,9.71,-23.46,107.61,15.3,20.38,8086,-7.2,-10.0,0.003
2024-04-09T04:51:23.000,9.84,-23.0,135.3,15.05,20.38,8087,-7.03,-10.0,0.003
2024-04-09T04:52:23.000,9.98,-23.08,171.01,14.8,20.38,8088,-6.85,-9.0,0.003
2024-04-09T04:53:23.000,9.96,-23.17,216.84,14.54,20.38,8089,-6.67,-9.0,0.003
2024-04-09T04:54:24.000,9.89,-22.92,274.67,14.29,20.38,8090,-6.49,-9.0,0.003
2024-04-09T04:55:24.000,9.94,-22.56,347.71,14.03,20.38,8091,-6.31,-9.0,0.003
2024-04-09T04:56:24.000,9.98,-22.2,438.76,13.78,20.38,8092,-6.13,-9.0,0.003
2024-04-09T04:57:25.000,9.91,-22.2,552.4,13.53,20.38,8093,-5.95,-9.0,0.003
2024-04-09T04:58:25.000,9.95,-21.72,694.67,13.28,20.38,8094,-5.77,-8.0,0.003
2024-04-09T04:59:26.000,9.98,-21.41,872.6,13.03,20.38,8095,-5.59,-8.0,0.003
2024-04-09T05:01:46.000,9.97,-20.92,1472.22,12.46,20.38,8097,-5.17,-8.0,0.003
2024-04-09T05:02:47.000,9.86,-20.78,1841.4,12.22,20.38,8098,-4.99,-8.0,0.003
2024-04-09T05:03:47.000,9.74,-20.75,2302.04,11.98,20.38,8099,-4.81,-7.0,0.003
2024-04-09T05:04:47.000,9.71,-20.35,2883.8,11.73,20.38,8100,-4.63,-7.0,0.003
2024-04-09T05:05:48.000,9.65,-20.59,3553.67,11.51,20.38,8101,-4.45,-7.0,0.003
2024-04-09T05:06:48.000,9.47,-21.08,4422.76,11.27,20.38,8102,-4.27,-7.0,0.003
2024-04-09T05:07:49.000,9.33,-20.54,5711.02,10.99,20.38,8103,-4.09,-7.0,0.003
2024-04-09T05:08:49.000,9.22,-19.96,7593.56,10.68,20.38,8104,-3.91,-7.0,0.003
2024-04-09T05:09:49.000,9.22,-18.83,9764.47,10.41,20.38,8105,-3.72,-6.0,0.003
2024-04-09T05:10:50.000,9.31,-18.53,11876.09,10.19,20.38,8106,-3.54,-6.0,0.003
2024-04-09T05:11:50.000,9.43,-18.15,13799.8,10.03,20.38,8107,-3.36,-6.0,0.003
2024-04-09T05:12:51.000,9.5,-18.33,15685.89,9.89,20.38,8108,-3.18,-6.0,0.003
2024-04-09T05:13:51.000,9.33,-18.39,18326.58,9.72,20.38,8109,-3.0,-6.0,0.003
2024-04-09T05:14:52.000,9.1,-18.15,21682.71,9.54,20.38,8110,-2.81,-6.0,0.003
2024-04-09T05:15:52.000,8.89,-17.7,25161.22,9.53,20.38,8111,-2.63,-5.0,0.003
2024-04-09T05:16:53.000,8.71,-17.53,30574.09,9.17,20.38,8112,-2.45,-5.0,0.003
2024-04-09T05:17:53.000,8.37,-18.0,36067.29,9.06,20.38,8113,-2.26,-5.0,0.003
2024-04-09T05:18:53.000,7.94,-17.97,43411.84,8.79,20.38,8114,-2.08,-5.0,0.003
2024-04-09T05:19:54.000,7.65,-17.53,50075.18,8.63,20.38,8115,-1.9,-5.0,0.003
2024-04-09T05:20:54.000,7.36,-17.43,56704.02,8.5,20.38,8116,-1.72,-5.0,0.003
2024-04-09T05:21:55.000,7.21,-17.2,58837.91,5.97,20.38,8117,-1.53,-4.0,0.003
2024-04-09T05:22:55.000,7.1,-17.12,50000.0,0.0,20.38,8118,-1.35,-4.0,0.003
2024-04-09T05:23:55.000,7.02,-16.87,50000.0,0.0,20.38,8119,-1.17,-4.0,0.003
2024-04-09T05:24:56.000,6.91,-16.45,50000.0,0.0,20.38,8120,-0.98,-4.0,0.003
2024-04-09T14:48:20.000,20.07,-12.07,50000.0,0.0,20.38,8682,39.41,50.0,0.011
2024-04-09T14:49:20.000,21.08,-10.75,50000.0,0.0,20.38,8683,39.25,50.0,0.011
2024-04-09T14:50:20.000,21.83,-11.09,50000.0,0.0,20.38,8684,39.08,50.0,0.011
2024-04-09T14:52:39.000,22.33,-12.63,50000.0,0.0,20.38,8686,38.71,49.0,0.011
2024-04-09T14:53:40.000,22.33,-14.83,50000.0,0.0,20.38,8687,38.54,49.0,0.011
2024-04-09T14:54:40.000,22.1,-14.17,50000.0,0.0,20.38,8688,38.38,49.0,0.011
2024-04-09T18:06:16.000,13.59,-21.58,50000.0,0.0,20.38,8879,3.86,16.0,0.015
2024-04-09T18:07:16.000,13.49,-21.69,50000.0,0.0,20.38,8880,3.68,16.0,0.015
2024-04-09T18:08:17.000,13.36,-21.87,50000.0,0.0,20.38,8881,3.49,16.0,0.015
2024-04-09T18:09:18.000,13.21,-21.93,49459.83,0.18,20.38,8882,3.3,16.0,0.015
2024-04-09T18:10:18.000,13.09,-21.93,50000.0,0.0,20.38,8883,3.12,16.0,0.015
2024-04-09T18:11:18.000,12.95,-21.94,50000.0,0.0,20.38,8884,2.94,16.0,0.015
2024-04-09T18:12:19.000,12.81,-21.87,50000.0,0.0,20.38,8885,2.75,15.0,0.015
2024-04-09T18:13:19.000,12.71,-21.79,50000.0,0.0,20.38,8886,2.57,15.0,0.015
2024-04-09T18:14:20.000,12.6,-21.8,49726.95,0.09,20.38,8887,2.38,15.0,0.015
2024-04-09T18:15:20.000,12.47,-21.94,49720.78,0.1,20.38,8888,2.2,15.0,0.015
2024-04-09T18:16:20.000,12.34,-21.88,50000.0,0.0,20.38,8889,2.01,15.0,0.015
2024-04-09T18:17:21.000,12.2,-21.95,50000.0,0.0,20.38,8890,1.83,14.0,0.015
2024-04-09T18:18:21.000,12.07,-21.85,50000.0,0.0,20.38,8891,1.64,14.0,0.015
2024-04-09T18:19:21.000,11.96,-21.68,50000.0,0.0,20.38,8892,1.46,14.0,0.015
2024-04-09T18:20:22.000,11.84,-21.51,49679.61,0.11,20.38,8893,1.27,14.0,0.015
2024-04-09T18:21:22.000,11.73,-21.52,50000.0,0.0,20.38,8894,1.09,14.0,0.015
2024-04-09T18:22:22.000,11.64,-21.47,50000.0,0.0,20.38,8895,0.91,14.0,0.015
2024-04-09T18:23:22.000,11.56,-21.54,50000.0,0.0,20.38,8896,0.73,13.0,0.015
2024-04-09T18:34:24.000,10.59,-21.81,50000.0,0.0,20.38,8907,-1.28,11.0,0.015
2024-04-09T18:35:25.000,10.51,-21.92,50000.0,0.0,20.38,8908,-1.47,11.0,0.015
2024-04-09T18:36:25.000,10.43,-21.99,50000.0,0.0,20.38,8909,-1.65,11.0,0.015
2024-04-09T18:37:25.000,10.35,-22.0,59356.09,6.92,20.38,8910,-1.83,11.0,0.015
2024-04-09T18:38:26.000,10.25,-22.08,53649.33,8.56,20.38,8911,-2.02,11.0,0.015
2024-04-09T18:39:26.000,10.18,-22.03,46770.6,8.71,20.38,8912,-2.2,11.0,0.015
2024-04-09T18:40:27.000,10.07,-22.19,39996.62,8.88,20.38,8913,-2.38,10.0,0.015
2024-04-09T18:41:28.000,9.99,-22.15,33849.84,9.06,20.38,8914,-2.56,10.0,0.015
2024-04-09T18:42:27.000,9.94,-22.13,27764.33,9.49,20.38,8915,-2.74,10.0,0.015
2024-04-09T18:43:27.000,9.88,-22.15,24180.09,9.42,20.38,8916,-2.92,10.0,0.015
2024-04-09T18:44:27.000,9.81,-22.15,20353.98,9.61,20.38,8917,-3.1,10.0,0.015
2024-04-09T18:45:28.000,9.77,-22.2,16966.84,9.81,20.38,8918,-3.29,10.0,0.015
2024-04-09T18:46:28.000,9.75,-22.11,14040.89,10.01,20.38,8919,-3.47,9.0,0.015
2024-04-09T18:47:28.000,9.76,-22.21,11581.37,10.22,20.38,8920,-3.65,9.0,0.015
2024-04-09T18:48:29.000,9.87,-22.36,9526.13,10.43,20.38,8921,-3.83,9.0,0.016
2024-04-09T18:49:29.000,10.07,-22.6,7818.71,10.65,20.38,8922,-4.01,9.0,0.016
2024-04-09T18:50:29.000,10.21,-22.7,6367.58,10.87,20.38,8923,-4.19,9.0,0.016
2024-04-09T18:51:30.000,10.21,-22.78,5120.93,11.11,20.38,8924,-4.37,8.0,0.016
2024-04-09T18:52:31.000,10.15,-22.69,4085.82,11.35,20.38,8925,-4.55,8.0,0.016
2024-04-09T18:53:32.000,10.07,-22.67,3266.18,11.6,20.38,8926,-4.74,8.0,0.016
2024-04-09T18:54:32.000,10.0,-22.68,2617.01,11.84,20.38,8927,-4.92,8.0,0.016
