ecsv/stars639/stars639_2024-04.ecsv
# %ECSV 1.0
# ---
# datatype:
# - {name: time, datatype: string}
# - {name: Enclosure Temperature, unit: deg_C, datatype: float64}
# - {name: Sky Temperature, unit: deg_C, datatype: float64}
# - {name: Frequency, unit: Hz, datatype: float64}
# - {name: MSAS, unit: mag / arcsec2, datatype: float64}
# - {name: ZP, datatype: float64}
# - {name: Sequence Number, datatype: int64}
# - {name: Sun Alt, unit: deg, datatype: float64}
# - {name: Moon Alt, unit: deg, datatype: float64}
# - {name: Moon Illumination, datatype: float64}
# delimiter: ','
# meta: !!omap
# - ida:
#     Data supplier: {affiliation: AAS Carballada Ager, observer: null}
#     Device type: TESS-W
#     Field of view: 17.0
#     Filters per channel: None
#     Instrument ID: stars639
#     License: ODbL 1.0 http://opendatacommons.org/licenses/odbl/summary/
#     Local timezone: Europe/Madrid
#     Location name: {country: '- AAS Carballada Ager', place: Ager, region: Spain, sub_region: Catalonia, town: Lleida}
#     Measurement direction per channel: {azimuth: 0.0, zenital: 0.0}
#     Moving / Fixed look direction: FIXED
#     Moving / Stationary position: STATIONARY
#     Number of channels: 1
#     Number of fields per line: 8
#     Number of header lines: 35
#     Position: {height: 0.0, latitude: 42.017687, longitude: 0.744085}
#     TESS MAC address: 98:F4:AB:B2:7B:28
#     TESS cover offset value: 0.0
#     TESS firmware version: '1.0'
#     TESS zero point: 20.38
#     Time Synchronization: timestamp added by MQTT subscriber
#     URL: http://www.darksky.org/NSBM/sdf1.0.pdf
# - __serialized_columns__:
#     Enclosure Temperature:
#       __class__: astropy.units.quantity.Quantity
#       unit: &id001 !astropy.units.Unit {unit: deg_C}
#       value: !astropy.table.SerializedColumn {name: Enclosure Temperature}
#     Frequency:
#       __class__: astropy.units.quantity.Quantity
#       unit: !astropy.units.Unit {unit: Hz}
#       value: !astropy.table.SerializedColumn {name: Frequency}
#     MSAS:
#       __class__: astropy.units.quantity.Quantity
#       unit: !astropy.units.Unit {unit: mag / arcsec2}
#       value: !astropy.table.SerializedColumn {name: MSAS}
#     Moon Alt:
#       __class__: astropy.units.quantity.Quantity
#       unit: &id002 !astropy.units.Unit {unit: deg}
#       value: !astropy.table.SerializedColumn {name: Moon Alt}
#     Sky Temperature:
#       __class__: astropy.units.quantity.Quantity
#       unit: *id001
#       value: !astropy.table.SerializedColumn {name: Sky Temperature}
#     Sun Alt:
#       __class__: astropy.units.quantity.Quantity
#       unit: *id002
#       value: !astropy.table.SerializedColumn {name: Sun Alt}
#     time:
#       __class__: astropy.time.core.Time
#       format: isot
#       in_subfmt: '*'
#       out_subfmt: '*'
#       precision: 3
#       scale: utc
#       value: !astropy.table.SerializedColumn {name: time}
# schema: astropy-2.0
time,Enclosure Temperature,Sky Temperature,Frequency,MSAS,ZP,Sequence Number,Sun Alt,Moon Alt,Moon Illumination
[from data line 12724]
2024-04-24T23:38:14.000,10.06,-6.3,13.53,17.55,20.38,3537,-34.57,26.0,0.99
2024-04-24T23:39:14.000,9.91,-5.92,12.71,17.62,20.38,3538,-34.59,26.0,0.99
2024-04-24T23:40:14.000,9.88,-5.58,11.74,17.71,20.38,3539,-34.6,26.0,0.99
2024-04-24T23:41:14.000,9.99,-5.43,11.86,17.7,20.38,3540,-34.62,27.0,0.99
2024-04-24T23:42:14.000,10.11,-5.35,12.47,17.64,20.38,3541,-34.63,27.0,0.99
2024-04-24T23:43:14.000,10.07,-5.39,12.96,17.6,20.38,3542,-34.64,27.0,0.99
2024-04-24T23:44:15.000,9.94,-5.51,13.26,17.57,20.38,3543,-34.65,27.0,0.99
2024-04-24T23:45:15.000,9.87,-5.36,13.08,17.59,20.38,3544,-34.66,27.0,0.99
2024-04-24T23:46:15.000,9.93,-5.46,12.78,17.61,20.38,3545,-34.67,27.0,0.99
2024-04-24T23:47:15.000,10.07,-5.35,12.71,17.62,20.38,3546,-34.68,27.0,0.99
2024-04-24T23:48:15.000,10.16,-5.21,12.77,17.61,20.38,3547,-34.68,27.0,0.99
2024-04-24T23:49:15.000,10.08,-5.24,12.73,17.62,20.38,3548,-34.69,27.0,0.99
2024-04-24T23:50:15.000,9.92,-5.06,12.7,17.62,20.38,3549,-34.69,27.0,0.99
2024-04-24T23:51:15.000,9.86,-4.88,12.62,17.63,20.38,3550,-34.7,27.0,0.99
2024-04-24T23:52:15.000,10.02,-4.73,12.6,17.63,20.38,3551,-34.7,27.0,0.99
2024-04-24T23:53:15.000,10.11,-4.63,12.83,17.61,20.38,3552,-34.7,27.0,0.99
2024-04-24T23:54:16.000,10.11,-4.55,12.89,17.6,20.38,3553,-34.7,27.0,0.99
2024-04-24T23:55:16.000,9.98,-4.67,12.89,17.6,20.38,3554,-34.7,27.0,0.99
2024-04-24T23:56:16.000,9.9,-4.46,12.99,17.6,20.38,3555,-34.7,27.0,0.99
2024-04-24T23:57:16.000,9.91,-4.61,13.04,17.59,20.38,3556,-34.7,27.0,0.99
2024-04-24T23:58:16.000,10.04,-4.58,13.26,17.57,20.38,3557,-34.7,27.0,0.99
2024-04-24T23:59:16.000,10.06,-4.54,13.64,17.54,20.38,3558,-34.69,27.0,0.99
2024-04-25T00:00:16.000,9.97,-4.62,13.96,17.52,20.38,3559,-34.69,27.0,0.99
2024-04-25T00:01:16.000,9.89,-4.55,13.97,17.52,20.38,3560,-34.68,27.0,0.99
2024-04-25T00:02:18.000,9.96,-4.71,14.2,17.5,20.38,3561,-34.68,27.0,0.99
2024-04-25T00:03:17.000,10.05,-4.76,14.73,17.46,20.38,3562,-34.67,27.0,0.99
2024-04-25T00:04:17.000,10.09,-4.73,14.95,17.44,20.38,3563,-34.66,27.0,0.99
2024-04-25T00:05:18.000,10.04,-4.81,15.11,17.43,20.38,3564,-34.65,27.0,0.99
2024-04-25T00:06:17.000,9.83,-4.97,15.42,17.41,20.38,3565,-34.64,27.0,0.99
2024-04-25T00:07:18.000,9.8,-4.86,15.22,17.42,20.38,3566,-34.63,27.0,0.99
2024-04-25T00:08:18.000,9.85,-5.07,14.94,17.44,20.38,3567,-34.62,27.0,0.99
2024-04-25T00:09:18.000,9.98,-5.07,14.8,17.45,20.38,3568,-34.6,27.0,0.99
2024-04-25T00:10:18.000,10.07,-5.06,14.7,17.46,20.38,3569,-34.59,27.0,0.99
2024-04-25T00:11:18.000,9.97,-5.29,14.63,17.47,20.38,3570,-34.57,27.0,0.989
2024-04-25T00:12:18.000,9.81,-5.2,14.53,17.47,20.38,3571,-34.56,27.0,0.989
2024-04-25T00:13:18.000,9.78,-5.34,14.43,17.48,20.38,3572,-34.54,27.0,0.989
2024-04-25T00:14:18.000,9.85,-5.31,14.54,17.47,20.38,3573,-34.52,27.0,0.989
2024-04-25T00:15:18.000,10.03,-5.37,14.72,17.46,20.38,3574,-34.5,27.0,0.989
2024-04-25T00:16:19.000,10.09,-5.52,15.09,17.43,20.38,3575,-34.48,28.0,0.989
2024-04-25T00:17:19.000,10.09,-5.27,15.3,17.42,20.38,3576,-34.46,28.0,0.989
2024-04-25T00:18:19.000,10.01,-5.41,15.28,17.42,20.38,3577,-34.44,28.0,0.989
2024-04-25T00:19:19.000,9.93,-5.29,15.37,17.41,20.38,3578,-34.41,28.0,0.989
2024-04-25T00:20:19.000,10.01,-5.41,15.71,17.39,20.38,3579,-34.39,28.0,0.989
2024-04-25T00:21:19.000,9.99,-5.77,15.79,17.38,20.38,3580,-34.37,28.0,0.989
2024-04-25T00:22:19.000,10.02,-5.79,15.93,17.37,20.38,3581,-34.34,28.0,0.989
2024-04-25T00:23:19.000,9.99,-6.07,15.97,17.37,20.38,3582,-34.31,28.0,0.989
2024-04-25T00:24:19.000,9.96,-6.24,16.04,17.37,20.38,3583,-34.29,28.0,0.989
2024-04-25T00:25:20.000,10.0,-6.52,16.34,17.35,20.38,3584,-34.26,28.0,0.989
2024-04-25T00:27:26.000,10.02,-6.96,16.88,17.31,20.38,3586,-34.19,28.0,0.989
2024-04-25T00:28:26.000,9.89,-7.3,16.67,17.33,20.38,3587,-34.16,28.0,0.989
2024-04-25T00:29:26.000,9.8,-7.69,16.18,17.36,20.38,3588,-34.13,28.0,0.989
2024-04-25T00:30:26.000,9.8,-8.01,15.64,17.39,20.38,3589,-34.1,28.0,0.989
2024-04-25T00:31:26.000,9.9,-8.02,15.04,17.44,20.38,3590,-34.06,28.0,0.989
2024-04-25T00:32:26.000,10.02,-8.36,14.25,17.5,20.38,3591,-34.03,28.0,0.989
2024-04-25T00:33:26.000,9.97,-8.69,13.83,17.53,20.38,3592,-33.99,28.0,0.989
2024-04-25T00:34:26.000,9.93,-8.65,13.78,17.53,20.38,3593,-33.95,28.0,0.989
2024-04-25T00:35:26.000,10.0,-8.87,13.92,17.52,20.38,3594,-33.92,28.0,0.989
2024-04-25T00:36:26.000,9.99,-9.19,14.29,17.49,20.38,3595,-33.88,28.0,0.989
2024-04-25T00:37:27.000,9.99,-9.32,14.46,17.48,20.38,3596,-33.84,28.0,0.989
2024-04-25T00:38:27.000,9.94,-9.56,13.89,17.52,20.38,3597,-33.79,28.0,0.989
2024-04-25T00:39:27.000,9.99,-9.79,13.24,17.58,20.38,3598,-33.75,28.0,0.989
2024-04-25T00:40:27.000,9.98,-10.32,12.46,17.64,20.38,3599,-33.71,28.0,0.989
2024-04-25T00:41:27.000,9.93,-10.78,12.16,17.67,20.38,3600,-33.67,28.0,0.989
2024-04-25T00:42:27.000,9.88,-11.54,11.79,17.7,20.38,3601,-33.62,28.0,0.989
2024-04-25T00:43:27.000,9.95,-11.94,11.11,17.77,20.38,3602,-33.58,28.0,0.989
2024-04-25T00:44:27.000,10.07,-12.38,10.47,17.83,20.38,3603,-33.53,28.0,0.989
2024-04-25T00:45:27.000,10.09,-12.95,9.66,17.92,20.38,3604,-33.48,28.0,0.989
2024-04-25T00:46:28.000,9.99,-13.37,9.02,17.99,20.38,3605,-33.44,28.0,0.989
2024-04-25T00:47:28.000,9.79,-13.9,9.39,17.95,20.38,3606,-33.39,28.0,0.989
2024-04-25T00:48:28.000,9.7,-14.11,9.39,17.95,20.38,3607,-33.34,28.0,0.989
2024-04-25T00:49:28.000,9.69,-14.34,9.41,17.95,20.38,3608,-33.29,28.0,0.989
2024-04-25T00:50:28.000,9.75,-14.31,9.96,17.88,20.38,3609,-33.23,28.0,0.989
2024-04-25T00:51:28.000,9.75,-14.69,10.33,17.84,20.38,3610,-33.18,28.0,0.989
2024-04-25T00:52:28.000,9.77,-14.86,10.42,17.84,20.38,3611,-33.13,27.0,0.989
2024-04-25T00:53:28.000,9.83,-14.73,10.35,17.84,20.38,3612,-33.07,27.0,0.989
2024-04-25T00:54:29.000,9.94,-14.72,10.38,17.84,20.38,3613,-33.02,27.0,0.989
2024-04-25T00:55:29.000,10.05,-14.66,10.53,17.82,20.38,3614,-32.96,27.0,0.989
2024-04-25T00:56:29.000,10.01,-14.73,10.97,17.78,20.38,3615,-32.91,27.0,0.989
2024-04-25T00:57:29.000,9.86,-14.59,10.95,17.78,20.38,3616,-32.85,27.0,0.989
2024-04-25T00:58:29.000,9.81,-14.66,11.03,17.77,20.38,3617,-32.79,27.0,0.989
2024-04-25T00:59:29.000,9.82,-14.82,10.96,17.78,20.38,3618,-32.73,27.0,0.989
2024-04-25T01:00:29.000,9.78,-15.09,10.97,17.78,20.38,3619,-32.67,27.0,0.989
2024-04-25T01:01:29.000,9.86,-14.9,10.94,17.78,20.38,3620,-32.61,27.0,0.989
2024-04-25T01:02:31.000,9.87,-15.24,10.55,17.82,20.38,3621,-32.54,27.0,0.989
2024-04-25T01:03:30.000,9.88,-15.16,10.54,17.82,20.38,3622,-32.48,27.0,0.989
2024-04-25T01:04:30.000,9.84,-15.39,11.02,17.77,20.38,3623,-32.42,27.0,0.989
2024-04-25T01:05:31.000,9.86,-15.2,11.11,17.77,20.38,3624,-32.35,27.0,0.989
2024-04-25T01:06:31.000,9.9,-15.4,10.84,17.79,20.38,3625,-32.29,27.0,0.989
2024-04-25T01:07:31.000,9.86,-15.63,10.36,17.84,20.38,3626,-32.22,27.0,0.989
2024-04-25T01:08:31.000,9.94,-15.46,10.15,17.86,20.38,3627,-32.15,27.0,0.989
2024-04-25T01:09:31.000,10.02,-15.39,10.31,17.85,20.38,3628,-32.09,27.0,0.989
2024-04-25T01:10:31.000,9.99,-15.41,10.8,17.8,20.38,3629,-32.02,27.0,0.989
2024-04-25T01:11:31.000,9.93,-15.24,11.43,17.74,20.38,3630,-31.95,27.0,0.989
2024-04-25T01:12:32.000,9.85,-15.26,12.01,17.68,20.38,3631,-31.88,27.0,0.989
2024-04-25T01:13:31.000,9.88,-15.12,12.39,17.65,20.38,3632,-31.81,27.0,0.989
2024-04-25T01:14:32.000,9.84,-15.4,12.63,17.63,20.38,3633,-31.73,27.0,0.989
2024-04-25T01:15:32.000,9.8,-15.32,12.76,17.62,20.38,3634,-31.66,27.0,0.989
2024-04-25T01:16:32.000,9.8,-15.16,13.1,17.59,20.38,3635,-31.59,27.0,0.989
2024-04-25T01:17:32.000,9.83,-15.03,13.54,17.55,20.38,3636,-31.51,27.0,0.989
2024-04-25T01:18:32.000,9.92,-14.94,13.3,17.57,20.38,3637,-31.44,27.0,0.989
2024-04-25T01:19:32.000,9.91,-15.39,13.04,17.59,20.38,3638,-31.36,27.0,0.989
2024-04-25T01:20:33.000,9.88,-15.54,12.62,17.63,20.38,3639,-31.28,27.0,0.989
2024-04-25T01:21:32.000,9.88,-15.5,12.33,17.65,20.38,3640,-31.2,27.0,0.988
2024-04-25T01:22:33.000,9.98,-15.56,11.81,17.7,20.38,3641,-31.12,27.0,0.988
2024-04-25T01:23:32.000,9.99,-15.96,10.83,17.79,20.38,3642,-31.05,27.0,0.988
2024-04-25T01:24:32.000,9.85,-16.33,10.09,17.87,20.38,3643,-30.97,27.0,0.988
2024-04-25T01:25:33.000,9.79,-16.53,9.84,17.9,20.38,3644,-30.88,27.0,0.988
2024-04-25T01:26:33.000,9.74,-16.8,9.23,17.97,20.38,3645,-30.8,27.0,0.988
2024-04-25T01:27:33.000,9.74,-17.06,9.16,17.98,20.38,3646,-30.72,26.0,0.988
2024-04-25T01:28:33.000,9.75,-17.1,9.31,17.96,20.38,3647,-30.64,26.0,0.988
2024-04-25T01:29:33.000,9.81,-16.86,9.79,17.9,20.38,3648,-30.55,26.0,0.988
2024-04-25T01:30:33.000,9.95,-16.8,10.05,17.88,20.38,3649,-30.47,26.0,0.988
2024-04-25T01:31:33.000,10.01,-16.81,10.0,17.88,20.38,3650,-30.38,26.0,0.988
2024-04-25T01:32:33.000,9.97,-16.97,9.99,17.88,20.38,3651,-30.3,26.0,0.988
2024-04-25T01:33:33.000,9.82,-16.67,9.99,17.88,20.38,3652,-30.21,26.0,0.988
2024-04-25T01:34:33.000,9.78,-16.71,10.17,17.86,20.38,3653,-30.12,26.0,0.988
2024-04-25T01:35:33.000,9.73,-16.91,10.31,17.85,20.38,3654,-30.03,26.0,0.988
2024-04-25T01:36:34.000,9.71,-16.98,10.18,17.86,20.38,3655,-29.94,26.0,0.988
2024-04-25T01:37:34.000,9.71,-17.03,10.05,17.87,20.38,3656,-29.85,26.0,0.988
2024-04-25T01:38:34.000,9.69,-17.07,9.9,17.89,20.38,3657,-29.76,26.0,0.988
2024-04-25T01:39:34.000,9.74,-17.09,9.71,17.91,20.38,3658,-29.67,26.0,0.988
2024-04-25T01:40:34.000,9.8,-17.04,9.47,17.94,20.38,3659,-29.58,26.0,0.988
2024-04-25T01:41:34.000,9.86,-17.28,9.1,17.98,20.38,3660,-29.48,26.0,0.988
2024-04-25T01:42:35.000,9.79,-17.66,8.86,18.01,20.38,3661,-29.39,26.0,0.988
2024-04-25T01:43:35.000,9.78,-17.55,8.79,18.02,20.38,3662,-29.29,26.0,0.988
2024-04-25T01:44:35.000,9.8,-17.6,8.67,18.04,20.38,3663,-29.2,26.0,0.988
2024-04-25T01:45:35.000,9.81,-17.58,8.39,18.07,20.38,3664,-29.1,26.0,0.988
2024-04-25T01:46:35.000,9.87,-17.68,8.04,18.12,20.38,3665,-29.01,26.0,0.988
2024-04-25T01:47:35.000,9.86,-17.9,7.69,18.16,20.38,3666,-28.91,25.0,0.988
2024-04-25T01:48:35.000,9.88,-17.79,7.62,18.18,20.38,3667,-28.81,25.0,0.988
2024-04-25T01:49:36.000,9.91,-17.71,7.56,18.18,20.38,3668,-28.71,25.0,0.988
2024-04-25T01:50:36.000,9.99,-17.68,7.5,18.19,20.38,3669,-28.61,25.0,0.988
2024-04-25T01:51:36.000,9.96,-17.84,7.49,18.19,20.38,3670,-28.51,25.0,0.988
2024-04-25T01:52:36.000,9.91,-17.93,7.45,18.2,20.38,3671,-28.41,25.0,0.988
2024-04-25T01:53:36.000,9.93,-17.74,7.67,18.17,20.38,3672,-28.31,25.0,0.988
2024-04-25T01:54:36.000,9.95,-17.69,7.84,18.14,20.38,3673,-28.21,25.0,0.988
2024-04-25T01:55:36.000,9.99,-17.7,8.06,18.11,20.38,3674,-28.1,25.0,0.988
2024-04-25T01:56:36.000,9.88,-18.13,8.21,18.09,20.38,3675,-28.0,25.0,0.988
2024-04-25T01:57:37.000,9.7,-18.2,8.1,18.11,20.38,3676,-27.9,25.0,0.988
2024-04-25T01:58:37.000,9.56,-18.08,7.95,18.13,20.38,3677,-27.79,25.0,0.988
2024-04-25T01:59:37.000,9.5,-18.11,7.84,18.14,20.38,3678,-27.68,25.0,0.988
2024-04-25T02:00:37.000,9.41,-18.13,7.99,18.12,20.38,3679,-27.58,25.0,0.988
2024-04-25T02:01:37.000,9.4,-18.16,8.42,18.07,20.38,3680,-27.47,25.0,0.988
2024-04-25T02:02:37.000,9.35,-18.4,8.9,18.01,20.38,3681,-27.36,24.0,0.988
2024-04-25T02:03:37.000,9.35,-18.66,9.01,17.99,20.38,3682,-27.26,24.0,0.988
2024-04-25T02:04:37.000,9.29,-19.17,8.64,18.04,20.38,3683,-27.15,24.0,0.988
2024-04-25T02:05:38.000,9.3,-19.63,7.93,18.13,20.38,3684,-27.04,24.0,0.988
2024-04-25T02:06:37.000,9.2,-20.3,7.15,18.24,20.38,3685,-26.93,24.0,0.988
2024-04-25T02:07:38.000,9.12,-20.71,6.43,18.36,20.38,3686,-26.82,24.0,0.988
2024-04-25T02:08:38.000,9.12,-20.86,6.07,18.42,20.38,3687,-26.7,24.0,0.988
2024-04-25T02:09:38.000,9.11,-21.19,5.84,18.46,20.38,3688,-26.59,24.0,0.988
2024-04-25T02:10:38.000,9.08,-21.49,5.85,18.46,20.38,3689,-26.48,24.0,0.988
2024-04-25T02:11:38.000,8.99,-21.78,5.86,18.46,20.38,3690,-26.37,24.0,0.988
2024-04-25T02:12:39.000,9.02,-21.77,5.62,18.51,20.38,3691,-26.25,24.0,0.988
2024-04-25T02:13:38.000,8.91,-21.97,5.28,18.57,20.38,3692,-26.14,24.0,0.988
2024-04-25T02:14:39.000,8.87,-22.09,5.08,18.62,20.38,3693,-26.02,24.0,0.988
2024-04-25T02:15:39.000,8.89,-21.98,5.03,18.63,20.38,3694,-25.91,24.0,0.988
2024-04-25T02:16:39.000,8.83,-22.03,5.1,18.61,20.38,3695,-25.79,23.0,0.988
2024-04-25T02:17:39.000,8.81,-22.05,5.1,18.61,20.38,3696,-25.67,23.0,0.988
2024-04-25T02:18:39.000,8.77,-21.99,4.99,18.63,20.38,3697,-25.56,23.0,0.988
2024-04-25T02:19:39.000,8.71,-22.01,5.04,18.62,20.38,3698,-25.44,23.0,0.988
2024-04-25T02:20:39.000,8.71,-21.9,5.41,18.55,20.38,3699,-25.32,23.0,0.988
2024-04-25T02:21:40.000,8.71,-21.92,5.75,18.48,20.38,3700,-25.2,23.0,0.988
2024-04-25T02:22:40.000,8.68,-22.02,5.87,18.46,20.38,3701,-25.08,23.0,0.988
2024-04-25T02:23:40.000,8.66,-22.03,5.86,18.46,20.38,3702,-24.96,23.0,0.988
2024-04-25T02:24:40.000,8.66,-22.02,5.73,18.48,20.38,3703,-24.84,23.0,0.988
2024-04-25T02:25:40.000,8.67,-21.96,5.5,18.53,20.38,3704,-24.71,23.0,0.988
2024-04-25T02:26:40.000,8.69,-22.15,5.36,18.56,20.38,3705,-24.59,23.0,0.988
2024-04-25T02:27:40.000,8.67,-22.01,5.31,18.57,20.38,3706,-24.47,23.0,0.988
2024-04-25T02:28:40.000,8.73,-21.72,5.46,18.54,20.38,3707,-24.35,22.0,0.987
2024-04-25T02:29:40.000,8.78,-21.56,5.79,18.47,20.38,3708,-24.22,22.0,0.987
2024-04-25T02:30:41.000,8.84,-21.45,6.3,18.38,20.38,3709,-24.1,22.0,0.987
2024-04-25T02:31:41.000,8.79,-21.57,6.63,18.33,20.38,3710,-23.97,22.0,0.987
2024-04-25T02:32:41.000,8.83,-21.3,6.56,18.34,20.38,3711,-23.85,22.0,0.987
2024-04-25T02:33:41.000,8.77,-21.63,6.44,18.36,20.38,3712,-23.72,22.0,0.987
2024-04-25T02:34:41.000,8.76,-21.44,6.44,18.36,20.38,3713,-23.59,22.0,0.987
2024-04-25T02:35:41.000,8.75,-21.42,6.18,18.4,20.38,3714,-23.47,22.0,0.987
2024-04-25T02:36:42.000,8.74,-21.75,5.99,18.44,20.38,3715,-23.34,22.0,0.987
2024-04-25T02:37:42.000,8.79,-21.46,6.03,18.43,20.38,3716,-23.21,22.0,0.987
2024-04-25T02:38:42.000,8.82,-21.53,6.18,18.4,20.38,3717,-23.08,22.0,0.987
2024-04-25T02:39:42.000,8.86,-21.48,6.25,18.39,20.38,3718,-22.95,21.0,0.987
2024-04-25T02:40:42.000,8.86,-21.62,6.23,18.39,20.38,3719,-22.82,21.0,0.987
2024-04-25T02:41:42.000,8.91,-21.52,6.15,18.41,20.38,3720,-22.69,21.0,0.987
2024-04-25T02:42:42.000,8.9,-21.81,5.92,18.45,20.38,3721,-22.56,21.0,0.987
2024-04-25T02:43:42.000,8.91,-21.88,5.62,18.51,20.38,3722,-22.43,21.0,0.987
2024-04-25T02:44:42.000,8.89,-21.98,5.49,18.53,20.38,3723,-22.3,21.0,0.987
2024-04-25T02:45:42.000,8.87,-22.12,5.33,18.56,20.38,3724,-22.16,21.0,0.987
2024-04-25T02:46:43.000,8.93,-22.02,4.97,18.64,20.38,3725,-22.03,21.0,0.987
2024-04-25T02:47:43.000,8.92,-22.17,4.66,18.71,20.38,3726,-21.9,21.0,0.987
2024-04-25T02:48:43.000,8.92,-22.46,4.59,18.73,20.38,3727,-21.76,21.0,0.987
2024-04-25T02:49:43.000,8.92,-22.31,4.59,18.73,20.38,3728,-21.63,20.0,0.987
2024-04-25T02:50:43.000,8.92,-22.41,4.61,18.72,20.38,3729,-21.49,20.0,0.987
2024-04-25T02:51:43.000,8.94,-22.37,4.59,18.73,20.38,3730,-21.36,20.0,0.987
2024-04-25T02:52:43.000,8.9,-22.66,4.55,18.74,20.38,3731,-21.22,20.0,0.987
2024-04-25T02:53:43.000,8.8,-22.89,4.51,18.75,20.38,3732,-21.09,20.0,0.987
2024-04-25T02:54:44.000,8.72,-22.92,4.42,18.77,20.38,3733,-20.95,20.0,0.987
2024-04-25T02:55:44.000,8.62,-22.96,4.32,18.79,20.38,3734,-20.81,20.0,0.987
2024-04-25T02:56:44.000,8.56,-22.78,4.21,18.82,20.38,3735,-20.67,20.0,0.987
2024-04-25T02:57:44.000,8.49,-22.87,4.28,18.8,20.38,3736,-20.53,20.0,0.987
2024-04-25T02:58:44.000,8.51,-22.65,4.39,18.77,20.38,3737,-20.4,20.0,0.987
2024-04-25T02:59:44.000,8.5,-22.79,4.42,18.77,20.38,3738,-20.26,19.0,0.987
2024-04-25T03:00:44.000,8.43,-22.84,4.45,18.76,20.38,3739,-20.12,19.0,0.987
2024-04-25T03:01:44.000,8.38,-22.89,4.47,18.75,20.38,3740,-19.98,19.0,0.987
2024-04-25T03:02:45.000,8.31,-22.83,4.46,18.76,20.38,3741,-19.84,19.0,0.987
2024-04-25T03:03:45.000,8.28,-22.67,4.46,18.76,20.38,3742,-19.69,19.0,0.987
2024-04-25T03:04:45.000,8.31,-22.57,4.43,18.76,20.38,3743,-19.55,19.0,0.987
2024-04-25T03:05:45.000,8.31,-22.53,4.36,18.78,20.38,3744,-19.41,19.0,0.987
2024-04-25T03:06:45.000,8.36,-22.54,4.33,18.79,20.38,3745,-19.27,19.0,0.987
2024-04-25T03:07:45.000,8.35,-22.53,4.49,18.75,20.38,3746,-19.13,19.0,0.987
2024-04-25T03:08:45.000,8.33,-22.54,4.54,18.74,20.38,3747,-18.98,19.0,0.987
