ecsv/stars639/stars639_2025-04.ecsv
# %ECSV 1.0
# ---
# datatype:
# - {name: time, datatype: string}
# - {name: Enclosure Temperature, unit: deg_C, datatype: float64}
# - {name: Sky Temperature, unit: deg_C, datatype: float64}
# - {name: Frequency, unit: Hz, datatype: float64}
# - {name: MSAS, unit: mag / arcsec2, datatype: float64}
# - {name: ZP, datatype: float64}
# - {name: Sequence Number, datatype: int64}
# - {name: Sun Alt, unit: deg, datatype: float64}
# - {name: Moon Alt, unit: deg, datatype: float64}
# - {name: Moon Illumination, datatype: float64}
# delimiter: ','
# meta: !!omap
# - ida:
#     Data supplier: {affiliation: AAS Carballada Ager, observer: null}
#     Device type: TESS-W
#     Field of view: 17.0
#     Filters per channel: None
#     Instrument ID: stars639
#     License: ODbL 1.0 http://opendatacommons.org/licenses/odbl/summary/
#     Local timezone: Europe/Madrid
#     Location name: {country: Spain, place: AAS Carballada Ager, region: Catalonia, sub_region: Lleida, town: Ager}
#     Measurement direction per channel: {azimuth: 0.0, zenital: 0.0}
#     Moving / Fixed look direction: FIXED
#     Moving / Stationary position: STATIONARY
#     Number of channels: 1
#     Number of fields per line: 8
#     Number of header lines: 35
#     Position: {height: 0.0, latitude: 42.017687, longitude: 0.744085}
#     TESS MAC address: 98:F4:AB:B2:7B:28
#     TESS cover offset value: 0.0
#     TESS firmware version: '1.0'
#     TESS zero point: 20.38
#     Time Synchronization: timestamp added by MQTT subscriber
#     URL: http://www.darksky.org/NSBM/sdf1.0.pdf
# - __serialized_columns__:
#     Enclosure Temperature:
#       __class__: astropy.units.quantity.Quantity
#       unit: &id001 !astropy.units.Unit {unit: deg_C}
#       value: !astropy.table.SerializedColumn {name: Enclosure Temperature}
#     Frequency:
#       __class__: astropy.units.quantity.Quantity
#       unit: !astropy.units.Unit {unit: Hz}
#       value: !astropy.table.SerializedColumn {name: Frequency}
#     MSAS:
#       __class__: astropy.units.quantity.Quantity
#       unit: !astropy.units.Unit {unit: mag / arcsec2}
#       value: !astropy.table.SerializedColumn {name: MSAS}
#     Moon Alt:
#       __class__: astropy.units.quantity.Quantity
#       unit: &id002 !astropy.units.Unit {unit: deg}
#       value: !astropy.table.SerializedColumn {name: Moon Alt}
#     Sky Temperature:
#       __class__: astropy.units.quantity.Quantity
#       unit: *id001
#       value: !astropy.table.SerializedColumn {name: Sky Temperature}
#     Sun Alt:
#       __class__: astropy.units.quantity.Quantity
#       unit: *id002
#       value: !astropy.table.SerializedColumn {name: Sun Alt}
#     time:
#       __class__: astropy.time.core.Time
#       format: isot
#       in_subfmt: '*'
#       out_subfmt: '*'
#       precision: 3
#       scale: utc
#       value: !astropy.table.SerializedColumn {name: time}
# schema: astropy-2.0
time,Enclosure Temperature,Sky Temperature,Frequency,MSAS,ZP,Sequence Number,Sun Alt,Moon Alt,Moon Illumination
[from data line 6386]
2025-04-10T03:16:20.000,11.92,-6.03,3.02,19.19,20.38,290198,-22.62,11.0,0.927
2025-04-10T03:17:20.000,11.91,-6.8,2.38,19.44,20.38,290199,-22.46,11.0,0.927
2025-04-10T03:18:20.000,11.9,-7.52,2.21,19.52,20.38,290200,-22.31,11.0,0.927
2025-04-10T03:19:21.000,11.9,-7.95,2.12,19.56,20.38,290201,-22.16,11.0,0.927
2025-04-10T03:20:21.000,11.88,-8.08,2.1,19.57,20.38,290202,-22.0,10.0,0.927
2025-04-10T03:21:21.000,11.86,-7.87,2.13,19.56,20.38,290203,-21.85,10.0,0.927
2025-04-10T03:22:21.000,11.85,-7.55,2.19,19.53,20.38,290204,-21.7,10.0,0.927
2025-04-10T03:23:21.000,11.85,-7.05,2.18,19.53,20.38,290205,-21.54,10.0,0.927
2025-04-10T03:24:21.000,11.87,-6.62,2.06,19.6,20.38,290206,-21.39,10.0,0.927
2025-04-10T03:25:21.000,11.88,-6.36,1.89,19.69,20.38,290207,-21.23,10.0,0.927
2025-04-10T03:26:21.000,11.89,-6.23,1.95,19.66,20.38,290208,-21.08,9.0,0.927
2025-04-10T03:27:21.000,11.9,-6.11,2.1,19.57,20.38,290209,-20.92,9.0,0.927
2025-04-10T03:28:22.000,11.92,-6.06,2.05,19.6,20.38,290210,-20.76,9.0,0.927
2025-04-10T03:29:22.000,11.92,-6.16,1.96,19.65,20.38,290211,-20.61,9.0,0.927
2025-04-10T03:30:22.000,11.92,-6.38,2.03,19.61,20.38,290212,-20.45,9.0,0.927
2025-04-10T03:31:22.000,11.92,-6.46,2.14,19.55,20.38,290213,-20.29,8.0,0.927
2025-04-10T03:32:23.000,11.9,-6.59,2.33,19.46,20.38,290214,-20.13,8.0,0.927
2025-04-10T03:33:23.000,11.89,-6.65,2.56,19.36,20.38,290215,-19.97,8.0,0.927
2025-04-10T03:34:23.000,11.9,-6.56,2.63,19.33,20.38,290216,-19.82,8.0,0.927
2025-04-10T03:35:23.000,11.89,-6.53,2.59,19.35,20.38,290217,-19.66,8.0,0.928
2025-04-10T03:36:23.000,11.88,-6.42,2.58,19.35,20.38,290218,-19.5,8.0,0.928
2025-04-10T03:37:23.000,11.88,-6.14,2.57,19.36,20.38,290219,-19.34,7.0,0.928
2025-04-10T03:38:23.000,11.88,-5.59,2.66,19.32,20.38,290220,-19.18,7.0,0.928
2025-04-10T03:39:24.000,11.89,-4.81,2.8,19.26,20.38,290221,-19.02,7.0,0.928
2025-04-10T03:40:24.000,11.91,-3.88,3.0,19.19,20.38,290222,-18.86,7.0,0.928
2025-04-10T03:41:24.000,11.95,-3.01,3.1,19.15,20.38,290223,-18.7,7.0,0.928
2025-04-10T03:42:24.000,11.98,-2.1,2.91,19.22,20.38,290224,-18.54,6.0,0.928
2025-04-10T03:43:24.000,12.01,-1.35,2.59,19.35,20.38,290225,-18.37,6.0,0.928
2025-04-10T03:44:24.000,12.05,-0.72,2.32,19.46,20.38,290226,-18.21,6.0,0.928
2025-04-10T03:45:24.000,12.08,-0.32,2.11,19.57,20.38,290227,-18.05,6.0,0.928
2025-04-10T03:46:24.000,12.12,0.14,2.13,19.56,20.38,290228,-17.89,6.0,0.928
2025-04-10T03:47:25.000,12.16,0.27,2.63,19.33,20.38,290229,-17.72,6.0,0.928
2025-04-10T03:48:25.000,12.2,0.07,2.98,19.19,20.38,290230,-17.56,5.0,0.928
2025-04-10T03:49:25.000,12.23,-0.24,2.54,19.37,20.38,290231,-17.4,5.0,0.928
2025-04-10T03:50:25.000,12.24,-0.75,1.78,19.76,20.38,290232,-17.23,5.0,0.928
2025-04-10T03:51:25.000,12.23,-1.29,1.44,19.98,20.38,290233,-17.07,5.0,0.928
2025-04-10T03:52:25.000,12.22,-1.78,1.57,19.89,20.38,290234,-16.91,5.0,0.928
2025-04-10T03:53:26.000,12.22,-2.13,1.87,19.7,20.38,290235,-16.74,4.0,0.928
2025-04-10T03:54:26.000,12.22,-2.52,2.02,19.62,20.38,290236,-16.57,4.0,0.928
2025-04-10T03:55:26.000,12.22,-2.93,1.97,19.64,20.38,290237,-16.41,4.0,0.928
2025-04-10T03:56:26.000,12.2,-3.42,1.73,19.78,20.38,290238,-16.24,4.0,0.928
2025-04-10T03:57:26.000,12.18,-3.98,1.45,19.97,20.38,290239,-16.08,4.0,0.928
2025-04-10T03:58:26.000,12.16,-4.51,1.28,20.11,20.38,290240,-15.91,4.0,0.928
2025-04-10T03:59:26.000,12.14,-4.82,1.14,20.24,20.38,290241,-15.75,3.0,0.928
2025-04-10T04:00:26.000,12.14,-4.78,1.07,20.31,20.38,290242,-15.58,3.0,0.928
2025-04-10T04:01:26.000,12.13,-4.43,1.07,20.3,20.38,290243,-15.41,3.0,0.928
2025-04-10T04:02:26.000,12.14,-4.14,1.08,20.29,20.38,290244,-15.25,3.0,0.928
2025-04-10T04:03:26.000,12.14,-4.06,1.11,20.27,20.38,290245,-15.08,3.0,0.928
2025-04-10T04:04:26.000,12.17,-4.21,1.2,20.19,20.38,290246,-14.91,2.0,0.929
2025-04-10T04:05:27.000,12.15,-4.77,1.28,20.11,20.38,290247,-14.74,2.0,0.929
2025-04-10T04:06:27.000,12.14,-5.37,1.31,20.09,20.38,290248,-14.57,2.0,0.929
2025-04-10T04:07:27.000,12.13,-5.95,1.32,20.08,20.38,290249,-14.41,2.0,0.929
2025-04-10T04:08:27.000,12.12,-6.31,1.27,20.12,20.38,290250,-14.24,2.0,0.929
2025-04-10T04:09:27.000,12.12,-6.48,1.07,20.3,20.38,290251,-14.07,1.0,0.929
2025-04-10T04:10:27.000,12.13,-6.34,0.94,20.45,20.38,290252,-13.9,1.0,0.929
2025-04-10T04:11:27.000,12.12,-6.18,0.92,20.47,20.38,290253,-13.73,1.0,0.929
2025-04-10T04:12:28.000,12.14,-5.74,0.94,20.45,20.38,290254,-13.56,1.0,0.929
2025-04-10T04:13:28.000,12.17,-5.17,0.97,20.42,20.38,290255,-13.39,1.0,0.929
2025-04-10T04:14:28.000,12.2,-4.64,1.02,20.36,20.38,290256,-13.22,1.0,0.929
2025-04-10T04:15:28.000,12.24,-4.03,1.08,20.3,20.38,290257,-13.05,0.0,0.929
2025-04-10T04:16:28.000,12.26,-3.52,1.14,20.24,20.38,290258,-12.88,0.0,0.929
2025-04-10T04:17:28.000,12.28,-3.06,1.22,20.17,20.38,290259,-12.71,0.0,0.929
2025-04-10T04:18:28.000,12.3,-2.66,1.32,20.08,20.38,290260,-12.54,-0.0,0.929
2025-04-10T04:19:28.000,12.32,-2.32,1.45,19.97,20.38,290261,-12.37,-0.0,0.929
2025-04-10T04:20:28.000,12.33,-2.0,1.63,19.85,20.38,290262,-12.19,-1.0,0.929
2025-04-10T04:21:28.000,12.34,-1.51,1.83,19.73,20.38,290263,-12.02,-1.0,0.929
2025-04-10T04:22:29.000,12.36,-1.07,2.03,19.61,20.38,290264,-11.85,-1.0,0.929
2025-04-10T04:23:29.000,12.36,-0.79,2.26,19.49,20.38,290265,-11.68,-1.0,0.929
2025-04-10T04:24:29.000,12.38,-0.57,2.54,19.37,20.38,290266,-11.5,-1.0,0.929
2025-04-10T04:25:29.000,12.39,-0.64,2.94,19.21,20.38,290267,-11.33,-1.0,0.929
2025-04-10T04:26:29.000,12.41,-1.33,3.46,19.03,20.38,290268,-11.16,-2.0,0.929
2025-04-10T04:27:29.000,12.39,-2.35,3.84,18.92,20.38,290269,-10.99,-2.0,0.929
2025-04-10T04:28:29.000,12.35,-3.52,4.22,18.82,20.38,290270,-10.81,-2.0,0.929
2025-04-10T04:29:30.000,12.3,-4.85,4.75,18.69,20.38,290271,-10.64,-2.0,0.929
2025-04-10T04:30:30.000,12.24,-6.03,5.43,18.54,20.38,290272,-10.46,-2.0,0.929
2025-04-10T04:31:30.000,12.16,-7.17,6.27,18.39,20.38,290273,-10.29,-3.0,0.929
2025-04-10T04:32:30.000,12.1,-8.18,7.15,18.25,20.38,290274,-10.12,-3.0,0.929
2025-04-10T04:33:30.000,12.03,-9.0,8.17,18.1,20.38,290275,-9.94,-3.0,0.93
2025-04-10T04:34:31.000,11.94,-9.65,9.45,17.94,20.38,290276,-9.76,-3.0,0.93
2025-04-10T04:35:31.000,11.87,-9.75,10.97,17.78,20.38,290277,-9.59,-3.0,0.93
2025-04-10T04:36:31.000,11.83,-9.68,12.76,17.62,20.38,290278,-9.41,-3.0,0.93
2025-04-10T04:37:31.000,11.81,-8.95,15.11,17.43,20.38,290279,-9.24,-4.0,0.93
2025-04-10T04:38:31.000,11.81,-7.81,18.43,17.22,20.38,290280,-9.06,-4.0,0.93
2025-04-10T04:39:31.000,11.83,-6.62,22.34,17.01,20.38,290281,-8.89,-4.0,0.93
2025-04-10T04:40:31.000,11.87,-4.48,28.36,16.75,20.38,290282,-8.71,-4.0,0.93
2025-04-10T04:41:31.000,11.98,-1.11,37.89,16.44,20.38,290283,-8.54,-4.0,0.93
2025-04-10T04:42:31.000,12.09,1.34,45.58,16.23,20.38,290284,-8.36,-5.0,0.93
2025-04-10T04:43:32.000,12.24,3.19,52.23,16.09,20.38,290285,-8.18,-5.0,0.93
2025-04-10T04:44:32.000,12.35,2.97,66.25,15.83,20.38,290286,-8.01,-5.0,0.93
2025-04-10T04:45:32.000,12.41,0.64,79.8,15.63,20.38,290287,-7.83,-5.0,0.93
2025-04-10T04:46:32.000,12.37,-0.1,95.78,15.43,20.38,290288,-7.65,-5.0,0.93
2025-04-10T04:47:33.000,12.31,0.83,118.58,15.2,20.38,290289,-7.47,-5.0,0.93
2025-04-10T04:48:33.000,12.26,2.06,145.26,14.98,20.38,290290,-7.3,-6.0,0.93
2025-04-10T04:49:33.000,12.2,2.18,181.31,14.74,20.38,290291,-7.12,-6.0,0.93
2025-04-10T04:50:34.000,12.18,1.63,215.03,14.55,20.38,290292,-6.94,-6.0,0.93
2025-04-10T04:51:34.000,12.11,2.67,278.78,14.27,20.38,290293,-6.76,-6.0,0.93
2025-04-10T04:52:34.000,12.13,2.78,345.53,14.04,20.38,290294,-6.58,-6.0,0.93
2025-04-10T04:53:35.000,12.18,2.3,424.44,13.81,20.38,290295,-6.4,-7.0,0.93
2025-04-10T04:54:35.000,12.17,1.75,544.73,13.54,20.38,290296,-6.22,-7.0,0.93
2025-04-10T04:55:36.000,12.23,2.17,643.8,13.36,20.38,290297,-6.04,-7.0,0.93
2025-04-10T04:56:36.000,12.26,3.21,838.4,13.07,20.38,290298,-5.87,-7.0,0.93
2025-04-10T04:57:37.000,12.29,2.31,1071.8,12.81,20.38,290299,-5.68,-7.0,0.93
2025-04-10T04:58:37.000,12.3,0.83,1329.78,12.57,20.38,290300,-5.51,-7.0,0.93
2025-04-10T04:59:37.000,12.28,-0.43,1659.24,12.33,20.38,290301,-5.33,-8.0,0.93
2025-04-10T05:00:38.000,12.22,-2.19,1988.16,12.13,20.38,290302,-5.14,-8.0,0.93
2025-04-10T05:01:38.000,12.13,-3.01,2465.82,11.9,20.38,290303,-4.97,-8.0,0.93
2025-04-10T05:02:39.000,12.11,-2.02,3042.49,11.67,20.38,290304,-4.78,-8.0,0.931
2025-04-10T05:03:39.000,12.1,-0.88,3913.42,11.4,20.38,290305,-4.6,-8.0,0.931
2025-04-10T05:04:40.000,12.07,-3.45,4772.73,11.18,20.38,290306,-4.42,-9.0,0.931
2025-04-10T05:05:40.000,12.01,-7.36,5663.8,11.0,20.38,290307,-4.24,-9.0,0.931
2025-04-10T05:06:41.000,11.93,-8.81,7030.33,10.76,20.38,290308,-4.06,-9.0,0.931
2025-04-10T05:07:41.000,11.82,-8.7,8613.27,10.54,20.38,290309,-3.88,-9.0,0.931
2025-04-10T05:08:42.000,11.75,-6.89,10845.42,10.29,20.38,290310,-3.7,-9.0,0.931
2025-04-10T05:09:42.000,11.69,-3.7,13767.6,10.03,20.38,290311,-3.52,-9.0,0.931
2025-04-10T05:10:43.000,11.71,-1.03,17332.49,9.79,20.38,290312,-3.33,-10.0,0.931
2025-04-10T05:11:43.000,11.76,-1.82,22411.33,9.51,20.38,290313,-3.15,-10.0,0.931
2025-04-10T05:12:44.000,11.78,-3.38,26656.79,9.39,20.38,290314,-2.97,-10.0,0.931
2025-04-10T05:13:44.000,11.8,-3.64,31276.87,9.14,20.38,290315,-2.79,-10.0,0.931
2025-04-10T05:14:44.000,11.79,-2.32,37012.98,9.05,20.38,290316,-2.61,-10.0,0.931
2025-04-10T05:15:45.000,11.81,0.04,42850.2,8.8,20.38,290317,-2.42,-10.0,0.931
2025-04-10T05:16:46.000,11.86,0.71,52081.54,8.59,20.38,290318,-2.24,-11.0,0.931
2025-04-10T05:17:46.000,11.88,-1.05,59840.29,7.4,20.38,290319,-2.06,-11.0,0.931
2025-04-10T05:18:46.000,11.88,-1.78,50000.0,0.0,20.38,290320,-1.87,-11.0,0.931
2025-04-10T05:19:47.000,11.89,-0.52,50000.0,0.0,20.38,290321,-1.69,-11.0,0.931
2025-04-10T05:20:47.000,11.89,-0.81,50000.0,0.0,20.38,290322,-1.51,-11.0,0.931
2025-04-10T05:31:49.000,12.03,1.06,50000.0,0.0,20.38,290333,0.5,-13.0,0.931
2025-04-10T05:32:50.000,12.06,4.52,50000.0,0.0,20.38,290334,0.69,-13.0,0.932
2025-04-10T05:33:50.000,12.12,3.67,50000.0,0.0,20.38,290335,0.87,-14.0,0.932
2025-04-10T05:34:50.000,12.16,2.41,49706.04,0.1,20.38,290336,1.06,-14.0,0.932
2025-04-10T05:35:50.000,12.22,5.39,50000.0,0.0,20.38,290337,1.24,-14.0,0.932
2025-04-10T05:36:50.000,12.28,7.51,50000.0,0.0,20.38,290338,1.42,-14.0,0.932
2025-04-10T05:37:50.000,12.32,6.57,50000.0,0.0,20.38,290339,1.61,-14.0,0.932
2025-04-10T05:38:51.000,12.4,5.12,50000.0,0.0,20.38,290340,1.79,-15.0,0.932
2025-04-10T05:39:51.000,12.43,6.19,50000.0,0.0,20.38,290341,1.98,-15.0,0.932
2025-04-10T05:40:51.000,12.49,6.58,50000.0,0.0,20.38,290342,2.16,-15.0,0.932
2025-04-10T05:41:51.000,12.53,2.74,49714.43,0.1,20.38,290343,2.34,-15.0,0.932
2025-04-10T05:42:51.000,12.52,1.0,50000.0,0.0,20.38,290344,2.53,-15.0,0.932
2025-04-10T05:43:51.000,12.54,4.26,50000.0,0.0,20.38,290345,2.71,-15.0,0.932
2025-04-10T05:44:51.000,12.51,5.52,50000.0,0.0,20.38,290346,2.89,-16.0,0.932
2025-04-10T06:42:02.000,13.74,-5.4,50000.0,0.0,20.38,290403,13.5,-25.0,0.934
2025-04-10T06:43:02.000,13.76,-6.54,50000.0,0.0,20.38,290404,13.68,-25.0,0.934
2025-04-10T06:44:02.000,13.7,-8.13,50000.0,0.0,20.38,290405,13.87,-25.0,0.934
2025-04-10T06:46:21.000,13.46,-7.86,50000.0,0.0,20.38,290407,14.3,-26.0,0.934
2025-04-10T06:47:21.000,13.4,-8.95,50000.0,0.0,20.38,290408,14.48,-26.0,0.934
2025-04-10T06:48:22.000,13.36,-9.89,50000.0,0.0,20.38,290409,14.67,-26.0,0.934
2025-04-10T18:10:15.000,15.51,-10.52,50000.0,0.0,20.38,291089,3.28,19.0,0.955
2025-04-10T18:11:15.000,15.35,-10.54,50000.0,0.0,20.38,291090,3.09,19.0,0.955
2025-04-10T18:12:15.000,15.23,-10.65,50000.0,0.0,20.38,291091,2.91,19.0,0.955
2025-04-10T18:13:15.000,15.12,-10.54,49720.78,0.1,20.38,291092,2.73,19.0,0.955
2025-04-10T18:14:15.000,15.02,-10.66,49728.37,0.09,20.38,291093,2.54,20.0,0.955
2025-04-10T18:15:15.000,14.95,-10.55,50000.0,0.0,20.38,291094,2.36,20.0,0.955
2025-04-10T18:16:15.000,14.86,-10.62,50000.0,0.0,20.38,291095,2.18,20.0,0.955
2025-04-10T18:17:15.000,14.78,-10.6,49727.02,0.09,20.38,291096,1.99,20.0,0.955
2025-04-10T18:18:16.000,14.69,-10.65,50000.0,0.0,20.38,291097,1.81,20.0,0.955
2025-04-10T18:19:16.000,14.6,-10.7,50000.0,0.0,20.38,291098,1.62,21.0,0.955
2025-04-10T18:20:16.000,14.51,-10.7,50000.0,0.0,20.38,291099,1.44,21.0,0.955
2025-04-10T18:21:16.000,14.4,-10.74,50000.0,0.0,20.38,291100,1.26,21.0,0.955
2025-04-10T18:22:16.000,14.33,-10.7,50000.0,0.0,20.38,291101,1.08,21.0,0.955
2025-04-10T18:23:16.000,14.25,-10.75,49673.33,0.11,20.38,291102,0.89,21.0,0.955
2025-04-10T18:24:16.000,14.17,-10.73,50000.0,0.0,20.38,291103,0.71,21.0,0.955
2025-04-10T18:25:17.000,14.13,-10.7,50000.0,0.0,20.38,291104,0.52,22.0,0.955
2025-04-10T18:26:17.000,14.06,-10.76,50000.0,0.0,20.38,291105,0.34,22.0,0.955
2025-04-10T18:36:19.000,13.6,-7.51,50000.0,0.0,20.38,291115,-1.48,23.0,0.956
2025-04-10T18:37:19.000,13.62,-6.76,50000.0,0.0,20.38,291116,-1.66,24.0,0.956
2025-04-10T18:38:20.000,13.65,-4.69,50000.0,0.0,20.38,291117,-1.85,24.0,0.956
2025-04-10T18:39:21.000,13.72,-1.42,49444.82,0.18,20.38,291118,-2.03,24.0,0.956
2025-04-10T18:40:21.000,13.84,1.63,56805.71,5.14,20.38,291119,-2.21,24.0,0.956
2025-04-10T18:41:21.000,13.92,3.21,52056.91,8.59,20.38,291120,-2.39,24.0,0.956
2025-04-10T18:42:22.000,13.99,3.53,44079.73,8.77,20.38,291121,-2.58,24.0,0.956
2025-04-10T18:43:22.000,14.09,4.65,41483.31,8.84,20.38,291122,-2.76,25.0,0.956
2025-04-10T18:44:23.000,14.17,6.39,32696.22,9.1,20.38,291123,-2.94,25.0,0.956
2025-04-10T18:45:23.000,14.28,7.61,24010.07,9.43,20.38,291124,-3.12,25.0,0.956
2025-04-10T18:46:23.000,14.35,8.47,18967.53,9.69,20.38,291125,-3.3,25.0,0.956
2025-04-10T18:47:24.000,14.48,8.76,15734.2,9.89,20.38,291126,-3.48,25.0,0.956
2025-04-10T18:48:24.000,14.61,8.62,13360.91,10.07,20.38,291127,-3.66,25.0,0.956
2025-04-10T18:49:25.000,14.73,8.53,11308.47,10.25,20.38,291128,-3.84,26.0,0.956
2025-04-10T18:50:25.000,14.77,8.48,8565.24,10.55,20.38,291129,-4.02,26.0,0.956
2025-04-10T18:51:26.000,14.8,8.51,7286.16,10.72,20.38,291130,-4.21,26.0,0.956
2025-04-10T18:52:26.000,14.84,8.78,5477.78,11.04,20.38,291131,-4.39,26.0,0.956
2025-04-10T18:53:27.000,14.87,8.88,4617.84,11.22,20.38,291132,-4.57,26.0,0.956
2025-04-10T18:54:27.000,14.92,8.88,3457.89,11.54,20.38,291133,-4.75,26.0,0.956
2025-04-10T18:55:27.000,14.98,8.77,2652.89,11.82,20.38,291134,-4.92,27.0,0.956
2025-04-10T18:56:28.000,15.04,8.33,2416.47,11.92,20.38,291135,-5.11,27.0,0.956
2025-04-10T18:57:28.000,15.1,7.82,2000.38,12.13,20.38,291136,-5.28,27.0,0.956
2025-04-10T18:58:29.000,15.13,7.64,1676.29,12.32,20.38,291137,-5.47,27.0,0.956
2025-04-10T18:59:29.000,15.07,7.51,1354.07,12.55,20.38,291138,-5.64,27.0,0.956
2025-04-10T19:00:30.000,15.05,6.58,1072.36,12.81,20.38,291139,-5.82,27.0,0.956
2025-04-10T19:01:30.000,15.03,5.2,913.53,12.98,20.38,291140,-6.0,27.0,0.956
2025-04-10T19:02:31.000,15.01,3.92,747.58,13.2,20.38,291141,-6.18,28.0,0.956
2025-04-10T19:03:31.000,14.97,3.09,653.11,13.34,20.38,291142,-6.36,28.0,0.956
2025-04-10T19:04:31.000,14.94,3.35,527.04,13.58,20.38,291143,-6.54,28.0,0.956
2025-04-10T19:05:32.000,14.9,4.35,445.4,13.76,20.38,291144,-6.72,28.0,0.956
2025-04-10T19:06:33.000,14.92,5.04,349.24,14.02,20.38,291145,-6.9,28.0,0.956
2025-04-10T19:07:33.000,14.93,4.81,283.51,14.25,20.38,291146,-7.07,28.0,0.956
2025-04-10T19:08:33.000,14.96,3.4,218.16,14.54,20.38,291147,-7.25,29.0,0.956
2025-04-10T19:09:33.000,14.94,1.07,184.58,14.71,20.38,291148,-7.43,29.0,0.956
2025-04-10T19:10:33.000,14.89,-0.68,145.33,14.98,20.38,291149,-7.6,29.0,0.956
2025-04-10T19:11:33.000,14.79,-1.44,114.56,15.23,20.38,291150,-7.78,29.0,0.956
2025-04-10T19:12:34.000,14.67,-2.0,98.25,15.4,20.38,291151,-7.96,29.0,0.956
2025-04-10T19:13:34.000,14.57,-2.28,78.83,15.64,20.38,291152,-8.13,29.0,0.957
2025-04-10T19:14:34.000,14.47,-2.18,66.77,15.82,20.38,291153,-8.31,30.0,0.957
2025-04-10T19:15:34.000,14.43,-2.41,46.72,16.21,20.38,291154,-8.48,30.0,0.957
2025-04-10T19:16:34.000,14.4,-2.21,47.35,16.19,20.38,291155,-8.66,30.0,0.957
2025-04-10T19:17:34.000,14.36,-1.65,45.95,16.22,20.38,291156,-8.83,30.0,0.957
2025-04-10T19:18:34.000,14.32,-1.82,44.48,16.26,20.38,291157,-9.01,30.0,0.957
