ecsv/stars639/stars639_2025-04.ecsv
# %ECSV 1.0
# ---
# datatype:
# - {name: time, datatype: string}
# - {name: Enclosure Temperature, unit: deg_C, datatype: float64}
# - {name: Sky Temperature, unit: deg_C, datatype: float64}
# - {name: Frequency, unit: Hz, datatype: float64}
# - {name: MSAS, unit: mag / arcsec2, datatype: float64}
# - {name: ZP, datatype: float64}
# - {name: Sequence Number, datatype: int64}
# - {name: Sun Alt, unit: deg, datatype: float64}
# - {name: Moon Alt, unit: deg, datatype: float64}
# - {name: Moon Illumination, datatype: float64}
# delimiter: ','
# meta: !!omap
# - ida:
#     Data supplier: {affiliation: AAS Carballada Ager, observer: null}
#     Device type: TESS-W
#     Field of view: 17.0
#     Filters per channel: None
#     Instrument ID: stars639
#     License: ODbL 1.0 http://opendatacommons.org/licenses/odbl/summary/
#     Local timezone: Europe/Madrid
#     Location name: {country: Spain, place: AAS Carballada Ager, region: Catalonia, sub_region: Lleida, town: Ager}
#     Measurement direction per channel: {azimuth: 0.0, zenital: 0.0}
#     Moving / Fixed look direction: FIXED
#     Moving / Stationary position: STATIONARY
#     Number of channels: 1
#     Number of fields per line: 8
#     Number of header lines: 35
#     Position: {height: 0.0, latitude: 42.017687, longitude: 0.744085}
#     TESS MAC address: 98:F4:AB:B2:7B:28
#     TESS cover offset value: 0.0
#     TESS firmware version: '1.0'
#     TESS zero point: 20.38
#     Time Synchronization: timestamp added by MQTT subscriber
#     URL: http://www.darksky.org/NSBM/sdf1.0.pdf
# - __serialized_columns__:
#     Enclosure Temperature:
#       __class__: astropy.units.quantity.Quantity
#       unit: &id001 !astropy.units.Unit {unit: deg_C}
#       value: !astropy.table.SerializedColumn {name: Enclosure Temperature}
#     Frequency:
#       __class__: astropy.units.quantity.Quantity
#       unit: !astropy.units.Unit {unit: Hz}
#       value: !astropy.table.SerializedColumn {name: Frequency}
#     MSAS:
#       __class__: astropy.units.quantity.Quantity
#       unit: !astropy.units.Unit {unit: mag / arcsec2}
#       value: !astropy.table.SerializedColumn {name: MSAS}
#     Moon Alt:
#       __class__: astropy.units.quantity.Quantity
#       unit: &id002 !astropy.units.Unit {unit: deg}
#       value: !astropy.table.SerializedColumn {name: Moon Alt}
#     Sky Temperature:
#       __class__: astropy.units.quantity.Quantity
#       unit: *id001
#       value: !astropy.table.SerializedColumn {name: Sky Temperature}
#     Sun Alt:
#       __class__: astropy.units.quantity.Quantity
#       unit: *id002
#       value: !astropy.table.SerializedColumn {name: Sun Alt}
#     time:
#       __class__: astropy.time.core.Time
#       format: isot
#       in_subfmt: '*'
#       out_subfmt: '*'
#       precision: 3
#       scale: utc
#       value: !astropy.table.SerializedColumn {name: time}
# schema: astropy-2.0
time,Enclosure Temperature,Sky Temperature,Frequency,MSAS,ZP,Sequence Number,Sun Alt,Moon Alt,Moon Illumination
[from data line 15692]
2025-04-24T04:49:51.000,8.19,-17.68,18970.47,9.69,20.38,1050,-3.08,15.0,0.182
2025-04-24T04:50:52.000,8.06,-17.58,22458.22,9.5,20.38,1051,-2.9,16.0,0.182
2025-04-24T04:51:52.000,7.95,-17.52,25871.9,9.49,20.38,1052,-2.72,16.0,0.182
2025-04-24T04:52:53.000,7.83,-17.48,30999.55,9.15,20.38,1053,-2.55,16.0,0.182
2025-04-24T04:53:53.000,7.68,-17.44,36100.98,8.99,20.38,1054,-2.37,16.0,0.181
2025-04-24T04:54:54.000,7.56,-17.4,41741.33,8.83,20.38,1055,-2.19,16.0,0.181
2025-04-24T04:55:54.000,7.45,-17.47,47877.71,8.68,20.38,1056,-2.02,16.0,0.181
2025-04-24T04:56:55.000,7.33,-17.37,54643.25,8.54,20.38,1057,-1.84,17.0,0.181
2025-04-24T04:57:55.000,7.24,-17.32,60187.93,7.38,20.38,1058,-1.66,17.0,0.181
2025-04-24T04:58:56.000,7.16,-17.33,49450.9,0.18,20.38,1059,-1.49,17.0,0.181
2025-04-24T04:59:56.000,7.08,-17.36,50000.0,0.0,20.38,1060,-1.31,17.0,0.181
2025-04-24T05:00:56.000,7.01,-17.31,50000.0,0.0,20.38,1061,-1.13,17.0,0.181
2025-04-24T05:01:57.000,6.92,-17.32,50000.0,0.0,20.38,1062,-0.95,17.0,0.181
2025-04-24T05:20:00.000,6.44,-17.62,50000.0,0.0,20.38,1080,2.26,20.0,0.18
2025-04-24T05:21:00.000,6.42,-17.48,50000.0,0.0,20.38,1081,2.43,20.0,0.18
2025-04-24T05:22:00.000,6.42,-17.48,50000.0,0.0,20.38,1082,2.61,21.0,0.18
2025-04-24T05:23:00.000,6.42,-17.44,49723.87,0.09,20.38,1083,2.79,21.0,0.18
2025-04-24T05:24:00.000,6.41,-17.57,50000.0,0.0,20.38,1084,2.97,21.0,0.18
2025-04-24T05:25:00.000,6.39,-17.51,50000.0,0.0,20.38,1085,3.15,21.0,0.18
2025-04-24T05:26:01.000,6.39,-17.37,50000.0,0.0,20.38,1086,3.34,21.0,0.179
2025-04-24T07:26:17.000,19.41,-12.41,50000.0,0.0,20.38,1206,25.51,36.0,0.172
2025-04-24T07:27:17.000,19.69,-12.1,50000.0,0.0,20.38,1207,25.7,37.0,0.172
2025-04-24T07:28:18.000,19.94,-12.32,50000.0,0.0,20.38,1208,25.89,37.0,0.172
2025-04-24T07:30:37.000,19.99,-13.01,50000.0,0.0,20.38,1210,26.31,37.0,0.172
2025-04-24T07:31:37.000,20.06,-12.83,50000.0,0.0,20.38,1211,26.5,37.0,0.172
2025-04-24T07:32:37.000,20.13,-12.76,50000.0,0.0,20.38,1212,26.68,37.0,0.172
2025-04-24T14:37:05.000,30.03,-3.51,50000.0,0.0,20.38,1635,44.56,2.0,0.146
2025-04-24T14:38:05.000,29.79,-4.7,50000.0,0.0,20.38,1636,44.4,2.0,0.146
2025-04-24T14:39:05.000,29.5,-4.04,50000.0,0.0,20.38,1637,44.23,1.0,0.146
2025-04-24T14:41:25.000,29.07,-4.46,50000.0,0.0,20.38,1639,43.84,1.0,0.146
2025-04-24T14:42:25.000,28.95,-3.68,50000.0,0.0,20.38,1640,43.68,1.0,0.146
2025-04-24T14:43:25.000,28.86,-4.62,50000.0,0.0,20.38,1641,43.51,1.0,0.146
2025-04-24T16:17:44.000,25.8,-5.16,50000.0,0.0,20.38,1735,26.73,-16.0,0.141
2025-04-24T16:18:44.000,25.87,-4.29,50000.0,0.0,20.38,1736,26.55,-16.0,0.14
2025-04-24T16:19:44.000,25.9,-4.58,50000.0,0.0,20.38,1737,26.36,-16.0,0.14
2025-04-24T16:22:04.000,25.81,-4.92,50000.0,0.0,20.38,1739,25.93,-17.0,0.14
2025-04-24T16:23:04.000,25.8,-4.71,50000.0,0.0,20.38,1740,25.75,-17.0,0.14
2025-04-24T16:24:04.000,25.98,-3.99,50000.0,0.0,20.38,1741,25.56,-17.0,0.14
2025-04-24T18:06:24.000,20.83,-6.69,50000.0,0.0,20.38,1843,6.67,-34.0,0.134
2025-04-24T18:07:24.000,20.73,-6.66,50000.0,0.0,20.38,1844,6.48,-34.0,0.134
2025-04-24T18:08:24.000,20.7,-6.67,50000.0,0.0,20.38,1845,6.3,-34.0,0.134
2025-04-24T18:10:43.000,20.55,-6.67,50000.0,0.0,20.38,1847,5.88,-34.0,0.134
2025-04-24T18:11:43.000,20.51,-6.66,50000.0,0.0,20.38,1848,5.7,-35.0,0.134
2025-04-24T18:12:44.000,20.47,-6.63,50000.0,0.0,20.38,1849,5.52,-35.0,0.134
2025-04-24T18:26:45.000,19.24,-7.3,50000.0,0.0,20.38,1863,2.99,-37.0,0.133
2025-04-24T18:27:46.000,19.16,-7.42,50000.0,0.0,20.38,1864,2.81,-37.0,0.133
2025-04-24T18:28:46.000,18.98,-7.59,50000.0,0.0,20.38,1865,2.63,-37.0,0.133
2025-04-24T18:29:46.000,18.86,-7.56,49729.96,0.09,20.38,1866,2.45,-37.0,0.133
2025-04-24T18:30:46.000,18.71,-7.56,50000.0,0.0,20.38,1867,2.27,-37.0,0.133
2025-04-24T18:31:46.000,18.57,-7.57,50000.0,0.0,20.38,1868,2.09,-38.0,0.133
2025-04-24T18:32:46.000,18.41,-7.66,50000.0,0.0,20.38,1869,1.92,-38.0,0.133
2025-04-24T18:50:49.000,16.74,-7.72,50000.0,0.0,20.38,1887,-1.28,-40.0,0.132
2025-04-24T18:51:50.000,16.66,-7.83,50000.0,0.0,20.38,1888,-1.46,-40.0,0.132
2025-04-24T18:52:50.000,16.59,-7.81,50000.0,0.0,20.38,1889,-1.63,-40.0,0.132
2025-04-24T18:53:51.000,16.51,-7.74,53261.62,1.95,20.38,1890,-1.81,-41.0,0.132
2025-04-24T18:54:51.000,16.45,-7.73,58258.87,8.54,20.38,1891,-1.98,-41.0,0.132
2025-04-24T18:55:51.000,16.41,-7.72,51239.6,8.61,20.38,1892,-2.16,-41.0,0.132
2025-04-24T18:56:52.000,16.37,-7.71,44251.16,8.77,20.38,1893,-2.34,-41.0,0.132
2025-04-24T18:57:52.000,16.34,-7.69,38004.54,8.93,20.38,1894,-2.51,-41.0,0.132
2025-04-24T18:58:53.000,16.29,-7.75,31729.61,9.28,20.38,1895,-2.69,-41.0,0.131
2025-04-24T18:59:53.000,16.22,-7.76,27558.09,9.28,20.38,1896,-2.86,-41.0,0.131
2025-04-24T19:00:54.000,16.18,-7.77,23257.09,9.46,20.38,1897,-3.04,-42.0,0.131
2025-04-24T19:01:54.000,16.15,-7.78,19530.71,9.65,20.38,1898,-3.21,-42.0,0.131
2025-04-24T19:02:55.000,16.13,-7.75,16325.62,9.85,20.38,1899,-3.39,-42.0,0.131
2025-04-24T19:03:55.000,16.13,-7.7,13580.49,10.05,20.38,1900,-3.56,-42.0,0.131
2025-04-24T19:04:56.000,16.11,-7.8,11247.8,10.25,20.38,1901,-3.74,-42.0,0.131
2025-04-24T19:05:56.000,16.07,-7.78,9281.62,10.46,20.38,1902,-3.91,-42.0,0.131
2025-04-24T19:06:56.000,16.04,-7.76,7630.49,10.68,20.38,1903,-4.08,-42.0,0.131
2025-04-24T19:07:57.000,16.03,-7.77,6252.44,10.89,20.38,1904,-4.26,-42.0,0.131
2025-04-24T19:08:57.000,16.0,-7.77,5106.51,11.11,20.38,1905,-4.43,-43.0,0.131
2025-04-24T19:09:58.000,15.97,-7.83,4160.38,11.33,20.38,1906,-4.6,-43.0,0.131
2025-04-24T19:10:58.000,15.93,-7.77,3384.96,11.56,20.38,1907,-4.78,-43.0,0.131
2025-04-24T19:11:59.000,15.9,-7.8,2752.11,11.78,20.38,1908,-4.95,-43.0,0.131
2025-04-24T19:12:59.000,15.86,-7.8,2236.2,12.01,20.38,1909,-5.12,-43.0,0.131
2025-04-24T19:14:00.000,15.82,-7.8,1815.09,12.23,20.38,1910,-5.29,-43.0,0.131
2025-04-24T19:15:00.000,15.79,-7.79,1471.67,12.46,20.38,1911,-5.46,-43.0,0.131
2025-04-24T19:16:01.000,15.77,-7.81,1192.24,12.69,20.38,1912,-5.64,-43.0,0.13
2025-04-24T19:17:01.000,15.75,-7.85,964.76,12.92,20.38,1913,-5.81,-43.0,0.13
2025-04-24T19:18:02.000,15.73,-7.9,779.82,13.15,20.38,1914,-5.98,-44.0,0.13
2025-04-24T19:19:02.000,15.71,-7.85,629.69,13.38,20.38,1915,-6.15,-44.0,0.13
2025-04-24T19:20:03.000,15.68,-7.83,507.69,13.62,20.38,1916,-6.32,-44.0,0.13
2025-04-24T19:21:04.000,15.66,-7.87,408.62,13.85,20.38,1917,-6.5,-44.0,0.13
2025-04-24T19:22:04.000,15.63,-7.85,328.64,14.09,20.38,1918,-6.66,-44.0,0.13
2025-04-24T19:23:04.000,15.62,-7.86,264.49,14.33,20.38,1919,-6.83,-44.0,0.13
2025-04-24T19:24:04.000,15.61,-7.82,213.17,14.56,20.38,1920,-7.0,-44.0,0.13
2025-04-24T19:25:04.000,15.59,-7.8,171.78,14.79,20.38,1921,-7.17,-44.0,0.13
2025-04-24T19:26:05.000,15.6,-7.84,138.76,15.03,20.38,1922,-7.34,-45.0,0.13
2025-04-24T19:27:05.000,15.59,-7.85,112.22,15.26,20.38,1923,-7.51,-45.0,0.13
2025-04-24T19:28:05.000,15.57,-7.92,91.02,15.48,20.38,1924,-7.68,-45.0,0.13
2025-04-24T19:29:05.000,15.55,-7.97,74.2,15.71,20.38,1925,-7.84,-45.0,0.13
2025-04-24T19:30:05.000,15.53,-7.95,60.66,15.92,20.38,1926,-8.01,-45.0,0.13
2025-04-24T19:31:05.000,15.53,-7.92,48.71,16.16,20.38,1927,-8.18,-45.0,0.13
2025-04-24T19:32:06.000,15.52,-8.0,41.99,16.32,20.38,1928,-8.35,-45.0,0.13
2025-04-24T19:33:06.000,15.5,-7.96,34.99,16.52,20.38,1929,-8.51,-45.0,0.13
2025-04-24T19:34:06.000,15.49,-8.03,29.31,16.71,20.38,1930,-8.68,-45.0,0.129
2025-04-24T19:35:06.000,15.48,-8.04,24.89,16.89,20.38,1931,-8.85,-45.0,0.129
2025-04-24T19:36:06.000,15.48,-8.03,21.12,17.07,20.38,1932,-9.01,-46.0,0.129
2025-04-24T19:37:06.000,15.49,-8.1,17.99,17.24,20.38,1933,-9.18,-46.0,0.129
2025-04-24T19:38:06.000,15.48,-8.07,15.45,17.41,20.38,1934,-9.34,-46.0,0.129
2025-04-24T19:39:06.000,15.47,-8.06,13.36,17.57,20.38,1935,-9.51,-46.0,0.129
2025-04-24T19:40:06.000,15.46,-8.07,11.39,17.74,20.38,1936,-9.67,-46.0,0.129
2025-04-24T19:41:07.000,15.45,-8.1,9.85,17.9,20.38,1937,-9.84,-46.0,0.129
2025-04-24T19:42:07.000,15.43,-8.1,8.5,18.06,20.38,1938,-10.0,-46.0,0.129
2025-04-24T19:43:07.000,15.41,-8.25,7.34,18.22,20.38,1939,-10.17,-46.0,0.129
2025-04-24T19:44:07.000,15.35,-8.26,6.39,18.37,20.38,1940,-10.33,-46.0,0.129
2025-04-24T19:45:09.000,15.3,-8.32,5.53,18.52,20.38,1941,-10.5,-47.0,0.129
2025-04-24T19:46:08.000,15.27,-8.28,4.8,18.68,20.38,1942,-10.66,-47.0,0.129
2025-04-24T19:47:08.000,15.25,-8.24,4.19,18.83,20.38,1943,-10.82,-47.0,0.129
2025-04-24T19:48:09.000,15.23,-8.27,3.66,18.97,20.38,1944,-10.99,-47.0,0.129
2025-04-24T19:49:09.000,15.22,-8.33,3.22,19.11,20.38,1945,-11.15,-47.0,0.129
2025-04-24T19:50:09.000,15.2,-8.36,2.83,19.25,20.38,1946,-11.31,-47.0,0.129
2025-04-24T19:51:09.000,15.17,-8.37,2.51,19.38,20.38,1947,-11.47,-47.0,0.129
2025-04-24T19:52:09.000,15.12,-8.43,2.21,19.52,20.38,1948,-11.63,-47.0,0.128
2025-04-24T19:53:09.000,15.08,-8.58,1.99,19.64,20.38,1949,-11.79,-47.0,0.128
2025-04-24T19:54:09.000,15.04,-8.54,1.77,19.76,20.38,1950,-11.95,-47.0,0.128
2025-04-24T19:55:09.000,14.99,-8.49,1.59,19.88,20.38,1951,-12.11,-47.0,0.128
2025-04-24T19:56:10.000,14.95,-8.54,1.43,19.99,20.38,1952,-12.28,-48.0,0.128
2025-04-24T19:57:10.000,14.91,-8.48,1.29,20.1,20.38,1953,-12.44,-48.0,0.128
2025-04-24T19:58:10.000,14.87,-8.31,1.17,20.21,20.38,1954,-12.59,-48.0,0.128
2025-04-24T19:59:10.000,14.85,-8.32,1.07,20.31,20.38,1955,-12.75,-48.0,0.128
2025-04-24T20:00:10.000,14.83,-8.45,0.98,20.4,20.38,1956,-12.91,-48.0,0.128
2025-04-24T20:01:10.000,14.79,-8.53,0.91,20.49,20.38,1957,-13.07,-48.0,0.128
2025-04-24T20:02:10.000,14.75,-8.5,0.84,20.57,20.38,1958,-13.23,-48.0,0.128
2025-04-24T20:03:10.000,14.69,-8.65,0.78,20.65,20.38,1959,-13.39,-48.0,0.128
2025-04-24T20:04:11.000,14.61,-8.64,0.73,20.72,20.38,1960,-13.55,-48.0,0.128
2025-04-24T20:05:11.000,14.57,-8.53,0.69,20.79,20.38,1961,-13.7,-48.0,0.128
2025-04-24T20:06:11.000,14.54,-8.64,0.65,20.85,20.38,1962,-13.86,-48.0,0.128
2025-04-24T20:07:11.000,14.51,-8.67,0.62,20.9,20.38,1963,-14.02,-48.0,0.128
2025-04-24T20:08:11.000,14.48,-8.6,0.59,20.95,20.38,1964,-14.17,-49.0,0.128
2025-04-24T20:09:11.000,14.47,-8.55,0.57,21.0,20.38,1965,-14.33,-49.0,0.128
2025-04-24T20:10:11.000,14.48,-8.29,0.55,21.04,20.38,1966,-14.48,-49.0,0.128
2025-04-24T20:11:11.000,14.53,-8.52,0.53,21.07,20.38,1967,-14.64,-49.0,0.127
2025-04-24T20:12:11.000,14.58,-8.31,0.51,21.11,20.38,1968,-14.79,-49.0,0.127
2025-04-24T20:13:11.000,14.63,-8.31,0.5,21.14,20.38,1969,-14.95,-49.0,0.127
2025-04-24T20:14:11.000,14.67,-8.39,0.49,21.16,20.38,1970,-15.1,-49.0,0.127
2025-04-24T20:15:11.000,14.7,-8.37,0.48,21.18,20.38,1971,-15.25,-49.0,0.127
2025-04-24T20:16:12.000,14.74,-8.27,0.47,21.21,20.38,1972,-15.41,-49.0,0.127
2025-04-24T20:17:12.000,14.77,-8.4,0.46,21.23,20.38,1973,-15.56,-49.0,0.127
2025-04-24T20:18:12.000,14.77,-8.37,0.45,21.24,20.38,1974,-15.71,-49.0,0.127
2025-04-24T20:19:12.000,14.81,-8.36,0.45,21.25,20.38,1975,-15.87,-49.0,0.127
2025-04-24T20:20:12.000,14.81,-8.6,0.44,21.27,20.38,1976,-16.02,-49.0,0.127
2025-04-24T20:21:12.000,14.76,-8.64,0.44,21.28,20.38,1977,-16.17,-49.0,0.127
2025-04-24T20:22:12.000,14.7,-8.75,0.43,21.29,20.38,1978,-16.32,-49.0,0.127
2025-04-24T20:23:12.000,14.62,-8.82,0.43,21.29,20.38,1979,-16.47,-50.0,0.127
2025-04-24T20:24:12.000,14.57,-8.81,0.43,21.3,20.38,1980,-16.62,-50.0,0.127
2025-04-24T20:25:13.000,14.53,-8.82,0.43,21.31,20.38,1981,-16.77,-50.0,0.127
2025-04-24T20:26:13.000,14.49,-8.76,0.42,21.32,20.38,1982,-16.92,-50.0,0.127
2025-04-24T20:27:13.000,14.43,-8.77,0.42,21.32,20.38,1983,-17.07,-50.0,0.127
2025-04-24T20:28:13.000,14.41,-8.81,0.42,21.33,20.38,1984,-17.22,-50.0,0.127
2025-04-24T20:29:13.000,14.39,-8.68,0.42,21.33,20.38,1985,-17.37,-50.0,0.126
2025-04-24T20:30:13.000,14.39,-8.68,0.42,21.33,20.38,1986,-17.52,-50.0,0.126
2025-04-24T20:31:13.000,14.4,-8.62,0.42,21.33,20.38,1987,-17.66,-50.0,0.126
2025-04-24T20:32:13.000,14.42,-8.67,0.41,21.34,20.38,1988,-17.81,-50.0,0.126
2025-04-24T20:33:13.000,14.4,-8.67,0.41,21.34,20.38,1989,-17.96,-50.0,0.126
2025-04-24T20:34:14.000,14.4,-8.68,0.41,21.34,20.38,1990,-18.11,-50.0,0.126
2025-04-24T20:35:14.000,14.39,-8.71,0.41,21.35,20.38,1991,-18.25,-50.0,0.126
2025-04-24T20:36:14.000,14.38,-8.72,0.41,21.34,20.38,1992,-18.4,-50.0,0.126
2025-04-24T20:37:14.000,14.4,-8.62,0.41,21.35,20.38,1993,-18.54,-50.0,0.126
2025-04-24T20:38:14.000,14.41,-8.63,0.41,21.34,20.38,1994,-18.69,-50.0,0.126
2025-04-24T20:39:14.000,14.41,-8.56,0.41,21.34,20.38,1995,-18.83,-50.0,0.126
2025-04-24T20:40:14.000,14.43,-8.51,0.41,21.34,20.38,1996,-18.98,-50.0,0.126
2025-04-24T20:41:14.000,14.44,-8.59,0.41,21.35,20.38,1997,-19.12,-51.0,0.126
2025-04-24T20:42:14.000,14.43,-8.64,0.41,21.35,20.38,1998,-19.26,-51.0,0.126
2025-04-24T20:43:14.000,14.4,-8.66,0.41,21.34,20.38,1999,-19.4,-51.0,0.126
2025-04-24T20:44:14.000,14.36,-8.72,0.41,21.34,20.38,2000,-19.55,-51.0,0.126
2025-04-24T20:45:15.000,14.32,-8.8,0.41,21.34,20.38,2001,-19.69,-51.0,0.126
2025-04-24T20:46:15.000,14.29,-8.79,0.41,21.35,20.38,2002,-19.83,-51.0,0.126
2025-04-24T20:47:15.000,14.27,-8.73,0.41,21.34,20.38,2003,-19.97,-51.0,0.125
2025-04-24T20:48:15.000,14.26,-8.76,0.41,21.34,20.38,2004,-20.11,-51.0,0.125
2025-04-24T20:49:15.000,14.26,-8.7,0.41,21.34,20.38,2005,-20.25,-51.0,0.125
2025-04-24T20:50:15.000,14.25,-8.68,0.41,21.34,20.38,2006,-20.39,-51.0,0.125
2025-04-24T20:51:15.000,14.27,-8.62,0.41,21.34,20.38,2007,-20.53,-51.0,0.125
2025-04-24T20:52:15.000,14.29,-8.62,0.41,21.34,20.38,2008,-20.67,-51.0,0.125
2025-04-24T20:53:15.000,14.29,-8.67,0.41,21.34,20.38,2009,-20.81,-51.0,0.125
2025-04-24T20:54:15.000,14.31,-8.55,0.41,21.34,20.38,2010,-20.94,-51.0,0.125
2025-04-24T20:55:16.000,14.33,-8.73,0.41,21.34,20.38,2011,-21.08,-51.0,0.125
2025-04-24T20:56:16.000,14.34,-8.7,0.42,21.33,20.38,2012,-21.22,-51.0,0.125
2025-04-24T20:57:16.000,14.37,-8.51,0.41,21.34,20.38,2013,-21.36,-51.0,0.125
2025-04-24T20:58:16.000,14.44,-8.47,0.41,21.34,20.38,2014,-21.49,-51.0,0.125
2025-04-24T20:59:16.000,14.51,-8.4,0.42,21.33,20.38,2015,-21.63,-51.0,0.125
2025-04-24T21:00:16.000,14.55,-8.48,0.42,21.33,20.38,2016,-21.76,-51.0,0.125
2025-04-24T21:01:16.000,14.55,-8.64,0.41,21.34,20.38,2017,-21.89,-51.0,0.125
2025-04-24T21:02:16.000,14.52,-8.76,0.41,21.34,20.38,2018,-22.03,-51.0,0.125
2025-04-24T21:03:16.000,14.46,-8.86,0.41,21.34,20.38,2019,-22.16,-51.0,0.125
2025-04-24T21:04:16.000,14.4,-8.86,0.41,21.34,20.38,2020,-22.29,-51.0,0.125
2025-04-24T21:05:16.000,14.36,-8.82,0.41,21.34,20.38,2021,-22.43,-51.0,0.124
2025-04-24T21:06:16.000,14.33,-8.74,0.41,21.34,20.38,2022,-22.56,-51.0,0.124
2025-04-24T21:07:16.000,14.28,-8.84,0.41,21.34,20.38,2023,-22.69,-51.0,0.124
2025-04-24T21:08:16.000,14.21,-8.98,0.41,21.35,20.38,2024,-22.82,-51.0,0.124
2025-04-24T21:09:17.000,14.18,-8.81,0.41,21.35,20.38,2025,-22.95,-51.0,0.124
2025-04-24T21:10:17.000,14.17,-8.83,0.41,21.35,20.38,2026,-23.08,-51.0,0.124
2025-04-24T21:11:17.000,14.14,-8.97,0.41,21.35,20.38,2027,-23.21,-51.0,0.124
2025-04-24T21:12:17.000,14.12,-8.97,0.41,21.35,20.38,2028,-23.34,-51.0,0.124
2025-04-24T21:13:17.000,14.1,-8.93,0.41,21.35,20.38,2029,-23.47,-51.0,0.124
2025-04-24T21:14:17.000,14.1,-8.88,0.41,21.35,20.38,2030,-23.59,-51.0,0.124
2025-04-24T21:15:17.000,14.09,-8.97,0.41,21.36,20.38,2031,-23.72,-51.0,0.124
2025-04-24T21:16:17.000,14.07,-9.04,0.41,21.36,20.38,2032,-23.85,-51.0,0.124
2025-04-24T21:17:17.000,14.03,-9.15,0.41,21.36,20.38,2033,-23.97,-51.0,0.124
2025-04-24T21:18:17.000,14.02,-9.05,0.41,21.36,20.38,2034,-24.1,-51.0,0.124
2025-04-24T21:19:18.000,13.98,-9.05,0.41,21.36,20.38,2035,-24.22,-51.0,0.124
2025-04-24T21:20:18.000,13.96,-9.1,0.41,21.36,20.38,2036,-24.35,-51.0,0.124
2025-04-24T21:21:18.000,13.99,-8.82,0.41,21.36,20.38,2037,-24.47,-51.0,0.124
2025-04-24T21:22:18.000,14.03,-8.95,0.4,21.36,20.38,2038,-24.6,-51.0,0.124
2025-04-24T21:23:18.000,14.01,-9.07,0.4,21.36,20.38,2039,-24.72,-51.0,0.123
2025-04-24T21:24:18.000,14.01,-8.89,0.4,21.36,20.38,2040,-24.84,-51.0,0.123
2025-04-24T21:25:18.000,14.05,-8.84,0.4,21.37,20.38,2041,-24.96,-51.0,0.123
2025-04-24T21:26:18.000,14.08,-8.87,0.4,21.37,20.38,2042,-25.08,-51.0,0.123
