ecsv/stars639/stars639_2025-04.ecsv
# %ECSV 1.0
# ---
# datatype:
# - {name: time, datatype: string}
# - {name: Enclosure Temperature, unit: deg_C, datatype: float64}
# - {name: Sky Temperature, unit: deg_C, datatype: float64}
# - {name: Frequency, unit: Hz, datatype: float64}
# - {name: MSAS, unit: mag / arcsec2, datatype: float64}
# - {name: ZP, datatype: float64}
# - {name: Sequence Number, datatype: int64}
# - {name: Sun Alt, unit: deg, datatype: float64}
# - {name: Moon Alt, unit: deg, datatype: float64}
# - {name: Moon Illumination, datatype: float64}
# delimiter: ','
# meta: !!omap
# - ida:
#     Data supplier: {affiliation: AAS Carballada Ager, observer: null}
#     Device type: TESS-W
#     Field of view: 17.0
#     Filters per channel: None
#     Instrument ID: stars639
#     License: ODbL 1.0 http://opendatacommons.org/licenses/odbl/summary/
#     Local timezone: Europe/Madrid
#     Location name: {country: Spain, place: AAS Carballada Ager, region: Catalonia, sub_region: Lleida, town: Ager}
#     Measurement direction per channel: {azimuth: 0.0, zenital: 0.0}
#     Moving / Fixed look direction: FIXED
#     Moving / Stationary position: STATIONARY
#     Number of channels: 1
#     Number of fields per line: 8
#     Number of header lines: 35
#     Position: {height: 0.0, latitude: 42.017687, longitude: 0.744085}
#     TESS MAC address: 98:F4:AB:B2:7B:28
#     TESS cover offset value: 0.0
#     TESS firmware version: '1.0'
#     TESS zero point: 20.38
#     Time Synchronization: timestamp added by MQTT subscriber
#     URL: http://www.darksky.org/NSBM/sdf1.0.pdf
# - __serialized_columns__:
#     Enclosure Temperature:
#       __class__: astropy.units.quantity.Quantity
#       unit: &id001 !astropy.units.Unit {unit: deg_C}
#       value: !astropy.table.SerializedColumn {name: Enclosure Temperature}
#     Frequency:
#       __class__: astropy.units.quantity.Quantity
#       unit: !astropy.units.Unit {unit: Hz}
#       value: !astropy.table.SerializedColumn {name: Frequency}
#     MSAS:
#       __class__: astropy.units.quantity.Quantity
#       unit: !astropy.units.Unit {unit: mag / arcsec2}
#       value: !astropy.table.SerializedColumn {name: MSAS}
#     Moon Alt:
#       __class__: astropy.units.quantity.Quantity
#       unit: &id002 !astropy.units.Unit {unit: deg}
#       value: !astropy.table.SerializedColumn {name: Moon Alt}
#     Sky Temperature:
#       __class__: astropy.units.quantity.Quantity
#       unit: *id001
#       value: !astropy.table.SerializedColumn {name: Sky Temperature}
#     Sun Alt:
#       __class__: astropy.units.quantity.Quantity
#       unit: *id002
#       value: !astropy.table.SerializedColumn {name: Sun Alt}
#     time:
#       __class__: astropy.time.core.Time
#       format: isot
#       in_subfmt: '*'
#       out_subfmt: '*'
#       precision: 3
#       scale: utc
#       value: !astropy.table.SerializedColumn {name: time}
# schema: astropy-2.0
time,Enclosure Temperature,Sky Temperature,Frequency,MSAS,ZP,Sequence Number,Sun Alt,Moon Alt,Moon Illumination
[from data line 16319]
2025-04-25T04:28:18.000,9.9,-13.96,320.6,14.12,20.38,2463,-6.52,8.0,0.101
2025-04-25T04:29:18.000,9.92,-14.11,398.29,13.88,20.38,2464,-6.35,8.0,0.101
2025-04-25T04:30:19.000,9.95,-14.17,493.35,13.65,20.38,2465,-6.17,9.0,0.101
2025-04-25T04:31:19.000,9.97,-14.3,611.36,13.42,20.38,2466,-6.0,9.0,0.101
2025-04-25T04:32:20.000,10.04,-14.11,757.11,13.18,20.38,2467,-5.83,9.0,0.101
2025-04-25T04:33:20.000,10.05,-14.12,936.84,12.95,20.38,2468,-5.66,9.0,0.101
2025-04-25T04:35:40.000,9.99,-14.15,1525.98,12.42,20.38,2470,-5.26,10.0,0.101
2025-04-25T04:36:40.000,9.95,-14.1,1893.49,12.19,20.38,2471,-5.09,10.0,0.101
2025-04-25T04:37:41.000,9.91,-14.18,2342.82,11.96,20.38,2472,-4.92,10.0,0.101
2025-04-25T04:38:41.000,9.91,-14.16,2895.13,11.73,20.38,2473,-4.75,10.0,0.101
2025-04-25T04:39:42.000,9.93,-14.27,3572.67,11.5,20.38,2474,-4.57,10.0,0.101
2025-04-25T04:40:42.000,9.99,-14.3,4397.44,11.27,20.38,2475,-4.4,10.0,0.101
2025-04-25T04:41:43.000,10.03,-14.3,5402.31,11.05,20.38,2476,-4.22,11.0,0.101
2025-04-25T04:42:43.000,10.05,-14.26,6617.02,10.83,20.38,2477,-4.05,11.0,0.101
2025-04-25T04:43:44.000,10.03,-14.18,8082.27,10.61,20.38,2478,-3.88,11.0,0.1
2025-04-25T04:44:44.000,10.02,-14.15,9831.24,10.4,20.38,2479,-3.7,11.0,0.1
2025-04-25T04:45:45.000,10.0,-14.09,11890.22,10.19,20.38,2480,-3.53,11.0,0.1
2025-04-25T04:46:45.000,9.95,-14.2,14302.31,9.99,20.38,2481,-3.35,12.0,0.1
2025-04-25T04:47:46.000,9.88,-14.32,17107.69,9.8,20.38,2482,-3.18,12.0,0.1
2025-04-25T04:48:46.000,9.8,-14.46,20349.11,9.61,20.38,2483,-3.0,12.0,0.1
2025-04-25T04:49:46.000,9.68,-14.58,24122.36,9.43,20.38,2484,-2.83,12.0,0.1
2025-04-25T04:50:47.000,9.55,-14.64,28167.73,9.33,20.38,2485,-2.65,12.0,0.1
2025-04-25T04:51:48.000,9.4,-14.68,33422.18,9.07,20.38,2486,-2.48,12.0,0.1
2025-04-25T04:52:48.000,9.28,-14.64,38984.69,8.9,20.38,2487,-2.3,13.0,0.1
2025-04-25T04:53:48.000,9.15,-14.65,45180.04,8.74,20.38,2488,-2.13,13.0,0.1
2025-04-25T04:54:49.000,9.05,-14.63,52040.87,8.59,20.38,2489,-1.95,13.0,0.1
2025-04-25T04:55:49.000,8.96,-14.55,59608.73,8.44,20.38,2490,-1.78,13.0,0.1
2025-04-25T04:56:50.000,8.91,-14.44,52383.96,1.39,20.38,2491,-1.6,13.0,0.1
2025-04-25T04:57:50.000,8.87,-14.46,50000.0,0.0,20.38,2492,-1.42,13.0,0.1
2025-04-25T04:58:51.000,8.84,-14.65,50000.0,0.0,20.38,2493,-1.24,14.0,0.1
2025-04-25T04:59:51.000,8.8,-14.6,50000.0,0.0,20.38,2494,-1.07,14.0,0.1
2025-04-25T05:16:55.000,8.89,-14.24,50000.0,0.0,20.38,2511,1.96,17.0,0.099
2025-04-25T05:17:55.000,8.94,-14.18,50000.0,0.0,20.38,2512,2.14,17.0,0.099
2025-04-25T05:18:55.000,9.0,-14.14,50000.0,0.0,20.38,2513,2.31,17.0,0.099
2025-04-25T05:19:55.000,9.05,-14.06,49728.46,0.09,20.38,2514,2.49,17.0,0.099
2025-04-25T05:20:55.000,9.09,-14.11,50000.0,0.0,20.38,2515,2.67,18.0,0.099
2025-04-25T05:21:55.000,9.11,-14.06,50000.0,0.0,20.38,2516,2.85,18.0,0.099
2025-04-25T05:22:55.000,9.09,-14.17,50000.0,0.0,20.38,2517,3.03,18.0,0.099
2025-04-25T05:23:55.000,9.05,-14.18,50000.0,0.0,20.38,2518,3.21,18.0,0.098
2025-04-25T05:24:55.000,9.02,-14.14,49723.87,0.09,20.38,2519,3.39,18.0,0.098
2025-04-25T05:25:56.000,8.99,-14.18,50000.0,0.0,20.38,2520,3.57,18.0,0.098
2025-04-25T05:26:56.000,8.93,-14.29,50000.0,0.0,20.38,2521,3.75,19.0,0.098
2025-04-25T05:27:56.000,8.88,-14.33,50000.0,0.0,20.38,2522,3.93,19.0,0.098
2025-04-25T07:13:11.000,19.26,-7.79,50000.0,0.0,20.38,2627,23.33,36.0,0.093
2025-04-25T07:14:11.000,18.93,-8.12,50000.0,0.0,20.38,2628,23.51,36.0,0.093
2025-04-25T07:15:11.000,18.73,-3.89,50000.0,0.0,20.38,2629,23.7,36.0,0.093
2025-04-25T07:17:30.000,18.8,-6.48,50000.0,0.0,20.38,2631,24.13,36.0,0.093
2025-04-25T07:18:30.000,19.04,-9.35,50000.0,0.0,20.38,2632,24.31,36.0,0.093
2025-04-25T07:19:31.000,19.28,-9.92,50000.0,0.0,20.38,2633,24.5,37.0,0.093
2025-04-25T18:23:45.000,18.5,-7.21,50000.0,0.0,20.38,3295,3.72,-23.0,0.063
2025-04-25T18:24:45.000,18.41,-7.21,50000.0,0.0,20.38,3296,3.54,-24.0,0.063
2025-04-25T18:25:45.000,18.3,-7.21,50000.0,0.0,20.38,3297,3.36,-24.0,0.063
2025-04-25T18:26:45.000,18.21,-7.23,49728.37,0.09,20.38,3298,3.18,-24.0,0.063
2025-04-25T18:27:45.000,18.12,-7.16,49725.41,0.09,20.38,3299,3.0,-24.0,0.063
2025-04-25T18:28:45.000,18.03,-7.16,50000.0,0.0,20.38,3300,2.82,-24.0,0.063
2025-04-25T18:29:45.000,17.96,-7.17,49728.43,0.09,20.38,3301,2.65,-24.0,0.063
2025-04-25T18:30:45.000,17.88,-7.22,50000.0,0.0,20.38,3302,2.47,-24.0,0.063
2025-04-25T18:31:46.000,17.8,-7.23,50000.0,0.0,20.38,3303,2.29,-25.0,0.063
2025-04-25T18:32:46.000,17.72,-7.34,49726.98,0.09,20.38,3304,2.11,-25.0,0.063
2025-04-25T18:33:46.000,17.63,-7.26,50000.0,0.0,20.38,3305,1.93,-25.0,0.063
2025-04-25T18:34:46.000,17.57,-7.2,50000.0,0.0,20.38,3306,1.75,-25.0,0.063
2025-04-25T18:35:46.000,17.52,-7.23,50000.0,0.0,20.38,3307,1.57,-25.0,0.063
2025-04-25T18:42:47.000,17.1,-7.38,50000.0,0.0,20.38,3314,0.33,-26.0,0.062
2025-04-25T18:43:47.000,17.05,-7.33,50000.0,0.0,20.38,3315,0.15,-26.0,0.062
2025-04-25T18:44:47.000,16.98,-7.39,50000.0,0.0,20.38,3316,-0.02,-27.0,0.062
2025-04-25T18:45:47.000,16.92,-7.22,49485.04,0.17,20.38,3317,-0.2,-27.0,0.062
2025-04-25T18:46:47.000,16.87,-7.26,50000.0,0.0,20.38,3318,-0.37,-27.0,0.062
2025-04-25T18:47:48.000,16.82,-7.21,50000.0,0.0,20.38,3319,-0.55,-27.0,0.062
2025-04-25T18:48:49.000,16.77,-7.32,50000.0,0.0,20.38,3320,-0.73,-27.0,0.062
2025-04-25T18:50:49.000,16.66,-7.27,50000.0,0.0,20.38,3322,-1.08,-27.0,0.062
2025-04-25T18:51:49.000,16.63,-7.24,50000.0,0.0,20.38,3323,-1.26,-28.0,0.062
2025-04-25T18:52:50.000,16.61,-7.2,50000.0,0.0,20.38,3324,-1.44,-28.0,0.062
2025-04-25T18:53:50.000,16.6,-7.05,58801.25,5.87,20.38,3325,-1.61,-28.0,0.062
2025-04-25T18:54:51.000,16.6,-6.96,56988.0,8.49,20.38,3326,-1.79,-28.0,0.062
2025-04-25T18:55:51.000,16.6,-6.86,50993.25,8.61,20.38,3327,-1.96,-28.0,0.062
2025-04-25T18:56:52.000,16.59,-6.68,45295.54,8.74,20.38,3328,-2.14,-28.0,0.062
2025-04-25T18:57:52.000,16.57,-6.57,39847.87,8.88,20.38,3329,-2.31,-28.0,0.062
2025-04-25T18:58:53.000,16.55,-6.41,34955.13,9.02,20.38,3330,-2.49,-29.0,0.062
2025-04-25T18:59:53.000,16.54,-6.2,30505.29,9.17,20.38,3331,-2.66,-29.0,0.062
2025-04-25T19:00:53.000,16.55,-6.02,26199.64,9.34,20.38,3332,-2.84,-29.0,0.062
2025-04-25T19:01:54.000,16.55,-5.91,22225.39,9.51,20.38,3333,-3.01,-29.0,0.061
2025-04-25T19:02:54.000,16.54,-5.83,18786.24,9.7,20.38,3334,-3.19,-29.0,0.061
2025-04-25T19:03:54.000,16.53,-5.71,15782.64,9.89,20.38,3335,-3.36,-29.0,0.061
2025-04-25T19:04:55.000,16.52,-5.6,13136.89,10.09,20.38,3336,-3.53,-29.0,0.061
2025-04-25T19:05:55.000,16.52,-5.53,10841.78,10.29,20.38,3337,-3.71,-30.0,0.061
2025-04-25T19:06:56.000,16.51,-5.5,8937.24,10.5,20.38,3338,-3.88,-30.0,0.061
2025-04-25T19:07:56.000,16.52,-5.56,7418.79,10.71,20.38,3339,-4.05,-30.0,0.061
2025-04-25T19:08:56.000,16.53,-5.54,6179.31,10.9,20.38,3340,-4.22,-30.0,0.061
2025-04-25T19:09:57.000,16.52,-5.57,5112.93,11.11,20.38,3341,-4.4,-30.0,0.061
2025-04-25T19:10:57.000,16.51,-5.57,4156.18,11.34,20.38,3342,-4.57,-30.0,0.061
2025-04-25T19:11:58.000,16.51,-5.47,3325.69,11.58,20.38,3343,-4.74,-30.0,0.061
2025-04-25T19:12:58.000,16.52,-5.53,2687.87,11.81,20.38,3344,-4.92,-31.0,0.061
2025-04-25T19:13:59.000,16.51,-5.44,2214.93,12.02,20.38,3345,-5.09,-31.0,0.061
2025-04-25T19:14:59.000,16.51,-5.38,1838.89,12.22,20.38,3346,-5.26,-31.0,0.061
2025-04-25T19:16:00.000,16.49,-5.38,1520.62,12.43,20.38,3347,-5.43,-31.0,0.061
2025-04-25T19:17:00.000,16.47,-5.32,1246.07,12.64,20.38,3348,-5.6,-31.0,0.061
2025-04-25T19:18:00.000,16.45,-5.35,1008.42,12.87,20.38,3349,-5.77,-31.0,0.061
2025-04-25T19:19:01.000,16.42,-5.33,808.42,13.11,20.38,3350,-5.94,-31.0,0.061
2025-04-25T19:20:02.000,16.39,-5.44,644.71,13.36,20.38,3351,-6.12,-32.0,0.061
2025-04-25T19:21:02.000,16.37,-5.46,513.51,13.61,20.38,3352,-6.29,-32.0,0.061
2025-04-25T19:22:03.000,16.34,-5.47,408.64,13.85,20.38,3353,-6.46,-32.0,0.061
2025-04-25T19:23:03.000,16.32,-5.59,324.69,14.1,20.38,3354,-6.63,-32.0,0.061
2025-04-25T19:24:03.000,16.28,-5.58,258.29,14.35,20.38,3355,-6.79,-32.0,0.061
2025-04-25T19:25:04.000,16.26,-5.59,204.2,14.61,20.38,3356,-6.96,-32.0,0.061
2025-04-25T19:26:04.000,16.25,-5.61,159.01,14.88,20.38,3357,-7.13,-32.0,0.06
2025-04-25T19:27:04.000,16.22,-5.66,123.3,15.16,20.38,3358,-7.3,-32.0,0.06
2025-04-25T19:28:04.000,16.2,-5.68,97.12,15.41,20.38,3359,-7.47,-33.0,0.06
2025-04-25T19:29:05.000,16.16,-5.71,78.48,15.65,20.38,3360,-7.64,-33.0,0.06
2025-04-25T19:30:05.000,16.12,-5.7,64.52,15.86,20.38,3361,-7.8,-33.0,0.06
2025-04-25T19:31:05.000,16.08,-5.61,54.07,16.05,20.38,3362,-7.97,-33.0,0.06
2025-04-25T19:32:05.000,16.03,-5.6,45.76,16.23,20.38,3363,-8.14,-33.0,0.06
2025-04-25T19:33:05.000,16.01,-5.58,38.52,16.42,20.38,3364,-8.3,-33.0,0.06
2025-04-25T19:34:06.000,15.98,-5.52,31.45,16.64,20.38,3365,-8.47,-33.0,0.06
2025-04-25T19:35:06.000,15.98,-5.43,25.69,16.86,20.38,3366,-8.64,-33.0,0.06
2025-04-25T19:36:06.000,15.97,-5.44,21.2,17.07,20.38,3367,-8.8,-34.0,0.06
2025-04-25T19:37:06.000,15.96,-5.37,17.84,17.25,20.38,3368,-8.97,-34.0,0.06
2025-04-25T19:38:06.000,15.95,-5.38,15.4,17.41,20.38,3369,-9.13,-34.0,0.06
2025-04-25T19:39:06.000,15.93,-5.23,13.42,17.56,20.38,3370,-9.3,-34.0,0.06
2025-04-25T19:40:06.000,15.93,-5.18,11.58,17.72,20.38,3371,-9.46,-34.0,0.06
2025-04-25T19:41:06.000,15.92,-5.1,10.21,17.86,20.38,3372,-9.62,-34.0,0.06
2025-04-25T19:42:06.000,15.9,-5.0,9.0,17.99,20.38,3373,-9.79,-34.0,0.06
2025-04-25T19:43:06.000,15.87,-4.92,7.97,18.13,20.38,3374,-9.95,-34.0,0.06
2025-04-25T19:44:07.000,15.84,-4.79,7.18,18.24,20.38,3375,-10.12,-35.0,0.06
2025-04-25T19:45:12.000,15.82,-4.58,6.48,18.35,20.38,3376,-10.29,-35.0,0.06
2025-04-25T19:46:11.000,15.79,-4.47,5.78,18.48,20.38,3377,-10.45,-35.0,0.06
2025-04-25T19:47:11.000,15.77,-4.28,5.17,18.6,20.38,3378,-10.61,-35.0,0.06
2025-04-25T19:48:11.000,15.76,-4.07,4.6,18.72,20.38,3379,-10.78,-35.0,0.06
2025-04-25T19:49:12.000,15.74,-4.13,4.1,18.85,20.38,3380,-10.94,-35.0,0.06
2025-04-25T19:50:12.000,15.71,-4.06,3.64,18.98,20.38,3381,-11.1,-35.0,0.06
2025-04-25T19:51:12.000,15.69,-3.93,3.25,19.1,20.38,3382,-11.26,-35.0,0.059
2025-04-25T19:52:12.000,15.68,-3.87,2.91,19.22,20.38,3383,-11.42,-36.0,0.059
2025-04-25T19:53:12.000,15.67,-3.73,2.64,19.33,20.38,3384,-11.58,-36.0,0.059
2025-04-25T19:54:12.000,15.68,-3.69,2.4,19.43,20.38,3385,-11.74,-36.0,0.059
2025-04-25T19:55:13.000,15.69,-3.64,2.2,19.52,20.38,3386,-11.91,-36.0,0.059
2025-04-25T19:56:13.000,15.7,-3.66,2.04,19.6,20.38,3387,-12.07,-36.0,0.059
2025-04-25T19:57:13.000,15.69,-3.71,1.89,19.69,20.38,3388,-12.22,-36.0,0.059
2025-04-25T19:58:13.000,15.69,-3.77,1.74,19.78,20.38,3389,-12.38,-36.0,0.059
2025-04-25T19:59:13.000,15.66,-3.86,1.6,19.87,20.38,3390,-12.54,-36.0,0.059
2025-04-25T20:00:13.000,15.64,-4.12,1.47,19.96,20.38,3391,-12.7,-36.0,0.059
2025-04-25T20:01:13.000,15.59,-4.11,1.36,20.05,20.38,3392,-12.86,-37.0,0.059
2025-04-25T20:02:13.000,15.59,-3.82,1.27,20.12,20.38,3393,-13.02,-37.0,0.059
2025-04-25T20:03:13.000,15.63,-3.56,1.18,20.2,20.38,3394,-13.17,-37.0,0.059
2025-04-25T20:04:14.000,15.7,-3.62,1.1,20.27,20.38,3395,-13.33,-37.0,0.059
2025-04-25T20:05:14.000,15.73,-3.74,1.04,20.34,20.38,3396,-13.49,-37.0,0.059
2025-04-25T20:06:14.000,15.72,-3.82,0.98,20.4,20.38,3397,-13.64,-37.0,0.059
2025-04-25T20:07:14.000,15.72,-3.8,0.93,20.46,20.38,3398,-13.8,-37.0,0.059
2025-04-25T20:08:14.000,15.7,-3.88,0.88,20.52,20.38,3399,-13.96,-37.0,0.059
2025-04-25T20:09:14.000,15.67,-3.89,0.83,20.58,20.38,3400,-14.11,-37.0,0.059
2025-04-25T20:10:14.000,15.66,-3.81,0.8,20.62,20.38,3401,-14.27,-38.0,0.059
2025-04-25T20:11:14.000,15.66,-3.84,0.78,20.65,20.38,3402,-14.42,-38.0,0.059
2025-04-25T20:12:14.000,15.63,-4.0,0.76,20.67,20.38,3403,-14.57,-38.0,0.059
2025-04-25T20:13:15.000,15.59,-3.88,0.75,20.69,20.38,3404,-14.73,-38.0,0.059
2025-04-25T20:14:15.000,15.58,-3.88,0.73,20.71,20.38,3405,-14.88,-38.0,0.059
2025-04-25T20:15:15.000,15.56,-3.85,0.72,20.74,20.38,3406,-15.04,-38.0,0.059
2025-04-25T20:16:15.000,15.56,-3.92,0.71,20.75,20.38,3407,-15.19,-38.0,0.058
2025-04-25T20:17:15.000,15.55,-3.76,0.71,20.75,20.38,3408,-15.34,-38.0,0.058
2025-04-25T20:18:15.000,15.52,-3.83,0.71,20.75,20.38,3409,-15.49,-38.0,0.058
2025-04-25T20:19:15.000,15.5,-3.78,0.72,20.74,20.38,3410,-15.65,-38.0,0.058
2025-04-25T20:20:15.000,15.48,-3.79,0.72,20.74,20.38,3411,-15.8,-39.0,0.058
2025-04-25T20:21:16.000,15.43,-3.71,0.72,20.74,20.38,3412,-15.95,-39.0,0.058
2025-04-25T20:22:16.000,15.45,-3.54,0.71,20.75,20.38,3413,-16.1,-39.0,0.058
2025-04-25T20:23:16.000,15.46,-3.55,0.7,20.77,20.38,3414,-16.25,-39.0,0.058
2025-04-25T20:24:16.000,15.5,-3.49,0.68,20.8,20.38,3415,-16.4,-39.0,0.058
2025-04-25T20:25:16.000,15.51,-3.63,0.65,20.85,20.38,3416,-16.55,-39.0,0.058
2025-04-25T20:26:16.000,15.5,-3.75,0.62,20.91,20.38,3417,-16.7,-39.0,0.058
2025-04-25T20:27:16.000,15.51,-3.69,0.58,20.97,20.38,3418,-16.85,-39.0,0.058
2025-04-25T20:28:16.000,15.5,-3.76,0.55,21.03,20.38,3419,-17.0,-39.0,0.058
2025-04-25T20:29:16.000,15.48,-3.75,0.54,21.04,20.38,3420,-17.14,-39.0,0.058
2025-04-25T20:30:16.000,15.45,-3.64,0.55,21.03,20.38,3421,-17.29,-39.0,0.058
2025-04-25T20:31:17.000,15.42,-3.49,0.56,21.0,20.38,3422,-17.44,-40.0,0.058
2025-04-25T20:32:17.000,15.4,-3.37,0.58,20.97,20.38,3423,-17.59,-40.0,0.058
2025-04-25T20:33:17.000,15.41,-3.07,0.6,20.94,20.38,3424,-17.73,-40.0,0.058
2025-04-25T20:34:17.000,15.44,-2.99,0.61,20.91,20.38,3425,-17.88,-40.0,0.058
2025-04-25T20:35:17.000,15.46,-2.73,0.63,20.89,20.38,3426,-18.02,-40.0,0.058
2025-04-25T20:36:18.000,15.48,-2.52,0.63,20.87,20.38,3427,-18.17,-40.0,0.058
2025-04-25T20:37:18.000,15.51,-2.28,0.63,20.87,20.38,3428,-18.32,-40.0,0.058
2025-04-25T20:38:18.000,15.56,-2.21,0.62,20.89,20.38,3429,-18.46,-40.0,0.058
2025-04-25T20:39:18.000,15.57,-2.16,0.62,20.91,20.38,3430,-18.6,-40.0,0.058
2025-04-25T20:40:18.000,15.58,-2.13,0.61,20.91,20.38,3431,-18.75,-40.0,0.058
2025-04-25T20:41:18.000,15.59,-2.07,0.62,20.9,20.38,3432,-18.89,-40.0,0.057
2025-04-25T20:42:18.000,15.6,-2.04,0.62,20.9,20.38,3433,-19.03,-41.0,0.057
2025-04-25T20:43:18.000,15.59,-2.04,0.61,20.91,20.38,3434,-19.17,-41.0,0.057
2025-04-25T20:44:18.000,15.57,-2.03,0.61,20.92,20.38,3435,-19.32,-41.0,0.057
2025-04-25T20:45:18.000,15.56,-2.0,0.61,20.92,20.38,3436,-19.46,-41.0,0.057
2025-04-25T20:46:19.000,15.57,-2.01,0.61,20.93,20.38,3437,-19.6,-41.0,0.057
2025-04-25T20:47:20.000,15.59,-1.95,0.59,20.96,20.38,3438,-19.74,-41.0,0.057
2025-04-25T20:48:20.000,15.63,-1.93,0.55,21.02,20.38,3439,-19.88,-41.0,0.057
2025-04-25T20:49:20.000,15.68,-2.01,0.53,21.08,20.38,3440,-20.02,-41.0,0.057
2025-04-25T20:50:20.000,15.72,-2.0,0.51,21.11,20.38,3441,-20.16,-41.0,0.057
2025-04-25T20:51:20.000,15.76,-2.07,0.5,21.13,20.38,3442,-20.3,-41.0,0.057
2025-04-25T20:52:21.000,15.81,-2.13,0.5,21.14,20.38,3443,-20.44,-41.0,0.057
2025-04-25T20:53:21.000,15.86,-2.19,0.5,21.14,20.38,3444,-20.57,-41.0,0.057
2025-04-25T20:54:21.000,15.9,-2.16,0.5,21.14,20.38,3445,-20.71,-41.0,0.057
2025-04-25T20:55:21.000,15.93,-2.13,0.5,21.13,20.38,3446,-20.85,-41.0,0.057
2025-04-25T20:56:21.000,15.93,-2.17,0.51,21.12,20.38,3447,-20.98,-42.0,0.057
2025-04-25T20:57:21.000,15.89,-2.22,0.52,21.1,20.38,3448,-21.12,-42.0,0.057
2025-04-25T20:58:21.000,15.83,-2.26,0.53,21.07,20.38,3449,-21.25,-42.0,0.057
2025-04-25T20:59:21.000,15.76,-2.16,0.55,21.04,20.38,3450,-21.39,-42.0,0.057
2025-04-25T21:00:21.000,15.72,-1.98,0.56,21.01,20.38,3451,-21.52,-42.0,0.057
2025-04-25T21:01:21.000,15.71,-1.72,0.57,20.99,20.38,3452,-21.66,-42.0,0.057
2025-04-25T21:02:21.000,15.73,-1.48,0.58,20.98,20.38,3453,-21.79,-42.0,0.057
2025-04-25T21:03:21.000,15.75,-1.35,0.58,20.97,20.38,3454,-21.92,-42.0,0.057
2025-04-25T21:04:22.000,15.76,-1.26,0.59,20.96,20.38,3455,-22.06,-42.0,0.057
2025-04-25T21:05:22.000,15.78,-1.26,0.59,20.96,20.38,3456,-22.19,-42.0,0.057
2025-04-25T21:06:22.000,15.76,-1.24,0.59,20.95,20.38,3457,-22.32,-42.0,0.057
2025-04-25T21:07:22.000,15.73,-1.14,0.6,20.94,20.38,3458,-22.45,-42.0,0.056
2025-04-25T21:08:22.000,15.72,-1.01,0.6,20.93,20.38,3459,-22.58,-42.0,0.056
2025-04-25T21:09:23.000,15.68,-1.27,0.6,20.93,20.38,3460,-22.71,-42.0,0.056
2025-04-25T21:10:23.000,15.63,-1.26,0.6,20.93,20.38,3461,-22.84,-42.0,0.056
