ecsv/stars52/stars52_2025-04.ecsv
# %ECSV 1.0
# ---
# datatype:
# - {name: time, datatype: string}
# - {name: Enclosure Temperature, unit: deg_C, datatype: float64}
# - {name: Sky Temperature, unit: deg_C, datatype: float64}
# - {name: Frequency, unit: Hz, datatype: float64}
# - {name: MSAS, unit: mag / arcsec2, datatype: float64}
# - {name: ZP, datatype: float64}
# - {name: Sequence Number, datatype: int64}
# - {name: Sun Alt, unit: deg, datatype: float64}
# - {name: Moon Alt, unit: deg, datatype: float64}
# - {name: Moon Illumination, datatype: float64}
# delimiter: ','
# meta: !!omap
# - ida:
#     Data supplier: {affiliation: "Hu\xE9rcal de Almer\xEDa", observer: null}
#     Device type: TESS-W
#     Field of view: 17.0
#     Filters per channel: None
#     Instrument ID: stars52
#     License: ODbL 1.0 http://opendatacommons.org/licenses/odbl/summary/
#     Local timezone: Europe/Madrid
#     Location name: {country: Spain, place: "Almer\xEDa", region: Andalusia, sub_region: Almeria, town: "Hu\xE9rcal de Almer\xEDa"}
#     Measurement direction per channel: {azimuth: 0.0, zenital: 0.0}
#     Moving / Fixed look direction: FIXED
#     Moving / Stationary position: STATIONARY
#     Number of channels: 1
#     Number of fields per line: 8
#     Number of header lines: 35
#     Position: {height: 0.0, latitude: 36.8787604, longitude: -2.4418338}
#     TESS MAC address: A0:20:A6:14:0A:72
#     TESS cover offset value: 0.0
#     TESS firmware version: '1.0'
#     TESS zero point: 20.4
#     Time Synchronization: timestamp added by MQTT subscriber
#     URL: http://www.darksky.org/NSBM/sdf1.0.pdf
# - __serialized_columns__:
#     Enclosure Temperature:
#       __class__: astropy.units.quantity.Quantity
#       unit: &id001 !astropy.units.Unit {unit: deg_C}
#       value: !astropy.table.SerializedColumn {name: Enclosure Temperature}
#     Frequency:
#       __class__: astropy.units.quantity.Quantity
#       unit: !astropy.units.Unit {unit: Hz}
#       value: !astropy.table.SerializedColumn {name: Frequency}
#     MSAS:
#       __class__: astropy.units.quantity.Quantity
#       unit: !astropy.units.Unit {unit: mag / arcsec2}
#       value: !astropy.table.SerializedColumn {name: MSAS}
#     Moon Alt:
#       __class__: astropy.units.quantity.Quantity
#       unit: &id002 !astropy.units.Unit {unit: deg}
#       value: !astropy.table.SerializedColumn {name: Moon Alt}
#     Sky Temperature:
#       __class__: astropy.units.quantity.Quantity
#       unit: *id001
#       value: !astropy.table.SerializedColumn {name: Sky Temperature}
#     Sun Alt:
#       __class__: astropy.units.quantity.Quantity
#       unit: *id002
#       value: !astropy.table.SerializedColumn {name: Sun Alt}
#     time:
#       __class__: astropy.time.core.Time
#       format: isot
#       in_subfmt: '*'
#       out_subfmt: '*'
#       precision: 3
#       scale: utc
#       value: !astropy.table.SerializedColumn {name: time}
# schema: astropy-2.0
time,Enclosure Temperature,Sky Temperature,Frequency,MSAS,ZP,Sequence Number,Sun Alt,Moon Alt,Moon Illumination
[from data line 17498]
2025-04-12T20:19:57.000,18.62,8.83,49.98,16.15,20.4,463482,-19.23,19.0,0.999
2025-04-12T20:20:27.000,18.59,8.93,50.46,16.14,20.4,463483,-19.32,19.0,0.999
2025-04-12T20:20:57.000,18.6,9.15,50.0,16.15,20.4,463484,-19.41,19.0,0.999
2025-04-12T20:21:28.000,18.62,9.18,49.98,16.15,20.4,463485,-19.5,19.0,0.999
2025-04-12T20:21:57.000,18.67,9.3,51.59,16.12,20.4,463486,-19.58,20.0,0.999
2025-04-12T20:22:27.000,18.69,9.19,53.82,16.07,20.4,463487,-19.67,20.0,0.999
2025-04-12T20:22:57.000,18.69,9.12,55.02,16.05,20.4,463488,-19.76,20.0,0.999
2025-04-12T20:23:58.000,18.68,8.91,55.27,16.04,20.4,463490,-19.94,20.0,0.999
2025-04-12T20:24:27.000,18.64,8.61,52.95,16.09,20.4,463491,-20.02,20.0,0.999
2025-04-12T20:24:58.000,18.61,8.57,50.35,16.15,20.4,463492,-20.11,20.0,0.999
2025-04-12T20:25:28.000,18.6,8.5,49.36,16.17,20.4,463493,-20.2,20.0,0.999
2025-04-12T20:25:59.000,18.59,8.51,48.98,16.18,20.4,463494,-20.29,20.0,0.999
2025-04-12T20:26:28.000,18.58,8.28,48.67,16.18,20.4,463495,-20.38,20.0,0.999
2025-04-12T20:26:58.000,18.5,7.93,48.15,16.19,20.4,463496,-20.46,20.0,0.999
2025-04-12T20:27:28.000,18.5,8.26,47.91,16.2,20.4,463497,-20.55,20.0,0.999
2025-04-12T20:27:58.000,18.51,8.08,47.7,16.2,20.4,463498,-20.64,21.0,0.999
2025-04-12T20:28:28.000,18.48,7.96,47.32,16.21,20.4,463499,-20.72,21.0,0.999
2025-04-12T20:28:58.000,18.47,7.98,47.31,16.21,20.4,463500,-20.81,21.0,0.999
2025-04-12T20:29:29.000,18.45,7.77,47.31,16.21,20.4,463501,-20.9,21.0,0.999
2025-04-12T20:29:59.000,18.4,7.6,47.17,16.22,20.4,463502,-20.99,21.0,0.999
2025-04-12T20:30:29.000,18.37,7.51,46.52,16.23,20.4,463503,-21.07,21.0,0.999
2025-04-12T20:31:00.000,18.32,7.54,46.14,16.24,20.4,463504,-21.16,21.0,0.999
2025-04-12T20:31:30.000,18.29,7.57,46.5,16.23,20.4,463505,-21.25,21.0,0.999
2025-04-12T20:32:00.000,18.27,7.51,46.06,16.24,20.4,463506,-21.34,21.0,0.999
2025-04-12T20:32:32.000,18.27,7.57,45.84,16.25,20.4,463507,-21.43,21.0,0.999
2025-04-12T20:33:05.000,18.23,7.24,45.81,16.25,20.4,463508,-21.52,21.0,0.999
2025-04-12T20:33:34.000,18.21,7.39,45.41,16.26,20.4,463509,-21.61,21.0,0.999
2025-04-12T20:34:04.000,18.2,7.36,45.04,16.27,20.4,463510,-21.69,22.0,0.999
2025-04-12T20:34:34.000,18.19,7.34,44.83,16.27,20.4,463511,-21.78,22.0,0.999
2025-04-12T20:35:04.000,18.15,7.12,44.62,16.28,20.4,463512,-21.86,22.0,0.999
2025-04-12T20:35:34.000,18.12,7.17,44.45,16.28,20.4,463513,-21.95,22.0,0.999
2025-04-12T20:36:06.000,18.12,7.32,44.48,16.28,20.4,463514,-22.04,22.0,0.999
2025-04-12T20:36:35.000,18.12,7.35,44.59,16.28,20.4,463515,-22.12,22.0,0.999
2025-04-12T20:37:05.000,18.14,7.42,44.85,16.27,20.4,463516,-22.21,22.0,0.999
2025-04-12T20:37:36.000,18.14,7.29,44.94,16.27,20.4,463517,-22.3,22.0,0.999
2025-04-12T20:38:06.000,18.12,7.25,44.97,16.27,20.4,463518,-22.38,22.0,0.999
2025-04-12T20:38:35.000,18.09,7.25,44.6,16.28,20.4,463519,-22.46,22.0,0.999
2025-04-12T20:39:06.000,18.1,7.29,44.42,16.28,20.4,463520,-22.55,22.0,0.999
2025-04-12T20:39:36.000,18.08,7.28,44.53,16.28,20.4,463521,-22.64,22.0,0.999
2025-04-12T20:40:06.000,18.11,7.43,44.79,16.27,20.4,463522,-22.72,22.0,0.999
2025-04-12T20:40:36.000,18.11,7.4,44.81,16.27,20.4,463523,-22.81,23.0,0.999
2025-04-12T20:41:06.000,18.12,7.43,45.03,16.27,20.4,463524,-22.89,23.0,0.999
2025-04-12T20:41:36.000,18.12,7.25,44.99,16.27,20.4,463525,-22.98,23.0,0.999
2025-04-12T20:42:06.000,18.11,7.24,45.36,16.26,20.4,463526,-23.06,23.0,0.999
2025-04-12T20:42:36.000,18.08,7.15,45.63,16.25,20.4,463527,-23.15,23.0,0.999
2025-04-12T20:43:06.000,18.07,7.2,45.81,16.25,20.4,463528,-23.23,23.0,0.999
2025-04-12T20:43:36.000,18.06,7.15,45.88,16.25,20.4,463529,-23.32,23.0,0.999
2025-04-12T20:44:06.000,18.04,7.18,45.64,16.25,20.4,463530,-23.4,23.0,0.999
2025-04-12T20:44:37.000,18.04,7.27,45.59,16.25,20.4,463531,-23.49,23.0,0.999
2025-04-12T20:45:07.000,18.03,7.21,45.54,16.26,20.4,463532,-23.57,23.0,0.999
2025-04-12T20:45:37.000,18.03,7.27,45.04,16.27,20.4,463533,-23.65,23.0,0.999
2025-04-12T20:46:07.000,18.02,7.29,44.58,16.28,20.4,463534,-23.74,23.0,0.999
2025-04-12T20:46:37.000,18.03,7.27,44.09,16.29,20.4,463535,-23.82,24.0,0.999
2025-04-12T20:47:08.000,18.02,7.31,44.81,16.27,20.4,463536,-23.91,24.0,0.999
2025-04-12T20:47:37.000,18.01,7.25,43.81,16.3,20.4,463537,-23.99,24.0,0.999
2025-04-12T20:48:09.000,17.97,7.13,43.44,16.31,20.4,463538,-24.08,24.0,0.999
2025-04-12T20:48:39.000,17.94,7.13,43.67,16.3,20.4,463539,-24.16,24.0,0.999
2025-04-12T20:49:09.000,17.93,7.25,44.65,16.28,20.4,463540,-24.25,24.0,0.999
2025-04-12T20:49:39.000,17.96,7.48,44.44,16.28,20.4,463541,-24.33,24.0,0.999
2025-04-12T20:50:09.000,17.98,7.38,43.98,16.29,20.4,463542,-24.41,24.0,0.999
2025-04-12T20:50:40.000,18.02,7.52,44.2,16.29,20.4,463543,-24.5,24.0,0.999
2025-04-12T20:51:09.000,18.06,7.53,43.82,16.3,20.4,463544,-24.58,24.0,0.999
2025-04-12T20:51:39.000,18.08,7.53,43.91,16.3,20.4,463545,-24.66,24.0,0.999
2025-04-12T20:52:09.000,18.1,7.51,44.58,16.28,20.4,463546,-24.74,24.0,0.999
2025-04-12T20:52:39.000,18.11,7.52,44.63,16.28,20.4,463547,-24.83,24.0,0.999
2025-04-12T20:53:09.000,18.11,7.38,44.82,16.27,20.4,463548,-24.91,25.0,0.999
2025-04-12T20:53:39.000,18.07,7.26,44.9,16.27,20.4,463549,-24.99,25.0,0.999
2025-04-12T20:54:09.000,18.07,7.35,44.96,16.27,20.4,463550,-25.07,25.0,0.999
2025-04-12T20:54:40.000,18.06,7.25,45.11,16.27,20.4,463551,-25.16,25.0,0.999
2025-04-12T20:55:10.000,18.01,7.2,45.54,16.26,20.4,463552,-25.24,25.0,0.999
2025-04-12T20:55:40.000,17.99,7.25,45.63,16.25,20.4,463553,-25.32,25.0,0.999
2025-04-12T20:56:10.000,18.03,7.48,45.76,16.25,20.4,463554,-25.4,25.0,0.999
2025-04-12T20:56:40.000,18.05,7.37,45.9,16.25,20.4,463555,-25.49,25.0,0.999
2025-04-12T20:57:10.000,18.04,7.23,45.75,16.25,20.4,463556,-25.57,25.0,0.999
2025-04-12T20:57:41.000,18.01,7.29,45.66,16.25,20.4,463557,-25.65,25.0,0.999
2025-04-12T20:58:10.000,18.04,7.39,45.82,16.25,20.4,463558,-25.73,25.0,0.999
2025-04-12T20:58:40.000,18.05,7.35,45.5,16.26,20.4,463559,-25.81,25.0,0.999
2025-04-12T20:59:10.000,18.05,7.3,45.38,16.26,20.4,463560,-25.89,25.0,0.999
2025-04-12T20:59:40.000,18.07,7.47,45.44,16.26,20.4,463561,-25.97,26.0,0.999
2025-04-12T21:00:10.000,18.08,7.37,45.54,16.26,20.4,463562,-26.06,26.0,0.999
2025-04-12T21:00:40.000,18.05,7.3,45.2,16.26,20.4,463563,-26.14,26.0,0.999
2025-04-12T21:01:10.000,18.06,7.36,44.86,16.27,20.4,463564,-26.22,26.0,0.999
2025-04-12T21:01:40.000,18.06,7.4,44.36,16.28,20.4,463565,-26.3,26.0,0.999
2025-04-12T21:02:10.000,18.08,7.45,44.11,16.29,20.4,463566,-26.38,26.0,0.999
2025-04-12T21:02:40.000,18.1,7.56,44.38,16.28,20.4,463567,-26.46,26.0,0.999
2025-04-12T21:03:10.000,18.12,7.49,44.25,16.29,20.4,463568,-26.54,26.0,0.999
2025-04-12T21:03:40.000,18.14,7.56,45.17,16.26,20.4,463569,-26.62,26.0,0.999
2025-04-12T21:04:10.000,18.17,7.59,45.88,16.25,20.4,463570,-26.7,26.0,0.999
2025-04-12T21:04:40.000,18.19,7.59,46.01,16.24,20.4,463571,-26.78,26.0,0.999
2025-04-12T21:05:11.000,18.2,7.5,46.13,16.24,20.4,463572,-26.86,26.0,0.999
2025-04-12T21:05:41.000,18.2,7.58,46.33,16.24,20.4,463573,-26.94,26.0,0.999
2025-04-12T21:06:12.000,18.18,7.41,46.02,16.24,20.4,463574,-27.03,26.0,0.999
2025-04-12T21:06:41.000,18.16,7.43,46.96,16.22,20.4,463575,-27.1,27.0,0.999
2025-04-12T21:07:11.000,18.15,7.45,46.82,16.22,20.4,463576,-27.18,27.0,0.999
2025-04-12T21:07:41.000,18.14,7.46,46.85,16.22,20.4,463577,-27.26,27.0,0.999
2025-04-12T21:08:11.000,18.16,7.52,46.85,16.22,20.4,463578,-27.34,27.0,0.999
2025-04-12T21:08:43.000,18.15,7.53,46.91,16.22,20.4,463579,-27.43,27.0,0.999
2025-04-12T21:09:13.000,18.17,7.52,46.91,16.22,20.4,463580,-27.5,27.0,0.999
2025-04-12T21:09:42.000,18.18,7.55,46.83,16.22,20.4,463581,-27.58,27.0,0.999
2025-04-12T21:10:14.000,18.18,7.49,45.45,16.26,20.4,463582,-27.66,27.0,0.999
2025-04-12T21:10:43.000,18.15,7.24,46.43,16.23,20.4,463583,-27.74,27.0,0.999
2025-04-12T21:11:13.000,18.11,7.34,45.66,16.25,20.4,463584,-27.82,27.0,0.999
2025-04-12T21:11:43.000,18.1,7.31,46.72,16.23,20.4,463585,-27.9,27.0,0.999
2025-04-12T21:12:13.000,18.08,7.37,46.88,16.22,20.4,463586,-27.98,27.0,0.999
2025-04-12T21:12:43.000,18.08,7.39,46.87,16.22,20.4,463587,-28.05,27.0,0.999
2025-04-12T21:13:13.000,18.08,7.47,46.83,16.22,20.4,463588,-28.13,27.0,0.999
2025-04-12T21:13:43.000,18.09,7.49,46.93,16.22,20.4,463589,-28.21,28.0,0.999
2025-04-12T21:14:13.000,18.1,7.44,46.95,16.22,20.4,463590,-28.29,28.0,0.999
2025-04-12T21:14:43.000,18.09,7.34,47.07,16.22,20.4,463591,-28.37,28.0,0.999
2025-04-12T21:15:13.000,18.08,7.31,46.76,16.23,20.4,463592,-28.44,28.0,0.999
2025-04-12T21:15:44.000,18.07,7.33,46.93,16.22,20.4,463593,-28.52,28.0,0.999
2025-04-12T21:16:14.000,18.07,7.29,46.96,16.22,20.4,463594,-28.6,28.0,0.999
2025-04-12T21:16:44.000,18.06,7.27,46.97,16.22,20.4,463595,-28.68,28.0,0.999
2025-04-12T21:17:14.000,18.05,7.23,47.08,16.22,20.4,463596,-28.76,28.0,0.999
2025-04-12T21:17:45.000,18.03,7.24,46.85,16.22,20.4,463597,-28.84,28.0,0.999
2025-04-12T21:18:14.000,17.99,7.21,47.26,16.21,20.4,463598,-28.91,28.0,0.999
2025-04-12T21:18:45.000,17.99,7.22,46.84,16.22,20.4,463599,-28.99,28.0,0.999
2025-04-12T21:19:15.000,17.98,7.3,46.95,16.22,20.4,463600,-29.07,28.0,0.999
2025-04-12T21:19:44.000,17.98,7.26,46.18,16.24,20.4,463601,-29.14,28.0,0.999
2025-04-12T21:20:14.000,17.98,7.28,46.38,16.23,20.4,463602,-29.22,28.0,0.999
2025-04-12T21:20:44.000,17.95,7.09,47.0,16.22,20.4,463603,-29.29,29.0,1.0
2025-04-12T21:21:15.000,17.88,6.91,46.95,16.22,20.4,463604,-29.37,29.0,1.0
2025-04-12T21:21:44.000,17.86,7.2,47.52,16.21,20.4,463605,-29.45,29.0,1.0
2025-04-12T21:22:14.000,17.87,7.3,47.93,16.2,20.4,463606,-29.52,29.0,1.0
2025-04-12T21:22:44.000,17.9,7.34,47.97,16.2,20.4,463607,-29.6,29.0,1.0
2025-04-12T21:23:14.000,17.9,7.36,47.95,16.2,20.4,463608,-29.67,29.0,1.0
2025-04-12T21:23:44.000,17.9,7.3,47.93,16.2,20.4,463609,-29.75,29.0,1.0
2025-04-12T21:24:16.000,17.9,7.25,47.92,16.2,20.4,463610,-29.83,29.0,1.0
2025-04-12T21:24:46.000,17.89,7.28,47.81,16.2,20.4,463611,-29.9,29.0,1.0
2025-04-12T21:25:16.000,17.9,7.3,47.9,16.2,20.4,463612,-29.98,29.0,1.0
2025-04-12T21:25:46.000,17.9,7.29,47.87,16.2,20.4,463613,-30.05,29.0,1.0
2025-04-12T21:26:17.000,17.9,7.31,48.05,16.2,20.4,463614,-30.13,29.0,1.0
2025-04-12T21:26:48.000,17.9,7.32,48.06,16.2,20.4,463615,-30.21,29.0,1.0
2025-04-12T21:27:18.000,17.91,7.3,47.92,16.2,20.4,463616,-30.28,29.0,1.0
2025-04-12T21:27:47.000,17.9,7.3,47.72,16.2,20.4,463617,-30.36,30.0,1.0
2025-04-12T21:28:18.000,17.91,7.33,47.65,16.21,20.4,463618,-30.43,30.0,1.0
2025-04-12T21:28:48.000,17.9,7.3,47.3,16.21,20.4,463619,-30.51,30.0,1.0
2025-04-12T21:29:18.000,17.9,7.34,46.97,16.22,20.4,463620,-30.58,30.0,1.0
2025-04-12T21:29:48.000,17.9,7.35,47.17,16.22,20.4,463621,-30.66,30.0,1.0
2025-04-12T21:30:18.000,17.9,7.31,47.2,16.22,20.4,463622,-30.73,30.0,1.0
2025-04-12T21:30:48.000,17.89,7.34,47.04,16.22,20.4,463623,-30.8,30.0,1.0
2025-04-12T21:31:18.000,17.88,7.33,47.3,16.21,20.4,463624,-30.88,30.0,1.0
2025-04-12T21:31:48.000,17.84,7.27,47.24,16.21,20.4,463625,-30.95,30.0,1.0
2025-04-12T21:32:18.000,17.83,7.33,47.09,16.22,20.4,463626,-31.02,30.0,1.0
2025-04-12T21:32:48.000,17.81,7.38,47.59,16.21,20.4,463627,-31.1,30.0,1.0
2025-04-12T21:33:18.000,17.81,7.38,48.31,16.19,20.4,463628,-31.17,30.0,1.0
2025-04-12T21:33:48.000,17.8,7.38,48.93,16.18,20.4,463629,-31.24,30.0,1.0
2025-04-12T21:34:49.000,17.79,7.5,50.35,16.15,20.4,463631,-31.39,30.0,1.0
2025-04-12T21:35:18.000,17.79,7.47,49.93,16.15,20.4,463632,-31.46,31.0,1.0
2025-04-12T21:35:49.000,17.78,7.43,49.68,16.16,20.4,463633,-31.53,31.0,1.0
2025-04-12T21:36:20.000,17.78,7.43,49.4,16.17,20.4,463634,-31.61,31.0,1.0
2025-04-12T21:36:49.000,17.76,7.4,48.87,16.18,20.4,463635,-31.68,31.0,1.0
2025-04-12T21:37:19.000,17.75,7.38,47.86,16.2,20.4,463636,-31.75,31.0,1.0
2025-04-12T21:37:50.000,17.74,7.37,47.32,16.21,20.4,463637,-31.83,31.0,1.0
2025-04-12T21:38:21.000,17.74,7.39,46.89,16.22,20.4,463638,-31.9,31.0,1.0
2025-04-12T21:38:51.000,17.73,7.38,46.88,16.22,20.4,463639,-31.97,31.0,1.0
2025-04-12T21:39:25.000,17.72,7.36,46.84,16.22,20.4,463640,-32.05,31.0,1.0
2025-04-12T21:39:55.000,17.73,7.35,46.77,16.23,20.4,463641,-32.12,31.0,1.0
2025-04-12T21:40:25.000,17.66,7.18,46.82,16.22,20.4,463642,-32.19,31.0,1.0
2025-04-12T21:40:55.000,17.65,7.43,46.8,16.22,20.4,463643,-32.26,31.0,1.0
2025-04-12T21:41:25.000,17.66,7.49,46.92,16.22,20.4,463644,-32.34,31.0,1.0
2025-04-12T21:41:55.000,17.64,7.26,47.27,16.21,20.4,463645,-32.41,31.0,1.0
2025-04-12T21:42:25.000,17.64,7.44,47.23,16.21,20.4,463646,-32.48,31.0,1.0
2025-04-12T21:42:55.000,17.65,7.45,47.53,16.21,20.4,463647,-32.55,32.0,1.0
2025-04-12T21:43:25.000,17.65,7.38,47.87,16.2,20.4,463648,-32.62,32.0,1.0
2025-04-12T21:43:55.000,17.66,7.45,47.87,16.2,20.4,463649,-32.69,32.0,1.0
2025-04-12T21:44:25.000,17.67,7.48,48.69,16.18,20.4,463650,-32.76,32.0,1.0
2025-04-12T21:44:55.000,17.7,7.59,48.54,16.19,20.4,463651,-32.83,32.0,1.0
2025-04-12T21:45:25.000,17.74,7.66,49.2,16.17,20.4,463652,-32.9,32.0,1.0
2025-04-12T21:45:55.000,17.76,7.62,49.35,16.17,20.4,463653,-32.96,32.0,1.0
2025-04-12T21:46:25.000,17.76,7.51,49.9,16.16,20.4,463654,-33.03,32.0,1.0
2025-04-12T21:46:55.000,17.75,7.4,50.94,16.13,20.4,463655,-33.1,32.0,1.0
2025-04-12T21:47:25.000,17.73,7.52,51.16,16.13,20.4,463656,-33.17,32.0,1.0
2025-04-12T21:47:56.000,17.76,7.64,51.54,16.12,20.4,463657,-33.24,32.0,1.0
2025-04-12T21:48:26.000,17.76,7.53,51.27,16.13,20.4,463658,-33.31,32.0,1.0
2025-04-12T21:48:56.000,17.78,7.56,51.68,16.12,20.4,463659,-33.38,32.0,1.0
2025-04-12T21:49:26.000,17.79,7.57,51.6,16.12,20.4,463660,-33.45,32.0,1.0
2025-04-12T21:49:56.000,17.77,7.34,51.3,16.13,20.4,463661,-33.52,32.0,1.0
2025-04-12T21:50:26.000,17.75,7.41,50.79,16.14,20.4,463662,-33.58,32.0,1.0
2025-04-12T21:50:56.000,17.73,7.34,51.05,16.13,20.4,463663,-33.65,33.0,1.0
2025-04-12T21:51:26.000,17.72,7.33,51.02,16.13,20.4,463664,-33.72,33.0,1.0
2025-04-12T21:51:56.000,17.69,7.43,50.81,16.14,20.4,463665,-33.79,33.0,1.0
2025-04-12T21:52:26.000,17.68,7.25,50.72,16.14,20.4,463666,-33.85,33.0,1.0
2025-04-12T21:52:56.000,17.65,7.34,50.92,16.13,20.4,463667,-33.92,33.0,1.0
2025-04-12T21:53:26.000,17.65,7.41,51.24,16.13,20.4,463668,-33.99,33.0,1.0
2025-04-12T21:53:56.000,17.65,7.38,50.85,16.13,20.4,463669,-34.06,33.0,1.0
2025-04-12T21:54:26.000,17.66,7.46,50.72,16.14,20.4,463670,-34.12,33.0,1.0
2025-04-12T21:54:56.000,17.68,7.46,51.46,16.12,20.4,463671,-34.19,33.0,1.0
2025-04-12T21:55:26.000,17.67,7.39,51.35,16.12,20.4,463672,-34.25,33.0,1.0
2025-04-12T21:55:56.000,17.7,7.41,52.26,16.1,20.4,463673,-34.32,33.0,1.0
2025-04-12T21:56:26.000,17.71,7.61,52.42,16.1,20.4,463674,-34.39,33.0,1.0
2025-04-12T21:56:56.000,17.74,7.61,52.17,16.11,20.4,463675,-34.45,33.0,1.0
2025-04-12T21:57:27.000,17.76,7.72,52.1,16.11,20.4,463676,-34.52,33.0,1.0
2025-04-12T21:57:56.000,17.79,7.72,51.65,16.12,20.4,463677,-34.58,33.0,1.0
2025-04-12T21:58:26.000,17.8,7.65,51.67,16.12,20.4,463678,-34.65,33.0,1.0
2025-04-12T21:58:57.000,17.77,7.55,50.3,16.15,20.4,463679,-34.72,33.0,1.0
2025-04-12T21:59:27.000,17.8,7.77,49.84,16.16,20.4,463680,-34.78,34.0,1.0
2025-04-12T21:59:57.000,17.79,7.61,49.99,16.15,20.4,463681,-34.85,34.0,1.0
2025-04-12T22:00:27.000,17.76,7.67,50.07,16.15,20.4,463682,-34.91,34.0,1.0
2025-04-12T22:00:57.000,17.77,7.85,49.95,16.15,20.4,463683,-34.98,34.0,1.0
2025-04-12T22:01:27.000,17.81,8.01,50.68,16.14,20.4,463684,-35.04,34.0,1.0
2025-04-12T22:01:57.000,17.85,7.95,49.95,16.15,20.4,463685,-35.1,34.0,1.0
2025-04-12T22:02:27.000,17.87,7.86,49.97,16.15,20.4,463686,-35.17,34.0,1.0
2025-04-12T22:02:57.000,17.88,7.88,50.12,16.15,20.4,463687,-35.23,34.0,1.0
2025-04-12T22:03:27.000,17.9,7.85,49.87,16.16,20.4,463688,-35.3,34.0,1.0
2025-04-12T22:03:57.000,17.91,7.9,49.1,16.17,20.4,463689,-35.36,34.0,1.0
2025-04-12T22:04:27.000,17.93,7.83,48.99,16.18,20.4,463690,-35.42,34.0,1.0
2025-04-12T22:04:57.000,17.94,7.83,48.68,16.18,20.4,463691,-35.49,34.0,1.0
2025-04-12T22:05:27.000,17.95,7.81,49.1,16.17,20.4,463692,-35.55,34.0,1.0
2025-04-12T22:05:57.000,17.95,7.7,49.72,16.16,20.4,463693,-35.61,34.0,1.0
2025-04-12T22:06:27.000,17.94,7.53,50.72,16.14,20.4,463694,-35.67,34.0,1.0
