ecsv/stars52/stars52_2025-04.ecsv
# %ECSV 1.0
# ---
# datatype:
# - {name: time, datatype: string}
# - {name: Enclosure Temperature, unit: deg_C, datatype: float64}
# - {name: Sky Temperature, unit: deg_C, datatype: float64}
# - {name: Frequency, unit: Hz, datatype: float64}
# - {name: MSAS, unit: mag / arcsec2, datatype: float64}
# - {name: ZP, datatype: float64}
# - {name: Sequence Number, datatype: int64}
# - {name: Sun Alt, unit: deg, datatype: float64}
# - {name: Moon Alt, unit: deg, datatype: float64}
# - {name: Moon Illumination, datatype: float64}
# delimiter: ','
# meta: !!omap
# - ida:
#     Data supplier: {affiliation: "Hu\xE9rcal de Almer\xEDa", observer: null}
#     Device type: TESS-W
#     Field of view: 17.0
#     Filters per channel: None
#     Instrument ID: stars52
#     License: ODbL 1.0 http://opendatacommons.org/licenses/odbl/summary/
#     Local timezone: Europe/Madrid
#     Location name: {country: Spain, place: "Almer\xEDa", region: Andalusia, sub_region: Almeria, town: "Hu\xE9rcal de Almer\xEDa"}
#     Measurement direction per channel: {azimuth: 0.0, zenital: 0.0}
#     Moving / Fixed look direction: FIXED
#     Moving / Stationary position: STATIONARY
#     Number of channels: 1
#     Number of fields per line: 8
#     Number of header lines: 35
#     Position: {height: 0.0, latitude: 36.8787604, longitude: -2.4418338}
#     TESS MAC address: A0:20:A6:14:0A:72
#     TESS cover offset value: 0.0
#     TESS firmware version: '1.0'
#     TESS zero point: 20.4
#     Time Synchronization: timestamp added by MQTT subscriber
#     URL: http://www.darksky.org/NSBM/sdf1.0.pdf
# - __serialized_columns__:
#     Enclosure Temperature:
#       __class__: astropy.units.quantity.Quantity
#       unit: &id001 !astropy.units.Unit {unit: deg_C}
#       value: !astropy.table.SerializedColumn {name: Enclosure Temperature}
#     Frequency:
#       __class__: astropy.units.quantity.Quantity
#       unit: !astropy.units.Unit {unit: Hz}
#       value: !astropy.table.SerializedColumn {name: Frequency}
#     MSAS:
#       __class__: astropy.units.quantity.Quantity
#       unit: !astropy.units.Unit {unit: mag / arcsec2}
#       value: !astropy.table.SerializedColumn {name: MSAS}
#     Moon Alt:
#       __class__: astropy.units.quantity.Quantity
#       unit: &id002 !astropy.units.Unit {unit: deg}
#       value: !astropy.table.SerializedColumn {name: Moon Alt}
#     Sky Temperature:
#       __class__: astropy.units.quantity.Quantity
#       unit: *id001
#       value: !astropy.table.SerializedColumn {name: Sky Temperature}
#     Sun Alt:
#       __class__: astropy.units.quantity.Quantity
#       unit: *id002
#       value: !astropy.table.SerializedColumn {name: Sun Alt}
#     time:
#       __class__: astropy.time.core.Time
#       format: isot
#       in_subfmt: '*'
#       out_subfmt: '*'
#       precision: 3
#       scale: utc
#       value: !astropy.table.SerializedColumn {name: time}
# schema: astropy-2.0
time,Enclosure Temperature,Sky Temperature,Frequency,MSAS,ZP,Sequence Number,Sun Alt,Moon Alt,Moon Illumination
[from data line 19617]
2025-04-14T03:40:53.000,14.23,-1.91,7.46,18.22,20.4,467157,-22.29,22.0,0.988
2025-04-14T03:41:23.000,14.2,-1.99,7.48,18.22,20.4,467158,-22.2,22.0,0.988
2025-04-14T03:41:55.000,14.16,-2.14,7.37,18.24,20.4,467159,-22.11,22.0,0.988
2025-04-14T03:42:25.000,14.12,-2.18,7.42,18.23,20.4,467160,-22.03,22.0,0.988
2025-04-14T03:42:56.000,14.1,-2.2,7.48,18.22,20.4,467161,-21.94,22.0,0.988
2025-04-14T03:43:25.000,14.08,-2.28,7.58,18.2,20.4,467162,-21.86,22.0,0.988
2025-04-14T03:43:56.000,14.06,-2.26,7.63,18.2,20.4,467163,-21.77,22.0,0.988
2025-04-14T03:44:56.000,14.06,-2.19,7.59,18.2,20.4,467165,-21.6,22.0,0.988
2025-04-14T03:45:25.000,14.04,-2.24,7.66,18.19,20.4,467166,-21.51,22.0,0.988
2025-04-14T03:45:56.000,14.02,-2.23,7.61,18.2,20.4,467167,-21.43,22.0,0.988
2025-04-14T03:46:26.000,14.02,-2.18,7.55,18.21,20.4,467168,-21.34,22.0,0.988
2025-04-14T03:46:56.000,13.99,-2.26,7.57,18.2,20.4,467169,-21.25,22.0,0.988
2025-04-14T03:47:26.000,13.96,-2.27,7.59,18.2,20.4,467170,-21.17,21.0,0.988
2025-04-14T03:47:56.000,13.95,-2.25,7.74,18.18,20.4,467171,-21.08,21.0,0.988
2025-04-14T03:48:26.000,13.94,-2.26,7.82,18.17,20.4,467172,-21.0,21.0,0.988
2025-04-14T03:48:56.000,13.93,-2.27,7.8,18.17,20.4,467173,-20.91,21.0,0.988
2025-04-14T03:49:26.000,13.92,-2.28,7.69,18.19,20.4,467174,-20.82,21.0,0.988
2025-04-14T03:49:56.000,13.89,-2.37,7.55,18.21,20.4,467175,-20.74,21.0,0.988
2025-04-14T03:50:27.000,13.88,-2.29,7.47,18.22,20.4,467176,-20.65,21.0,0.988
2025-04-14T03:50:57.000,13.88,-2.27,7.49,18.22,20.4,467177,-20.56,21.0,0.988
2025-04-14T03:51:27.000,13.87,-2.23,7.41,18.23,20.4,467178,-20.47,21.0,0.988
2025-04-14T03:51:58.000,13.86,-2.19,7.36,18.24,20.4,467179,-20.38,21.0,0.988
2025-04-14T03:52:27.000,13.87,-2.14,7.53,18.21,20.4,467180,-20.3,21.0,0.988
2025-04-14T03:52:57.000,13.86,-2.12,7.49,18.22,20.4,467181,-20.21,21.0,0.988
2025-04-14T03:53:28.000,13.86,-2.1,7.56,18.21,20.4,467182,-20.12,21.0,0.988
2025-04-14T03:53:58.000,13.86,-2.11,7.73,18.18,20.4,467183,-20.04,20.0,0.988
2025-04-14T03:55:01.000,13.85,-2.03,7.86,18.16,20.4,467185,-19.85,20.0,0.987
2025-04-14T03:55:31.000,13.86,-1.99,7.76,18.18,20.4,467186,-19.77,20.0,0.987
2025-04-14T03:56:02.000,13.86,-2.01,7.74,18.18,20.4,467187,-19.68,20.0,0.987
2025-04-14T03:56:31.000,13.85,-2.04,7.61,18.2,20.4,467188,-19.59,20.0,0.987
2025-04-14T03:57:01.000,13.84,-2.03,7.48,18.22,20.4,467189,-19.5,20.0,0.987
2025-04-14T03:57:31.000,13.85,-2.03,7.41,18.23,20.4,467190,-19.42,20.0,0.987
2025-04-14T03:58:01.000,13.84,-2.1,7.47,18.22,20.4,467191,-19.33,20.0,0.987
2025-04-14T03:58:31.000,13.81,-2.25,7.38,18.23,20.4,467192,-19.24,20.0,0.987
2025-04-14T03:59:01.000,13.79,-2.3,7.31,18.24,20.4,467193,-19.15,20.0,0.987
2025-04-14T03:59:31.000,13.77,-2.36,7.24,18.25,20.4,467194,-19.06,20.0,0.987
2025-04-14T04:00:01.000,13.77,-2.28,7.3,18.24,20.4,467195,-18.98,20.0,0.987
2025-04-14T04:00:31.000,13.78,-2.22,7.37,18.23,20.4,467196,-18.89,20.0,0.987
2025-04-14T04:01:02.000,13.78,-2.21,7.28,18.25,20.4,467197,-18.8,19.0,0.987
2025-04-14T04:01:32.000,13.79,-2.17,7.26,18.25,20.4,467198,-18.71,19.0,0.987
2025-04-14T04:02:02.000,13.79,-2.13,7.22,18.26,20.4,467199,-18.62,19.0,0.987
2025-04-14T04:02:32.000,13.81,-2.11,7.07,18.28,20.4,467200,-18.53,19.0,0.987
2025-04-14T04:03:02.000,13.81,-2.16,7.17,18.27,20.4,467201,-18.44,19.0,0.987
2025-04-14T04:03:34.000,13.82,-2.1,7.49,18.22,20.4,467202,-18.35,19.0,0.987
2025-04-14T04:04:04.000,13.83,-2.1,7.26,18.25,20.4,467203,-18.26,19.0,0.987
2025-04-14T04:04:34.000,13.83,-2.15,7.29,18.25,20.4,467204,-18.17,19.0,0.987
2025-04-14T04:05:04.000,13.81,-2.19,7.28,18.25,20.4,467205,-18.08,19.0,0.987
2025-04-14T04:05:35.000,13.79,-2.2,7.3,18.25,20.4,467206,-17.99,19.0,0.987
2025-04-14T04:06:05.000,13.79,-2.14,7.31,18.24,20.4,467207,-17.9,19.0,0.987
2025-04-14T04:06:35.000,13.8,-2.13,7.04,18.28,20.4,467208,-17.81,19.0,0.987
2025-04-14T04:07:05.000,13.83,-2.06,6.99,18.29,20.4,467209,-17.73,19.0,0.987
2025-04-14T04:07:35.000,13.83,-2.09,6.96,18.3,20.4,467210,-17.64,18.0,0.987
2025-04-14T04:08:05.000,13.84,-2.1,7.01,18.29,20.4,467211,-17.55,18.0,0.987
2025-04-14T04:08:35.000,13.84,-2.14,7.05,18.28,20.4,467212,-17.46,18.0,0.987
2025-04-14T04:09:08.000,13.82,-2.27,7.04,18.28,20.4,467213,-17.36,18.0,0.987
2025-04-14T04:09:38.000,13.81,-2.24,7.07,18.28,20.4,467214,-17.27,18.0,0.987
2025-04-14T04:10:09.000,13.8,-2.33,7.01,18.29,20.4,467215,-17.18,18.0,0.987
2025-04-14T04:10:38.000,13.78,-2.31,6.98,18.29,20.4,467216,-17.09,18.0,0.987
2025-04-14T04:11:08.000,13.79,-2.28,6.94,18.3,20.4,467217,-17.0,18.0,0.987
2025-04-14T04:11:38.000,13.79,-2.28,7.02,18.29,20.4,467218,-16.91,18.0,0.987
2025-04-14T04:12:08.000,13.79,-2.31,6.92,18.3,20.4,467219,-16.82,18.0,0.987
2025-04-14T04:12:38.000,13.77,-2.44,6.84,18.31,20.4,467220,-16.73,18.0,0.987
2025-04-14T04:13:09.000,13.77,-2.4,6.75,18.33,20.4,467221,-16.64,18.0,0.987
2025-04-14T04:13:38.000,13.75,-2.36,6.82,18.32,20.4,467222,-16.55,18.0,0.987
2025-04-14T04:14:08.000,13.75,-2.37,6.82,18.32,20.4,467223,-16.46,17.0,0.987
2025-04-14T04:14:38.000,13.76,-2.31,6.85,18.31,20.4,467224,-16.37,17.0,0.987
2025-04-14T04:15:10.000,13.77,-2.26,7.12,18.27,20.4,467225,-16.28,17.0,0.987
2025-04-14T04:15:40.000,13.78,-2.23,7.21,18.26,20.4,467226,-16.19,17.0,0.987
2025-04-14T04:16:14.000,13.78,-2.2,7.5,18.22,20.4,467227,-16.08,17.0,0.987
2025-04-14T04:16:43.000,13.79,-2.21,7.24,18.25,20.4,467228,-16.0,17.0,0.987
2025-04-14T04:17:14.000,13.79,-2.21,7.45,18.22,20.4,467229,-15.9,17.0,0.987
2025-04-14T04:17:43.000,13.79,-2.21,7.38,18.23,20.4,467230,-15.81,17.0,0.987
2025-04-14T04:18:13.000,13.79,-2.17,7.46,18.22,20.4,467231,-15.72,17.0,0.987
2025-04-14T04:18:43.000,13.79,-2.21,7.36,18.24,20.4,467232,-15.63,17.0,0.987
2025-04-14T04:19:13.000,13.79,-2.19,7.2,18.26,20.4,467233,-15.54,17.0,0.987
2025-04-14T04:19:44.000,13.78,-2.16,6.81,18.32,20.4,467234,-15.45,17.0,0.987
2025-04-14T04:20:14.000,13.77,-2.22,6.63,18.35,20.4,467235,-15.36,17.0,0.987
2025-04-14T04:20:44.000,13.75,-2.23,6.6,18.35,20.4,467236,-15.27,16.0,0.987
2025-04-14T04:21:14.000,13.75,-2.24,6.5,18.37,20.4,467237,-15.18,16.0,0.987
2025-04-14T04:21:45.000,13.75,-2.22,6.38,18.39,20.4,467238,-15.08,16.0,0.987
2025-04-14T04:22:15.000,13.74,-2.28,6.45,18.38,20.4,467239,-14.99,16.0,0.987
2025-04-14T04:22:45.000,13.73,-2.37,6.48,18.37,20.4,467240,-14.9,16.0,0.987
2025-04-14T04:23:19.000,13.73,-2.33,6.61,18.35,20.4,467241,-14.8,16.0,0.987
2025-04-14T04:23:49.000,13.71,-2.39,6.65,18.35,20.4,467242,-14.71,16.0,0.987
2025-04-14T04:24:20.000,13.71,-2.37,6.5,18.37,20.4,467243,-14.61,16.0,0.987
2025-04-14T04:24:50.000,13.71,-2.39,6.83,18.32,20.4,467244,-14.52,16.0,0.987
2025-04-14T04:25:20.000,13.71,-2.37,6.81,18.32,20.4,467245,-14.43,16.0,0.987
2025-04-14T04:25:50.000,13.71,-2.33,7.05,18.28,20.4,467246,-14.34,16.0,0.987
2025-04-14T04:26:21.000,13.72,-2.26,7.16,18.27,20.4,467247,-14.24,16.0,0.987
2025-04-14T04:26:51.000,13.72,-2.22,7.07,18.28,20.4,467248,-14.15,16.0,0.987
2025-04-14T04:27:21.000,13.74,-2.12,7.02,18.29,20.4,467249,-14.06,15.0,0.987
2025-04-14T04:27:51.000,13.74,-2.14,7.15,18.27,20.4,467250,-13.97,15.0,0.987
2025-04-14T04:28:21.000,13.74,-2.17,7.27,18.25,20.4,467251,-13.88,15.0,0.987
2025-04-14T04:28:51.000,13.74,-2.22,7.36,18.24,20.4,467252,-13.78,15.0,0.987
2025-04-14T04:29:21.000,13.74,-2.27,7.61,18.2,20.4,467253,-13.69,15.0,0.987
2025-04-14T04:29:53.000,13.73,-2.28,8.06,18.13,20.4,467254,-13.59,15.0,0.987
2025-04-14T04:30:24.000,13.73,-2.25,9.43,17.97,20.4,467255,-13.5,15.0,0.987
2025-04-14T04:30:54.000,13.7,-1.83,12.67,17.65,20.4,467256,-13.41,15.0,0.987
2025-04-14T04:31:23.000,13.71,-1.04,15.62,17.42,20.4,467257,-13.32,15.0,0.987
2025-04-14T04:31:53.000,13.71,-0.56,15.35,17.44,20.4,467258,-13.22,15.0,0.987
2025-04-14T04:32:24.000,13.73,-0.39,17.78,17.28,20.4,467259,-13.13,15.0,0.987
2025-04-14T04:32:54.000,13.75,-0.7,19.36,17.19,20.4,467260,-13.04,15.0,0.987
2025-04-14T04:33:25.000,13.75,-1.37,15.63,17.43,20.4,467261,-12.94,14.0,0.987
2025-04-14T04:33:54.000,13.75,-1.73,12.43,17.66,20.4,467262,-12.85,14.0,0.987
2025-04-14T04:34:24.000,13.76,-1.97,11.23,17.78,20.4,467263,-12.76,14.0,0.987
2025-04-14T04:34:54.000,13.75,-2.08,10.36,17.87,20.4,467264,-12.67,14.0,0.987
2025-04-14T04:35:25.000,13.75,-2.09,10.43,17.86,20.4,467265,-12.57,14.0,0.987
2025-04-14T04:35:55.000,13.75,-2.1,10.67,17.83,20.4,467266,-12.48,14.0,0.987
2025-04-14T04:36:26.000,13.74,-2.14,10.58,17.84,20.4,467267,-12.38,14.0,0.987
2025-04-14T04:36:55.000,13.73,-2.07,10.62,17.84,20.4,467268,-12.29,14.0,0.987
2025-04-14T04:37:25.000,13.72,-1.87,11.62,17.74,20.4,467269,-12.2,14.0,0.987
2025-04-14T04:37:56.000,13.71,-1.4,15.02,17.47,20.4,467270,-12.1,14.0,0.987
2025-04-14T04:38:25.000,13.71,-0.79,18.69,17.23,20.4,467271,-12.01,14.0,0.987
2025-04-14T04:38:55.000,13.72,-0.39,20.41,17.13,20.4,467272,-11.92,14.0,0.987
2025-04-14T04:39:25.000,13.72,-0.33,20.55,17.12,20.4,467273,-11.83,13.0,0.987
2025-04-14T04:39:55.000,13.73,-0.57,18.48,17.24,20.4,467274,-11.74,13.0,0.987
2025-04-14T04:41:26.000,13.74,-1.42,15.53,17.43,20.4,467277,-11.45,13.0,0.987
2025-04-14T04:41:56.000,13.74,-1.4,16.3,17.38,20.4,467278,-11.36,13.0,0.987
2025-04-14T04:42:26.000,13.72,-1.3,17.1,17.32,20.4,467279,-11.27,13.0,0.987
2025-04-14T04:42:56.000,13.71,-1.11,19.06,17.2,20.4,467280,-11.17,13.0,0.987
2025-04-14T04:43:59.000,13.7,-1.02,19.73,17.17,20.4,467282,-10.98,13.0,0.987
2025-04-14T04:44:29.000,13.7,-1.2,19.2,17.2,20.4,467283,-10.88,13.0,0.987
2025-04-14T04:44:59.000,13.68,-1.47,18.32,17.25,20.4,467284,-10.79,13.0,0.987
2025-04-14T04:45:29.000,13.68,-1.71,15.99,17.4,20.4,467285,-10.7,13.0,0.987
2025-04-14T04:45:59.000,13.68,-1.96,15.66,17.42,20.4,467286,-10.6,12.0,0.987
2025-04-14T04:46:29.000,13.69,-2.02,14.73,17.48,20.4,467287,-10.51,12.0,0.987
2025-04-14T04:47:00.000,13.69,-2.12,14.4,17.51,20.4,467288,-10.41,12.0,0.987
2025-04-14T04:47:29.000,13.65,-2.37,13.78,17.55,20.4,467289,-10.32,12.0,0.987
2025-04-14T04:48:00.000,13.63,-2.43,13.43,17.58,20.4,467290,-10.22,12.0,0.987
2025-04-14T04:48:30.000,13.61,-2.54,13.39,17.58,20.4,467291,-10.13,12.0,0.987
2025-04-14T04:49:00.000,13.61,-2.53,13.94,17.54,20.4,467292,-10.03,12.0,0.987
2025-04-14T04:49:30.000,13.59,-2.72,14.41,17.51,20.4,467293,-9.94,12.0,0.987
2025-04-14T04:50:00.000,13.56,-2.79,14.89,17.47,20.4,467294,-9.85,12.0,0.987
2025-04-14T04:50:30.000,13.55,-2.79,15.79,17.41,20.4,467295,-9.75,12.0,0.987
2025-04-14T04:51:00.000,13.55,-2.71,17.5,17.3,20.4,467296,-9.66,12.0,0.987
2025-04-14T04:51:30.000,13.55,-2.6,18.55,17.23,20.4,467297,-9.56,12.0,0.987
2025-04-14T04:52:00.000,13.55,-2.43,19.42,17.18,20.4,467298,-9.47,11.0,0.987
2025-04-14T04:52:31.000,13.55,-2.21,21.14,17.09,20.4,467299,-9.37,11.0,0.987
2025-04-14T04:53:00.000,13.55,-2.01,22.7,17.01,20.4,467300,-9.28,11.0,0.987
2025-04-14T04:53:31.000,13.55,-1.66,24.36,16.93,20.4,467301,-9.18,11.0,0.987
2025-04-14T04:54:01.000,13.56,-1.51,25.94,16.87,20.4,467302,-9.09,11.0,0.987
2025-04-14T04:54:31.000,13.57,-1.43,26.99,16.82,20.4,467303,-8.99,11.0,0.987
2025-04-14T04:55:02.000,13.57,-1.63,27.47,16.8,20.4,467304,-8.9,11.0,0.987
2025-04-14T04:55:31.000,13.56,-1.83,28.43,16.77,20.4,467305,-8.81,11.0,0.987
2025-04-14T04:56:02.000,13.57,-1.97,29.22,16.74,20.4,467306,-8.71,11.0,0.987
2025-04-14T04:56:40.000,13.57,-2.24,30.59,16.69,20.4,467307,-8.59,11.0,0.987
2025-04-14T04:57:09.000,13.56,-2.51,33.61,16.59,20.4,467308,-8.5,11.0,0.987
2025-04-14T04:57:40.000,13.56,-2.6,35.89,16.52,20.4,467309,-8.4,10.0,0.987
2025-04-14T04:58:09.000,13.57,-2.64,38.92,16.43,20.4,467310,-8.31,10.0,0.987
2025-04-14T04:58:40.000,13.57,-2.72,43.16,16.32,20.4,467311,-8.21,10.0,0.987
2025-04-14T04:59:11.000,13.57,-2.69,44.82,16.27,20.4,467312,-8.11,10.0,0.987
2025-04-14T04:59:41.000,13.57,-2.72,48.44,16.19,20.4,467313,-8.01,10.0,0.987
2025-04-14T05:00:11.000,13.56,-2.8,54.64,16.06,20.4,467314,-7.92,10.0,0.987
2025-04-14T05:00:41.000,13.55,-2.8,60.82,15.94,20.4,467315,-7.82,10.0,0.987
2025-04-14T05:01:11.000,13.54,-2.8,67.59,15.83,20.4,467316,-7.73,10.0,0.987
2025-04-14T05:01:41.000,13.54,-2.77,74.86,15.72,20.4,467317,-7.63,10.0,0.987
2025-04-14T05:02:11.000,13.55,-2.66,83.55,15.6,20.4,467318,-7.54,10.0,0.987
2025-04-14T05:02:41.000,13.55,-2.74,93.05,15.48,20.4,467319,-7.44,10.0,0.986
2025-04-14T05:03:11.000,13.55,-2.68,104.13,15.36,20.4,467320,-7.35,10.0,0.986
2025-04-14T05:03:41.000,13.55,-2.69,116.77,15.23,20.4,467321,-7.25,9.0,0.986
2025-04-14T05:04:13.000,13.54,-2.67,131.05,15.11,20.4,467322,-7.15,9.0,0.986
2025-04-14T05:05:15.000,13.52,-2.64,168.48,14.83,20.4,467324,-6.95,9.0,0.986
2025-04-14T05:05:45.000,13.51,-2.59,190.55,14.7,20.4,467325,-6.86,9.0,0.986
2025-04-14T05:06:46.000,13.49,-2.51,245.18,14.43,20.4,467327,-6.66,9.0,0.986
2025-04-14T05:07:16.000,13.47,-2.38,279.16,14.29,20.4,467328,-6.57,9.0,0.986
2025-04-14T05:07:45.000,13.47,-2.24,318.55,14.14,20.4,467329,-6.48,9.0,0.986
2025-04-14T05:08:16.000,13.47,-1.98,363.96,14.0,20.4,467330,-6.38,9.0,0.986
2025-04-14T05:08:46.000,13.46,-1.67,416.68,13.85,20.4,467331,-6.28,9.0,0.986
2025-04-14T05:09:16.000,13.47,-1.22,472.49,13.71,20.4,467332,-6.19,9.0,0.986
2025-04-14T05:09:46.000,13.47,-0.56,551.96,13.55,20.4,467333,-6.09,8.0,0.986
2025-04-14T05:10:16.000,13.51,0.21,661.41,13.35,20.4,467334,-5.99,8.0,0.986
2025-04-14T05:10:47.000,13.55,0.66,774.76,13.18,20.4,467335,-5.89,8.0,0.986
2025-04-14T05:11:16.000,13.57,0.84,842.93,13.09,20.4,467336,-5.8,8.0,0.986
2025-04-14T05:11:47.000,13.59,1.36,927.73,12.98,20.4,467337,-5.7,8.0,0.986
2025-04-14T05:12:16.000,13.62,2.33,1077.29,12.82,20.4,467338,-5.61,8.0,0.986
2025-04-14T05:12:46.000,13.67,3.73,1234.89,12.67,20.4,467339,-5.51,8.0,0.986
2025-04-14T05:13:16.000,13.74,5.06,1387.51,12.54,20.4,467340,-5.42,8.0,0.986
2025-04-14T05:13:47.000,13.81,6.0,1546.77,12.43,20.4,467341,-5.32,8.0,0.986
2025-04-14T05:14:17.000,13.9,6.9,1817.43,12.25,20.4,467342,-5.22,8.0,0.986
2025-04-14T05:14:48.000,14.01,7.83,2059.6,12.12,20.4,467343,-5.12,8.0,0.986
2025-04-14T05:15:18.000,14.11,8.63,2336.36,11.98,20.4,467344,-5.03,7.0,0.986
2025-04-14T05:15:47.000,14.22,9.43,2696.91,11.82,20.4,467345,-4.93,7.0,0.986
2025-04-14T05:16:18.000,14.31,10.25,3037.47,11.69,20.4,467346,-4.83,7.0,0.986
2025-04-14T05:16:47.000,14.41,10.96,3289.02,11.61,20.4,467347,-4.74,7.0,0.986
2025-04-14T05:17:17.000,14.52,11.45,3688.8,11.48,20.4,467348,-4.64,7.0,0.986
2025-04-14T05:17:48.000,14.61,11.61,4126.71,11.36,20.4,467349,-4.54,7.0,0.986
2025-04-14T05:18:17.000,14.71,11.86,4689.0,11.22,20.4,467350,-4.45,7.0,0.986
2025-04-14T05:18:48.000,14.83,12.06,5344.8,11.08,20.4,467351,-4.35,7.0,0.986
2025-04-14T05:19:18.000,14.92,12.08,6101.56,10.94,20.4,467352,-4.26,7.0,0.986
2025-04-14T05:19:48.000,15.01,11.95,6877.87,10.81,20.4,467353,-4.16,7.0,0.986
2025-04-14T05:20:19.000,15.09,11.84,7668.14,10.69,20.4,467354,-4.06,7.0,0.986
2025-04-14T05:20:49.000,15.18,11.89,8796.52,10.54,20.4,467355,-3.96,7.0,0.986
2025-04-14T05:21:19.000,15.27,12.06,9828.18,10.42,20.4,467356,-3.87,6.0,0.986
2025-04-14T05:21:49.000,15.35,12.26,10593.87,10.34,20.4,467357,-3.77,6.0,0.986
2025-04-14T05:22:19.000,15.44,12.33,11579.41,10.24,20.4,467358,-3.67,6.0,0.986
2025-04-14T05:22:50.000,15.51,12.55,12961.11,10.12,20.4,467359,-3.57,6.0,0.986
2025-04-14T05:23:19.000,15.57,12.36,14534.04,9.99,20.4,467360,-3.48,6.0,0.986
2025-04-14T05:23:49.000,15.61,12.46,15622.18,9.92,20.4,467361,-3.38,6.0,0.986
2025-04-14T05:24:19.000,15.72,12.53,17546.82,9.79,20.4,467362,-3.28,6.0,0.986
2025-04-14T05:24:49.000,15.81,12.25,20221.96,9.64,20.4,467363,-3.19,6.0,0.986
2025-04-14T05:25:19.000,15.87,12.0,23074.53,9.49,20.4,467364,-3.09,6.0,0.986
2025-04-14T05:25:51.000,15.89,11.69,25595.24,9.51,20.4,467365,-2.99,6.0,0.986
2025-04-14T05:26:20.000,15.93,11.89,27881.13,9.29,20.4,467366,-2.89,6.0,0.986
2025-04-14T05:26:51.000,15.96,12.1,29465.33,9.23,20.4,467367,-2.79,5.0,0.986
2025-04-14T05:27:20.000,16.02,12.17,32360.13,9.13,20.4,467368,-2.7,5.0,0.986
2025-04-14T05:27:50.000,16.07,12.15,31624.1,9.7,20.4,467369,-2.6,5.0,0.986
2025-04-14T05:28:21.000,16.1,12.37,36421.38,9.0,20.4,467370,-2.5,5.0,0.986
2025-04-14T05:28:50.000,16.16,12.58,38894.45,8.93,20.4,467371,-2.41,5.0,0.986
