ecsv/stars52/stars52_2025-04.ecsv
# %ECSV 1.0
# ---
# datatype:
# - {name: time, datatype: string}
# - {name: Enclosure Temperature, unit: deg_C, datatype: float64}
# - {name: Sky Temperature, unit: deg_C, datatype: float64}
# - {name: Frequency, unit: Hz, datatype: float64}
# - {name: MSAS, unit: mag / arcsec2, datatype: float64}
# - {name: ZP, datatype: float64}
# - {name: Sequence Number, datatype: int64}
# - {name: Sun Alt, unit: deg, datatype: float64}
# - {name: Moon Alt, unit: deg, datatype: float64}
# - {name: Moon Illumination, datatype: float64}
# delimiter: ','
# meta: !!omap
# - ida:
#     Data supplier: {affiliation: "Hu\xE9rcal de Almer\xEDa", observer: null}
#     Device type: TESS-W
#     Field of view: 17.0
#     Filters per channel: None
#     Instrument ID: stars52
#     License: ODbL 1.0 http://opendatacommons.org/licenses/odbl/summary/
#     Local timezone: Europe/Madrid
#     Location name: {country: Spain, place: "Almer\xEDa", region: Andalusia, sub_region: Almeria, town: "Hu\xE9rcal de Almer\xEDa"}
#     Measurement direction per channel: {azimuth: 0.0, zenital: 0.0}
#     Moving / Fixed look direction: FIXED
#     Moving / Stationary position: STATIONARY
#     Number of channels: 1
#     Number of fields per line: 8
#     Number of header lines: 35
#     Position: {height: 0.0, latitude: 36.8787604, longitude: -2.4418338}
#     TESS MAC address: A0:20:A6:14:0A:72
#     TESS cover offset value: 0.0
#     TESS firmware version: '1.0'
#     TESS zero point: 20.4
#     Time Synchronization: timestamp added by MQTT subscriber
#     URL: http://www.darksky.org/NSBM/sdf1.0.pdf
# - __serialized_columns__:
#     Enclosure Temperature:
#       __class__: astropy.units.quantity.Quantity
#       unit: &id001 !astropy.units.Unit {unit: deg_C}
#       value: !astropy.table.SerializedColumn {name: Enclosure Temperature}
#     Frequency:
#       __class__: astropy.units.quantity.Quantity
#       unit: !astropy.units.Unit {unit: Hz}
#       value: !astropy.table.SerializedColumn {name: Frequency}
#     MSAS:
#       __class__: astropy.units.quantity.Quantity
#       unit: !astropy.units.Unit {unit: mag / arcsec2}
#       value: !astropy.table.SerializedColumn {name: MSAS}
#     Moon Alt:
#       __class__: astropy.units.quantity.Quantity
#       unit: &id002 !astropy.units.Unit {unit: deg}
#       value: !astropy.table.SerializedColumn {name: Moon Alt}
#     Sky Temperature:
#       __class__: astropy.units.quantity.Quantity
#       unit: *id001
#       value: !astropy.table.SerializedColumn {name: Sky Temperature}
#     Sun Alt:
#       __class__: astropy.units.quantity.Quantity
#       unit: *id002
#       value: !astropy.table.SerializedColumn {name: Sun Alt}
#     time:
#       __class__: astropy.time.core.Time
#       format: isot
#       in_subfmt: '*'
#       out_subfmt: '*'
#       precision: 3
#       scale: utc
#       value: !astropy.table.SerializedColumn {name: time}
# schema: astropy-2.0
time,Enclosure Temperature,Sky Temperature,Frequency,MSAS,ZP,Sequence Number,Sun Alt,Moon Alt,Moon Illumination
[from data line 30981]
2025-04-22T01:03:22.000,14.83,-3.14,4.13,18.86,20.4,489523,-39.22,-16.0,0.398
2025-04-22T01:03:52.000,14.83,-3.09,4.2,18.84,20.4,489524,-39.19,-16.0,0.398
2025-04-22T01:04:22.000,14.81,-3.15,4.34,18.81,20.4,489525,-39.16,-16.0,0.398
2025-04-22T01:04:52.000,14.8,-3.09,4.4,18.79,20.4,489526,-39.13,-15.0,0.398
2025-04-22T01:05:22.000,14.79,-3.1,4.39,18.79,20.4,489527,-39.1,-15.0,0.398
2025-04-22T01:05:52.000,14.79,-3.08,4.3,18.82,20.4,489528,-39.06,-15.0,0.398
2025-04-22T01:06:22.000,14.78,-3.09,4.19,18.85,20.4,489529,-39.03,-15.0,0.398
2025-04-22T01:06:52.000,14.78,-3.09,4.12,18.86,20.4,489530,-39.0,-15.0,0.398
2025-04-22T01:07:23.000,14.75,-3.16,4.07,18.88,20.4,489531,-38.97,-15.0,0.398
2025-04-22T01:07:52.000,14.74,-3.06,4.05,18.88,20.4,489532,-38.94,-15.0,0.398
2025-04-22T01:08:22.000,14.74,-3.08,4.02,18.89,20.4,489533,-38.9,-15.0,0.398
2025-04-22T01:08:52.000,14.72,-3.15,4.01,18.89,20.4,489534,-38.87,-15.0,0.398
2025-04-22T01:09:22.000,14.71,-3.18,4.0,18.9,20.4,489535,-38.84,-15.0,0.398
2025-04-22T01:09:52.000,14.7,-3.17,4.0,18.89,20.4,489536,-38.8,-15.0,0.398
2025-04-22T01:10:22.000,14.7,-3.19,4.0,18.9,20.4,489537,-38.77,-14.0,0.398
2025-04-22T01:10:52.000,14.7,-3.19,3.98,18.9,20.4,489538,-38.74,-14.0,0.398
2025-04-22T01:11:22.000,14.68,-3.27,4.0,18.9,20.4,489539,-38.7,-14.0,0.397
2025-04-22T01:11:52.000,14.67,-3.27,3.89,18.93,20.4,489540,-38.67,-14.0,0.397
2025-04-22T01:12:23.000,14.66,-3.3,3.99,18.9,20.4,489541,-38.63,-14.0,0.397
2025-04-22T01:13:28.000,14.63,-3.38,3.96,18.91,20.4,489543,-38.56,-14.0,0.397
2025-04-22T01:13:57.000,14.6,-3.43,3.98,18.9,20.4,489544,-38.52,-14.0,0.397
2025-04-22T01:14:28.000,14.59,-3.4,3.94,18.91,20.4,489545,-38.49,-14.0,0.397
2025-04-22T01:14:58.000,14.59,-3.38,3.96,18.91,20.4,489546,-38.45,-14.0,0.397
2025-04-22T01:15:28.000,14.56,-3.49,3.96,18.91,20.4,489547,-38.42,-13.0,0.397
2025-04-22T01:15:58.000,14.55,-3.55,3.93,18.92,20.4,489548,-38.38,-13.0,0.397
2025-04-22T01:16:28.000,14.53,-3.54,3.91,18.92,20.4,489549,-38.34,-13.0,0.397
2025-04-22T01:16:58.000,14.52,-3.51,3.9,18.92,20.4,489550,-38.31,-13.0,0.397
2025-04-22T01:17:29.000,14.52,-3.54,3.88,18.93,20.4,489551,-38.27,-13.0,0.397
2025-04-22T01:18:00.000,14.52,-3.52,3.9,18.92,20.4,489552,-38.23,-13.0,0.397
2025-04-22T01:18:29.000,14.51,-3.53,3.89,18.93,20.4,489553,-38.19,-13.0,0.397
2025-04-22T01:19:00.000,14.5,-3.55,3.9,18.92,20.4,489554,-38.15,-13.0,0.397
2025-04-22T01:19:29.000,14.48,-3.52,3.92,18.92,20.4,489555,-38.12,-13.0,0.397
2025-04-22T01:19:59.000,14.45,-3.56,3.94,18.91,20.4,489556,-38.08,-13.0,0.397
2025-04-22T01:20:29.000,14.43,-3.59,3.92,18.92,20.4,489557,-38.04,-13.0,0.397
2025-04-22T01:20:59.000,14.42,-3.57,3.97,18.9,20.4,489558,-38.0,-12.0,0.397
2025-04-22T01:21:30.000,14.4,-3.58,3.99,18.9,20.4,489559,-37.96,-12.0,0.397
2025-04-22T01:22:30.000,14.38,-3.54,3.98,18.9,20.4,489561,-37.88,-12.0,0.397
2025-04-22T01:23:32.000,14.34,-3.53,3.9,18.92,20.4,489563,-37.8,-12.0,0.397
2025-04-22T01:24:01.000,14.34,-3.51,3.98,18.9,20.4,489564,-37.76,-12.0,0.397
2025-04-22T01:24:31.000,14.31,-3.5,4.0,18.9,20.4,489565,-37.72,-12.0,0.397
2025-04-22T01:25:01.000,14.3,-3.49,3.94,18.91,20.4,489566,-37.68,-12.0,0.396
2025-04-22T01:25:31.000,14.29,-3.45,3.93,18.92,20.4,489567,-37.64,-12.0,0.396
2025-04-22T01:26:02.000,14.28,-3.45,3.93,18.92,20.4,489568,-37.6,-12.0,0.396
2025-04-22T01:26:32.000,14.28,-3.44,3.92,18.92,20.4,489569,-37.56,-11.0,0.396
2025-04-22T01:27:02.000,14.27,-3.47,3.89,18.92,20.4,489570,-37.51,-11.0,0.396
2025-04-22T01:27:32.000,14.27,-3.38,3.88,18.93,20.4,489571,-37.47,-11.0,0.396
2025-04-22T01:28:02.000,14.27,-3.39,3.88,18.93,20.4,489572,-37.43,-11.0,0.396
2025-04-22T01:28:32.000,14.27,-3.39,3.87,18.93,20.4,489573,-37.39,-11.0,0.396
2025-04-22T01:29:36.000,14.25,-3.38,3.85,18.94,20.4,489575,-37.3,-11.0,0.396
2025-04-22T01:30:06.000,14.25,-3.33,3.84,18.94,20.4,489576,-37.26,-11.0,0.396
2025-04-22T01:30:37.000,14.25,-3.28,3.83,18.94,20.4,489577,-37.21,-11.0,0.396
2025-04-22T01:31:06.000,14.24,-3.26,3.83,18.94,20.4,489578,-37.17,-11.0,0.396
2025-04-22T01:31:36.000,14.24,-3.21,3.84,18.94,20.4,489579,-37.13,-10.0,0.396
2025-04-22T01:32:06.000,14.23,-3.16,3.86,18.93,20.4,489580,-37.08,-10.0,0.396
2025-04-22T01:32:36.000,14.22,-3.16,3.87,18.93,20.4,489581,-37.04,-10.0,0.396
2025-04-22T01:33:06.000,14.21,-3.07,3.85,18.94,20.4,489582,-36.99,-10.0,0.396
2025-04-22T01:33:36.000,14.22,-2.97,3.86,18.93,20.4,489583,-36.95,-10.0,0.396
2025-04-22T01:34:06.000,14.2,-3.0,3.87,18.93,20.4,489584,-36.9,-10.0,0.396
2025-04-22T01:34:37.000,14.19,-2.91,3.87,18.93,20.4,489585,-36.86,-10.0,0.396
2025-04-22T01:35:07.000,14.19,-2.9,3.9,18.92,20.4,489586,-36.81,-10.0,0.396
2025-04-22T01:35:37.000,14.19,-2.84,3.9,18.92,20.4,489587,-36.77,-10.0,0.396
2025-04-22T01:36:07.000,14.17,-2.85,3.9,18.92,20.4,489588,-36.72,-10.0,0.396
2025-04-22T01:36:37.000,14.17,-2.87,3.92,18.92,20.4,489589,-36.68,-10.0,0.396
2025-04-22T01:37:07.000,14.16,-2.84,3.94,18.91,20.4,489590,-36.63,-9.0,0.396
2025-04-22T01:37:37.000,14.16,-2.88,3.94,18.91,20.4,489591,-36.58,-9.0,0.396
2025-04-22T01:38:07.000,14.15,-2.88,3.94,18.91,20.4,489592,-36.54,-9.0,0.396
2025-04-22T01:38:37.000,14.17,-2.96,3.93,18.91,20.4,489593,-36.49,-9.0,0.395
2025-04-22T01:39:07.000,14.17,-3.03,3.91,18.92,20.4,489594,-36.44,-9.0,0.395
2025-04-22T01:39:37.000,14.18,-3.1,3.91,18.92,20.4,489595,-36.4,-9.0,0.395
2025-04-22T01:40:07.000,14.18,-3.19,3.91,18.92,20.4,489596,-36.35,-9.0,0.395
2025-04-22T01:40:37.000,14.19,-3.23,3.92,18.92,20.4,489597,-36.3,-9.0,0.395
2025-04-22T01:41:08.000,14.19,-3.31,3.92,18.92,20.4,489598,-36.25,-9.0,0.395
2025-04-22T01:41:37.000,14.19,-3.36,3.92,18.92,20.4,489599,-36.21,-9.0,0.395
2025-04-22T01:42:11.000,14.2,-3.36,3.89,18.93,20.4,489600,-36.15,-9.0,0.395
2025-04-22T01:42:41.000,14.21,-3.38,3.83,18.94,20.4,489601,-36.1,-8.0,0.395
2025-04-22T01:43:11.000,14.21,-3.48,3.82,18.95,20.4,489602,-36.05,-8.0,0.395
2025-04-22T01:43:41.000,14.2,-3.54,3.7,18.98,20.4,489603,-36.01,-8.0,0.395
2025-04-22T01:44:14.000,14.2,-3.49,3.66,18.99,20.4,489604,-35.95,-8.0,0.395
2025-04-22T01:44:43.000,14.21,-3.53,3.65,18.99,20.4,489605,-35.9,-8.0,0.395
2025-04-22T01:45:13.000,14.21,-3.48,3.65,18.99,20.4,489606,-35.85,-8.0,0.395
2025-04-22T01:45:43.000,14.21,-3.57,3.64,19.0,20.4,489607,-35.8,-8.0,0.395
2025-04-22T01:46:13.000,14.21,-3.49,3.64,19.0,20.4,489608,-35.75,-8.0,0.395
2025-04-22T01:46:44.000,14.21,-3.5,3.63,19.0,20.4,489609,-35.7,-8.0,0.395
2025-04-22T01:47:13.000,14.21,-3.5,3.64,19.0,20.4,489610,-35.65,-8.0,0.395
2025-04-22T01:47:43.000,14.21,-3.54,3.66,18.99,20.4,489611,-35.6,-8.0,0.395
2025-04-22T01:48:13.000,14.21,-3.46,3.63,19.0,20.4,489612,-35.55,-7.0,0.395
2025-04-22T01:48:43.000,14.21,-3.48,3.63,19.0,20.4,489613,-35.5,-7.0,0.395
2025-04-22T01:49:15.000,14.21,-3.5,3.64,19.0,20.4,489614,-35.45,-7.0,0.395
2025-04-22T01:49:45.000,14.21,-3.46,3.62,19.0,20.4,489615,-35.4,-7.0,0.395
2025-04-22T01:50:15.000,14.21,-3.42,3.63,19.0,20.4,489616,-35.34,-7.0,0.395
2025-04-22T01:50:45.000,14.21,-3.4,3.64,19.0,20.4,489617,-35.29,-7.0,0.395
2025-04-22T01:51:15.000,14.21,-3.45,3.65,18.99,20.4,489618,-35.24,-7.0,0.395
2025-04-22T01:51:45.000,14.21,-3.48,3.66,18.99,20.4,489619,-35.19,-7.0,0.395
2025-04-22T01:52:15.000,14.21,-3.51,3.68,18.98,20.4,489620,-35.14,-7.0,0.394
2025-04-22T01:52:46.000,14.21,-3.47,3.67,18.99,20.4,489621,-35.08,-7.0,0.394
2025-04-22T01:53:16.000,14.22,-3.49,3.68,18.99,20.4,489622,-35.03,-7.0,0.394
2025-04-22T01:53:45.000,14.21,-3.5,3.67,18.99,20.4,489623,-34.98,-6.0,0.394
2025-04-22T01:54:45.000,14.24,-3.35,3.69,18.98,20.4,489625,-34.87,-6.0,0.394
2025-04-22T01:55:15.000,14.25,-3.34,3.68,18.99,20.4,489626,-34.82,-6.0,0.394
2025-04-22T01:55:45.000,14.24,-3.45,3.68,18.99,20.4,489627,-34.76,-6.0,0.394
2025-04-22T01:56:16.000,14.23,-3.43,3.67,18.99,20.4,489628,-34.71,-6.0,0.394
2025-04-22T01:56:46.000,14.23,-3.46,3.64,19.0,20.4,489629,-34.65,-6.0,0.394
2025-04-22T01:57:15.000,14.23,-3.55,3.64,19.0,20.4,489630,-34.6,-6.0,0.394
2025-04-22T01:57:49.000,14.22,-3.5,3.63,19.0,20.4,489631,-34.54,-6.0,0.394
2025-04-22T01:58:19.000,14.24,-3.4,3.61,19.01,20.4,489632,-34.48,-6.0,0.394
2025-04-22T01:58:50.000,14.24,-3.47,3.62,19.0,20.4,489633,-34.43,-5.0,0.394
2025-04-22T01:59:19.000,14.25,-3.38,3.62,19.0,20.4,489634,-34.37,-5.0,0.394
2025-04-22T01:59:49.000,14.25,-3.45,3.64,19.0,20.4,489635,-34.32,-5.0,0.394
2025-04-22T02:00:19.000,14.23,-3.52,3.64,19.0,20.4,489636,-34.26,-5.0,0.394
2025-04-22T02:00:49.000,14.24,-3.45,3.63,19.0,20.4,489637,-34.21,-5.0,0.394
2025-04-22T02:01:20.000,14.25,-3.48,3.62,19.0,20.4,489638,-34.15,-5.0,0.394
2025-04-22T02:01:50.000,14.26,-3.49,3.62,19.0,20.4,489639,-34.09,-5.0,0.394
2025-04-22T02:02:19.000,14.27,-3.5,3.62,19.0,20.4,489640,-34.04,-5.0,0.394
2025-04-22T02:02:49.000,14.26,-3.52,3.6,19.01,20.4,489641,-33.98,-5.0,0.394
2025-04-22T02:03:20.000,14.26,-3.53,3.6,19.01,20.4,489642,-33.92,-5.0,0.394
2025-04-22T02:03:49.000,14.25,-3.53,3.58,19.02,20.4,489643,-33.87,-5.0,0.394
2025-04-22T02:04:19.000,14.25,-3.49,3.58,19.01,20.4,489644,-33.81,-4.0,0.394
2025-04-22T02:04:50.000,14.26,-3.45,3.58,19.01,20.4,489645,-33.75,-4.0,0.394
2025-04-22T02:05:20.000,14.26,-3.45,3.59,19.01,20.4,489646,-33.7,-4.0,0.394
2025-04-22T02:05:50.000,14.25,-3.51,3.59,19.01,20.4,489647,-33.64,-4.0,0.393
2025-04-22T02:06:20.000,14.24,-3.53,3.6,19.01,20.4,489648,-33.58,-4.0,0.393
2025-04-22T02:06:50.000,14.24,-3.58,3.62,19.0,20.4,489649,-33.52,-4.0,0.393
2025-04-22T02:07:20.000,14.24,-3.49,3.63,19.0,20.4,489650,-33.46,-4.0,0.393
2025-04-22T02:07:50.000,14.24,-3.51,3.65,19.0,20.4,489651,-33.41,-4.0,0.393
2025-04-22T02:08:20.000,14.24,-3.53,3.65,18.99,20.4,489652,-33.35,-4.0,0.393
2025-04-22T02:08:51.000,14.23,-3.54,3.64,19.0,20.4,489653,-33.29,-4.0,0.393
2025-04-22T02:09:21.000,14.21,-3.65,3.63,19.0,20.4,489654,-33.23,-4.0,0.393
2025-04-22T02:09:51.000,14.21,-3.51,3.61,19.01,20.4,489655,-33.17,-4.0,0.393
2025-04-22T02:10:21.000,14.24,-3.37,3.6,19.01,20.4,489656,-33.11,-3.0,0.393
2025-04-22T02:10:51.000,14.24,-3.41,3.61,19.01,20.4,489657,-33.05,-3.0,0.393
2025-04-22T02:11:21.000,14.23,-3.46,3.61,19.01,20.4,489658,-32.99,-3.0,0.393
2025-04-22T02:11:52.000,14.24,-3.36,3.62,19.0,20.4,489659,-32.93,-3.0,0.393
2025-04-22T02:12:21.000,14.24,-3.4,3.61,19.01,20.4,489660,-32.87,-3.0,0.393
2025-04-22T02:12:51.000,14.24,-3.37,3.63,19.0,20.4,489661,-32.81,-3.0,0.393
2025-04-22T02:13:21.000,14.25,-3.31,3.62,19.0,20.4,489662,-32.75,-3.0,0.393
2025-04-22T02:13:51.000,14.26,-3.22,3.64,19.0,20.4,489663,-32.69,-3.0,0.393
2025-04-22T02:14:22.000,14.27,-3.21,3.65,19.0,20.4,489664,-32.63,-3.0,0.393
2025-04-22T02:14:52.000,14.25,-3.2,3.64,19.0,20.4,489665,-32.57,-3.0,0.393
2025-04-22T02:15:22.000,14.25,-3.19,3.65,18.99,20.4,489666,-32.51,-3.0,0.393
2025-04-22T02:15:52.000,14.25,-3.17,3.67,18.99,20.4,489667,-32.44,-2.0,0.393
2025-04-22T02:16:23.000,14.27,-3.12,3.68,18.99,20.4,489668,-32.38,-2.0,0.393
2025-04-22T02:16:52.000,14.27,-3.08,3.69,18.98,20.4,489669,-32.32,-2.0,0.393
2025-04-22T02:17:23.000,14.28,-3.03,3.72,18.98,20.4,489670,-32.26,-2.0,0.393
2025-04-22T02:17:53.000,14.29,-3.01,3.67,18.99,20.4,489671,-32.2,-2.0,0.393
2025-04-22T02:18:22.000,14.32,-2.94,3.69,18.98,20.4,489672,-32.14,-2.0,0.393
2025-04-22T02:18:53.000,14.29,-3.12,3.69,18.98,20.4,489673,-32.07,-2.0,0.393
2025-04-22T02:19:23.000,14.29,-3.01,3.69,18.98,20.4,489674,-32.01,-2.0,0.392
2025-04-22T02:19:53.000,14.32,-2.96,3.68,18.99,20.4,489675,-31.95,-2.0,0.392
2025-04-22T02:20:23.000,14.3,-3.09,3.67,18.99,20.4,489676,-31.88,-2.0,0.392
2025-04-22T02:20:53.000,14.33,-3.04,3.68,18.99,20.4,489677,-31.82,-2.0,0.392
2025-04-22T02:21:23.000,14.33,-3.14,3.65,18.99,20.4,489678,-31.76,-1.0,0.392
2025-04-22T02:21:53.000,14.33,-3.11,3.63,19.0,20.4,489679,-31.69,-1.0,0.392
2025-04-22T02:22:23.000,14.34,-3.13,3.62,19.0,20.4,489680,-31.63,-1.0,0.392
2025-04-22T02:22:53.000,14.36,-3.13,3.62,19.0,20.4,489681,-31.57,-1.0,0.392
2025-04-22T02:23:23.000,14.35,-3.25,3.63,19.0,20.4,489682,-31.5,-1.0,0.392
2025-04-22T02:23:53.000,14.35,-3.24,3.64,19.0,20.4,489683,-31.44,-1.0,0.392
2025-04-22T02:24:23.000,14.35,-3.31,3.65,18.99,20.4,489684,-31.38,-1.0,0.392
2025-04-22T02:24:53.000,14.34,-3.28,3.64,19.0,20.4,489685,-31.31,-1.0,0.392
2025-04-22T02:25:23.000,14.36,-3.21,3.65,18.99,20.4,489686,-31.25,-1.0,0.392
2025-04-22T02:25:53.000,14.37,-3.22,3.68,18.98,20.4,489687,-31.18,-1.0,0.392
2025-04-22T02:26:23.000,14.37,-3.23,3.65,18.99,20.4,489688,-31.12,-1.0,0.392
2025-04-22T02:26:53.000,14.37,-3.26,3.65,18.99,20.4,489689,-31.05,-0.0,0.392
2025-04-22T02:27:24.000,14.37,-3.22,3.67,18.99,20.4,489690,-30.99,-0.0,0.392
2025-04-22T02:27:54.000,14.37,-3.14,3.65,18.99,20.4,489691,-30.92,-0.0,0.392
2025-04-22T02:28:24.000,14.38,-3.1,3.66,18.99,20.4,489692,-30.85,-0.0,0.392
2025-04-22T02:28:54.000,14.37,-3.04,3.65,18.99,20.4,489693,-30.79,-0.0,0.392
2025-04-22T02:29:24.000,14.37,-3.12,3.69,18.98,20.4,489694,-30.72,-0.0,0.392
2025-04-22T02:29:54.000,14.36,-3.13,3.69,18.98,20.4,489695,-30.66,0.0,0.392
2025-04-22T02:30:24.000,14.36,-3.06,3.74,18.97,20.4,489696,-30.59,0.0,0.392
2025-04-22T02:30:55.000,14.36,-2.95,3.73,18.97,20.4,489697,-30.52,0.0,0.392
2025-04-22T02:31:24.000,14.38,-2.79,3.81,18.95,20.4,489698,-30.46,0.0,0.392
2025-04-22T02:31:54.000,14.38,-2.79,3.85,18.94,20.4,489699,-30.39,0.0,0.392
2025-04-22T02:32:24.000,14.37,-2.97,3.9,18.92,20.4,489700,-30.33,1.0,0.392
2025-04-22T02:32:54.000,14.36,-2.9,3.93,18.92,20.4,489701,-30.26,1.0,0.391
2025-04-22T02:33:25.000,14.37,-2.96,3.89,18.93,20.4,489702,-30.19,1.0,0.391
2025-04-22T02:33:56.000,14.37,-3.1,3.81,18.95,20.4,489703,-30.12,1.0,0.391
2025-04-22T02:34:27.000,14.35,-3.14,3.76,18.96,20.4,489704,-30.05,1.0,0.391
2025-04-22T02:34:56.000,14.35,-3.18,3.69,18.98,20.4,489705,-29.99,1.0,0.391
2025-04-22T02:35:26.000,14.34,-3.35,3.67,18.99,20.4,489706,-29.92,1.0,0.391
2025-04-22T02:35:56.000,14.33,-3.28,3.67,18.99,20.4,489707,-29.85,1.0,0.391
2025-04-22T02:36:26.000,14.33,-3.27,3.66,18.99,20.4,489708,-29.78,1.0,0.391
2025-04-22T02:36:56.000,14.32,-3.36,3.65,19.0,20.4,489709,-29.72,1.0,0.391
2025-04-22T02:37:26.000,14.29,-3.44,3.64,19.0,20.4,489710,-29.65,1.0,0.391
2025-04-22T02:37:56.000,14.27,-3.6,3.65,19.0,20.4,489711,-29.58,1.0,0.391
2025-04-22T02:38:26.000,14.28,-3.52,3.64,19.0,20.4,489712,-29.51,2.0,0.391
2025-04-22T02:38:58.000,14.28,-3.56,3.66,18.99,20.4,489713,-29.44,2.0,0.391
2025-04-22T02:39:28.000,14.28,-3.6,3.65,19.0,20.4,489714,-29.37,2.0,0.391
2025-04-22T02:40:00.000,14.28,-3.6,3.64,19.0,20.4,489715,-29.3,2.0,0.391
2025-04-22T02:40:31.000,14.28,-3.59,3.64,19.0,20.4,489716,-29.22,2.0,0.391
2025-04-22T02:41:00.000,14.27,-3.64,3.64,19.0,20.4,489717,-29.16,2.0,0.391
2025-04-22T02:41:30.000,14.25,-3.68,3.61,19.01,20.4,489718,-29.09,2.0,0.391
2025-04-22T02:42:31.000,14.24,-3.62,3.62,19.0,20.4,489720,-28.95,2.0,0.391
2025-04-22T02:43:01.000,14.24,-3.65,3.62,19.0,20.4,489721,-28.88,2.0,0.391
2025-04-22T02:43:33.000,14.23,-3.64,3.62,19.0,20.4,489722,-28.8,2.0,0.391
2025-04-22T02:44:02.000,14.23,-3.67,3.62,19.0,20.4,489723,-28.73,3.0,0.391
2025-04-22T02:44:33.000,14.21,-3.71,3.62,19.0,20.4,489724,-28.66,3.0,0.391
2025-04-22T02:45:03.000,14.2,-3.65,3.63,19.0,20.4,489725,-28.59,3.0,0.391
2025-04-22T02:45:34.000,14.17,-3.78,3.63,19.0,20.4,489726,-28.52,3.0,0.391
2025-04-22T02:46:04.000,14.17,-3.72,3.62,19.0,20.4,489727,-28.45,3.0,0.391
2025-04-22T02:46:34.000,14.16,-3.74,3.63,19.0,20.4,489728,-28.38,3.0,0.39
2025-04-22T02:47:05.000,14.16,-3.71,3.62,19.0,20.4,489729,-28.3,3.0,0.39
2025-04-22T02:47:35.000,14.14,-3.78,3.61,19.01,20.4,489730,-28.23,3.0,0.39
2025-04-22T02:48:05.000,14.15,-3.71,3.62,19.0,20.4,489731,-28.16,3.0,0.39
2025-04-22T02:48:35.000,14.13,-3.81,3.61,19.01,20.4,489732,-28.09,3.0,0.39
2025-04-22T02:49:05.000,14.13,-3.84,3.61,19.01,20.4,489733,-28.02,3.0,0.39
2025-04-22T02:49:35.000,14.14,-3.76,3.61,19.01,20.4,489734,-27.95,3.0,0.39
2025-04-22T02:50:05.000,14.15,-3.75,3.61,19.01,20.4,489735,-27.88,4.0,0.39
2025-04-22T02:50:35.000,14.14,-3.78,3.61,19.01,20.4,489736,-27.8,4.0,0.39
2025-04-22T02:51:05.000,14.14,-3.8,3.6,19.01,20.4,489737,-27.73,4.0,0.39
