ecsv/stars52/stars52_2025-04.ecsv
# %ECSV 1.0
# ---
# datatype:
# - {name: time, datatype: string}
# - {name: Enclosure Temperature, unit: deg_C, datatype: float64}
# - {name: Sky Temperature, unit: deg_C, datatype: float64}
# - {name: Frequency, unit: Hz, datatype: float64}
# - {name: MSAS, unit: mag / arcsec2, datatype: float64}
# - {name: ZP, datatype: float64}
# - {name: Sequence Number, datatype: int64}
# - {name: Sun Alt, unit: deg, datatype: float64}
# - {name: Moon Alt, unit: deg, datatype: float64}
# - {name: Moon Illumination, datatype: float64}
# delimiter: ','
# meta: !!omap
# - ida:
#     Data supplier: {affiliation: "Hu\xE9rcal de Almer\xEDa", observer: null}
#     Device type: TESS-W
#     Field of view: 17.0
#     Filters per channel: None
#     Instrument ID: stars52
#     License: ODbL 1.0 http://opendatacommons.org/licenses/odbl/summary/
#     Local timezone: Europe/Madrid
#     Location name: {country: Spain, place: "Almer\xEDa", region: Andalusia, sub_region: Almeria, town: "Hu\xE9rcal de Almer\xEDa"}
#     Measurement direction per channel: {azimuth: 0.0, zenital: 0.0}
#     Moving / Fixed look direction: FIXED
#     Moving / Stationary position: STATIONARY
#     Number of channels: 1
#     Number of fields per line: 8
#     Number of header lines: 35
#     Position: {height: 0.0, latitude: 36.8787604, longitude: -2.4418338}
#     TESS MAC address: A0:20:A6:14:0A:72
#     TESS cover offset value: 0.0
#     TESS firmware version: '1.0'
#     TESS zero point: 20.4
#     Time Synchronization: timestamp added by MQTT subscriber
#     URL: http://www.darksky.org/NSBM/sdf1.0.pdf
# - __serialized_columns__:
#     Enclosure Temperature:
#       __class__: astropy.units.quantity.Quantity
#       unit: &id001 !astropy.units.Unit {unit: deg_C}
#       value: !astropy.table.SerializedColumn {name: Enclosure Temperature}
#     Frequency:
#       __class__: astropy.units.quantity.Quantity
#       unit: !astropy.units.Unit {unit: Hz}
#       value: !astropy.table.SerializedColumn {name: Frequency}
#     MSAS:
#       __class__: astropy.units.quantity.Quantity
#       unit: !astropy.units.Unit {unit: mag / arcsec2}
#       value: !astropy.table.SerializedColumn {name: MSAS}
#     Moon Alt:
#       __class__: astropy.units.quantity.Quantity
#       unit: &id002 !astropy.units.Unit {unit: deg}
#       value: !astropy.table.SerializedColumn {name: Moon Alt}
#     Sky Temperature:
#       __class__: astropy.units.quantity.Quantity
#       unit: *id001
#       value: !astropy.table.SerializedColumn {name: Sky Temperature}
#     Sun Alt:
#       __class__: astropy.units.quantity.Quantity
#       unit: *id002
#       value: !astropy.table.SerializedColumn {name: Sun Alt}
#     time:
#       __class__: astropy.time.core.Time
#       format: isot
#       in_subfmt: '*'
#       out_subfmt: '*'
#       precision: 3
#       scale: utc
#       value: !astropy.table.SerializedColumn {name: time}
# schema: astropy-2.0
time,Enclosure Temperature,Sky Temperature,Frequency,MSAS,ZP,Sequence Number,Sun Alt,Moon Alt,Moon Illumination
[from data line 1680]
2025-04-02T01:21:49.000,12.77,-5.06,4.18,18.85,20.4,432998,-45.21,-22.0,0.184
2025-04-02T01:22:19.000,12.76,-5.14,4.17,18.85,20.4,432999,-45.17,-22.0,0.184
2025-04-02T01:22:49.000,12.77,-5.09,4.17,18.85,20.4,433000,-45.13,-22.0,0.184
2025-04-02T01:23:23.000,12.78,-5.1,4.17,18.85,20.4,433001,-45.08,-22.0,0.184
2025-04-02T01:23:53.000,12.79,-5.08,4.17,18.85,20.4,433002,-45.04,-22.0,0.184
2025-04-02T01:24:24.000,12.78,-5.1,4.18,18.85,20.4,433003,-45.0,-22.0,0.184
2025-04-02T01:24:54.000,12.76,-5.13,4.17,18.85,20.4,433004,-44.95,-22.0,0.184
2025-04-02T01:25:23.000,12.71,-5.3,4.17,18.85,20.4,433005,-44.91,-22.0,0.184
2025-04-02T01:25:53.000,12.65,-5.38,4.17,18.85,20.4,433006,-44.87,-22.0,0.184
2025-04-02T01:26:24.000,12.62,-5.38,4.18,18.85,20.4,433007,-44.82,-22.0,0.184
2025-04-02T01:26:54.000,12.6,-5.33,4.19,18.85,20.4,433008,-44.78,-22.0,0.184
2025-04-02T01:27:24.000,12.58,-5.29,4.18,18.85,20.4,433009,-44.73,-22.0,0.184
2025-04-02T01:27:56.000,12.57,-5.23,4.19,18.85,20.4,433010,-44.68,-23.0,0.184
2025-04-02T01:28:26.000,12.57,-5.26,4.18,18.85,20.4,433011,-44.64,-23.0,0.184
2025-04-02T01:28:56.000,12.56,-5.25,4.19,18.84,20.4,433012,-44.59,-23.0,0.184
2025-04-02T01:29:26.000,12.53,-5.25,4.19,18.84,20.4,433013,-44.55,-23.0,0.184
2025-04-02T01:29:56.000,12.51,-5.29,4.19,18.84,20.4,433014,-44.5,-23.0,0.184
2025-04-02T01:30:27.000,12.49,-5.26,4.16,18.85,20.4,433015,-44.46,-23.0,0.184
2025-04-02T01:30:56.000,12.48,-5.2,4.15,18.85,20.4,433016,-44.41,-23.0,0.184
2025-04-02T01:31:26.000,12.47,-5.17,4.14,18.86,20.4,433017,-44.36,-23.0,0.184
2025-04-02T01:32:29.000,12.44,-5.21,4.15,18.86,20.4,433019,-44.27,-23.0,0.184
2025-04-02T01:32:59.000,12.44,-5.22,4.14,18.86,20.4,433020,-44.22,-23.0,0.184
2025-04-02T01:33:30.000,12.45,-5.21,4.14,18.86,20.4,433021,-44.17,-23.0,0.184
2025-04-02T01:34:00.000,12.47,-5.21,4.14,18.86,20.4,433022,-44.12,-23.0,0.184
2025-04-02T01:34:30.000,12.47,-5.18,4.13,18.86,20.4,433023,-44.07,-23.0,0.184
2025-04-02T01:35:00.000,12.49,-5.16,4.13,18.86,20.4,433024,-44.02,-23.0,0.184
2025-04-02T01:35:30.000,12.49,-5.21,4.12,18.86,20.4,433025,-43.98,-23.0,0.184
2025-04-02T01:36:00.000,12.49,-5.19,4.12,18.86,20.4,433026,-43.93,-23.0,0.184
2025-04-02T01:36:30.000,12.5,-5.2,4.12,18.86,20.4,433027,-43.88,-23.0,0.184
2025-04-02T01:37:00.000,12.49,-5.27,4.12,18.86,20.4,433028,-43.83,-23.0,0.184
2025-04-02T01:37:30.000,12.48,-5.3,4.12,18.86,20.4,433029,-43.78,-23.0,0.185
2025-04-02T01:38:01.000,12.48,-5.35,4.12,18.86,20.4,433030,-43.73,-23.0,0.185
2025-04-02T01:38:30.000,12.46,-5.33,4.12,18.86,20.4,433031,-43.68,-23.0,0.185
2025-04-02T01:39:02.000,12.47,-5.22,4.13,18.86,20.4,433032,-43.63,-23.0,0.185
2025-04-02T01:39:31.000,12.47,-5.23,4.13,18.86,20.4,433033,-43.58,-24.0,0.185
2025-04-02T01:40:03.000,12.47,-5.23,4.13,18.86,20.4,433034,-43.52,-24.0,0.185
2025-04-02T01:40:32.000,12.46,-5.22,4.14,18.86,20.4,433035,-43.47,-24.0,0.185
2025-04-02T01:41:02.000,12.46,-5.18,4.16,18.85,20.4,433036,-43.42,-24.0,0.185
2025-04-02T01:41:33.000,12.45,-5.18,4.15,18.85,20.4,433037,-43.37,-24.0,0.185
2025-04-02T01:42:03.000,12.45,-5.18,4.15,18.85,20.4,433038,-43.32,-24.0,0.185
2025-04-02T01:42:37.000,12.45,-5.22,4.14,18.86,20.4,433039,-43.26,-24.0,0.185
2025-04-02T01:43:07.000,12.45,-5.17,4.14,18.86,20.4,433040,-43.21,-24.0,0.185
2025-04-02T01:43:40.000,12.46,-5.14,4.14,18.86,20.4,433041,-43.15,-24.0,0.185
2025-04-02T01:44:09.000,12.47,-5.12,4.15,18.85,20.4,433042,-43.1,-24.0,0.185
2025-04-02T01:44:39.000,12.48,-5.1,4.15,18.86,20.4,433043,-43.05,-24.0,0.185
2025-04-02T01:45:09.000,12.48,-5.11,4.17,18.85,20.4,433044,-42.99,-24.0,0.185
2025-04-02T01:45:39.000,12.47,-5.11,4.18,18.85,20.4,433045,-42.94,-24.0,0.185
2025-04-02T01:46:11.000,12.47,-5.09,4.19,18.85,20.4,433046,-42.88,-24.0,0.185
2025-04-02T01:46:40.000,12.47,-5.09,4.2,18.84,20.4,433047,-42.83,-24.0,0.185
2025-04-02T01:47:12.000,12.47,-5.11,4.19,18.85,20.4,433048,-42.77,-24.0,0.185
2025-04-02T01:47:42.000,12.46,-5.15,4.18,18.85,20.4,433049,-42.72,-24.0,0.185
2025-04-02T01:48:12.000,12.44,-5.26,4.18,18.85,20.4,433050,-42.66,-24.0,0.185
2025-04-02T01:48:42.000,12.4,-5.4,4.18,18.85,20.4,433051,-42.61,-24.0,0.185
2025-04-02T01:49:13.000,12.36,-5.32,4.21,18.84,20.4,433052,-42.55,-24.0,0.185
2025-04-02T01:49:43.000,12.35,-5.21,4.21,18.84,20.4,433053,-42.5,-24.0,0.185
2025-04-02T01:50:12.000,12.34,-5.24,4.21,18.84,20.4,433054,-42.44,-24.0,0.185
2025-04-02T01:50:42.000,12.33,-5.21,4.22,18.84,20.4,433055,-42.39,-24.0,0.185
2025-04-02T01:51:16.000,12.33,-5.21,4.23,18.83,20.4,433056,-42.32,-24.0,0.185
2025-04-02T01:51:47.000,12.31,-5.24,4.24,18.83,20.4,433057,-42.27,-24.0,0.185
2025-04-02T01:52:17.000,12.31,-5.25,4.27,18.82,20.4,433058,-42.21,-25.0,0.185
2025-04-02T01:52:47.000,12.3,-5.23,4.27,18.82,20.4,433059,-42.15,-25.0,0.185
2025-04-02T01:53:17.000,12.29,-5.23,4.27,18.82,20.4,433060,-42.1,-25.0,0.186
2025-04-02T01:53:47.000,12.3,-5.18,4.26,18.83,20.4,433061,-42.04,-25.0,0.186
2025-04-02T01:54:17.000,12.3,-5.18,4.27,18.82,20.4,433062,-41.98,-25.0,0.186
2025-04-02T01:54:47.000,12.3,-5.16,4.27,18.82,20.4,433063,-41.93,-25.0,0.186
2025-04-02T01:55:18.000,12.3,-5.15,4.27,18.82,20.4,433064,-41.87,-25.0,0.186
2025-04-02T01:55:48.000,12.3,-5.16,4.27,18.82,20.4,433065,-41.81,-25.0,0.186
2025-04-02T01:56:51.000,12.34,-5.14,4.27,18.82,20.4,433067,-41.69,-25.0,0.186
2025-04-02T01:57:59.000,12.39,-5.19,4.27,18.82,20.4,433069,-41.55,-25.0,0.186
2025-04-02T01:58:30.000,12.42,-5.18,4.26,18.83,20.4,433070,-41.49,-25.0,0.186
2025-04-02T01:59:00.000,12.44,-5.26,4.27,18.83,20.4,433071,-41.43,-25.0,0.186
2025-04-02T01:59:30.000,12.45,-5.33,4.25,18.83,20.4,433072,-41.37,-25.0,0.186
2025-04-02T02:00:00.000,12.43,-5.73,4.26,18.83,20.4,433073,-41.31,-25.0,0.186
2025-04-02T02:01:17.000,12.28,-5.97,4.27,18.82,20.4,433075,-41.16,-25.0,0.186
2025-04-02T02:02:22.000,12.17,-6.09,4.26,18.83,20.4,433077,-41.03,-25.0,0.186
2025-04-02T02:02:51.000,12.11,-6.19,4.24,18.83,20.4,433078,-40.97,-25.0,0.186
2025-04-02T02:03:21.000,12.05,-6.28,4.24,18.83,20.4,433079,-40.91,-25.0,0.186
2025-04-02T02:03:52.000,12.0,-6.17,4.23,18.83,20.4,433080,-40.85,-25.0,0.186
2025-04-02T02:04:27.000,11.98,-6.08,4.24,18.83,20.4,433081,-40.78,-25.0,0.186
2025-04-02T02:04:59.000,11.95,-6.1,4.25,18.83,20.4,433082,-40.71,-25.0,0.186
2025-04-02T02:05:29.000,11.93,-5.97,4.26,18.83,20.4,433083,-40.65,-25.0,0.186
2025-04-02T02:06:01.000,11.92,-5.87,4.27,18.82,20.4,433084,-40.58,-25.0,0.186
2025-04-02T02:06:30.000,11.92,-5.84,4.26,18.83,20.4,433085,-40.52,-26.0,0.186
2025-04-02T02:07:00.000,11.9,-5.9,4.27,18.82,20.4,433086,-40.46,-26.0,0.186
2025-04-02T02:07:32.000,11.9,-5.81,4.27,18.82,20.4,433087,-40.39,-26.0,0.186
2025-04-02T02:08:02.000,11.87,-5.96,4.26,18.83,20.4,433088,-40.33,-26.0,0.186
2025-04-02T02:08:32.000,11.86,-5.9,4.26,18.83,20.4,433089,-40.27,-26.0,0.186
2025-04-02T02:09:06.000,11.85,-5.89,4.26,18.83,20.4,433090,-40.2,-26.0,0.187
2025-04-02T02:09:36.000,11.84,-5.97,4.26,18.83,20.4,433091,-40.13,-26.0,0.187
2025-04-02T02:10:05.000,11.84,-5.91,4.26,18.83,20.4,433092,-40.07,-26.0,0.187
2025-04-02T02:10:35.000,11.84,-5.78,4.27,18.82,20.4,433093,-40.01,-26.0,0.187
2025-04-02T02:11:06.000,11.83,-5.93,4.26,18.83,20.4,433094,-39.94,-26.0,0.187
2025-04-02T02:11:36.000,11.81,-5.97,4.26,18.83,20.4,433095,-39.88,-26.0,0.187
2025-04-02T02:12:07.000,11.81,-5.88,4.26,18.83,20.4,433096,-39.81,-26.0,0.187
2025-04-02T02:12:37.000,11.8,-5.89,4.26,18.83,20.4,433097,-39.75,-26.0,0.187
2025-04-02T02:13:37.000,11.76,-6.0,4.26,18.83,20.4,433099,-39.62,-26.0,0.187
2025-04-02T02:14:09.000,11.76,-5.96,4.25,18.83,20.4,433100,-39.55,-26.0,0.187
2025-04-02T02:14:38.000,11.75,-5.97,4.24,18.83,20.4,433101,-39.49,-26.0,0.187
2025-04-02T02:15:08.000,11.71,-5.97,4.24,18.83,20.4,433102,-39.42,-26.0,0.187
2025-04-02T02:15:39.000,11.71,-5.98,4.24,18.83,20.4,433103,-39.35,-26.0,0.187
2025-04-02T02:16:09.000,11.7,-5.98,4.24,18.83,20.4,433104,-39.29,-26.0,0.187
2025-04-02T02:16:39.000,11.7,-5.94,4.24,18.83,20.4,433105,-39.22,-26.0,0.187
2025-04-02T02:17:10.000,11.68,-6.02,4.24,18.83,20.4,433106,-39.15,-26.0,0.187
2025-04-02T02:17:42.000,11.66,-6.06,4.24,18.83,20.4,433107,-39.08,-26.0,0.187
2025-04-02T02:18:11.000,11.66,-5.97,4.26,18.83,20.4,433108,-39.02,-26.0,0.187
2025-04-02T02:18:41.000,11.66,-6.01,4.23,18.83,20.4,433109,-38.95,-26.0,0.187
2025-04-02T02:19:11.000,11.65,-6.0,4.23,18.83,20.4,433110,-38.88,-26.0,0.187
2025-04-02T02:19:43.000,11.65,-5.94,4.23,18.83,20.4,433111,-38.81,-26.0,0.187
2025-04-02T02:20:16.000,11.65,-5.93,4.22,18.84,20.4,433112,-38.74,-26.0,0.187
2025-04-02T02:20:48.000,11.65,-5.97,4.22,18.84,20.4,433113,-38.67,-26.0,0.187
2025-04-02T02:21:19.000,11.63,-6.06,4.22,18.84,20.4,433114,-38.6,-26.0,0.187
2025-04-02T02:21:49.000,11.62,-6.05,4.22,18.84,20.4,433115,-38.53,-26.0,0.187
2025-04-02T02:22:19.000,11.61,-6.04,4.23,18.83,20.4,433116,-38.46,-26.0,0.187
2025-04-02T02:22:53.000,11.61,-6.03,4.22,18.84,20.4,433117,-38.38,-26.0,0.187
2025-04-02T02:23:23.000,11.61,-6.01,4.22,18.84,20.4,433118,-38.32,-26.0,0.187
2025-04-02T02:23:52.000,11.6,-5.95,4.23,18.83,20.4,433119,-38.25,-27.0,0.187
2025-04-02T02:24:23.000,11.61,-5.99,4.23,18.83,20.4,433120,-38.18,-27.0,0.188
2025-04-02T02:24:53.000,11.61,-5.93,4.25,18.83,20.4,433121,-38.11,-27.0,0.188
2025-04-02T02:25:23.000,11.61,-5.92,4.26,18.83,20.4,433122,-38.04,-27.0,0.188
2025-04-02T02:25:53.000,11.61,-5.99,4.24,18.83,20.4,433123,-37.97,-27.0,0.188
2025-04-02T02:26:25.000,11.59,-5.97,4.24,18.83,20.4,433124,-37.9,-27.0,0.188
2025-04-02T02:26:54.000,11.6,-5.98,4.26,18.83,20.4,433125,-37.83,-27.0,0.188
2025-04-02T02:27:24.000,11.6,-5.96,4.24,18.83,20.4,433126,-37.76,-27.0,0.188
2025-04-02T02:27:57.000,11.59,-5.99,4.24,18.83,20.4,433127,-37.68,-27.0,0.188
2025-04-02T02:28:26.000,11.59,-5.98,4.22,18.84,20.4,433128,-37.62,-27.0,0.188
2025-04-02T02:28:57.000,11.6,-5.99,4.23,18.83,20.4,433129,-37.54,-27.0,0.188
2025-04-02T02:29:26.000,11.6,-5.97,4.24,18.83,20.4,433130,-37.48,-27.0,0.188
2025-04-02T02:29:56.000,11.6,-5.95,4.23,18.84,20.4,433131,-37.41,-27.0,0.188
2025-04-02T02:30:29.000,11.61,-5.97,4.23,18.83,20.4,433132,-37.33,-27.0,0.188
2025-04-02T02:30:58.000,11.61,-5.97,4.23,18.84,20.4,433133,-37.26,-27.0,0.188
2025-04-02T02:31:28.000,11.62,-5.89,4.22,18.84,20.4,433134,-37.19,-27.0,0.188
2025-04-02T02:31:58.000,11.64,-5.87,4.22,18.84,20.4,433135,-37.12,-27.0,0.188
2025-04-02T02:32:28.000,11.63,-5.85,4.22,18.84,20.4,433136,-37.05,-27.0,0.188
2025-04-02T02:32:59.000,11.63,-5.92,4.23,18.83,20.4,433137,-36.97,-27.0,0.188
2025-04-02T02:33:29.000,11.63,-5.94,4.23,18.83,20.4,433138,-36.9,-27.0,0.188
2025-04-02T02:33:58.000,11.64,-5.83,4.21,18.84,20.4,433139,-36.83,-27.0,0.188
2025-04-02T02:34:28.000,11.66,-5.82,4.24,18.83,20.4,433140,-36.76,-27.0,0.188
2025-04-02T02:34:59.000,11.65,-5.87,4.22,18.84,20.4,433141,-36.69,-27.0,0.188
2025-04-02T02:35:29.000,11.66,-5.87,4.23,18.83,20.4,433142,-36.61,-27.0,0.188
2025-04-02T02:35:59.000,11.67,-5.77,4.24,18.83,20.4,433143,-36.54,-27.0,0.188
2025-04-02T02:36:29.000,11.68,-5.77,4.22,18.84,20.4,433144,-36.47,-27.0,0.188
2025-04-02T02:36:59.000,11.7,-5.75,4.22,18.84,20.4,433145,-36.4,-27.0,0.188
2025-04-02T02:37:30.000,11.7,-5.79,4.23,18.83,20.4,433146,-36.32,-27.0,0.188
2025-04-02T02:38:00.000,11.7,-5.88,4.23,18.83,20.4,433147,-36.25,-27.0,0.188
2025-04-02T02:39:05.000,11.71,-5.88,4.22,18.84,20.4,433149,-36.09,-27.0,0.188
2025-04-02T02:39:35.000,11.75,-5.79,4.22,18.84,20.4,433150,-36.02,-27.0,0.188
2025-04-02T02:40:05.000,11.76,-5.87,4.23,18.83,20.4,433151,-35.94,-27.0,0.189
2025-04-02T02:40:35.000,11.76,-5.83,4.22,18.84,20.4,433152,-35.87,-27.0,0.189
2025-04-02T02:41:05.000,11.76,-5.89,4.22,18.84,20.4,433153,-35.8,-27.0,0.189
2025-04-02T02:41:35.000,11.77,-5.84,4.23,18.84,20.4,433154,-35.72,-27.0,0.189
2025-04-02T02:42:35.000,11.8,-5.79,4.24,18.83,20.4,433156,-35.57,-27.0,0.189
2025-04-02T02:43:05.000,11.8,-5.84,4.24,18.83,20.4,433157,-35.5,-27.0,0.189
2025-04-02T02:43:35.000,11.8,-5.84,4.24,18.83,20.4,433158,-35.42,-27.0,0.189
2025-04-02T02:44:05.000,11.8,-5.81,4.25,18.83,20.4,433159,-35.35,-27.0,0.189
2025-04-02T02:44:39.000,11.81,-5.8,4.25,18.83,20.4,433160,-35.26,-27.0,0.189
2025-04-02T02:45:12.000,11.82,-5.71,4.27,18.83,20.4,433161,-35.18,-27.0,0.189
2025-04-02T02:45:42.000,11.82,-5.73,4.26,18.83,20.4,433162,-35.11,-27.0,0.189
2025-04-02T02:46:12.000,11.84,-5.67,4.25,18.83,20.4,433163,-35.03,-27.0,0.189
2025-04-02T02:46:42.000,11.84,-5.68,4.26,18.83,20.4,433164,-34.96,-27.0,0.189
2025-04-02T02:47:12.000,11.84,-5.68,4.26,18.83,20.4,433165,-34.88,-28.0,0.189
2025-04-02T02:47:42.000,11.86,-5.64,4.27,18.82,20.4,433166,-34.8,-28.0,0.189
2025-04-02T02:48:12.000,11.87,-5.64,4.28,18.82,20.4,433167,-34.73,-28.0,0.189
2025-04-02T02:48:42.000,11.88,-5.61,4.25,18.83,20.4,433168,-34.65,-28.0,0.189
2025-04-02T02:49:12.000,11.9,-5.56,4.31,18.82,20.4,433169,-34.58,-28.0,0.189
2025-04-02T02:49:42.000,11.91,-5.56,4.29,18.82,20.4,433170,-34.5,-28.0,0.189
2025-04-02T02:50:12.000,11.91,-5.58,4.3,18.82,20.4,433171,-34.42,-28.0,0.189
2025-04-02T02:50:42.000,11.93,-5.53,4.3,18.82,20.4,433172,-34.35,-28.0,0.189
2025-04-02T02:51:12.000,11.94,-5.59,4.3,18.82,20.4,433173,-34.27,-28.0,0.189
2025-04-02T02:51:42.000,11.94,-5.62,4.3,18.82,20.4,433174,-34.19,-28.0,0.189
2025-04-02T02:52:12.000,11.95,-5.61,4.3,18.82,20.4,433175,-34.12,-28.0,0.189
2025-04-02T02:52:42.000,11.97,-5.55,4.31,18.81,20.4,433176,-34.04,-28.0,0.189
2025-04-02T02:53:12.000,11.98,-5.64,4.31,18.81,20.4,433177,-33.96,-28.0,0.189
2025-04-02T02:53:42.000,11.99,-5.57,4.31,18.81,20.4,433178,-33.89,-28.0,0.189
2025-04-02T02:54:13.000,12.01,-5.57,4.33,18.81,20.4,433179,-33.81,-28.0,0.189
2025-04-02T02:54:44.000,12.02,-5.52,4.32,18.81,20.4,433180,-33.73,-28.0,0.189
2025-04-02T02:55:13.000,12.03,-5.54,4.33,18.81,20.4,433181,-33.65,-28.0,0.19
2025-04-02T02:55:44.000,12.02,-5.58,4.32,18.81,20.4,433182,-33.57,-28.0,0.19
2025-04-02T02:56:13.000,12.03,-5.43,4.33,18.81,20.4,433183,-33.49,-28.0,0.19
2025-04-02T02:56:43.000,12.05,-5.46,4.31,18.81,20.4,433184,-33.42,-28.0,0.19
2025-04-02T02:57:16.000,12.07,-5.41,4.32,18.81,20.4,433185,-33.33,-28.0,0.19
2025-04-02T02:57:45.000,12.07,-5.38,4.33,18.81,20.4,433186,-33.25,-28.0,0.19
2025-04-02T02:58:15.000,12.08,-5.41,4.34,18.81,20.4,433187,-33.18,-28.0,0.19
2025-04-02T02:58:45.000,12.02,-5.75,4.33,18.81,20.4,433188,-33.1,-28.0,0.19
2025-04-02T02:59:15.000,11.98,-5.75,4.35,18.8,20.4,433189,-33.02,-28.0,0.19
2025-04-02T02:59:47.000,11.95,-5.73,4.34,18.81,20.4,433190,-32.93,-28.0,0.19
2025-04-02T03:00:18.000,11.93,-5.7,4.35,18.8,20.4,433191,-32.85,-28.0,0.19
2025-04-02T03:00:48.000,11.88,-5.76,4.34,18.81,20.4,433192,-32.77,-28.0,0.19
2025-04-02T03:01:18.000,11.85,-5.74,4.33,18.81,20.4,433193,-32.69,-28.0,0.19
2025-04-02T03:01:48.000,11.8,-5.76,4.35,18.81,20.4,433194,-32.62,-28.0,0.19
2025-04-02T03:02:18.000,11.77,-5.74,4.36,18.8,20.4,433195,-32.54,-28.0,0.19
2025-04-02T03:02:49.000,11.76,-5.67,4.36,18.8,20.4,433196,-32.45,-28.0,0.19
2025-04-02T03:03:19.000,11.73,-5.76,4.38,18.8,20.4,433197,-32.37,-28.0,0.19
2025-04-02T03:03:49.000,11.7,-5.68,4.38,18.8,20.4,433198,-32.29,-28.0,0.19
2025-04-02T03:04:19.000,11.7,-5.61,4.36,18.8,20.4,433199,-32.21,-28.0,0.19
2025-04-02T03:04:49.000,11.69,-5.59,4.37,18.8,20.4,433200,-32.13,-28.0,0.19
2025-04-02T03:05:19.000,11.67,-5.6,4.37,18.8,20.4,433201,-32.05,-28.0,0.19
2025-04-02T03:05:49.000,11.65,-5.62,4.36,18.8,20.4,433202,-31.97,-28.0,0.19
2025-04-02T03:06:19.000,11.63,-5.57,4.37,18.8,20.4,433203,-31.89,-28.0,0.19
2025-04-02T03:06:49.000,11.62,-5.52,4.37,18.8,20.4,433204,-31.81,-28.0,0.19
2025-04-02T03:07:19.000,11.62,-5.47,4.36,18.8,20.4,433205,-31.73,-28.0,0.19
2025-04-02T03:07:49.000,11.63,-5.47,4.36,18.8,20.4,433206,-31.65,-28.0,0.19
2025-04-02T03:08:19.000,11.62,-5.54,4.35,18.8,20.4,433207,-31.57,-28.0,0.19
2025-04-02T03:08:49.000,11.63,-5.51,4.35,18.8,20.4,433208,-31.49,-28.0,0.19
2025-04-02T03:09:19.000,11.65,-5.48,4.36,18.8,20.4,433209,-31.41,-28.0,0.19
2025-04-02T03:09:49.000,11.66,-5.52,4.35,18.8,20.4,433210,-31.33,-28.0,0.19
2025-04-02T03:10:20.000,11.66,-5.63,4.35,18.8,20.4,433211,-31.24,-28.0,0.19
