ecsv/stars9/stars9_2025-04.ecsv
# %ECSV 1.0
# ---
# datatype:
# - {name: time, datatype: string}
# - {name: Enclosure Temperature, unit: deg_C, datatype: float64}
# - {name: Sky Temperature, unit: deg_C, datatype: float64}
# - {name: Frequency, unit: Hz, datatype: float64}
# - {name: MSAS, unit: mag / arcsec2, datatype: float64}
# - {name: ZP, datatype: float64}
# - {name: Sequence Number, datatype: int64}
# - {name: Sun Alt, unit: deg, datatype: float64}
# - {name: Moon Alt, unit: deg, datatype: float64}
# - {name: Moon Illumination, datatype: float64}
# delimiter: ','
# meta: !!omap
# - ida:
#     Data supplier: {affiliation: null, observer: Manuel Barco}
#     Device type: TESS-W
#     Field of view: 17.0
#     Filters per channel: None
#     Instrument ID: stars9
#     License: ODbL 1.0 http://opendatacommons.org/licenses/odbl/summary/
#     Local timezone: Europe/Madrid
#     Location name: {country: Spain, place: "A\xF1ora - SE", region: Andalusia, sub_region: "C\xF3rdoba", town: "A\xF1ora"}
#     Measurement direction per channel: {azimuth: 0.0, zenital: 0.0}
#     Moving / Fixed look direction: FIXED
#     Moving / Stationary position: STATIONARY
#     Number of channels: 1
#     Number of fields per line: 8
#     Number of header lines: 35
#     Position: {height: 0.0, latitude: 38.409226, longitude: -4.894376}
#     TESS MAC address: 18:FE:34:CF:EA:80
#     TESS cover offset value: 0.0
#     TESS firmware version: '1.0'
#     TESS zero point: 20.32
#     Time Synchronization: timestamp added by MQTT subscriber
#     URL: http://www.darksky.org/NSBM/sdf1.0.pdf
# - __serialized_columns__:
#     Enclosure Temperature:
#       __class__: astropy.units.quantity.Quantity
#       unit: &id001 !astropy.units.Unit {unit: deg_C}
#       value: !astropy.table.SerializedColumn {name: Enclosure Temperature}
#     Frequency:
#       __class__: astropy.units.quantity.Quantity
#       unit: !astropy.units.Unit {unit: Hz}
#       value: !astropy.table.SerializedColumn {name: Frequency}
#     MSAS:
#       __class__: astropy.units.quantity.Quantity
#       unit: !astropy.units.Unit {unit: mag / arcsec2}
#       value: !astropy.table.SerializedColumn {name: MSAS}
#     Moon Alt:
#       __class__: astropy.units.quantity.Quantity
#       unit: &id002 !astropy.units.Unit {unit: deg}
#       value: !astropy.table.SerializedColumn {name: Moon Alt}
#     Sky Temperature:
#       __class__: astropy.units.quantity.Quantity
#       unit: *id001
#       value: !astropy.table.SerializedColumn {name: Sky Temperature}
#     Sun Alt:
#       __class__: astropy.units.quantity.Quantity
#       unit: *id002
#       value: !astropy.table.SerializedColumn {name: Sun Alt}
#     time:
#       __class__: astropy.time.core.Time
#       format: isot
#       in_subfmt: '*'
#       out_subfmt: '*'
#       precision: 3
#       scale: utc
#       value: !astropy.table.SerializedColumn {name: time}
# schema: astropy-2.0
time,Enclosure Temperature,Sky Temperature,Frequency,MSAS,ZP,Sequence Number,Sun Alt,Moon Alt,Moon Illumination
[from data line 3762]
2025-04-06T03:34:57.000,11.01,-10.55,1.11,20.21,20.32,82813,-26.62,-7.0,0.612
2025-04-06T03:35:57.000,10.99,-10.72,1.11,20.21,20.32,82814,-26.45,-7.0,0.612
2025-04-06T03:36:57.000,10.89,-10.69,1.11,20.21,20.32,82815,-26.29,-7.0,0.612
2025-04-06T03:37:57.000,10.76,-10.75,1.1,20.21,20.32,82816,-26.13,-8.0,0.613
2025-04-06T03:38:57.000,10.64,-10.78,1.11,20.21,20.32,82817,-25.96,-8.0,0.613
2025-04-06T03:39:58.000,10.52,-10.69,1.11,20.21,20.32,82818,-25.79,-8.0,0.613
2025-04-06T03:40:58.000,10.48,-10.57,1.11,20.21,20.32,82819,-25.63,-8.0,0.613
2025-04-06T03:41:58.000,10.47,-10.44,1.11,20.21,20.32,82820,-25.46,-8.0,0.613
2025-04-06T03:42:58.000,10.47,-10.31,1.11,20.21,20.32,82821,-25.3,-8.0,0.613
2025-04-06T03:43:58.000,10.53,-10.19,1.11,20.21,20.32,82822,-25.13,-8.0,0.613
2025-04-06T03:44:58.000,10.57,-10.23,1.11,20.21,20.32,82823,-24.97,-9.0,0.613
2025-04-06T03:45:58.000,10.62,-10.22,1.11,20.2,20.32,82824,-24.8,-9.0,0.613
2025-04-06T03:46:58.000,10.67,-10.12,1.11,20.2,20.32,82825,-24.63,-9.0,0.613
2025-04-06T03:47:58.000,10.7,-10.17,1.11,20.2,20.32,82826,-24.47,-9.0,0.613
2025-04-06T03:48:58.000,10.72,-10.16,1.11,20.2,20.32,82827,-24.3,-9.0,0.613
2025-04-06T03:49:59.000,10.77,-10.15,1.11,20.2,20.32,82828,-24.13,-9.0,0.613
2025-04-06T03:50:59.000,10.78,-10.24,1.12,20.2,20.32,82829,-23.96,-9.0,0.613
2025-04-06T03:51:59.000,10.74,-10.34,1.12,20.2,20.32,82830,-23.79,-10.0,0.614
2025-04-06T03:52:59.000,10.64,-10.66,1.12,20.2,20.32,82831,-23.62,-10.0,0.614
2025-04-06T03:53:59.000,10.5,-10.85,1.12,20.2,20.32,82832,-23.45,-10.0,0.614
2025-04-06T03:54:59.000,10.29,-10.92,1.12,20.2,20.32,82833,-23.28,-10.0,0.614
2025-04-06T03:55:59.000,10.18,-10.81,1.12,20.2,20.32,82834,-23.11,-10.0,0.614
2025-04-06T03:56:59.000,10.06,-10.88,1.12,20.2,20.32,82835,-22.94,-10.0,0.614
2025-04-06T03:57:59.000,10.0,-10.97,1.12,20.19,20.32,82836,-22.77,-10.0,0.614
2025-04-06T03:58:59.000,10.59,-10.48,1.12,20.19,20.32,82837,-22.6,-11.0,0.614
2025-04-06T04:00:00.000,11.16,-10.23,1.13,20.19,20.32,82838,-22.42,-11.0,0.614
2025-04-06T04:01:00.000,11.33,-10.28,1.12,20.19,20.32,82839,-22.25,-11.0,0.614
2025-04-06T04:02:00.000,11.3,-10.32,1.12,20.19,20.32,82840,-22.08,-11.0,0.614
2025-04-06T04:03:00.000,11.19,-10.48,1.13,20.19,20.32,82841,-21.91,-11.0,0.614
2025-04-06T04:04:00.000,10.96,-10.91,1.13,20.19,20.32,82842,-21.74,-11.0,0.614
2025-04-06T04:05:00.000,10.69,-10.94,1.12,20.19,20.32,82843,-21.56,-11.0,0.614
2025-04-06T04:06:00.000,10.53,-10.78,1.12,20.19,20.32,82844,-21.39,-12.0,0.614
2025-04-06T04:07:00.000,10.46,-10.37,1.13,20.19,20.32,82845,-21.22,-12.0,0.615
2025-04-06T04:08:00.000,10.49,-10.28,1.13,20.19,20.32,82846,-21.04,-12.0,0.615
2025-04-06T04:09:01.000,10.5,-10.23,1.13,20.19,20.32,82847,-20.86,-12.0,0.615
2025-04-06T04:10:01.000,10.52,-10.22,1.14,20.18,20.32,82848,-20.69,-12.0,0.615
2025-04-06T04:11:01.000,10.56,-10.02,1.13,20.18,20.32,82849,-20.51,-12.0,0.615
2025-04-06T04:12:01.000,10.59,-10.34,1.13,20.18,20.32,82850,-20.34,-12.0,0.615
2025-04-06T04:13:01.000,10.57,-10.37,1.13,20.18,20.32,82851,-20.16,-13.0,0.615
2025-04-06T04:14:01.000,10.49,-10.58,1.13,20.18,20.32,82852,-19.99,-13.0,0.615
2025-04-06T04:15:01.000,10.44,-10.48,1.13,20.18,20.32,82853,-19.81,-13.0,0.615
2025-04-06T04:16:01.000,10.38,-10.62,1.14,20.18,20.32,82854,-19.64,-13.0,0.615
2025-04-06T04:17:01.000,10.37,-10.4,1.14,20.18,20.32,82855,-19.46,-13.0,0.615
2025-04-06T04:18:01.000,10.43,-10.18,1.14,20.18,20.32,82856,-19.28,-13.0,0.615
2025-04-06T04:19:02.000,10.51,-10.18,1.14,20.18,20.32,82857,-19.1,-13.0,0.615
2025-04-06T04:20:02.000,10.56,-10.14,1.14,20.18,20.32,82858,-18.93,-13.0,0.615
2025-04-06T04:21:02.000,10.62,-10.09,1.14,20.18,20.32,82859,-18.75,-14.0,0.616
2025-04-06T04:22:02.000,10.64,-10.16,1.15,20.17,20.32,82860,-18.57,-14.0,0.616
2025-04-06T04:23:02.000,10.66,-10.19,1.15,20.17,20.32,82861,-18.39,-14.0,0.616
2025-04-06T04:24:02.000,10.69,-10.12,1.15,20.17,20.32,82862,-18.21,-14.0,0.616
2025-04-06T04:25:02.000,10.71,-10.14,1.15,20.17,20.32,82863,-18.03,-14.0,0.616
2025-04-06T04:26:02.000,10.76,-10.09,1.15,20.17,20.32,82864,-17.86,-14.0,0.616
2025-04-06T04:27:02.000,10.8,-10.08,1.15,20.17,20.32,82865,-17.68,-14.0,0.616
2025-04-06T04:28:02.000,10.83,-10.03,1.16,20.16,20.32,82866,-17.5,-14.0,0.616
2025-04-06T04:29:03.000,10.88,-10.11,1.16,20.16,20.32,82867,-17.31,-15.0,0.616
2025-04-06T04:30:03.000,10.83,-10.49,1.16,20.16,20.32,82868,-17.13,-15.0,0.616
2025-04-06T04:31:03.000,10.73,-10.73,1.16,20.16,20.32,82869,-16.95,-15.0,0.616
2025-04-06T04:32:03.000,10.54,-11.14,1.16,20.16,20.32,82870,-16.77,-15.0,0.616
2025-04-06T04:33:03.000,10.36,-10.89,1.17,20.15,20.32,82871,-16.59,-15.0,0.616
2025-04-06T04:34:03.000,10.26,-10.97,1.16,20.16,20.32,82872,-16.41,-15.0,0.616
2025-04-06T04:35:03.000,10.17,-10.72,1.16,20.16,20.32,82873,-16.23,-15.0,0.617
2025-04-06T04:36:03.000,10.24,-10.25,1.17,20.15,20.32,82874,-16.05,-16.0,0.617
2025-04-06T04:37:03.000,10.35,-10.28,1.18,20.14,20.32,82875,-15.87,-16.0,0.617
2025-04-06T04:38:04.000,10.41,-10.33,1.19,20.13,20.32,82876,-15.68,-16.0,0.617
2025-04-06T04:39:04.000,10.5,-10.17,1.19,20.13,20.32,82877,-15.5,-16.0,0.617
2025-04-06T04:40:04.000,10.53,-10.4,1.2,20.12,20.32,82878,-15.32,-16.0,0.617
2025-04-06T04:41:04.000,10.52,-10.46,1.21,20.11,20.32,82879,-15.14,-16.0,0.617
2025-04-06T04:42:04.000,10.48,-10.64,1.22,20.11,20.32,82880,-14.95,-16.0,0.617
2025-04-06T04:43:05.000,10.31,-11.13,1.24,20.09,20.32,82881,-14.77,-16.0,0.617
2025-04-06T04:44:05.000,10.13,-11.08,1.24,20.08,20.32,82882,-14.58,-17.0,0.617
2025-04-06T04:45:05.000,10.02,-10.86,1.26,20.07,20.32,82883,-14.4,-17.0,0.617
2025-04-06T04:46:05.000,10.53,-10.79,1.28,20.05,20.32,82884,-14.22,-17.0,0.617
2025-04-06T04:47:05.000,10.79,-10.85,1.3,20.03,20.32,82885,-14.03,-17.0,0.617
2025-04-06T04:48:05.000,10.87,-10.52,1.33,20.01,20.32,82886,-13.85,-17.0,0.617
2025-04-06T04:49:05.000,10.84,-10.64,1.37,19.98,20.32,82887,-13.67,-17.0,0.618
2025-04-06T04:50:05.000,10.73,-10.57,1.41,19.95,20.32,82888,-13.48,-17.0,0.618
2025-04-06T04:51:05.000,10.64,-10.63,1.46,19.91,20.32,82889,-13.3,-17.0,0.618
2025-04-06T04:52:05.000,10.52,-10.81,1.52,19.87,20.32,82890,-13.11,-17.0,0.618
2025-04-06T04:53:05.000,10.32,-11.04,1.58,19.82,20.32,82891,-12.93,-18.0,0.618
2025-04-06T04:54:06.000,10.22,-10.67,1.67,19.76,20.32,82892,-12.74,-18.0,0.618
2025-04-06T04:55:06.000,10.2,-10.6,1.78,19.7,20.32,82893,-12.55,-18.0,0.618
2025-04-06T04:56:06.000,10.17,-10.73,1.89,19.63,20.32,82894,-12.37,-18.0,0.618
2025-04-06T04:57:06.000,10.14,-10.54,2.03,19.55,20.32,82895,-12.18,-18.0,0.618
2025-04-06T04:58:06.000,10.16,-10.64,2.21,19.46,20.32,82896,-12.0,-18.0,0.618
2025-04-06T04:59:06.000,10.17,-10.43,2.38,19.38,20.32,82897,-11.81,-18.0,0.618
2025-04-06T05:00:06.000,10.19,-10.65,2.6,19.28,20.32,82898,-11.62,-18.0,0.618
2025-04-06T05:01:07.000,10.04,-11.11,2.92,19.16,20.32,82899,-11.43,-19.0,0.618
2025-04-06T05:02:07.000,10.25,-10.93,3.2,19.06,20.32,82900,-11.25,-19.0,0.618
2025-04-06T05:03:07.000,10.35,-11.11,3.58,18.94,20.32,82901,-11.06,-19.0,0.619
2025-04-06T05:04:07.000,10.48,-10.42,4.02,18.81,20.32,82902,-10.87,-19.0,0.619
2025-04-06T05:05:07.000,10.56,-10.41,4.57,18.67,20.32,82903,-10.69,-19.0,0.619
2025-04-06T05:06:07.000,10.57,-10.46,5.27,18.52,20.32,82904,-10.5,-19.0,0.619
2025-04-06T05:07:07.000,10.53,-10.67,6.08,18.36,20.32,82905,-10.31,-19.0,0.619
2025-04-06T05:08:07.000,10.43,-10.71,6.98,18.22,20.32,82906,-10.12,-19.0,0.619
2025-04-06T05:09:07.000,10.39,-10.5,8.03,18.06,20.32,82907,-9.94,-19.0,0.619
2025-04-06T05:10:08.000,10.38,-10.51,9.56,17.88,20.32,82908,-9.75,-20.0,0.619
2025-04-06T05:11:08.000,10.38,-10.43,11.02,17.72,20.32,82909,-9.56,-20.0,0.619
2025-04-06T05:12:08.000,10.39,-10.46,12.94,17.55,20.32,82910,-9.37,-20.0,0.619
2025-04-06T05:13:08.000,10.38,-10.59,15.83,17.34,20.32,82911,-9.18,-20.0,0.619
2025-04-06T05:14:08.000,10.34,-10.64,19.17,17.13,20.32,82912,-8.99,-20.0,0.619
2025-04-06T05:15:08.000,10.32,-10.58,21.66,16.99,20.32,82913,-8.8,-20.0,0.619
2025-04-06T05:16:08.000,10.21,-10.99,25.86,16.79,20.32,82914,-8.61,-20.0,0.619
2025-04-06T05:17:08.000,10.07,-11.02,31.67,16.58,20.32,82915,-8.43,-20.0,0.62
2025-04-06T05:18:09.000,10.02,-10.78,32.3,14.39,20.32,82916,-8.23,-20.0,0.62
2025-04-06T05:19:09.000,10.09,-10.69,42.2,16.0,20.32,82917,-8.04,-20.0,0.62
2025-04-06T05:20:09.000,10.3,-10.75,54.43,15.99,20.32,82918,-7.85,-21.0,0.62
2025-04-06T05:21:09.000,10.38,-10.62,70.83,15.7,20.32,82919,-7.66,-21.0,0.62
2025-04-06T05:22:09.000,10.33,-10.73,88.48,15.46,20.32,82920,-7.47,-21.0,0.62
2025-04-06T05:23:09.000,10.26,-10.59,111.19,15.21,20.32,82921,-7.28,-21.0,0.62
2025-04-06T05:24:10.000,10.17,-10.82,140.36,14.95,20.32,82922,-7.09,-21.0,0.62
2025-04-06T05:25:10.000,10.05,-11.06,177.78,14.7,20.32,82923,-6.9,-21.0,0.62
2025-04-06T05:26:10.000,10.13,-11.1,225.37,14.44,20.32,82924,-6.71,-21.0,0.62
2025-04-06T05:27:10.000,10.83,-11.1,286.13,14.18,20.32,82925,-6.52,-21.0,0.62
2025-04-06T05:28:11.000,10.95,-11.35,363.36,13.92,20.32,82926,-6.33,-21.0,0.62
2025-04-06T05:29:11.000,10.82,-11.05,459.6,13.67,20.32,82927,-6.14,-21.0,0.62
2025-04-06T05:30:12.000,10.63,-11.13,580.58,13.41,20.32,82928,-5.94,-22.0,0.62
2025-04-06T05:31:12.000,10.48,-10.76,733.71,13.16,20.32,82929,-5.75,-22.0,0.62
2025-04-06T05:32:12.000,10.39,-10.69,925.6,12.91,20.32,82930,-5.56,-22.0,0.621
2025-04-06T05:33:13.000,10.34,-10.45,1165.93,12.66,20.32,82931,-5.37,-22.0,0.621
2025-04-06T05:34:13.000,10.34,-10.48,1466.45,12.41,20.32,82932,-5.17,-22.0,0.621
2025-04-06T05:35:13.000,10.35,-10.35,1847.71,12.16,20.32,82933,-4.98,-22.0,0.621
2025-04-06T05:36:13.000,10.37,-10.3,2330.83,11.9,20.32,82934,-4.79,-22.0,0.621
2025-04-06T05:37:14.000,10.3,-10.77,2942.6,11.65,20.32,82935,-4.6,-22.0,0.621
2025-04-06T05:38:14.000,10.15,-10.69,3715.84,11.4,20.32,82936,-4.4,-22.0,0.621
2025-04-06T05:39:15.000,10.1,-10.59,4671.02,11.15,20.32,82937,-4.21,-22.0,0.621
2025-04-06T05:40:15.000,10.07,-10.61,5838.42,10.91,20.32,82938,-4.02,-23.0,0.621
2025-04-06T05:41:15.000,10.01,-10.77,7274.96,10.67,20.32,82939,-3.83,-23.0,0.621
2025-04-06T05:42:16.000,10.31,-10.51,9063.89,10.43,20.32,82940,-3.63,-23.0,0.621
2025-04-06T05:43:16.000,10.77,-10.3,11295.62,10.19,20.32,82941,-3.44,-23.0,0.621
2025-04-06T05:44:17.000,10.9,-10.26,14016.93,9.96,20.32,82942,-3.24,-23.0,0.621
2025-04-06T05:45:17.000,10.9,-10.3,17297.29,9.73,20.32,82943,-3.05,-23.0,0.621
2025-04-06T05:46:18.000,10.83,-10.33,21251.55,9.5,20.32,82944,-2.85,-23.0,0.622
2025-04-06T05:47:18.000,10.71,-10.57,25667.47,9.3,20.32,82945,-2.66,-23.0,0.622
2025-04-06T05:48:19.000,10.58,-10.59,29918.6,9.13,20.32,82946,-2.46,-23.0,0.622
2025-04-06T05:49:19.000,10.47,-10.66,34282.25,8.98,20.32,82947,-2.27,-23.0,0.622
2025-04-06T05:50:20.000,10.32,-10.89,39650.73,8.83,20.32,82948,-2.08,-23.0,0.622
2025-04-06T05:51:20.000,10.1,-11.23,46261.42,8.66,20.32,82949,-1.88,-24.0,0.622
2025-04-06T05:52:21.000,10.0,-10.56,54506.91,8.48,20.32,82950,-1.69,-24.0,0.622
2025-04-06T05:53:21.000,9.98,-10.79,55544.11,3.8,20.32,82951,-1.49,-24.0,0.622
2025-04-06T05:54:22.000,10.01,-10.39,50000.0,0.0,20.32,82952,-1.3,-24.0,0.622
2025-04-06T05:55:22.000,10.06,-10.56,50000.0,0.0,20.32,82953,-1.1,-24.0,0.622
2025-04-06T05:56:22.000,10.04,-10.43,50000.0,0.0,20.32,82954,-0.91,-24.0,0.622
2025-04-06T05:57:23.000,10.11,-10.4,50000.0,0.0,20.32,82955,-0.71,-24.0,0.622
2025-04-06T05:58:23.000,10.16,-10.32,50000.0,0.0,20.32,82956,-0.52,-24.0,0.622
2025-04-06T05:59:23.000,10.24,-10.29,49000.54,0.34,20.32,82957,-0.32,-24.0,0.622
2025-04-06T06:00:24.000,10.31,-10.29,50000.0,0.0,20.32,82958,-0.13,-24.0,0.623
2025-04-06T06:01:24.000,10.37,-10.19,50000.0,0.0,20.32,82959,0.07,-24.0,0.623
2025-04-06T06:02:24.000,10.45,-10.15,50000.0,0.0,20.32,82960,0.26,-24.0,0.623
2025-04-06T06:06:24.000,10.68,-10.12,50000.0,0.0,20.32,82964,1.04,-25.0,0.623
2025-04-06T06:07:25.000,10.73,-10.3,50000.0,0.0,20.32,82965,1.24,-25.0,0.623
2025-04-06T06:08:25.000,10.8,-10.1,50000.0,0.0,20.32,82966,1.43,-25.0,0.623
2025-04-06T06:09:25.000,10.88,-10.26,49706.0,0.1,20.32,82967,1.62,-25.0,0.623
2025-04-06T06:10:25.000,10.95,-10.27,50000.0,0.0,20.32,82968,1.82,-25.0,0.623
2025-04-06T06:11:25.000,11.02,-10.12,50000.0,0.0,20.32,82969,2.01,-25.0,0.623
2025-04-06T06:12:25.000,11.13,-10.04,50000.0,0.0,20.32,82970,2.21,-25.0,0.623
2025-04-06T06:13:25.000,11.23,-10.14,49728.49,0.09,20.32,82971,2.4,-25.0,0.623
2025-04-06T06:14:25.000,11.37,-9.85,50000.0,0.0,20.32,82972,2.6,-25.0,0.624
2025-04-06T06:15:25.000,11.56,-9.7,50000.0,0.0,20.32,82973,2.79,-25.0,0.624
2025-04-06T06:16:26.000,11.75,-9.67,50000.0,0.0,20.32,82974,2.99,-25.0,0.624
2025-04-06T18:23:57.000,19.14,-3.95,50000.0,0.0,20.32,83700,3.77,63.0,0.674
2025-04-06T18:24:57.000,19.13,-3.89,50000.0,0.0,20.32,83701,3.58,63.0,0.674
2025-04-06T18:25:57.000,19.14,-3.85,50000.0,0.0,20.32,83702,3.38,63.0,0.674
2025-04-06T18:26:57.000,19.13,-3.9,49722.37,0.09,20.32,83703,3.19,64.0,0.674
2025-04-06T18:27:58.000,19.14,-3.94,49716.11,0.09,20.32,83704,2.99,64.0,0.674
2025-04-06T18:28:58.000,19.14,-3.94,49706.02,0.1,20.32,83705,2.8,64.0,0.674
2025-04-06T18:29:58.000,19.14,-4.03,50000.0,0.0,20.32,83706,2.6,64.0,0.674
2025-04-06T18:30:58.000,19.13,-4.18,50000.0,0.0,20.32,83707,2.41,64.0,0.674
2025-04-06T18:31:58.000,19.08,-4.21,50000.0,0.0,20.32,83708,2.21,64.0,0.674
2025-04-06T18:48:01.000,18.47,-4.63,50000.0,0.0,20.32,83724,-0.9,67.0,0.675
2025-04-06T18:49:02.000,18.41,-4.7,50000.0,0.0,20.32,83725,-1.09,67.0,0.675
2025-04-06T18:50:02.000,18.28,-5.05,50000.0,0.0,20.32,83726,-1.29,67.0,0.675
2025-04-06T18:51:02.000,18.16,-4.91,60567.32,7.79,20.32,83727,-1.48,67.0,0.675
2025-04-06T18:52:03.000,18.03,-5.13,54012.58,8.49,20.32,83728,-1.68,67.0,0.675
2025-04-06T18:53:03.000,17.89,-5.08,47052.73,8.64,20.32,83729,-1.87,68.0,0.675
2025-04-06T18:54:04.000,17.85,-4.8,40785.4,8.79,20.32,83730,-2.06,68.0,0.676
2025-04-06T18:55:04.000,17.73,-5.29,35139.87,8.96,20.32,83731,-2.26,68.0,0.676
2025-04-06T18:56:05.000,17.63,-4.8,30067.84,9.13,20.32,83732,-2.45,68.0,0.676
2025-04-06T18:57:05.000,17.67,-4.64,25550.96,9.3,20.32,83733,-2.65,68.0,0.676
2025-04-06T18:58:06.000,17.71,-4.7,21557.02,9.49,20.32,83734,-2.84,68.0,0.676
2025-04-06T18:59:06.000,17.73,-4.66,17995.82,9.68,20.32,83735,-3.03,68.0,0.676
2025-04-06T19:00:07.000,17.75,-4.74,14865.13,9.89,20.32,83736,-3.23,69.0,0.676
2025-04-06T19:01:07.000,17.71,-4.85,12157.67,10.11,20.32,83737,-3.42,69.0,0.676
2025-04-06T19:02:08.000,17.7,-4.71,9826.53,10.34,20.32,83738,-3.62,69.0,0.676
2025-04-06T19:03:08.000,17.7,-4.88,7841.58,10.59,20.32,83739,-3.81,69.0,0.676
2025-04-06T19:04:08.000,17.63,-5.19,6195.0,10.84,20.32,83740,-4.0,69.0,0.676
2025-04-06T19:05:09.000,17.49,-5.33,4871.36,11.1,20.32,83741,-4.19,69.0,0.676
2025-04-06T19:06:09.000,17.38,-5.26,3822.56,11.37,20.32,83742,-4.38,69.0,0.676
2025-04-06T19:07:10.000,17.3,-5.13,3000.71,11.63,20.32,83743,-4.58,69.0,0.676
2025-04-06T19:08:10.000,17.28,-5.19,2358.62,11.89,20.32,83744,-4.77,70.0,0.676
2025-04-06T19:09:11.000,17.22,-5.43,1856.51,12.15,20.32,83745,-4.96,70.0,0.677
2025-04-06T19:10:11.000,17.12,-5.43,1463.22,12.41,20.32,83746,-5.16,70.0,0.677
2025-04-06T19:11:12.000,17.09,-5.27,1154.67,12.67,20.32,83747,-5.35,70.0,0.677
2025-04-06T19:12:12.000,17.08,-5.24,912.13,12.92,20.32,83748,-5.54,70.0,0.677
2025-04-06T19:13:13.000,17.07,-5.19,720.78,13.18,20.32,83749,-5.73,70.0,0.677
2025-04-06T19:14:13.000,17.07,-5.14,570.42,13.43,20.32,83750,-5.92,70.0,0.677
2025-04-06T19:15:14.000,17.08,-5.1,452.0,13.68,20.32,83751,-6.12,70.0,0.677
2025-04-06T19:16:14.000,17.08,-5.21,359.15,13.93,20.32,83752,-6.31,71.0,0.677
2025-04-06T19:17:15.000,17.05,-5.14,286.33,14.18,20.32,83753,-6.5,71.0,0.677
2025-04-06T19:18:15.000,17.04,-5.15,229.48,14.42,20.32,83754,-6.69,71.0,0.677
2025-04-06T19:19:15.000,16.99,-5.12,185.48,14.65,20.32,83755,-6.88,71.0,0.677
2025-04-06T19:20:15.000,16.97,-4.84,151.64,14.87,20.32,83756,-7.07,71.0,0.677
2025-04-06T19:21:15.000,16.98,-4.55,125.8,15.07,20.32,83757,-7.26,71.0,0.677
2025-04-06T19:22:15.000,16.98,-4.34,106.61,15.25,20.32,83758,-7.45,71.0,0.677
2025-04-06T19:23:16.000,17.0,-3.94,91.98,15.41,20.32,83759,-7.64,71.0,0.677
