ecsv/stars9/stars9_2025-04.ecsv
# %ECSV 1.0
# ---
# datatype:
# - {name: time, datatype: string}
# - {name: Enclosure Temperature, unit: deg_C, datatype: float64}
# - {name: Sky Temperature, unit: deg_C, datatype: float64}
# - {name: Frequency, unit: Hz, datatype: float64}
# - {name: MSAS, unit: mag / arcsec2, datatype: float64}
# - {name: ZP, datatype: float64}
# - {name: Sequence Number, datatype: int64}
# - {name: Sun Alt, unit: deg, datatype: float64}
# - {name: Moon Alt, unit: deg, datatype: float64}
# - {name: Moon Illumination, datatype: float64}
# delimiter: ','
# meta: !!omap
# - ida:
#     Data supplier: {affiliation: null, observer: Manuel Barco}
#     Device type: TESS-W
#     Field of view: 17.0
#     Filters per channel: None
#     Instrument ID: stars9
#     License: ODbL 1.0 http://opendatacommons.org/licenses/odbl/summary/
#     Local timezone: Europe/Madrid
#     Location name: {country: Spain, place: "A\xF1ora - SE", region: Andalusia, sub_region: "C\xF3rdoba", town: "A\xF1ora"}
#     Measurement direction per channel: {azimuth: 0.0, zenital: 0.0}
#     Moving / Fixed look direction: FIXED
#     Moving / Stationary position: STATIONARY
#     Number of channels: 1
#     Number of fields per line: 8
#     Number of header lines: 35
#     Position: {height: 0.0, latitude: 38.409226, longitude: -4.894376}
#     TESS MAC address: 18:FE:34:CF:EA:80
#     TESS cover offset value: 0.0
#     TESS firmware version: '1.0'
#     TESS zero point: 20.32
#     Time Synchronization: timestamp added by MQTT subscriber
#     URL: http://www.darksky.org/NSBM/sdf1.0.pdf
# - __serialized_columns__:
#     Enclosure Temperature:
#       __class__: astropy.units.quantity.Quantity
#       unit: &id001 !astropy.units.Unit {unit: deg_C}
#       value: !astropy.table.SerializedColumn {name: Enclosure Temperature}
#     Frequency:
#       __class__: astropy.units.quantity.Quantity
#       unit: !astropy.units.Unit {unit: Hz}
#       value: !astropy.table.SerializedColumn {name: Frequency}
#     MSAS:
#       __class__: astropy.units.quantity.Quantity
#       unit: !astropy.units.Unit {unit: mag / arcsec2}
#       value: !astropy.table.SerializedColumn {name: MSAS}
#     Moon Alt:
#       __class__: astropy.units.quantity.Quantity
#       unit: &id002 !astropy.units.Unit {unit: deg}
#       value: !astropy.table.SerializedColumn {name: Moon Alt}
#     Sky Temperature:
#       __class__: astropy.units.quantity.Quantity
#       unit: *id001
#       value: !astropy.table.SerializedColumn {name: Sky Temperature}
#     Sun Alt:
#       __class__: astropy.units.quantity.Quantity
#       unit: *id002
#       value: !astropy.table.SerializedColumn {name: Sun Alt}
#     time:
#       __class__: astropy.time.core.Time
#       format: isot
#       in_subfmt: '*'
#       out_subfmt: '*'
#       precision: 3
#       scale: utc
#       value: !astropy.table.SerializedColumn {name: time}
# schema: astropy-2.0
time,Enclosure Temperature,Sky Temperature,Frequency,MSAS,ZP,Sequence Number,Sun Alt,Moon Alt,Moon Illumination
[from data line 18888]
2025-04-30T04:17:40.000,14.09,-3.58,2.23,19.45,20.32,1344,-12.54,-21.0,0.085
2025-04-30T04:18:40.000,14.09,-3.55,2.32,19.41,20.32,1345,-12.37,-21.0,0.085
2025-04-30T04:19:40.000,14.07,-3.32,2.45,19.35,20.32,1346,-12.2,-20.0,0.085
2025-04-30T04:20:40.000,14.05,-3.01,2.66,19.26,20.32,1347,-12.03,-20.0,0.085
2025-04-30T04:21:40.000,14.04,-2.38,3.04,19.12,20.32,1348,-11.86,-20.0,0.085
2025-04-30T04:22:40.000,14.07,-1.45,3.81,18.87,20.32,1349,-11.69,-20.0,0.085
2025-04-30T04:23:40.000,14.18,-0.87,4.84,18.61,20.32,1350,-11.52,-20.0,0.085
2025-04-30T04:24:40.000,14.16,-0.9,5.9,18.4,20.32,1351,-11.35,-20.0,0.085
2025-04-30T04:25:40.000,14.14,-0.39,5.86,18.4,20.32,1352,-11.18,-20.0,0.085
2025-04-30T04:26:40.000,14.23,-0.26,5.69,18.44,20.32,1353,-11.01,-20.0,0.085
2025-04-30T04:27:40.000,14.28,-0.06,6.54,18.29,20.32,1354,-10.84,-20.0,0.085
2025-04-30T04:28:41.000,14.34,0.5,8.56,18.0,20.32,1355,-10.67,-20.0,0.085
2025-04-30T04:29:41.000,14.37,1.43,11.15,17.71,20.32,1356,-10.49,-20.0,0.085
2025-04-30T04:30:41.000,14.33,2.1,13.12,17.53,20.32,1357,-10.32,-20.0,0.085
2025-04-30T04:31:41.000,14.23,2.89,16.98,17.26,20.32,1358,-10.15,-19.0,0.085
2025-04-30T04:32:41.000,14.09,3.77,19.92,17.08,20.32,1359,-9.98,-19.0,0.086
2025-04-30T04:33:41.000,13.97,4.46,19.64,17.1,20.32,1360,-9.8,-19.0,0.086
2025-04-30T04:34:41.000,13.9,4.97,21.44,17.0,20.32,1361,-9.63,-19.0,0.086
2025-04-30T04:35:42.000,13.91,5.19,23.27,16.91,20.32,1362,-9.45,-19.0,0.086
2025-04-30T04:36:42.000,13.97,5.44,24.94,16.83,20.32,1363,-9.28,-19.0,0.086
2025-04-30T04:37:42.000,14.04,5.41,28.01,16.71,20.32,1364,-9.11,-19.0,0.086
2025-04-30T04:38:42.000,14.13,5.43,29.59,16.65,20.32,1365,-8.93,-19.0,0.086
2025-04-30T04:39:42.000,14.18,5.23,29.23,16.66,20.32,1366,-8.76,-19.0,0.086
2025-04-30T04:40:42.000,14.2,5.31,31.36,16.59,20.32,1367,-8.58,-19.0,0.086
2025-04-30T04:41:42.000,14.3,5.45,34.28,15.38,20.32,1368,-8.41,-19.0,0.086
2025-04-30T04:42:42.000,14.44,5.46,48.16,16.12,20.32,1369,-8.23,-18.0,0.086
2025-04-30T04:43:42.000,14.57,5.46,71.39,15.69,20.32,1370,-8.06,-18.0,0.086
2025-04-30T04:44:43.000,14.66,5.56,82.94,15.52,20.32,1371,-7.88,-18.0,0.086
2025-04-30T04:45:43.000,14.7,5.59,86.86,15.47,20.32,1372,-7.7,-18.0,0.086
2025-04-30T04:46:43.000,14.72,5.82,88.09,15.46,20.32,1373,-7.52,-18.0,0.086
2025-04-30T04:47:43.000,14.71,5.93,90.41,15.43,20.32,1374,-7.35,-18.0,0.086
2025-04-30T04:48:43.000,14.65,5.93,102.0,15.3,20.32,1375,-7.17,-18.0,0.086
2025-04-30T04:49:43.000,14.61,6.05,128.31,15.05,20.32,1376,-6.99,-18.0,0.086
2025-04-30T04:50:44.000,14.57,5.9,161.28,14.8,20.32,1377,-6.81,-18.0,0.086
2025-04-30T04:51:44.000,14.45,5.56,170.65,14.74,20.32,1378,-6.63,-18.0,0.086
2025-04-30T04:52:44.000,14.32,5.4,192.22,14.62,20.32,1379,-6.46,-17.0,0.086
2025-04-30T04:53:45.000,14.2,5.25,271.08,14.24,20.32,1380,-6.28,-17.0,0.087
2025-04-30T04:54:45.000,14.11,5.18,317.56,14.07,20.32,1381,-6.1,-17.0,0.087
2025-04-30T04:55:46.000,14.1,5.15,390.73,13.84,20.32,1382,-5.92,-17.0,0.087
2025-04-30T04:56:46.000,14.17,4.88,544.79,13.49,20.32,1383,-5.74,-17.0,0.087
2025-04-30T04:57:46.000,14.21,4.62,827.31,13.04,20.32,1384,-5.56,-17.0,0.087
2025-04-30T04:58:47.000,14.26,4.52,1237.44,12.59,20.32,1385,-5.38,-17.0,0.087
2025-04-30T04:59:47.000,14.36,4.85,1622.18,12.3,20.32,1386,-5.2,-17.0,0.087
2025-04-30T05:00:47.000,14.49,5.18,1970.18,12.09,20.32,1387,-5.02,-17.0,0.087
2025-04-30T05:01:48.000,14.6,5.39,2310.11,11.91,20.32,1388,-4.83,-17.0,0.087
2025-04-30T05:02:48.000,14.67,5.44,2803.31,11.7,20.32,1389,-4.65,-16.0,0.087
2025-04-30T05:03:49.000,14.75,5.78,3249.78,11.54,20.32,1390,-4.47,-16.0,0.087
2025-04-30T05:04:49.000,14.82,5.68,3171.71,11.57,20.32,1391,-4.29,-16.0,0.087
2025-04-30T05:05:49.000,14.91,6.03,3710.27,11.4,20.32,1392,-4.11,-16.0,0.087
2025-04-30T05:06:50.000,15.02,6.01,6292.91,10.84,20.32,1393,-3.92,-16.0,0.087
2025-04-30T05:07:50.000,15.12,6.14,9212.36,10.41,20.32,1394,-3.74,-16.0,0.087
2025-04-30T05:08:51.000,15.22,6.29,9744.0,10.35,20.32,1395,-3.56,-16.0,0.087
2025-04-30T05:09:51.000,15.31,6.49,7991.22,10.57,20.32,1396,-3.38,-16.0,0.087
2025-04-30T05:10:51.000,15.43,6.59,6537.57,10.78,20.32,1397,-3.19,-16.0,0.087
2025-04-30T05:11:52.000,15.51,6.54,7717.22,10.61,20.32,1398,-3.01,-15.0,0.087
2025-04-30T05:12:52.000,15.53,6.16,10039.42,10.32,20.32,1399,-2.83,-15.0,0.087
2025-04-30T05:13:52.000,15.54,6.1,13612.47,9.99,20.32,1400,-2.64,-15.0,0.087
2025-04-30T05:14:52.000,15.6,5.96,19473.87,9.6,20.32,1401,-2.46,-15.0,0.088
2025-04-30T05:15:53.000,15.67,5.73,26406.8,9.27,20.32,1402,-2.28,-15.0,0.088
2025-04-30T05:16:53.000,15.75,5.8,29780.6,9.14,20.32,1403,-2.09,-15.0,0.088
2025-04-30T05:17:54.000,15.83,5.58,35375.62,8.95,20.32,1404,-1.91,-15.0,0.088
2025-04-30T05:18:54.000,15.9,5.41,45288.98,8.68,20.32,1405,-1.72,-15.0,0.088
2025-04-30T05:19:55.000,15.91,4.61,57214.64,8.43,20.32,1406,-1.54,-15.0,0.088
2025-04-30T05:20:55.000,15.84,4.07,53606.02,2.22,20.32,1407,-1.35,-14.0,0.088
2025-04-30T05:21:56.000,15.86,3.4,50000.0,0.0,20.32,1408,-1.16,-14.0,0.088
2025-04-30T05:22:56.000,15.88,2.58,50000.0,0.0,20.32,1409,-0.98,-14.0,0.088
2025-04-30T05:23:56.000,15.87,1.91,50000.0,0.0,20.32,1410,-0.8,-14.0,0.088
2025-04-30T05:49:01.000,14.73,-4.67,50000.0,0.0,20.32,1435,3.88,-11.0,0.089
2025-04-30T05:50:01.000,14.63,-4.51,50000.0,0.0,20.32,1436,4.07,-11.0,0.089
2025-04-30T05:51:01.000,14.54,-4.45,50000.0,0.0,20.32,1437,4.26,-11.0,0.089
2025-04-30T05:52:02.000,14.51,-4.37,49729.84,0.09,20.32,1438,4.45,-11.0,0.089
2025-04-30T05:53:02.000,14.54,-4.23,50000.0,0.0,20.32,1439,4.64,-11.0,0.089
2025-04-30T05:54:02.000,14.53,-4.5,50000.0,0.0,20.32,1440,4.83,-10.0,0.089
2025-04-30T05:55:02.000,14.42,-4.48,50000.0,0.0,20.32,1441,5.02,-10.0,0.089
2025-04-30T06:01:02.000,14.44,-3.73,50000.0,0.0,20.32,1447,6.16,-10.0,0.09
2025-04-30T06:02:03.000,14.51,-3.56,50000.0,0.0,20.32,1448,6.35,-9.0,0.09
2025-04-30T06:03:03.000,14.5,-3.34,50000.0,0.0,20.32,1449,6.54,-9.0,0.09
2025-04-30T06:04:03.000,14.47,-2.92,49709.49,0.1,20.32,1450,6.73,-9.0,0.09
2025-04-30T06:05:03.000,14.34,-2.45,50000.0,0.0,20.32,1451,6.92,-9.0,0.09
2025-04-30T06:06:03.000,14.27,-1.71,50000.0,0.0,20.32,1452,7.12,-9.0,0.09
2025-04-30T06:07:03.000,14.23,-1.17,50000.0,0.0,20.32,1453,7.31,-9.0,0.09
2025-04-30T11:26:35.000,31.33,13.89,50000.0,0.0,20.32,1772,64.04,46.0,0.106
2025-04-30T11:27:35.000,30.46,12.76,50000.0,0.0,20.32,1773,64.14,46.0,0.106
2025-04-30T11:28:36.000,30.12,14.15,50000.0,0.0,20.32,1774,64.23,46.0,0.106
2025-04-30T11:30:55.000,30.52,15.31,50000.0,0.0,20.32,1776,64.44,47.0,0.106
2025-04-30T11:31:55.000,30.54,15.2,50000.0,0.0,20.32,1777,64.52,47.0,0.106
2025-04-30T11:32:55.000,30.5,15.0,50000.0,0.0,20.32,1778,64.61,47.0,0.106
2025-04-30T13:23:06.000,23.75,13.42,50000.0,0.0,20.32,1888,62.36,68.0,0.112
2025-04-30T13:24:06.000,23.71,13.42,50000.0,0.0,20.32,1889,62.24,68.0,0.112
2025-04-30T13:25:06.000,23.7,13.58,50000.0,0.0,20.32,1890,62.12,68.0,0.112
2025-04-30T13:27:25.000,23.42,12.98,50000.0,0.0,20.32,1892,61.84,69.0,0.112
2025-04-30T13:28:25.000,23.35,13.33,50000.0,0.0,20.32,1893,61.72,69.0,0.112
2025-04-30T13:29:25.000,23.31,13.27,50000.0,0.0,20.32,1894,61.6,69.0,0.112
2025-04-30T17:20:48.000,16.68,9.37,50000.0,0.0,20.32,2125,20.1,60.0,0.124
2025-04-30T17:21:48.000,16.78,9.46,50000.0,0.0,20.32,2126,19.91,60.0,0.124
2025-04-30T17:22:48.000,16.81,9.24,50000.0,0.0,20.32,2127,19.71,59.0,0.124
2025-04-30T17:23:48.000,16.81,9.26,49726.89,0.09,20.32,2128,19.51,59.0,0.124
2025-04-30T17:24:48.000,16.87,9.51,49704.29,0.1,20.32,2129,19.32,59.0,0.125
2025-04-30T17:25:48.000,16.93,9.4,50000.0,0.0,20.32,2130,19.12,59.0,0.125
2025-04-30T17:26:48.000,16.96,9.65,50000.0,0.0,20.32,2131,18.93,59.0,0.125
2025-04-30T17:27:48.000,16.98,10.01,50000.0,0.0,20.32,2132,18.73,58.0,0.125
2025-04-30T17:39:50.000,16.58,9.36,50000.0,0.0,20.32,2144,16.39,56.0,0.125
2025-04-30T17:40:50.000,16.64,9.08,50000.0,0.0,20.32,2145,16.19,56.0,0.125
2025-04-30T17:41:50.000,16.72,9.58,50000.0,0.0,20.32,2146,16.0,56.0,0.125
2025-04-30T17:42:50.000,16.84,9.56,49723.87,0.09,20.32,2147,15.81,56.0,0.125
2025-04-30T17:43:50.000,16.95,9.46,50000.0,0.0,20.32,2148,15.61,55.0,0.126
2025-04-30T17:44:50.000,16.99,9.41,50000.0,0.0,20.32,2149,15.42,55.0,0.126
2025-04-30T17:45:50.000,17.03,9.44,50000.0,0.0,20.32,2150,15.22,55.0,0.126
2025-04-30T19:02:00.000,12.87,10.83,50000.0,0.0,20.32,2226,0.71,41.0,0.13
2025-04-30T19:03:00.000,12.94,11.07,50000.0,0.0,20.32,2227,0.53,40.0,0.13
2025-04-30T19:04:00.000,13.01,11.03,50000.0,0.0,20.32,2228,0.34,40.0,0.13
2025-04-30T19:06:19.000,13.13,11.28,50000.0,0.0,20.32,2230,-0.08,40.0,0.13
2025-04-30T19:07:19.000,13.17,11.29,49505.3,0.16,20.32,2231,-0.27,40.0,0.13
2025-04-30T19:08:20.000,13.17,11.26,50000.0,0.0,20.32,2232,-0.46,39.0,0.13
2025-04-30T19:09:20.000,13.18,11.09,50000.0,0.0,20.32,2233,-0.64,39.0,0.13
2025-04-30T19:10:20.000,13.17,11.14,50000.0,0.0,20.32,2234,-0.82,39.0,0.13
2025-04-30T19:11:21.000,13.2,11.3,57124.71,7.95,20.32,2235,-1.01,39.0,0.13
2025-04-30T19:12:21.000,13.26,11.28,53855.29,8.49,20.32,2236,-1.2,39.0,0.13
2025-04-30T19:13:21.000,13.22,11.03,39174.77,8.85,20.32,2237,-1.38,38.0,0.13
2025-04-30T19:14:21.000,13.19,11.12,25331.05,9.39,20.32,2238,-1.56,38.0,0.13
2025-04-30T19:15:22.000,13.19,11.29,23685.51,9.38,20.32,2239,-1.75,38.0,0.131
2025-04-30T19:16:22.000,13.14,10.68,19497.76,9.6,20.32,2240,-1.93,38.0,0.131
2025-04-30T19:17:23.000,13.01,10.7,14017.47,9.96,20.32,2241,-2.12,38.0,0.131
2025-04-30T19:18:23.000,13.07,11.14,12067.73,10.12,20.32,2242,-2.3,38.0,0.131
2025-04-30T19:19:24.000,13.14,11.02,18631.96,9.68,20.32,2243,-2.48,37.0,0.131
2025-04-30T19:20:24.000,13.14,11.09,25461.68,9.53,20.32,2244,-2.67,37.0,0.131
2025-04-30T19:21:25.000,13.16,11.15,22895.22,9.42,20.32,2245,-2.85,37.0,0.131
2025-04-30T19:22:25.000,13.16,11.16,20574.31,9.55,20.32,2246,-3.03,37.0,0.131
2025-04-30T19:23:25.000,13.19,11.2,12284.78,10.1,20.32,2247,-3.22,37.0,0.131
2025-04-30T19:24:25.000,13.13,10.65,9521.42,10.38,20.32,2248,-3.4,36.0,0.131
2025-04-30T19:25:26.000,13.0,10.56,9117.87,10.42,20.32,2249,-3.58,36.0,0.131
2025-04-30T19:26:26.000,12.92,10.48,8977.69,10.44,20.32,2250,-3.76,36.0,0.131
2025-04-30T19:27:27.000,12.89,10.71,9426.91,10.38,20.32,2251,-3.95,36.0,0.131
2025-04-30T19:28:27.000,12.92,10.79,8258.96,10.53,20.32,2252,-4.13,36.0,0.131
2025-04-30T19:29:28.000,12.92,10.78,6932.58,10.72,20.32,2253,-4.31,35.0,0.131
2025-04-30T19:30:28.000,12.89,10.64,5656.78,10.94,20.32,2254,-4.49,35.0,0.131
2025-04-30T19:31:29.000,12.83,10.54,4594.42,11.17,20.32,2255,-4.67,35.0,0.131
2025-04-30T19:32:29.000,12.77,10.33,3707.49,11.4,20.32,2256,-4.85,35.0,0.131
2025-04-30T19:33:30.000,12.74,10.48,2814.73,11.7,20.32,2257,-5.03,35.0,0.132
2025-04-30T19:34:30.000,12.75,10.42,2055.53,12.04,20.32,2258,-5.21,34.0,0.132
2025-04-30T19:35:31.000,12.74,10.63,1802.36,12.18,20.32,2259,-5.39,34.0,0.132
2025-04-30T19:36:31.000,12.78,10.49,1302.24,12.54,20.32,2260,-5.57,34.0,0.132
2025-04-30T19:37:31.000,12.81,10.75,1049.84,12.77,20.32,2261,-5.75,34.0,0.132
2025-04-30T19:38:32.000,12.83,10.71,862.49,12.98,20.32,2262,-5.93,34.0,0.132
2025-04-30T19:39:32.000,12.83,10.62,731.73,13.16,20.32,2263,-6.11,34.0,0.132
2025-04-30T19:40:33.000,12.81,10.58,636.56,13.31,20.32,2264,-6.29,33.0,0.132
2025-04-30T19:41:34.000,12.8,10.56,596.82,13.38,20.32,2265,-6.47,33.0,0.132
2025-04-30T19:42:34.000,12.74,10.3,478.89,13.62,20.32,2266,-6.65,33.0,0.132
2025-04-30T19:43:35.000,12.7,10.47,337.98,14.01,20.32,2267,-6.83,33.0,0.132
2025-04-30T19:44:35.000,12.7,10.59,175.15,14.73,20.32,2268,-7.01,33.0,0.132
2025-04-30T19:45:35.000,12.72,10.6,108.67,15.24,20.32,2269,-7.18,32.0,0.132
2025-04-30T19:46:35.000,12.72,10.67,84.56,15.5,20.32,2270,-7.36,32.0,0.132
2025-04-30T19:47:36.000,12.81,10.81,76.52,15.61,20.32,2271,-7.54,32.0,0.132
2025-04-30T19:48:36.000,12.83,10.79,67.61,15.75,20.32,2272,-7.71,32.0,0.132
2025-04-30T19:49:36.000,12.85,10.82,67.48,15.75,20.32,2273,-7.89,32.0,0.132
2025-04-30T19:50:36.000,12.85,10.88,59.0,15.89,20.32,2274,-8.06,32.0,0.132
2025-04-30T19:51:36.000,12.9,10.97,50.19,16.07,20.32,2275,-8.24,31.0,0.133
2025-04-30T19:52:36.000,12.9,10.87,47.84,16.12,20.32,2276,-8.41,31.0,0.133
2025-04-30T19:53:36.000,12.97,11.19,43.13,16.23,20.32,2277,-8.59,31.0,0.133
2025-04-30T19:54:37.000,12.98,10.95,40.0,16.32,20.32,2278,-8.77,31.0,0.133
2025-04-30T19:55:37.000,12.94,10.79,37.14,16.4,20.32,2279,-8.94,31.0,0.133
2025-04-30T19:56:37.000,12.83,10.48,31.03,16.59,20.32,2280,-9.11,30.0,0.133
2025-04-30T19:57:37.000,12.76,10.4,26.59,16.76,20.32,2281,-9.29,30.0,0.133
2025-04-30T19:58:37.000,12.73,10.6,22.96,16.92,20.32,2282,-9.46,30.0,0.133
2025-04-30T19:59:37.000,12.68,10.42,20.36,17.05,20.32,2283,-9.63,30.0,0.133
2025-04-30T20:00:37.000,12.68,10.56,17.81,17.19,20.32,2284,-9.81,30.0,0.133
2025-04-30T20:01:37.000,12.61,10.17,15.92,17.32,20.32,2285,-9.98,29.0,0.133
2025-04-30T20:02:38.000,12.51,10.22,13.67,17.48,20.32,2286,-10.15,29.0,0.133
2025-04-30T20:03:38.000,12.49,10.29,11.81,17.64,20.32,2287,-10.32,29.0,0.133
2025-04-30T20:04:38.000,12.54,10.57,9.95,17.83,20.32,2288,-10.5,29.0,0.133
2025-04-30T20:05:38.000,12.55,10.28,8.83,17.96,20.32,2289,-10.67,29.0,0.133
2025-04-30T20:06:38.000,12.53,10.42,7.76,18.1,20.32,2290,-10.84,29.0,0.133
2025-04-30T20:07:38.000,12.6,10.61,9.08,17.93,20.32,2291,-11.01,28.0,0.133
2025-04-30T20:08:38.000,12.69,10.77,10.68,17.75,20.32,2292,-11.18,28.0,0.133
2025-04-30T20:09:38.000,12.78,10.79,10.95,17.72,20.32,2293,-11.35,28.0,0.134
2025-04-30T20:10:38.000,12.84,11.05,10.29,17.79,20.32,2294,-11.52,28.0,0.134
2025-04-30T20:11:39.000,12.98,11.37,9.37,17.89,20.32,2295,-11.69,28.0,0.134
2025-04-30T20:12:39.000,13.03,11.04,10.16,17.8,20.32,2296,-11.86,27.0,0.134
2025-04-30T20:13:39.000,13.15,11.59,9.98,17.82,20.32,2297,-12.03,27.0,0.134
2025-04-30T20:14:39.000,13.28,11.65,10.5,17.77,20.32,2298,-12.2,27.0,0.134
2025-04-30T20:15:39.000,13.39,11.68,8.88,17.95,20.32,2299,-12.37,27.0,0.134
2025-04-30T20:16:39.000,13.33,10.99,7.62,18.12,20.32,2300,-12.53,27.0,0.134
2025-04-30T20:17:39.000,13.22,10.84,9.13,17.92,20.32,2301,-12.7,27.0,0.134
2025-04-30T20:18:39.000,13.14,10.84,9.55,17.87,20.32,2302,-12.87,26.0,0.134
2025-04-30T20:19:39.000,13.08,10.59,9.64,17.86,20.32,2303,-13.03,26.0,0.134
2025-04-30T20:20:40.000,12.96,10.59,8.29,18.02,20.32,2304,-13.2,26.0,0.134
2025-04-30T20:21:40.000,12.97,10.72,6.51,18.29,20.32,2305,-13.37,26.0,0.134
2025-04-30T20:22:40.000,12.94,10.68,5.76,18.42,20.32,2306,-13.54,26.0,0.134
2025-04-30T20:23:40.000,12.99,11.11,4.93,18.59,20.32,2307,-13.7,25.0,0.134
2025-04-30T20:24:40.000,13.06,11.18,4.24,18.75,20.32,2308,-13.87,25.0,0.134
2025-04-30T20:25:40.000,13.07,11.02,4.9,18.61,20.32,2309,-14.03,25.0,0.134
2025-04-30T20:26:40.000,13.07,11.17,5.64,18.44,20.32,2310,-14.2,25.0,0.135
2025-04-30T20:27:40.000,13.08,11.05,4.33,18.73,20.32,2311,-14.36,25.0,0.135
2025-04-30T20:28:41.000,13.05,11.01,4.07,18.8,20.32,2312,-14.53,25.0,0.135
2025-04-30T20:29:41.000,13.01,10.93,3.32,19.02,20.32,2313,-14.69,24.0,0.135
2025-04-30T20:30:41.000,12.95,10.65,3.23,19.05,20.32,2314,-14.85,24.0,0.135
2025-04-30T20:31:41.000,12.84,10.47,3.38,19.0,20.32,2315,-15.02,24.0,0.135
2025-04-30T20:32:41.000,12.82,10.52,3.43,18.98,20.32,2316,-15.18,24.0,0.135
2025-04-30T20:33:41.000,12.8,10.72,3.31,19.02,20.32,2317,-15.34,24.0,0.135
2025-04-30T20:34:41.000,12.83,10.74,3.04,19.11,20.32,2318,-15.5,23.0,0.135
2025-04-30T20:35:41.000,12.83,10.78,2.89,19.17,20.32,2319,-15.67,23.0,0.135
2025-04-30T20:36:41.000,12.81,10.56,2.88,19.17,20.32,2320,-15.83,23.0,0.135
2025-04-30T20:37:41.000,12.69,10.05,3.38,19.0,20.32,2321,-15.99,23.0,0.135
2025-04-30T20:38:42.000,12.58,10.22,2.82,19.21,20.32,2322,-16.15,23.0,0.135
2025-04-30T20:39:42.000,12.62,10.29,1.87,19.64,20.32,2323,-16.31,23.0,0.135
2025-04-30T20:40:42.000,12.64,10.38,1.86,19.65,20.32,2324,-16.47,22.0,0.135
2025-04-30T20:41:42.000,12.64,10.43,1.48,19.9,20.32,2325,-16.63,22.0,0.135
2025-04-30T20:42:42.000,12.6,10.31,1.25,20.07,20.32,2326,-16.79,22.0,0.135
2025-04-30T20:43:42.000,12.58,10.36,1.23,20.1,20.32,2327,-16.95,22.0,0.135
