ecsv/stars9/stars9_2025-04.ecsv
# %ECSV 1.0
# ---
# datatype:
# - {name: time, datatype: string}
# - {name: Enclosure Temperature, unit: deg_C, datatype: float64}
# - {name: Sky Temperature, unit: deg_C, datatype: float64}
# - {name: Frequency, unit: Hz, datatype: float64}
# - {name: MSAS, unit: mag / arcsec2, datatype: float64}
# - {name: ZP, datatype: float64}
# - {name: Sequence Number, datatype: int64}
# - {name: Sun Alt, unit: deg, datatype: float64}
# - {name: Moon Alt, unit: deg, datatype: float64}
# - {name: Moon Illumination, datatype: float64}
# delimiter: ','
# meta: !!omap
# - ida:
#     Data supplier: {affiliation: null, observer: Manuel Barco}
#     Device type: TESS-W
#     Field of view: 17.0
#     Filters per channel: None
#     Instrument ID: stars9
#     License: ODbL 1.0 http://opendatacommons.org/licenses/odbl/summary/
#     Local timezone: Europe/Madrid
#     Location name: {country: Spain, place: "A\xF1ora - SE", region: Andalusia, sub_region: "C\xF3rdoba", town: "A\xF1ora"}
#     Measurement direction per channel: {azimuth: 0.0, zenital: 0.0}
#     Moving / Fixed look direction: FIXED
#     Moving / Stationary position: STATIONARY
#     Number of channels: 1
#     Number of fields per line: 8
#     Number of header lines: 35
#     Position: {height: 0.0, latitude: 38.409226, longitude: -4.894376}
#     TESS MAC address: 18:FE:34:CF:EA:80
#     TESS cover offset value: 0.0
#     TESS firmware version: '1.0'
#     TESS zero point: 20.32
#     Time Synchronization: timestamp added by MQTT subscriber
#     URL: http://www.darksky.org/NSBM/sdf1.0.pdf
# - __serialized_columns__:
#     Enclosure Temperature:
#       __class__: astropy.units.quantity.Quantity
#       unit: &id001 !astropy.units.Unit {unit: deg_C}
#       value: !astropy.table.SerializedColumn {name: Enclosure Temperature}
#     Frequency:
#       __class__: astropy.units.quantity.Quantity
#       unit: !astropy.units.Unit {unit: Hz}
#       value: !astropy.table.SerializedColumn {name: Frequency}
#     MSAS:
#       __class__: astropy.units.quantity.Quantity
#       unit: !astropy.units.Unit {unit: mag / arcsec2}
#       value: !astropy.table.SerializedColumn {name: MSAS}
#     Moon Alt:
#       __class__: astropy.units.quantity.Quantity
#       unit: &id002 !astropy.units.Unit {unit: deg}
#       value: !astropy.table.SerializedColumn {name: Moon Alt}
#     Sky Temperature:
#       __class__: astropy.units.quantity.Quantity
#       unit: *id001
#       value: !astropy.table.SerializedColumn {name: Sky Temperature}
#     Sun Alt:
#       __class__: astropy.units.quantity.Quantity
#       unit: *id002
#       value: !astropy.table.SerializedColumn {name: Sun Alt}
#     time:
#       __class__: astropy.time.core.Time
#       format: isot
#       in_subfmt: '*'
#       out_subfmt: '*'
#       precision: 3
#       scale: utc
#       value: !astropy.table.SerializedColumn {name: time}
# schema: astropy-2.0
time,Enclosure Temperature,Sky Temperature,Frequency,MSAS,ZP,Sequence Number,Sun Alt,Moon Alt,Moon Illumination
[from data line 5633]
2025-04-09T00:18:23.000,16.87,-3.63,5.1,18.55,20.32,86925,-43.99,45.0,0.86
2025-04-09T00:19:23.000,16.92,-3.71,5.07,18.56,20.32,86926,-44.0,45.0,0.86
2025-04-09T00:20:23.000,16.94,-3.67,5.02,18.57,20.32,86927,-44.0,45.0,0.86
2025-04-09T00:21:23.000,16.95,-3.74,4.97,18.58,20.32,86928,-44.0,45.0,0.86
2025-04-09T00:22:23.000,16.97,-3.72,4.92,18.59,20.32,86929,-44.0,44.0,0.86
2025-04-09T00:23:23.000,16.99,-3.82,4.86,18.61,20.32,86930,-43.99,44.0,0.861
2025-04-09T00:24:23.000,17.0,-3.94,4.82,18.61,20.32,86931,-43.99,44.0,0.861
2025-04-09T00:25:24.000,16.99,-3.96,4.81,18.62,20.32,86932,-43.99,44.0,0.861
2025-04-09T00:26:24.000,17.01,-3.96,4.79,18.62,20.32,86933,-43.98,44.0,0.861
2025-04-09T00:27:24.000,17.04,-4.04,4.79,18.62,20.32,86934,-43.97,44.0,0.861
2025-04-09T00:28:24.000,17.04,-3.96,4.66,18.65,20.32,86935,-43.96,43.0,0.861
2025-04-09T00:29:24.000,17.01,-4.1,4.64,18.66,20.32,86936,-43.96,43.0,0.861
2025-04-09T00:30:24.000,16.97,-4.19,4.66,18.65,20.32,86937,-43.94,43.0,0.861
2025-04-09T00:31:24.000,16.93,-4.36,4.64,18.66,20.32,86938,-43.93,43.0,0.861
2025-04-09T00:32:24.000,16.92,-4.18,4.62,18.66,20.32,86939,-43.92,43.0,0.861
2025-04-09T00:33:24.000,16.91,-4.32,4.58,18.67,20.32,86940,-43.91,43.0,0.861
2025-04-09T00:34:24.000,16.93,-4.23,4.56,18.67,20.32,86941,-43.89,42.0,0.861
2025-04-09T00:35:24.000,16.89,-4.33,4.54,18.68,20.32,86942,-43.87,42.0,0.861
2025-04-09T00:36:25.000,16.86,-4.25,4.55,18.68,20.32,86943,-43.86,42.0,0.861
2025-04-09T00:37:25.000,16.83,-4.27,4.53,18.68,20.32,86944,-43.84,42.0,0.861
2025-04-09T00:38:25.000,16.81,-4.18,4.5,18.69,20.32,86945,-43.82,42.0,0.861
2025-04-09T00:39:25.000,16.8,-4.29,4.5,18.69,20.32,86946,-43.8,41.0,0.861
2025-04-09T00:40:25.000,16.8,-4.33,4.48,18.69,20.32,86947,-43.78,41.0,0.861
2025-04-09T00:41:25.000,16.8,-4.35,4.48,18.69,20.32,86948,-43.75,41.0,0.861
2025-04-09T00:42:25.000,16.81,-4.47,4.45,18.7,20.32,86949,-43.73,41.0,0.861
2025-04-09T00:43:25.000,16.8,-4.41,4.33,18.73,20.32,86950,-43.7,41.0,0.861
2025-04-09T00:44:25.000,16.8,-4.42,4.31,18.74,20.32,86951,-43.67,41.0,0.862
2025-04-09T00:45:26.000,16.82,-4.5,4.37,18.72,20.32,86952,-43.65,40.0,0.862
2025-04-09T00:46:26.000,16.83,-4.47,4.35,18.72,20.32,86953,-43.62,40.0,0.862
2025-04-09T00:47:26.000,16.8,-4.63,4.3,18.74,20.32,86954,-43.59,40.0,0.862
2025-04-09T00:48:26.000,16.77,-4.67,4.24,18.75,20.32,86955,-43.56,40.0,0.862
2025-04-09T00:49:26.000,16.71,-4.78,4.25,18.75,20.32,86956,-43.52,40.0,0.862
2025-04-09T00:50:26.000,16.67,-4.7,4.24,18.75,20.32,86957,-43.49,39.0,0.862
2025-04-09T00:51:26.000,16.65,-4.74,4.21,18.76,20.32,86958,-43.45,39.0,0.862
2025-04-09T00:52:26.000,16.6,-4.83,4.22,18.76,20.32,86959,-43.42,39.0,0.862
2025-04-09T00:53:27.000,16.54,-4.75,4.19,18.77,20.32,86960,-43.38,39.0,0.862
2025-04-09T00:54:27.000,16.49,-4.78,4.19,18.76,20.32,86961,-43.34,39.0,0.862
2025-04-09T00:55:27.000,16.5,-4.67,4.17,18.77,20.32,86962,-43.3,39.0,0.862
2025-04-09T00:56:27.000,16.49,-4.9,4.16,18.77,20.32,86963,-43.26,38.0,0.862
2025-04-09T00:57:27.000,16.45,-4.81,4.15,18.77,20.32,86964,-43.22,38.0,0.862
2025-04-09T00:58:27.000,16.45,-4.71,4.13,18.78,20.32,86965,-43.18,38.0,0.862
2025-04-09T00:59:27.000,16.42,-4.79,4.11,18.79,20.32,86966,-43.13,38.0,0.862
2025-04-09T01:00:27.000,16.42,-4.6,4.1,18.79,20.32,86967,-43.09,38.0,0.862
2025-04-09T01:01:27.000,16.45,-4.6,4.08,18.79,20.32,86968,-43.04,37.0,0.862
2025-04-09T01:02:28.000,16.46,-4.63,4.07,18.8,20.32,86969,-42.99,37.0,0.862
2025-04-09T01:03:28.000,16.45,-4.64,4.02,18.81,20.32,86970,-42.95,37.0,0.862
2025-04-09T01:04:28.000,16.45,-4.67,4.02,18.81,20.32,86971,-42.9,37.0,0.862
2025-04-09T01:05:28.000,16.44,-4.65,3.92,18.84,20.32,86972,-42.85,37.0,0.862
2025-04-09T01:06:28.000,16.43,-4.66,3.86,18.86,20.32,86973,-42.79,37.0,0.863
2025-04-09T01:07:28.000,16.44,-4.64,3.77,18.88,20.32,86974,-42.74,36.0,0.863
2025-04-09T01:08:28.000,16.41,-4.72,3.69,18.9,20.32,86975,-42.69,36.0,0.863
2025-04-09T01:09:29.000,16.41,-4.65,3.53,18.95,20.32,86976,-42.63,36.0,0.863
2025-04-09T01:10:29.000,16.43,-4.62,3.36,19.01,20.32,86977,-42.58,36.0,0.863
2025-04-09T01:11:29.000,16.45,-4.62,3.23,19.05,20.32,86978,-42.52,36.0,0.863
2025-04-09T01:12:29.000,16.47,-4.64,3.13,19.08,20.32,86979,-42.46,35.0,0.863
2025-04-09T01:13:29.000,16.48,-4.68,3.08,19.1,20.32,86980,-42.4,35.0,0.863
2025-04-09T01:14:29.000,16.48,-4.76,3.02,19.12,20.32,86981,-42.34,35.0,0.863
2025-04-09T01:15:29.000,16.48,-4.78,3.08,19.1,20.32,86982,-42.28,35.0,0.863
2025-04-09T01:16:29.000,16.47,-4.85,3.1,19.09,20.32,86983,-42.22,35.0,0.863
2025-04-09T01:17:29.000,16.47,-4.84,3.06,19.11,20.32,86984,-42.15,34.0,0.863
2025-04-09T01:18:29.000,16.45,-4.95,2.94,19.15,20.32,86985,-42.09,34.0,0.863
2025-04-09T01:19:30.000,16.44,-5.07,2.85,19.18,20.32,86986,-42.02,34.0,0.863
2025-04-09T01:20:30.000,16.4,-5.14,2.9,19.17,20.32,86987,-41.96,34.0,0.863
2025-04-09T01:21:30.000,16.39,-5.15,2.83,19.19,20.32,86988,-41.89,34.0,0.863
2025-04-09T01:22:30.000,16.38,-5.1,2.82,19.2,20.32,86989,-41.82,33.0,0.863
2025-04-09T01:23:30.000,16.37,-5.21,2.8,19.2,20.32,86990,-41.75,33.0,0.863
2025-04-09T01:24:30.000,16.34,-5.19,2.76,19.22,20.32,86991,-41.68,33.0,0.863
2025-04-09T01:25:30.000,16.32,-5.24,2.69,19.24,20.32,86992,-41.61,33.0,0.863
2025-04-09T01:26:30.000,16.3,-5.31,2.67,19.25,20.32,86993,-41.54,33.0,0.863
2025-04-09T01:27:30.000,16.24,-5.41,2.6,19.28,20.32,86994,-41.46,33.0,0.864
2025-04-09T01:28:31.000,16.2,-5.43,2.54,19.31,20.32,86995,-41.39,32.0,0.864
2025-04-09T01:29:31.000,16.19,-5.42,2.52,19.32,20.32,86996,-41.31,32.0,0.864
2025-04-09T01:30:31.000,16.16,-5.53,2.5,19.32,20.32,86997,-41.23,32.0,0.864
2025-04-09T01:31:31.000,16.15,-5.49,2.48,19.33,20.32,86998,-41.16,32.0,0.864
2025-04-09T01:32:31.000,16.12,-5.48,2.47,19.34,20.32,86999,-41.08,32.0,0.864
2025-04-09T01:33:31.000,16.08,-5.67,2.46,19.34,20.32,87000,-41.0,31.0,0.864
2025-04-09T01:34:31.000,16.01,-5.72,2.43,19.36,20.32,87001,-40.92,31.0,0.864
2025-04-09T01:35:32.000,15.96,-5.53,2.42,19.36,20.32,87002,-40.83,31.0,0.864
2025-04-09T01:36:32.000,15.97,-5.54,2.4,19.37,20.32,87003,-40.75,31.0,0.864
2025-04-09T01:37:32.000,15.85,-6.1,2.44,19.35,20.32,87004,-40.67,31.0,0.864
2025-04-09T01:38:32.000,15.69,-6.07,2.39,19.38,20.32,87005,-40.58,30.0,0.864
2025-04-09T01:39:32.000,15.53,-6.08,2.37,19.38,20.32,87006,-40.5,30.0,0.864
2025-04-09T01:40:32.000,15.38,-6.31,2.34,19.4,20.32,87007,-40.41,30.0,0.864
2025-04-09T01:41:32.000,15.3,-5.97,2.35,19.4,20.32,87008,-40.32,30.0,0.864
2025-04-09T01:42:33.000,15.24,-6.15,2.34,19.4,20.32,87009,-40.24,30.0,0.864
2025-04-09T01:43:33.000,15.12,-6.15,2.34,19.4,20.32,87010,-40.15,29.0,0.864
2025-04-09T01:44:33.000,15.07,-5.95,2.34,19.4,20.32,87011,-40.06,29.0,0.864
2025-04-09T01:45:33.000,15.05,-6.02,2.29,19.42,20.32,87012,-39.96,29.0,0.864
2025-04-09T01:46:33.000,15.01,-6.04,2.34,19.4,20.32,87013,-39.87,29.0,0.864
2025-04-09T01:47:33.000,14.97,-6.0,2.31,19.41,20.32,87014,-39.78,29.0,0.864
2025-04-09T01:48:33.000,14.95,-6.09,2.33,19.4,20.32,87015,-39.69,29.0,0.865
2025-04-09T01:49:33.000,14.93,-5.98,2.31,19.41,20.32,87016,-39.59,28.0,0.865
2025-04-09T01:50:34.000,14.89,-6.14,2.33,19.4,20.32,87017,-39.49,28.0,0.865
2025-04-09T01:51:34.000,14.82,-6.25,2.31,19.41,20.32,87018,-39.4,28.0,0.865
2025-04-09T01:52:34.000,14.71,-6.23,2.3,19.41,20.32,87019,-39.3,28.0,0.865
2025-04-09T01:53:34.000,14.7,-6.04,2.31,19.41,20.32,87020,-39.2,28.0,0.865
2025-04-09T01:54:34.000,14.71,-5.93,2.31,19.41,20.32,87021,-39.1,27.0,0.865
2025-04-09T01:55:34.000,14.7,-6.09,2.3,19.42,20.32,87022,-39.0,27.0,0.865
2025-04-09T01:56:34.000,14.71,-5.94,2.25,19.44,20.32,87023,-38.9,27.0,0.865
2025-04-09T01:57:34.000,14.72,-6.0,2.25,19.44,20.32,87024,-38.8,27.0,0.865
2025-04-09T01:58:34.000,14.74,-5.93,2.24,19.44,20.32,87025,-38.7,27.0,0.865
2025-04-09T01:59:34.000,14.78,-5.9,2.24,19.45,20.32,87026,-38.6,26.0,0.865
2025-04-09T02:00:35.000,14.78,-6.04,2.22,19.45,20.32,87027,-38.49,26.0,0.865
2025-04-09T02:01:35.000,14.78,-5.87,2.2,19.47,20.32,87028,-38.39,26.0,0.865
2025-04-09T02:02:35.000,14.78,-5.99,2.19,19.47,20.32,87029,-38.28,26.0,0.865
2025-04-09T02:03:35.000,14.78,-5.97,2.19,19.47,20.32,87030,-38.17,26.0,0.865
2025-04-09T02:04:35.000,14.75,-6.18,2.14,19.5,20.32,87031,-38.07,25.0,0.865
2025-04-09T02:05:35.000,14.71,-6.1,2.16,19.48,20.32,87032,-37.96,25.0,0.865
2025-04-09T02:06:35.000,14.71,-6.04,2.16,19.49,20.32,87033,-37.85,25.0,0.865
2025-04-09T02:07:35.000,14.72,-5.89,2.15,19.49,20.32,87034,-37.74,25.0,0.865
2025-04-09T02:08:35.000,14.76,-5.87,2.16,19.49,20.32,87035,-37.63,25.0,0.865
2025-04-09T02:09:35.000,14.77,-6.1,2.18,19.47,20.32,87036,-37.52,24.0,0.865
2025-04-09T02:10:36.000,14.75,-6.05,2.15,19.49,20.32,87037,-37.4,24.0,0.866
2025-04-09T02:11:36.000,14.8,-5.9,2.17,19.48,20.32,87038,-37.29,24.0,0.866
2025-04-09T02:12:36.000,14.83,-5.84,2.16,19.48,20.32,87039,-37.18,24.0,0.866
2025-04-09T02:13:36.000,14.88,-5.87,2.15,19.49,20.32,87040,-37.06,24.0,0.866
2025-04-09T02:14:36.000,14.92,-5.92,2.12,19.5,20.32,87041,-36.95,24.0,0.866
2025-04-09T02:15:36.000,14.93,-5.96,2.15,19.49,20.32,87042,-36.83,23.0,0.866
2025-04-09T02:16:36.000,14.95,-6.04,2.14,19.5,20.32,87043,-36.71,23.0,0.866
2025-04-09T02:17:36.000,14.93,-6.07,2.12,19.51,20.32,87044,-36.6,23.0,0.866
2025-04-09T02:18:37.000,14.92,-6.1,2.14,19.5,20.32,87045,-36.48,23.0,0.866
2025-04-09T02:19:37.000,14.93,-6.09,2.14,19.49,20.32,87046,-36.36,23.0,0.866
2025-04-09T02:20:37.000,14.92,-6.07,2.14,19.5,20.32,87047,-36.24,22.0,0.866
2025-04-09T02:21:37.000,14.93,-6.05,2.13,19.5,20.32,87048,-36.12,22.0,0.866
2025-04-09T02:22:37.000,14.89,-6.24,2.11,19.51,20.32,87049,-36.0,22.0,0.866
2025-04-09T02:23:37.000,14.88,-6.24,2.11,19.51,20.32,87050,-35.87,22.0,0.866
2025-04-09T02:24:37.000,14.85,-6.32,2.13,19.5,20.32,87051,-35.75,22.0,0.866
2025-04-09T02:25:38.000,14.82,-6.34,2.1,19.51,20.32,87052,-35.63,21.0,0.866
2025-04-09T02:26:38.000,14.81,-6.26,2.09,19.52,20.32,87053,-35.5,21.0,0.866
2025-04-09T02:27:38.000,14.76,-6.4,2.1,19.52,20.32,87054,-35.38,21.0,0.866
2025-04-09T02:28:38.000,14.7,-6.36,2.09,19.52,20.32,87055,-35.25,21.0,0.866
2025-04-09T02:29:38.000,14.68,-6.3,2.13,19.5,20.32,87056,-35.13,21.0,0.866
2025-04-09T02:30:39.000,14.67,-6.22,2.12,19.5,20.32,87057,-35.0,20.0,0.866
2025-04-09T02:31:39.000,14.61,-6.58,2.12,19.5,20.32,87058,-34.87,20.0,0.867
2025-04-09T02:32:39.000,14.52,-6.41,2.11,19.51,20.32,87059,-34.74,20.0,0.867
2025-04-09T02:33:39.000,14.5,-6.37,2.11,19.51,20.32,87060,-34.61,20.0,0.867
2025-04-09T02:34:39.000,14.49,-6.23,2.11,19.51,20.32,87061,-34.48,20.0,0.867
2025-04-09T02:35:39.000,14.49,-6.15,2.12,19.51,20.32,87062,-34.35,19.0,0.867
2025-04-09T02:36:39.000,14.5,-6.06,2.12,19.51,20.32,87063,-34.22,19.0,0.867
2025-04-09T02:37:39.000,14.54,-6.04,2.12,19.5,20.32,87064,-34.09,19.0,0.867
2025-04-09T02:38:40.000,14.57,-6.06,2.13,19.5,20.32,87065,-33.96,19.0,0.867
2025-04-09T02:39:40.000,14.6,-6.16,2.13,19.5,20.32,87066,-33.82,19.0,0.867
2025-04-09T02:40:40.000,14.61,-6.22,2.11,19.51,20.32,87067,-33.69,18.0,0.867
2025-04-09T02:41:40.000,14.65,-6.09,2.14,19.5,20.32,87068,-33.56,18.0,0.867
2025-04-09T02:42:40.000,14.68,-6.21,2.15,19.49,20.32,87069,-33.42,18.0,0.867
2025-04-09T02:43:40.000,14.66,-6.53,2.16,19.49,20.32,87070,-33.29,18.0,0.867
2025-04-09T02:45:46.000,14.67,-6.2,2.15,19.49,20.32,87072,-33.0,17.0,0.867
2025-04-09T02:46:46.000,14.65,-6.34,2.2,19.46,20.32,87073,-32.86,17.0,0.867
2025-04-09T02:47:46.000,14.65,-6.14,2.2,19.47,20.32,87074,-32.73,17.0,0.867
2025-04-09T02:48:46.000,14.64,-6.3,2.21,19.46,20.32,87075,-32.59,17.0,0.867
2025-04-09T02:49:46.000,14.63,-6.19,2.22,19.46,20.32,87076,-32.45,17.0,0.867
2025-04-09T02:50:46.000,14.6,-6.27,2.25,19.44,20.32,87077,-32.31,17.0,0.867
2025-04-09T02:51:47.000,14.59,-6.21,2.26,19.44,20.32,87078,-32.17,16.0,0.867
2025-04-09T02:52:47.000,14.56,-6.27,2.25,19.44,20.32,87079,-32.03,16.0,0.867
2025-04-09T02:53:47.000,14.55,-6.29,2.29,19.42,20.32,87080,-31.88,16.0,0.868
2025-04-09T02:54:47.000,14.55,-6.25,2.3,19.42,20.32,87081,-31.74,16.0,0.868
2025-04-09T02:55:47.000,14.59,-6.23,2.3,19.42,20.32,87082,-31.6,16.0,0.868
2025-04-09T02:56:47.000,14.62,-6.31,2.32,19.41,20.32,87083,-31.46,15.0,0.868
2025-04-09T02:57:47.000,14.58,-6.63,2.31,19.41,20.32,87084,-31.31,15.0,0.868
2025-04-09T02:58:47.000,14.45,-6.95,2.31,19.41,20.32,87085,-31.17,15.0,0.868
2025-04-09T02:59:48.000,14.33,-6.71,2.31,19.41,20.32,87086,-31.02,15.0,0.868
2025-04-09T03:00:48.000,14.29,-6.56,2.44,19.35,20.32,87087,-30.88,15.0,0.868
2025-04-09T03:01:48.000,14.27,-6.66,2.52,19.32,20.32,87088,-30.73,14.0,0.868
2025-04-09T03:02:48.000,14.23,-6.61,2.5,19.33,20.32,87089,-30.59,14.0,0.868
2025-04-09T03:03:48.000,14.21,-6.63,2.49,19.33,20.32,87090,-30.44,14.0,0.868
2025-04-09T03:04:48.000,14.18,-6.54,2.46,19.34,20.32,87091,-30.29,14.0,0.868
2025-04-09T03:05:48.000,14.17,-6.58,2.46,19.34,20.32,87092,-30.14,14.0,0.868
2025-04-09T03:06:48.000,14.17,-6.46,2.46,19.34,20.32,87093,-30.0,13.0,0.868
2025-04-09T03:07:48.000,14.13,-6.57,2.44,19.35,20.32,87094,-29.85,13.0,0.868
2025-04-09T03:08:49.000,14.1,-6.7,2.45,19.35,20.32,87095,-29.7,13.0,0.868
2025-04-09T03:09:49.000,14.1,-6.48,2.44,19.35,20.32,87096,-29.55,13.0,0.868
2025-04-09T03:10:49.000,14.14,-6.41,2.42,19.36,20.32,87097,-29.4,13.0,0.868
2025-04-09T03:11:49.000,14.17,-6.51,2.44,19.35,20.32,87098,-29.25,12.0,0.868
2025-04-09T03:12:49.000,14.19,-6.38,2.42,19.36,20.32,87099,-29.09,12.0,0.868
2025-04-09T03:13:49.000,14.21,-6.41,2.44,19.35,20.32,87100,-28.94,12.0,0.868
2025-04-09T03:14:49.000,14.21,-6.42,2.44,19.35,20.32,87101,-28.79,12.0,0.868
2025-04-09T03:15:50.000,14.23,-6.44,2.45,19.35,20.32,87102,-28.63,12.0,0.869
2025-04-09T03:16:50.000,14.23,-6.37,2.44,19.35,20.32,87103,-28.48,11.0,0.869
2025-04-09T03:17:50.000,14.23,-6.27,2.43,19.36,20.32,87104,-28.33,11.0,0.869
2025-04-09T03:18:50.000,14.26,-6.31,2.39,19.37,20.32,87105,-28.17,11.0,0.869
2025-04-09T03:19:50.000,14.26,-6.26,2.37,19.39,20.32,87106,-28.02,11.0,0.869
2025-04-09T03:20:50.000,14.27,-6.24,2.32,19.41,20.32,87107,-27.86,11.0,0.869
2025-04-09T03:21:50.000,14.25,-6.12,2.3,19.41,20.32,87108,-27.71,11.0,0.869
2025-04-09T03:22:50.000,14.23,-6.21,2.33,19.4,20.32,87109,-27.55,10.0,0.869
2025-04-09T03:23:50.000,14.22,-6.22,2.31,19.41,20.32,87110,-27.4,10.0,0.869
2025-04-09T03:24:51.000,14.23,-6.13,2.27,19.43,20.32,87111,-27.24,10.0,0.869
2025-04-09T03:25:51.000,14.23,-6.11,2.26,19.44,20.32,87112,-27.08,10.0,0.869
2025-04-09T03:26:51.000,14.26,-6.07,2.23,19.45,20.32,87113,-26.92,10.0,0.869
2025-04-09T03:27:51.000,14.31,-6.04,2.2,19.46,20.32,87114,-26.76,9.0,0.869
2025-04-09T03:28:51.000,14.34,-6.11,2.17,19.48,20.32,87115,-26.6,9.0,0.869
2025-04-09T03:29:51.000,14.35,-6.12,2.16,19.49,20.32,87116,-26.45,9.0,0.869
2025-04-09T03:30:52.000,14.36,-6.11,2.19,19.47,20.32,87117,-26.28,9.0,0.869
2025-04-09T03:31:52.000,14.36,-6.09,2.19,19.47,20.32,87118,-26.12,9.0,0.869
2025-04-09T03:32:52.000,14.36,-6.05,2.17,19.48,20.32,87119,-25.96,8.0,0.869
2025-04-09T03:33:52.000,14.38,-6.0,2.15,19.49,20.32,87120,-25.8,8.0,0.869
2025-04-09T03:34:52.000,14.4,-6.08,2.15,19.49,20.32,87121,-25.64,8.0,0.869
2025-04-09T03:35:52.000,14.4,-6.04,2.15,19.49,20.32,87122,-25.48,8.0,0.869
2025-04-09T03:36:52.000,14.4,-6.1,2.13,19.5,20.32,87123,-25.32,8.0,0.87
2025-04-09T03:37:52.000,14.41,-6.15,2.12,19.51,20.32,87124,-25.16,7.0,0.87
2025-04-09T03:38:52.000,14.42,-6.13,2.12,19.51,20.32,87125,-24.99,7.0,0.87
2025-04-09T03:39:53.000,14.43,-6.09,2.13,19.5,20.32,87126,-24.83,7.0,0.87
2025-04-09T03:40:53.000,14.42,-6.14,2.11,19.51,20.32,87127,-24.66,7.0,0.87
2025-04-09T03:41:53.000,14.38,-6.14,2.1,19.51,20.32,87128,-24.5,7.0,0.87
2025-04-09T03:42:53.000,14.35,-6.11,2.08,19.53,20.32,87129,-24.34,6.0,0.87
2025-04-09T03:43:53.000,14.33,-6.07,2.06,19.53,20.32,87130,-24.17,6.0,0.87
2025-04-09T03:44:53.000,14.28,-6.24,2.05,19.54,20.32,87131,-24.01,6.0,0.87
2025-04-09T03:45:53.000,14.22,-6.16,2.03,19.55,20.32,87132,-23.84,6.0,0.87
2025-04-09T03:46:53.000,14.17,-6.31,2.0,19.57,20.32,87133,-23.67,6.0,0.87
2025-04-09T03:47:53.000,14.1,-6.23,2.01,19.56,20.32,87134,-23.51,6.0,0.87
