ecsv/stars9/stars9_2025-04.ecsv
# %ECSV 1.0
# ---
# datatype:
# - {name: time, datatype: string}
# - {name: Enclosure Temperature, unit: deg_C, datatype: float64}
# - {name: Sky Temperature, unit: deg_C, datatype: float64}
# - {name: Frequency, unit: Hz, datatype: float64}
# - {name: MSAS, unit: mag / arcsec2, datatype: float64}
# - {name: ZP, datatype: float64}
# - {name: Sequence Number, datatype: int64}
# - {name: Sun Alt, unit: deg, datatype: float64}
# - {name: Moon Alt, unit: deg, datatype: float64}
# - {name: Moon Illumination, datatype: float64}
# delimiter: ','
# meta: !!omap
# - ida:
#     Data supplier: {affiliation: null, observer: Manuel Barco}
#     Device type: TESS-W
#     Field of view: 17.0
#     Filters per channel: None
#     Instrument ID: stars9
#     License: ODbL 1.0 http://opendatacommons.org/licenses/odbl/summary/
#     Local timezone: Europe/Madrid
#     Location name: {country: Spain, place: "A\xF1ora - SE", region: Andalusia, sub_region: "C\xF3rdoba", town: "A\xF1ora"}
#     Measurement direction per channel: {azimuth: 0.0, zenital: 0.0}
#     Moving / Fixed look direction: FIXED
#     Moving / Stationary position: STATIONARY
#     Number of channels: 1
#     Number of fields per line: 8
#     Number of header lines: 35
#     Position: {height: 0.0, latitude: 38.409226, longitude: -4.894376}
#     TESS MAC address: 18:FE:34:CF:EA:80
#     TESS cover offset value: 0.0
#     TESS firmware version: '1.0'
#     TESS zero point: 20.32
#     Time Synchronization: timestamp added by MQTT subscriber
#     URL: http://www.darksky.org/NSBM/sdf1.0.pdf
# - __serialized_columns__:
#     Enclosure Temperature:
#       __class__: astropy.units.quantity.Quantity
#       unit: &id001 !astropy.units.Unit {unit: deg_C}
#       value: !astropy.table.SerializedColumn {name: Enclosure Temperature}
#     Frequency:
#       __class__: astropy.units.quantity.Quantity
#       unit: !astropy.units.Unit {unit: Hz}
#       value: !astropy.table.SerializedColumn {name: Frequency}
#     MSAS:
#       __class__: astropy.units.quantity.Quantity
#       unit: !astropy.units.Unit {unit: mag / arcsec2}
#       value: !astropy.table.SerializedColumn {name: MSAS}
#     Moon Alt:
#       __class__: astropy.units.quantity.Quantity
#       unit: &id002 !astropy.units.Unit {unit: deg}
#       value: !astropy.table.SerializedColumn {name: Moon Alt}
#     Sky Temperature:
#       __class__: astropy.units.quantity.Quantity
#       unit: *id001
#       value: !astropy.table.SerializedColumn {name: Sky Temperature}
#     Sun Alt:
#       __class__: astropy.units.quantity.Quantity
#       unit: *id002
#       value: !astropy.table.SerializedColumn {name: Sun Alt}
#     time:
#       __class__: astropy.time.core.Time
#       format: isot
#       in_subfmt: '*'
#       out_subfmt: '*'
#       precision: 3
#       scale: utc
#       value: !astropy.table.SerializedColumn {name: time}
# schema: astropy-2.0
time,Enclosure Temperature,Sky Temperature,Frequency,MSAS,ZP,Sequence Number,Sun Alt,Moon Alt,Moon Illumination
[from data line 7726]
2025-04-12T00:54:48.000,15.49,-1.85,18.61,17.16,20.32,91270,-42.21,42.0,0.991
2025-04-12T00:55:48.000,15.47,-1.84,20.12,17.07,20.32,91271,-42.17,42.0,0.991
2025-04-12T00:56:48.000,15.47,-1.86,20.74,17.03,20.32,91272,-42.13,42.0,0.991
2025-04-12T00:57:49.000,15.47,-1.96,20.91,17.02,20.32,91273,-42.08,41.0,0.991
2025-04-12T00:58:49.000,15.45,-1.98,18.38,17.18,20.32,91274,-42.04,41.0,0.991
2025-04-12T00:59:49.000,15.46,-1.97,16.99,17.26,20.32,91275,-41.99,41.0,0.991
2025-04-12T01:00:49.000,15.46,-2.1,16.16,17.32,20.32,91276,-41.95,41.0,0.991
2025-04-12T01:01:49.000,15.44,-2.12,16.07,17.32,20.32,91277,-41.9,41.0,0.991
2025-04-12T01:02:49.000,15.44,-2.13,16.28,17.31,20.32,91278,-41.86,41.0,0.991
2025-04-12T01:03:49.000,15.46,-2.17,15.94,17.33,20.32,91279,-41.81,41.0,0.991
2025-04-12T01:04:50.000,15.46,-2.22,16.46,17.3,20.32,91280,-41.76,41.0,0.991
2025-04-12T01:05:50.000,15.47,-2.25,13.69,17.49,20.32,91281,-41.71,41.0,0.991
2025-04-12T01:06:50.000,15.51,-2.25,13.52,17.5,20.32,91282,-41.65,41.0,0.991
2025-04-12T01:07:50.000,15.51,-2.32,13.21,17.52,20.32,91283,-41.6,40.0,0.992
2025-04-12T01:08:50.000,15.52,-2.23,13.83,17.48,20.32,91284,-41.55,40.0,0.992
2025-04-12T01:09:50.000,15.55,-2.19,13.76,17.48,20.32,91285,-41.49,40.0,0.992
2025-04-12T01:10:50.000,15.55,-2.3,13.84,17.47,20.32,91286,-41.44,40.0,0.992
2025-04-12T01:11:50.000,15.53,-2.32,13.26,17.52,20.32,91287,-41.38,40.0,0.992
2025-04-12T01:12:50.000,15.52,-2.37,12.89,17.55,20.32,91288,-41.32,40.0,0.992
2025-04-12T01:13:50.000,15.51,-2.39,12.6,17.57,20.32,91289,-41.26,40.0,0.992
2025-04-12T01:14:51.000,15.5,-2.36,12.35,17.59,20.32,91290,-41.2,40.0,0.992
2025-04-12T01:15:51.000,15.48,-2.33,11.66,17.66,20.32,91291,-41.14,40.0,0.992
2025-04-12T01:16:51.000,15.49,-2.26,11.76,17.65,20.32,91292,-41.08,40.0,0.992
2025-04-12T01:17:51.000,15.53,-2.19,12.07,17.62,20.32,91293,-41.01,39.0,0.992
2025-04-12T01:18:51.000,15.56,-2.13,13.61,17.49,20.32,91294,-40.95,39.0,0.992
2025-04-12T01:19:51.000,15.59,-2.05,13.79,17.48,20.32,91295,-40.88,39.0,0.992
2025-04-12T01:20:51.000,15.62,-1.99,12.85,17.55,20.32,91296,-40.82,39.0,0.992
2025-04-12T01:21:51.000,15.65,-2.04,13.75,17.48,20.32,91297,-40.75,39.0,0.992
2025-04-12T01:22:51.000,15.66,-1.96,12.45,17.58,20.32,91298,-40.68,39.0,0.992
2025-04-12T01:23:51.000,15.69,-1.95,13.32,17.52,20.32,91299,-40.61,39.0,0.992
2025-04-12T01:24:51.000,15.7,-2.05,13.63,17.49,20.32,91300,-40.54,39.0,0.992
2025-04-12T01:25:52.000,15.7,-2.21,12.83,17.55,20.32,91301,-40.47,39.0,0.992
2025-04-12T01:26:52.000,15.69,-2.35,13.36,17.51,20.32,91302,-40.39,38.0,0.992
2025-04-12T01:27:52.000,15.66,-2.5,12.68,17.56,20.32,91303,-40.32,38.0,0.992
2025-04-12T01:28:52.000,15.63,-2.52,13.9,17.47,20.32,91304,-40.25,38.0,0.992
2025-04-12T01:29:52.000,15.58,-2.62,14.25,17.45,20.32,91305,-40.17,38.0,0.992
2025-04-12T01:30:52.000,15.54,-2.54,15.52,17.36,20.32,91306,-40.09,38.0,0.992
2025-04-12T01:31:52.000,15.49,-2.63,14.74,17.41,20.32,91307,-40.02,38.0,0.992
2025-04-12T01:32:52.000,15.45,-2.62,14.02,17.46,20.32,91308,-39.94,38.0,0.992
2025-04-12T01:33:52.000,15.42,-2.63,14.0,17.46,20.32,91309,-39.86,38.0,0.992
2025-04-12T01:34:52.000,15.41,-2.69,13.5,17.5,20.32,91310,-39.78,37.0,0.992
2025-04-12T01:35:52.000,15.39,-2.63,12.56,17.58,20.32,91311,-39.7,37.0,0.992
2025-04-12T01:36:53.000,15.37,-2.64,11.45,17.68,20.32,91312,-39.62,37.0,0.992
2025-04-12T01:37:53.000,15.32,-2.54,11.89,17.64,20.32,91313,-39.53,37.0,0.992
2025-04-12T01:38:53.000,15.31,-2.41,11.81,17.64,20.32,91314,-39.45,37.0,0.992
2025-04-12T01:39:53.000,15.3,-2.36,12.16,17.61,20.32,91315,-39.36,37.0,0.992
2025-04-12T01:40:53.000,15.28,-2.34,12.52,17.58,20.32,91316,-39.28,37.0,0.992
2025-04-12T01:41:53.000,15.28,-2.3,12.23,17.6,20.32,91317,-39.19,37.0,0.992
2025-04-12T01:42:53.000,15.28,-2.28,12.4,17.59,20.32,91318,-39.1,36.0,0.992
2025-04-12T01:43:53.000,15.31,-2.24,12.82,17.55,20.32,91319,-39.01,36.0,0.992
2025-04-12T01:44:53.000,15.31,-2.19,12.79,17.55,20.32,91320,-38.92,36.0,0.992
2025-04-12T01:45:53.000,15.34,-2.17,12.71,17.56,20.32,91321,-38.83,36.0,0.992
2025-04-12T01:46:53.000,15.38,-2.07,12.79,17.55,20.32,91322,-38.74,36.0,0.992
2025-04-12T01:47:54.000,15.41,-2.02,12.68,17.56,20.32,91323,-38.65,36.0,0.992
2025-04-12T01:48:54.000,15.43,-2.07,12.69,17.56,20.32,91324,-38.56,36.0,0.992
2025-04-12T01:49:54.000,15.43,-1.99,12.55,17.57,20.32,91325,-38.46,36.0,0.992
2025-04-12T01:50:54.000,15.45,-1.92,12.54,17.57,20.32,91326,-38.37,35.0,0.992
2025-04-12T01:51:54.000,15.46,-1.89,12.35,17.59,20.32,91327,-38.27,35.0,0.992
2025-04-12T01:52:54.000,15.5,-1.81,12.3,17.6,20.32,91328,-38.18,35.0,0.992
2025-04-12T01:53:54.000,15.55,-1.78,12.69,17.56,20.32,91329,-38.08,35.0,0.992
2025-04-12T01:54:54.000,15.59,-1.83,12.51,17.58,20.32,91330,-37.98,35.0,0.992
2025-04-12T01:55:55.000,15.61,-1.84,12.16,17.61,20.32,91331,-37.88,35.0,0.992
2025-04-12T01:56:55.000,15.64,-1.92,12.01,17.62,20.32,91332,-37.78,35.0,0.992
2025-04-12T01:57:55.000,15.65,-1.95,12.29,17.6,20.32,91333,-37.68,35.0,0.992
2025-04-12T01:58:55.000,15.64,-2.0,12.32,17.59,20.32,91334,-37.58,34.0,0.992
2025-04-12T01:59:55.000,15.61,-2.07,12.55,17.57,20.32,91335,-37.47,34.0,0.992
2025-04-12T02:00:55.000,15.5,-2.38,12.3,17.6,20.32,91336,-37.37,34.0,0.992
2025-04-12T02:01:55.000,15.39,-2.36,12.13,17.61,20.32,91337,-37.27,34.0,0.992
2025-04-12T02:02:55.000,15.31,-2.26,12.05,17.62,20.32,91338,-37.16,34.0,0.992
2025-04-12T02:03:55.000,15.26,-2.21,11.63,17.66,20.32,91339,-37.06,34.0,0.992
2025-04-12T02:04:55.000,15.27,-2.05,12.09,17.62,20.32,91340,-36.95,34.0,0.992
2025-04-12T02:05:56.000,15.28,-2.05,11.24,17.7,20.32,91341,-36.84,33.0,0.992
2025-04-12T02:06:56.000,15.28,-2.12,10.82,17.74,20.32,91342,-36.73,33.0,0.992
2025-04-12T02:07:56.000,15.26,-2.3,10.77,17.75,20.32,91343,-36.62,33.0,0.992
2025-04-12T02:08:56.000,15.17,-2.32,11.07,17.72,20.32,91344,-36.51,33.0,0.992
2025-04-12T02:09:56.000,15.15,-2.04,11.82,17.64,20.32,91345,-36.4,33.0,0.992
2025-04-12T02:10:56.000,15.17,-1.96,12.51,17.58,20.32,91346,-36.29,33.0,0.992
2025-04-12T02:11:56.000,15.18,-1.93,12.87,17.55,20.32,91347,-36.18,33.0,0.992
2025-04-12T02:12:56.000,15.18,-1.88,13.19,17.52,20.32,91348,-36.07,32.0,0.992
2025-04-12T02:13:56.000,15.17,-1.89,14.08,17.46,20.32,91349,-35.95,32.0,0.992
2025-04-12T02:14:57.000,15.14,-1.91,13.91,17.47,20.32,91350,-35.84,32.0,0.992
2025-04-12T02:15:57.000,15.13,-1.95,13.21,17.52,20.32,91351,-35.72,32.0,0.992
2025-04-12T02:16:57.000,15.1,-2.06,12.56,17.57,20.32,91352,-35.61,32.0,0.992
2025-04-12T02:17:57.000,15.1,-2.03,12.43,17.58,20.32,91353,-35.49,32.0,0.992
2025-04-12T02:18:57.000,15.09,-2.08,12.08,17.62,20.32,91354,-35.37,32.0,0.992
2025-04-12T02:19:57.000,15.08,-2.03,12.51,17.58,20.32,91355,-35.25,31.0,0.992
2025-04-12T02:20:57.000,15.08,-1.95,13.1,17.53,20.32,91356,-35.13,31.0,0.992
2025-04-12T02:21:57.000,15.09,-1.85,12.75,17.56,20.32,91357,-35.02,31.0,0.992
2025-04-12T02:22:57.000,15.1,-1.81,12.93,17.54,20.32,91358,-34.89,31.0,0.992
2025-04-12T02:23:57.000,15.1,-1.81,13.22,17.52,20.32,91359,-34.77,31.0,0.992
2025-04-12T02:24:57.000,15.1,-1.81,13.39,17.51,20.32,91360,-34.65,31.0,0.992
2025-04-12T02:25:58.000,15.11,-1.88,12.83,17.55,20.32,91361,-34.53,31.0,0.992
2025-04-12T02:27:03.000,15.12,-1.97,12.05,17.62,20.32,91362,-34.39,30.0,0.992
2025-04-12T02:28:02.000,15.13,-2.11,10.93,17.73,20.32,91363,-34.27,30.0,0.992
2025-04-12T02:29:02.000,15.14,-2.2,10.77,17.75,20.32,91364,-34.15,30.0,0.992
2025-04-12T02:30:02.000,15.16,-2.22,10.99,17.73,20.32,91365,-34.02,30.0,0.992
2025-04-12T02:31:02.000,15.22,-2.25,10.0,17.83,20.32,91366,-33.9,30.0,0.992
2025-04-12T02:32:03.000,15.27,-2.33,8.65,17.98,20.32,91367,-33.77,30.0,0.992
2025-04-12T02:33:03.000,15.29,-2.33,7.36,18.16,20.32,91368,-33.64,29.0,0.992
2025-04-12T02:34:03.000,15.33,-2.14,7.61,18.12,20.32,91369,-33.51,29.0,0.992
2025-04-12T02:35:03.000,15.33,-2.11,8.28,18.03,20.32,91370,-33.39,29.0,0.993
2025-04-12T02:36:03.000,15.32,-1.91,9.54,17.88,20.32,91371,-33.26,29.0,0.993
2025-04-12T02:37:03.000,15.32,-1.76,9.68,17.87,20.32,91372,-33.13,29.0,0.993
2025-04-12T02:38:03.000,15.35,-1.6,9.55,17.88,20.32,91373,-33.0,29.0,0.993
2025-04-12T02:39:03.000,15.37,-1.51,10.5,17.78,20.32,91374,-32.87,28.0,0.993
2025-04-12T02:40:04.000,15.37,-1.42,10.75,17.75,20.32,91375,-32.73,28.0,0.993
2025-04-12T02:41:04.000,15.3,-1.45,10.23,17.81,20.32,91376,-32.6,28.0,0.993
2025-04-12T02:42:04.000,15.25,-1.35,11.07,17.72,20.32,91377,-32.47,28.0,0.993
2025-04-12T02:43:04.000,15.18,-1.21,11.79,17.64,20.32,91378,-32.33,28.0,0.993
2025-04-12T02:44:04.000,15.14,-1.11,11.38,17.69,20.32,91379,-32.2,28.0,0.993
2025-04-12T02:45:04.000,15.11,-0.96,11.26,17.7,20.32,91380,-32.06,28.0,0.993
2025-04-12T02:46:04.000,15.09,-0.73,12.67,17.56,20.32,91381,-31.93,27.0,0.993
2025-04-12T02:47:04.000,15.05,-0.49,12.29,17.6,20.32,91382,-31.79,27.0,0.993
2025-04-12T02:48:04.000,15.02,-0.31,11.89,17.64,20.32,91383,-31.66,27.0,0.993
2025-04-12T02:49:05.000,14.96,-0.12,12.55,17.57,20.32,91384,-31.52,27.0,0.993
2025-04-12T02:50:05.000,14.91,0.03,15.59,17.36,20.32,91385,-31.38,27.0,0.993
2025-04-12T02:51:05.000,14.83,0.08,18.55,17.16,20.32,91386,-31.24,27.0,0.993
2025-04-12T02:52:05.000,14.75,0.03,20.74,17.03,20.32,91387,-31.1,26.0,0.993
2025-04-12T02:53:05.000,14.67,0.07,20.0,17.08,20.32,91388,-30.96,26.0,0.993
2025-04-12T02:54:05.000,14.61,0.04,19.18,17.13,20.32,91389,-30.82,26.0,0.993
2025-04-12T02:55:05.000,14.55,0.02,17.43,17.23,20.32,91390,-30.68,26.0,0.993
2025-04-12T02:56:05.000,14.52,0.05,17.68,17.22,20.32,91391,-30.54,26.0,0.993
2025-04-12T02:57:05.000,14.5,-0.02,17.58,17.22,20.32,91392,-30.4,26.0,0.993
2025-04-12T02:58:06.000,14.5,0.04,17.53,17.23,20.32,91393,-30.25,25.0,0.993
2025-04-12T02:59:06.000,14.5,0.03,16.69,17.28,20.32,91394,-30.11,25.0,0.993
2025-04-12T03:00:06.000,14.53,0.06,17.34,17.24,20.32,91395,-29.97,25.0,0.993
2025-04-12T03:01:06.000,14.54,0.02,16.36,17.3,20.32,91396,-29.82,25.0,0.993
2025-04-12T03:02:06.000,14.54,0.06,14.09,17.46,20.32,91397,-29.68,25.0,0.993
2025-04-12T03:03:06.000,14.52,0.01,16.78,17.27,20.32,91398,-29.53,25.0,0.993
2025-04-12T03:04:06.000,14.49,0.08,16.11,17.32,20.32,91399,-29.39,24.0,0.993
2025-04-12T03:05:06.000,14.49,0.28,16.08,17.32,20.32,91400,-29.24,24.0,0.993
2025-04-12T03:06:06.000,14.48,0.23,16.04,17.32,20.32,91401,-29.1,24.0,0.993
2025-04-12T03:07:06.000,14.48,0.42,16.79,17.27,20.32,91402,-28.95,24.0,0.993
2025-04-12T03:08:07.000,14.51,0.47,16.78,17.28,20.32,91403,-28.8,24.0,0.993
2025-04-12T03:09:07.000,14.54,0.3,16.75,17.28,20.32,91404,-28.65,24.0,0.993
2025-04-12T03:10:07.000,14.53,0.06,16.84,17.27,20.32,91405,-28.5,23.0,0.993
2025-04-12T03:11:07.000,14.53,0.03,16.63,17.28,20.32,91406,-28.35,23.0,0.993
2025-04-12T03:12:07.000,14.56,-0.11,15.67,17.35,20.32,91407,-28.2,23.0,0.993
2025-04-12T03:13:07.000,14.57,-0.32,16.01,17.33,20.32,91408,-28.05,23.0,0.993
2025-04-12T03:14:07.000,14.55,-0.28,13.39,17.51,20.32,91409,-27.9,23.0,0.993
2025-04-12T03:15:08.000,14.57,-0.26,14.15,17.45,20.32,91410,-27.75,23.0,0.993
2025-04-12T03:16:08.000,14.56,-0.33,16.23,17.31,20.32,91411,-27.6,22.0,0.993
2025-04-12T03:17:08.000,14.56,-0.33,16.36,17.3,20.32,91412,-27.44,22.0,0.993
2025-04-12T03:18:08.000,14.57,-0.42,14.57,17.42,20.32,91413,-27.29,22.0,0.993
2025-04-12T03:19:08.000,14.59,-0.57,13.75,17.48,20.32,91414,-27.14,22.0,0.993
2025-04-12T03:20:08.000,14.59,-0.85,12.56,17.57,20.32,91415,-26.99,22.0,0.993
2025-04-12T03:21:08.000,14.6,-1.02,11.52,17.67,20.32,91416,-26.83,22.0,0.993
2025-04-12T03:22:08.000,14.61,-1.08,11.12,17.71,20.32,91417,-26.68,21.0,0.993
2025-04-12T03:23:08.000,14.64,-1.09,11.84,17.64,20.32,91418,-26.52,21.0,0.993
2025-04-12T03:24:09.000,14.65,-1.22,11.29,17.7,20.32,91419,-26.36,21.0,0.993
2025-04-12T03:25:09.000,14.69,-1.05,10.84,17.74,20.32,91420,-26.21,21.0,0.993
2025-04-12T03:26:09.000,14.73,-1.17,11.24,17.7,20.32,91421,-26.05,21.0,0.993
2025-04-12T03:27:09.000,14.78,-1.07,11.06,17.72,20.32,91422,-25.9,21.0,0.993
2025-04-12T03:28:09.000,14.82,-0.98,10.41,17.79,20.32,91423,-25.74,20.0,0.993
2025-04-12T03:29:09.000,14.8,-0.88,10.77,17.75,20.32,91424,-25.58,20.0,0.993
2025-04-12T03:30:09.000,14.77,-0.47,10.91,17.73,20.32,91425,-25.42,20.0,0.993
2025-04-12T03:31:09.000,14.75,-0.07,11.71,17.65,20.32,91426,-25.27,20.0,0.993
2025-04-12T03:32:09.000,14.72,0.13,12.05,17.62,20.32,91427,-25.11,20.0,0.993
2025-04-12T03:33:09.000,14.7,0.32,12.31,17.59,20.32,91428,-24.95,20.0,0.993
2025-04-12T03:34:09.000,14.66,0.38,11.94,17.63,20.32,91429,-24.79,19.0,0.993
2025-04-12T03:35:10.000,14.68,0.5,11.38,17.69,20.32,91430,-24.62,19.0,0.993
2025-04-12T03:36:10.000,14.68,0.59,10.74,17.75,20.32,91431,-24.46,19.0,0.993
2025-04-12T03:37:10.000,14.68,0.9,11.05,17.72,20.32,91432,-24.3,19.0,0.993
2025-04-12T03:38:10.000,14.71,1.31,11.68,17.66,20.32,91433,-24.14,19.0,0.993
2025-04-12T03:39:10.000,14.74,1.64,11.71,17.65,20.32,91434,-23.98,18.0,0.993
2025-04-12T03:40:10.000,14.84,2.0,11.85,17.64,20.32,91435,-23.82,18.0,0.993
2025-04-12T03:41:10.000,14.9,1.97,11.67,17.66,20.32,91436,-23.66,18.0,0.993
2025-04-12T03:42:10.000,14.91,1.98,11.73,17.65,20.32,91437,-23.49,18.0,0.993
2025-04-12T03:43:10.000,14.89,1.97,11.92,17.63,20.32,91438,-23.33,18.0,0.993
2025-04-12T03:44:10.000,14.87,1.93,11.76,17.65,20.32,91439,-23.17,18.0,0.993
2025-04-12T03:45:10.000,14.92,2.11,11.7,17.65,20.32,91440,-23.0,17.0,0.993
2025-04-12T03:46:11.000,14.93,2.06,11.72,17.65,20.32,91441,-22.84,17.0,0.993
2025-04-12T03:47:11.000,14.96,2.17,11.27,17.7,20.32,91442,-22.67,17.0,0.993
2025-04-12T03:48:11.000,14.99,2.35,10.93,17.73,20.32,91443,-22.51,17.0,0.993
2025-04-12T03:49:11.000,15.01,2.3,10.76,17.75,20.32,91444,-22.34,17.0,0.993
2025-04-12T03:50:11.000,15.0,2.21,10.74,17.75,20.32,91445,-22.17,17.0,0.993
2025-04-12T03:51:11.000,15.0,2.19,10.66,17.76,20.32,91446,-22.01,16.0,0.993
2025-04-12T03:52:11.000,14.97,2.1,10.71,17.75,20.32,91447,-21.84,16.0,0.993
2025-04-12T03:53:11.000,14.97,2.17,10.83,17.74,20.32,91448,-21.67,16.0,0.993
2025-04-12T03:55:31.000,15.01,2.41,10.86,17.74,20.32,91450,-21.28,16.0,0.993
2025-04-12T03:56:31.000,15.01,2.46,10.38,17.79,20.32,91451,-21.12,15.0,0.993
2025-04-12T03:57:31.000,14.99,2.54,10.21,17.81,20.32,91452,-20.95,15.0,0.993
2025-04-12T03:58:31.000,14.98,2.53,9.94,17.84,20.32,91453,-20.78,15.0,0.993
2025-04-12T03:59:31.000,14.98,2.65,9.6,17.87,20.32,91454,-20.61,15.0,0.993
2025-04-12T04:00:31.000,14.97,2.6,9.54,17.88,20.32,91455,-20.44,15.0,0.993
2025-04-12T04:01:31.000,14.96,2.6,9.48,17.89,20.32,91456,-20.27,14.0,0.993
2025-04-12T04:02:31.000,14.94,2.59,9.89,17.84,20.32,91457,-20.1,14.0,0.993
2025-04-12T04:03:32.000,14.93,2.71,9.93,17.84,20.32,91458,-19.93,14.0,0.993
2025-04-12T04:04:32.000,14.92,2.75,8.85,17.96,20.32,91459,-19.76,14.0,0.993
2025-04-12T04:05:32.000,14.92,2.83,8.87,17.96,20.32,91460,-19.59,14.0,0.993
2025-04-12T04:06:32.000,14.92,2.93,8.81,17.96,20.32,91461,-19.41,14.0,0.993
2025-04-12T04:07:32.000,14.92,2.93,8.51,18.0,20.32,91462,-19.24,13.0,0.993
2025-04-12T04:08:32.000,14.92,2.95,8.44,18.01,20.32,91463,-19.07,13.0,0.994
2025-04-12T04:09:32.000,14.91,2.98,8.34,18.02,20.32,91464,-18.9,13.0,0.994
2025-04-12T04:10:32.000,14.88,2.96,8.23,18.03,20.32,91465,-18.73,13.0,0.994
2025-04-12T04:11:32.000,14.85,2.96,8.16,18.04,20.32,91466,-18.55,13.0,0.994
2025-04-12T04:12:32.000,14.84,3.05,8.13,18.05,20.32,91467,-18.38,12.0,0.994
2025-04-12T04:13:33.000,14.82,3.03,8.09,18.05,20.32,91468,-18.2,12.0,0.994
2025-04-12T04:14:33.000,14.81,3.09,8.09,18.05,20.32,91469,-18.03,12.0,0.994
2025-04-12T04:15:33.000,14.83,3.26,8.06,18.06,20.32,91470,-17.86,12.0,0.994
2025-04-12T04:16:33.000,14.83,3.16,7.99,18.07,20.32,91471,-17.68,12.0,0.994
2025-04-12T04:17:33.000,14.83,3.36,7.83,18.09,20.32,91472,-17.51,12.0,0.994
2025-04-12T04:18:33.000,14.86,3.41,7.88,18.08,20.32,91473,-17.33,11.0,0.994
2025-04-12T04:19:33.000,14.86,3.42,7.75,18.1,20.32,91474,-17.16,11.0,0.994
2025-04-12T04:20:33.000,14.86,3.4,7.6,18.12,20.32,91475,-16.98,11.0,0.994
2025-04-12T04:21:33.000,14.85,3.43,7.56,18.13,20.32,91476,-16.81,11.0,0.994
2025-04-12T04:22:33.000,14.85,3.5,7.57,18.13,20.32,91477,-16.63,11.0,0.994
