ecsv/stars75/stars75_2025-04.ecsv
# %ECSV 1.0
# ---
# datatype:
# - {name: time, datatype: string}
# - {name: Enclosure Temperature, unit: deg_C, datatype: float64}
# - {name: Sky Temperature, unit: deg_C, datatype: float64}
# - {name: Frequency, unit: Hz, datatype: float64}
# - {name: MSAS, unit: mag / arcsec2, datatype: float64}
# - {name: ZP, datatype: float64}
# - {name: Sequence Number, datatype: int64}
# - {name: Sun Alt, unit: deg, datatype: float64}
# - {name: Moon Alt, unit: deg, datatype: float64}
# - {name: Moon Illumination, datatype: float64}
# delimiter: ','
# meta: !!omap
# - ida:
#     Data supplier: {affiliation: null, observer: Enric Marco}
#     Device type: TESS-W
#     Field of view: 17.0
#     Filters per channel: None
#     Instrument ID: stars75
#     License: ODbL 1.0 http://opendatacommons.org/licenses/odbl/summary/
#     Local timezone: Europe/Madrid
#     Location name: {country: Spain, place: Valencia, region: Valencian Community, sub_region: "Comarca de Val\xE8ncia", town: Valencia}
#     Measurement direction per channel: {azimuth: 0.0, zenital: 0.0}
#     Moving / Fixed look direction: FIXED
#     Moving / Stationary position: STATIONARY
#     Number of channels: 1
#     Number of fields per line: 8
#     Number of header lines: 35
#     Position: {height: 0.0, latitude: 39.478898, longitude: -0.376524}
#     TESS MAC address: 5C:CF:7F:82:8D:8B
#     TESS cover offset value: 0.0
#     TESS firmware version: Unknown
#     TESS zero point: 20.36
#     Time Synchronization: timestamp added by MQTT subscriber
#     URL: http://www.darksky.org/NSBM/sdf1.0.pdf
# - __serialized_columns__:
#     Enclosure Temperature:
#       __class__: astropy.units.quantity.Quantity
#       unit: &id001 !astropy.units.Unit {unit: deg_C}
#       value: !astropy.table.SerializedColumn {name: Enclosure Temperature}
#     Frequency:
#       __class__: astropy.units.quantity.Quantity
#       unit: !astropy.units.Unit {unit: Hz}
#       value: !astropy.table.SerializedColumn {name: Frequency}
#     MSAS:
#       __class__: astropy.units.quantity.Quantity
#       unit: !astropy.units.Unit {unit: mag / arcsec2}
#       value: !astropy.table.SerializedColumn {name: MSAS}
#     Moon Alt:
#       __class__: astropy.units.quantity.Quantity
#       unit: &id002 !astropy.units.Unit {unit: deg}
#       value: !astropy.table.SerializedColumn {name: Moon Alt}
#     Sky Temperature:
#       __class__: astropy.units.quantity.Quantity
#       unit: *id001
#       value: !astropy.table.SerializedColumn {name: Sky Temperature}
#     Sun Alt:
#       __class__: astropy.units.quantity.Quantity
#       unit: *id002
#       value: !astropy.table.SerializedColumn {name: Sun Alt}
#     time:
#       __class__: astropy.time.core.Time
#       format: isot
#       in_subfmt: '*'
#       out_subfmt: '*'
#       precision: 3
#       scale: utc
#       value: !astropy.table.SerializedColumn {name: time}
# schema: astropy-2.0
time,Enclosure Temperature,Sky Temperature,Frequency,MSAS,ZP,Sequence Number,Sun Alt,Moon Alt,Moon Illumination
[from data line 12516]
2025-04-25T12:42:24.000,36.51,9.31,0.0,0.0,20.36,36167,62.23,36.0,0.078
2025-04-25T12:43:24.000,36.9,12.19,0.0,0.0,20.36,36168,62.15,36.0,0.078
2025-04-25T12:48:49.000,38.15,10.63,0.0,0.0,20.36,36173,61.72,35.0,0.077
2025-04-25T12:49:48.000,38.21,11.12,0.0,0.0,20.36,36174,61.63,35.0,0.077
2025-04-25T12:50:49.000,37.99,10.26,0.0,0.0,20.36,36175,61.54,35.0,0.077
2025-04-25T12:53:49.000,36.49,7.22,0.0,0.0,20.36,36178,61.27,34.0,0.077
2025-04-25T12:54:53.000,36.48,10.6,0.0,0.0,20.36,36179,61.18,34.0,0.077
2025-04-25T12:55:52.000,37.32,11.66,0.0,0.0,20.36,36180,61.08,34.0,0.077
2025-04-25T13:02:26.000,36.96,8.82,0.0,0.0,20.36,36186,60.43,33.0,0.077
2025-04-25T13:03:26.000,37.01,9.85,0.0,0.0,20.36,36187,60.33,33.0,0.077
2025-04-25T13:04:26.000,37.32,10.92,0.0,0.0,20.36,36188,60.23,33.0,0.077
2025-04-25T13:05:32.000,37.74,10.41,0.0,0.0,20.36,36189,60.11,32.0,0.077
2025-04-25T13:08:45.000,37.36,10.4,0.0,0.0,20.36,36192,59.76,32.0,0.077
2025-04-25T13:09:45.000,37.69,10.6,0.0,0.0,20.36,36193,59.65,32.0,0.076
2025-04-25T13:10:47.000,37.87,10.5,0.0,0.0,20.36,36194,59.53,32.0,0.076
2025-04-25T13:17:48.000,38.17,10.7,0.0,0.0,20.36,36201,58.71,30.0,0.076
2025-04-25T13:18:52.000,38.43,11.12,0.0,0.0,20.36,36202,58.58,30.0,0.076
2025-04-25T13:19:51.000,38.42,10.16,0.0,0.0,20.36,36203,58.46,30.0,0.076
2025-04-25T13:21:53.000,38.45,9.71,0.0,0.0,20.36,36205,58.2,30.0,0.076
2025-04-25T13:22:57.000,37.93,8.98,0.0,0.0,20.36,36206,58.07,30.0,0.076
2025-04-25T13:27:11.000,37.95,9.7,0.0,0.0,20.36,36210,57.53,29.0,0.076
2025-04-25T13:29:18.000,37.48,10.85,0.0,0.0,20.36,36212,57.25,29.0,0.076
2025-04-25T13:30:18.000,37.34,9.08,0.0,0.0,20.36,36213,57.11,28.0,0.076
2025-04-25T13:35:49.000,37.12,9.43,0.0,0.0,20.36,36218,56.37,27.0,0.075
2025-04-25T13:36:49.000,37.18,9.25,0.0,0.0,20.36,36219,56.23,27.0,0.075
2025-04-25T13:37:49.000,37.12,9.8,0.0,0.0,20.36,36220,56.09,27.0,0.075
2025-04-25T13:39:58.000,37.33,9.71,0.0,0.0,20.36,36222,55.78,27.0,0.075
2025-04-25T13:40:57.000,37.18,9.29,0.0,0.0,20.36,36223,55.64,27.0,0.075
2025-04-25T13:41:57.000,37.25,10.11,0.0,0.0,20.36,36224,55.5,26.0,0.075
2025-04-25T13:45:11.000,36.67,8.96,0.0,0.0,20.36,36227,55.03,26.0,0.075
2025-04-25T13:46:11.000,36.62,9.04,0.0,0.0,20.36,36228,54.89,26.0,0.075
2025-04-25T13:47:10.000,36.98,11.92,0.0,0.0,20.36,36229,54.74,26.0,0.075
2025-04-25T14:43:19.000,33.39,9.29,0.0,0.0,20.36,36285,45.57,16.0,0.072
2025-04-25T14:44:19.000,34.06,9.14,0.0,0.0,20.36,36286,45.4,15.0,0.072
2025-04-25T14:45:19.000,34.11,8.58,0.0,0.0,20.36,36287,45.22,15.0,0.072
2025-04-25T14:48:14.000,34.36,9.43,0.0,0.0,20.36,36289,44.71,15.0,0.072
2025-04-25T14:50:20.000,34.02,7.31,0.0,0.0,20.36,36291,44.33,14.0,0.072
2025-04-25T14:51:20.000,33.94,8.29,0.0,0.0,20.36,36292,44.15,14.0,0.072
2025-04-25T14:52:20.000,34.11,8.95,0.0,0.0,20.36,36293,43.98,14.0,0.072
2025-04-25T14:53:22.000,34.12,8.51,0.0,0.0,20.36,36294,43.79,14.0,0.072
2025-04-25T14:54:21.000,33.91,8.24,0.0,0.0,20.36,36295,43.62,14.0,0.072
2025-04-25T14:55:23.000,33.92,9.21,0.0,0.0,20.36,36296,43.43,13.0,0.072
2025-04-25T14:57:30.000,33.01,5.25,0.0,0.0,20.36,36298,43.05,13.0,0.072
2025-04-25T14:58:30.000,32.46,6.74,0.0,0.0,20.36,36299,42.87,13.0,0.072
2025-04-25T14:59:31.000,32.47,8.25,0.0,0.0,20.36,36300,42.69,13.0,0.072
2025-04-25T15:01:48.000,32.28,7.31,0.0,0.0,20.36,36302,42.27,12.0,0.072
2025-04-25T15:03:55.000,31.3,6.6,0.0,0.0,20.36,36304,41.89,12.0,0.071
2025-04-25T15:09:23.000,30.16,6.72,0.0,0.0,20.36,36309,40.89,11.0,0.071
2025-04-25T15:11:23.000,30.71,10.04,0.0,0.0,20.36,36311,40.53,10.0,0.071
2025-04-25T15:12:23.000,31.4,11.87,0.0,0.0,20.36,36312,40.34,10.0,0.071
2025-04-25T15:13:23.000,32.04,10.25,0.0,0.0,20.36,36313,40.16,10.0,0.071
2025-04-25T16:19:30.000,24.65,11.62,0.0,0.0,20.36,36379,27.68,-2.0,0.068
2025-04-25T16:20:30.000,24.65,11.28,0.0,0.0,20.36,36380,27.48,-2.0,0.068
2025-04-25T16:21:30.000,24.66,11.28,0.0,0.0,20.36,36381,27.29,-2.0,0.068
2025-04-25T16:23:36.000,24.72,13.4,0.0,0.0,20.36,36383,26.89,-3.0,0.068
2025-04-25T16:32:18.000,24.1,13.02,0.0,0.0,20.36,36386,25.21,-4.0,0.068
2025-04-25T16:33:18.000,24.11,10.43,0.0,0.0,20.36,36387,25.02,-5.0,0.068
2025-04-25T16:34:20.000,24.07,10.84,0.0,0.0,20.36,36388,24.82,-5.0,0.068
2025-04-25T16:36:28.000,24.51,14.14,0.0,0.0,20.36,36390,24.41,-5.0,0.067
2025-04-25T16:37:28.000,24.48,13.03,0.0,0.0,20.36,36391,24.22,-5.0,0.067
2025-04-25T16:38:29.000,24.22,11.25,0.0,0.0,20.36,36392,24.02,-5.0,0.067
2025-04-25T16:42:33.000,24.01,10.29,0.0,0.0,20.36,36396,23.24,-6.0,0.067
2025-04-25T16:43:32.000,24.05,9.88,0.0,0.0,20.36,36397,23.05,-6.0,0.067
2025-04-25T16:44:33.000,24.18,9.93,0.0,0.0,20.36,36398,22.85,-7.0,0.067
2025-04-25T16:46:40.000,24.55,8.85,0.0,0.0,20.36,36400,22.45,-7.0,0.067
2025-04-25T16:47:39.000,24.46,9.01,0.0,0.0,20.36,36401,22.26,-7.0,0.067
2025-04-25T16:48:39.000,24.61,8.85,0.0,0.0,20.36,36402,22.06,-7.0,0.067
2025-04-25T17:05:40.000,25.6,7.25,0.0,0.0,20.36,36419,18.78,-10.0,0.066
2025-04-25T17:06:40.000,25.41,7.3,0.0,0.0,20.36,36420,18.59,-11.0,0.066
2025-04-25T17:07:40.000,25.52,7.25,0.0,0.0,20.36,36421,18.4,-11.0,0.066
2025-04-25T17:09:41.000,24.83,6.29,0.0,0.0,20.36,36423,18.01,-11.0,0.066
2025-04-25T17:10:41.000,24.71,6.5,0.0,0.0,20.36,36424,17.82,-11.0,0.066
2025-04-25T17:11:41.000,24.57,5.67,0.0,0.0,20.36,36425,17.62,-11.0,0.066
2025-04-25T17:32:42.000,23.3,4.01,0.0,0.0,20.36,36446,13.58,-15.0,0.065
2025-04-25T17:33:42.000,22.86,3.32,0.0,0.0,20.36,36447,13.39,-15.0,0.065
2025-04-25T17:34:42.000,22.66,3.9,0.0,0.0,20.36,36448,13.2,-15.0,0.065
2025-04-25T17:36:50.000,22.64,4.32,0.0,0.0,20.36,36450,12.79,-16.0,0.065
2025-04-25T17:37:51.000,22.67,4.72,0.0,0.0,20.36,36451,12.6,-16.0,0.065
2025-04-25T17:38:50.000,22.75,4.57,0.0,0.0,20.36,36452,12.41,-16.0,0.065
2025-04-25T18:10:54.000,21.44,4.82,0.0,0.0,20.36,36484,6.32,-22.0,0.064
2025-04-25T18:11:54.000,21.43,5.0,0.0,0.0,20.36,36485,6.13,-22.0,0.064
2025-04-25T18:12:54.000,21.47,4.81,0.0,0.0,20.36,36486,5.94,-22.0,0.063
2025-04-25T18:15:10.000,21.24,4.93,0.0,0.0,20.36,36488,5.51,-22.0,0.063
2025-04-25T18:17:34.000,21.36,5.33,0.0,0.0,20.36,36490,5.06,-23.0,0.063
2025-04-25T18:18:34.000,21.36,5.09,0.0,0.0,20.36,36491,4.88,-23.0,0.063
2025-04-25T18:19:34.000,21.26,5.41,0.0,0.0,20.36,36492,4.69,-23.0,0.063
2025-04-25T18:22:35.000,21.47,5.82,0.0,0.0,20.36,36495,4.12,-24.0,0.063
2025-04-25T18:23:35.000,21.49,5.82,0.0,0.0,20.36,36496,3.94,-24.0,0.063
2025-04-25T18:24:35.000,21.43,5.44,0.0,0.0,20.36,36497,3.75,-24.0,0.063
2025-04-25T18:26:54.000,21.38,5.68,0.0,0.0,20.36,36499,3.32,-24.0,0.063
2025-04-25T18:27:55.000,21.28,5.53,0.0,0.0,20.36,36500,3.13,-24.0,0.063
2025-04-25T18:28:55.000,21.16,4.99,0.36,0.18,20.36,36501,2.94,-25.0,0.063
2025-04-25T18:29:55.000,21.04,5.66,0.0,0.0,20.36,36502,2.76,-25.0,0.063
2025-04-25T18:30:56.000,21.13,5.95,0.0,0.0,20.36,36503,2.57,-25.0,0.063
2025-04-25T18:31:56.000,21.13,5.65,0.0,0.0,20.36,36504,2.38,-25.0,0.063
2025-04-25T18:32:56.000,21.05,5.53,0.0,0.0,20.36,36505,2.19,-25.0,0.063
2025-04-25T18:33:56.000,21.08,5.96,0.11,0.09,20.36,36506,2.01,-25.0,0.063
2025-04-25T18:34:56.000,20.98,5.17,0.0,0.0,20.36,36507,1.82,-26.0,0.063
2025-04-25T18:36:00.000,20.76,5.06,0.0,0.0,20.36,36508,1.63,-26.0,0.063
2025-04-25T18:37:00.000,20.74,5.24,0.0,0.0,20.36,36509,1.44,-26.0,0.062
2025-04-25T18:40:00.000,20.71,5.59,0.0,0.0,20.36,36512,0.89,-26.0,0.062
2025-04-25T18:41:01.000,20.7,5.6,0.0,0.0,20.36,36513,0.7,-27.0,0.062
2025-04-25T18:42:00.000,20.73,5.62,0.0,0.0,20.36,36514,0.52,-27.0,0.062
2025-04-25T18:44:01.000,20.69,5.46,0.0,0.0,20.36,36516,0.15,-27.0,0.062
2025-04-25T18:45:01.000,20.65,5.36,0.0,0.0,20.36,36517,-0.04,-27.0,0.062
2025-04-25T18:46:03.000,20.52,4.8,0.0,0.0,20.36,36518,-0.23,-27.0,0.062
2025-04-25T18:48:03.000,20.36,5.16,0.0,0.0,20.36,36520,-0.59,-28.0,0.062
2025-04-25T18:49:04.000,20.34,4.83,0.0,0.0,20.36,36521,-0.78,-28.0,0.062
2025-04-25T18:50:05.000,20.33,4.86,0.0,0.0,20.36,36522,-0.97,-28.0,0.062
2025-04-25T18:51:05.000,20.29,4.61,46655.98,6.33,20.36,36523,-1.15,-28.0,0.062
2025-04-25T18:52:05.000,20.18,4.33,55384.65,8.5,20.36,36524,-1.33,-28.0,0.062
2025-04-25T18:53:04.000,20.24,5.02,49184.8,8.63,20.36,36525,-1.51,-28.0,0.062
2025-04-25T18:54:04.000,20.27,4.62,43494.34,8.76,20.36,36526,-1.69,-29.0,0.062
2025-04-25T18:56:11.000,20.2,4.67,33044.27,9.06,20.36,36528,-2.08,-29.0,0.062
2025-04-25T18:57:13.000,20.23,4.37,28237.71,9.31,20.36,36529,-2.27,-29.0,0.062
2025-04-25T18:58:14.000,20.09,3.92,24614.36,9.38,20.36,36530,-2.45,-29.0,0.062
2025-04-25T19:00:17.000,20.05,4.17,17710.2,9.74,20.36,36532,-2.82,-30.0,0.062
2025-04-25T19:01:19.000,20.1,4.24,14850.38,9.93,20.36,36533,-3.01,-30.0,0.061
2025-04-25T19:02:19.000,20.08,3.86,12263.63,10.14,20.36,36534,-3.19,-30.0,0.061
2025-04-25T19:03:19.000,20.03,3.93,10063.07,10.35,20.36,36535,-3.37,-30.0,0.061
2025-04-25T19:04:23.000,20.05,3.96,8246.13,10.57,20.36,36536,-3.57,-30.0,0.061
2025-04-25T19:05:23.000,19.98,3.43,6686.57,10.8,20.36,36537,-3.75,-30.0,0.061
2025-04-25T19:06:23.000,19.95,3.63,5395.74,11.03,20.36,36538,-3.93,-30.0,0.061
2025-04-25T19:07:23.000,19.88,3.26,4351.96,11.27,20.36,36539,-4.11,-31.0,0.061
2025-04-25T19:08:23.000,19.94,3.62,3521.69,11.5,20.36,36540,-4.29,-31.0,0.061
2025-04-25T19:09:23.000,19.98,3.57,2842.84,11.73,20.36,36541,-4.47,-31.0,0.061
2025-04-25T19:10:24.000,19.89,3.25,2294.88,11.96,20.36,36542,-4.65,-31.0,0.061
2025-04-25T19:11:23.000,19.97,3.63,1846.24,12.2,20.36,36543,-4.82,-31.0,0.061
2025-04-25T19:12:23.000,20.01,3.49,1485.44,12.43,20.36,36544,-5.0,-31.0,0.061
2025-04-25T19:13:23.000,19.98,3.33,1200.51,12.66,20.36,36545,-5.18,-31.0,0.061
2025-04-25T19:14:23.000,19.92,3.04,967.3,12.9,20.36,36546,-5.36,-32.0,0.061
2025-04-25T19:15:23.000,19.91,3.17,781.57,13.13,20.36,36547,-5.54,-32.0,0.061
2025-04-25T19:16:24.000,19.9,3.03,630.11,13.36,20.36,36548,-5.72,-32.0,0.061
2025-04-25T19:17:24.000,19.79,2.51,507.62,13.6,20.36,36549,-5.9,-32.0,0.061
2025-04-25T19:18:24.000,19.67,2.54,408.88,13.83,20.36,36550,-6.07,-32.0,0.061
2025-04-25T19:19:24.000,19.68,2.76,330.9,14.06,20.36,36551,-6.25,-32.0,0.061
2025-04-25T19:20:24.000,19.67,2.6,267.21,14.29,20.36,36552,-6.43,-32.0,0.061
2025-04-25T19:21:24.000,19.61,2.56,217.08,14.52,20.36,36553,-6.61,-33.0,0.061
2025-04-25T19:22:25.000,19.67,2.79,177.42,14.74,20.36,36554,-6.79,-33.0,0.061
2025-04-25T19:23:24.000,19.65,2.65,146.16,14.95,20.36,36555,-6.96,-33.0,0.061
2025-04-25T19:24:24.000,19.67,2.7,120.7,15.16,20.36,36556,-7.14,-33.0,0.061
2025-04-25T19:25:24.000,19.61,2.4,100.89,15.35,20.36,36557,-7.31,-33.0,0.061
2025-04-25T19:26:25.000,19.57,2.54,84.9,15.54,20.36,36558,-7.49,-33.0,0.06
2025-04-25T19:27:24.000,19.64,2.67,72.66,15.71,20.36,36559,-7.66,-33.0,0.06
2025-04-25T19:28:24.000,19.64,2.7,62.3,15.88,20.36,36560,-7.84,-34.0,0.06
2025-04-25T19:29:24.000,19.61,2.38,54.08,16.03,20.36,36561,-8.01,-34.0,0.06
2025-04-25T19:30:24.000,19.57,2.48,47.1,16.18,20.36,36562,-8.19,-34.0,0.06
2025-04-25T19:31:25.000,19.59,2.55,43.39,16.27,20.36,36563,-8.36,-34.0,0.06
2025-04-25T19:32:25.000,19.57,2.42,38.84,16.39,20.36,36564,-8.54,-34.0,0.06
2025-04-25T19:33:25.000,19.5,2.2,35.15,16.5,20.36,36565,-8.71,-34.0,0.06
2025-04-25T19:34:25.000,19.52,2.38,32.49,16.58,20.36,36566,-8.89,-34.0,0.06
2025-04-25T19:35:25.000,19.51,2.44,30.0,16.67,20.36,36567,-9.06,-35.0,0.06
2025-04-25T19:36:25.000,19.52,2.18,28.34,16.73,20.36,36568,-9.23,-35.0,0.06
2025-04-25T19:37:26.000,19.37,1.9,26.78,16.79,20.36,36569,-9.41,-35.0,0.06
2025-04-25T19:38:25.000,19.44,2.43,25.72,16.83,20.36,36570,-9.58,-35.0,0.06
2025-04-25T19:39:25.000,19.49,2.44,24.41,16.89,20.36,36571,-9.75,-35.0,0.06
2025-04-25T19:40:25.000,19.48,2.24,23.5,16.93,20.36,36572,-9.92,-35.0,0.06
2025-04-25T19:41:25.000,19.49,2.22,22.52,16.98,20.36,36573,-10.1,-35.0,0.06
2025-04-25T19:42:25.000,19.52,2.49,21.86,17.01,20.36,36574,-10.27,-36.0,0.06
2025-04-25T19:43:25.000,19.53,2.25,21.33,17.04,20.36,36575,-10.44,-36.0,0.06
2025-04-25T19:44:25.000,19.54,2.24,20.85,17.06,20.36,36576,-10.61,-36.0,0.06
2025-04-25T19:45:25.000,19.48,1.9,20.22,17.1,20.36,36577,-10.78,-36.0,0.06
2025-04-25T19:46:25.000,19.39,1.62,20.01,17.11,20.36,36578,-10.95,-36.0,0.06
2025-04-25T19:47:26.000,19.34,1.76,19.69,17.13,20.36,36579,-11.13,-36.0,0.06
2025-04-25T19:48:26.000,19.28,1.44,19.42,17.14,20.36,36580,-11.3,-36.0,0.06
2025-04-25T19:49:27.000,19.26,1.55,18.99,17.17,20.36,36581,-11.47,-36.0,0.06
2025-04-25T19:50:26.000,19.28,1.65,18.86,17.17,20.36,36582,-11.64,-37.0,0.06
2025-04-25T19:51:26.000,19.26,1.47,18.59,17.19,20.36,36583,-11.8,-37.0,0.059
2025-04-25T19:52:26.000,19.27,1.54,18.34,17.2,20.36,36584,-11.97,-37.0,0.059
2025-04-25T19:53:26.000,19.28,1.65,18.21,17.21,20.36,36585,-12.14,-37.0,0.059
2025-04-25T19:54:26.000,19.35,1.89,18.09,17.22,20.36,36586,-12.31,-37.0,0.059
2025-04-25T19:55:26.000,19.35,1.65,18.05,17.22,20.36,36587,-12.48,-37.0,0.059
2025-04-25T19:56:26.000,19.35,1.76,18.02,17.22,20.36,36588,-12.65,-37.0,0.059
2025-04-25T19:57:26.000,19.34,1.5,18.45,17.2,20.36,36589,-12.81,-37.0,0.059
2025-04-25T19:58:26.000,19.32,1.71,18.28,17.21,20.36,36590,-12.98,-38.0,0.059
2025-04-25T19:59:26.000,19.35,1.75,18.28,17.21,20.36,36591,-13.15,-38.0,0.059
2025-04-25T20:00:27.000,19.33,1.52,17.86,17.23,20.36,36592,-13.32,-38.0,0.059
2025-04-25T20:01:27.000,19.33,1.7,17.28,17.27,20.36,36593,-13.48,-38.0,0.059
2025-04-25T20:02:27.000,19.35,1.69,16.92,17.29,20.36,36594,-13.65,-38.0,0.059
2025-04-25T20:03:27.000,19.34,1.44,17.06,17.28,20.36,36595,-13.81,-38.0,0.059
2025-04-25T20:04:27.000,19.38,1.92,17.1,17.28,20.36,36596,-13.98,-38.0,0.059
2025-04-25T20:05:27.000,19.41,1.76,17.03,17.28,20.36,36597,-14.15,-38.0,0.059
2025-04-25T20:06:27.000,19.41,1.62,16.96,17.29,20.36,36598,-14.31,-39.0,0.059
2025-04-25T20:07:27.000,19.34,1.58,17.05,17.28,20.36,36599,-14.47,-39.0,0.059
2025-04-25T20:08:27.000,19.37,1.77,17.33,17.26,20.36,36600,-14.64,-39.0,0.059
2025-04-25T20:09:27.000,19.4,1.75,17.46,17.26,20.36,36601,-14.8,-39.0,0.059
2025-04-25T20:10:27.000,19.35,1.67,17.11,17.28,20.36,36602,-14.97,-39.0,0.059
2025-04-25T20:11:27.000,19.33,1.52,17.02,17.28,20.36,36603,-15.13,-39.0,0.059
2025-04-25T20:12:27.000,19.28,1.36,16.86,17.29,20.36,36604,-15.29,-39.0,0.059
2025-04-25T20:13:27.000,19.27,1.64,16.76,17.3,20.36,36605,-15.45,-39.0,0.059
2025-04-25T20:14:27.000,19.27,1.6,16.72,17.3,20.36,36606,-15.62,-39.0,0.059
2025-04-25T20:15:28.000,19.29,1.63,16.69,17.31,20.36,36607,-15.78,-40.0,0.059
2025-04-25T20:16:28.000,19.29,1.79,16.65,17.31,20.36,36608,-15.94,-40.0,0.058
2025-04-25T20:17:28.000,19.36,2.03,16.7,17.3,20.36,36609,-16.1,-40.0,0.058
2025-04-25T20:18:29.000,19.4,1.93,16.65,17.31,20.36,36610,-16.26,-40.0,0.058
2025-04-25T20:19:28.000,19.42,2.03,16.54,17.32,20.36,36611,-16.42,-40.0,0.058
2025-04-25T20:20:29.000,19.38,1.73,16.57,17.31,20.36,36612,-16.58,-40.0,0.058
2025-04-25T20:21:28.000,19.35,1.84,16.86,17.29,20.36,36613,-16.74,-40.0,0.058
2025-04-25T20:22:29.000,19.34,1.81,17.16,17.28,20.36,36614,-16.9,-40.0,0.058
2025-04-25T20:23:28.000,19.32,1.88,17.42,17.26,20.36,36615,-17.06,-40.0,0.058
2025-04-25T20:24:29.000,19.3,1.85,17.14,17.28,20.36,36616,-17.22,-41.0,0.058
2025-04-25T20:25:29.000,19.33,1.98,17.21,17.27,20.36,36617,-17.38,-41.0,0.058
2025-04-25T20:26:29.000,19.28,1.65,17.48,17.26,20.36,36618,-17.54,-41.0,0.058
2025-04-25T20:27:29.000,19.23,1.7,18.23,17.21,20.36,36619,-17.69,-41.0,0.058
2025-04-25T20:29:29.000,19.22,1.94,18.04,17.22,20.36,36621,-18.01,-41.0,0.058
2025-04-25T20:30:29.000,19.22,2.04,17.83,17.23,20.36,36622,-18.16,-41.0,0.058
2025-04-25T20:31:29.000,19.3,2.26,17.73,17.24,20.36,36623,-18.32,-41.0,0.058
2025-04-25T20:32:29.000,19.24,1.67,17.66,17.24,20.36,36624,-18.47,-41.0,0.058
2025-04-25T20:33:29.000,19.2,2.0,17.74,17.24,20.36,36625,-18.63,-41.0,0.058
2025-04-25T20:34:29.000,19.25,2.1,18.24,17.21,20.36,36626,-18.78,-42.0,0.058
2025-04-25T20:35:30.000,19.25,1.99,17.23,17.27,20.36,36627,-18.94,-42.0,0.058
2025-04-25T20:36:29.000,19.24,2.06,17.14,17.28,20.36,36628,-19.09,-42.0,0.058
2025-04-25T20:37:29.000,19.26,2.24,17.22,17.27,20.36,36629,-19.24,-42.0,0.058
