ecsv/stars75/stars75_2025-04.ecsv
# %ECSV 1.0
# ---
# datatype:
# - {name: time, datatype: string}
# - {name: Enclosure Temperature, unit: deg_C, datatype: float64}
# - {name: Sky Temperature, unit: deg_C, datatype: float64}
# - {name: Frequency, unit: Hz, datatype: float64}
# - {name: MSAS, unit: mag / arcsec2, datatype: float64}
# - {name: ZP, datatype: float64}
# - {name: Sequence Number, datatype: int64}
# - {name: Sun Alt, unit: deg, datatype: float64}
# - {name: Moon Alt, unit: deg, datatype: float64}
# - {name: Moon Illumination, datatype: float64}
# delimiter: ','
# meta: !!omap
# - ida:
#     Data supplier: {affiliation: null, observer: Enric Marco}
#     Device type: TESS-W
#     Field of view: 17.0
#     Filters per channel: None
#     Instrument ID: stars75
#     License: ODbL 1.0 http://opendatacommons.org/licenses/odbl/summary/
#     Local timezone: Europe/Madrid
#     Location name: {country: Spain, place: Valencia, region: Valencian Community, sub_region: "Comarca de Val\xE8ncia", town: Valencia}
#     Measurement direction per channel: {azimuth: 0.0, zenital: 0.0}
#     Moving / Fixed look direction: FIXED
#     Moving / Stationary position: STATIONARY
#     Number of channels: 1
#     Number of fields per line: 8
#     Number of header lines: 35
#     Position: {height: 0.0, latitude: 39.478898, longitude: -0.376524}
#     TESS MAC address: 5C:CF:7F:82:8D:8B
#     TESS cover offset value: 0.0
#     TESS firmware version: Unknown
#     TESS zero point: 20.36
#     Time Synchronization: timestamp added by MQTT subscriber
#     URL: http://www.darksky.org/NSBM/sdf1.0.pdf
# - __serialized_columns__:
#     Enclosure Temperature:
#       __class__: astropy.units.quantity.Quantity
#       unit: &id001 !astropy.units.Unit {unit: deg_C}
#       value: !astropy.table.SerializedColumn {name: Enclosure Temperature}
#     Frequency:
#       __class__: astropy.units.quantity.Quantity
#       unit: !astropy.units.Unit {unit: Hz}
#       value: !astropy.table.SerializedColumn {name: Frequency}
#     MSAS:
#       __class__: astropy.units.quantity.Quantity
#       unit: !astropy.units.Unit {unit: mag / arcsec2}
#       value: !astropy.table.SerializedColumn {name: MSAS}
#     Moon Alt:
#       __class__: astropy.units.quantity.Quantity
#       unit: &id002 !astropy.units.Unit {unit: deg}
#       value: !astropy.table.SerializedColumn {name: Moon Alt}
#     Sky Temperature:
#       __class__: astropy.units.quantity.Quantity
#       unit: *id001
#       value: !astropy.table.SerializedColumn {name: Sky Temperature}
#     Sun Alt:
#       __class__: astropy.units.quantity.Quantity
#       unit: *id002
#       value: !astropy.table.SerializedColumn {name: Sun Alt}
#     time:
#       __class__: astropy.time.core.Time
#       format: isot
#       in_subfmt: '*'
#       out_subfmt: '*'
#       precision: 3
#       scale: utc
#       value: !astropy.table.SerializedColumn {name: time}
# schema: astropy-2.0
time,Enclosure Temperature,Sky Temperature,Frequency,MSAS,ZP,Sequence Number,Sun Alt,Moon Alt,Moon Illumination
[from data line 14607]
2025-04-28T07:34:36.000,28.11,1.12,0.0,0.0,20.36,40098,27.37,25.0,0.005
2025-04-28T07:36:40.000,28.04,0.45,0.0,0.0,20.36,40100,27.77,26.0,0.005
2025-04-28T07:37:40.000,27.99,0.36,0.0,0.0,20.36,40101,27.96,26.0,0.005
2025-04-28T07:38:40.000,28.06,0.88,0.0,0.0,20.36,40102,28.16,26.0,0.005
2025-04-28T08:46:44.000,35.06,5.65,0.0,0.0,20.36,40170,41.05,39.0,0.006
2025-04-28T08:47:44.000,34.95,4.06,0.0,0.0,20.36,40171,41.24,39.0,0.006
2025-04-28T08:48:45.000,34.62,3.78,0.0,0.0,20.36,40172,41.42,39.0,0.006
2025-04-28T08:50:45.000,34.03,3.49,0.0,0.0,20.36,40174,41.79,40.0,0.006
2025-04-28T08:51:45.000,33.68,3.4,0.0,0.0,20.36,40175,41.98,40.0,0.006
2025-04-28T08:52:45.000,33.67,4.05,0.0,0.0,20.36,40176,42.16,40.0,0.006
2025-04-28T10:03:50.000,39.15,8.56,0.0,0.0,20.36,40247,54.34,53.0,0.007
2025-04-28T10:04:50.000,38.79,6.8,0.0,0.0,20.36,40248,54.5,53.0,0.007
2025-04-28T10:05:50.000,38.52,8.36,0.0,0.0,20.36,40249,54.65,54.0,0.007
2025-04-28T10:08:04.000,38.42,7.95,0.0,0.0,20.36,40251,54.99,54.0,0.007
2025-04-28T10:09:04.000,38.48,8.12,0.0,0.0,20.36,40252,55.14,54.0,0.007
2025-04-28T10:10:04.000,38.71,8.94,0.0,0.0,20.36,40253,55.3,54.0,0.007
2025-04-28T10:31:05.000,39.14,8.93,0.0,0.0,20.36,40274,58.29,58.0,0.007
2025-04-28T10:32:05.000,38.98,7.93,0.0,0.0,20.36,40275,58.42,58.0,0.007
2025-04-28T10:33:05.000,39.31,8.87,0.0,0.0,20.36,40276,58.55,58.0,0.007
2025-04-28T23:00:25.000,18.0,-1.36,6.61,18.31,20.36,0,-34.36,-22.0,0.022
2025-04-28T23:01:25.000,18.0,-1.26,6.39,18.35,20.36,1,-34.42,-22.0,0.022
2025-04-28T23:02:25.000,18.03,-1.27,6.35,18.35,20.36,2,-34.48,-22.0,0.022
2025-04-28T23:03:25.000,18.03,-1.29,6.37,18.35,20.36,3,-34.53,-22.0,0.022
2025-04-28T23:04:25.000,18.04,-1.29,6.39,18.35,20.36,4,-34.58,-23.0,0.022
2025-04-28T23:05:25.000,18.02,-1.44,6.34,18.35,20.36,5,-34.64,-23.0,0.022
2025-04-28T23:06:25.000,18.02,-1.32,6.37,18.35,20.36,6,-34.69,-23.0,0.022
2025-04-28T23:07:25.000,18.02,-1.41,6.36,18.35,20.36,7,-34.74,-23.0,0.022
2025-04-28T23:08:25.000,18.0,-1.45,6.4,18.34,20.36,8,-34.79,-23.0,0.022
2025-04-28T23:09:25.000,18.03,-1.26,6.42,18.34,20.36,9,-34.84,-23.0,0.022
2025-04-28T23:10:25.000,18.01,-1.49,6.41,18.34,20.36,10,-34.89,-23.0,0.022
2025-04-28T23:11:25.000,18.01,-1.42,6.4,18.34,20.36,11,-34.93,-23.0,0.022
2025-04-28T23:12:25.000,18.0,-1.52,6.35,18.35,20.36,12,-34.98,-23.0,0.022
2025-04-28T23:13:25.000,18.0,-1.34,6.39,18.35,20.36,13,-35.03,-23.0,0.022
2025-04-28T23:14:26.000,18.03,-1.43,6.36,18.35,20.36,14,-35.07,-23.0,0.022
2025-04-28T23:15:26.000,18.02,-1.5,6.34,18.35,20.36,15,-35.11,-23.0,0.022
2025-04-28T23:16:26.000,18.03,-1.35,6.33,18.36,20.36,16,-35.16,-24.0,0.022
2025-04-28T23:17:26.000,18.04,-1.44,6.37,18.35,20.36,17,-35.2,-24.0,0.022
2025-04-28T23:18:26.000,18.04,-1.41,6.36,18.35,20.36,18,-35.24,-24.0,0.022
2025-04-28T23:19:26.000,18.03,-1.4,6.36,18.35,20.36,19,-35.28,-24.0,0.022
2025-04-28T23:20:26.000,18.03,-1.35,6.31,18.36,20.36,20,-35.32,-24.0,0.022
2025-04-28T23:21:26.000,18.04,-1.43,6.31,18.36,20.36,21,-35.35,-24.0,0.022
2025-04-28T23:22:26.000,18.02,-1.5,6.37,18.35,20.36,22,-35.39,-24.0,0.022
2025-04-28T23:23:26.000,18.02,-1.43,6.33,18.36,20.36,23,-35.43,-24.0,0.022
2025-04-28T23:24:26.000,17.99,-1.55,6.31,18.36,20.36,24,-35.46,-24.0,0.022
2025-04-28T23:25:26.000,17.98,-1.53,6.31,18.36,20.36,25,-35.49,-24.0,0.022
2025-04-28T23:26:26.000,17.99,-1.39,6.28,18.36,20.36,26,-35.53,-24.0,0.022
2025-04-28T23:27:26.000,18.01,-1.57,6.25,18.37,20.36,27,-35.56,-24.0,0.022
2025-04-28T23:28:26.000,17.97,-1.55,6.32,18.36,20.36,28,-35.59,-24.0,0.022
2025-04-28T23:29:26.000,17.96,-1.56,6.25,18.37,20.36,29,-35.62,-24.0,0.022
2025-04-28T23:30:26.000,17.92,-1.72,6.3,18.36,20.36,30,-35.65,-25.0,0.022
2025-04-28T23:31:27.000,17.89,-1.7,6.3,18.36,20.36,31,-35.68,-25.0,0.022
2025-04-28T23:32:27.000,17.93,-1.43,6.31,18.36,20.36,32,-35.7,-25.0,0.022
2025-04-28T23:33:27.000,17.91,-1.7,6.32,18.36,20.36,33,-35.73,-25.0,0.023
2025-04-28T23:34:27.000,17.9,-1.64,6.31,18.36,20.36,34,-35.75,-25.0,0.023
2025-04-28T23:35:27.000,17.91,-1.52,6.31,18.36,20.36,35,-35.78,-25.0,0.023
2025-04-28T23:37:01.000,17.9,-1.64,6.29,18.36,20.36,36,-35.81,-25.0,0.023
2025-04-28T23:38:01.000,17.89,-1.69,6.28,18.36,20.36,37,-35.83,-25.0,0.023
2025-04-28T23:39:01.000,17.9,-1.54,6.26,18.37,20.36,38,-35.85,-25.0,0.023
2025-04-28T23:40:01.000,17.88,-1.66,6.25,18.37,20.36,39,-35.87,-25.0,0.023
2025-04-28T23:41:01.000,17.84,-1.83,6.26,18.37,20.36,40,-35.89,-25.0,0.023
2025-04-28T23:42:01.000,17.83,-1.68,6.26,18.37,20.36,41,-35.91,-25.0,0.023
2025-04-28T23:43:02.000,17.82,-1.65,6.25,18.37,20.36,42,-35.92,-25.0,0.023
2025-04-28T23:44:02.000,17.8,-1.74,6.25,18.37,20.36,43,-35.94,-25.0,0.023
2025-04-28T23:45:02.000,17.81,-1.56,6.24,18.37,20.36,44,-35.95,-25.0,0.023
2025-04-28T23:46:02.000,17.85,-1.46,6.23,18.37,20.36,45,-35.97,-26.0,0.023
2025-04-28T23:47:02.000,17.84,-1.71,6.22,18.38,20.36,46,-35.98,-26.0,0.023
2025-04-28T23:48:02.000,17.84,-1.59,6.22,18.38,20.36,47,-35.99,-26.0,0.023
2025-04-28T23:49:02.000,17.84,-1.62,6.22,18.38,20.36,48,-36.0,-26.0,0.023
2025-04-28T23:50:02.000,17.82,-1.69,6.21,18.38,20.36,49,-36.01,-26.0,0.023
2025-04-28T23:51:02.000,17.77,-1.82,6.21,18.38,20.36,50,-36.02,-26.0,0.023
2025-04-28T23:52:02.000,17.73,-1.84,6.19,18.38,20.36,51,-36.03,-26.0,0.023
2025-04-28T23:53:02.000,17.72,-1.8,6.19,18.38,20.36,52,-36.03,-26.0,0.023
2025-04-28T23:55:06.000,17.73,-1.74,6.19,18.38,20.36,54,-36.04,-26.0,0.023
2025-04-28T23:56:06.000,17.71,-1.81,6.19,18.38,20.36,55,-36.04,-26.0,0.023
2025-04-28T23:57:06.000,17.68,-1.77,6.2,18.38,20.36,56,-36.05,-26.0,0.023
2025-04-28T23:58:06.000,17.67,-1.87,6.18,18.38,20.36,57,-36.05,-26.0,0.023
2025-04-28T23:59:06.000,17.65,-1.77,6.16,18.39,20.36,58,-36.05,-26.0,0.023
2025-04-29T00:00:06.000,17.66,-1.74,6.15,18.39,20.36,59,-36.05,-26.0,0.023
2025-04-29T00:01:06.000,17.64,-1.78,6.16,18.39,20.36,60,-36.04,-26.0,0.023
2025-04-29T00:02:06.000,17.61,-1.83,6.16,18.39,20.36,61,-36.04,-26.0,0.023
2025-04-29T00:03:06.000,17.58,-1.8,6.12,18.39,20.36,62,-36.04,-26.0,0.023
2025-04-29T00:04:06.000,17.58,-1.86,6.11,18.4,20.36,63,-36.03,-26.0,0.023
2025-04-29T00:05:06.000,17.54,-1.89,6.12,18.39,20.36,64,-36.03,-26.0,0.023
2025-04-29T00:06:06.000,17.55,-1.8,6.11,18.39,20.36,65,-36.02,-27.0,0.023
2025-04-29T00:07:06.000,17.57,-1.8,6.09,18.4,20.36,66,-36.01,-27.0,0.023
2025-04-29T00:08:06.000,17.53,-1.99,6.07,18.4,20.36,67,-36.0,-27.0,0.023
2025-04-29T00:09:06.000,17.51,-1.89,6.02,18.41,20.36,68,-35.99,-27.0,0.023
2025-04-29T00:10:06.000,17.53,-1.83,6.03,18.41,20.36,69,-35.98,-27.0,0.023
2025-04-29T00:11:07.000,17.54,-1.81,6.02,18.41,20.36,70,-35.97,-27.0,0.023
2025-04-29T00:12:07.000,17.52,-1.86,6.03,18.41,20.36,71,-35.96,-27.0,0.023
2025-04-29T00:13:07.000,17.5,-1.91,6.03,18.41,20.36,72,-35.94,-27.0,0.024
2025-04-29T00:14:07.000,17.49,-1.9,6.0,18.41,20.36,73,-35.93,-27.0,0.024
2025-04-29T00:15:07.000,17.5,-1.78,5.96,18.42,20.36,74,-35.91,-27.0,0.024
2025-04-29T00:16:07.000,17.51,-1.97,5.94,18.43,20.36,75,-35.89,-27.0,0.024
2025-04-29T00:17:07.000,17.45,-2.09,5.95,18.42,20.36,76,-35.88,-27.0,0.024
2025-04-29T00:18:07.000,17.45,-1.97,5.93,18.43,20.36,77,-35.86,-27.0,0.024
2025-04-29T00:19:07.000,17.47,-1.88,5.91,18.43,20.36,78,-35.84,-27.0,0.024
2025-04-29T00:20:07.000,17.49,-1.91,5.91,18.43,20.36,79,-35.82,-27.0,0.024
2025-04-29T00:21:13.000,17.5,-1.86,5.92,18.43,20.36,80,-35.79,-27.0,0.024
2025-04-29T00:22:13.000,17.5,-1.86,5.92,18.43,20.36,81,-35.77,-27.0,0.024
2025-04-29T00:23:14.000,17.49,-1.88,5.91,18.43,20.36,82,-35.74,-27.0,0.024
2025-04-29T00:24:13.000,17.47,-2.02,5.9,18.43,20.36,83,-35.72,-27.0,0.024
2025-04-29T00:25:13.000,17.43,-2.04,5.91,18.43,20.36,84,-35.69,-27.0,0.024
2025-04-29T00:26:13.000,17.41,-2.0,5.91,18.43,20.36,85,-35.67,-27.0,0.024
2025-04-29T00:27:13.000,17.42,-1.87,5.87,18.44,20.36,86,-35.64,-27.0,0.024
2025-04-29T00:28:14.000,17.45,-1.85,5.83,18.45,20.36,87,-35.61,-27.0,0.024
2025-04-29T00:29:14.000,17.47,-1.92,5.83,18.45,20.36,88,-35.58,-27.0,0.024
2025-04-29T00:30:14.000,17.42,-1.95,5.83,18.45,20.36,89,-35.55,-27.0,0.024
2025-04-29T00:31:14.000,17.45,-1.84,5.8,18.45,20.36,90,-35.51,-27.0,0.024
2025-04-29T00:32:14.000,17.44,-1.94,5.84,18.44,20.36,91,-35.48,-27.0,0.024
2025-04-29T00:33:14.000,17.44,-1.88,5.83,18.45,20.36,92,-35.45,-27.0,0.024
2025-04-29T00:34:14.000,17.41,-2.02,5.78,18.46,20.36,93,-35.41,-27.0,0.024
2025-04-29T00:35:14.000,17.41,-1.8,5.7,18.47,20.36,94,-35.38,-27.0,0.024
2025-04-29T00:36:14.000,17.46,-1.75,5.72,18.47,20.36,95,-35.34,-27.0,0.024
2025-04-29T00:37:14.000,17.48,-1.79,5.71,18.47,20.36,96,-35.3,-27.0,0.024
2025-04-29T00:38:14.000,17.49,-1.75,5.73,18.47,20.36,97,-35.26,-28.0,0.024
2025-04-29T00:39:14.000,17.46,-1.93,5.76,18.46,20.36,98,-35.22,-28.0,0.024
2025-04-29T00:40:14.000,17.49,-1.8,5.84,18.44,20.36,99,-35.18,-28.0,0.024
2025-04-29T00:41:14.000,17.49,-1.85,5.84,18.44,20.36,100,-35.14,-28.0,0.024
2025-04-29T00:42:14.000,17.47,-1.94,5.84,18.44,20.36,101,-35.1,-28.0,0.024
2025-04-29T00:43:14.000,17.46,-1.93,5.83,18.45,20.36,102,-35.05,-28.0,0.024
2025-04-29T00:44:14.000,17.47,-1.86,5.84,18.44,20.36,103,-35.01,-28.0,0.024
2025-04-29T00:45:15.000,17.46,-1.97,5.83,18.45,20.36,104,-34.96,-28.0,0.024
2025-04-29T00:46:15.000,17.44,-1.97,5.84,18.44,20.36,105,-34.92,-28.0,0.024
2025-04-29T00:47:15.000,17.5,-1.8,5.86,18.44,20.36,106,-34.87,-28.0,0.024
2025-04-29T00:48:15.000,17.48,-1.91,5.86,18.44,20.36,107,-34.82,-28.0,0.024
2025-04-29T00:49:15.000,17.47,-1.95,5.87,18.44,20.36,108,-34.77,-28.0,0.024
2025-04-29T00:50:15.000,17.44,-2.05,5.88,18.44,20.36,109,-34.72,-28.0,0.024
2025-04-29T00:51:15.000,17.37,-2.24,5.88,18.44,20.36,110,-34.67,-28.0,0.025
2025-04-29T00:52:15.000,17.38,-1.81,5.9,18.43,20.36,111,-34.62,-28.0,0.025
2025-04-29T00:53:15.000,17.41,-1.83,5.92,18.43,20.36,112,-34.57,-28.0,0.025
2025-04-29T00:54:15.000,17.4,-1.87,5.94,18.43,20.36,113,-34.51,-28.0,0.025
2025-04-29T00:55:15.000,17.39,-1.94,5.96,18.42,20.36,114,-34.46,-28.0,0.025
2025-04-29T00:56:15.000,17.39,-1.89,6.04,18.41,20.36,115,-34.4,-28.0,0.025
2025-04-29T00:57:16.000,17.37,-1.95,6.06,18.4,20.36,116,-34.34,-28.0,0.025
2025-04-29T00:58:15.000,17.39,-1.79,6.02,18.41,20.36,117,-34.29,-28.0,0.025
2025-04-29T00:59:15.000,17.4,-1.78,6.02,18.41,20.36,118,-34.23,-28.0,0.025
2025-04-29T01:00:16.000,17.38,-1.9,6.03,18.41,20.36,119,-34.17,-28.0,0.025
2025-04-29T01:01:16.000,17.38,-1.73,6.04,18.41,20.36,120,-34.11,-28.0,0.025
2025-04-29T01:02:16.000,17.37,-1.84,6.08,18.4,20.36,121,-34.05,-28.0,0.025
2025-04-29T01:03:16.000,17.36,-1.82,6.05,18.41,20.36,122,-33.98,-28.0,0.025
2025-04-29T01:04:16.000,17.36,-1.83,6.07,18.4,20.36,123,-33.92,-28.0,0.025
2025-04-29T01:05:16.000,17.36,-1.69,6.09,18.4,20.36,124,-33.86,-28.0,0.025
2025-04-29T01:06:16.000,17.35,-1.83,6.11,18.39,20.36,125,-33.79,-28.0,0.025
2025-04-29T01:07:16.000,17.35,-1.84,6.14,18.39,20.36,126,-33.73,-28.0,0.025
2025-04-29T01:08:16.000,17.31,-1.97,6.15,18.39,20.36,127,-33.66,-28.0,0.025
2025-04-29T01:09:16.000,17.32,-1.77,6.14,18.39,20.36,128,-33.59,-28.0,0.025
2025-04-29T01:10:16.000,17.35,-1.69,6.13,18.39,20.36,129,-33.52,-28.0,0.025
2025-04-29T01:11:16.000,17.33,-1.86,6.15,18.39,20.36,130,-33.45,-28.0,0.025
2025-04-29T01:12:16.000,17.33,-1.86,6.16,18.39,20.36,131,-33.38,-28.0,0.025
2025-04-29T01:13:16.000,17.34,-1.77,6.15,18.39,20.36,132,-33.31,-28.0,0.025
2025-04-29T01:14:17.000,17.35,-1.75,6.15,18.39,20.36,133,-33.24,-28.0,0.025
2025-04-29T01:15:17.000,17.35,-1.77,6.16,18.39,20.36,134,-33.17,-28.0,0.025
2025-04-29T01:16:17.000,17.31,-1.98,6.16,18.39,20.36,135,-33.09,-28.0,0.025
2025-04-29T01:17:17.000,17.29,-1.89,6.17,18.38,20.36,136,-33.02,-28.0,0.025
2025-04-29T01:18:17.000,17.3,-1.79,6.19,18.38,20.36,137,-32.94,-28.0,0.025
2025-04-29T01:19:17.000,17.31,-1.84,6.15,18.39,20.36,138,-32.87,-28.0,0.025
2025-04-29T01:20:17.000,17.28,-1.94,6.13,18.39,20.36,139,-32.79,-28.0,0.025
2025-04-29T01:21:17.000,17.25,-1.85,6.15,18.39,20.36,140,-32.71,-28.0,0.025
2025-04-29T01:22:17.000,17.28,-1.76,6.14,18.39,20.36,141,-32.63,-28.0,0.025
2025-04-29T01:23:17.000,17.29,-1.77,6.16,18.39,20.36,142,-32.55,-28.0,0.025
2025-04-29T01:24:17.000,17.27,-1.87,6.2,18.38,20.36,143,-32.47,-27.0,0.025
2025-04-29T01:25:17.000,17.26,-1.82,6.28,18.36,20.36,144,-32.39,-27.0,0.025
2025-04-29T01:26:17.000,17.26,-1.87,6.31,18.36,20.36,145,-32.31,-27.0,0.025
2025-04-29T01:27:17.000,17.23,-1.86,6.32,18.36,20.36,146,-32.23,-27.0,0.025
2025-04-29T01:28:17.000,17.22,-1.93,6.31,18.36,20.36,147,-32.14,-27.0,0.025
2025-04-29T01:29:17.000,17.21,-1.9,6.3,18.36,20.36,148,-32.06,-27.0,0.026
2025-04-29T01:30:18.000,17.22,-1.95,6.3,18.36,20.36,149,-31.97,-27.0,0.026
2025-04-29T01:31:18.000,17.19,-2.03,6.28,18.36,20.36,150,-31.88,-27.0,0.026
2025-04-29T01:32:18.000,17.17,-2.07,6.29,18.36,20.36,151,-31.8,-27.0,0.026
2025-04-29T01:33:18.000,17.15,-2.09,6.28,18.36,20.36,152,-31.71,-27.0,0.026
2025-04-29T01:34:18.000,17.14,-2.01,6.3,18.36,20.36,153,-31.62,-27.0,0.026
2025-04-29T01:35:18.000,17.14,-2.03,6.33,18.36,20.36,154,-31.53,-27.0,0.026
2025-04-29T01:36:18.000,17.12,-2.04,6.32,18.36,20.36,155,-31.44,-27.0,0.026
2025-04-29T01:37:18.000,17.11,-2.07,6.34,18.35,20.36,156,-31.35,-27.0,0.026
2025-04-29T01:38:18.000,17.09,-2.1,6.36,18.35,20.36,157,-31.26,-27.0,0.026
2025-04-29T01:39:18.000,17.07,-2.11,6.36,18.35,20.36,158,-31.17,-27.0,0.026
2025-04-29T01:40:18.000,17.04,-2.1,6.37,18.35,20.36,159,-31.07,-27.0,0.026
2025-04-29T01:41:18.000,17.04,-2.01,6.41,18.34,20.36,160,-30.98,-27.0,0.026
2025-04-29T01:43:18.000,17.07,-1.91,6.52,18.32,20.36,162,-30.79,-27.0,0.026
2025-04-29T01:44:18.000,17.07,-2.03,6.57,18.32,20.36,163,-30.69,-27.0,0.026
2025-04-29T01:45:18.000,17.04,-1.95,6.65,18.3,20.36,164,-30.6,-27.0,0.026
2025-04-29T01:46:19.000,17.04,-2.0,6.72,18.29,20.36,165,-30.5,-27.0,0.026
2025-04-29T01:47:19.000,17.04,-1.95,6.79,18.28,20.36,166,-30.4,-27.0,0.026
2025-04-29T01:48:19.000,17.02,-1.95,6.91,18.26,20.36,167,-30.3,-27.0,0.026
2025-04-29T01:49:19.000,17.01,-2.06,7.01,18.25,20.36,168,-30.2,-27.0,0.026
2025-04-29T01:50:19.000,16.99,-2.07,7.25,18.21,20.36,169,-30.1,-27.0,0.026
2025-04-29T01:51:19.000,16.96,-2.08,7.36,18.19,20.36,170,-30.0,-27.0,0.026
2025-04-29T01:52:19.000,16.92,-2.19,7.68,18.15,20.36,171,-29.89,-27.0,0.026
2025-04-29T01:53:19.000,16.91,-1.99,8.13,18.08,20.36,172,-29.79,-27.0,0.026
2025-04-29T01:54:19.000,16.91,-2.04,8.79,18.0,20.36,173,-29.69,-27.0,0.026
2025-04-29T01:55:19.000,16.84,-1.98,10.2,17.84,20.36,174,-29.58,-27.0,0.026
2025-04-29T01:56:19.000,16.84,-0.8,13.77,17.52,20.36,175,-29.48,-27.0,0.026
2025-04-29T01:57:19.000,16.94,1.52,26.13,16.84,20.36,176,-29.37,-26.0,0.026
2025-04-29T01:58:19.000,17.06,3.98,46.5,16.2,20.36,177,-29.27,-26.0,0.026
2025-04-29T01:59:19.000,17.25,5.26,48.35,16.16,20.36,178,-29.16,-26.0,0.026
2025-04-29T02:00:19.000,17.36,4.76,32.34,16.59,20.36,179,-29.05,-26.0,0.026
2025-04-29T02:01:19.000,17.48,3.8,28.25,16.73,20.36,180,-28.94,-26.0,0.026
2025-04-29T02:02:19.000,17.54,2.39,24.7,16.88,20.36,181,-28.83,-26.0,0.026
2025-04-29T02:03:20.000,17.53,1.33,21.69,17.02,20.36,182,-28.72,-26.0,0.026
2025-04-29T02:04:20.000,17.54,0.59,16.27,17.34,20.36,183,-28.61,-26.0,0.026
2025-04-29T02:05:20.000,17.51,-0.22,11.54,17.71,20.36,184,-28.5,-26.0,0.026
2025-04-29T02:06:20.000,17.49,-0.98,10.07,17.85,20.36,185,-28.39,-26.0,0.026
2025-04-29T02:07:20.000,17.39,-1.39,9.85,17.88,20.36,186,-28.27,-26.0,0.027
2025-04-29T02:08:20.000,17.33,-1.62,9.67,17.9,20.36,187,-28.16,-26.0,0.027
2025-04-29T02:09:22.000,17.29,-1.75,8.25,18.07,20.36,188,-28.04,-26.0,0.027
2025-04-29T02:10:21.000,17.25,-1.75,7.56,18.16,20.36,189,-27.93,-26.0,0.027
2025-04-29T02:11:21.000,17.21,-1.98,7.27,18.21,20.36,190,-27.82,-26.0,0.027
2025-04-29T02:12:21.000,17.19,-1.8,7.32,18.2,20.36,191,-27.7,-26.0,0.027
2025-04-29T02:13:21.000,17.19,-1.62,7.65,18.15,20.36,192,-27.58,-26.0,0.027
2025-04-29T02:14:21.000,17.15,-1.48,9.05,17.97,20.36,193,-27.47,-26.0,0.027
2025-04-29T02:15:21.000,17.12,-1.06,13.24,17.56,20.36,194,-27.35,-26.0,0.027
2025-04-29T02:16:21.000,17.14,-0.89,12.15,17.65,20.36,195,-27.23,-26.0,0.027
