ecsv/stars75/stars75_2025-04.ecsv
# %ECSV 1.0
# ---
# datatype:
# - {name: time, datatype: string}
# - {name: Enclosure Temperature, unit: deg_C, datatype: float64}
# - {name: Sky Temperature, unit: deg_C, datatype: float64}
# - {name: Frequency, unit: Hz, datatype: float64}
# - {name: MSAS, unit: mag / arcsec2, datatype: float64}
# - {name: ZP, datatype: float64}
# - {name: Sequence Number, datatype: int64}
# - {name: Sun Alt, unit: deg, datatype: float64}
# - {name: Moon Alt, unit: deg, datatype: float64}
# - {name: Moon Illumination, datatype: float64}
# delimiter: ','
# meta: !!omap
# - ida:
#     Data supplier: {affiliation: null, observer: Enric Marco}
#     Device type: TESS-W
#     Field of view: 17.0
#     Filters per channel: None
#     Instrument ID: stars75
#     License: ODbL 1.0 http://opendatacommons.org/licenses/odbl/summary/
#     Local timezone: Europe/Madrid
#     Location name: {country: Spain, place: Valencia, region: Valencian Community, sub_region: "Comarca de Val\xE8ncia", town: Valencia}
#     Measurement direction per channel: {azimuth: 0.0, zenital: 0.0}
#     Moving / Fixed look direction: FIXED
#     Moving / Stationary position: STATIONARY
#     Number of channels: 1
#     Number of fields per line: 8
#     Number of header lines: 35
#     Position: {height: 0.0, latitude: 39.478898, longitude: -0.376524}
#     TESS MAC address: 5C:CF:7F:82:8D:8B
#     TESS cover offset value: 0.0
#     TESS firmware version: Unknown
#     TESS zero point: 20.36
#     Time Synchronization: timestamp added by MQTT subscriber
#     URL: http://www.darksky.org/NSBM/sdf1.0.pdf
# - __serialized_columns__:
#     Enclosure Temperature:
#       __class__: astropy.units.quantity.Quantity
#       unit: &id001 !astropy.units.Unit {unit: deg_C}
#       value: !astropy.table.SerializedColumn {name: Enclosure Temperature}
#     Frequency:
#       __class__: astropy.units.quantity.Quantity
#       unit: !astropy.units.Unit {unit: Hz}
#       value: !astropy.table.SerializedColumn {name: Frequency}
#     MSAS:
#       __class__: astropy.units.quantity.Quantity
#       unit: !astropy.units.Unit {unit: mag / arcsec2}
#       value: !astropy.table.SerializedColumn {name: MSAS}
#     Moon Alt:
#       __class__: astropy.units.quantity.Quantity
#       unit: &id002 !astropy.units.Unit {unit: deg}
#       value: !astropy.table.SerializedColumn {name: Moon Alt}
#     Sky Temperature:
#       __class__: astropy.units.quantity.Quantity
#       unit: *id001
#       value: !astropy.table.SerializedColumn {name: Sky Temperature}
#     Sun Alt:
#       __class__: astropy.units.quantity.Quantity
#       unit: *id002
#       value: !astropy.table.SerializedColumn {name: Sun Alt}
#     time:
#       __class__: astropy.time.core.Time
#       format: isot
#       in_subfmt: '*'
#       out_subfmt: '*'
#       precision: 3
#       scale: utc
#       value: !astropy.table.SerializedColumn {name: time}
# schema: astropy-2.0
time,Enclosure Temperature,Sky Temperature,Frequency,MSAS,ZP,Sequence Number,Sun Alt,Moon Alt,Moon Illumination
[from data line 210]
2025-04-01T03:33:16.000,13.7,-6.08,5.83,18.45,20.36,9652,-25.02,-28.0,0.107
2025-04-01T03:34:16.000,13.71,-6.11,5.86,18.44,20.36,9653,-24.85,-28.0,0.107
2025-04-01T03:35:16.000,13.72,-6.03,5.85,18.44,20.36,9654,-24.68,-28.0,0.107
2025-04-01T03:36:16.000,13.76,-5.94,5.86,18.44,20.36,9655,-24.51,-28.0,0.107
2025-04-01T03:37:16.000,13.74,-6.1,5.86,18.44,20.36,9656,-24.34,-28.0,0.107
2025-04-01T03:38:16.000,13.69,-6.29,5.86,18.44,20.36,9657,-24.17,-27.0,0.107
2025-04-01T03:39:17.000,13.71,-6.03,5.89,18.43,20.36,9658,-24.0,-27.0,0.107
2025-04-01T03:40:17.000,13.75,-6.12,5.9,18.43,20.36,9659,-23.83,-27.0,0.108
2025-04-01T03:41:17.000,13.76,-6.2,5.9,18.43,20.36,9660,-23.66,-27.0,0.108
2025-04-01T03:42:17.000,13.75,-6.26,5.9,18.43,20.36,9661,-23.49,-27.0,0.108
2025-04-01T03:43:17.000,13.76,-6.19,5.9,18.43,20.36,9662,-23.32,-27.0,0.108
2025-04-01T03:44:17.000,13.79,-6.14,5.87,18.44,20.36,9663,-23.15,-27.0,0.108
2025-04-01T03:45:18.000,13.82,-6.11,5.85,18.44,20.36,9664,-22.98,-27.0,0.108
2025-04-01T03:47:18.000,13.87,-6.23,5.87,18.44,20.36,9666,-22.63,-27.0,0.108
2025-04-01T03:48:18.000,13.87,-6.24,5.88,18.44,20.36,9667,-22.46,-27.0,0.108
2025-04-01T03:49:18.000,13.87,-6.35,5.9,18.43,20.36,9668,-22.29,-27.0,0.108
2025-04-01T03:50:19.000,13.84,-6.39,5.92,18.43,20.36,9669,-22.11,-27.0,0.108
2025-04-01T03:52:19.000,13.86,-6.28,5.97,18.42,20.36,9671,-21.77,-27.0,0.108
2025-04-01T03:53:19.000,13.87,-6.32,6.0,18.41,20.36,9672,-21.59,-26.0,0.108
2025-04-01T03:54:19.000,13.84,-6.35,6.04,18.41,20.36,9673,-21.42,-26.0,0.108
2025-04-01T03:55:19.000,13.85,-6.32,6.07,18.4,20.36,9674,-21.25,-26.0,0.108
2025-04-01T03:56:19.000,13.86,-6.36,6.11,18.4,20.36,9675,-21.07,-26.0,0.108
2025-04-01T03:57:19.000,13.84,-6.56,6.1,18.4,20.36,9676,-20.9,-26.0,0.108
2025-04-01T03:58:19.000,13.82,-6.4,6.11,18.4,20.36,9677,-20.72,-26.0,0.108
2025-04-01T03:59:19.000,13.81,-6.46,6.1,18.4,20.36,9678,-20.55,-26.0,0.109
2025-04-01T04:00:20.000,13.78,-6.57,6.13,18.39,20.36,9679,-20.37,-26.0,0.109
2025-04-01T04:01:19.000,13.75,-6.55,6.15,18.39,20.36,9680,-20.2,-26.0,0.109
2025-04-01T04:02:19.000,13.73,-6.41,6.19,18.38,20.36,9681,-20.02,-26.0,0.109
2025-04-01T04:03:19.000,13.74,-6.37,6.21,18.38,20.36,9682,-19.84,-26.0,0.109
2025-04-01T04:04:20.000,13.69,-6.47,6.23,18.37,20.36,9683,-19.66,-26.0,0.109
2025-04-01T04:05:20.000,13.68,-6.41,6.23,18.37,20.36,9684,-19.49,-26.0,0.109
2025-04-01T04:06:20.000,13.64,-6.34,6.25,18.37,20.36,9685,-19.31,-25.0,0.109
2025-04-01T04:07:20.000,13.67,-6.23,6.25,18.37,20.36,9686,-19.13,-25.0,0.109
2025-04-01T04:08:20.000,13.65,-6.34,6.26,18.37,20.36,9687,-18.96,-25.0,0.109
2025-04-01T04:09:20.000,13.63,-6.2,6.3,18.36,20.36,9688,-18.78,-25.0,0.109
2025-04-01T04:10:20.000,13.67,-6.18,6.28,18.37,20.36,9689,-18.6,-25.0,0.109
2025-04-01T04:11:20.000,13.63,-6.27,6.27,18.37,20.36,9690,-18.42,-25.0,0.109
2025-04-01T04:12:20.000,13.63,-6.16,6.28,18.36,20.36,9691,-18.24,-25.0,0.109
2025-04-01T04:13:21.000,13.62,-6.25,6.29,18.36,20.36,9692,-18.06,-25.0,0.109
2025-04-01T04:14:20.000,13.57,-6.4,6.31,18.36,20.36,9693,-17.89,-25.0,0.109
2025-04-01T04:15:20.000,13.57,-6.15,6.32,18.36,20.36,9694,-17.71,-25.0,0.109
2025-04-01T04:16:21.000,13.6,-6.14,6.36,18.35,20.36,9695,-17.52,-25.0,0.109
2025-04-01T04:17:21.000,13.59,-6.18,6.37,18.35,20.36,9696,-17.34,-25.0,0.109
2025-04-01T04:18:21.000,13.59,-6.17,6.35,18.35,20.36,9697,-17.17,-24.0,0.11
2025-04-01T04:19:21.000,13.57,-6.32,6.37,18.35,20.36,9698,-16.98,-24.0,0.11
2025-04-01T04:20:21.000,13.55,-6.23,6.37,18.35,20.36,9699,-16.8,-24.0,0.11
2025-04-01T04:21:22.000,13.55,-6.22,6.41,18.34,20.36,9700,-16.62,-24.0,0.11
2025-04-01T04:22:21.000,13.59,-6.0,6.39,18.35,20.36,9701,-16.44,-24.0,0.11
2025-04-01T04:23:21.000,13.56,-6.29,6.46,18.33,20.36,9702,-16.26,-24.0,0.11
2025-04-01T04:24:21.000,13.51,-6.35,6.43,18.34,20.36,9703,-16.08,-24.0,0.11
2025-04-01T04:25:21.000,13.49,-6.38,6.51,18.33,20.36,9704,-15.9,-24.0,0.11
2025-04-01T04:26:21.000,13.5,-6.32,6.58,18.32,20.36,9705,-15.72,-24.0,0.11
2025-04-01T04:27:21.000,13.47,-6.42,6.6,18.31,20.36,9706,-15.54,-24.0,0.11
2025-04-01T04:28:22.000,13.46,-6.48,6.63,18.31,20.36,9707,-15.35,-24.0,0.11
2025-04-01T04:29:22.000,13.4,-6.66,6.76,18.29,20.36,9708,-15.17,-23.0,0.11
2025-04-01T04:30:22.000,13.38,-6.47,6.78,18.28,20.36,9709,-14.99,-23.0,0.11
2025-04-01T04:31:22.000,13.28,-6.88,6.83,18.28,20.36,9710,-14.8,-23.0,0.11
2025-04-01T04:32:22.000,13.25,-6.74,6.86,18.27,20.36,9711,-14.62,-23.0,0.11
2025-04-01T04:33:22.000,13.25,-6.62,6.85,18.27,20.36,9712,-14.44,-23.0,0.11
2025-04-01T04:34:22.000,13.27,-6.54,6.84,18.27,20.36,9713,-14.26,-23.0,0.11
2025-04-01T04:35:22.000,13.25,-6.57,6.94,18.26,20.36,9714,-14.07,-23.0,0.11
2025-04-01T04:36:22.000,13.27,-6.56,6.94,18.26,20.36,9715,-13.89,-23.0,0.11
2025-04-01T04:37:22.000,13.27,-6.39,6.97,18.25,20.36,9716,-13.71,-23.0,0.111
2025-04-01T04:38:22.000,13.29,-6.33,7.06,18.24,20.36,9717,-13.52,-23.0,0.111
2025-04-01T04:39:22.000,13.29,-6.37,7.24,18.21,20.36,9718,-13.34,-22.0,0.111
2025-04-01T04:40:22.000,13.26,-6.66,7.16,18.23,20.36,9719,-13.15,-22.0,0.111
2025-04-01T04:41:22.000,13.17,-6.88,7.29,18.2,20.36,9720,-12.97,-22.0,0.111
2025-04-01T04:42:22.000,13.13,-6.83,7.36,18.19,20.36,9721,-12.78,-22.0,0.111
2025-04-01T04:43:22.000,13.15,-6.73,7.45,18.18,20.36,9722,-12.6,-22.0,0.111
2025-04-01T04:44:22.000,13.1,-6.79,7.59,18.16,20.36,9723,-12.41,-22.0,0.111
2025-04-01T04:45:23.000,13.11,-6.64,7.71,18.14,20.36,9724,-12.23,-22.0,0.111
2025-04-01T04:46:23.000,13.03,-7.2,7.89,18.12,20.36,9725,-12.04,-22.0,0.111
2025-04-01T04:47:23.000,12.99,-6.85,8.08,18.09,20.36,9726,-11.86,-22.0,0.111
2025-04-01T04:48:23.000,12.95,-7.0,8.27,18.07,20.36,9727,-11.67,-21.0,0.111
2025-04-01T04:51:32.000,12.99,-6.63,9.38,17.93,20.36,9730,-11.08,-21.0,0.111
2025-04-01T04:52:33.000,12.99,-6.73,9.83,17.88,20.36,9731,-10.9,-21.0,0.111
2025-04-01T04:53:33.000,12.91,-6.85,10.36,17.82,20.36,9732,-10.71,-21.0,0.111
2025-04-01T04:54:36.000,12.87,-6.8,11.04,17.75,20.36,9733,-10.51,-21.0,0.111
2025-04-01T04:55:35.000,12.87,-6.77,11.84,17.68,20.36,9734,-10.33,-21.0,0.111
2025-04-01T04:56:35.000,12.88,-6.53,12.79,17.59,20.36,9735,-10.14,-21.0,0.112
2025-04-01T04:57:35.000,12.87,-6.6,14.04,17.49,20.36,9736,-9.96,-20.0,0.112
2025-04-01T04:58:35.000,12.9,-6.38,15.57,17.38,20.36,9737,-9.77,-20.0,0.112
2025-04-01T04:59:35.000,12.9,-6.58,17.77,17.24,20.36,9738,-9.58,-20.0,0.112
2025-04-01T05:00:35.000,12.87,-6.61,19.51,17.14,20.36,9739,-9.39,-20.0,0.112
2025-04-01T05:01:36.000,12.87,-6.57,22.11,17.0,20.36,9740,-9.2,-20.0,0.112
2025-04-01T05:02:36.000,12.88,-6.47,25.23,16.86,20.36,9741,-9.02,-20.0,0.112
2025-04-01T05:03:36.000,12.9,-6.56,28.95,16.71,20.36,9742,-8.83,-20.0,0.112
2025-04-01T05:04:36.000,12.88,-6.61,33.45,16.55,20.36,9743,-8.64,-20.0,0.112
2025-04-01T05:05:36.000,12.88,-6.44,39.24,16.38,20.36,9744,-8.45,-20.0,0.112
2025-04-01T05:06:36.000,12.89,-6.6,44.86,16.23,20.36,9745,-8.26,-19.0,0.112
2025-04-01T05:07:36.000,12.85,-6.55,52.92,16.05,20.36,9746,-8.08,-19.0,0.112
2025-04-01T05:08:36.000,12.87,-6.42,64.18,15.84,20.36,9747,-7.89,-19.0,0.112
2025-04-01T05:09:36.000,12.9,-6.28,77.05,15.64,20.36,9748,-7.7,-19.0,0.112
2025-04-01T05:10:36.000,12.91,-6.34,92.94,15.44,20.36,9749,-7.51,-19.0,0.112
2025-04-01T05:11:36.000,12.9,-6.42,112.41,15.23,20.36,9750,-7.32,-19.0,0.112
2025-04-01T05:12:36.000,12.89,-6.31,136.76,15.02,20.36,9751,-7.13,-19.0,0.112
2025-04-01T05:13:36.000,12.9,-6.36,167.84,14.8,20.36,9752,-6.94,-19.0,0.112
2025-04-01T05:14:36.000,12.89,-6.45,206.34,14.58,20.36,9753,-6.75,-18.0,0.113
2025-04-01T05:15:36.000,12.92,-6.28,254.13,14.35,20.36,9754,-6.57,-18.0,0.113
2025-04-01T05:16:36.000,12.94,-6.32,314.22,14.12,20.36,9755,-6.38,-18.0,0.113
2025-04-01T05:17:36.000,12.95,-6.25,390.85,13.88,20.36,9756,-6.19,-18.0,0.113
2025-04-01T05:18:37.000,12.93,-6.55,489.93,13.64,20.36,9757,-5.99,-18.0,0.113
2025-04-01T05:19:37.000,12.9,-6.65,620.67,13.38,20.36,9758,-5.8,-18.0,0.113
2025-04-01T05:20:37.000,12.9,-6.42,792.25,13.12,20.36,9759,-5.61,-18.0,0.113
2025-04-01T05:21:37.000,12.96,-6.19,1016.97,12.84,20.36,9760,-5.42,-18.0,0.113
2025-04-01T05:22:37.000,13.01,-6.08,1315.87,12.57,20.36,9761,-5.23,-18.0,0.113
2025-04-01T05:23:37.000,13.03,-6.12,1706.52,12.28,20.36,9762,-5.04,-17.0,0.113
2025-04-01T05:24:37.000,13.02,-6.25,2205.37,12.0,20.36,9763,-4.85,-17.0,0.113
2025-04-01T05:25:37.000,13.0,-6.37,2840.96,11.73,20.36,9764,-4.66,-17.0,0.113
2025-04-01T05:26:37.000,12.95,-6.52,3637.19,11.46,20.36,9765,-4.47,-17.0,0.113
2025-04-01T05:27:37.000,12.97,-6.36,4622.73,11.2,20.36,9766,-4.28,-17.0,0.113
2025-04-01T05:28:37.000,13.0,-6.3,5825.42,10.95,20.36,9767,-4.09,-17.0,0.113
2025-04-01T05:29:37.000,13.02,-6.3,7272.31,10.71,20.36,9768,-3.9,-17.0,0.113
2025-04-01T05:30:37.000,13.06,-6.25,9026.49,10.47,20.36,9769,-3.71,-17.0,0.113
2025-04-01T05:31:38.000,13.04,-6.41,11142.09,10.24,20.36,9770,-3.52,-16.0,0.113
2025-04-01T05:32:38.000,13.05,-6.32,13649.22,10.02,20.36,9771,-3.33,-16.0,0.113
2025-04-01T05:33:38.000,13.1,-6.22,16576.45,9.81,20.36,9772,-3.14,-16.0,0.114
2025-04-01T05:34:38.000,13.11,-6.3,19920.16,9.61,20.36,9773,-2.94,-16.0,0.114
2025-04-01T05:35:38.000,13.11,-6.41,23815.6,9.42,20.36,9774,-2.75,-16.0,0.114
2025-04-01T05:36:38.000,13.13,-6.33,27658.51,9.42,20.36,9775,-2.56,-16.0,0.114
2025-04-01T05:37:38.000,13.15,-6.38,33243.21,9.06,20.36,9776,-2.37,-16.0,0.114
2025-04-01T05:38:38.000,13.15,-6.43,38745.68,8.89,20.36,9777,-2.18,-15.0,0.114
2025-04-01T05:39:38.000,13.13,-6.51,44864.49,8.73,20.36,9778,-1.99,-15.0,0.114
2025-04-01T05:40:38.000,13.13,-6.55,51604.86,8.58,20.36,9779,-1.8,-15.0,0.114
2025-04-01T05:41:38.000,13.12,-6.58,58924.9,8.44,20.36,9780,-1.61,-15.0,0.114
2025-04-01T05:42:38.000,13.12,-6.52,17036.27,2.23,20.36,9781,-1.41,-15.0,0.114
2025-04-01T05:43:38.000,13.11,-6.65,0.0,0.0,20.36,9782,-1.22,-15.0,0.114
2025-04-01T05:44:38.000,13.12,-6.5,0.0,0.0,20.36,9783,-1.03,-15.0,0.114
2025-04-01T05:45:38.000,13.14,-6.55,0.0,0.0,20.36,9784,-0.84,-15.0,0.114
2025-04-01T06:03:47.000,13.52,-6.62,0.0,0.0,20.36,9802,2.65,-12.0,0.115
2025-04-01T06:04:47.000,13.63,-6.33,0.0,0.0,20.36,9803,2.84,-12.0,0.115
2025-04-01T06:05:47.000,13.76,-6.31,0.0,0.0,20.36,9804,3.04,-12.0,0.115
2025-04-01T06:07:48.000,13.91,-6.22,0.0,0.0,20.36,9806,3.43,-11.0,0.115
2025-04-01T06:08:48.000,14.01,-6.35,0.0,0.0,20.36,9807,3.62,-11.0,0.115
2025-04-01T06:09:48.000,14.14,-6.08,0.0,0.0,20.36,9808,3.81,-11.0,0.115
2025-04-01T06:10:48.000,14.25,-6.05,0.13,0.09,20.36,9809,4.01,-11.0,0.116
2025-04-01T06:11:48.000,14.37,-6.15,0.0,0.0,20.36,9810,4.2,-11.0,0.116
2025-04-01T06:12:48.000,14.47,-5.93,0.0,0.0,20.36,9811,4.39,-11.0,0.116
2025-04-01T06:13:49.000,14.57,-6.24,0.0,0.0,20.36,9812,4.59,-11.0,0.116
2025-04-01T06:50:50.000,17.87,-5.93,0.0,0.0,20.36,9849,11.73,-5.0,0.118
2025-04-01T06:51:50.000,17.85,-5.71,0.0,0.0,20.36,9850,11.93,-5.0,0.118
2025-04-01T06:52:50.000,17.86,-5.88,0.0,0.0,20.36,9851,12.12,-5.0,0.118
2025-04-01T06:54:50.000,18.16,-5.34,0.0,0.0,20.36,9853,12.51,-4.0,0.118
2025-04-01T06:55:50.000,18.11,-5.92,0.0,0.0,20.36,9854,12.7,-4.0,0.118
2025-04-01T06:56:51.000,18.16,-5.58,0.0,0.0,20.36,9855,12.89,-4.0,0.118
2025-04-01T07:14:52.000,21.04,-4.48,0.0,0.0,20.36,9873,16.35,-1.0,0.119
2025-04-01T07:15:52.000,20.89,-4.81,0.0,0.0,20.36,9874,16.55,-1.0,0.119
2025-04-01T07:16:52.000,20.86,-4.82,0.0,0.0,20.36,9875,16.74,-1.0,0.119
2025-04-01T07:18:52.000,20.96,-3.55,0.0,0.0,20.36,9877,17.12,-0.0,0.119
2025-04-01T07:19:52.000,21.14,-4.14,0.0,0.0,20.36,9878,17.31,-0.0,0.119
2025-04-01T07:20:52.000,21.28,-3.58,0.0,0.0,20.36,9879,17.5,-0.0,0.119
2025-04-01T07:21:52.000,21.52,-3.32,0.0,0.0,20.36,9880,17.69,0.0,0.119
2025-04-01T07:22:52.000,21.87,-2.52,0.0,0.0,20.36,9881,17.88,0.0,0.119
2025-04-01T07:24:52.000,22.6,-2.87,0.0,0.0,20.36,9883,18.27,1.0,0.12
2025-04-01T07:25:52.000,22.75,-2.87,0.0,0.0,20.36,9884,18.46,1.0,0.12
2025-04-01T07:26:52.000,22.96,-2.69,0.0,0.0,20.36,9885,18.65,1.0,0.12
2025-04-01T07:27:52.000,23.08,-3.17,0.0,0.0,20.36,9886,18.84,1.0,0.12
2025-04-01T07:28:52.000,22.93,-3.86,0.0,0.0,20.36,9887,19.03,1.0,0.12
2025-04-01T07:30:53.000,23.21,-2.97,0.0,0.0,20.36,9889,19.41,2.0,0.12
2025-04-01T07:31:53.000,23.41,-2.38,0.0,0.0,20.36,9890,19.6,2.0,0.12
2025-04-01T07:32:53.000,23.74,-1.76,0.0,0.0,20.36,9891,19.79,2.0,0.12
2025-04-01T07:33:53.000,23.76,-3.65,0.0,0.0,20.36,9892,19.98,2.0,0.12
2025-04-01T07:34:53.000,23.54,-3.6,0.0,0.0,20.36,9893,20.17,2.0,0.12
2025-04-01T07:36:53.000,23.3,-3.24,0.0,0.0,20.36,9895,20.55,3.0,0.12
2025-04-01T07:37:53.000,23.5,-2.5,0.0,0.0,20.36,9896,20.74,3.0,0.12
2025-04-01T07:38:53.000,23.64,-2.68,0.0,0.0,20.36,9897,20.93,3.0,0.12
2025-04-01T07:39:53.000,23.86,-1.97,0.0,0.0,20.36,9898,21.12,3.0,0.12
2025-04-01T07:40:53.000,24.06,-2.36,0.0,0.0,20.36,9899,21.31,3.0,0.12
2025-04-01T07:42:53.000,24.4,-2.59,0.0,0.0,20.36,9901,21.68,4.0,0.121
2025-04-01T07:43:53.000,24.3,-2.43,0.0,0.0,20.36,9902,21.87,4.0,0.121
2025-04-01T07:45:54.000,24.2,-2.43,0.0,0.0,20.36,9904,22.25,4.0,0.121
2025-04-01T07:46:54.000,24.29,-2.5,0.0,0.0,20.36,9905,22.44,4.0,0.121
2025-04-01T07:47:54.000,24.48,-2.16,0.0,0.0,20.36,9906,22.63,4.0,0.121
2025-04-01T07:48:54.000,24.79,-1.65,0.0,0.0,20.36,9907,22.82,5.0,0.121
2025-04-01T07:51:54.000,25.38,-1.5,0.0,0.0,20.36,9910,23.38,5.0,0.121
2025-04-01T07:52:54.000,25.63,-0.87,0.0,0.0,20.36,9911,23.57,5.0,0.121
2025-04-01T07:53:54.000,26.02,-1.12,0.0,0.0,20.36,9912,23.75,5.0,0.121
2025-04-01T07:56:54.000,26.41,-1.63,0.0,0.0,20.36,9915,24.32,6.0,0.121
2025-04-01T07:57:54.000,26.55,-0.92,0.0,0.0,20.36,9916,24.5,6.0,0.121
2025-04-01T07:58:54.000,26.7,-1.86,0.0,0.0,20.36,9917,24.69,6.0,0.121
2025-04-01T08:00:54.000,26.93,-0.5,0.0,0.0,20.36,9919,25.06,7.0,0.121
2025-04-01T08:01:54.000,27.21,-0.49,0.0,0.0,20.36,9920,25.25,7.0,0.122
2025-04-01T08:02:55.000,27.36,-0.52,0.0,0.0,20.36,9921,25.44,7.0,0.122
2025-04-01T08:03:55.000,27.59,-0.58,0.0,0.0,20.36,9922,25.62,7.0,0.122
2025-04-01T08:05:55.000,27.81,-0.11,0.0,0.0,20.36,9924,25.99,7.0,0.122
2025-04-01T08:06:55.000,27.97,-0.29,0.0,0.0,20.36,9925,26.18,8.0,0.122
2025-04-01T08:07:55.000,28.12,-0.15,0.0,0.0,20.36,9926,26.36,8.0,0.122
2025-04-01T08:10:55.000,28.16,-0.48,0.0,0.0,20.36,9929,26.92,8.0,0.122
2025-04-01T08:11:55.000,28.2,0.12,0.0,0.0,20.36,9930,27.1,9.0,0.122
2025-04-01T08:12:55.000,28.42,-0.23,0.0,0.0,20.36,9931,27.29,9.0,0.122
2025-04-01T08:14:55.000,28.4,0.06,0.0,0.0,20.36,9933,27.65,9.0,0.122
2025-04-01T08:15:55.000,28.45,-0.43,0.0,0.0,20.36,9934,27.84,9.0,0.122
2025-04-01T08:16:55.000,28.46,-0.23,0.0,0.0,20.36,9935,28.02,9.0,0.122
2025-04-01T08:18:56.000,28.68,0.26,0.0,0.0,20.36,9937,28.39,10.0,0.122
2025-04-01T08:20:56.000,28.88,0.1,0.0,0.0,20.36,9939,28.75,10.0,0.123
2025-04-01T08:21:56.000,28.85,-0.06,0.0,0.0,20.36,9940,28.94,10.0,0.123
2025-04-01T08:22:56.000,28.96,0.49,0.0,0.0,20.36,9941,29.12,10.0,0.123
2025-04-01T08:23:56.000,29.14,0.75,0.0,0.0,20.36,9942,29.3,11.0,0.123
2025-04-01T08:25:56.000,29.4,0.11,0.0,0.0,20.36,9944,29.66,11.0,0.123
2025-04-01T08:28:56.000,29.8,1.75,0.0,0.0,20.36,9947,30.2,12.0,0.123
2025-04-01T08:29:56.000,30.07,1.55,0.0,0.0,20.36,9948,30.38,12.0,0.123
2025-04-01T08:30:56.000,30.19,1.5,0.0,0.0,20.36,9949,30.56,12.0,0.123
2025-04-01T08:31:56.000,30.58,2.14,0.0,0.0,20.36,9950,30.74,12.0,0.123
2025-04-01T08:34:57.000,30.41,1.31,0.0,0.0,20.36,9953,31.29,13.0,0.123
2025-04-01T08:35:57.000,30.7,2.06,0.0,0.0,20.36,9954,31.46,13.0,0.123
2025-04-01T08:36:57.000,30.69,0.61,0.0,0.0,20.36,9955,31.64,13.0,0.123
2025-04-01T08:38:57.000,30.52,1.38,0.0,0.0,20.36,9957,32.0,13.0,0.124
2025-04-01T08:39:57.000,30.35,0.34,0.0,0.0,20.36,9958,32.18,13.0,0.124
2025-04-01T08:40:57.000,30.33,1.24,0.0,0.0,20.36,9959,32.36,14.0,0.124
2025-04-01T08:41:57.000,30.27,0.75,0.0,0.0,20.36,9960,32.53,14.0,0.124
2025-04-01T08:42:57.000,30.08,0.47,0.0,0.0,20.36,9961,32.71,14.0,0.124
2025-04-01T08:47:57.000,30.01,0.49,0.0,0.0,20.36,9966,33.59,15.0,0.124
2025-04-01T08:48:57.000,29.64,-0.61,0.0,0.0,20.36,9967,33.76,15.0,0.124
2025-04-01T08:49:57.000,29.52,0.99,0.0,0.0,20.36,9968,33.94,15.0,0.124
