ecsv/stars75/stars75_2024-04.ecsv
# %ECSV 1.0
# ---
# datatype:
# - {name: time, datatype: string}
# - {name: Enclosure Temperature, unit: deg_C, datatype: float64}
# - {name: Sky Temperature, unit: deg_C, datatype: float64}
# - {name: Frequency, unit: Hz, datatype: float64}
# - {name: MSAS, unit: mag / arcsec2, datatype: float64}
# - {name: ZP, datatype: float64}
# - {name: Sequence Number, datatype: int64}
# - {name: Sun Alt, unit: deg, datatype: float64}
# - {name: Moon Alt, unit: deg, datatype: float64}
# - {name: Moon Illumination, datatype: float64}
# delimiter: ','
# meta: !!omap
# - ida:
#     Data supplier: {affiliation: null, observer: Enric Marco}
#     Device type: TESS-W
#     Field of view: 17.0
#     Filters per channel: None
#     Instrument ID: stars75
#     License: ODbL 1.0 http://opendatacommons.org/licenses/odbl/summary/
#     Local timezone: Europe/Madrid
#     Location name: {country: '- Valencia', place: Valencia, region: Spain, sub_region: Valencian Community, town: "Comarca de Val\xE8\
#         ncia"}
#     Measurement direction per channel: {azimuth: 0.0, zenital: 0.0}
#     Moving / Fixed look direction: FIXED
#     Moving / Stationary position: STATIONARY
#     Number of channels: 1
#     Number of fields per line: 8
#     Number of header lines: 35
#     Position: {height: 0.0, latitude: 39.478898, longitude: -0.376524}
#     TESS MAC address: 5C:CF:7F:82:8D:8B
#     TESS cover offset value: 0.0
#     TESS firmware version: Unknown
#     TESS zero point: 20.36
#     Time Synchronization: timestamp added by MQTT subscriber
#     URL: http://www.darksky.org/NSBM/sdf1.0.pdf
# - __serialized_columns__:
#     Enclosure Temperature:
#       __class__: astropy.units.quantity.Quantity
#       unit: &id001 !astropy.units.Unit {unit: deg_C}
#       value: !astropy.table.SerializedColumn {name: Enclosure Temperature}
#     Frequency:
#       __class__: astropy.units.quantity.Quantity
#       unit: !astropy.units.Unit {unit: Hz}
#       value: !astropy.table.SerializedColumn {name: Frequency}
#     MSAS:
#       __class__: astropy.units.quantity.Quantity
#       unit: !astropy.units.Unit {unit: mag / arcsec2}
#       value: !astropy.table.SerializedColumn {name: MSAS}
#     Moon Alt:
#       __class__: astropy.units.quantity.Quantity
#       unit: &id002 !astropy.units.Unit {unit: deg}
#       value: !astropy.table.SerializedColumn {name: Moon Alt}
#     Sky Temperature:
#       __class__: astropy.units.quantity.Quantity
#       unit: *id001
#       value: !astropy.table.SerializedColumn {name: Sky Temperature}
#     Sun Alt:
#       __class__: astropy.units.quantity.Quantity
#       unit: *id002
#       value: !astropy.table.SerializedColumn {name: Sun Alt}
#     time:
#       __class__: astropy.time.core.Time
#       format: isot
#       in_subfmt: '*'
#       out_subfmt: '*'
#       precision: 3
#       scale: utc
#       value: !astropy.table.SerializedColumn {name: time}
# schema: astropy-2.0
time,Enclosure Temperature,Sky Temperature,Frequency,MSAS,ZP,Sequence Number,Sun Alt,Moon Alt,Moon Illumination
[from data line 7857]
2024-04-16T02:45:39.000,18.36,2.35,8.19,18.08,20.36,10495,-27.33,-7.0,0.532
2024-04-16T02:46:39.000,18.32,2.31,8.17,18.08,20.36,10496,-27.19,-7.0,0.532
2024-04-16T02:47:39.000,18.31,2.26,8.17,18.08,20.36,10497,-27.05,-7.0,0.533
2024-04-16T02:48:39.000,18.3,2.35,8.16,18.08,20.36,10498,-26.91,-7.0,0.533
2024-04-16T02:49:39.000,18.3,2.28,8.16,18.08,20.36,10499,-26.77,-7.0,0.533
2024-04-16T03:50:32.000,17.84,2.08,8.22,18.08,20.36,10500,-17.26,-15.0,0.537
2024-04-16T03:51:32.000,17.67,2.06,8.69,18.01,20.36,10501,-17.09,-16.0,0.537
2024-04-16T03:52:32.000,17.68,2.02,8.81,18.0,20.36,10502,-16.92,-16.0,0.537
2024-04-16T03:53:32.000,17.71,2.01,9.03,17.97,20.36,10503,-16.75,-16.0,0.537
2024-04-16T03:54:32.000,17.74,1.99,8.99,17.98,20.36,10504,-16.59,-16.0,0.537
2024-04-16T03:55:32.000,17.76,1.9,9.1,17.96,20.36,10505,-16.42,-16.0,0.537
2024-04-16T03:56:32.000,17.78,1.93,9.13,17.96,20.36,10506,-16.25,-16.0,0.537
2024-04-16T03:57:32.000,17.82,1.98,8.98,17.98,20.36,10507,-16.08,-16.0,0.537
2024-04-16T03:58:32.000,17.84,1.98,8.99,17.98,20.36,10508,-15.91,-16.0,0.537
2024-04-16T03:59:32.000,17.86,1.92,9.06,17.97,20.36,10509,-15.74,-16.0,0.537
2024-04-16T04:00:32.000,17.86,1.94,9.05,17.97,20.36,10510,-15.57,-17.0,0.537
2024-04-16T04:01:33.000,17.87,1.9,9.06,17.97,20.36,10511,-15.39,-17.0,0.538
2024-04-16T04:02:33.000,17.84,1.67,8.98,17.98,20.36,10512,-15.22,-17.0,0.538
2024-04-16T04:03:33.000,17.82,1.78,9.15,17.96,20.36,10513,-15.05,-17.0,0.538
2024-04-16T04:04:33.000,17.84,1.75,8.82,18.0,20.36,10514,-14.88,-17.0,0.538
2024-04-16T04:05:33.000,17.85,1.92,8.81,18.0,20.36,10515,-14.71,-17.0,0.538
2024-04-16T04:06:33.000,17.87,1.85,8.8,18.0,20.36,10516,-14.54,-17.0,0.538
2024-04-16T04:07:33.000,17.87,1.9,8.82,18.0,20.36,10517,-14.36,-17.0,0.538
2024-04-16T04:08:33.000,17.85,1.74,8.86,17.99,20.36,10518,-14.19,-17.0,0.538
2024-04-16T04:09:33.000,17.86,1.91,9.01,17.97,20.36,10519,-14.02,-18.0,0.538
2024-04-16T04:10:33.000,17.85,1.81,9.08,17.97,20.36,10520,-13.85,-18.0,0.538
2024-04-16T04:11:33.000,17.81,1.71,9.1,17.96,20.36,10521,-13.67,-18.0,0.538
2024-04-16T04:12:33.000,17.85,1.92,9.13,17.96,20.36,10522,-13.5,-18.0,0.538
2024-04-16T04:13:33.000,17.85,1.85,9.16,17.96,20.36,10523,-13.32,-18.0,0.538
2024-04-16T04:14:33.000,17.84,1.81,9.21,17.95,20.36,10524,-13.15,-18.0,0.538
2024-04-16T04:15:33.000,17.85,1.91,9.3,17.94,20.36,10525,-12.98,-18.0,0.539
2024-04-16T04:16:33.000,17.81,1.65,9.38,17.93,20.36,10526,-12.8,-18.0,0.539
2024-04-16T04:17:34.000,17.77,1.58,9.45,17.92,20.36,10527,-12.62,-18.0,0.539
2024-04-16T04:18:34.000,17.76,1.78,9.57,17.91,20.36,10528,-12.45,-19.0,0.539
2024-04-16T04:19:34.000,17.76,1.66,9.69,17.9,20.36,10529,-12.27,-19.0,0.539
2024-04-16T04:20:34.000,17.76,1.72,9.87,17.88,20.36,10530,-12.1,-19.0,0.539
2024-04-16T04:21:34.000,17.73,1.66,10.0,17.86,20.36,10531,-11.92,-19.0,0.539
2024-04-16T04:22:34.000,17.71,1.66,10.19,17.84,20.36,10532,-11.74,-19.0,0.539
2024-04-16T04:23:34.000,17.7,1.6,10.33,17.83,20.36,10533,-11.57,-19.0,0.539
2024-04-16T04:24:34.000,17.72,1.89,10.69,17.79,20.36,10534,-11.39,-19.0,0.539
2024-04-16T04:25:34.000,17.74,1.82,10.99,17.76,20.36,10535,-11.21,-19.0,0.539
2024-04-16T04:26:34.000,17.74,1.9,11.35,17.72,20.36,10536,-11.04,-19.0,0.539
2024-04-16T04:27:34.000,17.74,1.94,11.69,17.69,20.36,10537,-10.86,-19.0,0.539
2024-04-16T04:28:34.000,17.69,1.56,12.2,17.64,20.36,10538,-10.68,-20.0,0.539
2024-04-16T04:29:34.000,17.68,1.82,12.94,17.58,20.36,10539,-10.5,-20.0,0.539
2024-04-16T04:30:34.000,17.71,1.99,13.74,17.52,20.36,10540,-10.32,-20.0,0.54
2024-04-16T04:31:34.000,17.69,1.76,14.48,17.46,20.36,10541,-10.15,-20.0,0.54
2024-04-16T04:32:34.000,17.69,1.9,15.37,17.39,20.36,10542,-9.97,-20.0,0.54
2024-04-16T04:33:34.000,17.67,1.89,16.82,17.3,20.36,10543,-9.79,-20.0,0.54
2024-04-16T04:34:35.000,17.67,1.9,18.42,17.2,20.36,10544,-9.61,-20.0,0.54
2024-04-16T04:35:35.000,17.62,1.77,20.03,17.11,20.36,10545,-9.43,-20.0,0.54
2024-04-16T04:36:35.000,17.63,1.9,22.29,16.99,20.36,10546,-9.25,-20.0,0.54
2024-04-16T04:37:35.000,17.63,1.88,25.03,16.86,20.36,10547,-9.07,-20.0,0.54
2024-04-16T04:38:35.000,17.62,1.85,28.1,16.74,20.36,10548,-8.89,-20.0,0.54
2024-04-16T04:39:35.000,17.62,1.92,31.99,16.6,20.36,10549,-8.71,-21.0,0.54
2024-04-16T04:40:35.000,17.63,1.94,37.01,16.44,20.36,10550,-8.53,-21.0,0.54
2024-04-16T04:41:35.000,17.62,1.84,43.07,16.28,20.36,10551,-8.35,-21.0,0.54
2024-04-16T04:42:35.000,17.6,1.82,48.93,16.14,20.36,10552,-8.17,-21.0,0.54
2024-04-16T04:43:35.000,17.56,1.76,59.23,15.93,20.36,10553,-7.99,-21.0,0.54
2024-04-16T04:44:35.000,17.54,1.77,70.5,15.74,20.36,10554,-7.8,-21.0,0.54
2024-04-16T04:45:35.000,17.53,1.74,84.36,15.55,20.36,10555,-7.62,-21.0,0.541
2024-04-16T04:46:35.000,17.52,1.73,102.02,15.34,20.36,10556,-7.44,-21.0,0.541
2024-04-16T04:47:35.000,17.52,1.8,124.02,15.13,20.36,10557,-7.26,-21.0,0.541
2024-04-16T04:48:35.000,17.52,1.79,151.06,14.91,20.36,10558,-7.08,-21.0,0.541
2024-04-16T04:49:36.000,17.5,1.72,185.37,14.69,20.36,10559,-6.89,-21.0,0.541
2024-04-16T04:50:36.000,17.47,1.59,227.71,14.47,20.36,10560,-6.71,-22.0,0.541
2024-04-16T04:51:36.000,17.44,1.64,280.76,14.24,20.36,10561,-6.53,-22.0,0.541
2024-04-16T04:52:36.000,17.42,1.58,347.73,14.01,20.36,10562,-6.35,-22.0,0.541
2024-04-16T04:53:36.000,17.41,1.6,432.58,13.77,20.36,10563,-6.16,-22.0,0.541
2024-04-16T04:54:36.000,17.43,1.62,539.12,13.53,20.36,10564,-5.98,-22.0,0.541
2024-04-16T04:55:36.000,17.45,1.62,672.72,13.29,20.36,10565,-5.8,-22.0,0.541
2024-04-16T04:56:36.000,17.5,1.72,842.58,13.05,20.36,10566,-5.61,-22.0,0.541
2024-04-16T04:57:36.000,17.5,1.68,1058.92,12.8,20.36,10567,-5.43,-22.0,0.541
2024-04-16T04:58:36.000,17.47,1.49,1332.38,12.55,20.36,10568,-5.25,-22.0,0.541
2024-04-16T04:59:36.000,17.47,1.6,1681.31,12.3,20.36,10569,-5.06,-22.0,0.542
2024-04-16T05:00:36.000,17.47,1.55,2121.26,12.05,20.36,10570,-4.88,-22.0,0.542
2024-04-16T05:01:36.000,17.42,1.35,2670.2,11.8,20.36,10571,-4.69,-22.0,0.542
2024-04-16T05:02:36.000,17.4,1.48,3359.96,11.55,20.36,10572,-4.51,-23.0,0.542
2024-04-16T05:03:36.000,17.41,1.55,4213.62,11.3,20.36,10573,-4.33,-23.0,0.542
2024-04-16T05:04:36.000,17.43,1.52,5263.82,11.06,20.36,10574,-4.14,-23.0,0.542
2024-04-16T05:05:37.000,17.4,1.46,6544.85,10.82,20.36,10575,-3.95,-23.0,0.542
2024-04-16T05:06:37.000,17.39,1.4,8084.29,10.59,20.36,10576,-3.77,-23.0,0.542
2024-04-16T05:07:37.000,17.38,1.5,9940.76,10.37,20.36,10577,-3.58,-23.0,0.542
2024-04-16T05:08:37.000,17.4,1.58,12154.4,10.15,20.36,10578,-3.4,-23.0,0.542
2024-04-16T05:09:37.000,17.41,1.52,14757.31,9.94,20.36,10579,-3.21,-23.0,0.542
2024-04-16T05:10:37.000,17.43,1.57,17776.38,9.74,20.36,10580,-3.03,-23.0,0.542
2024-04-16T05:11:37.000,17.45,1.56,21243.55,9.54,20.36,10581,-2.84,-23.0,0.542
2024-04-16T05:12:37.000,17.43,1.5,24889.55,9.44,20.36,10582,-2.65,-23.0,0.542
2024-04-16T05:13:37.000,17.45,1.58,29635.69,9.18,20.36,10583,-2.47,-23.0,0.542
2024-04-16T05:14:37.000,17.48,1.61,34646.45,9.01,20.36,10584,-2.28,-23.0,0.543
2024-04-16T05:15:37.000,17.49,1.58,40171.86,8.85,20.36,10585,-2.1,-23.0,0.543
2024-04-16T05:16:37.000,17.49,1.48,46283.93,8.7,20.36,10586,-1.91,-24.0,0.543
2024-04-16T05:17:37.000,17.48,1.58,52968.99,8.55,20.36,10587,-1.72,-24.0,0.543
2024-04-16T05:18:37.000,17.53,1.7,60195.62,8.41,20.36,10588,-1.54,-24.0,0.543
2024-04-16T05:19:37.000,17.55,1.67,7969.78,1.03,20.36,10589,-1.35,-24.0,0.543
2024-04-16T05:20:37.000,17.56,1.6,0.0,0.0,20.36,10590,-1.16,-24.0,0.543
2024-04-16T05:21:37.000,17.53,1.33,0.0,0.0,20.36,10591,-0.98,-24.0,0.543
2024-04-16T05:22:38.000,17.49,1.4,0.0,0.0,20.36,10592,-0.78,-24.0,0.543
2024-04-16T05:38:39.000,17.69,1.63,0.0,0.0,20.36,10608,2.23,-25.0,0.544
2024-04-16T05:39:39.000,17.74,1.64,0.0,0.0,20.36,10609,2.42,-25.0,0.544
2024-04-16T05:40:39.000,17.83,1.78,0.0,0.0,20.36,10610,2.61,-25.0,0.544
2024-04-16T05:41:39.000,17.84,1.32,0.23,0.09,20.36,10611,2.8,-25.0,0.544
2024-04-16T05:42:39.000,17.85,1.4,0.0,0.0,20.36,10612,2.99,-25.0,0.544
2024-04-16T05:43:39.000,17.89,1.35,0.0,0.0,20.36,10613,3.18,-25.0,0.545
2024-04-16T05:44:39.000,17.88,1.15,0.0,0.0,20.36,10614,3.37,-25.0,0.545
2024-04-16T05:45:39.000,17.89,1.19,0.16,0.09,20.36,10615,3.56,-25.0,0.545
2024-04-16T05:46:39.000,17.92,1.5,0.0,0.0,20.36,10616,3.75,-25.0,0.545
2024-04-16T05:47:39.000,18.04,1.65,0.0,0.0,20.36,10617,3.94,-25.0,0.545
2024-04-16T05:48:39.000,18.07,1.31,0.0,0.0,20.36,10618,4.13,-25.0,0.545
2024-04-16T12:25:03.000,34.45,11.34,0.0,0.0,20.36,11014,60.44,8.0,0.572
2024-04-16T12:26:04.000,34.31,10.49,0.0,0.0,20.36,11015,60.4,9.0,0.572
2024-04-16T12:27:04.000,34.1,10.91,0.0,0.0,20.36,11016,60.36,9.0,0.572
2024-04-16T12:29:04.000,33.86,10.8,0.0,0.0,20.36,11018,60.27,9.0,0.572
2024-04-16T12:30:04.000,33.94,11.58,0.0,0.0,20.36,11019,60.22,9.0,0.572
2024-04-16T12:31:04.000,34.13,11.82,0.0,0.0,20.36,11020,60.18,9.0,0.572
2024-04-16T13:51:09.000,33.4,11.09,0.0,0.0,20.36,11100,52.04,24.0,0.577
2024-04-16T13:52:09.000,33.74,11.48,0.0,0.0,20.36,11101,51.89,24.0,0.577
2024-04-16T13:53:09.000,34.22,12.54,0.0,0.0,20.36,11102,51.75,24.0,0.578
2024-04-16T13:55:09.000,33.94,10.16,0.0,0.0,20.36,11104,51.46,24.0,0.578
2024-04-16T13:56:09.000,33.87,11.12,0.0,0.0,20.36,11105,51.32,25.0,0.578
2024-04-16T13:57:09.000,33.79,9.61,0.0,0.0,20.36,11106,51.17,25.0,0.578
2024-04-16T18:15:26.000,20.9,3.38,0.0,0.0,20.36,11364,3.92,70.0,0.595
2024-04-16T18:16:26.000,20.89,3.55,0.0,0.0,20.36,11365,3.73,70.0,0.595
2024-04-16T18:17:26.000,20.87,3.39,0.0,0.0,20.36,11366,3.54,70.0,0.595
2024-04-16T18:18:26.000,20.77,3.45,0.23,0.09,20.36,11367,3.35,70.0,0.595
2024-04-16T18:19:27.000,20.79,3.57,0.0,0.0,20.36,11368,3.16,70.0,0.595
2024-04-16T18:20:27.000,20.77,3.39,0.0,0.0,20.36,11369,2.97,70.0,0.595
2024-04-16T18:21:27.000,20.68,3.08,0.26,0.09,20.36,11370,2.78,70.0,0.595
2024-04-16T18:22:27.000,20.58,3.2,0.0,0.0,20.36,11371,2.59,71.0,0.595
2024-04-16T18:23:27.000,20.63,3.77,0.0,0.0,20.36,11372,2.4,71.0,0.595
2024-04-16T18:24:27.000,20.61,3.46,0.0,0.0,20.36,11373,2.21,71.0,0.596
2024-04-16T18:42:28.000,19.73,3.01,0.0,0.0,20.36,11391,-1.17,72.0,0.597
2024-04-16T18:43:28.000,19.69,3.36,0.0,0.0,20.36,11392,-1.35,72.0,0.597
2024-04-16T18:44:28.000,19.67,3.19,0.0,0.0,20.36,11393,-1.54,72.0,0.597
2024-04-16T18:45:28.000,19.65,3.24,57940.16,7.92,20.36,11394,-1.73,72.0,0.597
2024-04-16T18:46:28.000,19.62,3.05,54209.14,8.53,20.36,11395,-1.91,72.0,0.597
2024-04-16T18:47:28.000,19.58,3.25,47504.38,8.67,20.36,11396,-2.1,73.0,0.597
2024-04-16T18:48:28.000,19.54,3.01,41391.75,8.82,20.36,11397,-2.28,73.0,0.597
2024-04-16T18:49:28.000,19.51,3.23,35452.05,9.06,20.36,11398,-2.47,73.0,0.597
2024-04-16T18:50:28.000,19.49,3.04,30874.7,9.14,20.36,11399,-2.66,73.0,0.597
2024-04-16T18:51:29.000,19.43,3.05,26436.63,9.31,20.36,11400,-2.84,73.0,0.597
2024-04-16T18:52:29.000,19.4,3.2,22488.09,9.48,20.36,11401,-3.03,73.0,0.597
2024-04-16T18:53:29.000,19.44,3.31,19018.07,9.66,20.36,11402,-3.21,73.0,0.597
2024-04-16T18:54:29.000,19.4,3.09,15991.04,9.85,20.36,11403,-3.4,73.0,0.598
2024-04-16T18:55:29.000,19.36,3.19,13357.8,10.05,20.36,11404,-3.58,73.0,0.598
2024-04-16T18:56:29.000,19.35,3.13,11084.11,10.25,20.36,11405,-3.77,73.0,0.598
2024-04-16T18:57:29.000,19.31,3.04,9114.2,10.46,20.36,11406,-3.95,73.0,0.598
2024-04-16T18:58:29.000,19.28,2.97,7445.3,10.68,20.36,11407,-4.14,73.0,0.598
2024-04-16T18:59:29.000,19.24,3.16,6051.58,10.91,20.36,11408,-4.32,73.0,0.598
2024-04-16T19:00:29.000,19.21,3.01,4891.44,11.14,20.36,11409,-4.51,73.0,0.598
2024-04-16T19:01:29.000,19.17,2.97,3933.75,11.38,20.36,11410,-4.69,73.0,0.598
2024-04-16T19:02:29.000,19.18,3.17,3142.76,11.62,20.36,11411,-4.87,73.0,0.598
2024-04-16T19:03:29.000,19.17,3.07,2499.51,11.87,20.36,11412,-5.06,73.0,0.598
2024-04-16T19:04:29.000,19.16,3.09,1980.16,12.12,20.36,11413,-5.24,73.0,0.598
2024-04-16T19:05:29.000,19.14,3.04,1564.9,12.38,20.36,11414,-5.42,73.0,0.598
2024-04-16T19:06:29.000,19.12,2.98,1240.34,12.63,20.36,11415,-5.61,73.0,0.598
2024-04-16T19:07:29.000,19.12,3.1,986.42,12.88,20.36,11416,-5.79,73.0,0.598
2024-04-16T19:08:29.000,19.14,3.28,785.51,13.12,20.36,11417,-5.97,73.0,0.598
2024-04-16T19:09:30.000,19.13,3.0,629.6,13.36,20.36,11418,-6.16,73.0,0.599
2024-04-16T19:10:30.000,19.04,2.54,507.6,13.6,20.36,11419,-6.34,73.0,0.599
2024-04-16T19:11:30.000,19.0,2.96,412.16,13.82,20.36,11420,-6.52,73.0,0.599
2024-04-16T19:12:30.000,18.99,2.88,336.65,14.04,20.36,11421,-6.7,73.0,0.599
2024-04-16T19:13:30.000,18.95,2.75,275.33,14.26,20.36,11422,-6.88,73.0,0.599
2024-04-16T19:14:30.000,18.93,2.94,228.99,14.46,20.36,11423,-7.06,73.0,0.599
2024-04-16T19:15:30.000,18.96,3.08,192.49,14.65,20.36,11424,-7.25,73.0,0.599
2024-04-16T19:16:30.000,18.99,3.19,163.48,14.83,20.36,11425,-7.43,73.0,0.599
2024-04-16T19:17:30.000,19.0,3.11,140.07,15.0,20.36,11426,-7.61,73.0,0.599
2024-04-16T19:18:30.000,19.01,3.12,121.32,15.15,20.36,11427,-7.79,73.0,0.599
2024-04-16T19:19:30.000,18.98,2.91,106.11,15.3,20.36,11428,-7.97,73.0,0.599
2024-04-16T19:20:31.000,18.95,3.19,94.14,15.43,20.36,11429,-8.15,73.0,0.599
2024-04-16T19:21:30.000,18.95,2.98,84.47,15.54,20.36,11430,-8.33,73.0,0.599
2024-04-16T19:22:30.000,18.9,3.08,76.52,15.65,20.36,11431,-8.51,73.0,0.599
2024-04-16T19:23:31.000,18.93,3.14,69.95,15.75,20.36,11432,-8.69,73.0,0.599
2024-04-16T19:24:31.000,18.94,3.23,64.43,15.84,20.36,11433,-8.87,73.0,0.6
2024-04-16T19:25:31.000,18.93,3.02,59.8,15.92,20.36,11434,-9.05,73.0,0.6
2024-04-16T19:26:31.000,18.89,3.0,56.18,15.99,20.36,11435,-9.23,73.0,0.6
2024-04-16T19:27:31.000,18.89,2.95,53.05,16.05,20.36,11436,-9.41,73.0,0.6
2024-04-16T19:28:31.000,18.87,3.01,50.05,16.11,20.36,11437,-9.59,73.0,0.6
2024-04-16T19:29:31.000,18.84,2.98,47.81,16.16,20.36,11438,-9.77,73.0,0.6
2024-04-16T19:31:31.000,18.85,3.13,46.16,16.2,20.36,11440,-10.12,72.0,0.6
2024-04-16T19:32:31.000,18.84,3.0,45.0,16.23,20.36,11441,-10.3,72.0,0.6
2024-04-16T19:33:31.000,18.86,3.25,44.22,16.25,20.36,11442,-10.48,72.0,0.6
2024-04-16T19:34:31.000,18.87,3.13,43.12,16.27,20.36,11443,-10.65,72.0,0.6
2024-04-16T19:35:31.000,18.85,3.15,42.39,16.29,20.36,11444,-10.83,72.0,0.6
2024-04-16T19:36:31.000,18.86,3.08,41.35,16.32,20.36,11445,-11.01,72.0,0.6
2024-04-16T19:37:31.000,18.85,3.16,41.17,16.32,20.36,11446,-11.18,72.0,0.6
2024-04-16T19:38:31.000,18.86,3.25,40.26,16.35,20.36,11447,-11.36,72.0,0.6
2024-04-16T19:39:32.000,18.89,3.27,39.79,16.36,20.36,11448,-11.54,72.0,0.601
2024-04-16T19:40:32.000,18.89,3.26,39.41,16.37,20.36,11449,-11.71,72.0,0.601
2024-04-16T19:41:32.000,18.89,3.24,39.1,16.38,20.36,11450,-11.89,72.0,0.601
2024-04-16T19:42:32.000,18.89,3.28,38.76,16.39,20.36,11451,-12.07,72.0,0.601
2024-04-16T19:43:32.000,18.89,3.25,38.41,16.4,20.36,11452,-12.24,72.0,0.601
2024-04-16T19:44:32.000,18.88,3.25,38.45,16.4,20.36,11453,-12.42,71.0,0.601
2024-04-16T19:45:32.000,18.9,3.33,37.53,16.42,20.36,11454,-12.59,71.0,0.601
2024-04-16T19:46:32.000,18.9,3.36,37.66,16.42,20.36,11455,-12.76,71.0,0.601
2024-04-16T19:47:32.000,18.9,3.31,37.42,16.43,20.36,11456,-12.94,71.0,0.601
2024-04-16T19:48:32.000,18.89,3.31,36.98,16.44,20.36,11457,-13.11,71.0,0.601
2024-04-16T19:49:32.000,18.84,3.04,36.88,16.44,20.36,11458,-13.29,71.0,0.601
2024-04-16T19:50:32.000,18.79,3.25,36.76,16.45,20.36,11459,-13.46,71.0,0.601
2024-04-16T19:51:32.000,18.8,3.16,36.5,16.46,20.36,11460,-13.63,71.0,0.601
2024-04-16T19:52:32.000,18.79,3.21,36.35,16.46,20.36,11461,-13.8,71.0,0.601
2024-04-16T19:53:32.000,18.78,3.15,36.23,16.46,20.36,11462,-13.98,71.0,0.601
2024-04-16T19:54:32.000,18.77,3.14,35.79,16.48,20.36,11463,-14.15,71.0,0.602
2024-04-16T19:55:33.000,18.78,3.18,35.71,16.48,20.36,11464,-14.32,70.0,0.602
2024-04-16T19:56:33.000,18.78,3.24,35.73,16.48,20.36,11465,-14.5,70.0,0.602
2024-04-16T19:57:33.000,18.8,3.37,35.52,16.48,20.36,11466,-14.67,70.0,0.602
2024-04-16T19:58:33.000,18.83,3.35,35.58,16.48,20.36,11467,-14.84,70.0,0.602
2024-04-16T19:59:33.000,18.76,2.79,33.12,16.56,20.36,11468,-15.01,70.0,0.602
2024-04-16T20:00:33.000,18.72,3.08,31.79,16.61,20.36,11469,-15.18,70.0,0.602
2024-04-16T20:01:33.000,18.76,3.31,31.26,16.62,20.36,11470,-15.35,70.0,0.602
