ecsv/stars75/stars75_2024-04.ecsv
# %ECSV 1.0
# ---
# datatype:
# - {name: time, datatype: string}
# - {name: Enclosure Temperature, unit: deg_C, datatype: float64}
# - {name: Sky Temperature, unit: deg_C, datatype: float64}
# - {name: Frequency, unit: Hz, datatype: float64}
# - {name: MSAS, unit: mag / arcsec2, datatype: float64}
# - {name: ZP, datatype: float64}
# - {name: Sequence Number, datatype: int64}
# - {name: Sun Alt, unit: deg, datatype: float64}
# - {name: Moon Alt, unit: deg, datatype: float64}
# - {name: Moon Illumination, datatype: float64}
# delimiter: ','
# meta: !!omap
# - ida:
#     Data supplier: {affiliation: null, observer: Enric Marco}
#     Device type: TESS-W
#     Field of view: 17.0
#     Filters per channel: None
#     Instrument ID: stars75
#     License: ODbL 1.0 http://opendatacommons.org/licenses/odbl/summary/
#     Local timezone: Europe/Madrid
#     Location name: {country: '- Valencia', place: Valencia, region: Spain, sub_region: Valencian Community, town: "Comarca de Val\xE8\
#         ncia"}
#     Measurement direction per channel: {azimuth: 0.0, zenital: 0.0}
#     Moving / Fixed look direction: FIXED
#     Moving / Stationary position: STATIONARY
#     Number of channels: 1
#     Number of fields per line: 8
#     Number of header lines: 35
#     Position: {height: 0.0, latitude: 39.478898, longitude: -0.376524}
#     TESS MAC address: 5C:CF:7F:82:8D:8B
#     TESS cover offset value: 0.0
#     TESS firmware version: Unknown
#     TESS zero point: 20.36
#     Time Synchronization: timestamp added by MQTT subscriber
#     URL: http://www.darksky.org/NSBM/sdf1.0.pdf
# - __serialized_columns__:
#     Enclosure Temperature:
#       __class__: astropy.units.quantity.Quantity
#       unit: &id001 !astropy.units.Unit {unit: deg_C}
#       value: !astropy.table.SerializedColumn {name: Enclosure Temperature}
#     Frequency:
#       __class__: astropy.units.quantity.Quantity
#       unit: !astropy.units.Unit {unit: Hz}
#       value: !astropy.table.SerializedColumn {name: Frequency}
#     MSAS:
#       __class__: astropy.units.quantity.Quantity
#       unit: !astropy.units.Unit {unit: mag / arcsec2}
#       value: !astropy.table.SerializedColumn {name: MSAS}
#     Moon Alt:
#       __class__: astropy.units.quantity.Quantity
#       unit: &id002 !astropy.units.Unit {unit: deg}
#       value: !astropy.table.SerializedColumn {name: Moon Alt}
#     Sky Temperature:
#       __class__: astropy.units.quantity.Quantity
#       unit: *id001
#       value: !astropy.table.SerializedColumn {name: Sky Temperature}
#     Sun Alt:
#       __class__: astropy.units.quantity.Quantity
#       unit: *id002
#       value: !astropy.table.SerializedColumn {name: Sun Alt}
#     time:
#       __class__: astropy.time.core.Time
#       format: isot
#       in_subfmt: '*'
#       out_subfmt: '*'
#       precision: 3
#       scale: utc
#       value: !astropy.table.SerializedColumn {name: time}
# schema: astropy-2.0
time,Enclosure Temperature,Sky Temperature,Frequency,MSAS,ZP,Sequence Number,Sun Alt,Moon Alt,Moon Illumination
[from data line 3818]
2024-04-06T19:25:00.000,19.03,11.4,153.08,14.9,20.36,868,-10.97,-38.0,0.057
2024-04-06T19:26:00.000,19.12,11.9,186.38,14.69,20.36,869,-11.16,-38.0,0.057
2024-04-06T19:27:00.000,19.18,11.8,179.3,14.73,20.36,870,-11.34,-39.0,0.057
2024-04-06T19:28:00.000,19.29,11.98,181.37,14.71,20.36,871,-11.52,-39.0,0.057
2024-04-06T19:29:01.000,19.36,10.82,138.63,15.02,20.36,872,-11.71,-39.0,0.057
2024-04-06T19:30:01.000,19.27,8.44,93.52,15.44,20.36,873,-11.89,-39.0,0.057
2024-04-06T19:31:01.000,18.93,6.55,77.34,15.64,20.36,874,-12.07,-39.0,0.057
2024-04-06T19:32:01.000,18.71,6.49,69.2,15.76,20.36,875,-12.25,-39.0,0.057
2024-04-06T19:33:01.000,18.75,6.85,66.45,15.8,20.36,876,-12.43,-39.0,0.057
2024-04-06T19:34:01.000,18.66,6.43,66.0,15.81,20.36,877,-12.61,-40.0,0.057
2024-04-06T19:35:01.000,18.66,7.01,66.02,15.81,20.36,878,-12.8,-40.0,0.057
2024-04-06T19:36:01.000,18.72,7.2,75.61,15.67,20.36,879,-12.98,-40.0,0.057
2024-04-06T19:37:01.000,18.66,7.01,72.02,15.72,20.36,880,-13.16,-40.0,0.057
2024-04-06T19:38:01.000,18.72,7.28,72.83,15.7,20.36,881,-13.34,-40.0,0.057
2024-04-06T19:39:01.000,18.69,7.15,84.57,15.55,20.36,882,-13.52,-40.0,0.057
2024-04-06T19:40:01.000,18.59,7.74,89.32,15.48,20.36,883,-13.7,-41.0,0.057
2024-04-06T19:41:01.000,18.61,8.23,103.46,15.32,20.36,884,-13.88,-41.0,0.056
2024-04-06T19:43:01.000,18.58,8.35,102.11,15.34,20.36,886,-14.24,-41.0,0.056
2024-04-06T19:44:01.000,18.57,8.51,102.98,15.33,20.36,887,-14.42,-41.0,0.056
2024-04-06T19:45:01.000,18.47,8.8,123.75,15.13,20.36,888,-14.59,-41.0,0.056
2024-04-06T19:46:02.000,18.44,9.87,138.4,15.01,20.36,889,-14.78,-42.0,0.056
2024-04-06T19:47:02.000,18.39,9.69,134.43,15.04,20.36,890,-14.95,-42.0,0.056
2024-04-06T19:48:02.000,18.38,9.2,119.37,15.17,20.36,891,-15.13,-42.0,0.056
2024-04-06T19:49:02.000,18.48,8.94,103.96,15.32,20.36,892,-15.31,-42.0,0.056
2024-04-06T19:50:02.000,18.53,8.43,96.64,15.4,20.36,893,-15.49,-42.0,0.056
2024-04-06T19:51:02.000,18.52,8.92,111.26,15.25,20.36,894,-15.67,-42.0,0.056
2024-04-06T19:52:02.000,18.48,9.19,121.57,15.15,20.36,895,-15.84,-42.0,0.056
2024-04-06T19:53:02.000,18.47,9.02,123.33,15.13,20.36,896,-16.02,-43.0,0.056
2024-04-06T19:54:02.000,18.55,8.84,100.09,15.36,20.36,897,-16.2,-43.0,0.056
2024-04-06T19:55:02.000,18.62,9.13,114.25,15.22,20.36,898,-16.37,-43.0,0.056
2024-04-06T19:56:02.000,18.6,9.77,125.91,15.11,20.36,899,-16.55,-43.0,0.056
2024-04-06T19:57:02.000,18.68,10.46,134.75,15.04,20.36,900,-16.73,-43.0,0.056
2024-04-06T19:58:02.000,18.62,10.67,146.94,14.94,20.36,901,-16.9,-43.0,0.056
2024-04-06T19:59:02.000,18.71,11.39,150.36,14.92,20.36,902,-17.08,-43.0,0.056
2024-04-06T20:00:02.000,18.89,11.37,150.25,14.92,20.36,903,-17.25,-44.0,0.056
2024-04-06T20:01:02.000,19.02,11.15,132.61,15.05,20.36,904,-17.43,-44.0,0.056
2024-04-06T20:02:02.000,19.1,10.92,128.99,15.08,20.36,905,-17.6,-44.0,0.056
2024-04-06T20:03:03.000,19.08,10.94,134.85,15.04,20.36,906,-17.78,-44.0,0.056
2024-04-06T20:04:03.000,18.97,11.33,151.62,14.91,20.36,907,-17.95,-44.0,0.056
2024-04-06T20:05:03.000,18.98,11.72,158.31,14.86,20.36,908,-18.13,-44.0,0.056
2024-04-06T20:06:03.000,19.02,12.12,156.18,14.88,20.36,909,-18.3,-44.0,0.056
2024-04-06T20:07:03.000,19.11,11.79,149.19,14.93,20.36,910,-18.47,-45.0,0.055
2024-04-06T20:08:03.000,19.09,11.53,147.93,14.93,20.36,911,-18.65,-45.0,0.055
2024-04-06T20:09:03.000,19.09,11.62,148.31,14.93,20.36,912,-18.82,-45.0,0.055
2024-04-06T20:10:03.000,19.13,11.98,161.73,14.84,20.36,913,-18.99,-45.0,0.055
2024-04-06T20:11:03.000,19.13,12.6,174.9,14.75,20.36,914,-19.17,-45.0,0.055
2024-04-06T20:12:03.000,19.28,13.19,190.25,14.66,20.36,915,-19.34,-45.0,0.055
2024-04-06T20:13:03.000,19.42,13.44,193.39,14.64,20.36,916,-19.51,-45.0,0.055
2024-04-06T20:14:03.000,19.47,12.92,191.15,14.66,20.36,917,-19.68,-46.0,0.055
2024-04-06T20:15:03.000,19.39,13.16,196.88,14.62,20.36,918,-19.85,-46.0,0.055
2024-04-06T20:16:03.000,19.51,13.64,207.39,14.57,20.36,919,-20.02,-46.0,0.055
2024-04-06T20:17:03.000,19.63,13.91,218.09,14.51,20.36,920,-20.19,-46.0,0.055
2024-04-06T20:18:03.000,19.69,13.93,233.73,14.44,20.36,921,-20.36,-46.0,0.055
2024-04-06T20:19:04.000,19.74,14.02,252.34,14.36,20.36,922,-20.54,-46.0,0.055
2024-04-06T20:20:04.000,19.81,14.19,267.24,14.29,20.36,923,-20.71,-46.0,0.055
2024-04-06T20:21:04.000,19.89,14.28,270.34,14.28,20.36,924,-20.87,-47.0,0.055
2024-04-06T20:22:04.000,19.88,14.0,270.22,14.28,20.36,925,-21.04,-47.0,0.055
2024-04-06T20:23:04.000,19.87,14.12,272.85,14.27,20.36,926,-21.21,-47.0,0.055
2024-04-06T20:24:04.000,19.8,13.85,272.97,14.27,20.36,927,-21.38,-47.0,0.055
2024-04-06T20:25:04.000,19.82,14.15,274.79,14.26,20.36,928,-21.55,-47.0,0.055
2024-04-06T20:26:04.000,19.87,14.27,272.13,14.27,20.36,929,-21.72,-47.0,0.055
2024-04-06T20:27:04.000,19.99,14.33,269.57,14.28,20.36,930,-21.88,-47.0,0.055
2024-04-06T20:28:04.000,20.01,14.18,267.93,14.29,20.36,931,-22.05,-47.0,0.055
2024-04-06T20:29:04.000,20.02,14.19,273.37,14.27,20.36,932,-22.22,-48.0,0.055
2024-04-06T20:30:04.000,20.01,14.06,278.49,14.25,20.36,933,-22.38,-48.0,0.055
2024-04-06T20:31:04.000,19.98,14.21,274.98,14.26,20.36,934,-22.55,-48.0,0.055
2024-04-06T20:32:04.000,20.04,14.34,267.53,14.29,20.36,935,-22.71,-48.0,0.054
2024-04-06T20:33:04.000,20.12,14.3,259.1,14.33,20.36,936,-22.88,-48.0,0.054
2024-04-06T20:34:04.000,20.15,14.22,252.79,14.35,20.36,937,-23.05,-48.0,0.054
2024-04-06T20:35:04.000,20.17,14.09,240.4,14.41,20.36,938,-23.21,-48.0,0.054
2024-04-06T20:36:05.000,20.07,13.69,224.92,14.48,20.36,939,-23.38,-48.0,0.054
2024-04-06T20:37:05.000,20.0,13.77,211.06,14.55,20.36,940,-23.54,-49.0,0.054
2024-04-06T20:38:05.000,19.99,13.57,195.6,14.63,20.36,941,-23.7,-49.0,0.054
2024-04-06T20:39:05.000,19.95,13.34,188.85,14.67,20.36,942,-23.87,-49.0,0.054
2024-04-06T20:40:05.000,19.9,13.43,189.98,14.66,20.36,943,-24.03,-49.0,0.054
2024-04-06T20:41:05.000,19.98,13.73,188.9,14.67,20.36,944,-24.19,-49.0,0.054
2024-04-06T20:42:05.000,20.01,13.51,188.81,14.67,20.36,945,-24.35,-49.0,0.054
2024-04-06T20:43:05.000,19.97,13.32,190.9,14.66,20.36,946,-24.52,-49.0,0.054
2024-04-06T20:44:05.000,19.95,13.54,195.16,14.63,20.36,947,-24.68,-49.0,0.054
2024-04-06T20:45:05.000,19.96,13.68,212.27,14.54,20.36,948,-24.84,-50.0,0.054
2024-04-06T20:46:05.000,19.94,13.78,229.84,14.46,20.36,949,-25.0,-50.0,0.054
2024-04-06T20:47:05.000,19.97,13.89,233.82,14.44,20.36,950,-25.16,-50.0,0.054
2024-04-06T20:48:05.000,19.99,13.94,226.72,14.47,20.36,951,-25.32,-50.0,0.054
2024-04-06T20:49:05.000,20.01,13.62,210.18,14.55,20.36,952,-25.48,-50.0,0.054
2024-04-06T20:50:05.000,19.91,13.16,199.35,14.61,20.36,953,-25.64,-50.0,0.054
2024-04-06T20:51:05.000,19.88,13.13,180.34,14.72,20.36,954,-25.8,-50.0,0.054
2024-04-06T20:52:05.000,19.97,12.75,152.81,14.9,20.36,955,-25.95,-50.0,0.054
2024-04-06T20:53:06.000,19.98,12.13,132.83,15.05,20.36,956,-26.11,-50.0,0.054
2024-04-06T20:54:06.000,19.93,11.88,127.96,15.09,20.36,957,-26.27,-51.0,0.054
2024-04-06T20:55:06.000,19.96,11.82,125.36,15.11,20.36,958,-26.43,-51.0,0.054
2024-04-06T20:56:06.000,19.89,11.81,136.74,15.02,20.36,959,-26.58,-51.0,0.054
2024-04-06T20:57:06.000,19.74,12.09,162.61,14.83,20.36,960,-26.74,-51.0,0.054
2024-04-06T20:58:06.000,19.77,12.73,161.21,14.84,20.36,961,-26.9,-51.0,0.053
2024-04-06T20:59:06.000,19.71,12.4,159.03,14.86,20.36,962,-27.05,-51.0,0.053
2024-04-06T21:00:06.000,19.54,12.7,166.41,14.81,20.36,963,-27.21,-51.0,0.053
2024-04-06T21:01:06.000,19.67,13.19,172.31,14.77,20.36,964,-27.36,-51.0,0.053
2024-04-06T21:02:06.000,19.78,13.03,157.57,14.87,20.36,965,-27.51,-51.0,0.053
2024-04-06T21:03:06.000,19.81,12.91,158.99,14.86,20.36,966,-27.67,-52.0,0.053
2024-04-06T21:04:06.000,19.83,13.06,172.31,14.77,20.36,967,-27.82,-52.0,0.053
2024-04-06T21:05:06.000,19.87,13.49,184.61,14.69,20.36,968,-27.97,-52.0,0.053
2024-04-06T21:06:06.000,19.94,13.69,189.57,14.67,20.36,969,-28.12,-52.0,0.053
2024-04-06T21:07:06.000,19.98,13.6,188.36,14.67,20.36,970,-28.28,-52.0,0.053
2024-04-06T21:08:06.000,20.01,13.67,184.04,14.7,20.36,971,-28.43,-52.0,0.053
2024-04-06T21:09:07.000,20.06,13.38,174.16,14.76,20.36,972,-28.58,-52.0,0.053
2024-04-06T21:10:07.000,20.0,13.11,175.05,14.75,20.36,973,-28.73,-52.0,0.053
2024-04-06T21:11:07.000,19.94,13.22,192.54,14.65,20.36,974,-28.88,-52.0,0.053
2024-04-06T21:12:07.000,19.95,13.69,202.47,14.59,20.36,975,-29.03,-52.0,0.053
2024-04-06T21:13:07.000,20.05,13.95,206.92,14.57,20.36,976,-29.18,-53.0,0.053
2024-04-06T21:14:07.000,20.16,13.97,206.9,14.57,20.36,977,-29.33,-53.0,0.053
2024-04-06T21:15:07.000,20.2,13.52,194.88,14.64,20.36,978,-29.47,-53.0,0.053
2024-04-06T21:16:07.000,20.23,13.21,167.44,14.8,20.36,979,-29.62,-53.0,0.053
2024-04-06T21:17:07.000,20.2,12.37,138.2,15.01,20.36,980,-29.77,-53.0,0.053
2024-04-06T21:18:07.000,20.13,11.52,119.75,15.17,20.36,981,-29.91,-53.0,0.053
2024-04-06T21:19:07.000,19.97,10.64,105.45,15.3,20.36,982,-30.06,-53.0,0.053
2024-04-06T21:20:07.000,19.89,10.5,96.79,15.4,20.36,983,-30.2,-53.0,0.053
2024-04-06T21:21:07.000,19.83,10.07,89.98,15.47,20.36,984,-30.35,-53.0,0.053
2024-04-06T21:22:07.000,19.65,9.59,84.66,15.54,20.36,985,-30.49,-53.0,0.053
2024-04-06T21:23:07.000,19.53,9.52,82.91,15.56,20.36,986,-30.64,-53.0,0.053
2024-04-06T21:24:07.000,19.5,10.0,87.24,15.51,20.36,987,-30.78,-54.0,0.052
2024-04-06T21:25:08.000,19.47,10.3,98.7,15.37,20.36,988,-30.92,-54.0,0.052
2024-04-06T21:26:08.000,19.43,10.47,101.21,15.35,20.36,989,-31.07,-54.0,0.052
2024-04-06T21:27:08.000,19.35,10.49,98.52,15.38,20.36,990,-31.21,-54.0,0.052
2024-04-06T21:28:08.000,19.26,10.28,94.56,15.42,20.36,991,-31.35,-54.0,0.052
2024-04-06T21:29:08.000,19.27,10.64,94.68,15.42,20.36,992,-31.49,-54.0,0.052
2024-04-06T21:30:08.000,19.38,10.83,93.12,15.44,20.36,993,-31.63,-54.0,0.052
2024-04-06T21:31:08.000,19.37,10.64,86.41,15.52,20.36,994,-31.77,-54.0,0.052
2024-04-06T21:32:08.000,19.42,10.76,86.07,15.52,20.36,995,-31.91,-54.0,0.052
2024-04-06T21:34:08.000,19.46,10.74,90.83,15.46,20.36,997,-32.18,-54.0,0.052
2024-04-06T21:35:08.000,19.36,10.91,98.66,15.38,20.36,998,-32.32,-54.0,0.052
2024-04-06T21:36:08.000,19.33,11.53,109.57,15.26,20.36,999,-32.46,-54.0,0.052
2024-04-06T21:37:08.000,19.35,11.75,112.64,15.23,20.36,1000,-32.59,-54.0,0.052
2024-04-06T21:38:08.000,19.33,11.68,108.43,15.27,20.36,1001,-32.73,-55.0,0.052
2024-04-06T21:39:08.000,19.33,11.94,111.46,15.24,20.36,1002,-32.86,-55.0,0.052
2024-04-06T21:40:08.000,19.43,12.22,118.75,15.17,20.36,1003,-33.0,-55.0,0.052
2024-04-06T21:41:08.000,19.49,12.63,127.89,15.09,20.36,1004,-33.13,-55.0,0.052
2024-04-06T21:42:09.000,19.54,12.66,129.35,15.08,20.36,1005,-33.26,-55.0,0.052
2024-04-06T21:43:09.000,19.66,13.0,127.84,15.09,20.36,1006,-33.4,-55.0,0.052
2024-04-06T21:44:09.000,19.78,12.87,123.51,15.13,20.36,1007,-33.53,-55.0,0.052
2024-04-06T21:45:09.000,19.78,12.64,126.54,15.1,20.36,1008,-33.66,-55.0,0.052
2024-04-06T21:46:09.000,19.85,12.91,124.39,15.12,20.36,1009,-33.79,-55.0,0.052
2024-04-06T21:47:09.000,19.87,12.56,120.07,15.16,20.36,1010,-33.92,-55.0,0.052
2024-04-06T21:48:09.000,19.83,12.05,113.87,15.22,20.36,1011,-34.05,-55.0,0.052
2024-04-06T21:49:09.000,19.79,12.3,107.55,15.28,20.36,1012,-34.18,-55.0,0.052
2024-04-06T21:50:09.000,19.86,11.98,103.28,15.33,20.36,1013,-34.3,-55.0,0.052
2024-04-06T21:51:09.000,19.9,11.69,97.91,15.38,20.36,1014,-34.43,-55.0,0.051
2024-04-06T21:52:09.000,19.87,11.29,93.82,15.43,20.36,1015,-34.56,-55.0,0.051
2024-04-06T21:53:09.000,19.79,10.87,88.7,15.49,20.36,1016,-34.68,-55.0,0.051
2024-04-06T21:54:09.000,19.73,10.85,88.25,15.5,20.36,1017,-34.81,-55.0,0.051
2024-04-06T21:55:09.000,19.67,10.83,88.25,15.5,20.36,1018,-34.93,-55.0,0.051
2024-04-06T21:56:09.000,19.65,10.78,87.61,15.5,20.36,1019,-35.06,-56.0,0.051
2024-04-06T21:57:09.000,19.61,10.75,81.8,15.58,20.36,1020,-35.18,-56.0,0.051
2024-04-06T21:58:10.000,19.61,10.41,76.45,15.65,20.36,1021,-35.3,-56.0,0.051
2024-04-06T21:59:10.000,19.53,10.12,73.82,15.69,20.36,1022,-35.42,-56.0,0.051
2024-04-06T22:00:10.000,19.5,10.12,72.18,15.71,20.36,1023,-35.55,-56.0,0.051
2024-04-06T22:01:10.000,19.48,10.06,73.11,15.7,20.36,1024,-35.67,-56.0,0.051
2024-04-06T22:02:10.000,19.44,10.17,73.05,15.7,20.36,1025,-35.79,-56.0,0.051
2024-04-06T22:03:10.000,19.47,10.47,73.86,15.69,20.36,1026,-35.9,-56.0,0.051
2024-04-06T22:04:10.000,19.48,10.63,74.09,15.69,20.36,1027,-36.02,-56.0,0.051
2024-04-06T22:05:10.000,19.52,10.63,74.99,15.67,20.36,1028,-36.14,-56.0,0.051
2024-04-06T22:06:10.000,19.53,10.58,74.16,15.68,20.36,1029,-36.26,-56.0,0.051
2024-04-06T22:07:10.000,19.6,10.66,72.25,15.71,20.36,1030,-36.37,-56.0,0.051
2024-04-06T22:08:10.000,19.58,10.3,71.61,15.72,20.36,1031,-36.49,-56.0,0.051
2024-04-06T22:09:10.000,19.57,10.35,69.82,15.75,20.36,1032,-36.6,-56.0,0.051
2024-04-06T22:10:10.000,19.54,10.35,69.0,15.76,20.36,1033,-36.72,-56.0,0.051
2024-04-06T22:11:10.000,19.53,10.36,69.14,15.76,20.36,1034,-36.83,-56.0,0.051
2024-04-06T22:12:10.000,19.54,10.4,69.48,15.76,20.36,1035,-36.94,-56.0,0.051
2024-04-06T22:13:10.000,19.53,10.29,67.98,15.78,20.36,1036,-37.05,-56.0,0.051
2024-04-06T22:14:11.000,19.52,10.24,66.45,15.8,20.36,1037,-37.16,-56.0,0.051
2024-04-06T22:15:11.000,19.51,9.97,65.43,15.82,20.36,1038,-37.27,-56.0,0.051
2024-04-06T22:16:11.000,19.39,9.68,63.68,15.85,20.36,1039,-37.38,-56.0,0.051
2024-04-06T22:17:11.000,19.27,9.5,63.05,15.86,20.36,1040,-37.49,-56.0,0.05
2024-04-06T22:18:11.000,19.2,9.56,63.73,15.85,20.36,1041,-37.6,-56.0,0.05
2024-04-06T22:19:11.000,19.13,9.73,64.75,15.83,20.36,1042,-37.71,-56.0,0.05
2024-04-06T22:20:11.000,19.2,9.99,63.64,15.85,20.36,1043,-37.81,-56.0,0.05
2024-04-06T22:21:11.000,19.25,9.9,62.02,15.88,20.36,1044,-37.92,-56.0,0.05
2024-04-06T22:22:11.000,19.25,9.85,60.18,15.91,20.36,1045,-38.02,-56.0,0.05
2024-04-06T22:23:11.000,19.25,9.71,60.84,15.9,20.36,1046,-38.13,-56.0,0.05
2024-04-06T22:24:11.000,19.22,9.73,60.18,15.91,20.36,1047,-38.23,-56.0,0.05
2024-04-06T22:25:11.000,19.21,9.75,61.91,15.88,20.36,1048,-38.33,-56.0,0.05
2024-04-06T22:26:11.000,19.1,9.43,61.98,15.88,20.36,1049,-38.43,-56.0,0.05
2024-04-06T22:27:11.000,19.11,9.76,61.25,15.89,20.36,1050,-38.53,-56.0,0.05
2024-04-06T22:28:11.000,19.15,9.91,60.0,15.91,20.36,1051,-38.63,-56.0,0.05
2024-04-06T22:29:11.000,19.19,9.88,60.0,15.91,20.36,1052,-38.73,-56.0,0.05
2024-04-06T22:30:11.000,19.18,9.61,59.84,15.92,20.36,1053,-38.83,-56.0,0.05
2024-04-06T22:31:12.000,19.05,9.22,59.0,15.93,20.36,1054,-38.93,-56.0,0.05
2024-04-06T22:32:12.000,19.08,9.81,59.0,15.93,20.36,1055,-39.02,-56.0,0.05
2024-04-06T22:33:12.000,19.1,9.7,58.34,15.95,20.36,1056,-39.12,-56.0,0.05
2024-04-06T22:34:12.000,19.1,9.62,58.0,15.95,20.36,1057,-39.21,-56.0,0.05
2024-04-06T22:35:12.000,19.13,9.8,58.0,15.95,20.36,1058,-39.3,-56.0,0.05
2024-04-06T22:36:12.000,19.13,9.61,57.8,15.96,20.36,1059,-39.4,-56.0,0.05
2024-04-06T22:37:12.000,19.13,9.72,57.0,15.97,20.36,1060,-39.49,-56.0,0.05
2024-04-06T22:38:12.000,19.22,9.95,56.77,15.97,20.36,1061,-39.58,-56.0,0.05
2024-04-06T22:39:12.000,19.26,9.71,56.0,15.99,20.36,1062,-39.67,-56.0,0.05
2024-04-06T22:40:12.000,19.28,9.73,56.0,15.99,20.36,1063,-39.76,-56.0,0.05
2024-04-06T22:41:12.000,19.28,9.58,56.0,15.99,20.36,1064,-39.85,-56.0,0.05
2024-04-06T22:42:12.000,19.24,9.39,55.64,16.0,20.36,1065,-39.93,-56.0,0.05
2024-04-06T22:43:12.000,19.26,9.62,56.0,15.99,20.36,1066,-40.02,-56.0,0.05
2024-04-06T22:44:12.000,19.31,9.67,55.23,16.0,20.36,1067,-40.1,-56.0,0.049
2024-04-06T22:45:12.000,19.37,9.74,54.59,16.02,20.36,1068,-40.19,-56.0,0.049
2024-04-06T22:46:12.000,19.36,9.46,54.02,16.03,20.36,1069,-40.27,-56.0,0.049
2024-04-06T22:47:12.000,19.34,9.45,54.0,16.03,20.36,1070,-40.35,-56.0,0.049
2024-04-06T22:48:13.000,19.34,9.55,54.0,16.03,20.36,1071,-40.44,-56.0,0.049
2024-04-06T22:49:13.000,19.35,9.38,53.9,16.03,20.36,1072,-40.52,-56.0,0.049
2024-04-06T22:50:13.000,19.31,9.28,52.98,16.05,20.36,1073,-40.6,-56.0,0.049
2024-04-06T22:51:13.000,19.31,9.43,52.88,16.05,20.36,1074,-40.68,-56.0,0.049
2024-04-06T22:52:13.000,19.32,9.43,52.52,16.06,20.36,1075,-40.75,-56.0,0.049
2024-04-06T22:53:13.000,19.32,9.33,52.32,16.06,20.36,1076,-40.83,-56.0,0.049
