ecsv/stars75/stars75_2025-04.ecsv
# %ECSV 1.0
# ---
# datatype:
# - {name: time, datatype: string}
# - {name: Enclosure Temperature, unit: deg_C, datatype: float64}
# - {name: Sky Temperature, unit: deg_C, datatype: float64}
# - {name: Frequency, unit: Hz, datatype: float64}
# - {name: MSAS, unit: mag / arcsec2, datatype: float64}
# - {name: ZP, datatype: float64}
# - {name: Sequence Number, datatype: int64}
# - {name: Sun Alt, unit: deg, datatype: float64}
# - {name: Moon Alt, unit: deg, datatype: float64}
# - {name: Moon Illumination, datatype: float64}
# delimiter: ','
# meta: !!omap
# - ida:
#     Data supplier: {affiliation: null, observer: Enric Marco}
#     Device type: TESS-W
#     Field of view: 17.0
#     Filters per channel: None
#     Instrument ID: stars75
#     License: ODbL 1.0 http://opendatacommons.org/licenses/odbl/summary/
#     Local timezone: Europe/Madrid
#     Location name: {country: Spain, place: Valencia, region: Valencian Community, sub_region: "Comarca de Val\xE8ncia", town: Valencia}
#     Measurement direction per channel: {azimuth: 0.0, zenital: 0.0}
#     Moving / Fixed look direction: FIXED
#     Moving / Stationary position: STATIONARY
#     Number of channels: 1
#     Number of fields per line: 8
#     Number of header lines: 35
#     Position: {height: 0.0, latitude: 39.478898, longitude: -0.376524}
#     TESS MAC address: 5C:CF:7F:82:8D:8B
#     TESS cover offset value: 0.0
#     TESS firmware version: Unknown
#     TESS zero point: 20.36
#     Time Synchronization: timestamp added by MQTT subscriber
#     URL: http://www.darksky.org/NSBM/sdf1.0.pdf
# - __serialized_columns__:
#     Enclosure Temperature:
#       __class__: astropy.units.quantity.Quantity
#       unit: &id001 !astropy.units.Unit {unit: deg_C}
#       value: !astropy.table.SerializedColumn {name: Enclosure Temperature}
#     Frequency:
#       __class__: astropy.units.quantity.Quantity
#       unit: !astropy.units.Unit {unit: Hz}
#       value: !astropy.table.SerializedColumn {name: Frequency}
#     MSAS:
#       __class__: astropy.units.quantity.Quantity
#       unit: !astropy.units.Unit {unit: mag / arcsec2}
#       value: !astropy.table.SerializedColumn {name: MSAS}
#     Moon Alt:
#       __class__: astropy.units.quantity.Quantity
#       unit: &id002 !astropy.units.Unit {unit: deg}
#       value: !astropy.table.SerializedColumn {name: Moon Alt}
#     Sky Temperature:
#       __class__: astropy.units.quantity.Quantity
#       unit: *id001
#       value: !astropy.table.SerializedColumn {name: Sky Temperature}
#     Sun Alt:
#       __class__: astropy.units.quantity.Quantity
#       unit: *id002
#       value: !astropy.table.SerializedColumn {name: Sun Alt}
#     time:
#       __class__: astropy.time.core.Time
#       format: isot
#       in_subfmt: '*'
#       out_subfmt: '*'
#       precision: 3
#       scale: utc
#       value: !astropy.table.SerializedColumn {name: time}
# schema: astropy-2.0
time,Enclosure Temperature,Sky Temperature,Frequency,MSAS,ZP,Sequence Number,Sun Alt,Moon Alt,Moon Illumination
2025-04-01T00:01:56.000,16.24,-1.6,21.45,17.03,20.36,9441,-45.96,-23.0,0.096
2025-04-01T00:02:56.000,16.26,-1.27,20.45,17.09,20.36,9442,-45.96,-23.0,0.096
2025-04-01T00:03:56.000,16.29,-0.59,23.82,16.92,20.36,9443,-45.97,-23.0,0.096
2025-04-01T00:04:56.000,16.22,-2.26,18.23,17.22,20.36,9444,-45.97,-23.0,0.097
2025-04-01T00:05:56.000,16.18,-3.55,15.38,17.4,20.36,9445,-45.97,-23.0,0.097
2025-04-01T00:06:56.000,16.03,-4.46,10.91,17.77,20.36,9446,-45.97,-23.0,0.097
2025-04-01T00:07:56.000,15.98,-4.47,10.36,17.83,20.36,9447,-45.96,-23.0,0.097
2025-04-01T00:08:56.000,15.94,-4.99,8.17,18.08,20.36,9448,-45.96,-23.0,0.097
2025-04-01T00:09:57.000,15.89,-5.02,7.49,18.18,20.36,9449,-45.95,-23.0,0.097
2025-04-01T00:10:57.000,15.88,-4.86,7.22,18.22,20.36,9450,-45.95,-24.0,0.097
2025-04-01T00:11:57.000,15.82,-5.12,7.1,18.23,20.36,9451,-45.94,-24.0,0.097
2025-04-01T00:12:57.000,15.76,-5.06,7.23,18.21,20.36,9452,-45.93,-24.0,0.097
2025-04-01T00:13:57.000,15.74,-4.88,7.54,18.17,20.36,9453,-45.92,-24.0,0.097
2025-04-01T00:14:57.000,15.67,-5.03,7.39,18.19,20.36,9454,-45.91,-24.0,0.097
2025-04-01T00:15:57.000,15.65,-5.08,7.2,18.22,20.36,9455,-45.9,-24.0,0.097
2025-04-01T00:16:57.000,15.6,-5.06,7.13,18.23,20.36,9456,-45.88,-24.0,0.097
2025-04-01T00:17:57.000,15.67,-4.74,7.05,18.24,20.36,9457,-45.87,-24.0,0.097
2025-04-01T00:18:57.000,15.6,-5.32,6.86,18.27,20.36,9458,-45.85,-24.0,0.097
2025-04-01T00:19:57.000,15.54,-5.24,6.9,18.26,20.36,9459,-45.84,-24.0,0.097
2025-04-01T00:20:57.000,15.49,-5.14,6.88,18.27,20.36,9460,-45.82,-25.0,0.097
2025-04-01T00:21:57.000,15.58,-4.82,6.9,18.26,20.36,9461,-45.8,-25.0,0.097
2025-04-01T00:22:57.000,15.52,-5.08,6.91,18.26,20.36,9462,-45.78,-25.0,0.097
2025-04-01T00:23:57.000,15.54,-4.88,6.81,18.28,20.36,9463,-45.76,-25.0,0.097
2025-04-01T00:24:57.000,15.57,-4.83,6.82,18.28,20.36,9464,-45.73,-25.0,0.098
2025-04-01T00:25:58.000,15.51,-5.27,6.81,18.28,20.36,9465,-45.71,-25.0,0.098
2025-04-01T00:26:58.000,15.43,-5.12,6.84,18.27,20.36,9466,-45.68,-25.0,0.098
2025-04-01T00:27:58.000,15.51,-4.85,6.74,18.29,20.36,9467,-45.66,-25.0,0.098
2025-04-01T00:28:58.000,15.49,-4.97,6.65,18.3,20.36,9468,-45.63,-25.0,0.098
2025-04-01T00:29:58.000,15.52,-4.84,6.79,18.28,20.36,9469,-45.6,-25.0,0.098
2025-04-01T00:30:58.000,15.49,-4.89,6.73,18.29,20.36,9470,-45.57,-25.0,0.098
2025-04-01T00:31:58.000,15.5,-4.81,6.78,18.28,20.36,9471,-45.54,-25.0,0.098
2025-04-01T00:32:58.000,15.48,-4.83,6.77,18.29,20.36,9472,-45.5,-26.0,0.098
2025-04-01T00:33:58.000,15.42,-4.95,6.79,18.28,20.36,9473,-45.47,-26.0,0.098
2025-04-01T00:34:58.000,15.45,-4.76,6.79,18.28,20.36,9474,-45.44,-26.0,0.098
2025-04-01T00:35:58.000,15.39,-5.1,7.0,18.25,20.36,9475,-45.4,-26.0,0.098
2025-04-01T00:36:58.000,15.32,-5.06,6.9,18.27,20.36,9476,-45.36,-26.0,0.098
2025-04-01T00:37:58.000,15.36,-4.92,6.77,18.28,20.36,9477,-45.32,-26.0,0.098
2025-04-01T00:38:58.000,15.37,-4.8,6.73,18.29,20.36,9478,-45.28,-26.0,0.098
2025-04-01T00:39:58.000,15.33,-5.01,6.81,18.28,20.36,9479,-45.24,-26.0,0.098
2025-04-01T00:40:58.000,15.36,-4.85,6.8,18.28,20.36,9480,-45.2,-26.0,0.098
2025-04-01T00:41:58.000,15.31,-5.09,6.8,18.28,20.36,9481,-45.16,-26.0,0.098
2025-04-01T00:42:59.000,15.31,-4.78,7.16,18.23,20.36,9482,-45.11,-26.0,0.098
2025-04-01T00:43:59.000,15.32,-4.84,7.17,18.22,20.36,9483,-45.07,-26.0,0.098
2025-04-01T00:44:59.000,15.24,-5.31,6.9,18.27,20.36,9484,-45.02,-26.0,0.099
2025-04-01T00:45:59.000,15.19,-5.31,6.77,18.29,20.36,9485,-44.97,-27.0,0.099
2025-04-01T00:46:59.000,15.2,-5.1,6.9,18.26,20.36,9486,-44.93,-27.0,0.099
2025-04-01T00:47:59.000,15.22,-5.02,6.95,18.26,20.36,9487,-44.88,-27.0,0.099
2025-04-01T00:48:59.000,15.19,-5.13,6.99,18.25,20.36,9488,-44.82,-27.0,0.099
2025-04-01T00:49:59.000,15.21,-5.06,7.22,18.22,20.36,9489,-44.77,-27.0,0.099
2025-04-01T00:50:59.000,15.21,-4.98,7.01,18.25,20.36,9490,-44.72,-27.0,0.099
2025-04-01T00:51:59.000,15.21,-4.98,7.03,18.24,20.36,9491,-44.66,-27.0,0.099
2025-04-01T00:52:59.000,15.24,-4.75,7.11,18.23,20.36,9492,-44.61,-27.0,0.099
2025-04-01T00:53:59.000,15.25,-4.94,7.08,18.24,20.36,9493,-44.55,-27.0,0.099
2025-04-01T00:54:59.000,15.21,-5.0,6.92,18.26,20.36,9494,-44.5,-27.0,0.099
2025-04-01T00:55:59.000,15.18,-4.96,7.57,18.16,20.36,9495,-44.44,-27.0,0.099
2025-04-01T00:56:59.000,15.17,-4.83,7.29,18.21,20.36,9496,-44.38,-27.0,0.099
2025-04-01T00:57:59.000,15.21,-4.85,6.82,18.28,20.36,9497,-44.32,-27.0,0.099
2025-04-01T00:59:00.000,15.15,-5.43,6.72,18.29,20.36,9498,-44.25,-27.0,0.099
2025-04-01T01:00:00.000,15.06,-5.48,6.56,18.32,20.36,9499,-44.19,-27.0,0.099
2025-04-01T01:01:00.000,15.06,-5.28,6.54,18.32,20.36,9500,-44.13,-28.0,0.099
2025-04-01T01:02:00.000,15.06,-5.46,6.52,18.33,20.36,9501,-44.06,-28.0,0.099
2025-04-01T01:03:00.000,15.05,-5.4,6.45,18.34,20.36,9502,-43.99,-28.0,0.099
2025-04-01T01:04:00.000,15.04,-5.42,6.37,18.35,20.36,9503,-43.93,-28.0,0.099
2025-04-01T01:05:00.000,15.06,-5.37,6.32,18.36,20.36,9504,-43.86,-28.0,0.1
2025-04-01T01:06:00.000,15.04,-5.49,6.33,18.36,20.36,9505,-43.79,-28.0,0.1
2025-04-01T01:07:00.000,15.04,-5.33,6.25,18.37,20.36,9506,-43.72,-28.0,0.1
2025-04-01T01:08:00.000,15.0,-5.58,6.21,18.38,20.36,9507,-43.65,-28.0,0.1
2025-04-01T01:09:00.000,14.97,-5.57,6.12,18.39,20.36,9508,-43.58,-28.0,0.1
2025-04-01T01:10:00.000,15.01,-5.45,6.07,18.4,20.36,9509,-43.5,-28.0,0.1
2025-04-01T01:11:00.000,14.99,-5.56,6.07,18.4,20.36,9510,-43.43,-28.0,0.1
2025-04-01T01:12:00.000,14.96,-5.55,6.06,18.4,20.36,9511,-43.35,-28.0,0.1
2025-04-01T01:13:00.000,14.95,-5.59,6.08,18.4,20.36,9512,-43.28,-28.0,0.1
2025-04-01T01:14:01.000,14.97,-5.47,6.08,18.4,20.36,9513,-43.2,-28.0,0.1
2025-04-01T01:15:00.000,14.99,-5.43,6.08,18.4,20.36,9514,-43.12,-28.0,0.1
2025-04-01T01:16:01.000,15.01,-5.3,6.07,18.4,20.36,9515,-43.04,-28.0,0.1
2025-04-01T01:17:01.000,14.96,-5.69,6.11,18.4,20.36,9516,-42.96,-28.0,0.1
2025-04-01T01:18:01.000,14.97,-5.25,6.12,18.39,20.36,9517,-42.88,-28.0,0.1
2025-04-01T01:19:01.000,14.99,-5.42,6.13,18.39,20.36,9518,-42.79,-29.0,0.1
2025-04-01T01:20:01.000,15.03,-5.07,6.02,18.41,20.36,9519,-42.71,-29.0,0.1
2025-04-01T01:21:01.000,15.03,-5.35,5.97,18.42,20.36,9520,-42.63,-29.0,0.1
2025-04-01T01:22:01.000,14.97,-5.4,5.94,18.43,20.36,9521,-42.54,-29.0,0.1
2025-04-01T01:23:01.000,14.99,-5.23,5.94,18.43,20.36,9522,-42.45,-29.0,0.1
2025-04-01T01:24:01.000,14.96,-5.34,5.85,18.44,20.36,9523,-42.37,-29.0,0.101
2025-04-01T01:25:01.000,14.93,-5.34,5.84,18.44,20.36,9524,-42.28,-29.0,0.101
2025-04-01T01:26:01.000,14.95,-5.16,5.86,18.44,20.36,9525,-42.19,-29.0,0.101
2025-04-01T01:27:01.000,14.93,-5.34,5.82,18.45,20.36,9526,-42.1,-29.0,0.101
2025-04-01T01:28:01.000,14.91,-5.29,5.81,18.45,20.36,9527,-42.01,-29.0,0.101
2025-04-01T01:29:01.000,14.93,-5.21,5.85,18.44,20.36,9528,-41.92,-29.0,0.101
2025-04-01T01:30:01.000,14.95,-5.13,6.05,18.4,20.36,9529,-41.82,-29.0,0.101
2025-04-01T01:31:01.000,14.92,-5.35,6.05,18.41,20.36,9530,-41.73,-29.0,0.101
2025-04-01T01:32:01.000,14.88,-5.47,6.06,18.4,20.36,9531,-41.63,-29.0,0.101
2025-04-01T01:33:02.000,14.88,-5.29,6.05,18.41,20.36,9532,-41.54,-29.0,0.101
2025-04-01T01:34:02.000,14.87,-5.42,5.92,18.43,20.36,9533,-41.44,-29.0,0.101
2025-04-01T01:35:02.000,14.85,-5.42,5.84,18.45,20.36,9534,-41.34,-29.0,0.101
2025-04-01T01:36:02.000,14.87,-5.3,5.91,18.43,20.36,9535,-41.24,-29.0,0.101
2025-04-01T01:37:02.000,14.88,-5.19,5.95,18.43,20.36,9536,-41.14,-29.0,0.101
2025-04-01T01:38:02.000,14.89,-5.17,6.01,18.41,20.36,9537,-41.04,-29.0,0.101
2025-04-01T01:39:02.000,14.88,-5.34,6.0,18.42,20.36,9538,-40.94,-29.0,0.101
2025-04-01T01:40:02.000,14.87,-5.15,6.03,18.41,20.36,9539,-40.84,-29.0,0.101
2025-04-01T01:41:02.000,14.91,-5.06,6.02,18.41,20.36,9540,-40.74,-29.0,0.101
2025-04-01T01:42:02.000,14.9,-5.21,6.01,18.41,20.36,9541,-40.64,-29.0,0.101
2025-04-01T01:43:02.000,14.89,-5.1,6.01,18.41,20.36,9542,-40.53,-29.0,0.101
2025-04-01T01:44:02.000,14.95,-4.79,6.07,18.4,20.36,9543,-40.43,-29.0,0.102
2025-04-01T01:45:02.000,14.99,-4.74,6.1,18.4,20.36,9544,-40.32,-30.0,0.102
2025-04-01T01:46:02.000,15.02,-4.72,6.08,18.4,20.36,9545,-40.21,-30.0,0.102
2025-04-01T01:47:03.000,15.01,-4.75,6.2,18.38,20.36,9546,-40.1,-30.0,0.102
2025-04-01T01:48:03.000,15.02,-4.7,6.26,18.37,20.36,9547,-39.99,-30.0,0.102
2025-04-01T01:49:03.000,15.04,-4.83,6.3,18.36,20.36,9548,-39.89,-30.0,0.102
2025-04-01T01:50:03.000,14.99,-4.93,6.3,18.36,20.36,9549,-39.78,-30.0,0.102
2025-04-01T01:51:03.000,14.98,-4.97,6.29,18.36,20.36,9550,-39.66,-30.0,0.102
2025-04-01T01:52:03.000,14.96,-5.06,6.33,18.36,20.36,9551,-39.55,-30.0,0.102
2025-04-01T01:53:03.000,14.92,-5.03,6.32,18.36,20.36,9552,-39.44,-30.0,0.102
2025-04-01T01:54:03.000,14.92,-5.02,6.39,18.35,20.36,9553,-39.33,-30.0,0.102
2025-04-01T01:55:03.000,14.87,-5.3,6.49,18.33,20.36,9554,-39.21,-30.0,0.102
2025-04-01T01:56:03.000,14.82,-5.25,6.44,18.34,20.36,9555,-39.1,-30.0,0.102
2025-04-01T01:57:03.000,14.8,-5.18,6.48,18.33,20.36,9556,-38.98,-30.0,0.102
2025-04-01T01:58:03.000,14.79,-5.05,6.43,18.34,20.36,9557,-38.87,-30.0,0.102
2025-04-01T01:59:03.000,14.85,-4.77,6.39,18.35,20.36,9558,-38.75,-30.0,0.102
2025-04-01T02:00:03.000,14.86,-4.86,6.39,18.35,20.36,9559,-38.63,-30.0,0.102
2025-04-01T02:01:03.000,14.85,-4.81,6.37,18.35,20.36,9560,-38.51,-30.0,0.102
2025-04-01T02:03:03.000,14.73,-5.29,6.27,18.37,20.36,9562,-38.27,-30.0,0.103
2025-04-01T02:04:04.000,14.69,-5.16,6.29,18.36,20.36,9563,-38.15,-30.0,0.103
2025-04-01T02:05:04.000,14.68,-5.12,6.27,18.37,20.36,9564,-38.03,-30.0,0.103
2025-04-01T02:06:04.000,14.68,-5.0,6.31,18.36,20.36,9565,-37.9,-30.0,0.103
2025-04-01T02:07:04.000,14.64,-5.19,6.35,18.35,20.36,9566,-37.78,-30.0,0.103
2025-04-01T02:08:04.000,14.61,-5.21,6.26,18.37,20.36,9567,-37.66,-30.0,0.103
2025-04-01T02:09:04.000,14.53,-5.62,6.2,18.38,20.36,9568,-37.53,-30.0,0.103
2025-04-01T02:10:04.000,14.47,-5.65,6.17,18.39,20.36,9569,-37.41,-30.0,0.103
2025-04-01T02:11:04.000,14.39,-5.7,6.06,18.4,20.36,9570,-37.28,-30.0,0.103
2025-04-01T02:12:04.000,14.38,-5.66,6.08,18.4,20.36,9571,-37.16,-30.0,0.103
2025-04-01T02:13:04.000,14.4,-5.35,5.93,18.43,20.36,9572,-37.03,-30.0,0.103
2025-04-01T02:14:04.000,14.41,-5.49,5.83,18.45,20.36,9573,-36.9,-30.0,0.103
2025-04-01T02:15:04.000,14.38,-5.55,5.81,18.45,20.36,9574,-36.77,-30.0,0.103
2025-04-01T02:16:04.000,14.37,-5.54,5.97,18.42,20.36,9575,-36.64,-30.0,0.103
2025-04-01T02:17:04.000,14.31,-5.75,5.8,18.45,20.36,9576,-36.51,-30.0,0.103
2025-04-01T02:18:05.000,14.31,-5.58,5.87,18.44,20.36,9577,-36.38,-30.0,0.103
2025-04-01T02:19:04.000,14.24,-5.84,5.89,18.44,20.36,9578,-36.25,-30.0,0.103
2025-04-01T02:20:05.000,14.19,-5.88,5.91,18.43,20.36,9579,-36.12,-30.0,0.103
2025-04-01T02:21:05.000,14.2,-5.69,5.9,18.43,20.36,9580,-35.98,-30.0,0.103
2025-04-01T02:22:05.000,14.23,-5.63,5.91,18.43,20.36,9581,-35.85,-30.0,0.103
2025-04-01T02:23:05.000,14.16,-6.0,5.9,18.43,20.36,9582,-35.72,-30.0,0.104
2025-04-01T02:24:05.000,14.16,-5.7,5.88,18.44,20.36,9583,-35.58,-30.0,0.104
2025-04-01T02:25:05.000,14.13,-5.97,5.85,18.44,20.36,9584,-35.45,-30.0,0.104
2025-04-01T02:26:05.000,14.1,-5.78,5.89,18.44,20.36,9585,-35.31,-30.0,0.104
2025-04-01T02:27:05.000,14.11,-5.91,5.9,18.43,20.36,9586,-35.17,-30.0,0.104
2025-04-01T02:28:05.000,14.11,-5.73,5.87,18.44,20.36,9587,-35.04,-30.0,0.104
2025-04-01T02:29:05.000,14.13,-5.75,5.86,18.44,20.36,9588,-34.9,-30.0,0.104
2025-04-01T02:30:06.000,14.11,-5.76,5.83,18.45,20.36,9589,-34.76,-30.0,0.104
2025-04-01T02:31:06.000,14.04,-5.94,5.83,18.45,20.36,9590,-34.62,-30.0,0.104
2025-04-01T02:32:06.000,14.02,-5.86,5.82,18.45,20.36,9591,-34.48,-30.0,0.104
2025-04-01T02:33:06.000,14.0,-5.93,5.81,18.45,20.36,9592,-34.34,-30.0,0.104
2025-04-01T02:34:06.000,13.95,-6.05,5.82,18.45,20.36,9593,-34.2,-30.0,0.104
2025-04-01T02:35:06.000,13.92,-5.97,5.83,18.45,20.36,9594,-34.06,-30.0,0.104
2025-04-01T02:36:06.000,13.89,-5.98,5.81,18.45,20.36,9595,-33.92,-30.0,0.104
2025-04-01T02:37:06.000,13.9,-6.03,5.83,18.45,20.36,9596,-33.78,-30.0,0.104
2025-04-01T02:38:06.000,13.82,-6.25,5.82,18.45,20.36,9597,-33.63,-30.0,0.104
2025-04-01T02:39:06.000,13.8,-6.29,5.79,18.46,20.36,9598,-33.49,-30.0,0.104
2025-04-01T02:40:06.000,13.78,-6.22,5.81,18.45,20.36,9599,-33.35,-30.0,0.104
2025-04-01T02:41:06.000,13.77,-6.3,6.04,18.41,20.36,9600,-33.2,-30.0,0.104
2025-04-01T02:42:06.000,13.67,-6.58,5.9,18.43,20.36,9601,-33.06,-30.0,0.105
2025-04-01T02:43:06.000,13.6,-6.64,5.83,18.45,20.36,9602,-32.91,-30.0,0.105
2025-04-01T02:44:06.000,13.6,-6.42,5.83,18.45,20.36,9603,-32.77,-30.0,0.105
2025-04-01T02:45:07.000,13.61,-6.46,5.86,18.44,20.36,9604,-32.62,-30.0,0.105
2025-04-01T02:46:07.000,13.66,-6.14,5.9,18.43,20.36,9605,-32.47,-30.0,0.105
2025-04-01T02:47:08.000,13.73,-6.17,5.9,18.43,20.36,9606,-32.32,-30.0,0.105
2025-04-01T02:48:07.000,13.63,-6.51,5.89,18.43,20.36,9607,-32.17,-30.0,0.105
2025-04-01T02:49:07.000,13.65,-6.27,5.91,18.43,20.36,9608,-32.03,-30.0,0.105
2025-04-01T02:50:07.000,13.64,-6.29,5.92,18.43,20.36,9609,-31.88,-30.0,0.105
2025-04-01T02:51:07.000,13.66,-6.31,5.92,18.43,20.36,9610,-31.73,-30.0,0.105
2025-04-01T02:52:07.000,13.66,-6.22,5.92,18.43,20.36,9611,-31.58,-30.0,0.105
2025-04-01T02:53:07.000,13.62,-6.33,5.94,18.43,20.36,9612,-31.43,-30.0,0.105
2025-04-01T02:54:10.000,13.62,-6.43,5.94,18.43,20.36,9613,-31.27,-30.0,0.105
2025-04-01T02:55:09.000,13.55,-6.59,5.94,18.43,20.36,9614,-31.12,-29.0,0.105
2025-04-01T02:56:09.000,13.53,-6.56,5.93,18.43,20.36,9615,-30.97,-29.0,0.105
2025-04-01T02:57:10.000,13.47,-6.63,5.91,18.43,20.36,9616,-30.81,-29.0,0.105
2025-04-01T02:58:14.000,13.46,-6.62,5.9,18.43,20.36,9617,-30.65,-29.0,0.105
2025-04-01T02:59:13.000,13.44,-6.57,5.81,18.45,20.36,9618,-30.5,-29.0,0.105
2025-04-01T03:00:13.000,13.43,-6.59,5.77,18.46,20.36,9619,-30.34,-29.0,0.105
2025-04-01T03:01:14.000,13.41,-6.57,5.85,18.44,20.36,9620,-30.19,-29.0,0.106
2025-04-01T03:02:14.000,13.36,-6.86,5.83,18.45,20.36,9621,-30.03,-29.0,0.106
2025-04-01T03:03:14.000,13.33,-6.68,5.84,18.44,20.36,9622,-29.88,-29.0,0.106
2025-04-01T03:04:14.000,13.33,-6.7,5.84,18.44,20.36,9623,-29.72,-29.0,0.106
2025-04-01T03:05:14.000,13.32,-6.67,5.86,18.44,20.36,9624,-29.56,-29.0,0.106
2025-04-01T03:06:14.000,13.37,-6.53,5.85,18.44,20.36,9625,-29.41,-29.0,0.106
2025-04-01T03:07:15.000,13.4,-6.47,5.86,18.44,20.36,9626,-29.25,-29.0,0.106
2025-04-01T03:08:15.000,13.42,-6.51,5.86,18.44,20.36,9627,-29.09,-29.0,0.106
2025-04-01T03:09:15.000,13.45,-6.39,5.9,18.43,20.36,9628,-28.93,-29.0,0.106
2025-04-01T03:10:15.000,13.47,-6.45,5.91,18.43,20.36,9629,-28.77,-29.0,0.106
2025-04-01T03:11:15.000,13.46,-6.48,5.93,18.43,20.36,9630,-28.61,-29.0,0.106
2025-04-01T03:12:15.000,13.48,-6.39,5.93,18.43,20.36,9631,-28.45,-29.0,0.106
2025-04-01T03:13:15.000,13.5,-6.39,5.97,18.42,20.36,9632,-28.29,-29.0,0.106
2025-04-01T03:14:15.000,13.52,-6.31,5.96,18.42,20.36,9633,-28.13,-29.0,0.106
2025-04-01T03:15:16.000,13.53,-6.38,5.92,18.43,20.36,9634,-27.97,-29.0,0.106
2025-04-01T03:16:15.000,13.51,-6.39,5.91,18.43,20.36,9635,-27.81,-29.0,0.106
2025-04-01T03:17:15.000,13.52,-6.42,5.88,18.44,20.36,9636,-27.65,-29.0,0.106
2025-04-01T03:18:15.000,13.51,-6.37,5.84,18.44,20.36,9637,-27.49,-29.0,0.106
2025-04-01T03:19:15.000,13.52,-6.38,5.83,18.45,20.36,9638,-27.33,-29.0,0.106
2025-04-01T03:20:15.000,13.52,-6.29,5.86,18.44,20.36,9639,-27.17,-28.0,0.106
2025-04-01T03:21:15.000,13.53,-6.32,5.93,18.43,20.36,9640,-27.0,-28.0,0.107
2025-04-01T03:22:15.000,13.52,-6.33,5.73,18.47,20.36,9641,-26.84,-28.0,0.107
2025-04-01T03:23:16.000,13.51,-6.39,5.82,18.45,20.36,9642,-26.67,-28.0,0.107
2025-04-01T03:24:16.000,13.53,-6.21,5.78,18.46,20.36,9643,-26.51,-28.0,0.107
2025-04-01T03:25:16.000,13.57,-6.12,5.85,18.44,20.36,9644,-26.34,-28.0,0.107
2025-04-01T03:26:16.000,13.57,-6.22,5.83,18.45,20.36,9645,-26.18,-28.0,0.107
2025-04-01T03:27:16.000,13.58,-6.15,5.98,18.42,20.36,9646,-26.01,-28.0,0.107
2025-04-01T03:28:16.000,13.59,-6.24,5.96,18.42,20.36,9647,-25.85,-28.0,0.107
2025-04-01T03:29:16.000,13.6,-6.27,5.85,18.44,20.36,9648,-25.68,-28.0,0.107
2025-04-01T03:30:16.000,13.61,-6.2,5.96,18.42,20.36,9649,-25.52,-28.0,0.107
2025-04-01T03:31:16.000,13.66,-6.14,5.91,18.43,20.36,9650,-25.35,-28.0,0.107
