ecsv/stars75/stars75_2024-04.ecsv
# %ECSV 1.0
# ---
# datatype:
# - {name: time, datatype: string}
# - {name: Enclosure Temperature, unit: deg_C, datatype: float64}
# - {name: Sky Temperature, unit: deg_C, datatype: float64}
# - {name: Frequency, unit: Hz, datatype: float64}
# - {name: MSAS, unit: mag / arcsec2, datatype: float64}
# - {name: ZP, datatype: float64}
# - {name: Sequence Number, datatype: int64}
# - {name: Sun Alt, unit: deg, datatype: float64}
# - {name: Moon Alt, unit: deg, datatype: float64}
# - {name: Moon Illumination, datatype: float64}
# delimiter: ','
# meta: !!omap
# - ida:
#     Data supplier: {affiliation: null, observer: Enric Marco}
#     Device type: TESS-W
#     Field of view: 17.0
#     Filters per channel: None
#     Instrument ID: stars75
#     License: ODbL 1.0 http://opendatacommons.org/licenses/odbl/summary/
#     Local timezone: Europe/Madrid
#     Location name: {country: '- Valencia', place: Valencia, region: Spain, sub_region: Valencian Community, town: "Comarca de Val\xE8\
#         ncia"}
#     Measurement direction per channel: {azimuth: 0.0, zenital: 0.0}
#     Moving / Fixed look direction: FIXED
#     Moving / Stationary position: STATIONARY
#     Number of channels: 1
#     Number of fields per line: 8
#     Number of header lines: 35
#     Position: {height: 0.0, latitude: 39.478898, longitude: -0.376524}
#     TESS MAC address: 5C:CF:7F:82:8D:8B
#     TESS cover offset value: 0.0
#     TESS firmware version: Unknown
#     TESS zero point: 20.36
#     Time Synchronization: timestamp added by MQTT subscriber
#     URL: http://www.darksky.org/NSBM/sdf1.0.pdf
# - __serialized_columns__:
#     Enclosure Temperature:
#       __class__: astropy.units.quantity.Quantity
#       unit: &id001 !astropy.units.Unit {unit: deg_C}
#       value: !astropy.table.SerializedColumn {name: Enclosure Temperature}
#     Frequency:
#       __class__: astropy.units.quantity.Quantity
#       unit: !astropy.units.Unit {unit: Hz}
#       value: !astropy.table.SerializedColumn {name: Frequency}
#     MSAS:
#       __class__: astropy.units.quantity.Quantity
#       unit: !astropy.units.Unit {unit: mag / arcsec2}
#       value: !astropy.table.SerializedColumn {name: MSAS}
#     Moon Alt:
#       __class__: astropy.units.quantity.Quantity
#       unit: &id002 !astropy.units.Unit {unit: deg}
#       value: !astropy.table.SerializedColumn {name: Moon Alt}
#     Sky Temperature:
#       __class__: astropy.units.quantity.Quantity
#       unit: *id001
#       value: !astropy.table.SerializedColumn {name: Sky Temperature}
#     Sun Alt:
#       __class__: astropy.units.quantity.Quantity
#       unit: *id002
#       value: !astropy.table.SerializedColumn {name: Sun Alt}
#     time:
#       __class__: astropy.time.core.Time
#       format: isot
#       in_subfmt: '*'
#       out_subfmt: '*'
#       precision: 3
#       scale: utc
#       value: !astropy.table.SerializedColumn {name: time}
# schema: astropy-2.0
time,Enclosure Temperature,Sky Temperature,Frequency,MSAS,ZP,Sequence Number,Sun Alt,Moon Alt,Moon Illumination
[from data line 10398]
2024-04-26T18:59:51.000,19.69,9.17,22868.74,9.46,20.36,18827,-2.51,-30.0,0.923
2024-04-26T19:00:51.000,19.73,10.34,20335.22,9.59,20.36,18828,-2.69,-29.0,0.922
2024-04-26T19:01:51.000,19.76,10.99,17625.64,9.75,20.36,18829,-2.88,-29.0,0.922
2024-04-26T19:02:51.000,19.78,11.51,14850.88,9.93,20.36,18830,-3.06,-29.0,0.922
2024-04-26T19:03:51.000,19.81,12.23,12642.22,10.11,20.36,18831,-3.24,-29.0,0.922
2024-04-26T19:04:51.000,19.86,12.14,11156.11,10.24,20.36,18832,-3.42,-29.0,0.922
2024-04-26T19:05:51.000,19.87,12.08,9839.21,10.38,20.36,18833,-3.6,-28.0,0.922
2024-04-26T19:06:51.000,19.8,11.33,8308.51,10.56,20.36,18834,-3.78,-28.0,0.922
2024-04-26T19:07:51.000,19.7,10.41,7037.82,10.74,20.36,18835,-3.95,-28.0,0.922
2024-04-26T19:08:51.000,19.74,9.23,5566.2,11.0,20.36,18836,-4.13,-28.0,0.922
2024-04-26T19:10:56.000,19.58,7.03,3469.76,11.51,20.36,18838,-4.51,-28.0,0.922
2024-04-26T19:11:56.000,19.59,7.11,2940.73,11.69,20.36,18839,-4.69,-27.0,0.922
2024-04-26T19:12:56.000,19.58,7.14,2461.28,11.88,20.36,18840,-4.86,-27.0,0.922
2024-04-26T19:13:56.000,19.51,7.34,2094.38,12.06,20.36,18841,-5.04,-27.0,0.922
2024-04-26T19:14:56.000,19.59,7.8,1768.2,12.24,20.36,18842,-5.22,-27.0,0.922
2024-04-26T19:15:56.000,19.62,7.88,1421.17,12.48,20.36,18843,-5.4,-27.0,0.922
2024-04-26T19:16:56.000,19.63,8.11,1136.69,12.72,20.36,18844,-5.57,-26.0,0.922
2024-04-26T19:17:56.000,19.6,8.33,909.06,12.97,20.36,18845,-5.75,-26.0,0.922
2024-04-26T19:18:57.000,19.64,8.87,730.54,13.2,20.36,18846,-5.93,-26.0,0.922
2024-04-26T19:21:07.000,19.73,10.99,526.64,13.56,20.36,18848,-6.31,-26.0,0.922
2024-04-26T19:22:08.000,19.65,10.91,469.84,13.68,20.36,18849,-6.49,-26.0,0.922
2024-04-26T19:23:09.000,19.64,10.6,412.97,13.82,20.36,18850,-6.67,-25.0,0.922
2024-04-26T19:24:12.000,19.63,9.47,358.7,13.97,20.36,18851,-6.86,-25.0,0.922
2024-04-26T19:25:12.000,19.61,9.12,294.54,14.19,20.36,18852,-7.03,-25.0,0.922
2024-04-26T19:26:12.000,19.61,7.52,195.28,14.64,20.36,18853,-7.21,-25.0,0.922
2024-04-26T19:27:13.000,19.49,6.86,166.22,14.81,20.36,18854,-7.39,-25.0,0.921
2024-04-26T19:28:13.000,19.49,6.6,152.43,14.9,20.36,18855,-7.56,-24.0,0.921
2024-04-26T19:29:13.000,19.43,6.61,134.65,15.04,20.36,18856,-7.74,-24.0,0.921
2024-04-26T19:30:13.000,19.39,6.61,118.92,15.17,20.36,18857,-7.91,-24.0,0.921
2024-04-26T19:31:13.000,19.44,7.56,122.05,15.14,20.36,18858,-8.08,-24.0,0.921
2024-04-26T19:32:13.000,19.55,8.34,131.3,15.06,20.36,18859,-8.26,-24.0,0.921
2024-04-26T19:33:13.000,19.6,8.28,138.11,15.01,20.36,18860,-8.43,-24.0,0.921
2024-04-26T19:34:13.000,19.55,8.05,153.45,14.9,20.36,18861,-8.61,-23.0,0.921
2024-04-26T19:35:13.000,19.44,8.43,164.99,14.82,20.36,18862,-8.78,-23.0,0.921
2024-04-26T19:36:13.000,19.43,8.68,167.84,14.8,20.36,18863,-8.95,-23.0,0.921
2024-04-26T19:37:13.000,19.44,8.75,155.12,14.88,20.36,18864,-9.12,-23.0,0.921
2024-04-26T19:38:13.000,19.48,8.12,124.56,15.12,20.36,18865,-9.3,-23.0,0.921
2024-04-26T19:39:13.000,19.39,6.91,99.68,15.37,20.36,18866,-9.47,-23.0,0.921
2024-04-26T19:40:13.000,19.26,6.75,88.2,15.5,20.36,18867,-9.64,-22.0,0.921
2024-04-26T19:41:14.000,19.17,6.65,88.16,15.5,20.36,18868,-9.82,-22.0,0.921
2024-04-26T19:42:13.000,19.12,7.02,99.25,15.37,20.36,18869,-9.98,-22.0,0.921
2024-04-26T19:43:13.000,19.14,7.85,123.91,15.13,20.36,18870,-10.15,-22.0,0.921
2024-04-26T19:44:13.000,19.25,8.64,146.18,14.95,20.36,18871,-10.33,-22.0,0.921
2024-04-26T19:45:14.000,19.33,8.99,160.72,14.85,20.36,18872,-10.5,-21.0,0.921
2024-04-26T19:46:14.000,19.29,8.96,166.18,14.81,20.36,18873,-10.67,-21.0,0.921
2024-04-26T19:47:14.000,19.36,9.53,169.68,14.79,20.36,18874,-10.84,-21.0,0.921
2024-04-26T19:48:14.000,19.44,9.49,170.56,14.78,20.36,18875,-11.01,-21.0,0.921
2024-04-26T19:49:16.000,19.49,9.74,171.12,14.78,20.36,18876,-11.18,-21.0,0.921
2024-04-26T19:51:15.000,19.57,9.84,166.14,14.81,20.36,18878,-11.52,-20.0,0.921
2024-04-26T19:52:15.000,19.57,9.5,159.01,14.86,20.36,18879,-11.69,-20.0,0.921
2024-04-26T19:53:15.000,19.43,9.14,160.72,14.85,20.36,18880,-11.86,-20.0,0.92
2024-04-26T19:55:15.000,19.37,10.32,202.56,14.59,20.36,18882,-12.19,-20.0,0.92
2024-04-26T19:58:15.000,19.44,10.87,226.67,14.47,20.36,18885,-12.69,-19.0,0.92
2024-04-26T20:01:16.000,19.54,11.0,203.87,14.59,20.36,18888,-13.19,-19.0,0.92
2024-04-26T20:02:16.000,19.53,10.39,194.47,14.64,20.36,18889,-13.36,-18.0,0.92
2024-04-26T20:03:16.000,19.47,10.3,178.54,14.73,20.36,18890,-13.52,-18.0,0.92
2024-04-26T20:05:16.000,19.49,9.78,152.16,14.9,20.36,18892,-13.85,-18.0,0.92
2024-04-26T20:09:16.000,19.5,9.89,170.31,14.78,20.36,18896,-14.51,-17.0,0.92
2024-04-26T20:10:16.000,19.5,9.89,173.24,14.76,20.36,18897,-14.67,-17.0,0.92
2024-04-26T20:12:16.000,19.61,10.25,160.02,14.85,20.36,18899,-14.99,-17.0,0.92
2024-04-26T20:13:16.000,19.63,10.06,145.84,14.95,20.36,18900,-15.16,-17.0,0.92
2024-04-26T20:14:16.000,19.7,10.05,128.57,15.09,20.36,18901,-15.32,-16.0,0.92
2024-04-26T20:15:16.000,19.75,9.38,114.22,15.22,20.36,18902,-15.48,-16.0,0.92
2024-04-26T20:17:16.000,19.54,7.73,77.09,15.64,20.36,18904,-15.8,-16.0,0.92
2024-04-26T20:21:17.000,19.2,6.58,53.14,16.05,20.36,18908,-16.44,-15.0,0.919
2024-04-26T20:22:17.000,19.12,6.25,46.79,16.19,20.36,18909,-16.6,-15.0,0.919
2024-04-26T20:23:17.000,19.12,6.28,43.7,16.26,20.36,18910,-16.76,-15.0,0.919
2024-04-26T20:24:17.000,19.08,5.86,41.59,16.31,20.36,18911,-16.92,-15.0,0.919
2024-04-26T20:25:17.000,19.09,6.06,41.85,16.31,20.36,18912,-17.07,-15.0,0.919
2024-04-26T20:26:17.000,19.13,6.37,45.65,16.21,20.36,18913,-17.23,-14.0,0.919
2024-04-26T20:27:17.000,19.09,6.08,55.76,16.0,20.36,18914,-17.39,-14.0,0.919
2024-04-26T20:28:17.000,19.1,6.19,68.55,15.77,20.36,18915,-17.54,-14.0,0.919
2024-04-26T20:29:17.000,19.08,6.18,71.27,15.73,20.36,18916,-17.7,-14.0,0.919
2024-04-26T20:30:18.000,19.13,6.16,62.05,15.88,20.36,18917,-17.86,-14.0,0.919
2024-04-26T20:31:18.000,19.06,5.13,47.38,16.17,20.36,18918,-18.01,-14.0,0.919
2024-04-26T20:32:18.000,18.95,4.61,37.92,16.42,20.36,18919,-18.17,-13.0,0.919
2024-04-26T20:33:18.000,18.98,4.71,30.03,16.67,20.36,18920,-18.32,-13.0,0.919
2024-04-26T20:34:19.000,18.98,4.15,26.17,16.82,20.36,18921,-18.48,-13.0,0.919
2024-04-26T20:35:19.000,18.99,3.92,24.88,16.87,20.36,18922,-18.63,-13.0,0.919
2024-04-26T20:36:18.000,18.93,3.69,24.61,16.88,20.36,18923,-18.78,-13.0,0.919
2024-04-26T20:37:18.000,18.87,3.47,24.95,16.87,20.36,18924,-18.94,-13.0,0.919
2024-04-26T20:38:18.000,18.81,3.7,25.35,16.85,20.36,18925,-19.09,-12.0,0.919
2024-04-26T20:39:18.000,18.88,3.92,26.6,16.8,20.36,18926,-19.24,-12.0,0.919
2024-04-26T20:40:18.000,18.78,3.82,30.42,16.65,20.36,18927,-19.39,-12.0,0.919
2024-04-26T20:41:18.000,18.74,4.68,41.74,16.31,20.36,18928,-19.54,-12.0,0.919
2024-04-26T20:42:19.000,18.74,5.86,48.21,16.15,20.36,18929,-19.7,-12.0,0.919
2024-04-26T20:43:19.000,18.8,5.67,45.16,16.22,20.36,18930,-19.85,-12.0,0.919
2024-04-26T20:44:20.000,18.88,5.15,39.53,16.37,20.36,18931,-20.0,-11.0,0.919
2024-04-26T20:45:19.000,18.9,4.97,37.98,16.41,20.36,18932,-20.15,-11.0,0.918
2024-04-26T20:46:19.000,18.81,5.16,44.04,16.25,20.36,18933,-20.29,-11.0,0.918
2024-04-26T20:47:19.000,18.81,6.0,51.85,16.08,20.36,18934,-20.44,-11.0,0.918
2024-04-26T20:48:19.000,18.76,6.53,60.48,15.91,20.36,18935,-20.59,-11.0,0.918
2024-04-26T20:49:19.000,18.79,7.61,75.35,15.67,20.36,18936,-20.74,-11.0,0.918
2024-04-26T20:50:19.000,18.92,8.53,81.43,15.58,20.36,18937,-20.89,-10.0,0.918
2024-04-26T20:51:19.000,19.01,8.63,78.66,15.62,20.36,18938,-21.03,-10.0,0.918
2024-04-26T20:52:19.000,19.06,8.86,85.71,15.53,20.36,18939,-21.18,-10.0,0.918
2024-04-26T20:53:19.000,19.19,9.92,100.61,15.35,20.36,18940,-21.32,-10.0,0.918
2024-04-26T20:54:19.000,19.23,9.24,93.57,15.43,20.36,18941,-21.47,-10.0,0.918
2024-04-26T20:55:19.000,19.18,9.27,89.33,15.48,20.36,18942,-21.62,-10.0,0.918
2024-04-26T20:56:20.000,19.23,10.77,130.29,15.08,20.36,18943,-21.76,-9.0,0.918
2024-04-26T20:57:20.000,19.26,11.47,139.57,15.0,20.36,18944,-21.91,-9.0,0.918
2024-04-26T20:59:23.000,19.34,9.95,92.29,15.45,20.36,18946,-22.2,-9.0,0.918
2024-04-26T21:00:23.000,19.38,9.43,79.75,15.61,20.36,18947,-22.34,-9.0,0.918
2024-04-26T21:01:23.000,19.5,8.88,67.66,15.78,20.36,18948,-22.48,-9.0,0.918
2024-04-26T21:02:23.000,19.44,8.16,67.34,15.79,20.36,18949,-22.63,-8.0,0.918
2024-04-26T21:03:23.000,19.37,8.52,76.84,15.65,20.36,18950,-22.77,-8.0,0.918
2024-04-26T21:04:23.000,19.37,10.49,107.73,15.29,20.36,18951,-22.91,-8.0,0.918
2024-04-26T21:05:23.000,19.49,12.36,149.87,14.92,20.36,18952,-23.05,-8.0,0.918
2024-04-26T21:06:23.000,19.55,13.49,196.56,14.63,20.36,18953,-23.19,-8.0,0.918
2024-04-26T21:07:23.000,19.69,13.89,212.11,14.54,20.36,18954,-23.33,-8.0,0.918
2024-04-26T21:08:23.000,19.71,13.42,192.36,14.65,20.36,18955,-23.46,-7.0,0.918
2024-04-26T21:09:23.000,19.63,12.86,170.45,14.78,20.36,18956,-23.6,-7.0,0.918
2024-04-26T21:10:24.000,19.79,13.56,165.48,14.81,20.36,18957,-23.74,-7.0,0.917
2024-04-26T21:11:25.000,19.88,12.97,169.96,14.78,20.36,18958,-23.88,-7.0,0.917
2024-04-26T21:12:24.000,19.74,12.38,156.13,14.88,20.36,18959,-24.02,-7.0,0.917
2024-04-26T21:13:25.000,19.65,11.92,132.95,15.05,20.36,18960,-24.15,-7.0,0.917
2024-04-26T21:14:28.000,19.63,11.55,122.58,15.14,20.36,18961,-24.3,-6.0,0.917
2024-04-26T21:15:27.000,19.55,11.05,111.38,15.24,20.36,18962,-24.43,-6.0,0.917
2024-04-26T21:16:27.000,19.53,11.32,131.66,15.06,20.36,18963,-24.56,-6.0,0.917
2024-04-26T21:17:27.000,19.52,11.21,115.23,15.21,20.36,18964,-24.7,-6.0,0.917
2024-04-26T21:18:27.000,19.51,10.61,107.82,15.28,20.36,18965,-24.83,-6.0,0.917
2024-04-26T21:19:27.000,19.5,11.45,135.84,15.03,20.36,18966,-24.96,-6.0,0.917
2024-04-26T21:20:28.000,19.56,11.52,126.61,15.11,20.36,18967,-25.1,-5.0,0.917
2024-04-26T21:21:28.000,19.63,11.4,111.03,15.25,20.36,18968,-25.23,-5.0,0.917
2024-04-26T21:22:28.000,19.72,10.9,106.27,15.29,20.36,18969,-25.36,-5.0,0.917
2024-04-26T21:23:28.000,19.69,11.56,149.66,14.93,20.36,18970,-25.49,-5.0,0.917
2024-04-26T21:24:29.000,19.74,11.92,137.96,15.01,20.36,18971,-25.62,-5.0,0.917
2024-04-26T21:25:29.000,19.69,10.28,112.27,15.24,20.36,18972,-25.75,-5.0,0.917
2024-04-26T21:26:28.000,19.55,9.46,89.84,15.48,20.36,18973,-25.88,-5.0,0.917
2024-04-26T21:27:30.000,19.56,10.65,115.69,15.21,20.36,18974,-26.01,-4.0,0.917
2024-04-26T21:28:29.000,19.54,11.58,128.59,15.09,20.36,18975,-26.14,-4.0,0.917
2024-04-26T21:29:31.000,19.63,10.76,95.07,15.44,20.36,18976,-26.27,-4.0,0.917
2024-04-26T21:30:31.000,19.6,9.08,72.66,15.71,20.36,18977,-26.39,-4.0,0.917
2024-04-26T21:31:31.000,19.52,8.69,66.89,15.8,20.36,18978,-26.52,-4.0,0.917
2024-04-26T21:32:31.000,19.46,8.8,66.73,15.8,20.36,18979,-26.65,-4.0,0.917
2024-04-26T21:33:31.000,19.39,8.83,69.2,15.76,20.36,18980,-26.77,-3.0,0.917
2024-04-26T21:34:31.000,19.34,8.39,62.66,15.87,20.36,18981,-26.89,-3.0,0.917
2024-04-26T21:35:32.000,19.3,7.95,56.02,15.99,20.36,18982,-27.02,-3.0,0.917
2024-04-26T21:36:31.000,19.21,7.34,55.86,15.99,20.36,18983,-27.14,-3.0,0.916
2024-04-26T21:37:31.000,19.14,7.38,54.09,16.03,20.36,18984,-27.26,-3.0,0.916
2024-04-26T21:38:31.000,19.07,7.64,56.55,15.98,20.36,18985,-27.38,-3.0,0.916
2024-04-26T21:39:31.000,19.05,7.32,50.95,16.1,20.36,18986,-27.51,-2.0,0.916
2024-04-26T21:40:31.000,19.05,6.36,42.61,16.29,20.36,18987,-27.63,-2.0,0.916
2024-04-26T21:41:31.000,18.97,5.43,38.42,16.4,20.36,18988,-27.75,-2.0,0.916
2024-04-26T21:42:32.000,18.86,4.89,34.56,16.51,20.36,18989,-27.87,-2.0,0.916
2024-04-26T21:43:32.000,18.78,4.85,32.38,16.58,20.36,18990,-27.98,-2.0,0.916
2024-04-26T21:44:32.000,18.76,4.86,30.85,16.64,20.36,18991,-28.1,-2.0,0.916
2024-04-26T21:45:32.000,18.72,4.62,29.55,16.68,20.36,18992,-28.22,-2.0,0.916
2024-04-26T21:46:32.000,18.67,4.44,28.5,16.72,20.36,18993,-28.34,-1.0,0.916
2024-04-26T21:47:32.000,18.55,4.17,28.11,16.74,20.36,18994,-28.45,-1.0,0.916
2024-04-26T21:48:32.000,18.56,4.68,27.84,16.75,20.36,18995,-28.57,-1.0,0.916
2024-04-26T21:49:33.000,18.6,4.52,27.54,16.76,20.36,18996,-28.68,-1.0,0.916
2024-04-26T21:50:32.000,18.67,4.77,26.97,16.78,20.36,18997,-28.8,-1.0,0.916
2024-04-26T21:51:32.000,18.52,3.78,26.82,16.79,20.36,18998,-28.91,-1.0,0.916
2024-04-26T21:52:32.000,18.4,3.77,26.27,16.81,20.36,18999,-29.02,-1.0,0.916
2024-04-26T21:53:32.000,18.37,3.83,25.7,16.84,20.36,19000,-29.13,-0.0,0.916
2024-04-26T21:54:32.000,18.38,3.92,24.42,16.89,20.36,19001,-29.24,-0.0,0.916
2024-04-26T21:55:32.000,18.41,4.15,24.39,16.89,20.36,19002,-29.36,-0.0,0.916
2024-04-26T21:56:32.000,18.43,3.69,23.81,16.92,20.36,19003,-29.47,0.0,0.916
2024-04-26T21:57:32.000,18.35,3.38,22.61,16.97,20.36,19004,-29.57,0.0,0.916
2024-04-26T21:58:33.000,18.27,3.3,21.58,17.03,20.36,19005,-29.68,0.0,0.916
2024-04-26T21:59:33.000,18.26,3.25,21.12,17.05,20.36,19006,-29.79,1.0,0.916
2024-04-26T22:00:33.000,18.21,3.1,21.1,17.05,20.36,19007,-29.9,1.0,0.916
2024-04-26T22:01:33.000,18.25,3.67,21.05,17.05,20.36,19008,-30.01,1.0,0.915
2024-04-26T22:02:33.000,18.31,3.58,21.87,17.01,20.36,19009,-30.11,1.0,0.915
2024-04-26T22:03:33.000,18.3,3.9,24.71,16.88,20.36,19010,-30.22,1.0,0.915
2024-04-26T22:04:33.000,18.25,3.64,23.37,16.94,20.36,19011,-30.32,1.0,0.915
2024-04-26T22:05:33.000,18.24,3.31,20.99,17.06,20.36,19012,-30.42,1.0,0.915
2024-04-26T22:06:33.000,18.22,3.19,19.05,17.16,20.36,19013,-30.53,2.0,0.915
2024-04-26T22:07:33.000,18.26,3.22,17.56,17.25,20.36,19014,-30.63,2.0,0.915
2024-04-26T22:08:33.000,18.25,3.09,16.97,17.29,20.36,19015,-30.73,2.0,0.915
2024-04-26T22:09:33.000,18.27,3.44,17.82,17.23,20.36,19016,-30.83,2.0,0.915
2024-04-26T22:10:33.000,18.24,3.19,18.07,17.22,20.36,19017,-30.93,2.0,0.915
2024-04-26T22:11:33.000,18.15,2.91,18.57,17.19,20.36,19018,-31.03,2.0,0.915
2024-04-26T22:12:33.000,18.07,3.05,18.55,17.19,20.36,19019,-31.13,2.0,0.915
2024-04-26T22:13:34.000,18.07,3.3,18.27,17.21,20.36,19020,-31.23,3.0,0.915
2024-04-26T22:14:34.000,18.06,3.3,18.23,17.21,20.36,19021,-31.32,3.0,0.915
2024-04-26T22:15:34.000,18.09,3.78,18.75,17.18,20.36,19022,-31.42,3.0,0.915
2024-04-26T22:16:34.000,18.15,3.89,19.42,17.14,20.36,19023,-31.52,3.0,0.915
2024-04-26T22:17:35.000,18.2,3.87,19.76,17.12,20.36,19024,-31.61,3.0,0.915
2024-04-26T22:18:34.000,18.23,4.15,20.27,17.09,20.36,19025,-31.7,3.0,0.915
2024-04-26T22:19:34.000,18.3,4.19,20.22,17.1,20.36,19026,-31.8,3.0,0.915
2024-04-26T22:20:34.000,18.23,3.94,21.03,17.05,20.36,19027,-31.89,4.0,0.915
2024-04-26T22:21:34.000,18.24,4.06,21.7,17.02,20.36,19028,-31.98,4.0,0.915
2024-04-26T22:22:34.000,18.23,4.26,22.4,16.98,20.36,19029,-32.07,4.0,0.915
2024-04-26T22:23:34.000,18.21,4.35,23.39,16.94,20.36,19030,-32.16,4.0,0.915
2024-04-26T22:24:34.000,18.2,4.59,24.29,16.9,20.36,19031,-32.25,4.0,0.915
2024-04-26T22:25:34.000,18.27,5.0,24.53,16.89,20.36,19032,-32.34,4.0,0.915
2024-04-26T22:26:34.000,18.38,5.22,25.31,16.85,20.36,19033,-32.43,4.0,0.914
2024-04-26T22:27:34.000,18.41,4.97,25.98,16.82,20.36,19034,-32.51,5.0,0.914
2024-04-26T22:28:34.000,18.45,5.23,26.16,16.82,20.36,19035,-32.6,5.0,0.914
2024-04-26T22:29:34.000,18.47,4.79,25.36,16.85,20.36,19036,-32.68,5.0,0.914
2024-04-26T22:30:35.000,18.45,4.51,24.6,16.88,20.36,19037,-32.77,5.0,0.914
2024-04-26T22:31:35.000,18.39,4.36,25.06,16.86,20.36,19038,-32.85,5.0,0.914
2024-04-26T22:32:35.000,18.32,4.16,25.95,16.82,20.36,19039,-32.93,5.0,0.914
2024-04-26T22:33:35.000,18.36,4.77,28.73,16.72,20.36,19040,-33.02,5.0,0.914
2024-04-26T22:34:35.000,18.4,5.22,35.37,16.49,20.36,19041,-33.1,6.0,0.914
2024-04-26T22:35:35.000,18.39,5.51,37.67,16.42,20.36,19042,-33.18,6.0,0.914
2024-04-26T22:36:35.000,18.36,5.71,36.3,16.46,20.36,19043,-33.26,6.0,0.914
2024-04-26T22:37:35.000,18.29,5.58,34.04,16.53,20.36,19044,-33.33,6.0,0.914
2024-04-26T22:38:35.000,18.28,6.07,35.56,16.48,20.36,19045,-33.41,6.0,0.914
2024-04-26T22:39:35.000,18.35,6.81,40.11,16.35,20.36,19046,-33.49,6.0,0.914
2024-04-26T22:40:35.000,18.37,7.31,46.28,16.2,20.36,19047,-33.56,6.0,0.914
2024-04-26T22:41:35.000,18.44,8.06,49.45,16.13,20.36,19048,-33.64,6.0,0.914
2024-04-26T22:42:35.000,18.51,8.56,63.7,15.85,20.36,19049,-33.71,7.0,0.914
2024-04-26T22:43:35.000,18.6,9.16,70.2,15.74,20.36,19050,-33.79,7.0,0.914
