ecsv/stars75/stars75_2024-04.ecsv
# %ECSV 1.0
# ---
# datatype:
# - {name: time, datatype: string}
# - {name: Enclosure Temperature, unit: deg_C, datatype: float64}
# - {name: Sky Temperature, unit: deg_C, datatype: float64}
# - {name: Frequency, unit: Hz, datatype: float64}
# - {name: MSAS, unit: mag / arcsec2, datatype: float64}
# - {name: ZP, datatype: float64}
# - {name: Sequence Number, datatype: int64}
# - {name: Sun Alt, unit: deg, datatype: float64}
# - {name: Moon Alt, unit: deg, datatype: float64}
# - {name: Moon Illumination, datatype: float64}
# delimiter: ','
# meta: !!omap
# - ida:
#     Data supplier: {affiliation: null, observer: Enric Marco}
#     Device type: TESS-W
#     Field of view: 17.0
#     Filters per channel: None
#     Instrument ID: stars75
#     License: ODbL 1.0 http://opendatacommons.org/licenses/odbl/summary/
#     Local timezone: Europe/Madrid
#     Location name: {country: '- Valencia', place: Valencia, region: Spain, sub_region: Valencian Community, town: "Comarca de Val\xE8\
#         ncia"}
#     Measurement direction per channel: {azimuth: 0.0, zenital: 0.0}
#     Moving / Fixed look direction: FIXED
#     Moving / Stationary position: STATIONARY
#     Number of channels: 1
#     Number of fields per line: 8
#     Number of header lines: 35
#     Position: {height: 0.0, latitude: 39.478898, longitude: -0.376524}
#     TESS MAC address: 5C:CF:7F:82:8D:8B
#     TESS cover offset value: 0.0
#     TESS firmware version: Unknown
#     TESS zero point: 20.36
#     Time Synchronization: timestamp added by MQTT subscriber
#     URL: http://www.darksky.org/NSBM/sdf1.0.pdf
# - __serialized_columns__:
#     Enclosure Temperature:
#       __class__: astropy.units.quantity.Quantity
#       unit: &id001 !astropy.units.Unit {unit: deg_C}
#       value: !astropy.table.SerializedColumn {name: Enclosure Temperature}
#     Frequency:
#       __class__: astropy.units.quantity.Quantity
#       unit: !astropy.units.Unit {unit: Hz}
#       value: !astropy.table.SerializedColumn {name: Frequency}
#     MSAS:
#       __class__: astropy.units.quantity.Quantity
#       unit: !astropy.units.Unit {unit: mag / arcsec2}
#       value: !astropy.table.SerializedColumn {name: MSAS}
#     Moon Alt:
#       __class__: astropy.units.quantity.Quantity
#       unit: &id002 !astropy.units.Unit {unit: deg}
#       value: !astropy.table.SerializedColumn {name: Moon Alt}
#     Sky Temperature:
#       __class__: astropy.units.quantity.Quantity
#       unit: *id001
#       value: !astropy.table.SerializedColumn {name: Sky Temperature}
#     Sun Alt:
#       __class__: astropy.units.quantity.Quantity
#       unit: *id002
#       value: !astropy.table.SerializedColumn {name: Sun Alt}
#     time:
#       __class__: astropy.time.core.Time
#       format: isot
#       in_subfmt: '*'
#       out_subfmt: '*'
#       precision: 3
#       scale: utc
#       value: !astropy.table.SerializedColumn {name: time}
# schema: astropy-2.0
time,Enclosure Temperature,Sky Temperature,Frequency,MSAS,ZP,Sequence Number,Sun Alt,Moon Alt,Moon Illumination
[from data line 11447]
2024-04-28T00:29:15.000,18.04,5.34,29.41,16.69,20.36,20587,-35.82,11.0,0.842
2024-04-28T00:30:15.000,18.09,5.84,31.66,16.61,20.36,20588,-35.78,11.0,0.842
2024-04-28T00:31:15.000,18.17,6.35,38.1,16.41,20.36,20589,-35.75,12.0,0.842
2024-04-28T00:32:15.000,18.22,6.35,37.6,16.42,20.36,20590,-35.72,12.0,0.842
2024-04-28T00:33:15.000,18.25,6.04,33.0,16.56,20.36,20591,-35.69,12.0,0.841
2024-04-28T00:34:15.000,18.25,5.81,29.63,16.68,20.36,20592,-35.65,12.0,0.841
2024-04-28T00:35:15.000,18.26,5.85,27.54,16.76,20.36,20593,-35.61,12.0,0.841
2024-04-28T00:36:15.000,18.3,5.93,30.59,16.65,20.36,20594,-35.58,12.0,0.841
2024-04-28T00:37:15.000,18.27,5.81,33.83,16.54,20.36,20595,-35.54,12.0,0.841
2024-04-28T00:38:15.000,18.29,5.78,31.67,16.61,20.36,20596,-35.5,12.0,0.841
2024-04-28T00:39:15.000,18.31,5.37,28.13,16.74,20.36,20597,-35.46,12.0,0.841
2024-04-28T00:40:15.000,18.34,5.3,28.02,16.74,20.36,20598,-35.42,13.0,0.841
2024-04-28T00:41:15.000,18.32,5.44,32.94,16.57,20.36,20599,-35.38,13.0,0.841
2024-04-28T00:42:16.000,18.3,5.62,38.17,16.41,20.36,20600,-35.33,13.0,0.841
2024-04-28T00:43:16.000,18.3,5.86,38.74,16.39,20.36,20601,-35.29,13.0,0.841
2024-04-28T00:44:16.000,18.34,5.6,35.54,16.48,20.36,20602,-35.25,13.0,0.841
2024-04-28T00:45:16.000,18.31,5.44,32.62,16.58,20.36,20603,-35.2,13.0,0.841
2024-04-28T00:46:16.000,18.36,5.26,30.43,16.65,20.36,20604,-35.15,13.0,0.841
2024-04-28T00:47:16.000,18.37,5.05,28.11,16.74,20.36,20605,-35.11,13.0,0.841
2024-04-28T00:48:16.000,18.35,5.04,29.58,16.68,20.36,20606,-35.06,13.0,0.841
2024-04-28T00:49:16.000,18.35,5.37,33.97,16.53,20.36,20607,-35.01,13.0,0.841
2024-04-28T00:50:16.000,18.34,5.65,38.92,16.39,20.36,20608,-34.96,14.0,0.841
2024-04-28T00:51:16.000,18.35,5.78,42.91,16.28,20.36,20609,-34.91,14.0,0.841
2024-04-28T00:52:16.000,18.32,5.51,43.24,16.27,20.36,20610,-34.85,14.0,0.84
2024-04-28T00:53:16.000,18.31,5.4,42.68,16.29,20.36,20611,-34.8,14.0,0.84
2024-04-28T00:54:16.000,18.29,5.48,43.87,16.26,20.36,20612,-34.75,14.0,0.84
2024-04-28T00:55:16.000,18.34,6.06,47.06,16.18,20.36,20613,-34.69,14.0,0.84
2024-04-28T00:56:16.000,18.4,6.39,52.86,16.05,20.36,20614,-34.64,14.0,0.84
2024-04-28T00:57:16.000,18.43,6.14,46.52,16.19,20.36,20615,-34.58,14.0,0.84
2024-04-28T01:03:35.000,18.18,2.29,16.24,17.33,20.36,20617,-34.2,15.0,0.84
2024-04-28T01:04:35.000,18.08,2.31,17.22,17.27,20.36,20618,-34.14,15.0,0.84
2024-04-28T01:05:35.000,18.0,2.48,20.47,17.08,20.36,20619,-34.07,15.0,0.84
2024-04-28T01:06:35.000,17.95,3.04,23.18,16.95,20.36,20620,-34.01,15.0,0.84
2024-04-28T01:07:35.000,17.95,3.7,26.93,16.79,20.36,20621,-33.94,15.0,0.84
2024-04-28T01:08:35.000,17.97,4.32,32.02,16.6,20.36,20622,-33.87,15.0,0.84
2024-04-28T01:09:35.000,17.93,4.68,34.87,16.51,20.36,20623,-33.8,15.0,0.84
2024-04-28T01:10:35.000,17.92,5.16,36.51,16.46,20.36,20624,-33.74,15.0,0.839
2024-04-28T01:11:35.000,17.91,5.65,38.99,16.38,20.36,20625,-33.67,16.0,0.839
2024-04-28T01:12:35.000,17.95,5.94,41.33,16.32,20.36,20626,-33.59,16.0,0.839
2024-04-28T01:13:35.000,17.98,6.05,42.16,16.3,20.36,20627,-33.52,16.0,0.839
2024-04-28T01:14:35.000,18.03,6.11,40.54,16.34,20.36,20628,-33.45,16.0,0.839
2024-04-28T01:15:35.000,18.08,6.38,43.81,16.26,20.36,20629,-33.38,16.0,0.839
2024-04-28T01:16:36.000,18.12,6.45,51.28,16.09,20.36,20630,-33.3,16.0,0.839
2024-04-28T01:17:36.000,18.14,6.81,59.27,15.93,20.36,20631,-33.23,16.0,0.839
2024-04-28T01:18:36.000,18.18,6.91,63.5,15.85,20.36,20632,-33.15,16.0,0.839
2024-04-28T01:20:54.000,18.23,6.95,66.04,15.81,20.36,20634,-32.97,16.0,0.839
2024-04-28T01:21:55.000,18.24,6.94,65.01,15.83,20.36,20635,-32.89,16.0,0.839
2024-04-28T01:22:55.000,18.24,6.78,64.73,15.83,20.36,20636,-32.81,16.0,0.839
2024-04-28T01:23:55.000,18.18,6.42,64.59,15.83,20.36,20637,-32.73,17.0,0.839
2024-04-28T01:24:55.000,18.2,6.56,61.57,15.89,20.36,20638,-32.65,17.0,0.839
2024-04-28T01:25:56.000,18.22,6.33,59.86,15.92,20.36,20639,-32.57,17.0,0.839
2024-04-28T01:26:55.000,18.21,6.0,57.98,15.95,20.36,20640,-32.49,17.0,0.839
2024-04-28T01:27:55.000,18.11,5.54,54.52,16.02,20.36,20641,-32.4,17.0,0.839
2024-04-28T01:28:56.000,18.1,5.55,52.71,16.06,20.36,20642,-32.32,17.0,0.839
2024-04-28T01:29:57.000,18.1,5.29,50.77,16.1,20.36,20643,-32.23,17.0,0.838
2024-04-28T01:30:56.000,18.07,4.99,48.78,16.14,20.36,20644,-32.15,17.0,0.838
2024-04-28T01:31:56.000,18.04,4.53,46.83,16.18,20.36,20645,-32.06,17.0,0.838
2024-04-28T01:32:56.000,17.97,4.12,44.34,16.24,20.36,20646,-31.97,17.0,0.838
2024-04-28T01:33:56.000,17.87,3.54,38.36,16.4,20.36,20647,-31.88,17.0,0.838
2024-04-28T01:34:56.000,17.85,3.57,32.72,16.57,20.36,20648,-31.79,17.0,0.838
2024-04-28T01:35:56.000,17.87,3.47,31.88,16.6,20.36,20649,-31.7,17.0,0.838
2024-04-28T01:36:57.000,17.79,2.83,35.14,16.5,20.36,20650,-31.61,18.0,0.838
2024-04-28T01:37:56.000,17.73,2.58,32.11,16.6,20.36,20651,-31.52,18.0,0.838
2024-04-28T01:38:56.000,17.64,1.81,24.97,16.87,20.36,20652,-31.43,18.0,0.838
2024-04-28T01:39:56.000,17.56,1.1,19.39,17.14,20.36,20653,-31.34,18.0,0.838
2024-04-28T01:40:56.000,17.48,0.57,16.01,17.35,20.36,20654,-31.24,18.0,0.838
2024-04-28T01:41:56.000,17.4,0.02,12.75,17.6,20.36,20655,-31.15,18.0,0.838
2024-04-28T01:42:57.000,17.35,-0.31,10.51,17.81,20.36,20656,-31.05,18.0,0.838
2024-04-28T01:43:57.000,17.28,-0.74,9.6,17.91,20.36,20657,-30.95,18.0,0.838
2024-04-28T01:44:57.000,17.18,-1.09,8.72,18.01,20.36,20658,-30.86,18.0,0.838
2024-04-28T01:45:57.000,17.14,-1.02,8.0,18.1,20.36,20659,-30.76,18.0,0.838
2024-04-28T01:46:57.000,17.1,-1.19,8.1,18.09,20.36,20660,-30.66,18.0,0.838
2024-04-28T01:47:57.000,17.03,-1.48,7.74,18.14,20.36,20661,-30.56,18.0,0.837
2024-04-28T01:48:57.000,16.96,-1.58,7.14,18.23,20.36,20662,-30.46,18.0,0.837
2024-04-28T01:49:57.000,16.92,-1.44,6.98,18.25,20.36,20663,-30.36,18.0,0.837
2024-04-28T01:50:57.000,16.86,-1.68,6.95,18.26,20.36,20664,-30.26,18.0,0.837
2024-04-28T01:51:57.000,16.78,-1.65,7.1,18.23,20.36,20665,-30.16,19.0,0.837
2024-04-28T01:52:57.000,16.79,-1.46,7.05,18.24,20.36,20666,-30.06,19.0,0.837
2024-04-28T01:53:57.000,16.77,-1.57,7.22,18.21,20.36,20667,-29.95,19.0,0.837
2024-04-28T01:54:57.000,16.75,-1.46,7.02,18.25,20.36,20668,-29.85,19.0,0.837
2024-04-28T01:55:57.000,16.72,-1.37,7.19,18.22,20.36,20669,-29.74,19.0,0.837
2024-04-28T01:56:57.000,16.71,-1.34,7.39,18.19,20.36,20670,-29.64,19.0,0.837
2024-04-28T01:57:57.000,16.68,-1.34,7.65,18.15,20.36,20671,-29.53,19.0,0.837
2024-04-28T01:58:58.000,16.66,-1.19,7.82,18.13,20.36,20672,-29.42,19.0,0.837
2024-04-28T01:59:58.000,16.69,-1.04,8.4,18.05,20.36,20673,-29.31,19.0,0.837
2024-04-28T02:00:58.000,16.65,-1.38,8.32,18.06,20.36,20674,-29.2,19.0,0.837
2024-04-28T02:01:58.000,16.65,-1.05,8.04,18.1,20.36,20675,-29.09,19.0,0.837
2024-04-28T02:02:59.000,16.67,-1.11,8.05,18.1,20.36,20676,-28.98,19.0,0.837
2024-04-28T02:03:59.000,16.66,-1.3,7.94,18.11,20.36,20677,-28.87,19.0,0.837
2024-04-28T02:04:59.000,16.61,-1.35,7.97,18.11,20.36,20678,-28.76,19.0,0.837
2024-04-28T02:05:59.000,16.6,-1.32,8.07,18.09,20.36,20679,-28.65,19.0,0.837
2024-04-28T02:06:59.000,16.6,-1.19,8.12,18.09,20.36,20680,-28.54,19.0,0.836
2024-04-28T02:07:59.000,16.61,-1.3,8.25,18.07,20.36,20681,-28.42,19.0,0.836
2024-04-28T02:08:59.000,16.57,-1.4,8.96,17.98,20.36,20682,-28.31,19.0,0.836
2024-04-28T02:09:59.000,16.56,-1.46,8.69,18.01,20.36,20683,-28.19,20.0,0.836
2024-04-28T02:10:59.000,16.53,-1.55,8.55,18.03,20.36,20684,-28.08,20.0,0.836
2024-04-28T02:11:59.000,16.5,-1.54,8.6,18.02,20.36,20685,-27.96,20.0,0.836
2024-04-28T02:13:00.000,16.54,-1.43,7.88,18.12,20.36,20686,-27.84,20.0,0.836
2024-04-28T02:15:00.000,16.5,-1.68,7.26,18.21,20.36,20688,-27.61,20.0,0.836
2024-04-28T02:16:00.000,16.5,-1.51,7.32,18.2,20.36,20689,-27.49,20.0,0.836
2024-04-28T02:17:00.000,16.5,-1.48,7.66,18.15,20.36,20690,-27.37,20.0,0.836
2024-04-28T02:20:00.000,16.55,-1.21,7.91,18.11,20.36,20693,-27.01,20.0,0.836
2024-04-28T02:25:00.000,16.59,-0.73,9.07,17.97,20.36,20698,-26.4,20.0,0.836
2024-04-28T02:30:01.000,16.69,-0.49,9.97,17.86,20.36,20703,-25.76,20.0,0.835
2024-04-28T02:31:01.000,16.69,-0.71,9.75,17.89,20.36,20704,-25.64,20.0,0.835
2024-04-28T02:32:01.000,16.66,-0.91,9.03,17.97,20.36,20705,-25.51,20.0,0.835
2024-04-28T02:34:01.000,16.6,-1.0,9.51,17.92,20.36,20707,-25.25,21.0,0.835
2024-04-28T02:36:01.000,16.63,-0.59,10.98,17.76,20.36,20709,-24.99,21.0,0.835
2024-04-28T02:37:01.000,16.63,-0.31,11.37,17.72,20.36,20710,-24.86,21.0,0.835
2024-04-28T02:38:01.000,16.64,0.03,13.13,17.57,20.36,20711,-24.73,21.0,0.835
2024-04-28T02:39:01.000,16.64,0.61,15.52,17.38,20.36,20712,-24.6,21.0,0.835
2024-04-28T02:40:01.000,16.64,1.19,17.33,17.27,20.36,20713,-24.46,21.0,0.835
2024-04-28T02:41:01.000,16.66,2.15,20.54,17.08,20.36,20714,-24.33,21.0,0.835
2024-04-28T02:42:01.000,16.68,2.77,25.56,16.84,20.36,20715,-24.2,21.0,0.835
2024-04-28T02:43:01.000,16.72,3.59,31.13,16.63,20.36,20716,-24.06,21.0,0.835
2024-04-28T02:44:01.000,16.79,4.07,33.69,16.54,20.36,20717,-23.93,21.0,0.834
2024-04-28T02:45:01.000,16.85,4.14,33.43,16.55,20.36,20718,-23.79,21.0,0.834
2024-04-28T02:47:02.000,16.85,3.32,27.34,16.77,20.36,20720,-23.52,21.0,0.834
2024-04-28T02:48:02.000,16.81,2.91,25.06,16.86,20.36,20721,-23.38,21.0,0.834
2024-04-28T02:49:02.000,16.78,2.89,26.26,16.81,20.36,20722,-23.24,21.0,0.834
2024-04-28T02:50:02.000,16.82,3.14,28.73,16.72,20.36,20723,-23.1,21.0,0.834
2024-04-28T02:51:02.000,16.86,3.4,33.63,16.55,20.36,20724,-22.97,21.0,0.834
2024-04-28T02:52:02.000,16.85,3.55,41.13,16.33,20.36,20725,-22.83,21.0,0.834
2024-04-28T02:53:02.000,16.87,3.92,46.54,16.19,20.36,20726,-22.69,21.0,0.834
2024-04-28T02:54:02.000,16.9,4.12,49.92,16.11,20.36,20727,-22.55,21.0,0.834
2024-04-28T02:56:02.000,16.91,4.21,50.44,16.1,20.36,20729,-22.27,21.0,0.834
2024-04-28T02:57:02.000,16.95,4.08,51.19,16.09,20.36,20730,-22.12,21.0,0.834
2024-04-28T02:58:02.000,16.92,3.73,48.49,16.15,20.36,20731,-21.98,21.0,0.834
2024-04-28T02:59:02.000,16.94,3.51,42.36,16.3,20.36,20732,-21.84,21.0,0.834
2024-04-28T03:00:02.000,16.95,3.03,32.98,16.57,20.36,20733,-21.7,21.0,0.834
2024-04-28T03:01:02.000,16.92,2.85,28.69,16.72,20.36,20734,-21.55,21.0,0.834
2024-04-28T03:02:03.000,16.92,2.79,27.27,16.77,20.36,20735,-21.41,21.0,0.833
2024-04-28T03:03:03.000,16.86,2.52,23.77,16.92,20.36,20736,-21.26,21.0,0.833
2024-04-28T03:04:03.000,16.82,2.41,23.06,16.95,20.36,20737,-21.12,21.0,0.833
2024-04-28T03:05:03.000,16.87,2.64,22.86,16.96,20.36,20738,-20.97,21.0,0.833
2024-04-28T03:06:03.000,16.89,2.29,21.78,17.02,20.36,20739,-20.83,21.0,0.833
2024-04-28T03:07:03.000,16.89,1.86,19.74,17.12,20.36,20740,-20.68,21.0,0.833
2024-04-28T03:08:03.000,16.89,1.78,18.48,17.19,20.36,20741,-20.53,21.0,0.833
2024-04-28T03:09:03.000,16.92,1.65,16.73,17.3,20.36,20742,-20.39,21.0,0.833
2024-04-28T03:10:03.000,16.91,1.4,16.41,17.32,20.36,20743,-20.24,21.0,0.833
2024-04-28T03:11:03.000,16.83,1.42,17.3,17.27,20.36,20744,-20.09,21.0,0.833
2024-04-28T03:12:03.000,16.85,1.97,19.3,17.15,20.36,20745,-19.94,21.0,0.833
2024-04-28T03:13:03.000,16.92,2.57,22.64,16.97,20.36,20746,-19.79,21.0,0.833
2024-04-28T03:14:03.000,16.94,3.18,27.5,16.76,20.36,20747,-19.64,21.0,0.833
2024-04-28T03:15:03.000,16.96,3.96,36.94,16.45,20.36,20748,-19.5,21.0,0.833
2024-04-28T03:16:03.000,16.96,4.36,45.74,16.21,20.36,20749,-19.34,21.0,0.833
2024-04-28T03:17:03.000,16.91,4.58,57.75,15.96,20.36,20750,-19.19,21.0,0.833
2024-04-28T03:18:04.000,16.91,4.98,66.02,15.81,20.36,20751,-19.04,21.0,0.833
2024-04-28T03:19:04.000,16.98,5.1,69.2,15.76,20.36,20752,-18.89,21.0,0.833
2024-04-28T03:20:04.000,16.96,4.73,69.98,15.75,20.36,20753,-18.74,21.0,0.833
2024-04-28T03:21:04.000,16.96,4.83,67.43,15.79,20.36,20754,-18.59,21.0,0.832
2024-04-28T03:22:04.000,16.96,4.58,61.52,15.89,20.36,20755,-18.43,21.0,0.832
2024-04-28T03:23:04.000,17.02,4.77,50.54,16.1,20.36,20756,-18.28,21.0,0.832
2024-04-28T03:24:04.000,17.05,4.26,40.32,16.35,20.36,20757,-18.13,21.0,0.832
2024-04-28T03:25:04.000,17.05,3.95,32.6,16.58,20.36,20758,-17.97,21.0,0.832
2024-04-28T03:26:04.000,17.07,3.81,30.43,16.65,20.36,20759,-17.82,21.0,0.832
2024-04-28T03:27:04.000,17.03,3.61,30.31,16.66,20.36,20760,-17.66,21.0,0.832
2024-04-28T03:28:04.000,17.0,3.59,29.7,16.68,20.36,20761,-17.51,21.0,0.832
2024-04-28T03:29:04.000,16.93,3.22,28.52,16.72,20.36,20762,-17.35,21.0,0.832
2024-04-28T03:30:04.000,16.92,3.39,26.0,16.82,20.36,20763,-17.2,21.0,0.832
2024-04-28T03:31:04.000,16.94,3.29,24.24,16.9,20.36,20764,-17.04,21.0,0.832
2024-04-28T03:32:04.000,16.93,3.41,26.09,16.82,20.36,20765,-16.88,21.0,0.832
2024-04-28T03:33:04.000,16.94,3.8,32.28,16.59,20.36,20766,-16.73,21.0,0.832
2024-04-28T03:34:05.000,16.96,4.22,42.74,16.29,20.36,20767,-16.57,21.0,0.832
2024-04-28T03:35:05.000,16.96,4.69,46.44,16.19,20.36,20768,-16.41,21.0,0.832
2024-04-28T03:36:05.000,17.03,4.99,45.25,16.22,20.36,20769,-16.25,21.0,0.832
2024-04-28T03:37:05.000,17.08,4.72,40.38,16.35,20.36,20770,-16.09,21.0,0.832
2024-04-28T03:38:05.000,17.11,4.36,35.51,16.49,20.36,20771,-15.93,21.0,0.832
2024-04-28T03:39:05.000,17.06,3.69,31.51,16.62,20.36,20772,-15.77,21.0,0.831
2024-04-28T03:40:05.000,17.0,3.81,30.69,16.64,20.36,20773,-15.61,21.0,0.831
2024-04-28T03:41:05.000,16.98,3.77,34.18,16.53,20.36,20774,-15.45,21.0,0.831
2024-04-28T03:42:05.000,16.99,4.37,39.97,16.36,20.36,20775,-15.29,21.0,0.831
2024-04-28T03:43:05.000,17.04,4.78,45.52,16.22,20.36,20776,-15.13,21.0,0.831
2024-04-28T03:44:05.000,17.08,4.96,54.07,16.03,20.36,20777,-14.97,21.0,0.831
2024-04-28T03:45:05.000,17.04,5.07,59.77,15.92,20.36,20778,-14.81,21.0,0.831
2024-04-28T03:46:05.000,17.05,5.14,64.84,15.83,20.36,20779,-14.65,21.0,0.831
2024-04-28T03:47:05.000,17.03,4.91,67.91,15.78,20.36,20780,-14.49,21.0,0.831
2024-04-28T03:48:05.000,17.04,4.92,66.84,15.8,20.36,20781,-14.33,21.0,0.831
2024-04-28T03:49:05.000,16.97,4.19,64.45,15.84,20.36,20782,-14.16,21.0,0.831
2024-04-28T03:50:05.000,16.9,4.27,60.07,15.91,20.36,20783,-14.0,21.0,0.831
2024-04-28T03:51:06.000,16.9,4.03,55.55,16.0,20.36,20784,-13.83,21.0,0.831
2024-04-28T03:52:06.000,16.8,3.28,45.51,16.22,20.36,20785,-13.67,21.0,0.831
2024-04-28T03:53:06.000,16.76,3.25,35.96,16.47,20.36,20786,-13.51,21.0,0.831
2024-04-28T03:54:06.000,16.71,2.76,30.82,16.64,20.36,20787,-13.34,21.0,0.831
2024-04-28T03:55:06.000,16.64,2.31,30.09,16.66,20.36,20788,-13.18,21.0,0.831
2024-04-28T03:56:06.000,16.62,2.41,28.62,16.72,20.36,20789,-13.01,21.0,0.831
2024-04-28T03:57:06.000,16.58,1.78,26.3,16.81,20.36,20790,-12.85,21.0,0.83
2024-04-28T03:58:06.000,16.59,2.12,24.59,16.88,20.36,20791,-12.68,21.0,0.83
2024-04-28T03:59:07.000,16.6,2.39,25.61,16.84,20.36,20792,-12.51,21.0,0.83
2024-04-28T04:00:06.000,16.62,2.94,27.22,16.77,20.36,20793,-12.35,21.0,0.83
2024-04-28T04:01:06.000,16.63,3.54,34.82,16.51,20.36,20794,-12.18,21.0,0.83
2024-04-28T04:02:06.000,16.63,4.27,45.0,16.23,20.36,20795,-12.02,21.0,0.83
2024-04-28T04:03:06.000,16.73,5.07,53.56,16.04,20.36,20796,-11.85,21.0,0.83
2024-04-28T04:04:06.000,16.73,4.89,56.61,15.98,20.36,20797,-11.68,21.0,0.83
2024-04-28T04:05:06.000,16.73,4.81,50.33,16.11,20.36,20798,-11.51,21.0,0.83
2024-04-28T04:06:07.000,16.72,4.27,43.08,16.28,20.36,20799,-11.34,20.0,0.83
2024-04-28T04:07:07.000,16.75,3.8,34.88,16.51,20.36,20800,-11.17,20.0,0.83
2024-04-28T04:08:07.000,16.71,3.21,31.62,16.61,20.36,20801,-11.0,20.0,0.83
2024-04-28T04:09:07.000,16.68,3.47,38.71,16.4,20.36,20802,-10.84,20.0,0.83
2024-04-28T04:10:07.000,16.7,3.73,49.59,16.12,20.36,20803,-10.67,20.0,0.83
2024-04-28T04:11:07.000,16.7,4.09,61.91,15.88,20.36,20804,-10.5,20.0,0.83
2024-04-28T04:12:07.000,16.7,4.22,67.73,15.78,20.36,20805,-10.33,20.0,0.83
2024-04-28T04:13:07.000,16.7,4.45,69.52,15.75,20.36,20806,-10.16,20.0,0.83
2024-04-28T04:14:07.000,16.67,4.48,70.27,15.74,20.36,20807,-9.99,20.0,0.83
2024-04-28T04:15:07.000,16.71,4.66,71.0,15.73,20.36,20808,-9.82,20.0,0.83
2024-04-28T04:16:07.000,16.63,4.2,68.55,15.77,20.36,20809,-9.65,20.0,0.829
2024-04-28T04:17:07.000,16.57,4.27,63.39,15.86,20.36,20810,-9.47,20.0,0.829
2024-04-28T04:18:07.000,16.58,4.36,58.45,15.94,20.36,20811,-9.3,20.0,0.829
2024-04-28T04:19:07.000,16.53,3.96,52.39,16.06,20.36,20812,-9.13,20.0,0.829
