ecsv/stars51/stars51_2025-04.ecsv
# %ECSV 1.0
# ---
# datatype:
# - {name: time, datatype: string}
# - {name: Enclosure Temperature, unit: deg_C, datatype: float64}
# - {name: Sky Temperature, unit: deg_C, datatype: float64}
# - {name: Frequency, unit: Hz, datatype: float64}
# - {name: MSAS, unit: mag / arcsec2, datatype: float64}
# - {name: ZP, datatype: float64}
# - {name: Sequence Number, datatype: int64}
# - {name: Sun Alt, unit: deg, datatype: float64}
# - {name: Moon Alt, unit: deg, datatype: float64}
# - {name: Moon Illumination, datatype: float64}
# delimiter: ','
# meta: !!omap
# - ida:
#     Data supplier: {affiliation: null, observer: Cristobal Garcia}
#     Device type: TESS-W
#     Field of view: 17.0
#     Filters per channel: None
#     Instrument ID: stars51
#     License: ODbL 1.0 http://opendatacommons.org/licenses/odbl/summary/
#     Local timezone: Europe/Madrid
#     Location name: {country: Spain, place: Astrohenares, region: Community of Madrid, sub_region: "\xC1rea metropolitana de Madrid y\
#         \ Corredor del Henares", town: Coslada}
#     Measurement direction per channel: {azimuth: 0.0, zenital: 0.0}
#     Moving / Fixed look direction: FIXED
#     Moving / Stationary position: STATIONARY
#     Number of channels: 1
#     Number of fields per line: 8
#     Number of header lines: 35
#     Position: {height: 0.0, latitude: 40.4180168, longitude: -3.5530164}
#     TESS MAC address: 18:FE:34:CF:EA:1D
#     TESS cover offset value: 0.0
#     TESS firmware version: '1.0'
#     TESS zero point: 20.42
#     Time Synchronization: timestamp added by MQTT subscriber
#     URL: http://www.darksky.org/NSBM/sdf1.0.pdf
# - __serialized_columns__:
#     Enclosure Temperature:
#       __class__: astropy.units.quantity.Quantity
#       unit: &id001 !astropy.units.Unit {unit: deg_C}
#       value: !astropy.table.SerializedColumn {name: Enclosure Temperature}
#     Frequency:
#       __class__: astropy.units.quantity.Quantity
#       unit: !astropy.units.Unit {unit: Hz}
#       value: !astropy.table.SerializedColumn {name: Frequency}
#     MSAS:
#       __class__: astropy.units.quantity.Quantity
#       unit: !astropy.units.Unit {unit: mag / arcsec2}
#       value: !astropy.table.SerializedColumn {name: MSAS}
#     Moon Alt:
#       __class__: astropy.units.quantity.Quantity
#       unit: &id002 !astropy.units.Unit {unit: deg}
#       value: !astropy.table.SerializedColumn {name: Moon Alt}
#     Sky Temperature:
#       __class__: astropy.units.quantity.Quantity
#       unit: *id001
#       value: !astropy.table.SerializedColumn {name: Sky Temperature}
#     Sun Alt:
#       __class__: astropy.units.quantity.Quantity
#       unit: *id002
#       value: !astropy.table.SerializedColumn {name: Sun Alt}
#     time:
#       __class__: astropy.time.core.Time
#       format: isot
#       in_subfmt: '*'
#       out_subfmt: '*'
#       precision: 3
#       scale: utc
#       value: !astropy.table.SerializedColumn {name: time}
# schema: astropy-2.0
time,Enclosure Temperature,Sky Temperature,Frequency,MSAS,ZP,Sequence Number,Sun Alt,Moon Alt,Moon Illumination
[from data line 14390]
2025-04-23T04:48:12.000,10.28,-11.35,104.07,15.38,20.42,11506,-7.22,16.0,0.278
2025-04-23T04:49:12.000,9.95,-11.26,127.55,15.16,20.42,11507,-7.05,16.0,0.278
2025-04-23T04:50:12.000,10.37,-10.9,156.89,14.93,20.42,11508,-6.87,16.0,0.278
2025-04-23T04:51:13.000,10.91,-11.02,193.33,14.71,20.42,11509,-6.69,17.0,0.278
2025-04-23T04:52:13.000,10.75,-11.44,239.37,14.47,20.42,11510,-6.52,17.0,0.278
2025-04-23T04:53:13.000,10.38,-11.46,297.07,14.24,20.42,11511,-6.34,17.0,0.277
2025-04-23T04:54:13.000,9.92,-11.55,369.08,14.0,20.42,11512,-6.17,17.0,0.277
2025-04-23T04:55:13.000,9.75,-11.3,458.25,13.77,20.42,11513,-5.99,17.0,0.277
2025-04-23T04:56:13.000,9.61,-11.32,569.17,13.53,20.42,11514,-5.81,17.0,0.277
2025-04-23T04:57:13.000,9.34,-11.46,708.78,13.3,20.42,11515,-5.64,17.0,0.277
2025-04-23T04:58:13.000,9.14,-11.24,883.51,13.06,20.42,11516,-5.46,18.0,0.277
2025-04-23T04:59:13.000,8.98,-11.33,1101.26,12.82,20.42,11517,-5.28,18.0,0.277
2025-04-23T05:00:13.000,8.83,-11.35,1376.91,12.58,20.42,11518,-5.1,18.0,0.277
2025-04-23T05:01:13.000,8.67,-11.41,1723.48,12.33,20.42,11519,-4.93,18.0,0.277
2025-04-23T05:02:13.000,8.54,-11.37,2158.13,12.09,20.42,11520,-4.75,18.0,0.277
2025-04-23T05:03:13.000,8.41,-11.41,2700.22,11.84,20.42,11521,-4.57,18.0,0.277
2025-04-23T05:04:13.000,8.32,-11.35,3370.65,11.6,20.42,11522,-4.39,19.0,0.277
2025-04-23T05:05:13.000,8.24,-11.4,4200.36,11.36,20.42,11523,-4.21,19.0,0.277
2025-04-23T05:06:13.000,8.14,-11.4,5207.8,11.13,20.42,11524,-4.04,19.0,0.277
2025-04-23T05:07:14.000,8.07,-11.38,6415.28,10.9,20.42,11525,-3.85,19.0,0.276
2025-04-23T05:08:14.000,8.03,-11.23,7870.47,10.68,20.42,11526,-3.68,19.0,0.276
2025-04-23T05:09:14.000,8.01,-11.38,9603.42,10.47,20.42,11527,-3.5,19.0,0.276
2025-04-23T05:10:14.000,7.94,-11.49,11654.53,10.26,20.42,11528,-3.32,19.0,0.276
2025-04-23T05:11:14.000,7.87,-11.41,14061.33,10.05,20.42,11529,-3.14,20.0,0.276
2025-04-23T05:12:14.000,7.81,-11.5,16832.72,9.86,20.42,11530,-2.96,20.0,0.276
2025-04-23T05:13:14.000,7.75,-11.55,20027.18,9.67,20.42,11531,-2.78,20.0,0.276
2025-04-23T05:14:14.000,7.64,-11.66,23671.8,9.49,20.42,11532,-2.6,20.0,0.276
2025-04-23T05:15:14.000,7.6,-11.51,27486.01,9.4,20.42,11533,-2.42,20.0,0.276
2025-04-23T05:16:14.000,7.58,-11.52,32413.29,9.14,20.42,11534,-2.24,20.0,0.276
2025-04-23T05:17:14.000,7.59,-11.48,37548.54,8.98,20.42,11535,-2.06,20.0,0.276
2025-04-23T05:18:14.000,7.54,-11.48,43187.71,8.83,20.42,11536,-1.88,21.0,0.276
2025-04-23T05:19:14.000,7.5,-11.57,49412.49,8.69,20.42,11537,-1.69,21.0,0.276
2025-04-23T05:20:14.000,7.47,-11.46,56141.41,8.55,20.42,11538,-1.51,21.0,0.276
2025-04-23T05:21:14.000,7.46,-11.51,58735.82,6.0,20.42,11539,-1.33,21.0,0.276
2025-04-23T05:22:15.000,7.44,-11.44,50000.0,0.0,20.42,11540,-1.15,21.0,0.275
2025-04-23T05:23:15.000,7.44,-11.46,50000.0,0.0,20.42,11541,-0.97,21.0,0.275
2025-04-23T05:24:15.000,7.43,-11.44,50000.0,0.0,20.42,11542,-0.78,21.0,0.275
2025-04-23T05:47:16.000,7.72,-11.19,50000.0,0.0,20.42,11565,3.44,24.0,0.274
2025-04-23T05:48:16.000,7.75,-11.23,50000.0,0.0,20.42,11566,3.63,25.0,0.274
2025-04-23T05:49:16.000,7.78,-11.23,50000.0,0.0,20.42,11567,3.81,25.0,0.274
2025-04-23T05:50:16.000,7.8,-11.17,49435.46,0.19,20.42,11568,4.0,25.0,0.273
2025-04-23T05:51:16.000,7.83,-11.17,50000.0,0.0,20.42,11569,4.18,25.0,0.273
2025-04-23T05:52:16.000,7.89,-11.12,50000.0,0.0,20.42,11570,4.37,25.0,0.273
2025-04-23T05:53:16.000,7.91,-11.19,50000.0,0.0,20.42,11571,4.55,25.0,0.273
2025-04-23T05:57:17.000,7.94,-11.08,50000.0,0.0,20.42,11575,5.3,26.0,0.273
2025-04-23T05:58:17.000,8.0,-10.99,50000.0,0.0,20.42,11576,5.49,26.0,0.273
2025-04-23T05:59:17.000,8.04,-11.06,50000.0,0.0,20.42,11577,5.67,26.0,0.273
2025-04-23T06:00:17.000,8.07,-11.03,49729.84,0.09,20.42,11578,5.86,26.0,0.273
2025-04-23T06:01:17.000,8.11,-10.94,49450.77,0.19,20.42,11579,6.05,26.0,0.273
2025-04-23T06:02:17.000,8.15,-11.0,50000.0,0.0,20.42,11580,6.23,26.0,0.273
2025-04-23T06:03:17.000,8.21,-10.9,50000.0,0.0,20.42,11581,6.42,26.0,0.273
2025-04-23T06:04:17.000,8.27,-10.84,49717.79,0.09,20.42,11582,6.61,27.0,0.273
2025-04-23T06:05:17.000,8.31,-10.81,50000.0,0.0,20.42,11583,6.79,27.0,0.272
2025-04-23T06:06:17.000,8.36,-10.84,50000.0,0.0,20.42,11584,6.98,27.0,0.272
2025-04-23T06:07:17.000,8.41,-10.67,50000.0,0.0,20.42,11585,7.17,27.0,0.272
2025-04-23T06:58:20.000,11.44,-8.03,50000.0,0.0,20.42,11636,16.82,32.0,0.269
2025-04-23T06:59:20.000,11.69,-8.25,50000.0,0.0,20.42,11637,17.01,32.0,0.269
2025-04-23T07:00:20.000,11.88,-8.19,50000.0,0.0,20.42,11638,17.2,32.0,0.269
2025-04-23T07:02:26.000,12.03,-8.31,50000.0,0.0,20.42,11640,17.6,32.0,0.268
2025-04-23T07:03:26.000,12.09,-8.42,50000.0,0.0,20.42,11641,17.79,32.0,0.268
2025-04-23T07:04:26.000,12.18,-7.98,50000.0,0.0,20.42,11642,17.98,32.0,0.268
2025-04-23T07:55:30.000,22.21,-3.73,50000.0,0.0,20.42,11693,27.69,35.0,0.265
2025-04-23T07:56:30.000,22.28,-3.09,50000.0,0.0,20.42,11694,27.88,35.0,0.265
2025-04-23T07:57:30.000,22.89,-1.57,50000.0,0.0,20.42,11695,28.07,35.0,0.265
2025-04-23T07:59:35.000,22.95,-3.03,50000.0,0.0,20.42,11697,28.47,35.0,0.264
2025-04-23T08:00:35.000,23.08,-2.62,50000.0,0.0,20.42,11698,28.65,36.0,0.264
2025-04-23T08:01:36.000,23.37,-2.51,50000.0,0.0,20.42,11699,28.85,36.0,0.264
2025-04-23T08:26:37.000,26.89,0.14,50000.0,0.0,20.42,11724,33.53,36.0,0.263
2025-04-23T08:27:37.000,27.02,-1.57,50000.0,0.0,20.42,11725,33.72,36.0,0.263
2025-04-23T08:28:37.000,26.89,-0.56,50000.0,0.0,20.42,11726,33.9,36.0,0.262
2025-04-23T08:30:43.000,27.3,-0.09,50000.0,0.0,20.42,11728,34.29,36.0,0.262
2025-04-23T08:31:43.000,27.67,0.75,50000.0,0.0,20.42,11729,34.48,36.0,0.262
2025-04-23T08:32:43.000,28.04,0.12,50000.0,0.0,20.42,11730,34.66,36.0,0.262
2025-04-23T09:40:47.000,33.22,2.22,50000.0,0.0,20.42,11798,46.74,34.0,0.257
2025-04-23T09:41:47.000,33.23,4.33,50000.0,0.0,20.42,11799,46.9,34.0,0.257
2025-04-23T09:42:47.000,33.64,3.81,50000.0,0.0,20.42,11800,47.07,34.0,0.257
2025-04-23T09:44:53.000,33.88,4.94,50000.0,0.0,20.42,11802,47.42,33.0,0.257
2025-04-23T09:45:53.000,34.33,4.44,50000.0,0.0,20.42,11803,47.58,33.0,0.257
2025-04-23T09:46:53.000,34.43,3.65,50000.0,0.0,20.42,11804,47.74,33.0,0.257
2025-04-23T11:18:59.000,38.38,6.29,50000.0,0.0,20.42,11896,59.89,24.0,0.251
2025-04-23T11:19:59.000,38.19,6.84,50000.0,0.0,20.42,11897,59.98,24.0,0.251
2025-04-23T11:20:59.000,38.52,7.83,50000.0,0.0,20.42,11898,60.06,24.0,0.251
2025-04-23T11:23:05.000,38.89,8.12,50000.0,0.0,20.42,11900,60.24,23.0,0.25
2025-04-23T11:24:05.000,39.18,8.78,50000.0,0.0,20.42,11901,60.31,23.0,0.25
2025-04-23T11:25:05.000,39.42,7.37,50000.0,0.0,20.42,11902,60.39,23.0,0.25
2025-04-23T11:29:05.000,38.17,6.46,50000.0,0.0,20.42,11906,60.69,23.0,0.25
2025-04-23T11:30:05.000,38.43,8.16,50000.0,0.0,20.42,11907,60.76,22.0,0.25
2025-04-23T11:31:05.000,38.89,8.35,50000.0,0.0,20.42,11908,60.83,22.0,0.25
2025-04-23T11:33:10.000,38.97,6.98,50000.0,0.0,20.42,11910,60.97,22.0,0.25
2025-04-23T11:34:10.000,38.56,6.45,50000.0,0.0,20.42,11911,61.04,22.0,0.25
2025-04-23T11:35:11.000,38.02,4.73,50000.0,0.0,20.42,11912,61.1,22.0,0.25
2025-04-23T11:43:11.000,38.84,7.01,50000.0,0.0,20.42,11920,61.55,21.0,0.249
2025-04-23T11:44:11.000,38.51,6.41,50000.0,0.0,20.42,11921,61.6,21.0,0.249
2025-04-23T11:45:11.000,38.38,6.19,50000.0,0.0,20.42,11922,61.65,20.0,0.249
2025-04-23T11:47:17.000,38.09,5.68,50000.0,0.0,20.42,11924,61.74,20.0,0.249
2025-04-23T11:48:17.000,37.98,6.47,50000.0,0.0,20.42,11925,61.78,20.0,0.249
2025-04-23T11:49:17.000,38.2,7.96,50000.0,0.0,20.42,11926,61.82,20.0,0.249
2025-04-23T18:12:41.000,22.79,0.61,50000.0,0.0,20.42,12309,8.2,-45.0,0.223
2025-04-23T18:13:41.000,22.8,0.46,50000.0,0.0,20.42,12310,8.01,-46.0,0.223
2025-04-23T18:14:41.000,22.72,0.16,50000.0,0.0,20.42,12311,7.83,-46.0,0.223
2025-04-23T18:16:47.000,22.57,0.35,50000.0,0.0,20.42,12313,7.43,-46.0,0.223
2025-04-23T18:17:47.000,22.51,0.09,50000.0,0.0,20.42,12314,7.25,-46.0,0.222
2025-04-23T18:18:47.000,22.5,0.34,50000.0,0.0,20.42,12315,7.06,-46.0,0.222
2025-04-23T18:23:47.000,22.39,0.11,50000.0,0.0,20.42,12320,6.13,-47.0,0.222
2025-04-23T18:24:47.000,22.37,0.08,50000.0,0.0,20.42,12321,5.94,-47.0,0.222
2025-04-23T18:25:47.000,22.33,0.11,50000.0,0.0,20.42,12322,5.76,-47.0,0.222
2025-04-23T18:27:53.000,22.29,0.18,49720.93,0.09,20.42,12324,5.36,-48.0,0.222
2025-04-23T18:28:53.000,22.26,0.05,50000.0,0.0,20.42,12325,5.18,-48.0,0.222
2025-04-23T18:29:53.000,22.16,-0.07,49729.9,0.09,20.42,12326,4.99,-48.0,0.222
2025-04-23T18:30:53.000,22.16,0.28,50000.0,0.0,20.42,12327,4.81,-48.0,0.222
2025-04-23T18:31:53.000,22.18,0.21,50000.0,0.0,20.42,12328,4.62,-48.0,0.222
2025-04-23T18:32:53.000,22.17,0.06,50000.0,0.0,20.42,12329,4.44,-48.0,0.221
2025-04-23T18:33:53.000,22.11,-0.07,50000.0,0.0,20.42,12330,4.25,-49.0,0.221
2025-04-23T18:34:53.000,22.05,-0.16,50000.0,0.0,20.42,12331,4.07,-49.0,0.221
2025-04-23T18:35:53.000,21.93,-0.47,50000.0,0.0,20.42,12332,3.88,-49.0,0.221
2025-04-23T18:36:53.000,21.79,-0.47,49723.93,0.09,20.42,12333,3.7,-49.0,0.221
2025-04-23T18:37:53.000,21.69,-0.4,50000.0,0.0,20.42,12334,3.51,-49.0,0.221
2025-04-23T18:38:53.000,21.64,-0.32,50000.0,0.0,20.42,12335,3.33,-49.0,0.221
2025-04-23T18:39:53.000,21.53,-0.59,50000.0,0.0,20.42,12336,3.14,-49.0,0.221
2025-04-23T18:41:53.000,21.33,-0.62,50000.0,0.0,20.42,12338,2.77,-50.0,0.221
2025-04-23T18:42:54.000,21.23,-0.61,50000.0,0.0,20.42,12339,2.59,-50.0,0.221
2025-04-23T18:43:54.000,21.1,-0.87,50000.0,0.0,20.42,12340,2.4,-50.0,0.221
2025-04-23T18:44:54.000,20.96,-0.73,49677.63,0.11,20.42,12341,2.22,-50.0,0.221
2025-04-23T18:45:54.000,20.87,-0.72,50000.0,0.0,20.42,12342,2.04,-50.0,0.221
2025-04-23T18:46:54.000,20.79,-0.79,50000.0,0.0,20.42,12343,1.85,-50.0,0.221
2025-04-23T18:47:54.000,20.67,-0.79,50000.0,0.0,20.42,12344,1.67,-50.0,0.22
2025-04-23T19:01:55.000,19.53,-1.06,50000.0,0.0,20.42,12358,-0.89,-52.0,0.22
2025-04-23T19:02:55.000,19.47,-1.23,50000.0,0.0,20.42,12359,-1.07,-52.0,0.22
2025-04-23T19:03:55.000,19.36,-1.2,50000.0,0.0,20.42,12360,-1.25,-53.0,0.219
2025-04-23T19:04:55.000,19.34,-1.14,60129.07,7.32,20.42,12361,-1.43,-53.0,0.219
2025-04-23T19:05:55.000,19.29,-1.26,54916.63,8.57,20.42,12362,-1.61,-53.0,0.219
2025-04-23T19:06:55.000,19.25,-1.15,48215.19,8.71,20.42,12363,-1.79,-53.0,0.219
2025-04-23T19:07:55.000,19.21,-1.22,42046.49,8.86,20.42,12364,-1.97,-53.0,0.219
2025-04-23T19:08:55.000,19.18,-1.2,36455.93,9.02,20.42,12365,-2.15,-53.0,0.219
2025-04-23T19:09:55.000,19.12,-1.42,31422.89,9.18,20.42,12366,-2.33,-53.0,0.219
2025-04-23T19:10:56.000,19.05,-1.24,25756.28,9.68,20.42,12367,-2.51,-53.0,0.219
2025-04-23T19:11:56.000,19.02,-1.2,22923.82,9.52,20.42,12368,-2.69,-54.0,0.219
2025-04-23T19:12:56.000,18.98,-1.45,19373.89,9.7,20.42,12369,-2.87,-54.0,0.219
2025-04-23T19:13:56.000,18.92,-1.31,16271.44,9.89,20.42,12370,-3.05,-54.0,0.219
2025-04-23T19:14:56.000,18.89,-1.37,13577.6,10.09,20.42,12371,-3.23,-54.0,0.219
2025-04-23T19:15:56.000,18.86,-1.38,11244.63,10.29,20.42,12372,-3.41,-54.0,0.219
2025-04-23T19:16:56.000,18.8,-1.48,9265.21,10.5,20.42,12373,-3.59,-54.0,0.219
2025-04-23T19:17:56.000,18.74,-1.42,7598.78,10.72,20.42,12374,-3.77,-54.0,0.219
2025-04-23T19:18:56.000,18.75,-1.34,6213.8,10.94,20.42,12375,-3.94,-54.0,0.218
2025-04-23T19:19:56.000,18.76,-1.43,5073.89,11.16,20.42,12376,-4.12,-54.0,0.218
2025-04-23T19:20:56.000,18.74,-1.45,4129.31,11.38,20.42,12377,-4.3,-55.0,0.218
2025-04-23T19:21:56.000,18.7,-1.48,3355.42,11.61,20.42,12378,-4.48,-55.0,0.218
2025-04-23T19:22:56.000,18.7,-1.39,2722.56,11.83,20.42,12379,-4.65,-55.0,0.218
2025-04-23T19:23:56.000,18.69,-1.51,2204.02,12.06,20.42,12380,-4.83,-55.0,0.218
2025-04-23T19:24:56.000,18.63,-1.47,1783.84,12.29,20.42,12381,-5.01,-55.0,0.218
2025-04-23T19:25:57.000,18.58,-1.48,1441.04,12.53,20.42,12382,-5.19,-55.0,0.218
2025-04-23T19:26:57.000,18.56,-1.39,1163.75,12.76,20.42,12383,-5.37,-55.0,0.218
2025-04-23T19:27:57.000,18.56,-1.47,940.4,12.99,20.42,12384,-5.54,-55.0,0.218
2025-04-23T19:28:57.000,18.54,-1.41,759.22,13.22,20.42,12385,-5.72,-55.0,0.218
2025-04-23T19:29:57.000,18.53,-1.43,613.17,13.45,20.42,12386,-5.89,-55.0,0.218
2025-04-23T19:30:57.000,18.49,-1.48,495.42,13.68,20.42,12387,-6.07,-56.0,0.218
2025-04-23T19:31:57.000,18.47,-1.4,400.02,13.92,20.42,12388,-6.25,-56.0,0.218
2025-04-23T19:32:57.000,18.44,-1.43,322.56,14.15,20.42,12389,-6.42,-56.0,0.218
2025-04-23T19:33:57.000,18.42,-1.44,260.58,14.38,20.42,12390,-6.6,-56.0,0.217
2025-04-23T19:34:57.000,18.4,-1.45,210.56,14.61,20.42,12391,-6.77,-56.0,0.217
2025-04-23T19:35:57.000,18.36,-1.48,170.52,14.84,20.42,12392,-6.95,-56.0,0.217
2025-04-23T19:36:58.000,18.35,-1.41,138.43,15.07,20.42,12393,-7.12,-56.0,0.217
2025-04-23T19:37:57.000,18.34,-1.39,112.81,15.29,20.42,12394,-7.29,-56.0,0.217
2025-04-23T19:38:57.000,18.35,-1.4,92.39,15.51,20.42,12395,-7.47,-56.0,0.217
2025-04-23T19:39:57.000,18.36,-1.38,76.43,15.71,20.42,12396,-7.64,-56.0,0.217
2025-04-23T19:40:57.000,18.35,-1.5,63.52,15.91,20.42,12397,-7.82,-57.0,0.217
2025-04-23T19:41:57.000,18.28,-1.53,52.45,16.12,20.42,12398,-7.99,-57.0,0.217
2025-04-23T19:42:58.000,18.24,-1.53,45.06,16.29,20.42,12399,-8.16,-57.0,0.217
2025-04-23T19:43:58.000,18.23,-1.5,39.68,16.43,20.42,12400,-8.34,-57.0,0.217
2025-04-23T19:44:58.000,18.23,-1.48,34.15,16.59,20.42,12401,-8.51,-57.0,0.217
2025-04-23T19:45:58.000,18.19,-1.62,30.07,16.73,20.42,12402,-8.68,-57.0,0.217
2025-04-23T19:46:58.000,18.15,-1.45,26.85,16.85,20.42,12403,-8.85,-57.0,0.217
2025-04-23T19:47:58.000,18.14,-1.55,24.06,16.97,20.42,12404,-9.03,-57.0,0.217
2025-04-23T19:48:58.000,18.1,-1.55,21.72,17.08,20.42,12405,-9.2,-57.0,0.216
2025-04-23T19:49:58.000,18.11,-1.45,19.78,17.18,20.42,12406,-9.37,-57.0,0.216
2025-04-23T19:50:58.000,18.15,-1.47,18.21,17.27,20.42,12407,-9.54,-57.0,0.216
2025-04-23T19:51:58.000,18.13,-1.58,17.06,17.34,20.42,12408,-9.71,-57.0,0.216
2025-04-23T19:52:58.000,18.1,-1.53,15.77,17.43,20.42,12409,-9.88,-58.0,0.216
2025-04-23T19:53:58.000,18.09,-1.51,14.78,17.5,20.42,12410,-10.05,-58.0,0.216
2025-04-23T19:54:58.000,18.09,-1.53,14.03,17.55,20.42,12411,-10.22,-58.0,0.216
2025-04-23T19:55:58.000,18.09,-1.57,13.34,17.61,20.42,12412,-10.39,-58.0,0.216
2025-04-23T19:56:58.000,18.08,-1.57,12.71,17.66,20.42,12413,-10.56,-58.0,0.216
2025-04-23T19:57:59.000,18.08,-1.59,12.16,17.71,20.42,12414,-10.73,-58.0,0.216
2025-04-23T19:58:58.000,18.08,-1.57,11.65,17.76,20.42,12415,-10.9,-58.0,0.216
2025-04-23T19:59:59.000,18.1,-1.54,11.37,17.78,20.42,12416,-11.07,-58.0,0.216
2025-04-23T20:00:59.000,18.1,-1.67,10.94,17.82,20.42,12417,-11.24,-58.0,0.216
2025-04-23T20:01:59.000,18.09,-1.64,10.71,17.85,20.42,12418,-11.41,-58.0,0.216
2025-04-23T20:02:59.000,18.06,-1.8,10.46,17.87,20.42,12419,-11.57,-58.0,0.216
2025-04-23T20:03:59.000,18.04,-1.68,10.22,17.9,20.42,12420,-11.74,-58.0,0.215
2025-04-23T20:04:59.000,18.04,-1.73,10.01,17.92,20.42,12421,-11.91,-58.0,0.215
2025-04-23T20:05:59.000,18.04,-1.68,9.85,17.94,20.42,12422,-12.08,-58.0,0.215
2025-04-23T20:06:59.000,18.03,-1.7,9.75,17.95,20.42,12423,-12.24,-58.0,0.215
2025-04-23T20:07:59.000,18.02,-1.75,9.47,17.98,20.42,12424,-12.41,-59.0,0.215
2025-04-23T20:08:59.000,18.02,-1.72,9.54,17.97,20.42,12425,-12.58,-59.0,0.215
2025-04-23T20:09:59.000,17.99,-1.85,9.43,17.99,20.42,12426,-12.74,-59.0,0.215
2025-04-23T20:10:59.000,17.95,-1.79,9.33,18.0,20.42,12427,-12.91,-59.0,0.215
2025-04-23T20:11:59.000,17.94,-1.75,9.24,18.01,20.42,12428,-13.07,-59.0,0.215
2025-04-23T20:12:59.000,17.94,-1.78,9.17,18.02,20.42,12429,-13.24,-59.0,0.215
2025-04-23T20:14:00.000,17.95,-1.8,9.09,18.02,20.42,12430,-13.4,-59.0,0.215
2025-04-23T20:15:00.000,17.94,-1.81,9.01,18.03,20.42,12431,-13.57,-59.0,0.215
2025-04-23T20:16:00.000,17.94,-1.8,9.06,18.03,20.42,12432,-13.73,-59.0,0.215
2025-04-23T20:17:00.000,17.93,-1.91,8.79,18.06,20.42,12433,-13.9,-59.0,0.215
2025-04-23T20:18:00.000,17.92,-1.9,8.84,18.05,20.42,12434,-14.06,-59.0,0.215
2025-04-23T20:19:00.000,17.9,-1.98,8.81,18.06,20.42,12435,-14.22,-59.0,0.214
2025-04-23T20:20:00.000,17.88,-1.93,8.8,18.06,20.42,12436,-14.38,-59.0,0.214
