ecsv/stars51/stars51_2025-04.ecsv
# %ECSV 1.0
# ---
# datatype:
# - {name: time, datatype: string}
# - {name: Enclosure Temperature, unit: deg_C, datatype: float64}
# - {name: Sky Temperature, unit: deg_C, datatype: float64}
# - {name: Frequency, unit: Hz, datatype: float64}
# - {name: MSAS, unit: mag / arcsec2, datatype: float64}
# - {name: ZP, datatype: float64}
# - {name: Sequence Number, datatype: int64}
# - {name: Sun Alt, unit: deg, datatype: float64}
# - {name: Moon Alt, unit: deg, datatype: float64}
# - {name: Moon Illumination, datatype: float64}
# delimiter: ','
# meta: !!omap
# - ida:
#     Data supplier: {affiliation: null, observer: Cristobal Garcia}
#     Device type: TESS-W
#     Field of view: 17.0
#     Filters per channel: None
#     Instrument ID: stars51
#     License: ODbL 1.0 http://opendatacommons.org/licenses/odbl/summary/
#     Local timezone: Europe/Madrid
#     Location name: {country: Spain, place: Astrohenares, region: Community of Madrid, sub_region: "\xC1rea metropolitana de Madrid y\
#         \ Corredor del Henares", town: Coslada}
#     Measurement direction per channel: {azimuth: 0.0, zenital: 0.0}
#     Moving / Fixed look direction: FIXED
#     Moving / Stationary position: STATIONARY
#     Number of channels: 1
#     Number of fields per line: 8
#     Number of header lines: 35
#     Position: {height: 0.0, latitude: 40.4180168, longitude: -3.5530164}
#     TESS MAC address: 18:FE:34:CF:EA:1D
#     TESS cover offset value: 0.0
#     TESS firmware version: '1.0'
#     TESS zero point: 20.42
#     Time Synchronization: timestamp added by MQTT subscriber
#     URL: http://www.darksky.org/NSBM/sdf1.0.pdf
# - __serialized_columns__:
#     Enclosure Temperature:
#       __class__: astropy.units.quantity.Quantity
#       unit: &id001 !astropy.units.Unit {unit: deg_C}
#       value: !astropy.table.SerializedColumn {name: Enclosure Temperature}
#     Frequency:
#       __class__: astropy.units.quantity.Quantity
#       unit: !astropy.units.Unit {unit: Hz}
#       value: !astropy.table.SerializedColumn {name: Frequency}
#     MSAS:
#       __class__: astropy.units.quantity.Quantity
#       unit: !astropy.units.Unit {unit: mag / arcsec2}
#       value: !astropy.table.SerializedColumn {name: MSAS}
#     Moon Alt:
#       __class__: astropy.units.quantity.Quantity
#       unit: &id002 !astropy.units.Unit {unit: deg}
#       value: !astropy.table.SerializedColumn {name: Moon Alt}
#     Sky Temperature:
#       __class__: astropy.units.quantity.Quantity
#       unit: *id001
#       value: !astropy.table.SerializedColumn {name: Sky Temperature}
#     Sun Alt:
#       __class__: astropy.units.quantity.Quantity
#       unit: *id002
#       value: !astropy.table.SerializedColumn {name: Sun Alt}
#     time:
#       __class__: astropy.time.core.Time
#       format: isot
#       in_subfmt: '*'
#       out_subfmt: '*'
#       precision: 3
#       scale: utc
#       value: !astropy.table.SerializedColumn {name: time}
# schema: astropy-2.0
time,Enclosure Temperature,Sky Temperature,Frequency,MSAS,ZP,Sequence Number,Sun Alt,Moon Alt,Moon Illumination
[from data line 4771]
2025-04-07T23:30:14.000,14.34,-5.47,14.46,17.52,20.42,24796,-41.22,48.0,0.782
2025-04-07T23:31:14.000,14.26,-5.62,14.32,17.53,20.42,24797,-41.26,48.0,0.782
2025-04-07T23:32:14.000,14.14,-5.76,14.23,17.54,20.42,24798,-41.31,48.0,0.782
2025-04-07T23:33:14.000,14.01,-5.81,14.12,17.55,20.42,24799,-41.36,47.0,0.783
2025-04-07T23:34:14.000,13.91,-5.78,14.04,17.55,20.42,24800,-41.41,47.0,0.783
2025-04-07T23:35:14.000,13.83,-5.77,14.02,17.55,20.42,24801,-41.45,47.0,0.783
2025-04-07T23:36:14.000,13.78,-5.73,13.93,17.56,20.42,24802,-41.49,47.0,0.783
2025-04-07T23:37:14.000,13.76,-5.76,13.78,17.57,20.42,24803,-41.54,47.0,0.783
2025-04-07T23:38:14.000,13.76,-5.61,13.89,17.56,20.42,24804,-41.58,47.0,0.783
2025-04-07T23:39:14.000,13.73,-5.8,13.68,17.58,20.42,24805,-41.62,46.0,0.783
2025-04-07T23:40:14.000,13.68,-5.77,13.56,17.59,20.42,24806,-41.66,46.0,0.783
2025-04-07T23:41:14.000,13.65,-5.8,13.55,17.59,20.42,24807,-41.7,46.0,0.783
2025-04-07T23:42:15.000,13.61,-5.86,13.47,17.6,20.42,24808,-41.74,46.0,0.783
2025-04-07T23:43:15.000,13.58,-5.75,13.33,17.61,20.42,24809,-41.77,46.0,0.783
2025-04-07T23:44:15.000,13.57,-5.84,13.26,17.61,20.42,24810,-41.81,46.0,0.783
2025-04-07T23:45:15.000,13.53,-5.88,13.13,17.62,20.42,24811,-41.84,45.0,0.783
2025-04-07T23:46:15.000,13.51,-5.86,13.07,17.63,20.42,24812,-41.88,45.0,0.783
2025-04-07T23:47:15.000,13.49,-5.86,12.98,17.64,20.42,24813,-41.91,45.0,0.783
2025-04-07T23:48:15.000,13.48,-5.95,12.93,17.64,20.42,24814,-41.94,45.0,0.783
2025-04-07T23:49:15.000,13.44,-6.0,12.85,17.65,20.42,24815,-41.97,45.0,0.783
2025-04-07T23:50:15.000,13.43,-6.02,12.8,17.65,20.42,24816,-42.0,44.0,0.783
2025-04-07T23:51:15.000,13.38,-6.09,12.71,17.66,20.42,24817,-42.03,44.0,0.784
2025-04-07T23:52:15.000,13.37,-6.06,12.64,17.67,20.42,24818,-42.05,44.0,0.784
2025-04-07T23:53:15.000,13.34,-6.15,12.56,17.67,20.42,24819,-42.08,44.0,0.784
2025-04-07T23:54:15.000,13.3,-6.13,12.46,17.68,20.42,24820,-42.1,44.0,0.784
2025-04-07T23:55:15.000,13.27,-6.14,12.35,17.69,20.42,24821,-42.13,44.0,0.784
2025-04-07T23:56:16.000,13.23,-6.18,12.27,17.7,20.42,24822,-42.15,43.0,0.784
2025-04-07T23:57:16.000,13.23,-6.13,12.2,17.7,20.42,24823,-42.17,43.0,0.784
2025-04-07T23:58:16.000,13.19,-6.28,12.05,17.72,20.42,24824,-42.19,43.0,0.784
2025-04-07T23:59:16.000,13.15,-6.29,12.0,17.72,20.42,24825,-42.21,43.0,0.784
2025-04-08T00:00:16.000,13.11,-6.31,11.96,17.73,20.42,24826,-42.23,43.0,0.784
2025-04-08T00:01:16.000,13.08,-6.31,11.82,17.74,20.42,24827,-42.24,42.0,0.784
2025-04-08T00:02:16.000,13.06,-6.39,11.76,17.74,20.42,24828,-42.26,42.0,0.784
2025-04-08T00:03:16.000,13.01,-6.43,11.66,17.75,20.42,24829,-42.27,42.0,0.784
2025-04-08T00:04:16.000,12.97,-6.41,11.54,17.77,20.42,24830,-42.29,42.0,0.784
2025-04-08T00:05:16.000,12.92,-6.45,11.4,17.78,20.42,24831,-42.3,42.0,0.784
2025-04-08T00:06:16.000,12.89,-6.44,11.39,17.78,20.42,24832,-42.31,42.0,0.784
2025-04-08T00:07:16.000,12.86,-6.44,11.54,17.76,20.42,24833,-42.32,41.0,0.784
2025-04-08T00:08:16.000,12.84,-6.48,11.33,17.78,20.42,24834,-42.33,41.0,0.785
2025-04-08T00:09:16.000,12.82,-6.51,11.46,17.77,20.42,24835,-42.34,41.0,0.785
2025-04-08T00:10:16.000,12.81,-6.52,11.39,17.78,20.42,24836,-42.35,41.0,0.785
2025-04-08T00:11:16.000,12.81,-6.54,11.29,17.79,20.42,24837,-42.35,41.0,0.785
2025-04-08T00:12:17.000,12.79,-6.57,11.25,17.79,20.42,24838,-42.36,40.0,0.785
2025-04-08T00:13:17.000,12.76,-6.58,11.21,17.8,20.42,24839,-42.36,40.0,0.785
2025-04-08T00:14:17.000,12.71,-6.64,11.15,17.8,20.42,24840,-42.36,40.0,0.785
2025-04-08T00:15:17.000,12.67,-6.69,11.11,17.81,20.42,24841,-42.36,40.0,0.785
2025-04-08T00:16:17.000,12.66,-6.57,11.1,17.81,20.42,24842,-42.36,40.0,0.785
2025-04-08T00:17:17.000,12.67,-6.56,10.97,17.82,20.42,24843,-42.36,40.0,0.785
2025-04-08T00:18:17.000,12.67,-6.7,10.85,17.83,20.42,24844,-42.36,39.0,0.785
2025-04-08T00:19:17.000,12.64,-6.65,10.69,17.85,20.42,24845,-42.36,39.0,0.785
2025-04-08T00:20:17.000,12.62,-6.63,10.6,17.86,20.42,24846,-42.35,39.0,0.785
2025-04-08T00:21:17.000,12.6,-6.64,10.33,17.89,20.42,24847,-42.35,39.0,0.785
2025-04-08T00:22:17.000,12.59,-6.66,10.08,17.91,20.42,24848,-42.34,39.0,0.785
2025-04-08T00:23:17.000,12.6,-6.68,9.87,17.94,20.42,24849,-42.33,38.0,0.785
2025-04-08T00:24:18.000,12.57,-6.72,9.7,17.96,20.42,24850,-42.32,38.0,0.785
2025-04-08T00:25:18.000,12.54,-6.74,9.51,17.98,20.42,24851,-42.31,38.0,0.785
2025-04-08T00:26:18.000,12.53,-6.78,9.31,18.0,20.42,24852,-42.3,38.0,0.786
2025-04-08T00:27:18.000,12.51,-6.78,9.09,18.03,20.42,24853,-42.29,38.0,0.786
2025-04-08T00:28:18.000,12.5,-6.76,8.8,18.06,20.42,24854,-42.28,38.0,0.786
2025-04-08T00:29:18.000,12.5,-6.75,8.68,18.07,20.42,24855,-42.26,37.0,0.786
2025-04-08T00:30:18.000,12.49,-6.8,8.51,18.1,20.42,24856,-42.25,37.0,0.786
2025-04-08T00:31:18.000,12.46,-6.85,8.27,18.13,20.42,24857,-42.23,37.0,0.786
2025-04-08T00:32:18.000,12.4,-6.91,8.07,18.15,20.42,24858,-42.21,37.0,0.786
2025-04-08T00:33:18.000,12.36,-6.9,7.93,18.17,20.42,24859,-42.19,37.0,0.786
2025-04-08T00:34:18.000,12.32,-6.96,7.8,18.19,20.42,24860,-42.17,36.0,0.786
2025-04-08T00:35:18.000,12.32,-6.91,7.62,18.22,20.42,24861,-42.15,36.0,0.786
2025-04-08T00:36:18.000,12.28,-7.02,7.58,18.22,20.42,24862,-42.13,36.0,0.786
2025-04-08T00:37:18.000,12.24,-6.96,7.46,18.24,20.42,24863,-42.11,36.0,0.786
2025-04-08T00:38:18.000,12.23,-6.9,7.4,18.25,20.42,24864,-42.08,36.0,0.786
2025-04-08T00:39:18.000,12.22,-6.86,7.3,18.26,20.42,24865,-42.06,35.0,0.786
2025-04-08T00:40:18.000,12.21,-6.84,7.25,18.27,20.42,24866,-42.03,35.0,0.786
2025-04-08T00:41:19.000,12.19,-6.94,7.19,18.28,20.42,24867,-42.0,35.0,0.786
2025-04-08T00:42:19.000,12.17,-6.95,7.43,18.24,20.42,24868,-41.97,35.0,0.786
2025-04-08T00:43:19.000,12.14,-6.96,7.06,18.3,20.42,24869,-41.94,35.0,0.787
2025-04-08T00:44:19.000,12.11,-6.96,7.06,18.3,20.42,24870,-41.91,35.0,0.787
2025-04-08T00:45:19.000,12.1,-6.96,7.06,18.3,20.42,24871,-41.88,34.0,0.787
2025-04-08T00:46:19.000,12.07,-7.02,7.04,18.3,20.42,24872,-41.85,34.0,0.787
2025-04-08T00:47:19.000,12.04,-7.1,7.08,18.3,20.42,24873,-41.81,34.0,0.787
2025-04-08T00:48:19.000,12.01,-7.13,7.01,18.31,20.42,24874,-41.78,34.0,0.787
2025-04-08T00:49:19.000,11.99,-7.1,7.03,18.3,20.42,24875,-41.74,34.0,0.787
2025-04-08T00:50:19.000,11.97,-7.1,7.06,18.3,20.42,24876,-41.71,33.0,0.787
2025-04-08T00:51:19.000,11.99,-7.08,7.04,18.3,20.42,24877,-41.67,33.0,0.787
2025-04-08T00:52:19.000,11.98,-7.09,7.05,18.3,20.42,24878,-41.63,33.0,0.787
2025-04-08T00:53:19.000,11.96,-7.22,7.02,18.31,20.42,24879,-41.59,33.0,0.787
2025-04-08T00:54:20.000,11.93,-7.23,7.05,18.3,20.42,24880,-41.54,33.0,0.787
2025-04-08T00:55:20.000,11.91,-7.28,7.06,18.3,20.42,24881,-41.5,32.0,0.787
2025-04-08T00:56:20.000,11.87,-7.35,7.03,18.3,20.42,24882,-41.46,32.0,0.787
2025-04-08T00:57:20.000,11.83,-7.35,7.09,18.3,20.42,24883,-41.41,32.0,0.787
2025-04-08T00:58:20.000,11.81,-7.29,7.03,18.3,20.42,24884,-41.37,32.0,0.787
2025-04-08T00:59:20.000,11.82,-7.27,7.04,18.3,20.42,24885,-41.32,32.0,0.787
2025-04-08T01:00:20.000,11.82,-7.36,7.06,18.3,20.42,24886,-41.27,32.0,0.787
2025-04-08T01:01:20.000,11.77,-7.38,7.02,18.31,20.42,24887,-41.22,31.0,0.788
2025-04-08T01:02:20.000,11.78,-7.34,6.96,18.32,20.42,24888,-41.17,31.0,0.788
2025-04-08T01:03:20.000,11.77,-7.37,6.95,18.32,20.42,24889,-41.12,31.0,0.788
2025-04-08T01:04:20.000,11.75,-7.41,6.95,18.32,20.42,24890,-41.07,31.0,0.788
2025-04-08T01:05:20.000,11.75,-7.3,6.94,18.32,20.42,24891,-41.02,31.0,0.788
2025-04-08T01:06:20.000,11.76,-7.33,6.91,18.32,20.42,24892,-40.96,30.0,0.788
2025-04-08T01:07:20.000,11.75,-7.4,6.94,18.32,20.42,24893,-40.91,30.0,0.788
2025-04-08T01:08:20.000,11.73,-7.5,6.94,18.32,20.42,24894,-40.85,30.0,0.788
2025-04-08T01:09:21.000,11.72,-7.43,6.96,18.32,20.42,24895,-40.79,30.0,0.788
2025-04-08T01:10:21.000,11.7,-7.53,6.9,18.32,20.42,24896,-40.74,30.0,0.788
2025-04-08T01:11:21.000,11.68,-7.49,6.93,18.32,20.42,24897,-40.68,29.0,0.788
2025-04-08T01:12:21.000,11.63,-7.52,6.94,18.32,20.42,24898,-40.62,29.0,0.788
2025-04-08T01:13:21.000,11.61,-7.43,6.92,18.32,20.42,24899,-40.56,29.0,0.788
2025-04-08T01:14:21.000,11.62,-7.45,6.94,18.32,20.42,24900,-40.49,29.0,0.788
2025-04-08T01:15:21.000,11.61,-7.45,6.94,18.32,20.42,24901,-40.43,29.0,0.788
2025-04-08T01:16:21.000,11.61,-7.49,6.92,18.32,20.42,24902,-40.37,29.0,0.788
2025-04-08T01:17:21.000,11.6,-7.52,6.92,18.32,20.42,24903,-40.3,28.0,0.788
2025-04-08T01:18:21.000,11.58,-7.53,6.93,18.32,20.42,24904,-40.23,28.0,0.789
2025-04-08T01:19:21.000,11.55,-7.56,6.94,18.32,20.42,24905,-40.17,28.0,0.789
2025-04-08T01:20:21.000,11.54,-7.57,6.88,18.33,20.42,24906,-40.1,28.0,0.789
2025-04-08T01:21:21.000,11.5,-7.59,6.87,18.33,20.42,24907,-40.03,28.0,0.789
2025-04-08T01:22:21.000,11.52,-7.49,6.92,18.32,20.42,24908,-39.96,27.0,0.789
2025-04-08T01:23:21.000,11.53,-7.52,6.92,18.32,20.42,24909,-39.89,27.0,0.789
2025-04-08T01:24:21.000,11.52,-7.57,6.92,18.32,20.42,24910,-39.82,27.0,0.789
2025-04-08T01:25:21.000,11.5,-7.55,6.91,18.32,20.42,24911,-39.74,27.0,0.789
2025-04-08T01:26:21.000,11.48,-7.6,6.89,18.33,20.42,24912,-39.67,27.0,0.789
2025-04-08T01:27:21.000,11.47,-7.52,6.92,18.32,20.42,24913,-39.6,26.0,0.789
2025-04-08T01:28:22.000,11.47,-7.52,6.89,18.33,20.42,24914,-39.52,26.0,0.789
2025-04-08T01:29:22.000,11.45,-7.62,6.92,18.32,20.42,24915,-39.44,26.0,0.789
2025-04-08T01:30:22.000,11.43,-7.58,6.91,18.32,20.42,24916,-39.37,26.0,0.789
2025-04-08T01:31:22.000,11.42,-7.61,6.91,18.32,20.42,24917,-39.29,26.0,0.789
2025-04-08T01:32:22.000,11.41,-7.55,6.93,18.32,20.42,24918,-39.21,26.0,0.789
2025-04-08T01:33:22.000,11.38,-7.63,6.91,18.32,20.42,24919,-39.13,25.0,0.789
2025-04-08T01:34:22.000,11.36,-7.59,6.9,18.32,20.42,24920,-39.05,25.0,0.789
2025-04-08T01:35:22.000,11.35,-7.58,6.86,18.33,20.42,24921,-38.96,25.0,0.789
2025-04-08T01:36:22.000,11.31,-7.59,6.88,18.33,20.42,24922,-38.88,25.0,0.79
2025-04-08T01:37:22.000,11.29,-7.63,6.88,18.33,20.42,24923,-38.8,25.0,0.79
2025-04-08T01:38:22.000,11.29,-7.59,6.89,18.33,20.42,24924,-38.71,24.0,0.79
2025-04-08T01:39:22.000,11.29,-7.59,6.85,18.33,20.42,24925,-38.63,24.0,0.79
2025-04-08T01:40:22.000,11.29,-7.57,6.83,18.34,20.42,24926,-38.54,24.0,0.79
2025-04-08T01:41:23.000,11.29,-7.58,6.85,18.33,20.42,24927,-38.45,24.0,0.79
2025-04-08T01:42:22.000,11.28,-7.65,6.81,18.34,20.42,24928,-38.36,24.0,0.79
2025-04-08T01:43:23.000,11.24,-7.75,6.85,18.33,20.42,24929,-38.27,23.0,0.79
2025-04-08T01:44:23.000,11.18,-7.79,6.84,18.33,20.42,24930,-38.18,23.0,0.79
2025-04-08T01:45:23.000,11.14,-7.68,6.85,18.33,20.42,24931,-38.09,23.0,0.79
2025-04-08T01:46:23.000,11.1,-7.78,6.86,18.33,20.42,24932,-38.0,23.0,0.79
2025-04-08T01:47:23.000,11.08,-7.72,6.83,18.34,20.42,24933,-37.91,23.0,0.79
2025-04-08T01:48:23.000,11.07,-7.71,6.85,18.33,20.42,24934,-37.81,23.0,0.79
2025-04-08T01:49:23.000,11.05,-7.71,6.83,18.34,20.42,24935,-37.72,22.0,0.79
2025-04-08T01:50:23.000,11.05,-7.71,6.78,18.34,20.42,24936,-37.62,22.0,0.79
2025-04-08T01:51:23.000,11.05,-7.71,6.85,18.33,20.42,24937,-37.53,22.0,0.79
2025-04-08T01:52:23.000,11.05,-7.69,6.83,18.34,20.42,24938,-37.43,22.0,0.79
2025-04-08T01:53:23.000,11.06,-7.62,6.82,18.34,20.42,24939,-37.33,22.0,0.79
2025-04-08T01:54:23.000,11.05,-7.67,6.81,18.34,20.42,24940,-37.24,21.0,0.791
2025-04-08T01:55:23.000,11.06,-7.62,6.8,18.34,20.42,24941,-37.14,21.0,0.791
2025-04-08T01:56:23.000,11.07,-7.67,6.78,18.34,20.42,24942,-37.04,21.0,0.791
2025-04-08T01:57:23.000,11.04,-7.8,6.79,18.34,20.42,24943,-36.94,21.0,0.791
2025-04-08T01:58:24.000,10.98,-7.85,6.79,18.34,20.42,24944,-36.83,21.0,0.791
2025-04-08T01:59:24.000,10.95,-7.85,6.83,18.33,20.42,24945,-36.73,20.0,0.791
2025-04-08T02:00:23.000,10.91,-7.87,6.78,18.34,20.42,24946,-36.63,20.0,0.791
2025-04-08T02:01:24.000,10.9,-7.74,6.78,18.34,20.42,24947,-36.52,20.0,0.791
2025-04-08T02:02:24.000,10.9,-7.77,6.72,18.35,20.42,24948,-36.42,20.0,0.791
2025-04-08T02:03:24.000,10.9,-7.73,6.78,18.34,20.42,24949,-36.31,20.0,0.791
2025-04-08T02:04:24.000,10.9,-7.71,6.77,18.34,20.42,24950,-36.21,20.0,0.791
2025-04-08T02:05:24.000,10.9,-7.75,6.79,18.34,20.42,24951,-36.1,19.0,0.791
2025-04-08T02:06:24.000,10.89,-7.71,6.76,18.35,20.42,24952,-35.99,19.0,0.791
2025-04-08T02:07:24.000,10.89,-7.71,6.79,18.34,20.42,24953,-35.88,19.0,0.791
2025-04-08T02:08:24.000,10.87,-7.83,6.76,18.35,20.42,24954,-35.77,19.0,0.791
2025-04-08T02:09:24.000,10.82,-7.78,6.75,18.35,20.42,24955,-35.66,19.0,0.791
2025-04-08T02:10:24.000,10.8,-7.77,6.72,18.35,20.42,24956,-35.55,18.0,0.791
2025-04-08T02:11:24.000,10.79,-7.75,6.72,18.35,20.42,24957,-35.44,18.0,0.791
2025-04-08T02:12:24.000,10.77,-7.74,6.72,18.35,20.42,24958,-35.33,18.0,0.792
2025-04-08T02:13:24.000,10.76,-7.81,6.74,18.35,20.42,24959,-35.21,18.0,0.792
2025-04-08T02:14:24.000,10.75,-7.78,6.79,18.34,20.42,24960,-35.1,18.0,0.792
2025-04-08T02:15:24.000,10.73,-7.78,6.77,18.34,20.42,24961,-34.99,17.0,0.792
2025-04-08T02:16:25.000,10.72,-7.75,6.75,18.35,20.42,24962,-34.87,17.0,0.792
2025-04-08T02:17:25.000,10.72,-7.8,6.72,18.35,20.42,24963,-34.75,17.0,0.792
2025-04-08T02:18:25.000,10.72,-7.78,6.74,18.35,20.42,24964,-34.64,17.0,0.792
2025-04-08T02:19:25.000,10.7,-7.77,6.74,18.35,20.42,24965,-34.52,17.0,0.792
2025-04-08T02:20:25.000,10.68,-7.85,6.66,18.36,20.42,24966,-34.4,17.0,0.792
2025-04-08T02:21:25.000,10.65,-7.79,6.73,18.35,20.42,24967,-34.28,16.0,0.792
2025-04-08T02:22:25.000,10.66,-7.78,6.66,18.36,20.42,24968,-34.16,16.0,0.792
2025-04-08T02:23:25.000,10.65,-7.85,6.69,18.36,20.42,24969,-34.04,16.0,0.792
2025-04-08T02:24:25.000,10.64,-7.76,6.67,18.36,20.42,24970,-33.92,16.0,0.792
2025-04-08T02:25:25.000,10.66,-7.73,6.62,18.37,20.42,24971,-33.8,16.0,0.792
2025-04-08T02:26:25.000,10.66,-7.77,6.72,18.35,20.42,24972,-33.68,15.0,0.792
2025-04-08T02:27:25.000,10.67,-7.78,6.89,18.33,20.42,24973,-33.56,15.0,0.792
2025-04-08T02:28:25.000,10.64,-7.85,6.62,18.37,20.42,24974,-33.43,15.0,0.792
2025-04-08T02:29:25.000,10.63,-7.79,6.62,18.37,20.42,24975,-33.31,15.0,0.793
2025-04-08T02:30:25.000,10.63,-7.74,6.62,18.37,20.42,24976,-33.18,15.0,0.793
2025-04-08T02:31:25.000,10.66,-7.69,6.65,18.36,20.42,24977,-33.06,14.0,0.793
2025-04-08T02:32:25.000,10.65,-7.81,6.67,18.36,20.42,24978,-32.93,14.0,0.793
2025-04-08T02:33:26.000,10.64,-7.76,6.64,18.37,20.42,24979,-32.8,14.0,0.793
2025-04-08T02:34:26.000,10.63,-7.87,6.61,18.37,20.42,24980,-32.68,14.0,0.793
2025-04-08T02:35:26.000,10.59,-7.9,6.67,18.36,20.42,24981,-32.55,14.0,0.793
2025-04-08T02:36:26.000,10.57,-7.88,6.69,18.36,20.42,24982,-32.42,14.0,0.793
2025-04-08T02:37:26.000,10.57,-7.86,6.66,18.36,20.42,24983,-32.29,13.0,0.793
2025-04-08T02:38:26.000,10.55,-7.88,6.65,18.36,20.42,24984,-32.16,13.0,0.793
2025-04-08T02:39:26.000,10.57,-7.86,6.62,18.37,20.42,24985,-32.03,13.0,0.793
2025-04-08T02:40:26.000,10.56,-7.85,6.62,18.37,20.42,24986,-31.9,13.0,0.793
2025-04-08T02:41:26.000,10.53,-7.96,6.61,18.37,20.42,24987,-31.77,13.0,0.793
2025-04-08T02:42:26.000,10.51,-7.91,6.58,18.38,20.42,24988,-31.64,12.0,0.793
2025-04-08T02:43:26.000,10.51,-7.9,6.58,18.38,20.42,24989,-31.5,12.0,0.793
2025-04-08T02:44:26.000,10.51,-7.9,6.59,18.37,20.42,24990,-31.37,12.0,0.793
2025-04-08T02:45:26.000,10.49,-7.92,6.58,18.38,20.42,24991,-31.24,12.0,0.793
2025-04-08T02:46:26.000,10.48,-7.9,6.58,18.38,20.42,24992,-31.1,12.0,0.793
2025-04-08T02:47:27.000,10.46,-7.96,6.59,18.37,20.42,24993,-30.96,12.0,0.794
2025-04-08T02:48:26.000,10.42,-8.04,6.59,18.37,20.42,24994,-30.83,11.0,0.794
2025-04-08T02:49:27.000,10.37,-7.96,6.58,18.38,20.42,24995,-30.69,11.0,0.794
2025-04-08T02:50:27.000,10.35,-7.94,6.57,18.38,20.42,24996,-30.56,11.0,0.794
2025-04-08T02:51:27.000,10.37,-7.86,6.58,18.38,20.42,24997,-30.42,11.0,0.794
2025-04-08T02:52:27.000,10.37,-7.91,6.59,18.37,20.42,24998,-30.28,11.0,0.794
2025-04-08T02:53:27.000,10.37,-7.86,6.6,18.37,20.42,24999,-30.14,10.0,0.794
2025-04-08T02:54:27.000,10.38,-7.89,6.58,18.38,20.42,25000,-30.0,10.0,0.794
2025-04-08T02:55:27.000,10.38,-7.89,6.58,18.38,20.42,25001,-29.86,10.0,0.794
2025-04-08T02:56:27.000,10.39,-7.91,6.56,18.38,20.42,25002,-29.72,10.0,0.794
