ecsv/stars51/stars51_2025-04.ecsv
# %ECSV 1.0
# ---
# datatype:
# - {name: time, datatype: string}
# - {name: Enclosure Temperature, unit: deg_C, datatype: float64}
# - {name: Sky Temperature, unit: deg_C, datatype: float64}
# - {name: Frequency, unit: Hz, datatype: float64}
# - {name: MSAS, unit: mag / arcsec2, datatype: float64}
# - {name: ZP, datatype: float64}
# - {name: Sequence Number, datatype: int64}
# - {name: Sun Alt, unit: deg, datatype: float64}
# - {name: Moon Alt, unit: deg, datatype: float64}
# - {name: Moon Illumination, datatype: float64}
# delimiter: ','
# meta: !!omap
# - ida:
#     Data supplier: {affiliation: null, observer: Cristobal Garcia}
#     Device type: TESS-W
#     Field of view: 17.0
#     Filters per channel: None
#     Instrument ID: stars51
#     License: ODbL 1.0 http://opendatacommons.org/licenses/odbl/summary/
#     Local timezone: Europe/Madrid
#     Location name: {country: Spain, place: Astrohenares, region: Community of Madrid, sub_region: "\xC1rea metropolitana de Madrid y\
#         \ Corredor del Henares", town: Coslada}
#     Measurement direction per channel: {azimuth: 0.0, zenital: 0.0}
#     Moving / Fixed look direction: FIXED
#     Moving / Stationary position: STATIONARY
#     Number of channels: 1
#     Number of fields per line: 8
#     Number of header lines: 35
#     Position: {height: 0.0, latitude: 40.4180168, longitude: -3.5530164}
#     TESS MAC address: 18:FE:34:CF:EA:1D
#     TESS cover offset value: 0.0
#     TESS firmware version: '1.0'
#     TESS zero point: 20.42
#     Time Synchronization: timestamp added by MQTT subscriber
#     URL: http://www.darksky.org/NSBM/sdf1.0.pdf
# - __serialized_columns__:
#     Enclosure Temperature:
#       __class__: astropy.units.quantity.Quantity
#       unit: &id001 !astropy.units.Unit {unit: deg_C}
#       value: !astropy.table.SerializedColumn {name: Enclosure Temperature}
#     Frequency:
#       __class__: astropy.units.quantity.Quantity
#       unit: !astropy.units.Unit {unit: Hz}
#       value: !astropy.table.SerializedColumn {name: Frequency}
#     MSAS:
#       __class__: astropy.units.quantity.Quantity
#       unit: !astropy.units.Unit {unit: mag / arcsec2}
#       value: !astropy.table.SerializedColumn {name: MSAS}
#     Moon Alt:
#       __class__: astropy.units.quantity.Quantity
#       unit: &id002 !astropy.units.Unit {unit: deg}
#       value: !astropy.table.SerializedColumn {name: Moon Alt}
#     Sky Temperature:
#       __class__: astropy.units.quantity.Quantity
#       unit: *id001
#       value: !astropy.table.SerializedColumn {name: Sky Temperature}
#     Sun Alt:
#       __class__: astropy.units.quantity.Quantity
#       unit: *id002
#       value: !astropy.table.SerializedColumn {name: Sun Alt}
#     time:
#       __class__: astropy.time.core.Time
#       format: isot
#       in_subfmt: '*'
#       out_subfmt: '*'
#       precision: 3
#       scale: utc
#       value: !astropy.table.SerializedColumn {name: time}
# schema: astropy-2.0
time,Enclosure Temperature,Sky Temperature,Frequency,MSAS,ZP,Sequence Number,Sun Alt,Moon Alt,Moon Illumination
[from data line 207]
2025-04-01T03:28:59.000,10.3,-10.3,8.36,18.11,20.42,14969,-27.28,-28.0,0.107
2025-04-01T03:29:59.000,10.09,-10.33,8.46,18.1,20.42,14970,-27.13,-28.0,0.107
2025-04-01T03:30:59.000,10.06,-10.14,8.54,18.09,20.42,14971,-26.97,-28.0,0.107
2025-04-01T03:31:59.000,10.65,-9.97,8.6,18.08,20.42,14972,-26.81,-28.0,0.107
2025-04-01T03:32:59.000,10.88,-10.14,8.76,18.06,20.42,14973,-26.65,-28.0,0.107
2025-04-01T03:33:59.000,10.75,-10.37,8.81,18.06,20.42,14974,-26.49,-28.0,0.107
2025-04-01T03:34:59.000,10.47,-10.42,8.77,18.06,20.42,14975,-26.33,-27.0,0.107
2025-04-01T03:35:59.000,10.2,-10.53,8.76,18.06,20.42,14976,-26.17,-27.0,0.107
2025-04-01T03:37:00.000,9.98,-10.46,8.77,18.06,20.42,14977,-26.0,-27.0,0.107
2025-04-01T03:38:00.000,10.36,-10.27,8.83,18.06,20.42,14978,-25.84,-27.0,0.107
2025-04-01T03:39:00.000,10.77,-10.36,8.77,18.06,20.42,14979,-25.68,-27.0,0.107
2025-04-01T03:40:00.000,10.76,-10.38,8.8,18.06,20.42,14980,-25.52,-27.0,0.108
2025-04-01T03:41:00.000,10.52,-10.7,8.61,18.08,20.42,14981,-25.36,-27.0,0.108
2025-04-01T03:42:00.000,10.22,-10.54,8.55,18.09,20.42,14982,-25.19,-27.0,0.108
2025-04-01T03:43:00.000,10.0,-10.55,8.47,18.1,20.42,14983,-25.03,-27.0,0.108
2025-04-01T03:44:00.000,10.29,-10.18,8.34,18.12,20.42,14984,-24.87,-27.0,0.108
2025-04-01T03:45:00.000,10.76,-10.41,8.27,18.13,20.42,14985,-24.7,-27.0,0.108
2025-04-01T03:46:00.000,10.76,-10.53,8.18,18.14,20.42,14986,-24.54,-27.0,0.108
2025-04-01T03:47:00.000,10.56,-10.57,8.06,18.16,20.42,14987,-24.37,-27.0,0.108
2025-04-01T03:48:00.000,10.29,-10.66,8.06,18.16,20.42,14988,-24.21,-27.0,0.108
2025-04-01T03:49:00.000,10.04,-10.62,8.05,18.16,20.42,14989,-24.04,-27.0,0.108
2025-04-01T03:50:00.000,10.07,-10.5,8.13,18.15,20.42,14990,-23.88,-27.0,0.108
2025-04-01T03:51:00.000,10.67,-10.51,8.18,18.14,20.42,14991,-23.71,-27.0,0.108
2025-04-01T03:52:00.000,10.83,-10.6,8.29,18.12,20.42,14992,-23.54,-27.0,0.108
2025-04-01T03:53:01.000,10.64,-10.78,8.38,18.11,20.42,14993,-23.37,-26.0,0.108
2025-04-01T03:54:00.000,10.32,-10.78,8.6,18.08,20.42,14994,-23.21,-26.0,0.108
2025-04-01T03:55:01.000,10.02,-10.67,8.79,18.06,20.42,14995,-23.04,-26.0,0.108
2025-04-01T03:56:01.000,10.17,-10.24,9.01,18.03,20.42,14996,-22.87,-26.0,0.108
2025-04-01T03:57:01.000,10.73,-10.49,9.16,18.02,20.42,14997,-22.7,-26.0,0.108
2025-04-01T03:58:01.000,10.83,-10.35,9.28,18.0,20.42,14998,-22.54,-26.0,0.108
2025-04-01T03:59:01.000,10.67,-10.42,9.45,17.98,20.42,14999,-22.37,-26.0,0.109
2025-04-01T04:00:01.000,10.43,-10.46,9.51,17.98,20.42,15000,-22.2,-26.0,0.109
2025-04-01T04:01:01.000,10.16,-10.57,9.54,17.97,20.42,15001,-22.03,-26.0,0.109
2025-04-01T04:02:01.000,9.99,-10.46,9.57,17.97,20.42,15002,-21.86,-26.0,0.109
2025-04-01T04:03:01.000,10.5,-10.12,9.57,17.97,20.42,15003,-21.69,-26.0,0.109
2025-04-01T04:04:01.000,10.87,-10.24,9.53,17.97,20.42,15004,-21.52,-26.0,0.109
2025-04-01T04:05:01.000,10.82,-10.38,9.42,17.99,20.42,15005,-21.35,-26.0,0.109
2025-04-01T04:06:01.000,10.57,-10.46,9.4,17.99,20.42,15006,-21.18,-26.0,0.109
2025-04-01T04:07:01.000,10.3,-10.5,9.35,17.99,20.42,15007,-21.01,-26.0,0.109
2025-04-01T04:08:01.000,10.01,-10.57,9.25,18.01,20.42,15008,-20.84,-25.0,0.109
2025-04-01T04:09:01.000,10.2,-10.22,9.2,18.01,20.42,15009,-20.67,-25.0,0.109
2025-04-01T04:10:01.000,10.76,-10.47,9.13,18.02,20.42,15010,-20.49,-25.0,0.109
2025-04-01T04:11:02.000,10.81,-10.4,9.07,18.03,20.42,15011,-20.32,-25.0,0.109
2025-04-01T04:12:02.000,10.64,-10.44,9.02,18.03,20.42,15012,-20.15,-25.0,0.109
2025-04-01T04:13:02.000,10.38,-10.47,9.38,17.99,20.42,15013,-19.97,-25.0,0.109
2025-04-01T04:14:02.000,10.1,-10.5,9.3,18.0,20.42,15014,-19.8,-25.0,0.109
2025-04-01T04:15:02.000,10.02,-10.39,9.27,18.0,20.42,15015,-19.63,-25.0,0.109
2025-04-01T04:16:02.000,10.59,-10.28,9.47,17.98,20.42,15016,-19.45,-25.0,0.109
2025-04-01T04:17:02.000,10.88,-10.27,9.05,18.03,20.42,15017,-19.28,-25.0,0.109
2025-04-01T04:18:02.000,10.78,-10.49,9.04,18.03,20.42,15018,-19.11,-25.0,0.11
2025-04-01T04:19:02.000,10.55,-10.35,9.02,18.03,20.42,15019,-18.93,-25.0,0.11
2025-04-01T04:20:02.000,10.3,-10.52,9.07,18.03,20.42,15020,-18.76,-25.0,0.11
2025-04-01T04:21:02.000,10.04,-10.56,9.07,18.03,20.42,15021,-18.58,-24.0,0.11
2025-04-01T04:22:02.000,10.11,-10.44,9.09,18.02,20.42,15022,-18.41,-24.0,0.11
2025-04-01T04:23:02.000,10.78,-10.25,9.09,18.02,20.42,15023,-18.23,-24.0,0.11
2025-04-01T04:24:03.000,10.99,-10.42,9.13,18.02,20.42,15024,-18.05,-24.0,0.11
2025-04-01T04:25:02.000,10.84,-10.42,9.15,18.02,20.42,15025,-17.88,-24.0,0.11
2025-04-01T04:26:02.000,10.59,-10.57,9.22,18.01,20.42,15026,-17.71,-24.0,0.11
2025-04-01T04:27:03.000,10.29,-10.68,9.3,18.0,20.42,15027,-17.53,-24.0,0.11
2025-04-01T04:28:03.000,10.0,-10.57,9.36,17.99,20.42,15028,-17.35,-24.0,0.11
2025-04-01T04:29:03.000,10.24,-10.3,9.43,17.99,20.42,15029,-17.17,-24.0,0.11
2025-04-01T04:30:03.000,10.81,-10.3,9.5,17.98,20.42,15030,-17.0,-24.0,0.11
2025-04-01T04:31:03.000,10.87,-10.5,9.73,17.95,20.42,15031,-16.82,-24.0,0.11
2025-04-01T04:32:03.000,10.66,-10.44,9.86,17.94,20.42,15032,-16.64,-24.0,0.11
2025-04-01T04:33:03.000,10.42,-10.45,9.99,17.92,20.42,15033,-16.46,-23.0,0.11
2025-04-01T04:34:03.000,10.14,-10.5,10.11,17.91,20.42,15034,-16.29,-23.0,0.11
2025-04-01T04:35:03.000,9.98,-10.36,10.24,17.9,20.42,15035,-16.11,-23.0,0.11
2025-04-01T04:36:03.000,10.45,-10.2,10.49,17.87,20.42,15036,-15.93,-23.0,0.11
2025-04-01T04:37:03.000,10.79,-10.35,10.47,17.87,20.42,15037,-15.75,-23.0,0.111
2025-04-01T04:38:04.000,10.71,-10.3,10.56,17.86,20.42,15038,-15.57,-23.0,0.111
2025-04-01T04:39:04.000,10.47,-10.37,10.64,17.85,20.42,15039,-15.39,-23.0,0.111
2025-04-01T04:40:03.000,10.23,-10.19,10.75,17.84,20.42,15040,-15.22,-23.0,0.111
2025-04-01T04:41:03.000,9.98,-10.36,10.82,17.84,20.42,15041,-15.04,-23.0,0.111
2025-04-01T04:42:04.000,10.27,-9.91,10.86,17.83,20.42,15042,-14.85,-23.0,0.111
2025-04-01T04:43:04.000,10.87,-9.93,10.98,17.82,20.42,15043,-14.67,-23.0,0.111
2025-04-01T04:44:04.000,10.93,-10.13,11.09,17.81,20.42,15044,-14.5,-22.0,0.111
2025-04-01T04:45:04.000,10.7,-10.18,11.18,17.8,20.42,15045,-14.32,-22.0,0.111
2025-04-01T04:46:04.000,10.43,-10.19,11.29,17.79,20.42,15046,-14.13,-22.0,0.111
2025-04-01T04:47:04.000,10.17,-10.24,11.54,17.77,20.42,15047,-13.95,-22.0,0.111
2025-04-01T04:48:04.000,9.96,-10.29,11.54,17.76,20.42,15048,-13.77,-22.0,0.111
2025-04-01T04:49:04.000,10.45,-9.87,11.53,17.77,20.42,15049,-13.59,-22.0,0.111
2025-04-01T04:50:04.000,11.03,-9.96,11.51,17.77,20.42,15050,-13.41,-22.0,0.111
2025-04-01T04:51:04.000,10.99,-10.27,11.52,17.77,20.42,15051,-13.23,-22.0,0.111
2025-04-01T04:52:05.000,10.71,-10.2,11.36,17.78,20.42,15052,-13.05,-22.0,0.111
2025-04-01T04:53:04.000,10.44,-10.13,11.32,17.79,20.42,15053,-12.87,-22.0,0.111
2025-04-01T04:54:04.000,10.17,-10.25,11.51,17.77,20.42,15054,-12.69,-21.0,0.111
2025-04-01T04:55:04.000,9.98,-10.26,11.48,17.77,20.42,15055,-12.5,-21.0,0.111
2025-04-01T04:56:04.000,10.51,-9.98,11.9,17.73,20.42,15056,-12.32,-21.0,0.112
2025-04-01T04:57:04.000,10.89,-10.12,12.32,17.69,20.42,15057,-12.14,-21.0,0.112
2025-04-01T04:58:05.000,10.77,-10.33,12.72,17.66,20.42,15058,-11.96,-21.0,0.112
2025-04-01T04:59:05.000,10.5,-10.26,13.29,17.61,20.42,15059,-11.77,-21.0,0.112
2025-04-01T05:00:05.000,10.19,-10.48,13.73,17.58,20.42,15060,-11.59,-21.0,0.112
2025-04-01T05:01:05.000,9.94,-10.44,14.22,17.54,20.42,15061,-11.41,-21.0,0.112
2025-04-01T05:02:05.000,10.55,-10.02,14.93,17.49,20.42,15062,-11.22,-21.0,0.112
2025-04-01T05:03:05.000,10.97,-10.23,15.47,17.45,20.42,15063,-11.04,-21.0,0.112
2025-04-01T05:04:05.000,10.86,-10.46,16.33,17.39,20.42,15064,-10.86,-20.0,0.112
2025-04-01T05:05:05.000,10.55,-10.47,17.43,17.32,20.42,15065,-10.67,-20.0,0.112
2025-04-01T05:06:05.000,10.2,-10.63,18.3,17.27,20.42,15066,-10.49,-20.0,0.112
2025-04-01T05:07:05.000,9.94,-10.56,19.42,17.2,20.42,15067,-10.31,-20.0,0.112
2025-04-01T05:08:05.000,10.53,-10.27,20.73,17.13,20.42,15068,-10.12,-20.0,0.112
2025-04-01T05:09:05.000,10.95,-10.41,22.38,17.05,20.42,15069,-9.94,-20.0,0.112
2025-04-01T05:10:05.000,10.88,-10.6,24.42,16.95,20.42,15070,-9.75,-20.0,0.112
2025-04-01T05:11:05.000,10.57,-10.79,26.64,16.86,20.42,15071,-9.57,-20.0,0.112
2025-04-01T05:12:05.000,10.26,-10.71,29.51,16.75,20.42,15072,-9.39,-20.0,0.112
2025-04-01T05:13:06.000,10.0,-10.85,32.71,16.64,20.42,15073,-9.2,-19.0,0.112
2025-04-01T05:14:06.000,10.15,-10.57,36.74,16.51,20.42,15074,-9.01,-19.0,0.112
2025-04-01T05:15:06.000,10.84,-10.57,41.92,16.37,20.42,15075,-8.83,-19.0,0.113
2025-04-01T05:16:06.000,10.98,-10.77,46.19,16.26,20.42,15076,-8.64,-19.0,0.113
2025-04-01T05:17:06.000,10.72,-11.0,53.38,16.1,20.42,15077,-8.46,-19.0,0.113
2025-04-01T05:18:06.000,10.34,-11.07,62.61,15.93,20.42,15078,-8.27,-19.0,0.113
2025-04-01T05:19:06.000,10.0,-11.04,72.48,15.77,20.42,15079,-8.09,-19.0,0.113
2025-04-01T05:20:06.000,10.16,-10.8,84.73,15.6,20.42,15080,-7.9,-19.0,0.113
2025-04-01T05:21:06.000,10.84,-10.85,99.39,15.43,20.42,15081,-7.72,-19.0,0.113
2025-04-01T05:22:06.000,10.95,-10.88,117.91,15.24,20.42,15082,-7.53,-18.0,0.113
2025-04-01T05:23:06.000,10.71,-11.06,141.51,15.04,20.42,15083,-7.34,-18.0,0.113
2025-04-01T05:24:06.000,10.33,-11.18,171.66,14.84,20.42,15084,-7.16,-18.0,0.113
2025-04-01T05:25:06.000,9.96,-11.09,209.28,14.62,20.42,15085,-6.97,-18.0,0.113
2025-04-01T05:26:06.000,10.29,-10.81,256.04,14.4,20.42,15086,-6.79,-18.0,0.113
2025-04-01T05:27:06.000,10.9,-10.74,314.07,14.18,20.42,15087,-6.6,-18.0,0.113
2025-04-01T05:28:07.000,10.93,-10.87,386.02,13.96,20.42,15088,-6.41,-18.0,0.113
2025-04-01T05:29:07.000,10.69,-10.87,476.16,13.73,20.42,15089,-6.22,-18.0,0.113
2025-04-01T05:30:06.000,10.38,-10.92,588.81,13.5,20.42,15090,-6.04,-17.0,0.113
2025-04-01T05:31:07.000,10.06,-10.92,728.81,13.27,20.42,15091,-5.85,-17.0,0.113
2025-04-01T05:32:07.000,9.8,-10.87,906.33,13.03,20.42,15092,-5.66,-17.0,0.113
2025-04-01T05:33:07.000,9.57,-10.93,1132.7,12.79,20.42,15093,-5.47,-17.0,0.113
2025-04-01T05:34:07.000,9.33,-10.97,1423.35,12.54,20.42,15094,-5.29,-17.0,0.114
2025-04-01T05:35:07.000,9.13,-11.01,1800.58,12.28,20.42,15095,-5.1,-17.0,0.114
2025-04-01T05:36:07.000,8.95,-10.97,2282.52,12.03,20.42,15096,-4.91,-17.0,0.114
2025-04-01T05:37:07.000,8.84,-10.92,2886.89,11.77,20.42,15097,-4.73,-17.0,0.114
2025-04-01T05:38:07.000,8.7,-10.88,3633.51,11.52,20.42,15098,-4.54,-16.0,0.114
2025-04-01T05:39:07.000,8.59,-10.91,4542.11,11.28,20.42,15099,-4.35,-16.0,0.114
2025-04-01T05:40:07.000,8.49,-10.95,5648.29,11.04,20.42,15100,-4.16,-16.0,0.114
2025-04-01T05:41:07.000,8.4,-10.91,6998.85,10.81,20.42,15101,-3.97,-16.0,0.114
2025-04-01T05:42:07.000,8.35,-10.87,8707.93,10.57,20.42,15102,-3.79,-16.0,0.114
2025-04-01T05:43:07.000,8.32,-10.79,11059.69,10.31,20.42,15103,-3.6,-16.0,0.114
2025-04-01T05:44:07.000,8.35,-10.72,14467.71,10.02,20.42,15104,-3.41,-16.0,0.114
2025-04-01T05:45:07.000,8.37,-10.73,19434.89,9.7,20.42,15105,-3.22,-16.0,0.114
2025-04-01T05:46:07.000,8.38,-10.7,25829.98,9.39,20.42,15106,-3.03,-15.0,0.114
2025-04-01T05:47:08.000,8.4,-10.55,32278.27,9.15,20.42,15107,-2.84,-15.0,0.114
2025-04-01T05:48:08.000,8.45,-10.53,38239.78,8.96,20.42,15108,-2.65,-15.0,0.114
2025-04-01T05:49:08.000,8.47,-10.54,44486.65,8.8,20.42,15109,-2.47,-15.0,0.114
2025-04-01T05:50:08.000,8.52,-10.51,51634.6,8.64,20.42,15110,-2.28,-15.0,0.114
2025-04-01T05:51:08.000,8.54,-10.54,59728.65,8.48,20.42,15111,-2.09,-15.0,0.114
2025-04-01T05:52:08.000,8.55,-10.58,51150.99,0.66,20.42,15112,-1.9,-15.0,0.115
2025-04-01T05:53:08.000,8.57,-10.44,50000.0,0.0,20.42,15113,-1.71,-15.0,0.115
2025-04-01T05:54:08.000,8.62,-10.38,50000.0,0.0,20.42,15114,-1.52,-14.0,0.115
2025-04-01T05:55:08.000,8.69,-10.32,50000.0,0.0,20.42,15115,-1.33,-14.0,0.115
2025-04-01T06:09:09.000,8.98,-9.84,50000.0,0.0,20.42,15129,1.32,-12.0,0.115
2025-04-01T06:10:09.000,9.05,-9.78,50000.0,0.0,20.42,15130,1.51,-12.0,0.115
2025-04-01T06:11:09.000,9.11,-9.68,50000.0,0.0,20.42,15131,1.7,-12.0,0.116
2025-04-01T06:12:09.000,9.18,-9.63,49711.25,0.09,20.42,15132,1.89,-12.0,0.116
2025-04-01T06:13:09.000,9.21,-9.66,49722.41,0.09,20.42,15133,2.08,-12.0,0.116
2025-04-01T06:14:09.000,9.19,-9.7,50000.0,0.0,20.42,15134,2.27,-12.0,0.116
2025-04-01T06:15:09.000,9.15,-9.73,49726.96,0.09,20.42,15135,2.46,-12.0,0.116
2025-04-01T06:16:09.000,9.1,-9.6,50000.0,0.0,20.42,15136,2.65,-11.0,0.116
2025-04-01T06:17:10.000,9.13,-9.6,50000.0,0.0,20.42,15137,2.85,-11.0,0.116
2025-04-01T06:18:10.000,9.06,-9.68,50000.0,0.0,20.42,15138,3.04,-11.0,0.116
2025-04-01T18:14:59.000,19.76,1.37,50000.0,0.0,20.42,15854,3.69,48.0,0.157
2025-04-01T18:15:59.000,19.68,1.42,50000.0,0.0,20.42,15855,3.5,48.0,0.157
2025-04-01T18:16:59.000,19.64,1.46,50000.0,0.0,20.42,15856,3.31,48.0,0.157
2025-04-01T18:17:59.000,19.63,1.47,49729.91,0.09,20.42,15857,3.12,48.0,0.157
2025-04-01T18:18:59.000,19.58,1.39,50000.0,0.0,20.42,15858,2.93,48.0,0.157
2025-04-01T18:19:59.000,19.53,1.36,50000.0,0.0,20.42,15859,2.74,48.0,0.157
2025-04-01T18:20:59.000,19.49,1.39,50000.0,0.0,20.42,15860,2.55,47.0,0.157
2025-04-01T18:21:59.000,19.46,1.37,49450.87,0.18,20.42,15861,2.36,47.0,0.157
2025-04-01T18:22:59.000,19.39,1.36,50000.0,0.0,20.42,15862,2.17,47.0,0.157
2025-04-01T18:23:59.000,19.37,1.39,50000.0,0.0,20.42,15863,1.99,47.0,0.158
2025-04-01T18:24:59.000,19.34,1.37,50000.0,0.0,20.42,15864,1.8,47.0,0.158
2025-04-01T18:38:00.000,18.89,1.39,50000.0,0.0,20.42,15877,-0.67,44.0,0.158
2025-04-01T18:39:00.000,18.88,1.42,50000.0,0.0,20.42,15878,-0.86,44.0,0.158
2025-04-01T18:40:00.000,18.88,1.29,50000.0,0.0,20.42,15879,-1.04,44.0,0.158
2025-04-01T18:41:00.000,18.84,1.28,56969.64,4.49,20.42,15880,-1.23,44.0,0.159
2025-04-01T18:42:00.000,18.84,1.29,58034.7,8.51,20.42,15881,-1.42,44.0,0.159
2025-04-01T18:43:01.000,18.82,1.3,52111.59,8.63,20.42,15882,-1.61,43.0,0.159
2025-04-01T18:44:01.000,18.78,1.29,46505.69,8.75,20.42,15883,-1.8,43.0,0.159
2025-04-01T18:45:01.000,18.72,1.25,41011.26,8.89,20.42,15884,-1.99,43.0,0.159
2025-04-01T18:46:01.000,18.67,1.36,35479.66,9.12,20.42,15885,-2.18,43.0,0.159
2025-04-01T18:47:01.000,18.64,1.41,31547.93,9.17,20.42,15886,-2.37,43.0,0.159
2025-04-01T18:48:02.000,18.62,1.53,28125.22,9.3,20.42,15887,-2.56,42.0,0.159
2025-04-01T18:49:01.000,18.62,1.62,25155.64,9.42,20.42,15888,-2.74,42.0,0.159
2025-04-01T18:50:01.000,18.6,1.71,22213.13,9.55,20.42,15889,-2.93,42.0,0.159
2025-04-01T18:51:01.000,18.58,1.83,19240.72,9.71,20.42,15890,-3.12,42.0,0.159
2025-04-01T18:52:01.000,18.55,1.84,16380.63,9.89,20.42,15891,-3.31,42.0,0.159
2025-04-01T18:53:01.000,18.54,2.04,13776.89,10.07,20.42,15892,-3.49,42.0,0.159
2025-04-01T18:54:01.000,18.52,2.12,11451.35,10.27,20.42,15893,-3.68,41.0,0.159
2025-04-01T18:55:01.000,18.49,2.26,9447.89,10.48,20.42,15894,-3.87,41.0,0.159
2025-04-01T18:56:01.000,18.48,2.5,7698.51,10.71,20.42,15895,-4.06,41.0,0.159
2025-04-01T18:57:01.000,18.47,2.6,6217.48,10.94,20.42,15896,-4.24,41.0,0.16
2025-04-01T18:58:01.000,18.42,2.72,4979.67,11.18,20.42,15897,-4.43,41.0,0.16
2025-04-01T18:59:01.000,18.41,2.94,3961.8,11.43,20.42,15898,-4.62,40.0,0.16
2025-04-01T19:00:02.000,18.42,3.18,3143.46,11.68,20.42,15899,-4.81,40.0,0.16
2025-04-01T19:01:02.000,18.42,3.33,2481.64,11.94,20.42,15900,-4.99,40.0,0.16
2025-04-01T19:02:02.000,18.41,3.45,1953.33,12.2,20.42,15901,-5.18,40.0,0.16
2025-04-01T19:03:02.000,18.38,3.55,1536.27,12.46,20.42,15902,-5.37,40.0,0.16
2025-04-01T19:04:02.000,18.37,3.62,1209.84,12.72,20.42,15903,-5.56,39.0,0.16
2025-04-01T19:05:02.000,18.36,3.73,956.27,12.97,20.42,15904,-5.74,39.0,0.16
2025-04-01T19:06:02.000,18.34,3.71,759.42,13.22,20.42,15905,-5.93,39.0,0.16
2025-04-01T19:07:02.000,18.33,3.77,608.4,13.46,20.42,15906,-6.11,39.0,0.16
2025-04-01T19:08:02.000,18.31,3.75,491.19,13.69,20.42,15907,-6.3,39.0,0.16
2025-04-01T19:09:02.000,18.26,3.82,400.43,13.92,20.42,15908,-6.49,39.0,0.16
2025-04-01T19:10:02.000,18.25,3.87,329.35,14.13,20.42,15909,-6.67,38.0,0.16
2025-04-01T19:11:02.000,18.24,3.89,273.42,14.33,20.42,15910,-6.86,38.0,0.16
2025-04-01T19:12:02.000,18.24,3.92,229.73,14.52,20.42,15911,-7.04,38.0,0.16
2025-04-01T19:13:02.000,18.23,3.88,195.26,14.69,20.42,15912,-7.23,38.0,0.16
