ecsv/stars51/stars51_2025-04.ecsv
# %ECSV 1.0
# ---
# datatype:
# - {name: time, datatype: string}
# - {name: Enclosure Temperature, unit: deg_C, datatype: float64}
# - {name: Sky Temperature, unit: deg_C, datatype: float64}
# - {name: Frequency, unit: Hz, datatype: float64}
# - {name: MSAS, unit: mag / arcsec2, datatype: float64}
# - {name: ZP, datatype: float64}
# - {name: Sequence Number, datatype: int64}
# - {name: Sun Alt, unit: deg, datatype: float64}
# - {name: Moon Alt, unit: deg, datatype: float64}
# - {name: Moon Illumination, datatype: float64}
# delimiter: ','
# meta: !!omap
# - ida:
#     Data supplier: {affiliation: null, observer: Cristobal Garcia}
#     Device type: TESS-W
#     Field of view: 17.0
#     Filters per channel: None
#     Instrument ID: stars51
#     License: ODbL 1.0 http://opendatacommons.org/licenses/odbl/summary/
#     Local timezone: Europe/Madrid
#     Location name: {country: Spain, place: Astrohenares, region: Community of Madrid, sub_region: "\xC1rea metropolitana de Madrid y\
#         \ Corredor del Henares", town: Coslada}
#     Measurement direction per channel: {azimuth: 0.0, zenital: 0.0}
#     Moving / Fixed look direction: FIXED
#     Moving / Stationary position: STATIONARY
#     Number of channels: 1
#     Number of fields per line: 8
#     Number of header lines: 35
#     Position: {height: 0.0, latitude: 40.4180168, longitude: -3.5530164}
#     TESS MAC address: 18:FE:34:CF:EA:1D
#     TESS cover offset value: 0.0
#     TESS firmware version: '1.0'
#     TESS zero point: 20.42
#     Time Synchronization: timestamp added by MQTT subscriber
#     URL: http://www.darksky.org/NSBM/sdf1.0.pdf
# - __serialized_columns__:
#     Enclosure Temperature:
#       __class__: astropy.units.quantity.Quantity
#       unit: &id001 !astropy.units.Unit {unit: deg_C}
#       value: !astropy.table.SerializedColumn {name: Enclosure Temperature}
#     Frequency:
#       __class__: astropy.units.quantity.Quantity
#       unit: !astropy.units.Unit {unit: Hz}
#       value: !astropy.table.SerializedColumn {name: Frequency}
#     MSAS:
#       __class__: astropy.units.quantity.Quantity
#       unit: !astropy.units.Unit {unit: mag / arcsec2}
#       value: !astropy.table.SerializedColumn {name: MSAS}
#     Moon Alt:
#       __class__: astropy.units.quantity.Quantity
#       unit: &id002 !astropy.units.Unit {unit: deg}
#       value: !astropy.table.SerializedColumn {name: Moon Alt}
#     Sky Temperature:
#       __class__: astropy.units.quantity.Quantity
#       unit: *id001
#       value: !astropy.table.SerializedColumn {name: Sky Temperature}
#     Sun Alt:
#       __class__: astropy.units.quantity.Quantity
#       unit: *id002
#       value: !astropy.table.SerializedColumn {name: Sun Alt}
#     time:
#       __class__: astropy.time.core.Time
#       format: isot
#       in_subfmt: '*'
#       out_subfmt: '*'
#       precision: 3
#       scale: utc
#       value: !astropy.table.SerializedColumn {name: time}
# schema: astropy-2.0
time,Enclosure Temperature,Sky Temperature,Frequency,MSAS,ZP,Sequence Number,Sun Alt,Moon Alt,Moon Illumination
[from data line 3317]
2025-04-05T21:49:26.000,13.44,-4.03,22.22,17.05,20.42,21820,-32.21,54.0,0.588
2025-04-05T21:50:26.000,13.45,-3.78,21.56,17.09,20.42,21821,-32.35,54.0,0.588
2025-04-05T21:51:27.000,13.46,-3.33,23.41,17.0,20.42,21822,-32.48,53.0,0.588
2025-04-05T21:52:27.000,13.48,-2.81,25.79,16.89,20.42,21823,-32.61,53.0,0.588
2025-04-05T21:53:27.000,13.45,-2.46,27.45,16.82,20.42,21824,-32.75,53.0,0.588
2025-04-05T21:54:27.000,13.39,-2.02,29.05,16.76,20.42,21825,-32.88,53.0,0.588
2025-04-05T21:55:27.000,13.34,-1.75,28.41,16.79,20.42,21826,-33.01,53.0,0.588
2025-04-05T21:56:27.000,13.33,-1.28,28.75,16.77,20.42,21827,-33.14,53.0,0.588
2025-04-05T21:57:27.000,13.35,-0.95,30.03,16.73,20.42,21828,-33.27,52.0,0.588
2025-04-05T21:58:27.000,13.38,-0.56,32.94,16.63,20.42,21829,-33.39,52.0,0.588
2025-04-05T21:59:27.000,13.38,-0.23,38.01,16.47,20.42,21830,-33.52,52.0,0.588
2025-04-05T22:00:27.000,13.37,0.33,44.52,16.3,20.42,21831,-33.65,52.0,0.588
2025-04-05T22:01:27.000,13.38,0.79,46.67,16.25,20.42,21832,-33.78,52.0,0.589
2025-04-05T22:02:27.000,13.37,1.11,47.11,16.24,20.42,21833,-33.9,51.0,0.589
2025-04-05T22:03:27.000,13.37,1.21,45.92,16.27,20.42,21834,-34.03,51.0,0.589
2025-04-05T22:04:27.000,13.34,1.08,46.28,16.26,20.42,21835,-34.15,51.0,0.589
2025-04-05T22:05:27.000,13.27,0.79,46.7,16.25,20.42,21836,-34.28,51.0,0.589
2025-04-05T22:06:28.000,13.22,0.58,45.39,16.28,20.42,21837,-34.4,51.0,0.589
2025-04-05T22:07:28.000,13.24,0.21,43.72,16.32,20.42,21838,-34.53,51.0,0.589
2025-04-05T22:08:28.000,13.29,-0.12,38.15,16.47,20.42,21839,-34.65,50.0,0.589
2025-04-05T22:09:28.000,13.34,-0.57,31.9,16.66,20.42,21840,-34.77,50.0,0.589
2025-04-05T22:10:28.000,13.33,-0.95,26.74,16.85,20.42,21841,-34.89,50.0,0.589
2025-04-05T22:11:28.000,13.34,-1.03,24.66,16.94,20.42,21842,-35.01,50.0,0.589
2025-04-05T22:12:28.000,13.36,-1.17,24.29,16.96,20.42,21843,-35.13,50.0,0.589
2025-04-05T22:13:28.000,13.4,-1.13,24.13,16.96,20.42,21844,-35.25,49.0,0.589
2025-04-05T22:14:28.000,13.46,-1.11,23.6,16.99,20.42,21845,-35.37,49.0,0.589
2025-04-05T22:15:28.000,13.49,-0.95,24.25,16.96,20.42,21846,-35.48,49.0,0.59
2025-04-05T22:16:28.000,13.5,-0.73,26.18,16.88,20.42,21847,-35.6,49.0,0.59
2025-04-05T22:17:28.000,13.52,-0.27,29.67,16.74,20.42,21848,-35.72,49.0,0.59
2025-04-05T22:18:28.000,13.61,0.23,35.43,16.55,20.42,21849,-35.83,48.0,0.59
2025-04-05T22:19:28.000,13.67,0.83,39.81,16.42,20.42,21850,-35.95,48.0,0.59
2025-04-05T22:20:28.000,13.77,1.36,42.75,16.35,20.42,21851,-36.06,48.0,0.59
2025-04-05T22:21:28.000,13.82,1.62,45.13,16.29,20.42,21852,-36.17,48.0,0.59
2025-04-05T22:22:29.000,13.86,1.79,45.62,16.27,20.42,21853,-36.29,48.0,0.59
2025-04-05T22:23:29.000,13.86,1.81,45.66,16.27,20.42,21854,-36.4,48.0,0.59
2025-04-05T22:24:29.000,13.93,1.9,45.25,16.28,20.42,21855,-36.51,47.0,0.59
2025-04-05T22:25:29.000,13.97,1.95,44.32,16.31,20.42,21856,-36.62,47.0,0.59
2025-04-05T22:26:29.000,14.04,1.97,43.12,16.34,20.42,21857,-36.73,47.0,0.59
2025-04-05T22:27:29.000,14.09,2.07,44.24,16.31,20.42,21858,-36.84,47.0,0.59
2025-04-05T22:28:29.000,14.13,2.22,45.58,16.27,20.42,21859,-36.95,47.0,0.59
2025-04-05T22:29:29.000,14.19,2.33,46.98,16.24,20.42,21860,-37.05,46.0,0.591
2025-04-05T22:30:29.000,14.22,2.42,48.98,16.2,20.42,21861,-37.16,46.0,0.591
2025-04-05T22:31:29.000,14.23,2.41,49.14,16.19,20.42,21862,-37.26,46.0,0.591
2025-04-05T22:32:29.000,14.23,2.31,48.59,16.2,20.42,21863,-37.37,46.0,0.591
2025-04-05T22:33:29.000,14.24,2.29,46.56,16.25,20.42,21864,-37.47,46.0,0.591
2025-04-05T22:34:29.000,14.25,1.95,45.44,16.28,20.42,21865,-37.58,46.0,0.591
2025-04-05T22:35:29.000,14.15,1.68,44.74,16.3,20.42,21866,-37.68,45.0,0.591
2025-04-05T22:36:29.000,14.13,1.71,44.27,16.31,20.42,21867,-37.78,45.0,0.591
2025-04-05T22:37:29.000,14.11,1.62,44.5,16.3,20.42,21868,-37.88,45.0,0.591
2025-04-05T22:38:29.000,14.09,1.74,43.68,16.32,20.42,21869,-37.98,45.0,0.591
2025-04-05T22:39:30.000,14.08,1.59,43.07,16.34,20.42,21870,-38.08,45.0,0.591
2025-04-05T22:40:30.000,14.01,1.64,42.15,16.36,20.42,21871,-38.18,44.0,0.591
2025-04-05T22:41:30.000,13.99,1.66,41.11,16.39,20.42,21872,-38.28,44.0,0.591
2025-04-05T22:42:30.000,13.99,1.61,39.72,16.42,20.42,21873,-38.37,44.0,0.591
2025-04-05T22:43:30.000,13.98,1.63,39.47,16.43,20.42,21874,-38.47,44.0,0.592
2025-04-05T22:44:30.000,13.97,1.66,41.13,16.39,20.42,21875,-38.56,44.0,0.592
2025-04-05T22:45:30.000,13.94,1.73,44.29,16.31,20.42,21876,-38.66,43.0,0.592
2025-04-05T22:46:30.000,13.91,1.93,47.7,16.22,20.42,21877,-38.75,43.0,0.592
2025-04-05T22:47:30.000,13.91,2.09,49.4,16.19,20.42,21878,-38.84,43.0,0.592
2025-04-05T22:48:30.000,13.87,2.21,50.89,16.15,20.42,21879,-38.93,43.0,0.592
2025-04-05T22:49:30.000,13.84,2.32,51.16,16.15,20.42,21880,-39.03,43.0,0.592
2025-04-05T22:50:30.000,13.8,2.31,52.15,16.13,20.42,21881,-39.11,43.0,0.592
2025-04-05T22:51:30.000,13.77,2.56,52.96,16.11,20.42,21882,-39.2,42.0,0.592
2025-04-05T22:52:30.000,13.79,2.8,54.97,16.07,20.42,21883,-39.29,42.0,0.592
2025-04-05T22:53:30.000,13.8,2.91,57.68,16.02,20.42,21884,-39.38,42.0,0.592
2025-04-05T22:54:31.000,13.78,2.93,59.43,15.99,20.42,21885,-39.47,42.0,0.592
2025-04-05T22:55:31.000,13.71,3.19,59.0,15.99,20.42,21886,-39.55,42.0,0.592
2025-04-05T22:56:31.000,13.68,3.24,58.64,16.0,20.42,21887,-39.64,41.0,0.592
2025-04-05T22:57:31.000,13.71,3.6,58.86,16.0,20.42,21888,-39.72,41.0,0.593
2025-04-05T22:58:31.000,13.78,3.56,60.21,15.97,20.42,21889,-39.8,41.0,0.593
2025-04-05T22:59:31.000,13.76,3.53,62.11,15.94,20.42,21890,-39.88,41.0,0.593
2025-04-05T23:00:31.000,13.77,3.55,64.48,15.9,20.42,21891,-39.96,41.0,0.593
2025-04-05T23:01:31.000,13.79,3.52,66.0,15.87,20.42,21892,-40.04,40.0,0.593
2025-04-05T23:02:31.000,13.79,3.42,64.36,15.9,20.42,21893,-40.12,40.0,0.593
2025-04-05T23:03:31.000,13.8,3.31,61.2,15.95,20.42,21894,-40.2,40.0,0.593
2025-04-05T23:04:31.000,13.81,3.12,58.41,16.0,20.42,21895,-40.28,40.0,0.593
2025-04-05T23:05:31.000,13.81,2.98,55.5,16.06,20.42,21896,-40.35,40.0,0.593
2025-04-05T23:06:31.000,13.87,2.98,52.02,16.13,20.42,21897,-40.43,40.0,0.593
2025-04-05T23:07:31.000,13.94,2.78,50.02,16.17,20.42,21898,-40.5,39.0,0.593
2025-04-05T23:08:31.000,13.97,2.53,49.27,16.19,20.42,21899,-40.58,39.0,0.593
2025-04-05T23:09:31.000,13.96,2.32,49.09,16.19,20.42,21900,-40.65,39.0,0.593
2025-04-05T23:10:32.000,13.9,2.16,48.46,16.21,20.42,21901,-40.72,39.0,0.593
2025-04-05T23:11:32.000,13.86,2.03,47.04,16.24,20.42,21902,-40.79,39.0,0.594
2025-04-05T23:12:32.000,13.83,1.95,46.24,16.26,20.42,21903,-40.86,38.0,0.594
2025-04-05T23:13:32.000,13.83,1.83,45.6,16.27,20.42,21904,-40.93,38.0,0.594
2025-04-05T23:14:32.000,13.85,1.71,45.53,16.28,20.42,21905,-41.0,38.0,0.594
2025-04-05T23:15:32.000,13.88,1.64,44.31,16.31,20.42,21906,-41.06,38.0,0.594
2025-04-05T23:16:32.000,13.84,1.4,41.2,16.39,20.42,21907,-41.13,38.0,0.594
2025-04-05T23:17:32.000,13.82,1.21,37.87,16.48,20.42,21908,-41.19,37.0,0.594
2025-04-05T23:18:32.000,13.81,1.14,34.88,16.57,20.42,21909,-41.26,37.0,0.594
2025-04-05T23:19:32.000,13.79,1.03,32.92,16.63,20.42,21910,-41.32,37.0,0.594
2025-04-05T23:20:32.000,13.78,0.91,31.04,16.69,20.42,21911,-41.38,37.0,0.594
2025-04-05T23:21:32.000,13.76,0.9,30.05,16.73,20.42,21912,-41.44,37.0,0.594
2025-04-05T23:22:32.000,13.77,1.04,30.08,16.73,20.42,21913,-41.5,37.0,0.594
2025-04-05T23:23:32.000,13.81,1.08,31.01,16.69,20.42,21914,-41.56,36.0,0.594
2025-04-05T23:24:32.000,13.81,1.07,32.49,16.64,20.42,21915,-41.62,36.0,0.594
2025-04-05T23:25:32.000,13.77,1.04,34.05,16.59,20.42,21916,-41.67,36.0,0.595
2025-04-05T23:26:32.000,13.72,1.07,34.26,16.58,20.42,21917,-41.73,36.0,0.595
2025-04-05T23:27:33.000,13.66,1.13,34.47,16.58,20.42,21918,-41.78,36.0,0.595
2025-04-05T23:28:33.000,13.64,0.9,34.5,16.58,20.42,21919,-41.84,35.0,0.595
2025-04-05T23:29:33.000,13.6,0.78,35.25,16.55,20.42,21920,-41.89,35.0,0.595
2025-04-05T23:30:33.000,13.53,0.52,37.34,16.49,20.42,21921,-41.94,35.0,0.595
2025-04-05T23:31:33.000,13.49,0.47,38.8,16.45,20.42,21922,-41.99,35.0,0.595
2025-04-05T23:32:33.000,13.48,0.39,38.81,16.45,20.42,21923,-42.04,35.0,0.595
2025-04-05T23:33:33.000,13.45,0.34,37.3,16.49,20.42,21924,-42.09,35.0,0.595
2025-04-05T23:34:33.000,13.47,0.32,35.25,16.55,20.42,21925,-42.13,34.0,0.595
2025-04-05T23:35:33.000,13.48,0.23,32.48,16.64,20.42,21926,-42.18,34.0,0.595
2025-04-05T23:36:33.000,13.47,0.13,31.74,16.67,20.42,21927,-42.22,34.0,0.595
2025-04-05T23:37:33.000,13.47,0.09,30.86,16.7,20.42,21928,-42.27,34.0,0.595
2025-04-05T23:38:33.000,13.5,-0.16,28.28,16.79,20.42,21929,-42.31,34.0,0.595
2025-04-05T23:39:33.000,13.47,-0.67,26.0,16.88,20.42,21930,-42.35,33.0,0.596
2025-04-05T23:40:33.000,13.45,-1.1,24.3,16.96,20.42,21931,-42.39,33.0,0.596
2025-04-05T23:41:33.000,13.46,-1.56,23.52,16.99,20.42,21932,-42.43,33.0,0.596
2025-04-05T23:42:34.000,13.45,-2.21,22.41,17.04,20.42,21933,-42.47,33.0,0.596
2025-04-05T23:43:34.000,13.43,-2.86,20.87,17.12,20.42,21934,-42.51,33.0,0.596
2025-04-05T23:44:34.000,13.4,-3.41,19.0,17.23,20.42,21935,-42.54,32.0,0.596
2025-04-05T23:45:34.000,13.37,-4.14,17.52,17.31,20.42,21936,-42.58,32.0,0.596
2025-04-05T23:46:34.000,13.28,-4.81,16.21,17.4,20.42,21937,-42.61,32.0,0.596
2025-04-05T23:47:34.000,13.17,-5.12,15.45,17.45,20.42,21938,-42.65,32.0,0.596
2025-04-05T23:48:34.000,13.13,-5.46,15.04,17.48,20.42,21939,-42.68,32.0,0.596
2025-04-05T23:49:34.000,13.04,-5.82,14.61,17.51,20.42,21940,-42.71,32.0,0.596
2025-04-05T23:50:34.000,13.0,-5.92,13.84,17.57,20.42,21941,-42.74,31.0,0.596
2025-04-05T23:51:34.000,12.96,-6.04,13.05,17.63,20.42,21942,-42.77,31.0,0.596
2025-04-05T23:52:34.000,12.87,-6.23,13.15,17.62,20.42,21943,-42.79,31.0,0.596
2025-04-05T23:53:34.000,12.84,-5.98,14.12,17.55,20.42,21944,-42.82,31.0,0.597
2025-04-05T23:54:34.000,12.81,-5.92,14.32,17.53,20.42,21945,-42.84,31.0,0.597
2025-04-05T23:55:34.000,12.8,-5.79,13.25,17.62,20.42,21946,-42.87,30.0,0.597
2025-04-05T23:56:34.000,12.8,-5.74,12.39,17.69,20.42,21947,-42.89,30.0,0.597
2025-04-05T23:57:34.000,12.79,-5.74,12.89,17.64,20.42,21948,-42.91,30.0,0.597
2025-04-05T23:58:35.000,12.75,-5.57,14.42,17.52,20.42,21949,-42.93,30.0,0.597
2025-04-05T23:59:35.000,12.76,-5.28,15.33,17.46,20.42,21950,-42.95,30.0,0.597
2025-04-06T00:00:35.000,12.73,-5.02,15.39,17.45,20.42,21951,-42.97,29.0,0.597
2025-04-06T00:01:35.000,12.68,-4.69,15.22,17.47,20.42,21952,-42.99,29.0,0.597
2025-04-06T00:02:35.000,12.64,-4.05,15.84,17.42,20.42,21953,-43.01,29.0,0.597
2025-04-06T00:03:35.000,12.65,-3.33,17.67,17.31,20.42,21954,-43.02,29.0,0.597
2025-04-06T00:04:35.000,12.68,-2.77,20.53,17.14,20.42,21955,-43.03,29.0,0.597
2025-04-06T00:05:35.000,12.73,-2.5,25.8,16.89,20.42,21956,-43.05,29.0,0.597
2025-04-06T00:06:35.000,12.7,-2.37,31.39,16.68,20.42,21957,-43.06,28.0,0.597
2025-04-06T00:07:35.000,12.71,-2.05,33.51,16.61,20.42,21958,-43.07,28.0,0.598
2025-04-06T00:08:35.000,12.73,-2.0,32.65,16.64,20.42,21959,-43.08,28.0,0.598
2025-04-06T00:09:35.000,12.74,-2.06,29.98,16.73,20.42,21960,-43.09,28.0,0.598
2025-04-06T00:10:35.000,12.73,-2.12,27.6,16.82,20.42,21961,-43.09,28.0,0.598
2025-04-06T00:11:35.000,12.69,-2.18,26.78,16.85,20.42,21962,-43.1,27.0,0.598
2025-04-06T00:12:35.000,12.67,-1.98,26.33,16.87,20.42,21963,-43.11,27.0,0.598
2025-04-06T00:13:35.000,12.62,-1.75,25.69,16.9,20.42,21964,-43.11,27.0,0.598
2025-04-06T00:14:36.000,12.6,-1.38,25.2,16.92,20.42,21965,-43.11,27.0,0.598
2025-04-06T00:15:36.000,12.57,-1.01,26.19,16.87,20.42,21966,-43.11,27.0,0.598
2025-04-06T00:16:36.000,12.57,-0.45,29.67,16.74,20.42,21967,-43.11,27.0,0.598
2025-04-06T00:17:36.000,12.53,-0.31,35.29,16.55,20.42,21968,-43.11,26.0,0.598
2025-04-06T00:18:36.000,12.43,-0.05,40.12,16.41,20.42,21969,-43.11,26.0,0.598
2025-04-06T00:19:36.000,12.37,0.13,41.38,16.38,20.42,21970,-43.11,26.0,0.598
2025-04-06T00:20:36.000,12.36,-0.03,40.56,16.4,20.42,21971,-43.1,26.0,0.598
2025-04-06T00:21:36.000,12.35,-0.18,37.24,16.49,20.42,21972,-43.1,26.0,0.599
2025-04-06T00:22:36.000,12.37,-0.5,34.03,16.59,20.42,21973,-43.09,25.0,0.599
2025-04-06T00:23:36.000,12.38,-0.96,34.09,16.59,20.42,21974,-43.09,25.0,0.599
2025-04-06T00:24:36.000,12.39,-1.49,36.07,16.53,20.42,21975,-43.08,25.0,0.599
2025-04-06T00:25:37.000,12.4,-1.99,35.47,16.55,20.42,21976,-43.07,25.0,0.599
2025-04-06T00:26:37.000,12.39,-2.61,30.18,16.72,20.42,21977,-43.06,25.0,0.599
2025-04-06T00:27:37.000,12.38,-3.03,24.25,16.96,20.42,21978,-43.04,25.0,0.599
2025-04-06T00:28:37.000,12.39,-3.56,20.84,17.12,20.42,21979,-43.03,24.0,0.599
2025-04-06T00:29:37.000,12.38,-4.02,19.54,17.19,20.42,21980,-43.02,24.0,0.599
2025-04-06T00:30:37.000,12.35,-4.47,18.77,17.24,20.42,21981,-43.0,24.0,0.599
2025-04-06T00:31:37.000,12.3,-4.76,18.16,17.27,20.42,21982,-42.98,24.0,0.599
2025-04-06T00:32:37.000,12.24,-5.01,16.3,17.39,20.42,21983,-42.97,24.0,0.599
2025-04-06T00:33:37.000,12.2,-5.28,14.97,17.48,20.42,21984,-42.95,23.0,0.599
2025-04-06T00:34:37.000,12.18,-5.57,13.91,17.56,20.42,21985,-42.93,23.0,0.599
2025-04-06T00:35:37.000,12.13,-5.91,13.02,17.63,20.42,21986,-42.91,23.0,0.6
2025-04-06T00:36:37.000,12.05,-6.47,12.27,17.7,20.42,21987,-42.88,23.0,0.6
2025-04-06T00:37:37.000,11.96,-6.64,11.72,17.75,20.42,21988,-42.86,23.0,0.6
2025-04-06T00:38:37.000,11.88,-6.88,11.49,17.77,20.42,21989,-42.84,23.0,0.6
2025-04-06T00:39:37.000,11.85,-6.91,11.34,17.78,20.42,21990,-42.81,22.0,0.6
2025-04-06T00:40:37.000,11.81,-6.99,11.52,17.77,20.42,21991,-42.78,22.0,0.6
2025-04-06T00:41:37.000,11.77,-6.89,11.72,17.75,20.42,21992,-42.76,22.0,0.6
2025-04-06T00:42:37.000,11.74,-6.81,12.81,17.65,20.42,21993,-42.73,22.0,0.6
2025-04-06T00:43:38.000,11.72,-6.51,13.3,17.61,20.42,21994,-42.7,22.0,0.6
2025-04-06T00:44:38.000,11.7,-6.4,13.24,17.62,20.42,21995,-42.67,21.0,0.6
2025-04-06T00:45:38.000,11.65,-6.29,13.34,17.61,20.42,21996,-42.63,21.0,0.6
2025-04-06T00:46:38.000,11.63,-6.22,13.27,17.61,20.42,21997,-42.6,21.0,0.6
2025-04-06T00:47:38.000,11.62,-6.28,12.98,17.64,20.42,21998,-42.57,21.0,0.6
2025-04-06T00:48:38.000,11.62,-6.4,12.74,17.66,20.42,21999,-42.53,21.0,0.6
2025-04-06T00:49:38.000,11.63,-6.48,12.47,17.68,20.42,22000,-42.5,21.0,0.601
2025-04-06T00:50:38.000,11.6,-6.66,12.6,17.67,20.42,22001,-42.46,20.0,0.601
2025-04-06T00:51:38.000,11.55,-6.66,13.0,17.64,20.42,22002,-42.42,20.0,0.601
2025-04-06T00:52:38.000,11.51,-6.65,13.62,17.59,20.42,22003,-42.38,20.0,0.601
2025-04-06T00:53:38.000,11.48,-6.48,14.23,17.54,20.42,22004,-42.34,20.0,0.601
2025-04-06T00:54:38.000,11.43,-6.4,15.1,17.47,20.42,22005,-42.3,20.0,0.601
2025-04-06T00:55:38.000,11.4,-6.05,14.87,17.49,20.42,22006,-42.25,19.0,0.601
2025-04-06T00:56:38.000,11.38,-5.89,15.39,17.45,20.42,22007,-42.21,19.0,0.601
2025-04-06T00:57:38.000,11.3,-5.69,16.69,17.37,20.42,22008,-42.16,19.0,0.601
2025-04-06T00:58:39.000,11.27,-5.33,18.42,17.26,20.42,22009,-42.12,19.0,0.601
2025-04-06T00:59:39.000,11.25,-5.1,19.41,17.2,20.42,22010,-42.07,19.0,0.601
2025-04-06T01:00:39.000,11.21,-4.91,20.7,17.13,20.42,22011,-42.02,19.0,0.601
2025-04-06T01:01:39.000,11.15,-4.66,21.49,17.09,20.42,22012,-41.97,18.0,0.601
2025-04-06T01:02:39.000,11.11,-4.41,22.36,17.05,20.42,22013,-41.92,18.0,0.601
2025-04-06T01:03:39.000,11.08,-4.13,23.85,16.98,20.42,22014,-41.87,18.0,0.602
2025-04-06T01:04:39.000,11.08,-3.92,25.45,16.91,20.42,22015,-41.82,18.0,0.602
2025-04-06T01:05:39.000,11.08,-3.67,25.14,16.92,20.42,22016,-41.76,18.0,0.602
2025-04-06T01:06:39.000,11.11,-3.48,23.84,16.98,20.42,22017,-41.71,18.0,0.602
2025-04-06T01:07:39.000,11.13,-3.53,22.97,17.02,20.42,22018,-41.65,17.0,0.602
2025-04-06T01:08:39.000,11.12,-3.73,22.01,17.06,20.42,22019,-41.6,17.0,0.602
2025-04-06T01:09:39.000,11.1,-3.82,20.67,17.13,20.42,22020,-41.54,17.0,0.602
2025-04-06T01:10:39.000,11.08,-3.94,19.72,17.18,20.42,22021,-41.48,17.0,0.602
2025-04-06T01:11:39.000,11.07,-3.96,20.19,17.16,20.42,22022,-41.42,17.0,0.602
2025-04-06T01:12:39.000,11.04,-3.75,22.29,17.05,20.42,22023,-41.36,16.0,0.602
2025-04-06T01:13:39.000,11.04,-3.39,25.53,16.9,20.42,22024,-41.3,16.0,0.602
2025-04-06T01:14:40.000,11.04,-2.91,28.7,16.78,20.42,22025,-41.24,16.0,0.602
2025-04-06T01:15:40.000,11.06,-2.5,30.39,16.71,20.42,22026,-41.17,16.0,0.602
